,Car_type,Fuel_type,Drive,Fuel_consumtion,vehicle_brand,Transmission,cylinder,cubic_capacity
0,Two Seaters,Regular,Rear-Wheel Drive,15.6957142857143,Alfa Romeo,Manual 5-spd,4.0,2.0
1,Two Seaters,Regular,Rear-Wheel Drive,29.9645454545455,Ferrari,Manual 5-spd,12.0,4.9
2,Subcompact Cars,Regular,Front-Wheel Drive,12.2077777777778,Dodge,Manual 5-spd,4.0,2.2
3,Vans,Regular,Rear-Wheel Drive,29.9645454545455,Dodge,Automatic 3-spd,8.0,5.2
4,Compact Cars,Premium,4-Wheel or All-Wheel Drive,17.3478947368421,Subaru,Manual 5-spd,4.0,2.2
5,Compact Cars,Regular,Front-Wheel Drive,14.9822727272727,Subaru,Automatic 3-spd,4.0,1.8
6,Compact Cars,Regular,Front-Wheel Drive,13.1844,Subaru,Manual 5-spd,4.0,1.8
7,Compact Cars,Regular,Front-Wheel Drive,13.73375,Toyota,Automatic 3-spd,4.0,1.6
8,Compact Cars,Regular,Front-Wheel Drive,12.6773076923077,Toyota,Manual 5-spd,4.0,1.6
9,Compact Cars,Regular,Front-Wheel Drive,13.1844,Toyota,Automatic 4-spd,4.0,1.8
10,Compact Cars,Regular,Front-Wheel Drive,12.6773076923077,Toyota,Manual 5-spd,4.0,1.8
11,Compact Cars,Regular,Front-Wheel Drive,15.6957142857143,Volkswagen,Automatic 4-spd,4.0,2.0
12,Compact Cars,Regular,Front-Wheel Drive,13.73375,Volkswagen,Manual 5-spd,4.0,2.0
13,Compact Cars,Regular,Front-Wheel Drive,15.6957142857143,Volkswagen,Automatic 4-spd,4.0,2.0
14,Vans,Regular,Rear-Wheel Drive,25.3546153846154,Dodge,Automatic 3-spd,8.0,5.2
15,Compact Cars,Regular,Front-Wheel Drive,14.3308695652174,Volkswagen,Manual 5-spd,4.0,2.0
16,Compact Cars,Regular,Rear-Wheel Drive,16.4805,Volvo,Automatic 4-spd,4.0,2.3
17,Compact Cars,Regular,Rear-Wheel Drive,15.6957142857143,Volvo,Manual 5-spd,4.0,2.3
18,Midsize Cars,Premium,Front-Wheel Drive,17.3478947368421,Audi,Automatic 4-spd,6.0,2.8
19,Midsize Cars,Premium,Front-Wheel Drive,17.3478947368421,Audi,Manual 5-spd,6.0,2.8
20,Midsize Cars,Premium,Rear-Wheel Drive,20.600625,BMW,Automatic 5-spd,8.0,4.0
21,Midsize Cars,Premium,Rear-Wheel Drive,20.600625,BMW,Automatic 5-spd,8.0,4.0
22,Midsize Cars,Regular,Rear-Wheel Drive,25.3546153846154,BMW,Automatic 4-spd,12.0,5.0
23,Midsize Cars,Regular,Front-Wheel Drive,14.3308695652174,Buick,Automatic 3-spd,4.0,2.2
24,Midsize Cars,Regular,Front-Wheel Drive,17.3478947368421,Buick,Automatic 3-spd,6.0,3.3
25,Vans,Regular,Rear-Wheel Drive,25.3546153846154,Dodge,Manual 4-spd,8.0,5.2
26,Midsize Cars,Regular,Front-Wheel Drive,15.6957142857143,Buick,Automatic 4-spd,6.0,3.3
27,Midsize Cars,Regular,Front-Wheel Drive,16.4805,Buick,Automatic 3-spd,6.0,3.1
28,Midsize Cars,Regular,Front-Wheel Drive,16.4805,Buick,Automatic 4-spd,6.0,3.1
29,Midsize Cars,Regular,Front-Wheel Drive,16.4805,Buick,Automatic 4-spd,6.0,3.8
30,Midsize Cars,Regular,Front-Wheel Drive,16.4805,Buick,Automatic 4-spd,6.0,3.8
31,Midsize Cars,Premium,Front-Wheel Drive,18.3116666666667,Cadillac,Automatic 4-spd,8.0,4.6
32,Midsize Cars,Premium,Front-Wheel Drive,19.3888235294118,Cadillac,Automatic 4-spd,8.0,4.9
33,Midsize Cars,Premium,Front-Wheel Drive,18.3116666666667,Cadillac,Automatic 4-spd,8.0,4.6
34,Midsize Cars,Premium,Front-Wheel Drive,19.3888235294118,Cadillac,Automatic 4-spd,8.0,4.9
35,Midsize Cars,Regular,Front-Wheel Drive,15.6957142857143,Chevrolet,Automatic 3-spd,4.0,2.2
36,Vans,Regular,Rear-Wheel Drive,25.3546153846154,Dodge,Manual 4-spd,8.0,5.2
37,Midsize Cars,Regular,Front-Wheel Drive,16.4805,Chevrolet,Automatic 3-spd,6.0,3.1
38,Midsize Cars,Regular,Front-Wheel Drive,16.4805,Chevrolet,Automatic 4-spd,6.0,3.1
39,Midsize Cars,Regular,Front-Wheel Drive,18.3116666666667,Chevrolet,Automatic 4-spd,6.0,3.4
40,Midsize Cars,Regular,Front-Wheel Drive,18.3116666666667,Chevrolet,Manual 5-spd,6.0,3.4
41,Midsize Cars,Regular,Front-Wheel Drive,16.4805,Chrysler,Automatic 4-spd,6.0,3.3
42,Midsize Cars,Premium,Front-Wheel Drive,21.974,CX Automotive,Manual 5-spd,6.0,3.0
43,Midsize Cars,Premium,Front-Wheel Drive,21.974,CX Automotive,Automatic 4-spd,6.0,3.0
44,Midsize Cars,Premium,Front-Wheel Drive,17.3478947368421,Nissan,Automatic 4-spd,6.0,3.0
45,Midsize Cars,Premium,Front-Wheel Drive,17.3478947368421,Nissan,Automatic 4-spd,6.0,3.0
46,Midsize Cars,Premium,Front-Wheel Drive,16.4805,Nissan,Manual 5-spd,6.0,3.0
47,Vans,Regular,Rear-Wheel Drive,32.961,Dodge,Automatic 3-spd,8.0,5.9
48,Midsize Cars,Regular,Front-Wheel Drive,15.6957142857143,Dodge,Automatic 3-spd,4.0,2.5
49,Midsize Cars,Regular,Front-Wheel Drive,15.6957142857143,Dodge,Automatic 4-spd,6.0,3.0
50,Midsize Cars,Regular,Front-Wheel Drive,16.4805,Dodge,Automatic 4-spd,6.0,3.3
51,Midsize Cars,Regular,Front-Wheel Drive,15.6957142857143,Dodge,Automatic 3-spd,4.0,2.5
52,Midsize Cars,Regular,Front-Wheel Drive,14.3308695652174,Dodge,Automatic 3-spd,4.0,2.5
53,Midsize Cars,Regular,Front-Wheel Drive,13.1844,Dodge,Manual 5-spd,4.0,2.5
54,Midsize Cars,Regular,Front-Wheel Drive,16.4805,Dodge,Automatic 3-spd,6.0,3.0
55,Midsize Cars,Regular,Front-Wheel Drive,15.6957142857143,Dodge,Automatic 4-spd,6.0,3.0
56,Midsize Cars,Regular,Front-Wheel Drive,15.6957142857143,Ford,Automatic 4-spd,6.0,3.0
57,Midsize Cars,Premium,Front-Wheel Drive,17.3478947368421,Ford,Manual 5-spd,6.0,3.0
58,Vans,Regular,Rear-Wheel Drive,32.961,Dodge,Automatic 3-spd,8.0,5.2
59,Midsize Cars,Regular,Front-Wheel Drive,16.4805,Ford,Automatic 4-spd,6.0,3.8
60,Midsize Cars,Regular,Rear-Wheel Drive,16.4805,Ford,Automatic 4-spd,6.0,3.8
61,Midsize Cars,Premium,Rear-Wheel Drive,19.3888235294118,Ford,Automatic 4-spd,6.0,3.8
62,Midsize Cars,Premium,Rear-Wheel Drive,18.3116666666667,Ford,Manual 5-spd,6.0,3.8
63,Midsize Cars,Regular,Rear-Wheel Drive,18.3116666666667,Ford,Automatic 4-spd,8.0,5.0
64,Midsize Cars,Regular,Front-Wheel Drive,16.4805,Hyundai,Automatic 4-spd,4.0,2.0
65,Midsize Cars,Regular,Front-Wheel Drive,16.4805,Hyundai,Manual 5-spd,4.0,2.0
66,Midsize Cars,Regular,Front-Wheel Drive,18.3116666666667,Hyundai,Automatic 4-spd,6.0,3.0
67,Midsize Cars,Premium,Rear-Wheel Drive,19.3888235294118,Infiniti,Automatic 4-spd,8.0,4.5
68,Midsize Cars,Premium,Rear-Wheel Drive,21.974,Infiniti,Automatic 4-spd,8.0,4.5
69,Vans,Regular,Rear-Wheel Drive,32.961,Dodge,Automatic 3-spd,8.0,5.2
70,Midsize Cars,Premium,Rear-Wheel Drive,18.3116666666667,Lexus,Automatic 4-spd,8.0,4.0
71,Midsize Cars,Regular,Rear-Wheel Drive,17.3478947368421,Mercury,Automatic 4-spd,6.0,3.8
72,Midsize Cars,Regular,Rear-Wheel Drive,18.3116666666667,Mercury,Automatic 4-spd,8.0,5.0
73,Midsize Cars,Regular,Front-Wheel Drive,15.6957142857143,Mercury,Automatic 4-spd,6.0,3.0
74,Midsize Cars,Regular,Front-Wheel Drive,16.4805,Mercury,Automatic 4-spd,6.0,3.8
75,Midsize Cars,Regular,Front-Wheel Drive,14.3308695652174,Mazda,Automatic 4-spd,4.0,2.0
76,Midsize Cars,Regular,Front-Wheel Drive,12.6773076923077,Mazda,Manual 5-spd,4.0,2.0
77,Midsize Cars,Premium,Front-Wheel Drive,17.3478947368421,Mazda,Automatic 4-spd,6.0,2.5
78,Midsize Cars,Premium,Front-Wheel Drive,16.4805,Mazda,Manual 5-spd,6.0,2.5
79,Midsize Cars,Premium,Rear-Wheel Drive,17.3478947368421,Mazda,Automatic 4-spd,6.0,3.0
80,Vans,Regular,Rear-Wheel Drive,32.961,Dodge,Automatic 3-spd,8.0,5.9
81,Midsize Cars,Regular,Front-Wheel Drive,14.3308695652174,Oldsmobile,Automatic 3-spd,4.0,2.2
82,Midsize Cars,Regular,Front-Wheel Drive,17.3478947368421,Oldsmobile,Automatic 3-spd,6.0,3.3
83,Midsize Cars,Regular,Front-Wheel Drive,15.6957142857143,Oldsmobile,Automatic 4-spd,6.0,3.3
84,Midsize Cars,Regular,Front-Wheel Drive,16.4805,Oldsmobile,Automatic 3-spd,6.0,3.1
85,Midsize Cars,Regular,Front-Wheel Drive,16.4805,Oldsmobile,Automatic 4-spd,6.0,3.1
86,Midsize Cars,Regular,Front-Wheel Drive,18.3116666666667,Oldsmobile,Automatic 4-spd,6.0,3.4
87,Midsize Cars,Regular,Front-Wheel Drive,18.3116666666667,Oldsmobile,Manual 5-spd,6.0,3.4
88,Midsize Cars,Regular,Front-Wheel Drive,16.4805,Oldsmobile,Automatic 4-spd,6.0,3.8
89,Midsize Cars,Regular,Front-Wheel Drive,15.6957142857143,Plymouth,Automatic 3-spd,4.0,2.5
90,Midsize Cars,Regular,Front-Wheel Drive,14.3308695652174,Plymouth,Automatic 3-spd,4.0,2.5
91,Vans,Regular,Rear-Wheel Drive,25.3546153846154,Ford,Automatic 3-spd,6.0,4.9
92,Midsize Cars,Regular,Front-Wheel Drive,13.1844,Plymouth,Manual 5-spd,4.0,2.5
93,Midsize Cars,Regular,Front-Wheel Drive,16.4805,Plymouth,Automatic 3-spd,6.0,3.0
94,Midsize Cars,Regular,Front-Wheel Drive,15.6957142857143,Plymouth,Automatic 4-spd,6.0,3.0
95,Midsize Cars,Regular,Front-Wheel Drive,16.4805,Pontiac,Automatic 3-spd,6.0,3.1
96,Midsize Cars,Regular,Front-Wheel Drive,16.4805,Pontiac,Automatic 4-spd,6.0,3.1
97,Midsize Cars,Regular,Front-Wheel Drive,18.3116666666667,Pontiac,Automatic 4-spd,6.0,3.4
98,Midsize Cars,Regular,Front-Wheel Drive,18.3116666666667,Pontiac,Manual 5-spd,6.0,3.4
99,Midsize Cars,Premium,Rear-Wheel Drive,29.9645454545455,Rolls-Royce,Automatic 4-spd,8.0,6.8
100,Midsize Cars,Premium,Rear-Wheel Drive,29.9645454545455,Rolls-Royce,Automatic 4-spd,8.0,6.8
101,Midsize Cars,Premium,Rear-Wheel Drive,29.9645454545455,Rolls-Royce,Automatic 4-spd,8.0,6.8
102,Vans,Regular,Rear-Wheel Drive,23.5435714285714,Ford,Automatic 4-spd,6.0,4.9
103,Midsize Cars,Regular,Front-Wheel Drive,15.6957142857143,Toyota,Automatic 4-spd,4.0,2.2
104,Midsize Cars,Regular,Front-Wheel Drive,14.9822727272727,Toyota,Manual 5-spd,4.0,2.2
105,Midsize Cars,Regular,Front-Wheel Drive,17.3478947368421,Toyota,Automatic 4-spd,6.0,3.0
106,Midsize Cars,Regular,Front-Wheel Drive,18.3116666666667,Toyota,Manual 5-spd,6.0,3.0
107,Midsize Cars,Regular,Front-Wheel Drive,15.6957142857143,Volkswagen,Automatic 4-spd,4.0,2.0
108,Midsize Cars,Regular,Front-Wheel Drive,14.9822727272727,Volkswagen,Manual 5-spd,4.0,2.0
109,Midsize Cars,Regular,Front-Wheel Drive,18.3116666666667,Volkswagen,Automatic 4-spd,6.0,2.8
110,Midsize Cars,Regular,Front-Wheel Drive,16.4805,Volkswagen,Manual 5-spd,6.0,2.8
111,Midsize Cars,Regular,Front-Wheel Drive,15.6957142857143,Volvo,Automatic 4-spd,5.0,2.4
112,Midsize Cars,Regular,Front-Wheel Drive,15.6957142857143,Volvo,Manual 5-spd,5.0,2.4
113,Subcompact Cars,Premium,Front-Wheel Drive,15.6957142857143,Dodge,Manual 5-spd,4.0,2.2
114,Vans,Regular,Rear-Wheel Drive,20.600625,Ford,Manual 4-spd,6.0,4.9
115,Midsize Cars,Regular,Rear-Wheel Drive,17.3478947368421,Volvo,Automatic 4-spd,4.0,2.3
116,Midsize Cars,Regular,Rear-Wheel Drive,16.4805,Volvo,Automatic 4-spd,4.0,2.3
117,Midsize Cars,Regular,Rear-Wheel Drive,18.3116666666667,Volvo,Automatic 4-spd,6.0,2.9
118,Large Cars,Regular,Front-Wheel Drive,16.4805,Buick,Automatic 4-spd,6.0,3.8
119,Large Cars,Premium,Front-Wheel Drive,18.3116666666667,Buick,Automatic 4-spd,6.0,3.8
120,Large Cars,Regular,Front-Wheel Drive,16.4805,Buick,Automatic 4-spd,6.0,3.8
121,Large Cars,Regular,Rear-Wheel Drive,19.3888235294118,Buick,Automatic 4-spd,8.0,5.7
122,Large Cars,Premium,Front-Wheel Drive,19.3888235294118,Cadillac,Automatic 4-spd,8.0,4.9
123,Large Cars,Regular,Rear-Wheel Drive,19.3888235294118,Cadillac,Automatic 4-spd,8.0,5.7
124,Large Cars,Regular,Rear-Wheel Drive,17.3478947368421,Chevrolet,Automatic 4-spd,6.0,4.3
125,Vans,Regular,Rear-Wheel Drive,27.4675,Ford,Automatic 4-spd,8.0,5.0
126,Large Cars,Regular,Rear-Wheel Drive,18.3116666666667,Chevrolet,Automatic 4-spd,8.0,5.0
127,Large Cars,Regular,Rear-Wheel Drive,19.3888235294118,Chevrolet,Automatic 4-spd,8.0,5.7
128,Large Cars,Regular,Front-Wheel Drive,15.6957142857143,Chrysler,Automatic 4-spd,6.0,3.3
129,Large Cars,Regular,Front-Wheel Drive,17.3478947368421,Chrysler,Automatic 4-spd,6.0,3.5
130,Large Cars,Regular,Front-Wheel Drive,16.4805,Chrysler,Automatic 4-spd,6.0,3.3
131,Large Cars,Regular,Front-Wheel Drive,17.3478947368421,Chrysler,Automatic 4-spd,6.0,3.8
132,Large Cars,Regular,Front-Wheel Drive,15.6957142857143,Dodge,Automatic 4-spd,6.0,3.3
133,Large Cars,Regular,Front-Wheel Drive,17.3478947368421,Dodge,Automatic 4-spd,6.0,3.5
134,Large Cars,Regular,Front-Wheel Drive,15.6957142857143,Eagle,Automatic 4-spd,6.0,3.3
135,Large Cars,Regular,Front-Wheel Drive,17.3478947368421,Eagle,Automatic 4-spd,6.0,3.5
136,Vans,Regular,Rear-Wheel Drive,29.9645454545455,Ford,Automatic 3-spd,8.0,5.8
137,Large Cars,Regular,Rear-Wheel Drive,17.3478947368421,Ford,Automatic 4-spd,8.0,4.6
138,Large Cars,Regular,Front-Wheel Drive,18.3116666666667,Lincoln,Automatic 4-spd,6.0,3.8
139,Large Cars,Regular,Rear-Wheel Drive,17.3478947368421,Mercury,Automatic 4-spd,8.0,4.6
140,Large Cars,Regular,Rear-Wheel Drive,17.3478947368421,Lincoln,Automatic 4-spd,8.0,4.6
141,Large Cars,Diesel,Rear-Wheel Drive,20.115,Mercedes-Benz,Automatic 4-spd,6.0,3.5
142,Large Cars,Premium,Rear-Wheel Drive,21.974,Mercedes-Benz,Automatic 5-spd,6.0,3.2
143,Large Cars,Premium,Rear-Wheel Drive,23.5435714285714,Mercedes-Benz,Automatic 4-spd,8.0,4.2
144,Large Cars,Premium,Rear-Wheel Drive,25.3546153846154,Mercedes-Benz,Automatic 4-spd,8.0,5.0
145,Large Cars,Regular,Front-Wheel Drive,16.4805,Oldsmobile,Automatic 4-spd,6.0,3.8
146,Large Cars,Regular,Front-Wheel Drive,16.4805,Oldsmobile,Automatic 4-spd,6.0,3.8
147,Vans,Regular,Rear-Wheel Drive,21.974,GMC,Automatic 3-spd,6.0,4.3
148,Large Cars,Premium,Front-Wheel Drive,18.3116666666667,Oldsmobile,Automatic 4-spd,6.0,3.8
149,Large Cars,Premium,Front-Wheel Drive,18.3116666666667,Pontiac,Automatic 4-spd,6.0,3.8
150,Large Cars,Regular,Front-Wheel Drive,16.4805,Pontiac,Automatic 4-spd,6.0,3.8
151,Large Cars,Premium,Rear-Wheel Drive,29.9645454545455,Rolls-Royce,Automatic 4-spd,8.0,6.8
152,Large Cars,Regular,Front-Wheel Drive,18.3116666666667,Saab,Automatic 4-spd,4.0,2.3
153,Large Cars,Regular,Front-Wheel Drive,18.3116666666667,Saab,Automatic 4-spd,4.0,2.3
154,Large Cars,Regular,Front-Wheel Drive,17.3478947368421,Saab,Manual 5-spd,4.0,2.3
155,Large Cars,Regular,Front-Wheel Drive,16.4805,Saab,Manual 5-spd,4.0,2.3
156,Small Station Wagons,Premium,4-Wheel or All-Wheel Drive,18.3116666666667,Audi,Automatic 4-spd,6.0,2.8
157,Small Station Wagons,Premium,Rear-Wheel Drive,17.3478947368421,BMW,Automatic 4-spd,6.0,2.5
158,Vans,Regular,Rear-Wheel Drive,20.600625,GMC,Automatic 4-spd,6.0,4.3
159,Small Station Wagons,Regular,Front-Wheel Drive,14.3308695652174,Chevrolet,Automatic 3-spd,4.0,2.2
160,Small Station Wagons,Regular,Front-Wheel Drive,15.6957142857143,Chevrolet,Automatic 3-spd,6.0,3.1
161,Small Station Wagons,Premium,Front-Wheel Drive,21.974,CX Automotive,Automatic 4-spd,6.0,3.0
162,Small Station Wagons,Regular,Front-Wheel Drive,13.1844,Ford,Automatic 4-spd,4.0,1.9
163,Small Station Wagons,Regular,Front-Wheel Drive,11.7717857142857,Ford,Manual 5-spd,4.0,1.9
164,Small Station Wagons,Regular,Front-Wheel Drive,15.6957142857143,Honda,Automatic 4-spd,4.0,2.2
165,Small Station Wagons,Regular,Front-Wheel Drive,14.9822727272727,Honda,Manual 5-spd,4.0,2.2
166,Small Station Wagons,Regular,Front-Wheel Drive,13.1844,Mercury,Automatic 4-spd,4.0,1.9
167,Small Station Wagons,Regular,Front-Wheel Drive,11.7717857142857,Mercury,Manual 5-spd,4.0,1.9
168,Small Station Wagons,Regular,Front-Wheel Drive,12.6773076923077,Saturn,Automatic 4-spd,4.0,1.9
169,Vans,Regular,Rear-Wheel Drive,21.974,GMC,Manual 3-spd,6.0,4.3
170,Small Station Wagons,Regular,Front-Wheel Drive,13.73375,Saturn,Automatic 4-spd,4.0,1.9
171,Small Station Wagons,Regular,Front-Wheel Drive,11.7717857142857,Saturn,Manual 5-spd,4.0,1.9
172,Small Station Wagons,Regular,Front-Wheel Drive,13.1844,Saturn,Manual 5-spd,4.0,1.9
173,Small Station Wagons,Regular,Front-Wheel Drive,14.9822727272727,Subaru,Automatic 4-spd,4.0,2.2
174,Small Station Wagons,Regular,Front-Wheel Drive,14.3308695652174,Subaru,Manual 5-spd,4.0,2.2
175,Small Station Wagons,Regular,4-Wheel or All-Wheel Drive,15.6957142857143,Subaru,Automatic 4-spd,4.0,2.2
176,Small Station Wagons,Regular,4-Wheel or All-Wheel Drive,15.6957142857143,Subaru,Manual 5-spd,4.0,2.2
177,Small Station Wagons,Premium,4-Wheel or All-Wheel Drive,18.3116666666667,Subaru,Automatic 4-spd,4.0,2.2
178,Small Station Wagons,Regular,Front-Wheel Drive,14.9822727272727,Subaru,Automatic 3-spd,4.0,1.8
179,Small Station Wagons,Regular,Front-Wheel Drive,13.73375,Subaru,Manual 5-spd,4.0,1.8
180,Vans,Regular,Rear-Wheel Drive,27.4675,GMC,Automatic 3-spd,8.0,5.0
181,Small Station Wagons,Regular,Front-Wheel Drive,13.1844,Toyota,Automatic 4-spd,4.0,1.8
182,Small Station Wagons,Regular,Front-Wheel Drive,12.6773076923077,Toyota,Manual 5-spd,4.0,1.8
183,Midsize-Large Station Wagons,Regular,Front-Wheel Drive,15.6957142857143,Buick,Automatic 3-spd,4.0,2.2
184,Midsize-Large Station Wagons,Regular,Front-Wheel Drive,17.3478947368421,Buick,Automatic 3-spd,6.0,3.3
185,Midsize-Large Station Wagons,Regular,Front-Wheel Drive,15.6957142857143,Buick,Automatic 4-spd,6.0,3.3
186,Midsize-Large Station Wagons,Regular,4-Wheel or All-Wheel Drive,16.4805,Eagle,Automatic 4-spd,4.0,1.8
187,Midsize-Large Station Wagons,Regular,Front-Wheel Drive,14.3308695652174,Eagle,Automatic 4-spd,4.0,1.8
188,Midsize-Large Station Wagons,Regular,4-Wheel or All-Wheel Drive,15.6957142857143,Eagle,Manual 5-spd,4.0,1.8
189,Midsize-Large Station Wagons,Regular,Front-Wheel Drive,14.3308695652174,Eagle,Manual 5-spd,4.0,1.8
190,Midsize-Large Station Wagons,Regular,4-Wheel or All-Wheel Drive,17.3478947368421,Eagle,Automatic 4-spd,4.0,2.4
191,Vans,Regular,Rear-Wheel Drive,23.5435714285714,GMC,Automatic 4-spd,8.0,5.0
192,Midsize-Large Station Wagons,Regular,Front-Wheel Drive,16.4805,Eagle,Automatic 4-spd,4.0,2.4
193,Midsize-Large Station Wagons,Regular,4-Wheel or All-Wheel Drive,17.3478947368421,Eagle,Manual 5-spd,4.0,2.4
194,Midsize-Large Station Wagons,Regular,Front-Wheel Drive,15.6957142857143,Eagle,Manual 5-spd,4.0,2.4
195,Midsize-Large Station Wagons,Regular,Front-Wheel Drive,15.6957142857143,Ford,Automatic 4-spd,6.0,3.0
196,Midsize-Large Station Wagons,Regular,Front-Wheel Drive,16.4805,Ford,Automatic 4-spd,6.0,3.8
197,Midsize-Large Station Wagons,Regular,Front-Wheel Drive,15.6957142857143,Mercury,Automatic 4-spd,6.0,3.0
198,Midsize-Large Station Wagons,Regular,Front-Wheel Drive,16.4805,Mercury,Automatic 4-spd,6.0,3.8
199,Midsize-Large Station Wagons,Regular,4-Wheel or All-Wheel Drive,17.3478947368421,Mitsubishi,Automatic 4-spd,4.0,2.4
200,Midsize-Large Station Wagons,Regular,Front-Wheel Drive,16.4805,Mitsubishi,Automatic 4-spd,4.0,2.4
201,Midsize-Large Station Wagons,Regular,4-Wheel or All-Wheel Drive,17.3478947368421,Mitsubishi,Manual 5-spd,4.0,2.4
202,Vans,Regular,Rear-Wheel Drive,25.3546153846154,GMC,Automatic 4-spd,8.0,5.7
203,Midsize-Large Station Wagons,Regular,Front-Wheel Drive,15.6957142857143,Mitsubishi,Manual 5-spd,4.0,2.4
204,Midsize-Large Station Wagons,Regular,Front-Wheel Drive,14.3308695652174,Mitsubishi,Automatic 4-spd,4.0,1.8
205,Midsize-Large Station Wagons,Regular,4-Wheel or All-Wheel Drive,16.4805,Mitsubishi,Automatic 4-spd,4.0,1.8
206,Midsize-Large Station Wagons,Regular,Front-Wheel Drive,14.3308695652174,Mitsubishi,Manual 5-spd,4.0,1.8
207,Midsize-Large Station Wagons,Regular,4-Wheel or All-Wheel Drive,15.6957142857143,Mitsubishi,Manual 5-spd,4.0,1.8
208,Midsize-Large Station Wagons,Regular,Front-Wheel Drive,16.4805,Mitsubishi,Automatic 4-spd,4.0,2.4
209,Midsize-Large Station Wagons,Regular,4-Wheel or All-Wheel Drive,17.3478947368421,Mitsubishi,Automatic 4-spd,4.0,2.4
210,Midsize-Large Station Wagons,Regular,Front-Wheel Drive,15.6957142857143,Mitsubishi,Manual 5-spd,4.0,2.4
211,Midsize-Large Station Wagons,Regular,4-Wheel or All-Wheel Drive,17.3478947368421,Mitsubishi,Manual 5-spd,4.0,2.4
212,Midsize-Large Station Wagons,Regular,Front-Wheel Drive,15.6957142857143,Oldsmobile,Automatic 3-spd,4.0,2.2
213,Vans,Diesel,Rear-Wheel Drive,21.2325,GMC,Automatic 4-spd,8.0,6.2
214,Midsize-Large Station Wagons,Regular,Front-Wheel Drive,17.3478947368421,Oldsmobile,Automatic 3-spd,6.0,3.3
215,Midsize-Large Station Wagons,Regular,Front-Wheel Drive,15.6957142857143,Oldsmobile,Automatic 4-spd,6.0,3.3
216,Midsize-Large Station Wagons,Premium,Front-Wheel Drive,17.3478947368421,Mitsubishi,Automatic 4-spd,6.0,3.0
217,Midsize-Large Station Wagons,Regular,Front-Wheel Drive,14.3308695652174,Plymouth,Automatic 4-spd,4.0,1.8
218,Midsize-Large Station Wagons,Regular,4-Wheel or All-Wheel Drive,16.4805,Plymouth,Automatic 4-spd,4.0,1.8
219,Midsize-Large Station Wagons,Regular,Front-Wheel Drive,14.3308695652174,Plymouth,Manual 5-spd,4.0,1.8
220,Midsize-Large Station Wagons,Regular,4-Wheel or All-Wheel Drive,15.6957142857143,Plymouth,Manual 5-spd,4.0,1.8
221,Midsize-Large Station Wagons,Regular,4-Wheel or All-Wheel Drive,17.3478947368421,Plymouth,Automatic 4-spd,4.0,2.4
222,Midsize-Large Station Wagons,Regular,Front-Wheel Drive,16.4805,Plymouth,Automatic 4-spd,4.0,2.4
223,Midsize-Large Station Wagons,Regular,4-Wheel or All-Wheel Drive,17.3478947368421,Plymouth,Manual 5-spd,4.0,2.4
224,Subcompact Cars,Premium,Front-Wheel Drive,16.4805,Dodge,Manual 5-spd,4.0,2.2
225,Vans,Diesel,Rear-Wheel Drive,22.4814705882353,GMC,Manual 4-spd,8.0,6.2
226,Midsize-Large Station Wagons,Regular,Front-Wheel Drive,15.6957142857143,Plymouth,Manual 5-spd,4.0,2.4
227,Midsize-Large Station Wagons,Regular,Front-Wheel Drive,15.6957142857143,Toyota,Automatic 4-spd,4.0,2.2
228,Midsize-Large Station Wagons,Regular,Front-Wheel Drive,17.3478947368421,Toyota,Automatic 4-spd,6.0,3.0
229,Midsize-Large Station Wagons,Regular,Front-Wheel Drive,15.6957142857143,Volkswagen,Automatic 4-spd,4.0,2.0
230,Midsize-Large Station Wagons,Regular,Front-Wheel Drive,14.9822727272727,Volkswagen,Manual 5-spd,4.0,2.0
231,Midsize-Large Station Wagons,Regular,Front-Wheel Drive,18.3116666666667,Volkswagen,Automatic 4-spd,6.0,2.8
232,Midsize-Large Station Wagons,Regular,Front-Wheel Drive,16.4805,Volkswagen,Manual 5-spd,6.0,2.8
233,Midsize-Large Station Wagons,Regular,Rear-Wheel Drive,16.4805,Volvo,Automatic 4-spd,4.0,2.3
234,Midsize-Large Station Wagons,Regular,Rear-Wheel Drive,15.6957142857143,Volvo,Manual 5-spd,4.0,2.3
235,Midsize-Large Station Wagons,Regular,Rear-Wheel Drive,17.3478947368421,Volvo,Automatic 4-spd,4.0,2.3
236,Vans,Regular,Rear-Wheel Drive,29.9645454545455,GMC,Automatic 4-spd,8.0,5.7
237,Midsize-Large Station Wagons,Regular,Rear-Wheel Drive,16.4805,Volvo,Automatic 4-spd,4.0,2.3
238,Midsize-Large Station Wagons,Regular,Rear-Wheel Drive,18.3116666666667,Volvo,Automatic 4-spd,6.0,2.9
239,Midsize-Large Station Wagons,Regular,Rear-Wheel Drive,19.3888235294118,Buick,Automatic 4-spd,8.0,5.7
240,Midsize-Large Station Wagons,Regular,Rear-Wheel Drive,18.3116666666667,Chevrolet,Automatic 4-spd,8.0,5.0
241,Midsize-Large Station Wagons,Regular,Rear-Wheel Drive,19.3888235294118,Chevrolet,Automatic 4-spd,8.0,5.7
242,Small Pickup Trucks,Regular,Rear-Wheel Drive,16.4805,Chevrolet,Automatic 4-spd,4.0,2.5
243,Small Pickup Trucks,Regular,Rear-Wheel Drive,14.9822727272727,Chevrolet,Manual 5-spd,4.0,2.5
244,Small Pickup Trucks,Regular,Rear-Wheel Drive,17.3478947368421,Chevrolet,Manual 5-spd,6.0,2.8
245,Small Pickup Trucks,Regular,Rear-Wheel Drive,18.3116666666667,Chevrolet,Automatic 4-spd,6.0,4.3
246,Small Pickup Trucks,Regular,Rear-Wheel Drive,18.3116666666667,Chevrolet,Manual 5-spd,6.0,4.3
247,Vans,Regular,Rear-Wheel Drive,16.4805,GMC,Automatic 4-spd,4.0,2.5
248,Small Pickup Trucks,Regular,Rear-Wheel Drive,16.4805,Nissan,Automatic 4-spd,4.0,2.4
249,Small Pickup Trucks,Regular,Rear-Wheel Drive,14.9822727272727,Nissan,Manual 5-spd,4.0,2.4
250,Small Pickup Trucks,Regular,Rear-Wheel Drive,18.3116666666667,Nissan,Manual 5-spd,6.0,3.0
251,Small Pickup Trucks,Regular,Rear-Wheel Drive,17.3478947368421,Dodge,Automatic 4-spd,4.0,2.4
252,Small Pickup Trucks,Regular,Rear-Wheel Drive,17.3478947368421,Dodge,Manual 5-spd,4.0,2.4
253,Small Pickup Trucks,Regular,Rear-Wheel Drive,16.4805,GMC,Automatic 4-spd,4.0,2.5
254,Small Pickup Trucks,Regular,Rear-Wheel Drive,14.9822727272727,GMC,Manual 5-spd,4.0,2.5
255,Small Pickup Trucks,Regular,Rear-Wheel Drive,17.3478947368421,GMC,Manual 5-spd,6.0,2.8
256,Small Pickup Trucks,Regular,Rear-Wheel Drive,18.3116666666667,GMC,Automatic 4-spd,6.0,4.3
257,Small Pickup Trucks,Premium,Rear-Wheel Drive,18.3116666666667,GMC,Automatic 4-spd,6.0,4.3
258,Vans,Regular,Rear-Wheel Drive,15.6957142857143,GMC,Manual 4-spd,4.0,2.5
259,Small Pickup Trucks,Regular,Rear-Wheel Drive,18.3116666666667,GMC,Manual 5-spd,6.0,4.3
260,Small Pickup Trucks,Regular,Rear-Wheel Drive,16.4805,Isuzu,Manual 5-spd,4.0,2.3
261,Small Pickup Trucks,Regular,Rear-Wheel Drive,17.3478947368421,Isuzu,Automatic 4-spd,4.0,2.6
262,Small Pickup Trucks,Regular,Rear-Wheel Drive,18.3116666666667,Isuzu,Manual 5-spd,4.0,2.6
263,Small Pickup Trucks,Regular,Rear-Wheel Drive,17.3478947368421,Mitsubishi,Automatic 4-spd,4.0,2.4
264,Small Pickup Trucks,Regular,Rear-Wheel Drive,17.3478947368421,Mitsubishi,Manual 5-spd,4.0,2.4
265,Standard Pickup Trucks,Regular,Rear-Wheel Drive,19.3888235294118,Chevrolet,Automatic 4-spd,6.0,4.3
266,Standard Pickup Trucks,Regular,Rear-Wheel Drive,19.3888235294118,Chevrolet,Manual 5-spd,6.0,4.3
267,Standard Pickup Trucks,Regular,Rear-Wheel Drive,20.600625,Chevrolet,Manual 5-spd,6.0,4.3
268,Standard Pickup Trucks,Regular,Rear-Wheel Drive,20.600625,Chevrolet,Manual 5-spd,6.0,4.3
269,Vans,Regular,Rear-Wheel Drive,14.9822727272727,GMC,Manual 5-spd,4.0,2.5
270,Standard Pickup Trucks,Regular,Rear-Wheel Drive,21.974,Chevrolet,Automatic 4-spd,8.0,5.0
271,Standard Pickup Trucks,Regular,Rear-Wheel Drive,21.974,Chevrolet,Manual 5-spd,8.0,5.0
272,Standard Pickup Trucks,Regular,Rear-Wheel Drive,23.5435714285714,Chevrolet,Automatic 4-spd,8.0,5.7
273,Standard Pickup Trucks,Regular,Rear-Wheel Drive,23.5435714285714,Chevrolet,Manual 5-spd,8.0,5.7
274,Standard Pickup Trucks,Regular,Rear-Wheel Drive,23.5435714285714,Chevrolet,Manual 5-spd,8.0,5.7
275,Standard Pickup Trucks,Regular,Rear-Wheel Drive,32.961,Chevrolet,Automatic 4-spd,8.0,7.4
276,Standard Pickup Trucks,Regular,Rear-Wheel Drive,19.3888235294118,Chevrolet,Automatic 4-spd,6.0,4.3
277,Standard Pickup Trucks,Regular,Rear-Wheel Drive,20.600625,Chevrolet,Manual 5-spd,6.0,4.3
278,Standard Pickup Trucks,Regular,Rear-Wheel Drive,20.600625,Chevrolet,Manual 5-spd,6.0,4.3
279,Standard Pickup Trucks,Regular,Rear-Wheel Drive,23.5435714285714,Chevrolet,Automatic 4-spd,8.0,5.0
280,Vans,Regular,Rear-Wheel Drive,19.3888235294118,GMC,Automatic 4-spd,6.0,4.3
281,Standard Pickup Trucks,Regular,Rear-Wheel Drive,21.974,Chevrolet,Manual 5-spd,8.0,5.0
282,Standard Pickup Trucks,Regular,Rear-Wheel Drive,23.5435714285714,Chevrolet,Automatic 4-spd,8.0,5.7
283,Standard Pickup Trucks,Regular,Rear-Wheel Drive,23.5435714285714,Chevrolet,Manual 5-spd,8.0,5.7
284,Standard Pickup Trucks,Regular,Rear-Wheel Drive,25.3546153846154,Chevrolet,Manual 5-spd,8.0,5.7
285,Standard Pickup Trucks,Regular,Rear-Wheel Drive,14.9822727272727,Dodge,Manual 5-spd,4.0,2.5
286,Standard Pickup Trucks,Regular,Rear-Wheel Drive,20.600625,Dodge,Automatic 4-spd,6.0,3.9
287,Standard Pickup Trucks,Regular,Rear-Wheel Drive,20.600625,Dodge,Manual 5-spd,6.0,3.9
288,Standard Pickup Trucks,Regular,Rear-Wheel Drive,23.5435714285714,Dodge,Automatic 4-spd,8.0,5.2
289,Standard Pickup Trucks,Regular,Rear-Wheel Drive,21.974,Dodge,Automatic 3-spd,6.0,3.9
290,Standard Pickup Trucks,Regular,Rear-Wheel Drive,21.974,Dodge,Automatic 4-spd,6.0,3.9
291,Vans,Regular,Rear-Wheel Drive,20.600625,GMC,Manual 4-spd,6.0,4.3
292,Standard Pickup Trucks,Regular,Rear-Wheel Drive,21.974,Dodge,Manual 5-spd,6.0,3.9
293,Standard Pickup Trucks,Regular,Rear-Wheel Drive,25.3546153846154,Dodge,Automatic 4-spd,8.0,5.2
294,Standard Pickup Trucks,Regular,Rear-Wheel Drive,25.3546153846154,Dodge,Manual 5-spd,8.0,5.2
295,Standard Pickup Trucks,Regular,Rear-Wheel Drive,25.3546153846154,Dodge,Automatic 4-spd,8.0,5.9
296,Standard Pickup Trucks,Regular,Rear-Wheel Drive,27.4675,Dodge,Manual 5-spd,8.0,5.9
297,Standard Pickup Trucks,Regular,Rear-Wheel Drive,23.5435714285714,Dodge,Automatic 3-spd,6.0,3.9
298,Standard Pickup Trucks,Regular,Rear-Wheel Drive,25.3546153846154,Dodge,Manual 5-spd,6.0,3.9
299,Standard Pickup Trucks,Regular,Rear-Wheel Drive,25.3546153846154,Dodge,Automatic 4-spd,8.0,5.2
300,Standard Pickup Trucks,Regular,Rear-Wheel Drive,25.3546153846154,Dodge,Manual 5-spd,8.0,5.2
301,Standard Pickup Trucks,Regular,Rear-Wheel Drive,25.3546153846154,Dodge,Automatic 4-spd,8.0,5.9
302,Vans,Regular,Rear-Wheel Drive,19.3888235294118,GMC,Manual 5-spd,6.0,4.3
303,Standard Pickup Trucks,Regular,Rear-Wheel Drive,27.4675,Dodge,Manual 5-spd,8.0,5.9
304,Standard Pickup Trucks,Regular,4-Wheel or All-Wheel Drive,17.3478947368421,Jeep,Manual 4-spd,4.0,2.5
305,Standard Pickup Trucks,Regular,4-Wheel or All-Wheel Drive,18.3116666666667,Jeep,Manual 5-spd,4.0,2.5
306,Standard Pickup Trucks,Regular,4-Wheel or All-Wheel Drive,21.974,Jeep,Automatic 4-spd,6.0,4.0
307,Standard Pickup Trucks,Regular,4-Wheel or All-Wheel Drive,20.600625,Jeep,Manual 5-spd,6.0,4.0
308,Standard Pickup Trucks,Regular,Rear-Wheel Drive,21.974,Ford,Automatic 4-spd,6.0,4.9
309,Standard Pickup Trucks,Regular,Rear-Wheel Drive,21.974,Ford,Manual 4-spd,6.0,4.9
310,Standard Pickup Trucks,Regular,Rear-Wheel Drive,21.974,Ford,Manual 5-spd,6.0,4.9
311,Standard Pickup Trucks,Regular,Rear-Wheel Drive,21.974,Ford,Automatic 4-spd,8.0,5.0
312,Standard Pickup Trucks,Regular,Rear-Wheel Drive,21.974,Ford,Automatic 4-spd,8.0,5.0
313,Vans,Regular,Rear-Wheel Drive,16.4805,Toyota,Automatic 4-spd,4.0,2.0
314,Standard Pickup Trucks,Regular,Rear-Wheel Drive,23.5435714285714,Ford,Manual 4-spd,8.0,5.0
315,Standard Pickup Trucks,Regular,Rear-Wheel Drive,21.974,Ford,Manual 5-spd,8.0,5.0
316,Standard Pickup Trucks,Regular,Rear-Wheel Drive,25.3546153846154,Ford,Automatic 4-spd,8.0,5.8
317,Standard Pickup Trucks,Regular,Rear-Wheel Drive,21.974,Ford,Automatic 4-spd,6.0,4.9
318,Standard Pickup Trucks,Regular,Rear-Wheel Drive,21.974,Ford,Manual 4-spd,6.0,4.9
319,Standard Pickup Trucks,Regular,Rear-Wheel Drive,21.974,Ford,Manual 5-spd,6.0,4.9
320,Standard Pickup Trucks,Regular,Rear-Wheel Drive,23.5435714285714,Ford,Automatic 4-spd,8.0,5.0
321,Standard Pickup Trucks,Regular,Rear-Wheel Drive,23.5435714285714,Ford,Manual 4-spd,8.0,5.0
322,Standard Pickup Trucks,Regular,Rear-Wheel Drive,21.974,Ford,Manual 5-spd,8.0,5.0
323,Standard Pickup Trucks,Regular,Rear-Wheel Drive,27.4675,Ford,Automatic 4-spd,8.0,5.8
324,Vans,Regular,Rear-Wheel Drive,15.6957142857143,Toyota,Manual 5-spd,4.0,2.0
325,Standard Pickup Trucks,Regular,Rear-Wheel Drive,16.4805,Ford,Automatic 4-spd,4.0,2.3
326,Standard Pickup Trucks,Regular,Rear-Wheel Drive,14.9822727272727,Ford,Manual 5-spd,4.0,2.3
327,Standard Pickup Trucks,Regular,Rear-Wheel Drive,18.3116666666667,Ford,Automatic 4-spd,6.0,3.0
328,Standard Pickup Trucks,Regular,Rear-Wheel Drive,17.3478947368421,Ford,Manual 5-spd,6.0,3.0
329,Standard Pickup Trucks,Regular,Rear-Wheel Drive,19.3888235294118,Ford,Automatic 4-spd,6.0,4.0
330,Standard Pickup Trucks,Regular,Rear-Wheel Drive,18.3116666666667,Ford,Manual 5-spd,6.0,4.0
331,Standard Pickup Trucks,Regular,Rear-Wheel Drive,19.3888235294118,GMC,Automatic 4-spd,6.0,4.3
332,Standard Pickup Trucks,Regular,Rear-Wheel Drive,19.3888235294118,GMC,Manual 5-spd,6.0,4.3
333,Standard Pickup Trucks,Regular,Rear-Wheel Drive,20.600625,GMC,Manual 5-spd,6.0,4.3
334,Standard Pickup Trucks,Regular,Rear-Wheel Drive,20.600625,GMC,Manual 5-spd,6.0,4.3
335,Subcompact Cars,Regular,Front-Wheel Drive,12.2077777777778,Dodge,Automatic 3-spd,4.0,1.5
336,Vans,Regular,Rear-Wheel Drive,20.600625,Volkswagen,Automatic 3-spd,4.0,1.9
337,Standard Pickup Trucks,Regular,Rear-Wheel Drive,21.974,GMC,Automatic 4-spd,8.0,5.0
338,Standard Pickup Trucks,Regular,Rear-Wheel Drive,21.974,GMC,Manual 5-spd,8.0,5.0
339,Standard Pickup Trucks,Regular,Rear-Wheel Drive,23.5435714285714,GMC,Automatic 4-spd,8.0,5.7
340,Standard Pickup Trucks,Regular,Rear-Wheel Drive,23.5435714285714,GMC,Manual 5-spd,8.0,5.7
341,Standard Pickup Trucks,Regular,Rear-Wheel Drive,23.5435714285714,GMC,Manual 5-spd,8.0,5.7
342,Standard Pickup Trucks,Regular,Rear-Wheel Drive,19.3888235294118,GMC,Automatic 4-spd,6.0,4.3
343,Standard Pickup Trucks,Regular,Rear-Wheel Drive,20.600625,GMC,Manual 5-spd,6.0,4.3
344,Standard Pickup Trucks,Regular,Rear-Wheel Drive,20.600625,GMC,Manual 5-spd,6.0,4.3
345,Standard Pickup Trucks,Regular,Rear-Wheel Drive,23.5435714285714,GMC,Automatic 4-spd,8.0,5.0
346,Standard Pickup Trucks,Regular,Rear-Wheel Drive,21.974,GMC,Manual 5-spd,8.0,5.0
347,Vans,Regular,Rear-Wheel Drive,19.3888235294118,Volkswagen,Manual 4-spd,4.0,1.9
348,Standard Pickup Trucks,Regular,Rear-Wheel Drive,23.5435714285714,GMC,Automatic 4-spd,8.0,5.7
349,Standard Pickup Trucks,Regular,Rear-Wheel Drive,23.5435714285714,GMC,Manual 5-spd,8.0,5.7
350,Standard Pickup Trucks,Regular,Rear-Wheel Drive,25.3546153846154,GMC,Manual 5-spd,8.0,5.7
351,Standard Pickup Trucks,Regular,Rear-Wheel Drive,16.4805,Mazda,Automatic 4-spd,4.0,2.2
352,Standard Pickup Trucks,Regular,Rear-Wheel Drive,16.4805,Mazda,Manual 5-spd,4.0,2.2
353,Standard Pickup Trucks,Regular,Rear-Wheel Drive,16.4805,Mazda,Automatic 4-spd,4.0,2.2
354,Standard Pickup Trucks,Regular,Rear-Wheel Drive,14.9822727272727,Mazda,Manual 5-spd,4.0,2.2
355,Standard Pickup Trucks,Regular,Rear-Wheel Drive,17.3478947368421,Mazda,Automatic 4-spd,4.0,2.6
356,Standard Pickup Trucks,Regular,Rear-Wheel Drive,17.3478947368421,Mazda,Manual 5-spd,4.0,2.6
357,Standard Pickup Trucks,Regular,Rear-Wheel Drive,15.6957142857143,Toyota,Automatic 4-spd,4.0,2.4
358,Special Purpose Vehicle 2WD,Regular,Rear-Wheel Drive,20.600625,AM General,Automatic 3-spd,4.0,2.5
359,Standard Pickup Trucks,Regular,Rear-Wheel Drive,14.9822727272727,Toyota,Manual 5-spd,4.0,2.4
360,Standard Pickup Trucks,Regular,Rear-Wheel Drive,18.3116666666667,Toyota,Automatic 4-spd,6.0,3.0
361,Standard Pickup Trucks,Regular,Rear-Wheel Drive,20.600625,Toyota,Automatic 4-spd,6.0,3.0
362,Standard Pickup Trucks,Regular,Rear-Wheel Drive,19.3888235294118,Toyota,Manual 5-spd,6.0,3.0
363,Standard Pickup Trucks,Regular,4-Wheel or All-Wheel Drive,21.974,Chevrolet,Automatic 4-spd,6.0,4.3
364,Standard Pickup Trucks,Regular,4-Wheel or All-Wheel Drive,21.974,Chevrolet,Manual 5-spd,6.0,4.3
365,Standard Pickup Trucks,Regular,4-Wheel or All-Wheel Drive,20.600625,Chevrolet,Manual 5-spd,6.0,4.3
366,Standard Pickup Trucks,Regular,4-Wheel or All-Wheel Drive,23.5435714285714,Chevrolet,Automatic 4-spd,8.0,5.0
367,Standard Pickup Trucks,Regular,4-Wheel or All-Wheel Drive,25.3546153846154,Chevrolet,Manual 5-spd,8.0,5.0
368,Standard Pickup Trucks,Regular,4-Wheel or All-Wheel Drive,25.3546153846154,Chevrolet,Automatic 4-spd,8.0,5.7
369,Special Purpose Vehicle 2WD,Regular,Rear-Wheel Drive,25.3546153846154,AM General,Automatic 3-spd,6.0,4.2
370,Standard Pickup Trucks,Regular,4-Wheel or All-Wheel Drive,25.3546153846154,Chevrolet,Manual 5-spd,8.0,5.7
371,Standard Pickup Trucks,Regular,4-Wheel or All-Wheel Drive,27.4675,Chevrolet,Manual 5-spd,8.0,5.7
372,Standard Pickup Trucks,Diesel,4-Wheel or All-Wheel Drive,22.4814705882353,Chevrolet,Automatic 4-spd,8.0,6.2
373,Standard Pickup Trucks,Regular,4-Wheel or All-Wheel Drive,21.974,Chevrolet,Automatic 4-spd,6.0,4.3
374,Standard Pickup Trucks,Regular,4-Wheel or All-Wheel Drive,23.5435714285714,Chevrolet,Manual 5-spd,6.0,4.3
375,Standard Pickup Trucks,Regular,4-Wheel or All-Wheel Drive,21.974,Chevrolet,Manual 5-spd,6.0,4.3
376,Standard Pickup Trucks,Regular,4-Wheel or All-Wheel Drive,23.5435714285714,Chevrolet,Automatic 4-spd,8.0,5.0
377,Standard Pickup Trucks,Regular,4-Wheel or All-Wheel Drive,25.3546153846154,Chevrolet,Manual 5-spd,8.0,5.0
378,Standard Pickup Trucks,Regular,4-Wheel or All-Wheel Drive,25.3546153846154,Chevrolet,Automatic 4-spd,8.0,5.7
379,Standard Pickup Trucks,Regular,4-Wheel or All-Wheel Drive,25.3546153846154,Chevrolet,Manual 5-spd,8.0,5.7
380,Special Purpose Vehicle 2WD,Regular,Rear-Wheel Drive,23.5435714285714,Chevrolet,Automatic 4-spd,8.0,5.0
381,Standard Pickup Trucks,Regular,4-Wheel or All-Wheel Drive,27.4675,Chevrolet,Manual 5-spd,8.0,5.7
382,Standard Pickup Trucks,Diesel,4-Wheel or All-Wheel Drive,22.4814705882353,Chevrolet,Automatic 4-spd,8.0,6.2
383,Standard Pickup Trucks,Regular,4-Wheel or All-Wheel Drive,20.600625,Chevrolet,Automatic 4-spd,6.0,4.3
384,Standard Pickup Trucks,Regular,4-Wheel or All-Wheel Drive,20.600625,Chevrolet,Manual 5-spd,6.0,4.3
385,Standard Pickup Trucks,Regular,4-Wheel or All-Wheel Drive,18.3116666666667,Nissan,Manual 5-spd,4.0,2.4
386,Standard Pickup Trucks,Regular,4-Wheel or All-Wheel Drive,21.974,Nissan,Automatic 4-spd,6.0,3.0
387,Standard Pickup Trucks,Regular,4-Wheel or All-Wheel Drive,21.974,Nissan,Manual 5-spd,6.0,3.0
388,Standard Pickup Trucks,Regular,4-Wheel or All-Wheel Drive,23.5435714285714,Dodge,Automatic 4-spd,6.0,3.9
389,Standard Pickup Trucks,Regular,4-Wheel or All-Wheel Drive,21.974,Dodge,Manual 5-spd,6.0,3.9
390,Standard Pickup Trucks,Regular,4-Wheel or All-Wheel Drive,25.3546153846154,Dodge,Automatic 4-spd,8.0,5.2
391,Special Purpose Vehicle 2WD,Regular,Rear-Wheel Drive,25.3546153846154,Chevrolet,Automatic 4-spd,8.0,5.7
392,Standard Pickup Trucks,Regular,4-Wheel or All-Wheel Drive,19.3888235294118,Dodge,Automatic 4-spd,4.0,2.4
393,Standard Pickup Trucks,Regular,4-Wheel or All-Wheel Drive,18.3116666666667,Dodge,Manual 5-spd,4.0,2.4
394,Standard Pickup Trucks,Regular,4-Wheel or All-Wheel Drive,23.5435714285714,Dodge,Automatic 4-spd,6.0,3.9
395,Standard Pickup Trucks,Regular,4-Wheel or All-Wheel Drive,25.3546153846154,Dodge,Manual 5-spd,6.0,3.9
396,Standard Pickup Trucks,Regular,4-Wheel or All-Wheel Drive,25.3546153846154,Dodge,Automatic 4-spd,8.0,5.2
397,Standard Pickup Trucks,Regular,4-Wheel or All-Wheel Drive,25.3546153846154,Dodge,Manual 5-spd,8.0,5.2
398,Standard Pickup Trucks,Regular,4-Wheel or All-Wheel Drive,27.4675,Dodge,Automatic 4-spd,8.0,5.9
399,Standard Pickup Trucks,Regular,4-Wheel or All-Wheel Drive,29.9645454545455,Dodge,Manual 5-spd,8.0,5.9
400,Standard Pickup Trucks,Regular,4-Wheel or All-Wheel Drive,27.4675,Dodge,Automatic 4-spd,8.0,5.2
401,Standard Pickup Trucks,Regular,4-Wheel or All-Wheel Drive,25.3546153846154,Dodge,Manual 5-spd,8.0,5.2
402,Special Purpose Vehicle 2WD,Diesel,Rear-Wheel Drive,21.2325,Chevrolet,Automatic 4-spd,8.0,6.2
403,Standard Pickup Trucks,Regular,4-Wheel or All-Wheel Drive,27.4675,Dodge,Automatic 4-spd,8.0,5.9
404,Standard Pickup Trucks,Regular,4-Wheel or All-Wheel Drive,29.9645454545455,Dodge,Manual 5-spd,8.0,5.9
405,Standard Pickup Trucks,Regular,Rear-Wheel Drive,17.3478947368421,Jeep,Manual 4-spd,4.0,2.5
406,Standard Pickup Trucks,Regular,Rear-Wheel Drive,17.3478947368421,Jeep,Manual 5-spd,4.0,2.5
407,Standard Pickup Trucks,Regular,Rear-Wheel Drive,20.600625,Jeep,Automatic 4-spd,6.0,4.0
408,Standard Pickup Trucks,Regular,Rear-Wheel Drive,19.3888235294118,Jeep,Manual 5-spd,6.0,4.0
409,Standard Pickup Trucks,Regular,4-Wheel or All-Wheel Drive,23.5435714285714,Ford,Automatic 4-spd,6.0,4.9
410,Standard Pickup Trucks,Regular,4-Wheel or All-Wheel Drive,21.974,Ford,Manual 4-spd,6.0,4.9
411,Standard Pickup Trucks,Regular,4-Wheel or All-Wheel Drive,21.974,Ford,Manual 5-spd,6.0,4.9
412,Standard Pickup Trucks,Regular,4-Wheel or All-Wheel Drive,23.5435714285714,Ford,Automatic 4-spd,8.0,5.0
413,Special Purpose Vehicle 2WD,Regular,Rear-Wheel Drive,16.4805,Chevrolet,Automatic 4-spd,4.0,2.5
414,Standard Pickup Trucks,Regular,4-Wheel or All-Wheel Drive,23.5435714285714,Ford,Automatic 4-spd,8.0,5.0
415,Standard Pickup Trucks,Regular,4-Wheel or All-Wheel Drive,25.3546153846154,Ford,Manual 4-spd,8.0,5.0
416,Standard Pickup Trucks,Regular,4-Wheel or All-Wheel Drive,25.3546153846154,Ford,Manual 5-spd,8.0,5.0
417,Standard Pickup Trucks,Regular,4-Wheel or All-Wheel Drive,27.4675,Ford,Automatic 4-spd,8.0,5.8
418,Standard Pickup Trucks,Regular,4-Wheel or All-Wheel Drive,15.6957142857143,Ford,Manual 5-spd,4.0,2.3
419,Standard Pickup Trucks,Regular,4-Wheel or All-Wheel Drive,18.3116666666667,Ford,Automatic 4-spd,6.0,3.0
420,Standard Pickup Trucks,Regular,4-Wheel or All-Wheel Drive,18.3116666666667,Ford,Manual 5-spd,6.0,3.0
421,Standard Pickup Trucks,Regular,4-Wheel or All-Wheel Drive,19.3888235294118,Ford,Automatic 4-spd,6.0,4.0
422,Standard Pickup Trucks,Regular,4-Wheel or All-Wheel Drive,18.3116666666667,Ford,Manual 5-spd,6.0,4.0
423,Standard Pickup Trucks,Regular,4-Wheel or All-Wheel Drive,21.974,GMC,Automatic 4-spd,6.0,4.3
424,Special Purpose Vehicle 2WD,Regular,Rear-Wheel Drive,15.6957142857143,Chevrolet,Manual 4-spd,4.0,2.5
425,Standard Pickup Trucks,Regular,4-Wheel or All-Wheel Drive,21.974,GMC,Manual 5-spd,6.0,4.3
426,Standard Pickup Trucks,Regular,4-Wheel or All-Wheel Drive,20.600625,GMC,Manual 5-spd,6.0,4.3
427,Standard Pickup Trucks,Regular,4-Wheel or All-Wheel Drive,23.5435714285714,GMC,Automatic 4-spd,8.0,5.0
428,Standard Pickup Trucks,Regular,4-Wheel or All-Wheel Drive,25.3546153846154,GMC,Manual 5-spd,8.0,5.0
429,Standard Pickup Trucks,Regular,4-Wheel or All-Wheel Drive,25.3546153846154,GMC,Automatic 4-spd,8.0,5.7
430,Standard Pickup Trucks,Regular,4-Wheel or All-Wheel Drive,25.3546153846154,GMC,Manual 5-spd,8.0,5.7
431,Standard Pickup Trucks,Regular,4-Wheel or All-Wheel Drive,27.4675,GMC,Manual 5-spd,8.0,5.7
432,Standard Pickup Trucks,Diesel,4-Wheel or All-Wheel Drive,22.4814705882353,GMC,Automatic 4-spd,8.0,6.2
433,Standard Pickup Trucks,Regular,4-Wheel or All-Wheel Drive,21.974,GMC,Automatic 4-spd,6.0,4.3
434,Standard Pickup Trucks,Regular,4-Wheel or All-Wheel Drive,23.5435714285714,GMC,Manual 5-spd,6.0,4.3
435,Special Purpose Vehicle 2WD,Regular,Rear-Wheel Drive,14.9822727272727,Chevrolet,Manual 5-spd,4.0,2.5
436,Standard Pickup Trucks,Regular,4-Wheel or All-Wheel Drive,21.974,GMC,Manual 5-spd,6.0,4.3
437,Standard Pickup Trucks,Regular,4-Wheel or All-Wheel Drive,23.5435714285714,GMC,Automatic 4-spd,8.0,5.0
438,Standard Pickup Trucks,Regular,4-Wheel or All-Wheel Drive,25.3546153846154,GMC,Manual 5-spd,8.0,5.0
439,Standard Pickup Trucks,Regular,4-Wheel or All-Wheel Drive,25.3546153846154,GMC,Automatic 4-spd,8.0,5.7
440,Standard Pickup Trucks,Regular,4-Wheel or All-Wheel Drive,25.3546153846154,GMC,Manual 5-spd,8.0,5.7
441,Standard Pickup Trucks,Regular,4-Wheel or All-Wheel Drive,27.4675,GMC,Manual 5-spd,8.0,5.7
442,Standard Pickup Trucks,Diesel,4-Wheel or All-Wheel Drive,22.4814705882353,GMC,Automatic 4-spd,8.0,6.2
443,Standard Pickup Trucks,Premium,4-Wheel or All-Wheel Drive,20.600625,GMC,Automatic 4-spd,6.0,4.3
444,Standard Pickup Trucks,Regular,4-Wheel or All-Wheel Drive,20.600625,GMC,Automatic 4-spd,6.0,4.3
445,Standard Pickup Trucks,Regular,4-Wheel or All-Wheel Drive,20.600625,GMC,Manual 5-spd,6.0,4.3
446,Subcompact Cars,Regular,Front-Wheel Drive,9.69441176470588,Dodge,Manual 4-spd,4.0,1.5
447,Special Purpose Vehicle 2WD,Regular,Rear-Wheel Drive,18.3116666666667,Chevrolet,Automatic 4-spd,6.0,2.8
448,Standard Pickup Trucks,Regular,4-Wheel or All-Wheel Drive,19.3888235294118,Isuzu,Manual 5-spd,4.0,2.6
449,Standard Pickup Trucks,Regular,4-Wheel or All-Wheel Drive,21.974,Isuzu,Manual 5-spd,6.0,3.1
450,Standard Pickup Trucks,Regular,4-Wheel or All-Wheel Drive,19.3888235294118,Mitsubishi,Automatic 4-spd,4.0,2.4
451,Standard Pickup Trucks,Regular,4-Wheel or All-Wheel Drive,18.3116666666667,Mitsubishi,Manual 5-spd,4.0,2.4
452,Standard Pickup Trucks,Regular,4-Wheel or All-Wheel Drive,19.3888235294118,Mitsubishi,Manual 5-spd,6.0,3.0
453,Standard Pickup Trucks,Regular,4-Wheel or All-Wheel Drive,19.3888235294118,Mazda,Automatic 4-spd,4.0,2.6
454,Standard Pickup Trucks,Regular,4-Wheel or All-Wheel Drive,19.3888235294118,Mazda,Manual 5-spd,4.0,2.6
455,Standard Pickup Trucks,Regular,4-Wheel or All-Wheel Drive,19.3888235294118,Toyota,Automatic 4-spd,4.0,2.4
456,Standard Pickup Trucks,Regular,4-Wheel or All-Wheel Drive,18.3116666666667,Toyota,Manual 5-spd,4.0,2.4
457,Standard Pickup Trucks,Regular,4-Wheel or All-Wheel Drive,25.3546153846154,Toyota,Automatic 4-spd,6.0,3.0
458,Special Purpose Vehicle 2WD,Regular,Rear-Wheel Drive,17.3478947368421,Chevrolet,Manual 4-spd,6.0,2.8
459,Standard Pickup Trucks,Regular,4-Wheel or All-Wheel Drive,23.5435714285714,Toyota,Automatic 4-spd,6.0,3.0
460,Standard Pickup Trucks,Regular,4-Wheel or All-Wheel Drive,21.974,Toyota,Manual 5-spd,6.0,3.0
461,Vans,Premium,4-Wheel or All-Wheel Drive,20.600625,Chevrolet,Automatic 4-spd,6.0,4.3
462,Vans,Premium,Rear-Wheel Drive,19.3888235294118,Chevrolet,Automatic 4-spd,6.0,4.3
463,Vans,Regular,Rear-Wheel Drive,19.3888235294118,Chevrolet,Automatic 4-spd,6.0,4.3
464,Vans,Regular,Rear-Wheel Drive,19.3888235294118,Chevrolet,Automatic 4-spd,6.0,4.3
465,Vans,Regular,Rear-Wheel Drive,21.974,Chevrolet,Automatic 4-spd,8.0,5.0
466,Vans,Regular,Rear-Wheel Drive,23.5435714285714,Chevrolet,Automatic 4-spd,8.0,5.7
467,Vans,Regular,Rear-Wheel Drive,20.600625,Chevrolet,Automatic 4-spd,6.0,4.3
468,Vans,Regular,Rear-Wheel Drive,23.5435714285714,Chevrolet,Automatic 4-spd,8.0,5.7
469,Special Purpose Vehicle 2WD,Regular,Rear-Wheel Drive,18.3116666666667,Chevrolet,Manual 5-spd,6.0,2.8
470,Vans,Regular,Rear-Wheel Drive,23.5435714285714,Dodge,Automatic 4-spd,6.0,3.9
471,Vans,Regular,Rear-Wheel Drive,21.974,Dodge,Automatic 3-spd,6.0,3.9
472,Vans,Regular,Rear-Wheel Drive,23.5435714285714,Dodge,Manual 5-spd,6.0,3.9
473,Vans,Regular,Rear-Wheel Drive,27.4675,Dodge,Automatic 3-spd,8.0,5.2
474,Vans,Regular,Rear-Wheel Drive,25.3546153846154,Dodge,Automatic 4-spd,8.0,5.2
475,Vans,Regular,Rear-Wheel Drive,25.3546153846154,Dodge,Automatic 4-spd,8.0,5.9
476,Vans,Regular,Rear-Wheel Drive,23.5435714285714,Dodge,Automatic 3-spd,6.0,3.9
477,Vans,Regular,Rear-Wheel Drive,25.3546153846154,Dodge,Automatic 4-spd,8.0,5.2
478,Vans,Regular,Rear-Wheel Drive,27.4675,Dodge,Automatic 4-spd,8.0,5.9
479,Vans,Regular,Rear-Wheel Drive,18.3116666666667,Ford,Automatic 4-spd,6.0,3.0
480,Special Purpose Vehicle 2WD,Regular,Rear-Wheel Drive,29.9645454545455,Dodge,Automatic 3-spd,8.0,5.2
481,Vans,Regular,Rear-Wheel Drive,17.3478947368421,Ford,Manual 5-spd,6.0,3.0
482,Vans,Regular,Rear-Wheel Drive,19.3888235294118,Ford,Automatic 4-spd,6.0,4.0
483,Vans,Regular,4-Wheel or All-Wheel Drive,19.3888235294118,Ford,Automatic 4-spd,6.0,4.0
484,Vans,Regular,Rear-Wheel Drive,23.5435714285714,Ford,Automatic 3-spd,6.0,4.9
485,Vans,Regular,Rear-Wheel Drive,21.974,Ford,Automatic 4-spd,6.0,4.9
486,Vans,Regular,Rear-Wheel Drive,23.5435714285714,Ford,Automatic 4-spd,8.0,5.0
487,Vans,Regular,Rear-Wheel Drive,23.5435714285714,Ford,Automatic 4-spd,8.0,5.0
488,Vans,Regular,Rear-Wheel Drive,27.4675,Ford,Automatic 4-spd,8.0,5.8
489,Vans,Regular,Rear-Wheel Drive,25.3546153846154,Ford,Automatic 3-spd,6.0,4.9
490,Vans,Regular,Rear-Wheel Drive,23.5435714285714,Ford,Automatic 4-spd,6.0,4.9
491,Special Purpose Vehicle 2WD,Regular,Rear-Wheel Drive,27.4675,Dodge,Automatic 3-spd,8.0,5.2
492,Vans,Regular,Rear-Wheel Drive,29.9645454545455,Ford,Automatic 4-spd,8.0,5.8
493,Vans,Regular,Rear-Wheel Drive,19.3888235294118,GMC,Automatic 4-spd,6.0,4.3
494,Vans,Regular,Rear-Wheel Drive,21.974,GMC,Automatic 4-spd,8.0,5.0
495,Vans,Regular,Rear-Wheel Drive,23.5435714285714,GMC,Automatic 4-spd,8.0,5.7
496,Vans,Regular,Rear-Wheel Drive,19.3888235294118,GMC,Automatic 4-spd,6.0,4.3
497,Vans,Regular,Rear-Wheel Drive,23.5435714285714,GMC,Automatic 4-spd,8.0,5.7
498,Vans,Premium,4-Wheel or All-Wheel Drive,20.600625,GMC,Automatic 4-spd,6.0,4.3
499,Vans,Premium,Rear-Wheel Drive,19.3888235294118,GMC,Automatic 4-spd,6.0,4.3
500,Vans,Regular,Rear-Wheel Drive,19.3888235294118,GMC,Automatic 4-spd,6.0,4.3
501,Vans,Premium,4-Wheel or All-Wheel Drive,21.974,Chevrolet,Automatic 4-spd,6.0,4.3
502,Special Purpose Vehicle 2WD,Regular,Rear-Wheel Drive,25.3546153846154,Dodge,Automatic 3-spd,8.0,5.2
503,Vans,Premium,Rear-Wheel Drive,20.600625,Chevrolet,Automatic 4-spd,6.0,4.3
504,Vans,Regular,Rear-Wheel Drive,19.3888235294118,Chevrolet,Automatic 4-spd,6.0,4.3
505,Vans,Regular,Rear-Wheel Drive,21.974,Chevrolet,Automatic 4-spd,6.0,4.3
506,Vans,Regular,Rear-Wheel Drive,25.3546153846154,Chevrolet,Automatic 4-spd,8.0,5.0
507,Vans,Regular,Rear-Wheel Drive,25.3546153846154,Chevrolet,Automatic 4-spd,8.0,5.7
508,Vans,Regular,Rear-Wheel Drive,25.3546153846154,Chevrolet,Automatic 4-spd,8.0,5.7
509,Vans,Regular,Rear-Wheel Drive,23.5435714285714,Dodge,Automatic 4-spd,6.0,3.9
510,Vans,Regular,Rear-Wheel Drive,23.5435714285714,Dodge,Automatic 3-spd,6.0,3.9
511,Vans,Regular,Rear-Wheel Drive,23.5435714285714,Dodge,Manual 5-spd,6.0,3.9
512,Vans,Regular,Rear-Wheel Drive,27.4675,Dodge,Automatic 3-spd,8.0,5.2
513,Special Purpose Vehicle 2WD,Regular,Rear-Wheel Drive,29.9645454545455,Dodge,Automatic 3-spd,8.0,5.9
514,Vans,Regular,Rear-Wheel Drive,25.3546153846154,Dodge,Automatic 4-spd,8.0,5.2
515,Vans,Regular,Rear-Wheel Drive,27.4675,Dodge,Automatic 4-spd,8.0,5.9
516,Vans,Regular,Rear-Wheel Drive,27.4675,Dodge,Automatic 4-spd,8.0,5.2
517,Vans,Regular,Rear-Wheel Drive,27.4675,Dodge,Automatic 4-spd,8.0,5.9
518,Vans,Regular,Rear-Wheel Drive,19.3888235294118,Ford,Automatic 4-spd,6.0,3.0
519,Vans,Regular,Rear-Wheel Drive,19.3888235294118,Ford,Manual 5-spd,6.0,3.0
520,Vans,Regular,Rear-Wheel Drive,19.3888235294118,Ford,Automatic 4-spd,6.0,4.0
521,Vans,Regular,4-Wheel or All-Wheel Drive,20.600625,Ford,Automatic 4-spd,6.0,4.0
522,Vans,Regular,Rear-Wheel Drive,23.5435714285714,Ford,Automatic 4-spd,6.0,4.9
523,Vans,Regular,Rear-Wheel Drive,23.5435714285714,Ford,Automatic 4-spd,8.0,5.0
524,Special Purpose Vehicle 2WD,Regular,Front-Wheel Drive,19.3888235294118,Dodge,Automatic 3-spd,4.0,2.2
525,Vans,Regular,Rear-Wheel Drive,25.3546153846154,Ford,Automatic 4-spd,8.0,5.0
526,Vans,Regular,Rear-Wheel Drive,27.4675,Ford,Automatic 4-spd,8.0,5.8
527,Vans,Regular,Rear-Wheel Drive,21.974,GMC,Automatic 4-spd,6.0,4.3
528,Vans,Regular,Rear-Wheel Drive,25.3546153846154,GMC,Automatic 4-spd,8.0,5.0
529,Vans,Regular,Rear-Wheel Drive,25.3546153846154,GMC,Automatic 4-spd,8.0,5.7
530,Vans,Regular,Rear-Wheel Drive,25.3546153846154,GMC,Automatic 4-spd,8.0,5.7
531,Vans,Premium,4-Wheel or All-Wheel Drive,21.974,GMC,Automatic 4-spd,6.0,4.3
532,Vans,Premium,Rear-Wheel Drive,20.600625,GMC,Automatic 4-spd,6.0,4.3
533,Vans,Regular,Rear-Wheel Drive,19.3888235294118,GMC,Automatic 4-spd,6.0,4.3
534,Vans,Regular,Rear-Wheel Drive,19.3888235294118,Toyota,Automatic 4-spd,4.0,2.4
535,Special Purpose Vehicle 2WD,Regular,Front-Wheel Drive,18.3116666666667,Dodge,Automatic 3-spd,4.0,2.2
536,Vans,Regular,Rear-Wheel Drive,18.3116666666667,Toyota,Manual 5-spd,4.0,2.4
537,Vans,Regular,4-Wheel or All-Wheel Drive,19.3888235294118,Toyota,Automatic 4-spd,4.0,2.4
538,Vans,Regular,Front-Wheel Drive,20.600625,Volkswagen,Automatic 4-spd,5.0,2.5
539,Vans,Regular,Front-Wheel Drive,19.3888235294118,Volkswagen,Manual 5-spd,5.0,2.5
540,Special Purpose Vehicles,Regular,Front-Wheel Drive,18.3116666666667,Chevrolet,Automatic 3-spd,6.0,3.1
541,Special Purpose Vehicles,Regular,Front-Wheel Drive,18.3116666666667,Chevrolet,Automatic 4-spd,6.0,3.8
542,Special Purpose Vehicles,Regular,Rear-Wheel Drive,25.3546153846154,Chevrolet,Automatic 4-spd,8.0,5.7
543,Special Purpose Vehicles,Premium,Rear-Wheel Drive,18.3116666666667,Chevrolet,Automatic 4-spd,6.0,4.3
544,Special Purpose Vehicles,Regular,Rear-Wheel Drive,18.3116666666667,Chevrolet,Manual 5-spd,6.0,4.3
545,Special Purpose Vehicles,Regular,Rear-Wheel Drive,20.600625,Nissan,Automatic 4-spd,6.0,3.0
546,Special Purpose Vehicle 2WD,Regular,Front-Wheel Drive,14.3308695652174,Dodge,Manual 4-spd,4.0,2.2
547,Special Purpose Vehicles,Regular,Rear-Wheel Drive,21.974,Nissan,Manual 5-spd,6.0,3.0
548,Special Purpose Vehicles,Regular,Front-Wheel Drive,18.3116666666667,Nissan,Automatic 4-spd,6.0,3.0
549,Special Purpose Vehicles,Regular,Front-Wheel Drive,18.3116666666667,Chrysler,Automatic 4-spd,6.0,3.3
550,Special Purpose Vehicles,Regular,Front-Wheel Drive,16.4805,Dodge,Automatic 3-spd,4.0,2.5
551,Special Purpose Vehicles,Regular,Front-Wheel Drive,15.6957142857143,Dodge,Manual 5-spd,4.0,2.5
552,Special Purpose Vehicles,Regular,Front-Wheel Drive,17.3478947368421,Dodge,Automatic 3-spd,6.0,3.0
553,Special Purpose Vehicles,Regular,Front-Wheel Drive,18.3116666666667,Dodge,Automatic 4-spd,6.0,3.3
554,Special Purpose Vehicles,Regular,Front-Wheel Drive,16.4805,Dodge,Automatic 3-spd,4.0,2.5
555,Special Purpose Vehicles,Regular,Front-Wheel Drive,15.6957142857143,Dodge,Manual 5-spd,4.0,2.5
556,Special Purpose Vehicles,Regular,Front-Wheel Drive,17.3478947368421,Dodge,Automatic 3-spd,6.0,3.0
557,Subcompact Cars,Regular,Front-Wheel Drive,10.987,Dodge,Manual 5-spd,4.0,1.5
558,Special Purpose Vehicle 2WD,Regular,Front-Wheel Drive,14.3308695652174,Dodge,Manual 4-spd,4.0,2.2
559,Special Purpose Vehicles,Regular,Front-Wheel Drive,18.3116666666667,Dodge,Automatic 4-spd,6.0,3.3
560,Special Purpose Vehicles,Regular,Rear-Wheel Drive,25.3546153846154,Dodge,Automatic 4-spd,8.0,5.2
561,Special Purpose Vehicles,Regular,Rear-Wheel Drive,25.3546153846154,Dodge,Automatic 4-spd,8.0,5.9
562,Special Purpose Vehicles,Regular,Rear-Wheel Drive,17.3478947368421,Jeep,Manual 5-spd,4.0,2.5
563,Special Purpose Vehicles,Regular,Rear-Wheel Drive,20.600625,Jeep,Automatic 4-spd,6.0,4.0
564,Special Purpose Vehicles,Regular,Rear-Wheel Drive,19.3888235294118,Jeep,Manual 5-spd,6.0,4.0
565,Special Purpose Vehicles,Regular,Rear-Wheel Drive,19.3888235294118,Ford,Automatic 4-spd,6.0,4.0
566,Special Purpose Vehicles,Regular,Rear-Wheel Drive,18.3116666666667,Ford,Manual 5-spd,6.0,4.0
567,Special Purpose Vehicles,Regular,Front-Wheel Drive,18.3116666666667,Mercury,Automatic 4-spd,6.0,3.0
568,Special Purpose Vehicles,Regular,Front-Wheel Drive,18.3116666666667,Mercury,Automatic 4-spd,6.0,3.0
569,Special Purpose Vehicle 2WD,Regular,Front-Wheel Drive,15.6957142857143,Dodge,Manual 5-spd,4.0,2.2
570,Special Purpose Vehicles,Regular,Rear-Wheel Drive,15.6957142857143,Geo,Automatic 3-spd,4.0,1.6
571,Special Purpose Vehicles,Regular,Rear-Wheel Drive,14.3308695652174,Geo,Manual 5-spd,4.0,1.6
572,Special Purpose Vehicles,Regular,Rear-Wheel Drive,25.3546153846154,GMC,Automatic 4-spd,8.0,5.7
573,Special Purpose Vehicles,Premium,Rear-Wheel Drive,18.3116666666667,GMC,Automatic 4-spd,6.0,4.3
574,Special Purpose Vehicles,Regular,Rear-Wheel Drive,18.3116666666667,GMC,Manual 5-spd,6.0,4.3
575,Special Purpose Vehicles,Regular,Rear-Wheel Drive,19.3888235294118,Isuzu,Manual 5-spd,4.0,2.3
576,Special Purpose Vehicles,Regular,Rear-Wheel Drive,19.3888235294118,Isuzu,Automatic 4-spd,4.0,2.6
577,Special Purpose Vehicles,Regular,Rear-Wheel Drive,19.3888235294118,Isuzu,Manual 5-spd,4.0,2.6
578,Special Purpose Vehicles,Regular,Rear-Wheel Drive,19.3888235294118,Isuzu,Manual 5-spd,4.0,2.6
579,Special Purpose Vehicles,Regular,Rear-Wheel Drive,18.3116666666667,Mazda,Automatic 4-spd,4.0,2.6
580,Special Purpose Vehicle 2WD,Regular,Front-Wheel Drive,16.4805,Dodge,Manual 5-spd,4.0,2.2
581,Special Purpose Vehicles,Regular,Rear-Wheel Drive,19.3888235294118,Mazda,Automatic 4-spd,6.0,3.0
582,Special Purpose Vehicles,Regular,Front-Wheel Drive,18.3116666666667,Pontiac,Automatic 3-spd,6.0,3.1
583,Special Purpose Vehicles,Regular,Front-Wheel Drive,18.3116666666667,Pontiac,Automatic 4-spd,6.0,3.8
584,Special Purpose Vehicles,Regular,Front-Wheel Drive,16.4805,Plymouth,Automatic 3-spd,4.0,2.5
585,Special Purpose Vehicles,Regular,Front-Wheel Drive,15.6957142857143,Plymouth,Manual 5-spd,4.0,2.5
586,Special Purpose Vehicles,Regular,Front-Wheel Drive,17.3478947368421,Plymouth,Automatic 3-spd,6.0,3.0
587,Special Purpose Vehicles,Regular,Front-Wheel Drive,18.3116666666667,Plymouth,Automatic 4-spd,6.0,3.3
588,Special Purpose Vehicles,Regular,Rear-Wheel Drive,13.1844,Suzuki,Manual 5-spd,4.0,1.3
589,Special Purpose Vehicles,Regular,Rear-Wheel Drive,14.9822727272727,Suzuki,Manual 5-spd,4.0,1.6
590,Special Purpose Vehicles,Regular,Rear-Wheel Drive,15.6957142857143,Suzuki,Manual 5-spd,4.0,1.6
591,Special Purpose Vehicle 2WD,Regular,Front-Wheel Drive,19.3888235294118,Dodge,Automatic 3-spd,4.0,2.6
592,Special Purpose Vehicles,Regular,Rear-Wheel Drive,15.6957142857143,Suzuki,Automatic 3-spd,4.0,1.6
593,Special Purpose Vehicles,Regular,Rear-Wheel Drive,14.3308695652174,Suzuki,Manual 5-spd,4.0,1.6
594,Special Purpose Vehicles,Regular,Front-Wheel Drive,18.3116666666667,Oldsmobile,Automatic 3-spd,6.0,3.1
595,Special Purpose Vehicles,Regular,Front-Wheel Drive,18.3116666666667,Oldsmobile,Automatic 4-spd,6.0,3.8
596,Special Purpose Vehicles,Regular,Rear-Wheel Drive,19.3888235294118,Toyota,Automatic 4-spd,6.0,3.0
597,Special Purpose Vehicles,Regular,4-Wheel or All-Wheel Drive,25.3546153846154,Chevrolet,Automatic 4-spd,8.0,5.7
598,Special Purpose Vehicles,Regular,4-Wheel or All-Wheel Drive,25.3546153846154,Chevrolet,Manual 5-spd,8.0,5.7
599,Special Purpose Vehicles,Regular,4-Wheel or All-Wheel Drive,27.4675,Chevrolet,Automatic 4-spd,8.0,5.7
600,Special Purpose Vehicles,Premium,4-Wheel or All-Wheel Drive,20.600625,Chevrolet,Automatic 4-spd,6.0,4.3
601,Special Purpose Vehicles,Regular,4-Wheel or All-Wheel Drive,20.600625,Chevrolet,Manual 5-spd,6.0,4.3
602,Special Purpose Vehicles,Regular,Front-Wheel Drive,19.3888235294118,"E. P. Dutton, Inc.",Automatic 4-spd,8.0,4.1
603,Special Purpose Vehicles,Regular,4-Wheel or All-Wheel Drive,21.974,Nissan,Automatic 4-spd,6.0,3.0
604,Special Purpose Vehicles,Regular,4-Wheel or All-Wheel Drive,21.974,Nissan,Manual 5-spd,6.0,3.0
605,Special Purpose Vehicles,Regular,4-Wheel or All-Wheel Drive,19.3888235294118,Chrysler,Automatic 4-spd,6.0,3.3
606,Special Purpose Vehicles,Regular,4-Wheel or All-Wheel Drive,19.3888235294118,Dodge,Automatic 4-spd,6.0,3.3
607,Special Purpose Vehicles,Regular,4-Wheel or All-Wheel Drive,27.4675,Dodge,Automatic 4-spd,8.0,5.2
608,Special Purpose Vehicles,Regular,4-Wheel or All-Wheel Drive,27.4675,Dodge,Automatic 4-spd,8.0,5.9
609,Special Purpose Vehicles,Regular,4-Wheel or All-Wheel Drive,18.3116666666667,Jeep,Manual 5-spd,4.0,2.5
610,Special Purpose Vehicles,Regular,4-Wheel or All-Wheel Drive,21.974,Jeep,Automatic 4-spd,6.0,4.0
611,Special Purpose Vehicles,Regular,4-Wheel or All-Wheel Drive,20.600625,Jeep,Manual 5-spd,6.0,4.0
612,Special Purpose Vehicles,Regular,4-Wheel or All-Wheel Drive,21.974,Jeep,Automatic 4-spd,6.0,4.0
613,Special Purpose Vehicle 2WD,Regular,Rear-Wheel Drive,23.5435714285714,GMC,Automatic 4-spd,8.0,5.0
614,Special Purpose Vehicles,Regular,4-Wheel or All-Wheel Drive,21.974,Jeep,Automatic 4-spd,6.0,4.0
615,Special Purpose Vehicles,Regular,4-Wheel or All-Wheel Drive,20.600625,Jeep,Manual 5-spd,6.0,4.0
616,Special Purpose Vehicles,Regular,4-Wheel or All-Wheel Drive,20.600625,Jeep,Manual 5-spd,6.0,4.0
617,Special Purpose Vehicles,Regular,4-Wheel or All-Wheel Drive,23.5435714285714,Jeep,Automatic 4-spd,8.0,5.2
618,Special Purpose Vehicles,Regular,4-Wheel or All-Wheel Drive,19.3888235294118,Jeep,Manual 5-spd,4.0,2.5
619,Special Purpose Vehicles,Regular,4-Wheel or All-Wheel Drive,23.5435714285714,Jeep,Automatic 3-spd,6.0,4.0
620,Special Purpose Vehicles,Regular,4-Wheel or All-Wheel Drive,20.600625,Jeep,Manual 5-spd,6.0,4.0
621,Special Purpose Vehicles,Regular,4-Wheel or All-Wheel Drive,23.5435714285714,Ford,Automatic 4-spd,8.0,5.0
622,Special Purpose Vehicles,Regular,4-Wheel or All-Wheel Drive,25.3546153846154,Ford,Manual 5-spd,8.0,5.0
623,Special Purpose Vehicles,Regular,4-Wheel or All-Wheel Drive,27.4675,Ford,Automatic 4-spd,8.0,5.8
624,Special Purpose Vehicle 2WD,Regular,Rear-Wheel Drive,25.3546153846154,GMC,Automatic 4-spd,8.0,5.7
625,Special Purpose Vehicles,Regular,4-Wheel or All-Wheel Drive,20.600625,Ford,Automatic 4-spd,6.0,4.0
626,Special Purpose Vehicles,Regular,4-Wheel or All-Wheel Drive,19.3888235294118,Ford,Manual 5-spd,6.0,4.0
627,Special Purpose Vehicles,Regular,4-Wheel or All-Wheel Drive,15.6957142857143,Geo,Automatic 3-spd,4.0,1.6
628,Special Purpose Vehicles,Regular,4-Wheel or All-Wheel Drive,14.3308695652174,Geo,Manual 5-spd,4.0,1.6
629,Special Purpose Vehicles,Regular,4-Wheel or All-Wheel Drive,15.6957142857143,Geo,Automatic 3-spd,4.0,1.6
630,Special Purpose Vehicles,Regular,4-Wheel or All-Wheel Drive,14.3308695652174,Geo,Manual 5-spd,4.0,1.6
631,Special Purpose Vehicles,Premium,4-Wheel or All-Wheel Drive,20.600625,GMC,Automatic 4-spd,6.0,4.3
632,Special Purpose Vehicles,Regular,4-Wheel or All-Wheel Drive,20.600625,GMC,Manual 5-spd,6.0,4.3
633,Special Purpose Vehicles,Regular,4-Wheel or All-Wheel Drive,27.4675,GMC,Automatic 4-spd,8.0,5.7
634,Special Purpose Vehicles,Regular,4-Wheel or All-Wheel Drive,25.3546153846154,GMC,Automatic 4-spd,8.0,5.7
635,Special Purpose Vehicle 2WD,Diesel,Rear-Wheel Drive,21.2325,GMC,Automatic 4-spd,8.0,6.2
636,Special Purpose Vehicles,Regular,4-Wheel or All-Wheel Drive,25.3546153846154,GMC,Manual 5-spd,8.0,5.7
637,Special Purpose Vehicles,Regular,4-Wheel or All-Wheel Drive,19.3888235294118,Isuzu,Manual 5-spd,4.0,2.6
638,Special Purpose Vehicles,Regular,4-Wheel or All-Wheel Drive,21.974,Isuzu,Automatic 4-spd,6.0,3.2
639,Special Purpose Vehicles,Regular,4-Wheel or All-Wheel Drive,21.974,Isuzu,Automatic 4-spd,6.0,3.2
640,Special Purpose Vehicles,Regular,4-Wheel or All-Wheel Drive,23.5435714285714,Isuzu,Manual 5-spd,6.0,3.2
641,Special Purpose Vehicles,Regular,4-Wheel or All-Wheel Drive,20.600625,Isuzu,Manual 5-spd,6.0,3.2
642,Special Purpose Vehicles,Premium,4-Wheel or All-Wheel Drive,32.961,Land Rover,Manual 5-spd,8.0,3.9
643,Special Purpose Vehicles,Premium,4-Wheel or All-Wheel Drive,27.4675,Land Rover,Automatic 4-spd,8.0,3.9
644,Special Purpose Vehicles,Premium,4-Wheel or All-Wheel Drive,27.4675,Land Rover,Automatic 4-spd,8.0,4.3
645,Special Purpose Vehicles,Regular,4-Wheel or All-Wheel Drive,21.974,Mitsubishi,Automatic 4-spd,6.0,3.0
646,Special Purpose Vehicle 2WD,Regular,Rear-Wheel Drive,16.4805,GMC,Automatic 4-spd,4.0,2.5
647,Special Purpose Vehicles,Regular,4-Wheel or All-Wheel Drive,21.974,Mitsubishi,Manual 5-spd,6.0,3.0
648,Special Purpose Vehicles,Regular,4-Wheel or All-Wheel Drive,21.974,Mazda,Automatic 4-spd,6.0,3.0
649,Special Purpose Vehicles,Regular,Rear-Wheel Drive,19.3888235294118,Mazda,Automatic 4-spd,6.0,4.0
650,Special Purpose Vehicles,Regular,Rear-Wheel Drive,18.3116666666667,Mazda,Manual 5-spd,6.0,4.0
651,Special Purpose Vehicles,Regular,4-Wheel or All-Wheel Drive,20.600625,Mazda,Automatic 4-spd,6.0,4.0
652,Special Purpose Vehicles,Regular,4-Wheel or All-Wheel Drive,18.3116666666667,Mazda,Manual 5-spd,6.0,4.0
653,Special Purpose Vehicles,Premium,4-Wheel or All-Wheel Drive,23.5435714285714,"PAS, Inc",Automatic 4-spd,6.0,4.3
654,Special Purpose Vehicles,Regular,4-Wheel or All-Wheel Drive,19.3888235294118,Plymouth,Automatic 4-spd,6.0,3.3
655,Special Purpose Vehicles,Regular,4-Wheel or All-Wheel Drive,16.4805,Subaru,Automatic 3-spd,4.0,1.8
656,Special Purpose Vehicles,Regular,4-Wheel or All-Wheel Drive,14.3308695652174,Subaru,Manual 5-spd,4.0,1.8
657,Special Purpose Vehicle 2WD,Regular,Rear-Wheel Drive,15.6957142857143,GMC,Manual 4-spd,4.0,2.5
658,Special Purpose Vehicles,Regular,4-Wheel or All-Wheel Drive,16.4805,Subaru,Automatic 3-spd,4.0,1.8
659,Special Purpose Vehicles,Regular,4-Wheel or All-Wheel Drive,14.3308695652174,Subaru,Manual 5-spd,4.0,1.8
660,Special Purpose Vehicles,Regular,4-Wheel or All-Wheel Drive,13.1844,Suzuki,Manual 5-spd,4.0,1.3
661,Special Purpose Vehicles,Regular,4-Wheel or All-Wheel Drive,15.6957142857143,Suzuki,Automatic 3-spd,4.0,1.6
662,Special Purpose Vehicles,Regular,4-Wheel or All-Wheel Drive,15.6957142857143,Suzuki,Automatic 4-spd,4.0,1.6
663,Special Purpose Vehicles,Regular,4-Wheel or All-Wheel Drive,15.6957142857143,Suzuki,Automatic 4-spd,4.0,1.6
664,Special Purpose Vehicles,Regular,4-Wheel or All-Wheel Drive,15.6957142857143,Suzuki,Manual 5-spd,4.0,1.6
665,Special Purpose Vehicles,Regular,4-Wheel or All-Wheel Drive,14.3308695652174,Suzuki,Manual 5-spd,4.0,1.6
666,Special Purpose Vehicles,Regular,4-Wheel or All-Wheel Drive,14.9822727272727,Suzuki,Manual 5-spd,4.0,1.6
667,Special Purpose Vehicles,Regular,4-Wheel or All-Wheel Drive,15.6957142857143,Suzuki,Automatic 3-spd,4.0,1.6
668,Subcompact Cars,Premium,Front-Wheel Drive,14.9822727272727,Dodge,Automatic 3-spd,4.0,1.6
669,Special Purpose Vehicle 2WD,Regular,Rear-Wheel Drive,14.9822727272727,GMC,Manual 5-spd,4.0,2.5
670,Special Purpose Vehicles,Regular,4-Wheel or All-Wheel Drive,14.3308695652174,Suzuki,Manual 5-spd,4.0,1.6
671,Special Purpose Vehicles,Premium,4-Wheel or All-Wheel Drive,20.600625,Oldsmobile,Automatic 4-spd,6.0,4.3
672,Special Purpose Vehicles,Regular,4-Wheel or All-Wheel Drive,27.4675,Toyota,Automatic 4-spd,6.0,4.5
673,Special Purpose Vehicles,Regular,4-Wheel or All-Wheel Drive,19.3888235294118,Toyota,Automatic 4-spd,4.0,2.4
674,Special Purpose Vehicles,Regular,4-Wheel or All-Wheel Drive,18.3116666666667,Toyota,Manual 5-spd,4.0,2.4
675,Special Purpose Vehicles,Regular,4-Wheel or All-Wheel Drive,25.3546153846154,Toyota,Automatic 4-spd,6.0,3.0
676,Special Purpose Vehicles,Regular,4-Wheel or All-Wheel Drive,23.5435714285714,Toyota,Manual 5-spd,6.0,3.0
677,Special Purpose Vehicles,Premium,Front-Wheel Drive,20.600625,Cadillac,Automatic 4-spd,8.0,4.9
678,Special Purpose Vehicles,Regular,Rear-Wheel Drive,19.3888235294118,Chevrolet,Automatic 4-spd,8.0,5.7
679,Special Purpose Vehicles,Regular,Rear-Wheel Drive,21.974,Chevrolet,Automatic 3-spd,4.0,2.5
680,Special Purpose Vehicle 2WD,Regular,Rear-Wheel Drive,18.3116666666667,GMC,Automatic 4-spd,6.0,2.8
681,Special Purpose Vehicles,Regular,Rear-Wheel Drive,27.4675,Dodge,Automatic 4-spd,6.0,3.9
682,Special Purpose Vehicles,Regular,Rear-Wheel Drive,27.4675,Dodge,Manual 5-spd,6.0,3.9
683,Special Purpose Vehicles,Regular,Rear-Wheel Drive,25.3546153846154,Dodge,Automatic 4-spd,8.0,5.2
684,Special Purpose Vehicles,Regular,Rear-Wheel Drive,27.4675,Dodge,Automatic 4-spd,8.0,5.9
685,Special Purpose Vehicles,Regular,Rear-Wheel Drive,19.3888235294118,Buick,Automatic 4-spd,8.0,5.7
686,Special Purpose Vehicles,Regular,Rear-Wheel Drive,32.961,Toyota,Automatic 4-spd,6.0,3.0
687,Special Purpose Vehicles,Regular,Rear-Wheel Drive,29.9645454545455,Toyota,Manual 5-spd,6.0,3.0
688,Two Seaters,Premium,Rear-Wheel Drive,18.3116666666667,Acura,Automatic 4-spd,6.0,3.0
689,Two Seaters,Premium,Rear-Wheel Drive,17.3478947368421,Acura,Manual 5-spd,6.0,3.0
690,Two Seaters,Premium,Rear-Wheel Drive,14.9822727272727,Alfa Romeo,Manual 5-spd,4.0,2.0
691,Special Purpose Vehicle 2WD,Regular,Rear-Wheel Drive,17.3478947368421,GMC,Manual 4-spd,6.0,2.8
692,Two Seaters,Premium,Rear-Wheel Drive,18.3116666666667,Chevrolet,Manual 6-spd,8.0,5.7
693,Two Seaters,Premium,Rear-Wheel Drive,18.3116666666667,Chevrolet,Automatic 4-spd,8.0,5.7
694,Two Seaters,Premium,Rear-Wheel Drive,18.3116666666667,Chevrolet,Manual 6-spd,8.0,5.7
695,Two Seaters,Premium,Rear-Wheel Drive,18.3116666666667,Nissan,Automatic 4-spd,6.0,3.0
696,Two Seaters,Premium,Rear-Wheel Drive,18.3116666666667,Nissan,Automatic 4-spd,6.0,3.0
697,Two Seaters,Premium,Rear-Wheel Drive,18.3116666666667,Nissan,Manual 5-spd,6.0,3.0
698,Two Seaters,Premium,Rear-Wheel Drive,18.3116666666667,Nissan,Manual 5-spd,6.0,3.0
699,Two Seaters,Premium,Rear-Wheel Drive,21.974,Dodge,Manual 6-spd,10.0,8.0
700,Two Seaters,Premium,Rear-Wheel Drive,23.5435714285714,Ferrari,Manual 5-spd,8.0,3.4
701,Two Seaters,Premium,Rear-Wheel Drive,25.3546153846154,Ferrari,Manual 5-spd,8.0,3.4
702,Special Purpose Vehicle 2WD,Regular,Rear-Wheel Drive,18.3116666666667,GMC,Manual 5-spd,6.0,2.8
703,Two Seaters,Premium,Rear-Wheel Drive,29.9645454545455,Ferrari,Manual 5-spd,12.0,4.9
704,Two Seaters,Regular,Front-Wheel Drive,11.7717857142857,Honda,Automatic 4-spd,4.0,1.5
705,Two Seaters,Regular,Front-Wheel Drive,9.98818181818182,Honda,Manual 5-spd,4.0,1.5
706,Two Seaters,Regular,Front-Wheel Drive,12.6773076923077,Honda,Automatic 4-spd,4.0,1.6
707,Two Seaters,Regular,Front-Wheel Drive,11.7717857142857,Honda,Manual 5-spd,4.0,1.6
708,Two Seaters,Premium,Front-Wheel Drive,13.1844,Honda,Manual 5-spd,4.0,1.6
709,Two Seaters,Premium,Rear-Wheel Drive,21.974,Jaguar,Automatic 4-spd,6.0,4.0
710,Two Seaters,Premium,Rear-Wheel Drive,17.3478947368421,Lotus,Manual 5-spd,4.0,2.2
711,Two Seaters,Regular,Rear-Wheel Drive,14.9822727272727,Mazda,Automatic 4-spd,4.0,1.8
712,Two Seaters,Regular,Rear-Wheel Drive,15.6957142857143,Mazda,Manual 5-spd,4.0,1.8
713,Special Purpose Vehicles,Diesel,Front-Wheel Drive,14.6994230769231,Grumman Olson,Automatic 3-spd,4.0,1.6
714,Two Seaters,Premium,Rear-Wheel Drive,18.3116666666667,Mazda,Automatic 4-spd,2.0,1.3
715,Two Seaters,Premium,Rear-Wheel Drive,18.3116666666667,Mazda,Manual 5-spd,2.0,1.3
716,Two Seaters,Premium,Rear-Wheel Drive,18.3116666666667,Mercedes-Benz,Automatic 4-spd,6.0,3.2
717,Two Seaters,Premium,Rear-Wheel Drive,20.600625,Mercedes-Benz,Automatic 4-spd,8.0,5.0
718,Two Seaters,Premium,Rear-Wheel Drive,25.3546153846154,Mercedes-Benz,Automatic 4-spd,12.0,6.0
719,Two Seaters,Regular,Rear-Wheel Drive,19.3888235294118,Porsche,Automatic 4-spd,6.0,3.6
720,Two Seaters,Regular,Rear-Wheel Drive,18.3116666666667,Porsche,Manual 5-spd,6.0,3.6
721,Two Seaters,Regular,4-Wheel or All-Wheel Drive,20.600625,Porsche,Manual 5-spd,6.0,3.6
722,Two Seaters,Regular,Rear-Wheel Drive,18.3116666666667,Porsche,Automatic 4-spd,4.0,3.0
723,Two Seaters,Regular,Rear-Wheel Drive,18.3116666666667,Porsche,Manual 6-spd,4.0,3.0
724,Special Purpose Vehicles,Diesel,Front-Wheel Drive,12.3285483870968,Grumman Olson,Manual 5-spd,4.0,1.6
725,Two Seaters,Premium,Rear-Wheel Drive,16.4805,Toyota,Manual 5-spd,4.0,2.0
726,Two Seaters,Regular,Rear-Wheel Drive,14.9822727272727,Toyota,Automatic 4-spd,4.0,2.2
727,Two Seaters,Regular,Rear-Wheel Drive,14.9822727272727,Toyota,Manual 5-spd,4.0,2.2
728,Minicompact Cars,Premium,Front-Wheel Drive,17.3478947368421,Audi,Automatic 4-spd,6.0,2.8
729,Minicompact Cars,Premium,Rear-Wheel Drive,15.6957142857143,BMW,Automatic 4-spd,4.0,1.8
730,Minicompact Cars,Premium,Rear-Wheel Drive,14.9822727272727,BMW,Manual 5-spd,4.0,1.8
731,Minicompact Cars,Premium,Rear-Wheel Drive,16.4805,BMW,Automatic 4-spd,6.0,2.5
732,Minicompact Cars,Premium,Rear-Wheel Drive,16.4805,BMW,Manual 5-spd,6.0,2.5
733,Minicompact Cars,Regular,Front-Wheel Drive,15.6957142857143,Mercury,Automatic 4-spd,4.0,1.6
734,Minicompact Cars,Regular,Front-Wheel Drive,14.3308695652174,Mercury,Manual 5-spd,4.0,1.6
735,Special Purpose Vehicle 2WD,Regular,Rear-Wheel Drive,17.3478947368421,Jeep,Automatic 3-spd,4.0,2.5
736,Minicompact Cars,Regular,Front-Wheel Drive,13.73375,Mercury,Manual 5-spd,4.0,1.6
737,Minicompact Cars,Premium,Rear-Wheel Drive,18.3116666666667,Mercedes-Benz,Automatic 4-spd,6.0,3.2
738,Minicompact Cars,Regular,Rear-Wheel Drive,19.3888235294118,Porsche,Automatic 4-spd,6.0,3.6
739,Minicompact Cars,Regular,4-Wheel or All-Wheel Drive,20.600625,Porsche,Manual 5-spd,6.0,3.6
740,Minicompact Cars,Regular,Rear-Wheel Drive,18.3116666666667,Porsche,Manual 5-spd,6.0,3.6
741,Minicompact Cars,Premium,Rear-Wheel Drive,23.5435714285714,Porsche,Manual 5-spd,6.0,3.6
742,Minicompact Cars,Premium,Rear-Wheel Drive,21.974,Porsche,Automatic 4-spd,8.0,5.4
743,Minicompact Cars,Regular,Rear-Wheel Drive,25.3546153846154,Porsche,Manual 5-spd,8.0,5.4
744,Minicompact Cars,Regular,Rear-Wheel Drive,18.3116666666667,Porsche,Automatic 4-spd,4.0,3.0
745,Minicompact Cars,Regular,Rear-Wheel Drive,18.3116666666667,Porsche,Manual 6-spd,4.0,3.0
746,Special Purpose Vehicle 2WD,Regular,Rear-Wheel Drive,14.9822727272727,Jeep,Manual 4-spd,4.0,2.5
747,Minicompact Cars,Regular,Front-Wheel Drive,13.1844,Toyota,Automatic 4-spd,4.0,1.5
748,Minicompact Cars,Regular,Front-Wheel Drive,12.2077777777778,Toyota,Manual 5-spd,4.0,1.5
749,Minicompact Cars,Premium,Rear-Wheel Drive,17.3478947368421,Toyota,Automatic 4-spd,6.0,3.0
750,Minicompact Cars,Premium,Rear-Wheel Drive,18.3116666666667,Toyota,Automatic 4-spd,6.0,3.0
751,Minicompact Cars,Premium,Rear-Wheel Drive,18.3116666666667,Toyota,Manual 5-spd,6.0,3.0
752,Minicompact Cars,Premium,Rear-Wheel Drive,18.3116666666667,Toyota,Manual 6-spd,6.0,3.0
753,Subcompact Cars,Premium,Front-Wheel Drive,13.73375,Acura,Manual 5-spd,4.0,1.8
754,Subcompact Cars,Regular,Front-Wheel Drive,13.73375,Acura,Automatic 4-spd,4.0,1.8
755,Subcompact Cars,Regular,Front-Wheel Drive,13.1844,Acura,Manual 5-spd,4.0,1.8
756,Subcompact Cars,Premium,4-Wheel or All-Wheel Drive,17.3478947368421,Audi,Manual 5-spd,6.0,2.8
757,Special Purpose Vehicle 2WD,Regular,Rear-Wheel Drive,17.3478947368421,Jeep,Manual 4-spd,4.0,2.5
758,Subcompact Cars,Premium,Rear-Wheel Drive,14.9822727272727,BMW,Automatic 4-spd,4.0,1.8
759,Subcompact Cars,Premium,Rear-Wheel Drive,15.6957142857143,BMW,Automatic 4-spd,4.0,1.8
760,Subcompact Cars,Premium,Rear-Wheel Drive,14.9822727272727,BMW,Manual 5-spd,4.0,1.8
761,Subcompact Cars,Premium,Rear-Wheel Drive,14.3308695652174,BMW,Manual 5-spd,4.0,1.8
762,Subcompact Cars,Premium,Rear-Wheel Drive,16.4805,BMW,Automatic 4-spd,6.0,2.5
763,Subcompact Cars,Premium,Rear-Wheel Drive,16.4805,BMW,Manual 5-spd,6.0,2.5
764,Subcompact Cars,Regular,Rear-Wheel Drive,25.3546153846154,BMW,Automatic 4-spd,12.0,5.0
765,Subcompact Cars,Premium,Rear-Wheel Drive,25.3546153846154,BMW,Manual 6-spd,12.0,5.6
766,Subcompact Cars,Regular,Rear-Wheel Drive,16.4805,Chevrolet,Automatic 4-spd,6.0,3.4
767,Subcompact Cars,Regular,Rear-Wheel Drive,16.4805,Chevrolet,Manual 5-spd,6.0,3.4
768,Special Purpose Vehicle 2WD,Regular,Rear-Wheel Drive,16.4805,Jeep,Manual 5-spd,4.0,2.5
769,Subcompact Cars,Premium,Rear-Wheel Drive,18.3116666666667,Chevrolet,Automatic 4-spd,8.0,5.7
770,Subcompact Cars,Premium,Rear-Wheel Drive,18.3116666666667,Chevrolet,Manual 6-spd,8.0,5.7
771,Subcompact Cars,Regular,Front-Wheel Drive,14.3308695652174,Chevrolet,Automatic 3-spd,4.0,2.2
772,Subcompact Cars,Regular,Front-Wheel Drive,12.6773076923077,Chevrolet,Manual 5-spd,4.0,2.2
773,Subcompact Cars,Regular,Front-Wheel Drive,16.4805,Chevrolet,Automatic 3-spd,6.0,3.1
774,Subcompact Cars,Regular,Front-Wheel Drive,16.4805,Chevrolet,Manual 5-spd,6.0,3.1
775,Subcompact Cars,Regular,Front-Wheel Drive,9.98818181818182,Chevrolet,Automatic 3-spd,3.0,1.0
776,Subcompact Cars,Regular,Front-Wheel Drive,8.03926829268293,Chevrolet,Manual 5-spd,3.0,1.0
777,Subcompact Cars,Regular,Front-Wheel Drive,15.6957142857143,Chrysler,Automatic 4-spd,6.0,3.0
778,Subcompact Cars,Regular,Front-Wheel Drive,12.6773076923077,Nissan,Automatic 4-spd,4.0,1.6
779,Subcompact Cars,Premium,Front-Wheel Drive,14.9822727272727,Dodge,Automatic 3-spd,4.0,1.6
780,Special Purpose Vehicle 2WD,Regular,Rear-Wheel Drive,21.974,Jeep,Automatic 3-spd,6.0,2.8
781,Subcompact Cars,Regular,Front-Wheel Drive,11.7717857142857,Nissan,Manual 5-spd,4.0,1.6
782,Subcompact Cars,Regular,Front-Wheel Drive,14.3308695652174,Nissan,Automatic 4-spd,4.0,2.0
783,Subcompact Cars,Regular,Front-Wheel Drive,14.3308695652174,Nissan,Manual 5-spd,4.0,2.0
784,Subcompact Cars,Premium,Rear-Wheel Drive,18.3116666666667,Nissan,Automatic 4-spd,6.0,3.0
785,Subcompact Cars,Premium,Rear-Wheel Drive,18.3116666666667,Nissan,Manual 5-spd,6.0,3.0
786,Subcompact Cars,Regular,Front-Wheel Drive,12.6773076923077,Dodge,Automatic 3-spd,4.0,1.5
787,Subcompact Cars,Regular,Front-Wheel Drive,10.6325806451613,Dodge,Manual 5-spd,4.0,1.5
788,Subcompact Cars,Regular,Front-Wheel Drive,12.6773076923077,Dodge,Automatic 4-spd,4.0,1.8
789,Subcompact Cars,Regular,Front-Wheel Drive,12.6773076923077,Dodge,Manual 5-spd,4.0,1.8
790,Subcompact Cars,Regular,Front-Wheel Drive,18.3116666666667,Dodge,Automatic 4-spd,6.0,3.0
791,Special Purpose Vehicle 2WD,Regular,Rear-Wheel Drive,19.3888235294118,Jeep,Manual 5-spd,6.0,2.8
792,Subcompact Cars,Regular,Front-Wheel Drive,18.3116666666667,Dodge,Automatic 4-spd,6.0,3.0
793,Subcompact Cars,Regular,Front-Wheel Drive,17.3478947368421,Dodge,Manual 5-spd,6.0,3.0
794,Subcompact Cars,Regular,Front-Wheel Drive,17.3478947368421,Dodge,Manual 5-spd,6.0,3.0
795,Subcompact Cars,Premium,4-Wheel or All-Wheel Drive,18.3116666666667,Dodge,Manual 6-spd,6.0,3.0
796,Subcompact Cars,Regular,Front-Wheel Drive,12.6773076923077,Eagle,Automatic 3-spd,4.0,1.5
797,Subcompact Cars,Regular,Front-Wheel Drive,10.6325806451613,Eagle,Manual 5-spd,4.0,1.5
798,Subcompact Cars,Regular,Front-Wheel Drive,12.6773076923077,Eagle,Automatic 4-spd,4.0,1.8
799,Subcompact Cars,Regular,Front-Wheel Drive,12.6773076923077,Eagle,Manual 5-spd,4.0,1.8
800,Subcompact Cars,Regular,Front-Wheel Drive,14.3308695652174,Eagle,Automatic 4-spd,4.0,1.8
801,Subcompact Cars,Regular,Front-Wheel Drive,13.73375,Eagle,Manual 5-spd,4.0,1.8
802,Special Purpose Vehicle 2WD,Regular,Front-Wheel Drive,19.3888235294118,Plymouth,Automatic 3-spd,4.0,2.2
803,Subcompact Cars,Premium,4-Wheel or All-Wheel Drive,18.3116666666667,Eagle,Automatic 4-spd,4.0,2.0
804,Subcompact Cars,Premium,Front-Wheel Drive,17.3478947368421,Eagle,Automatic 4-spd,4.0,2.0
805,Subcompact Cars,Regular,Front-Wheel Drive,15.6957142857143,Eagle,Automatic 4-spd,4.0,2.0
806,Subcompact Cars,Premium,4-Wheel or All-Wheel Drive,16.4805,Eagle,Manual 5-spd,4.0,2.0
807,Subcompact Cars,Regular,Front-Wheel Drive,14.9822727272727,Eagle,Manual 5-spd,4.0,2.0
808,Subcompact Cars,Premium,Front-Wheel Drive,15.6957142857143,Eagle,Manual 5-spd,4.0,2.0
809,Subcompact Cars,Premium,Rear-Wheel Drive,25.3546153846154,Ferrari,Manual 5-spd,8.0,3.4
810,Subcompact Cars,Premium,Rear-Wheel Drive,25.3546153846154,Ferrari,Automatic (S5),8.0,3.4
811,Subcompact Cars,Regular,Front-Wheel Drive,12.2077777777778,Ford,Automatic 3-spd,4.0,1.3
812,Subcompact Cars,Regular,Front-Wheel Drive,9.69441176470588,Ford,Manual 5-spd,4.0,1.3
813,Special Purpose Vehicle 2WD,Regular,Front-Wheel Drive,18.3116666666667,Plymouth,Automatic 3-spd,4.0,2.2
814,Subcompact Cars,Regular,Rear-Wheel Drive,16.4805,Ford,Automatic 4-spd,6.0,3.8
815,Subcompact Cars,Regular,Rear-Wheel Drive,15.6957142857143,Ford,Manual 5-spd,6.0,3.8
816,Subcompact Cars,Regular,Rear-Wheel Drive,18.3116666666667,Ford,Automatic 4-spd,8.0,5.0
817,Subcompact Cars,Regular,Rear-Wheel Drive,18.3116666666667,Ford,Manual 5-spd,8.0,5.0
818,Subcompact Cars,Regular,Front-Wheel Drive,14.3308695652174,Ford,Automatic 4-spd,4.0,2.0
819,Subcompact Cars,Regular,Front-Wheel Drive,12.6773076923077,Ford,Manual 5-spd,4.0,2.0
820,Subcompact Cars,Premium,Front-Wheel Drive,16.4805,Ford,Automatic 4-spd,6.0,2.5
821,Subcompact Cars,Premium,Front-Wheel Drive,16.4805,Ford,Manual 5-spd,6.0,2.5
822,Subcompact Cars,Regular,Front-Wheel Drive,9.98818181818182,Geo,Automatic 3-spd,3.0,1.0
823,Subcompact Cars,Regular,Front-Wheel Drive,8.24025,Geo,Manual 5-spd,3.0,1.0
824,Special Purpose Vehicle 2WD,Regular,Front-Wheel Drive,16.4805,Plymouth,Manual 5-spd,4.0,2.2
825,Subcompact Cars,Regular,Front-Wheel Drive,7.01297872340426,Geo,Manual 5-spd,3.0,1.0
826,Subcompact Cars,Regular,Front-Wheel Drive,11.7717857142857,Honda,Automatic 4-spd,4.0,1.5
827,Subcompact Cars,Regular,Front-Wheel Drive,8.67394736842105,Honda,Manual 5-spd,4.0,1.5
828,Subcompact Cars,Regular,Front-Wheel Drive,9.15583333333333,Honda,Manual 5-spd,4.0,1.5
829,Subcompact Cars,Regular,Front-Wheel Drive,10.3003125,Honda,Manual 5-spd,4.0,1.5
830,Subcompact Cars,Regular,Front-Wheel Drive,12.6773076923077,Honda,Automatic 4-spd,4.0,1.6
831,Subcompact Cars,Regular,Front-Wheel Drive,11.7717857142857,Honda,Manual 5-spd,4.0,1.6
832,Subcompact Cars,Regular,Front-Wheel Drive,7.6653488372093,Honda,Manual 5-spd,4.0,1.5
833,Subcompact Cars,Regular,Front-Wheel Drive,8.24025,Honda,Manual 5-spd,4.0,1.5
834,Subcompact Cars,Regular,Front-Wheel Drive,14.9822727272727,Honda,Automatic 4-spd,4.0,2.2
835,Special Purpose Vehicle 2WD,Regular,Front-Wheel Drive,15.6957142857143,Plymouth,Manual 5-spd,4.0,2.2
836,Subcompact Cars,Premium,Front-Wheel Drive,15.6957142857143,Honda,Manual 5-spd,4.0,2.2
837,Subcompact Cars,Regular,Front-Wheel Drive,14.3308695652174,Honda,Manual 5-spd,4.0,2.2
838,Subcompact Cars,Premium,Front-Wheel Drive,15.6957142857143,Honda,Automatic 4-spd,4.0,2.3
839,Subcompact Cars,Premium,Front-Wheel Drive,15.6957142857143,Honda,Manual 5-spd,4.0,2.3
840,Subcompact Cars,Regular,Front-Wheel Drive,12.2077777777778,Hyundai,Automatic 4-spd,4.0,1.5
841,Subcompact Cars,Regular,Front-Wheel Drive,12.2077777777778,Hyundai,Manual 5-spd,4.0,1.5
842,Subcompact Cars,Regular,Front-Wheel Drive,13.1844,Hyundai,Automatic 4-spd,4.0,1.5
843,Subcompact Cars,Regular,Front-Wheel Drive,13.1844,Hyundai,Manual 5-spd,4.0,1.5
844,Subcompact Cars,Regular,Front-Wheel Drive,13.1844,Hyundai,Manual 5-spd,4.0,1.5
845,Subcompact Cars,Premium,Rear-Wheel Drive,18.3116666666667,Infiniti,Automatic 4-spd,6.0,3.0
846,Special Purpose Vehicle 2WD,Regular,Front-Wheel Drive,19.3888235294118,Plymouth,Automatic 3-spd,4.0,2.6
847,Subcompact Cars,Premium,Rear-Wheel Drive,18.3116666666667,Jaguar,Automatic 4-spd,6.0,4.0
848,Subcompact Cars,Premium,Rear-Wheel Drive,19.3888235294118,Jaguar,Automatic 4-spd,6.0,4.0
849,Subcompact Cars,Premium,Rear-Wheel Drive,25.3546153846154,Jaguar,Automatic 4-spd,12.0,6.0
850,Subcompact Cars,Premium,Rear-Wheel Drive,18.3116666666667,Lexus,Automatic 4-spd,6.0,3.0
851,Subcompact Cars,Premium,Rear-Wheel Drive,18.3116666666667,Lexus,Manual 5-spd,6.0,3.0
852,Subcompact Cars,Premium,Rear-Wheel Drive,18.3116666666667,Lexus,Automatic 4-spd,8.0,4.0
853,Subcompact Cars,Regular,Front-Wheel Drive,13.1844,Mazda,Automatic 4-spd,4.0,1.6
854,Subcompact Cars,Regular,Front-Wheel Drive,11.7717857142857,Mazda,Manual 5-spd,4.0,1.6
855,Subcompact Cars,Regular,Front-Wheel Drive,16.4805,Mazda,Automatic 4-spd,6.0,1.9
856,Subcompact Cars,Regular,Front-Wheel Drive,14.9822727272727,Mazda,Manual 5-spd,6.0,1.9
857,Special Purpose Vehicles,Regular,4-Wheel or All-Wheel Drive,20.600625,American Motors Corporation,Automatic 3-spd,6.0,4.2
858,Subcompact Cars,Regular,Front-Wheel Drive,14.3308695652174,Mazda,Automatic 4-spd,4.0,2.0
859,Subcompact Cars,Regular,Front-Wheel Drive,12.6773076923077,Mazda,Manual 5-spd,4.0,2.0
860,Subcompact Cars,Premium,Front-Wheel Drive,16.4805,Mazda,Automatic 4-spd,6.0,2.5
861,Subcompact Cars,Premium,Front-Wheel Drive,16.4805,Mazda,Manual 5-spd,6.0,2.5
862,Subcompact Cars,Premium,Rear-Wheel Drive,17.3478947368421,Mercedes-Benz,Automatic 4-spd,6.0,3.2
863,Subcompact Cars,Regular,Front-Wheel Drive,12.6773076923077,Mitsubishi,Automatic 3-spd,4.0,1.5
864,Subcompact Cars,Regular,Front-Wheel Drive,10.6325806451613,Mitsubishi,Manual 5-spd,4.0,1.5
865,Subcompact Cars,Regular,Front-Wheel Drive,12.6773076923077,Mitsubishi,Automatic 4-spd,4.0,1.8
866,Subcompact Cars,Regular,Front-Wheel Drive,12.6773076923077,Mitsubishi,Manual 5-spd,4.0,1.8
867,Subcompact Cars,Regular,Front-Wheel Drive,14.3308695652174,Mitsubishi,Automatic 4-spd,4.0,1.8
868,Special Purpose Vehicles,Regular,4-Wheel or All-Wheel Drive,19.3888235294118,American Motors Corporation,Manual 5-spd,6.0,4.2
869,Subcompact Cars,Regular,Front-Wheel Drive,13.73375,Mitsubishi,Manual 5-spd,4.0,1.8
870,Subcompact Cars,Premium,4-Wheel or All-Wheel Drive,18.3116666666667,Mitsubishi,Automatic 4-spd,4.0,2.0
871,Subcompact Cars,Premium,Front-Wheel Drive,17.3478947368421,Mitsubishi,Automatic 4-spd,4.0,2.0
872,Subcompact Cars,Regular,Front-Wheel Drive,15.6957142857143,Mitsubishi,Automatic 4-spd,4.0,2.0
873,Subcompact Cars,Premium,Front-Wheel Drive,15.6957142857143,Mitsubishi,Manual 5-spd,4.0,2.0
874,Subcompact Cars,Regular,Front-Wheel Drive,14.9822727272727,Mitsubishi,Manual 5-spd,4.0,2.0
875,Subcompact Cars,Premium,4-Wheel or All-Wheel Drive,16.4805,Mitsubishi,Manual 5-spd,4.0,2.0
876,Subcompact Cars,Regular,Front-Wheel Drive,18.3116666666667,Mitsubishi,Automatic 4-spd,6.0,3.0
877,Subcompact Cars,Regular,Front-Wheel Drive,17.3478947368421,Mitsubishi,Manual 5-spd,6.0,3.0
878,Subcompact Cars,Premium,4-Wheel or All-Wheel Drive,18.3116666666667,Mitsubishi,Manual 6-spd,6.0,3.0
879,Special Purpose Vehicle 4WD,Regular,4-Wheel or All-Wheel Drive,25.3546153846154,Chevrolet,Automatic 4-spd,8.0,5.0
880,Subcompact Cars,Regular,Front-Wheel Drive,12.6773076923077,Plymouth,Automatic 3-spd,4.0,1.5
881,Subcompact Cars,Regular,Front-Wheel Drive,10.6325806451613,Plymouth,Manual 5-spd,4.0,1.5
882,Subcompact Cars,Regular,Front-Wheel Drive,12.6773076923077,Plymouth,Automatic 4-spd,4.0,1.8
883,Subcompact Cars,Regular,Front-Wheel Drive,12.6773076923077,Plymouth,Manual 5-spd,4.0,1.8
884,Subcompact Cars,Regular,Front-Wheel Drive,14.3308695652174,Plymouth,Automatic 4-spd,4.0,1.8
885,Subcompact Cars,Regular,Front-Wheel Drive,13.73375,Plymouth,Manual 5-spd,4.0,1.8
886,Subcompact Cars,Premium,Front-Wheel Drive,17.3478947368421,Plymouth,Automatic 4-spd,4.0,2.0
887,Subcompact Cars,Premium,4-Wheel or All-Wheel Drive,18.3116666666667,Plymouth,Automatic 4-spd,4.0,2.0
888,Subcompact Cars,Regular,Front-Wheel Drive,15.6957142857143,Plymouth,Automatic 4-spd,4.0,2.0
889,Subcompact Cars,Premium,4-Wheel or All-Wheel Drive,16.4805,Plymouth,Manual 5-spd,4.0,2.0
890,Subcompact Cars,Premium,Front-Wheel Drive,13.73375,Dodge,Manual 5-spd,4.0,1.6
891,Special Purpose Vehicle 4WD,Regular,4-Wheel or All-Wheel Drive,23.5435714285714,Chevrolet,Manual 4-spd,8.0,5.0
892,Subcompact Cars,Regular,Front-Wheel Drive,14.9822727272727,Plymouth,Manual 5-spd,4.0,2.0
893,Subcompact Cars,Premium,Front-Wheel Drive,15.6957142857143,Plymouth,Manual 5-spd,4.0,2.0
894,Subcompact Cars,Regular,Rear-Wheel Drive,16.4805,Pontiac,Automatic 4-spd,6.0,3.4
895,Subcompact Cars,Regular,Rear-Wheel Drive,16.4805,Pontiac,Manual 5-spd,6.0,3.4
896,Subcompact Cars,Premium,Rear-Wheel Drive,18.3116666666667,Pontiac,Automatic 4-spd,8.0,5.7
897,Subcompact Cars,Premium,Rear-Wheel Drive,18.3116666666667,Pontiac,Manual 6-spd,8.0,5.7
898,Subcompact Cars,Regular,Front-Wheel Drive,9.98818181818182,Pontiac,Automatic 3-spd,3.0,1.0
899,Subcompact Cars,Regular,Front-Wheel Drive,8.03926829268293,Pontiac,Manual 5-spd,3.0,1.0
900,Subcompact Cars,Regular,Front-Wheel Drive,13.73375,Pontiac,Automatic 3-spd,4.0,2.0
901,Subcompact Cars,Regular,Front-Wheel Drive,12.6773076923077,Pontiac,Manual 5-spd,4.0,2.0
902,Special Purpose Vehicle 4WD,Diesel,4-Wheel or All-Wheel Drive,22.4814705882353,Chevrolet,Automatic 4-spd,8.0,6.2
903,Subcompact Cars,Regular,Front-Wheel Drive,16.4805,Pontiac,Automatic 3-spd,6.0,3.1
904,Subcompact Cars,Regular,Front-Wheel Drive,16.4805,Pontiac,Manual 5-spd,6.0,3.1
905,Subcompact Cars,Premium,Rear-Wheel Drive,29.9645454545455,Rolls-Royce,Automatic 4-spd,8.0,6.8
906,Subcompact Cars,Premium,Rear-Wheel Drive,29.9645454545455,Rolls-Royce,Automatic 4-spd,8.0,6.8
907,Subcompact Cars,Regular,Front-Wheel Drive,19.3888235294118,Saab,Automatic 3-spd,4.0,2.0
908,Subcompact Cars,Premium,Front-Wheel Drive,16.4805,Saab,Manual 5-spd,4.0,2.0
909,Subcompact Cars,Regular,Front-Wheel Drive,16.4805,Saab,Manual 5-spd,4.0,2.0
910,Subcompact Cars,Regular,Front-Wheel Drive,18.3116666666667,Saab,Automatic 3-spd,4.0,2.1
911,Subcompact Cars,Premium,Front-Wheel Drive,16.4805,Saab,Manual 5-spd,4.0,2.3
912,Subcompact Cars,Regular,Front-Wheel Drive,12.6773076923077,Saturn,Automatic 4-spd,4.0,1.9
913,Special Purpose Vehicle 4WD,Regular,4-Wheel or All-Wheel Drive,27.4675,Chevrolet,Automatic 4-spd,8.0,5.7
914,Subcompact Cars,Regular,Front-Wheel Drive,13.73375,Saturn,Automatic 4-spd,4.0,1.9
915,Subcompact Cars,Regular,Front-Wheel Drive,11.7717857142857,Saturn,Manual 5-spd,4.0,1.9
916,Subcompact Cars,Regular,Front-Wheel Drive,13.1844,Saturn,Manual 5-spd,4.0,1.9
917,Subcompact Cars,Regular,Front-Wheel Drive,14.3308695652174,Subaru,Automatic 4-spd,4.0,1.8
918,Subcompact Cars,Regular,Front-Wheel Drive,13.73375,Subaru,Manual 5-spd,4.0,1.8
919,Subcompact Cars,Regular,4-Wheel or All-Wheel Drive,14.9822727272727,Subaru,Automatic 4-spd,4.0,1.8
920,Subcompact Cars,Regular,4-Wheel or All-Wheel Drive,14.3308695652174,Subaru,Manual 5-spd,4.0,1.8
921,Subcompact Cars,Regular,Front-Wheel Drive,10.987,Subaru,Manual 5-spd,3.0,1.2
922,Subcompact Cars,Regular,4-Wheel or All-Wheel Drive,12.6773076923077,Subaru,Manual 5-spd,3.0,1.2
923,Subcompact Cars,Premium,Front-Wheel Drive,18.3116666666667,Subaru,Automatic 4-spd,6.0,3.3
924,Special Purpose Vehicle 4WD,Regular,4-Wheel or All-Wheel Drive,29.9645454545455,Chevrolet,Manual 4-spd,8.0,5.7
925,Subcompact Cars,Premium,4-Wheel or All-Wheel Drive,18.3116666666667,Subaru,Automatic 4-spd,6.0,3.3
926,Subcompact Cars,Regular,Front-Wheel Drive,12.2077777777778,Suzuki,Automatic 3-spd,4.0,1.3
927,Subcompact Cars,Regular,Front-Wheel Drive,9.69441176470588,Suzuki,Manual 5-spd,4.0,1.3
928,Subcompact Cars,Regular,Front-Wheel Drive,12.2077777777778,Suzuki,Manual 5-spd,4.0,1.3
929,Subcompact Cars,Regular,Front-Wheel Drive,13.1844,Toyota,Automatic 4-spd,4.0,1.8
930,Subcompact Cars,Regular,Front-Wheel Drive,12.6773076923077,Toyota,Manual 5-spd,4.0,1.8
931,Subcompact Cars,Regular,Front-Wheel Drive,14.3308695652174,Toyota,Automatic 4-spd,4.0,2.2
932,Subcompact Cars,Regular,Front-Wheel Drive,14.3308695652174,Toyota,Manual 5-spd,4.0,2.2
933,Subcompact Cars,Regular,Front-Wheel Drive,13.73375,Toyota,Automatic 3-spd,4.0,1.5
934,Subcompact Cars,Regular,Front-Wheel Drive,11.3658620689655,Toyota,Manual 4-spd,4.0,1.5
935,Special Purpose Vehicle 4WD,Diesel,4-Wheel or All-Wheel Drive,23.8865625,Chevrolet,Automatic 4-spd,8.0,6.2
936,Subcompact Cars,Regular,Front-Wheel Drive,12.2077777777778,Toyota,Manual 5-spd,4.0,1.5
937,Subcompact Cars,Regular,Front-Wheel Drive,17.3478947368421,Volkswagen,Automatic 4-spd,6.0,2.8
938,Subcompact Cars,Regular,Front-Wheel Drive,17.3478947368421,Volkswagen,Manual 5-spd,6.0,2.8
939,Compact Cars,Premium,Front-Wheel Drive,18.3116666666667,Acura,Automatic 4-spd,6.0,3.2
940,Compact Cars,Premium,Front-Wheel Drive,17.3478947368421,Acura,Automatic 4-spd,6.0,3.2
941,Compact Cars,Premium,Front-Wheel Drive,17.3478947368421,Acura,Manual 5-spd,6.0,3.2
942,Compact Cars,Premium,Front-Wheel Drive,17.3478947368421,Acura,Manual 6-spd,6.0,3.2
943,Compact Cars,Premium,Front-Wheel Drive,16.4805,Acura,Automatic 4-spd,5.0,2.5
944,Compact Cars,Premium,Front-Wheel Drive,16.4805,Acura,Manual 5-spd,5.0,2.5
945,Compact Cars,Premium,Front-Wheel Drive,20.600625,Alfa Romeo,Automatic 4-spd,6.0,3.0
946,Special Purpose Vehicle 4WD,Regular,4-Wheel or All-Wheel Drive,17.3478947368421,Chevrolet,Automatic 4-spd,4.0,2.5
947,Compact Cars,Premium,Front-Wheel Drive,18.3116666666667,Alfa Romeo,Manual 5-spd,6.0,3.0
948,Compact Cars,Regular,4-Wheel or All-Wheel Drive,18.3116666666667,Audi,Manual 5-spd,5.0,2.2
949,Compact Cars,Premium,4-Wheel or All-Wheel Drive,21.974,Audi,Automatic 4-spd,8.0,4.2
950,Compact Cars,Premium,Front-Wheel Drive,18.3116666666667,Audi,Automatic 4-spd,6.0,2.8
951,Compact Cars,Premium,Front-Wheel Drive,17.3478947368421,Audi,Manual 5-spd,6.0,2.8
952,Compact Cars,Regular,4-Wheel or All-Wheel Drive,18.3116666666667,Audi,Automatic 4-spd,6.0,2.8
953,Compact Cars,Regular,4-Wheel or All-Wheel Drive,18.3116666666667,Audi,Manual 5-spd,6.0,2.8
954,Compact Cars,Premium,Front-Wheel Drive,17.3478947368421,Audi,Automatic 4-spd,6.0,2.8
955,Compact Cars,Premium,Front-Wheel Drive,16.4805,Audi,Manual 5-spd,6.0,2.8
956,Compact Cars,Premium,Rear-Wheel Drive,17.3478947368421,BMW,Automatic 4-spd,6.0,2.5
957,Special Purpose Vehicle 4WD,Regular,4-Wheel or All-Wheel Drive,16.4805,Chevrolet,Manual 4-spd,4.0,2.5
958,Compact Cars,Premium,Rear-Wheel Drive,16.4805,BMW,Manual 5-spd,6.0,2.5
959,Compact Cars,Premium,Rear-Wheel Drive,18.3116666666667,BMW,Automatic 5-spd,8.0,3.0
960,Compact Cars,Premium,Rear-Wheel Drive,19.3888235294118,BMW,Manual 5-spd,8.0,3.0
961,Compact Cars,Premium,Rear-Wheel Drive,19.3888235294118,BMW,Automatic 5-spd,8.0,3.1
962,Compact Cars,Premium,Rear-Wheel Drive,19.3888235294118,BMW,Manual 5-spd,8.0,3.1
963,Compact Cars,Premium,Rear-Wheel Drive,19.3888235294118,BMW,Automatic 5-spd,8.0,4.0
964,Compact Cars,Regular,Front-Wheel Drive,14.3308695652174,Buick,Automatic 3-spd,4.0,2.3
965,Compact Cars,Regular,Front-Wheel Drive,14.9822727272727,Buick,Automatic 4-spd,4.0,2.3
966,Compact Cars,Regular,Front-Wheel Drive,15.6957142857143,Buick,Automatic 4-spd,6.0,3.1
967,Compact Cars,Regular,Front-Wheel Drive,13.73375,Chevrolet,Automatic 3-spd,4.0,2.2
968,Special Purpose Vehicle 4WD,Regular,4-Wheel or All-Wheel Drive,15.6957142857143,Chevrolet,Manual 5-spd,4.0,2.5
969,Compact Cars,Regular,Front-Wheel Drive,13.1844,Chevrolet,Manual 5-spd,4.0,2.2
970,Compact Cars,Premium,Front-Wheel Drive,15.6957142857143,Chevrolet,Manual 5-spd,4.0,2.3
971,Compact Cars,Regular,Front-Wheel Drive,16.4805,Chevrolet,Automatic 3-spd,6.0,3.1
972,Compact Cars,Regular,Front-Wheel Drive,15.6957142857143,Chevrolet,Automatic 4-spd,6.0,3.1
973,Compact Cars,Regular,Front-Wheel Drive,16.4805,Chevrolet,Manual 5-spd,6.0,3.1
974,Compact Cars,Regular,Front-Wheel Drive,13.73375,Chevrolet,Automatic 3-spd,4.0,2.2
975,Compact Cars,Regular,Front-Wheel Drive,16.4805,Chevrolet,Automatic 3-spd,6.0,3.1
976,Compact Cars,Regular,Front-Wheel Drive,15.6957142857143,Chevrolet,Automatic 4-spd,6.0,3.1
977,Compact Cars,Regular,Front-Wheel Drive,14.9822727272727,Chrysler,Automatic 3-spd,4.0,2.5
978,Compact Cars,Regular,Front-Wheel Drive,15.6957142857143,Chrysler,Automatic 3-spd,6.0,3.0
979,Special Purpose Vehicle 4WD,Regular,4-Wheel or All-Wheel Drive,18.3116666666667,Chevrolet,Automatic 4-spd,6.0,2.8
980,Compact Cars,Regular,Front-Wheel Drive,15.6957142857143,Chrysler,Automatic 4-spd,6.0,3.0
981,Compact Cars,Regular,Front-Wheel Drive,15.6957142857143,Nissan,Automatic 4-spd,4.0,2.4
982,Compact Cars,Regular,Front-Wheel Drive,13.73375,Nissan,Manual 5-spd,4.0,2.4
983,Compact Cars,Regular,Front-Wheel Drive,14.3308695652174,Dodge,Automatic 3-spd,4.0,2.2
984,Compact Cars,Regular,Front-Wheel Drive,13.1844,Dodge,Manual 5-spd,4.0,2.2
985,Compact Cars,Regular,Front-Wheel Drive,14.9822727272727,Dodge,Automatic 3-spd,4.0,2.5
986,Compact Cars,Regular,Front-Wheel Drive,14.3308695652174,Dodge,Manual 5-spd,4.0,2.5
987,Compact Cars,Regular,Front-Wheel Drive,17.3478947368421,Dodge,Automatic 4-spd,6.0,3.0
988,Compact Cars,Regular,Front-Wheel Drive,18.3116666666667,Dodge,Manual 5-spd,6.0,3.0
989,Compact Cars,Regular,Front-Wheel Drive,14.3308695652174,Ford,Automatic 4-spd,4.0,1.8
990,Special Purpose Vehicle 4WD,Regular,4-Wheel or All-Wheel Drive,19.3888235294118,Chevrolet,Manual 4-spd,6.0,2.8
991,Compact Cars,Regular,Front-Wheel Drive,13.1844,Ford,Manual 5-spd,4.0,1.8
992,Compact Cars,Regular,Front-Wheel Drive,12.6773076923077,Ford,Automatic 4-spd,4.0,1.9
993,Compact Cars,Regular,Front-Wheel Drive,11.3658620689655,Ford,Manual 5-spd,4.0,1.9
994,Compact Cars,Regular,Front-Wheel Drive,15.6957142857143,Ford,Automatic 3-spd,4.0,2.3
995,Compact Cars,Regular,Front-Wheel Drive,13.73375,Ford,Manual 5-spd,4.0,2.3
996,Compact Cars,Regular,Front-Wheel Drive,17.3478947368421,Ford,Automatic 3-spd,6.0,3.0
997,Compact Cars,Regular,Front-Wheel Drive,15.6957142857143,Ford,Manual 5-spd,6.0,3.0
998,Compact Cars,Regular,Front-Wheel Drive,13.73375,Geo,Automatic 3-spd,4.0,1.6
999,Compact Cars,Regular,Front-Wheel Drive,12.6773076923077,Geo,Manual 5-spd,4.0,1.6
1000,Compact Cars,Regular,Front-Wheel Drive,13.1844,Geo,Automatic 4-spd,4.0,1.8
1001,Subcompact Cars,Premium,Front-Wheel Drive,13.73375,Dodge,Manual 5-spd,4.0,1.6
1002,Special Purpose Vehicle 4WD,Regular,4-Wheel or All-Wheel Drive,20.600625,Chevrolet,Manual 5-spd,6.0,2.8
1003,Compact Cars,Regular,Front-Wheel Drive,12.2077777777778,Geo,Manual 5-spd,4.0,1.8
1004,Compact Cars,Regular,Front-Wheel Drive,13.73375,Kia,Automatic 4-spd,4.0,1.6
1005,Compact Cars,Regular,Front-Wheel Drive,12.6773076923077,Kia,Manual 5-spd,4.0,1.6
1006,Compact Cars,Regular,Front-Wheel Drive,14.9822727272727,Honda,Automatic 4-spd,4.0,2.2
1007,Compact Cars,Regular,Front-Wheel Drive,14.3308695652174,Honda,Automatic 4-spd,4.0,2.2
1008,Compact Cars,Regular,Front-Wheel Drive,13.1844,Honda,Manual 5-spd,4.0,2.2
1009,Compact Cars,Regular,Front-Wheel Drive,13.73375,Honda,Manual 5-spd,4.0,2.2
1010,Compact Cars,Regular,Front-Wheel Drive,14.9822727272727,Hyundai,Manual 5-spd,4.0,1.6
1011,Compact Cars,Regular,Front-Wheel Drive,14.9822727272727,Hyundai,Automatic 4-spd,4.0,1.8
1012,Compact Cars,Regular,Front-Wheel Drive,15.6957142857143,Hyundai,Manual 5-spd,4.0,1.8
1013,Special Purpose Vehicle 4WD,Regular,4-Wheel or All-Wheel Drive,29.9645454545455,Dodge,Manual 4-spd,8.0,5.2
1014,Compact Cars,Regular,Front-Wheel Drive,12.2077777777778,Hyundai,Automatic 4-spd,4.0,1.5
1015,Compact Cars,Regular,Front-Wheel Drive,14.9822727272727,Infiniti,Automatic 4-spd,4.0,2.0
1016,Compact Cars,Regular,Front-Wheel Drive,13.73375,Infiniti,Manual 5-spd,4.0,2.0
1017,Compact Cars,Premium,Rear-Wheel Drive,25.3546153846154,Jaguar,Automatic 4-spd,12.0,6.0
1018,Compact Cars,Premium,Rear-Wheel Drive,18.3116666666667,Jaguar,Automatic 4-spd,6.0,4.0
1019,Compact Cars,Regular,Front-Wheel Drive,18.3116666666667,Lexus,Automatic 4-spd,6.0,3.0
1020,Compact Cars,Regular,Front-Wheel Drive,15.6957142857143,Mercury,Automatic 3-spd,4.0,2.3
1021,Compact Cars,Regular,Front-Wheel Drive,13.73375,Mercury,Manual 5-spd,4.0,2.3
1022,Compact Cars,Regular,Front-Wheel Drive,17.3478947368421,Mercury,Automatic 3-spd,6.0,3.0
1023,Compact Cars,Regular,Front-Wheel Drive,15.6957142857143,Mercury,Manual 5-spd,6.0,3.0
1024,Special Purpose Vehicle 4WD,Regular,4-Wheel or All-Wheel Drive,29.9645454545455,Dodge,Automatic 3-spd,8.0,5.9
1025,Compact Cars,Regular,Front-Wheel Drive,14.3308695652174,Mercury,Automatic 4-spd,4.0,1.8
1026,Compact Cars,Regular,Front-Wheel Drive,13.1844,Mercury,Manual 5-spd,4.0,1.8
1027,Compact Cars,Regular,Front-Wheel Drive,12.6773076923077,Mercury,Automatic 4-spd,4.0,1.9
1028,Compact Cars,Regular,Front-Wheel Drive,11.3658620689655,Mercury,Manual 5-spd,4.0,1.9
1029,Compact Cars,Regular,Front-Wheel Drive,13.73375,Mazda,Automatic 4-spd,4.0,1.8
1030,Compact Cars,Regular,Front-Wheel Drive,14.9822727272727,Mazda,Automatic 4-spd,4.0,1.8
1031,Compact Cars,Regular,Front-Wheel Drive,12.2077777777778,Mazda,Manual 5-spd,4.0,1.8
1032,Compact Cars,Regular,Front-Wheel Drive,13.73375,Mazda,Manual 5-spd,4.0,1.8
1033,Compact Cars,Regular,Front-Wheel Drive,13.1844,Mazda,Automatic 4-spd,4.0,1.6
1034,Compact Cars,Regular,Front-Wheel Drive,13.1844,Mazda,Automatic 4-spd,4.0,1.6
1035,Special Purpose Vehicle 4WD,Regular,4-Wheel or All-Wheel Drive,32.961,Dodge,Manual 4-spd,8.0,5.9
1036,Compact Cars,Regular,Front-Wheel Drive,11.7717857142857,Mazda,Manual 5-spd,4.0,1.6
1037,Compact Cars,Regular,Front-Wheel Drive,12.2077777777778,Mazda,Manual 5-spd,4.0,1.6
1038,Compact Cars,Premium,Rear-Wheel Drive,14.9822727272727,Mercedes-Benz,Automatic 4-spd,4.0,2.2
1039,Compact Cars,Premium,Rear-Wheel Drive,16.4805,Mercedes-Benz,Automatic 4-spd,6.0,2.8
1040,Compact Cars,Premium,Rear-Wheel Drive,17.3478947368421,Mercedes-Benz,Automatic 4-spd,6.0,3.2
1041,Compact Cars,Premium,Rear-Wheel Drive,18.3116666666667,Mercedes-Benz,Automatic 4-spd,8.0,4.2
1042,Compact Cars,Premium,Rear-Wheel Drive,20.600625,Mercedes-Benz,Automatic 4-spd,8.0,5.0
1043,Compact Cars,Premium,Rear-Wheel Drive,23.5435714285714,Mercedes-Benz,Automatic 4-spd,8.0,5.0
1044,Compact Cars,Premium,Rear-Wheel Drive,25.3546153846154,Mercedes-Benz,Automatic 4-spd,12.0,6.0
1045,Compact Cars,Premium,Front-Wheel Drive,18.3116666666667,Mitsubishi,Automatic 4-spd,6.0,3.0
1046,Special Purpose Vehicle 4WD,Regular,4-Wheel or All-Wheel Drive,17.3478947368421,Dodge,Manual 5-spd,4.0,2.0
1047,Compact Cars,Premium,Front-Wheel Drive,18.3116666666667,Mitsubishi,Automatic 4-spd,6.0,3.0
1048,Compact Cars,Premium,Front-Wheel Drive,16.4805,Mitsubishi,Automatic 4-spd,4.0,2.4
1049,Compact Cars,Regular,Front-Wheel Drive,14.9822727272727,Mitsubishi,Automatic 4-spd,4.0,2.4
1050,Compact Cars,Regular,Front-Wheel Drive,14.3308695652174,Mitsubishi,Manual 5-spd,4.0,2.4
1051,Compact Cars,Premium,Front-Wheel Drive,14.9822727272727,Mitsubishi,Manual 5-spd,4.0,2.4
1052,Compact Cars,Regular,Front-Wheel Drive,14.3308695652174,Oldsmobile,Automatic 3-spd,4.0,2.3
1053,Compact Cars,Regular,Front-Wheel Drive,14.9822727272727,Oldsmobile,Automatic 4-spd,4.0,2.3
1054,Compact Cars,Regular,Front-Wheel Drive,14.9822727272727,Oldsmobile,Automatic 4-spd,4.0,2.3
1055,Compact Cars,Regular,Front-Wheel Drive,13.73375,Oldsmobile,Manual 5-spd,4.0,2.3
1056,Compact Cars,Premium,Front-Wheel Drive,15.6957142857143,Oldsmobile,Manual 5-spd,4.0,2.3
1057,Special Purpose Vehicle 4WD,Regular,4-Wheel or All-Wheel Drive,17.3478947368421,Dodge,Manual 5-spd,4.0,2.0
1058,Compact Cars,Regular,Front-Wheel Drive,15.6957142857143,Oldsmobile,Automatic 4-spd,6.0,3.1
1059,Compact Cars,Regular,Front-Wheel Drive,14.3308695652174,Plymouth,Automatic 3-spd,4.0,2.2
1060,Compact Cars,Regular,Front-Wheel Drive,13.1844,Plymouth,Manual 5-spd,4.0,2.2
1061,Compact Cars,Regular,Front-Wheel Drive,14.9822727272727,Plymouth,Automatic 3-spd,4.0,2.5
1062,Compact Cars,Regular,Front-Wheel Drive,14.3308695652174,Plymouth,Manual 5-spd,4.0,2.5
1063,Compact Cars,Regular,Front-Wheel Drive,17.3478947368421,Plymouth,Automatic 4-spd,6.0,3.0
1064,Compact Cars,Regular,Front-Wheel Drive,18.3116666666667,Plymouth,Manual 5-spd,6.0,3.0
1065,Compact Cars,Regular,Front-Wheel Drive,14.3308695652174,Pontiac,Automatic 3-spd,4.0,2.3
1066,Compact Cars,Regular,Front-Wheel Drive,14.9822727272727,Pontiac,Automatic 4-spd,4.0,2.3
1067,Compact Cars,Regular,Front-Wheel Drive,15.6957142857143,Pontiac,Automatic 4-spd,4.0,2.3
1068,Special Purpose Vehicle 4WD,Diesel,4-Wheel or All-Wheel Drive,15.2874,Ford,Manual 5-spd,4.0,2.3
1069,Compact Cars,Premium,Front-Wheel Drive,15.6957142857143,Pontiac,Manual 5-spd,4.0,2.3
1070,Compact Cars,Regular,Front-Wheel Drive,13.73375,Pontiac,Manual 5-spd,4.0,2.3
1071,Compact Cars,Regular,Front-Wheel Drive,15.6957142857143,Pontiac,Automatic 4-spd,6.0,3.1
1072,Compact Cars,Premium,Rear-Wheel Drive,29.9645454545455,Rolls-Royce,Automatic 4-spd,8.0,6.5
1073,Compact Cars,Regular,Front-Wheel Drive,12.6773076923077,Saturn,Automatic 4-spd,4.0,1.9
1074,Compact Cars,Regular,Front-Wheel Drive,13.73375,Saturn,Automatic 4-spd,4.0,1.9
1075,Compact Cars,Regular,Front-Wheel Drive,13.1844,Saturn,Manual 5-spd,4.0,1.9
1076,Compact Cars,Regular,Front-Wheel Drive,11.7717857142857,Saturn,Manual 5-spd,4.0,1.9
1077,Compact Cars,Regular,Front-Wheel Drive,14.9822727272727,Subaru,Automatic 4-spd,4.0,2.2
1078,Compact Cars,Regular,Front-Wheel Drive,14.3308695652174,Subaru,Manual 5-spd,4.0,2.2
1079,Special Purpose Vehicle 4WD,Regular,4-Wheel or All-Wheel Drive,20.600625,Ford,Automatic 4-spd,6.0,2.8
1080,Compact Cars,Regular,4-Wheel or All-Wheel Drive,15.6957142857143,Subaru,Automatic 4-spd,4.0,2.2
1081,Compact Cars,Regular,4-Wheel or All-Wheel Drive,15.6957142857143,Subaru,Manual 5-spd,4.0,2.2
1082,Compact Cars,Premium,4-Wheel or All-Wheel Drive,18.3116666666667,Subaru,Automatic 4-spd,4.0,2.2
1083,Compact Cars,Premium,4-Wheel or All-Wheel Drive,17.3478947368421,Subaru,Manual 5-spd,4.0,2.2
1084,Compact Cars,Regular,Front-Wheel Drive,13.73375,Toyota,Automatic 3-spd,4.0,1.6
1085,Compact Cars,Regular,Front-Wheel Drive,12.6773076923077,Toyota,Manual 5-spd,4.0,1.6
1086,Compact Cars,Regular,Front-Wheel Drive,13.1844,Toyota,Automatic 4-spd,4.0,1.8
1087,Compact Cars,Regular,Front-Wheel Drive,12.6773076923077,Toyota,Manual 5-spd,4.0,1.8
1088,Compact Cars,Regular,Front-Wheel Drive,15.6957142857143,Volkswagen,Automatic 4-spd,4.0,2.0
1089,Compact Cars,Regular,Front-Wheel Drive,13.73375,Volkswagen,Manual 5-spd,4.0,2.0
1090,Special Purpose Vehicle 4WD,Regular,4-Wheel or All-Wheel Drive,18.3116666666667,Ford,Manual 5-spd,6.0,2.8
1091,Compact Cars,Regular,Front-Wheel Drive,15.6957142857143,Volkswagen,Automatic 4-spd,4.0,2.0
1092,Compact Cars,Regular,Front-Wheel Drive,14.3308695652174,Volkswagen,Manual 5-spd,4.0,2.0
1093,Compact Cars,Regular,Front-Wheel Drive,17.3478947368421,Volkswagen,Manual 5-spd,6.0,2.8
1094,Compact Cars,Regular,Front-Wheel Drive,18.3116666666667,Volkswagen,Automatic 4-spd,6.0,2.8
1095,Compact Cars,Regular,Front-Wheel Drive,18.3116666666667,Volkswagen,Manual 5-spd,6.0,2.8
1096,Midsize Cars,Premium,Rear-Wheel Drive,19.3888235294118,BMW,Automatic 5-spd,8.0,4.0
1097,Midsize Cars,Premium,Rear-Wheel Drive,19.3888235294118,BMW,Automatic 5-spd,8.0,4.0
1098,Midsize Cars,Regular,Rear-Wheel Drive,25.3546153846154,BMW,Automatic 4-spd,12.0,5.0
1099,Midsize Cars,Regular,Front-Wheel Drive,13.73375,Buick,Automatic 3-spd,4.0,2.2
1100,Midsize Cars,Regular,Front-Wheel Drive,16.4805,Buick,Automatic 4-spd,6.0,3.1
1101,Special Purpose Vehicle 4WD,Regular,4-Wheel or All-Wheel Drive,25.3546153846154,Ford,Automatic 3-spd,6.0,4.9
1102,Midsize Cars,Regular,Front-Wheel Drive,16.4805,Buick,Automatic 4-spd,6.0,3.1
1103,Midsize Cars,Regular,Front-Wheel Drive,16.4805,Buick,Automatic 4-spd,6.0,3.8
1104,Midsize Cars,Premium,Front-Wheel Drive,18.3116666666667,Cadillac,Automatic 4-spd,8.0,4.6
1105,Midsize Cars,Premium,Front-Wheel Drive,18.3116666666667,Cadillac,Automatic 4-spd,8.0,4.6
1106,Midsize Cars,Regular,Front-Wheel Drive,16.4805,Chevrolet,Automatic 4-spd,6.0,3.1
1107,Midsize Cars,Regular,Front-Wheel Drive,18.3116666666667,Chevrolet,Automatic 4-spd,6.0,3.4
1108,Midsize Cars,Premium,Front-Wheel Drive,17.3478947368421,Nissan,Automatic 4-spd,6.0,3.0
1109,Midsize Cars,Premium,Front-Wheel Drive,17.3478947368421,Nissan,Automatic 4-spd,6.0,3.0
1110,Midsize Cars,Premium,Front-Wheel Drive,16.4805,Nissan,Manual 5-spd,6.0,3.0
1111,Midsize Cars,Regular,Front-Wheel Drive,14.9822727272727,Dodge,Automatic 3-spd,4.0,2.5
1112,Two Seaters,Regular,Rear-Wheel Drive,29.9645454545455,Ferrari,Manual 5-spd,8.0,2.9
1113,Subcompact Cars,Premium,Rear-Wheel Drive,17.3478947368421,Dodge,Automatic 4-spd,4.0,2.6
1114,Special Purpose Vehicle 4WD,Regular,4-Wheel or All-Wheel Drive,20.600625,Ford,Manual 4-spd,6.0,4.9
1115,Midsize Cars,Regular,Front-Wheel Drive,15.6957142857143,Dodge,Automatic 3-spd,4.0,2.5
1116,Midsize Cars,Regular,Front-Wheel Drive,14.3308695652174,Dodge,Manual 5-spd,4.0,2.5
1117,Midsize Cars,Regular,Front-Wheel Drive,15.6957142857143,Dodge,Automatic 3-spd,6.0,3.0
1118,Midsize Cars,Regular,Front-Wheel Drive,17.3478947368421,Dodge,Automatic 4-spd,6.0,3.0
1119,Midsize Cars,Regular,Front-Wheel Drive,16.4805,Ford,Automatic 4-spd,6.0,3.0
1120,Midsize Cars,Regular,Front-Wheel Drive,15.6957142857143,Ford,Automatic 4-spd,6.0,3.0
1121,Midsize Cars,Premium,Front-Wheel Drive,17.3478947368421,Ford,Manual 5-spd,6.0,3.0
1122,Midsize Cars,Premium,Front-Wheel Drive,17.3478947368421,Ford,Automatic 4-spd,6.0,3.2
1123,Midsize Cars,Regular,Front-Wheel Drive,16.4805,Ford,Automatic 4-spd,6.0,3.8
1124,Midsize Cars,Premium,Rear-Wheel Drive,18.3116666666667,Ford,Automatic 4-spd,6.0,3.8
1125,Special Purpose Vehicle 4WD,Regular,4-Wheel or All-Wheel Drive,20.600625,Ford,Manual 4-spd,6.0,4.9
1126,Midsize Cars,Regular,Rear-Wheel Drive,17.3478947368421,Ford,Automatic 4-spd,6.0,3.8
1127,Midsize Cars,Premium,Rear-Wheel Drive,17.3478947368421,Ford,Manual 5-spd,6.0,3.8
1128,Midsize Cars,Regular,Rear-Wheel Drive,18.3116666666667,Ford,Automatic 4-spd,8.0,4.6
1129,Midsize Cars,Regular,Front-Wheel Drive,15.6957142857143,Hyundai,Automatic 4-spd,4.0,2.0
1130,Midsize Cars,Regular,Front-Wheel Drive,16.4805,Hyundai,Manual 5-spd,4.0,2.0
1131,Midsize Cars,Regular,Front-Wheel Drive,18.3116666666667,Hyundai,Automatic 4-spd,6.0,3.0
1132,Midsize Cars,Regular,Front-Wheel Drive,15.6957142857143,Hyundai,Automatic 4-spd,4.0,2.0
1133,Midsize Cars,Regular,Front-Wheel Drive,15.6957142857143,Hyundai,Manual 5-spd,4.0,2.0
1134,Midsize Cars,Regular,Front-Wheel Drive,18.3116666666667,Hyundai,Automatic 4-spd,6.0,3.0
1135,Midsize Cars,Premium,Rear-Wheel Drive,19.3888235294118,Infiniti,Automatic 4-spd,8.0,4.5
1136,Special Purpose Vehicle 4WD,Regular,4-Wheel or All-Wheel Drive,25.3546153846154,Ford,Automatic 4-spd,8.0,5.0
1137,Midsize Cars,Premium,Rear-Wheel Drive,20.600625,Infiniti,Automatic 4-spd,8.0,4.5
1138,Midsize Cars,Premium,Rear-Wheel Drive,18.3116666666667,Lexus,Automatic 4-spd,6.0,3.0
1139,Midsize Cars,Premium,Rear-Wheel Drive,18.3116666666667,Lexus,Automatic 4-spd,8.0,4.0
1140,Midsize Cars,Regular,Rear-Wheel Drive,17.3478947368421,Mercury,Automatic 4-spd,6.0,3.8
1141,Midsize Cars,Regular,Rear-Wheel Drive,18.3116666666667,Mercury,Automatic 4-spd,8.0,4.6
1142,Midsize Cars,Premium,Rear-Wheel Drive,18.3116666666667,Lincoln,Automatic 4-spd,8.0,4.6
1143,Midsize Cars,Regular,Front-Wheel Drive,15.6957142857143,Mercury,Automatic 4-spd,6.0,3.0
1144,Midsize Cars,Regular,Front-Wheel Drive,16.4805,Mercury,Automatic 4-spd,6.0,3.8
1145,Midsize Cars,Regular,Front-Wheel Drive,14.3308695652174,Mazda,Automatic 4-spd,4.0,2.0
1146,Midsize Cars,Regular,Front-Wheel Drive,12.6773076923077,Mazda,Manual 5-spd,4.0,2.0
1147,Special Purpose Vehicle 4WD,Regular,4-Wheel or All-Wheel Drive,27.4675,Ford,Manual 4-spd,8.0,5.0
1148,Midsize Cars,Premium,Front-Wheel Drive,16.4805,Mazda,Automatic 4-spd,6.0,2.5
1149,Midsize Cars,Premium,Front-Wheel Drive,16.4805,Mazda,Manual 5-spd,6.0,2.5
1150,Midsize Cars,Premium,Rear-Wheel Drive,17.3478947368421,Mazda,Automatic 4-spd,6.0,3.0
1151,Midsize Cars,Regular,Front-Wheel Drive,13.73375,Oldsmobile,Automatic 3-spd,4.0,2.2
1152,Midsize Cars,Regular,Front-Wheel Drive,16.4805,Oldsmobile,Automatic 4-spd,6.0,3.1
1153,Midsize Cars,Regular,Front-Wheel Drive,16.4805,Oldsmobile,Automatic 4-spd,6.0,3.1
1154,Midsize Cars,Regular,Front-Wheel Drive,18.3116666666667,Oldsmobile,Automatic 4-spd,6.0,3.4
1155,Midsize Cars,Regular,Front-Wheel Drive,15.6957142857143,Plymouth,Automatic 3-spd,4.0,2.5
1156,Midsize Cars,Regular,Front-Wheel Drive,14.9822727272727,Plymouth,Automatic 3-spd,4.0,2.5
1157,Midsize Cars,Regular,Front-Wheel Drive,14.3308695652174,Plymouth,Manual 5-spd,4.0,2.5
1158,Special Purpose Vehicle 4WD,Regular,4-Wheel or All-Wheel Drive,29.9645454545455,Ford,Automatic 3-spd,8.0,5.8
1159,Midsize Cars,Regular,Front-Wheel Drive,15.6957142857143,Plymouth,Automatic 3-spd,6.0,3.0
1160,Midsize Cars,Regular,Front-Wheel Drive,17.3478947368421,Plymouth,Automatic 4-spd,6.0,3.0
1161,Midsize Cars,Regular,Front-Wheel Drive,16.4805,Pontiac,Automatic 4-spd,6.0,3.1
1162,Midsize Cars,Regular,Front-Wheel Drive,18.3116666666667,Pontiac,Automatic 4-spd,6.0,3.4
1163,Midsize Cars,Premium,Rear-Wheel Drive,29.9645454545455,Rolls-Royce,Automatic 4-spd,8.0,6.8
1164,Midsize Cars,Premium,Rear-Wheel Drive,29.9645454545455,Rolls-Royce,Automatic 4-spd,8.0,6.5
1165,Midsize Cars,Premium,Rear-Wheel Drive,29.9645454545455,Rolls-Royce,Automatic 4-spd,8.0,6.8
1166,Midsize Cars,Regular,Front-Wheel Drive,17.3478947368421,Saab,Automatic 4-spd,4.0,2.3
1167,Midsize Cars,Regular,Front-Wheel Drive,15.6957142857143,Saab,Manual 5-spd,4.0,2.3
1168,Midsize Cars,Regular,Front-Wheel Drive,17.3478947368421,Saab,Automatic 4-spd,6.0,2.5
1169,Special Purpose Vehicle 4WD,Regular,4-Wheel or All-Wheel Drive,25.3546153846154,GMC,Automatic 4-spd,8.0,5.0
1170,Midsize Cars,Regular,Front-Wheel Drive,17.3478947368421,Saab,Manual 5-spd,6.0,2.5
1171,Midsize Cars,Regular,Front-Wheel Drive,15.6957142857143,Toyota,Automatic 4-spd,4.0,2.2
1172,Midsize Cars,Regular,Front-Wheel Drive,14.3308695652174,Toyota,Manual 5-spd,4.0,2.2
1173,Midsize Cars,Regular,Front-Wheel Drive,17.3478947368421,Toyota,Automatic 4-spd,6.0,3.0
1174,Midsize Cars,Regular,Front-Wheel Drive,17.3478947368421,Volvo,Automatic 4-spd,5.0,2.3
1175,Midsize Cars,Regular,Front-Wheel Drive,16.4805,Volvo,Automatic 4-spd,5.0,2.4
1176,Midsize Cars,Regular,Front-Wheel Drive,15.6957142857143,Volvo,Manual 5-spd,5.0,2.4
1177,Midsize Cars,Regular,Rear-Wheel Drive,17.3478947368421,Volvo,Automatic 4-spd,4.0,2.3
1178,Midsize Cars,Regular,Rear-Wheel Drive,16.4805,Volvo,Automatic 4-spd,4.0,2.3
1179,Midsize Cars,Regular,Rear-Wheel Drive,18.3116666666667,Volvo,Automatic 4-spd,6.0,2.9
1180,Special Purpose Vehicle 4WD,Regular,4-Wheel or All-Wheel Drive,23.5435714285714,GMC,Manual 4-spd,8.0,5.0
1181,Large Cars,Regular,Front-Wheel Drive,16.4805,Buick,Automatic 4-spd,6.0,3.8
1182,Large Cars,Regular,Front-Wheel Drive,18.3116666666667,Buick,Automatic 4-spd,6.0,3.8
1183,Large Cars,Regular,Front-Wheel Drive,16.4805,Buick,Automatic 4-spd,6.0,3.8
1184,Large Cars,Premium,Rear-Wheel Drive,18.3116666666667,Buick,Automatic 4-spd,8.0,5.7
1185,Large Cars,Premium,Front-Wheel Drive,18.3116666666667,Cadillac,Automatic 4-spd,8.0,4.6
1186,Large Cars,Premium,Front-Wheel Drive,19.3888235294118,Cadillac,Automatic 4-spd,8.0,4.9
1187,Large Cars,Premium,Rear-Wheel Drive,18.3116666666667,Cadillac,Automatic 4-spd,8.0,5.7
1188,Large Cars,Regular,Rear-Wheel Drive,17.3478947368421,Chevrolet,Automatic 4-spd,8.0,4.3
1189,Large Cars,Premium,Rear-Wheel Drive,18.3116666666667,Chevrolet,Automatic 4-spd,8.0,5.7
1190,Large Cars,Regular,Front-Wheel Drive,15.6957142857143,Chrysler,Automatic 4-spd,6.0,3.3
1191,Special Purpose Vehicle 4WD,Diesel,4-Wheel or All-Wheel Drive,22.4814705882353,GMC,Automatic 4-spd,8.0,6.2
1192,Large Cars,Regular,Front-Wheel Drive,17.3478947368421,Chrysler,Automatic 4-spd,6.0,3.5
1193,Large Cars,Regular,Front-Wheel Drive,17.3478947368421,Chrysler,Automatic 4-spd,6.0,3.5
1194,Large Cars,Regular,Front-Wheel Drive,15.6957142857143,Dodge,Automatic 4-spd,6.0,3.3
1195,Large Cars,Regular,Front-Wheel Drive,17.3478947368421,Dodge,Automatic 4-spd,6.0,3.5
1196,Large Cars,Regular,Front-Wheel Drive,15.6957142857143,Eagle,Automatic 4-spd,6.0,3.3
1197,Large Cars,Regular,Front-Wheel Drive,17.3478947368421,Eagle,Automatic 4-spd,6.0,3.5
1198,Large Cars,Regular,Rear-Wheel Drive,19.3888235294118,Ford,Automatic 4-spd,8.0,4.6
1199,Large Cars,Regular,Rear-Wheel Drive,18.3116666666667,Ford,Automatic 4-spd,8.0,4.6
1200,Large Cars,Regular,Front-Wheel Drive,17.3478947368421,Lincoln,Automatic 4-spd,6.0,3.8
1201,Large Cars,Regular,Rear-Wheel Drive,18.3116666666667,Mercury,Automatic 4-spd,8.0,4.6
1202,Special Purpose Vehicle 4WD,Regular,4-Wheel or All-Wheel Drive,27.4675,GMC,Automatic 4-spd,8.0,5.7
1203,Large Cars,Regular,Rear-Wheel Drive,18.3116666666667,Lincoln,Automatic 4-spd,8.0,4.6
1204,Large Cars,Premium,Rear-Wheel Drive,18.3116666666667,Mercedes-Benz,Automatic 5-spd,6.0,3.2
1205,Large Cars,Diesel,Rear-Wheel Drive,18.1992857142857,Mercedes-Benz,Automatic 4-spd,6.0,3.5
1206,Large Cars,Premium,Rear-Wheel Drive,21.974,Mercedes-Benz,Automatic 4-spd,8.0,4.2
1207,Large Cars,Premium,Rear-Wheel Drive,23.5435714285714,Mercedes-Benz,Automatic 4-spd,8.0,5.0
1208,Large Cars,Premium,Rear-Wheel Drive,25.3546153846154,Mercedes-Benz,Automatic 4-spd,12.0,6.0
1209,Large Cars,Regular,Front-Wheel Drive,16.4805,Oldsmobile,Automatic 4-spd,6.0,3.8
1210,Large Cars,Regular,Front-Wheel Drive,18.3116666666667,Oldsmobile,Automatic 4-spd,6.0,3.8
1211,Large Cars,Regular,Front-Wheel Drive,16.4805,Oldsmobile,Automatic 4-spd,6.0,3.8
1212,Large Cars,Regular,Front-Wheel Drive,16.4805,Pontiac,Automatic 4-spd,6.0,3.8
1213,Special Purpose Vehicle 4WD,Regular,4-Wheel or All-Wheel Drive,29.9645454545455,GMC,Manual 4-spd,8.0,5.7
1214,Large Cars,Premium,Front-Wheel Drive,18.3116666666667,Pontiac,Automatic 4-spd,6.0,3.8
1215,Large Cars,Premium,Rear-Wheel Drive,29.9645454545455,Rolls-Royce,Automatic 4-spd,8.0,6.8
1216,Large Cars,Regular,Front-Wheel Drive,17.3478947368421,Saab,Automatic 4-spd,4.0,2.3
1217,Large Cars,Regular,Front-Wheel Drive,18.3116666666667,Saab,Automatic 4-spd,4.0,2.3
1218,Large Cars,Premium,Front-Wheel Drive,15.6957142857143,Saab,Manual 5-spd,4.0,2.3
1219,Large Cars,Regular,Front-Wheel Drive,15.6957142857143,Saab,Manual 5-spd,4.0,2.3
1220,Large Cars,Regular,Front-Wheel Drive,16.4805,Saab,Manual 5-spd,4.0,2.3
1221,Small Station Wagons,Regular,4-Wheel or All-Wheel Drive,18.3116666666667,Audi,Automatic 4-spd,6.0,2.8
1222,Small Station Wagons,Regular,Front-Wheel Drive,18.3116666666667,Audi,Automatic 4-spd,6.0,2.8
1223,Small Station Wagons,Premium,Rear-Wheel Drive,17.3478947368421,BMW,Automatic 4-spd,6.0,2.5
1224,Subcompact Cars,Premium,Rear-Wheel Drive,17.3478947368421,Dodge,Automatic 4-spd,4.0,2.6
1225,Special Purpose Vehicle 4WD,Diesel,4-Wheel or All-Wheel Drive,23.8865625,GMC,Automatic 4-spd,8.0,6.2
1226,Small Station Wagons,Premium,Rear-Wheel Drive,18.3116666666667,BMW,Automatic 5-spd,8.0,3.0
1227,Small Station Wagons,Premium,Rear-Wheel Drive,19.3888235294118,BMW,Automatic 5-spd,8.0,3.1
1228,Small Station Wagons,Regular,Front-Wheel Drive,13.73375,Chevrolet,Automatic 3-spd,4.0,2.2
1229,Small Station Wagons,Regular,Front-Wheel Drive,16.4805,Chevrolet,Automatic 3-spd,6.0,3.1
1230,Small Station Wagons,Regular,Front-Wheel Drive,12.6773076923077,Ford,Automatic 4-spd,4.0,1.9
1231,Small Station Wagons,Regular,Front-Wheel Drive,11.3658620689655,Ford,Manual 5-spd,4.0,1.9
1232,Small Station Wagons,Regular,Front-Wheel Drive,15.6957142857143,Honda,Automatic 4-spd,4.0,2.2
1233,Small Station Wagons,Regular,Front-Wheel Drive,14.9822727272727,Honda,Automatic 4-spd,4.0,2.2
1234,Small Station Wagons,Regular,Front-Wheel Drive,14.3308695652174,Honda,Manual 5-spd,4.0,2.2
1235,Small Station Wagons,Regular,Front-Wheel Drive,13.73375,Honda,Manual 5-spd,4.0,2.2
1236,Special Purpose Vehicle 4WD,Regular,4-Wheel or All-Wheel Drive,17.3478947368421,GMC,Automatic 4-spd,4.0,2.5
1237,Small Station Wagons,Regular,Front-Wheel Drive,12.6773076923077,Mercury,Automatic 4-spd,4.0,1.9
1238,Small Station Wagons,Regular,Front-Wheel Drive,11.3658620689655,Mercury,Manual 5-spd,4.0,1.9
1239,Small Station Wagons,Regular,Front-Wheel Drive,12.6773076923077,Saturn,Automatic 4-spd,4.0,1.9
1240,Small Station Wagons,Regular,Front-Wheel Drive,13.73375,Saturn,Automatic 4-spd,4.0,1.9
1241,Small Station Wagons,Regular,Front-Wheel Drive,13.1844,Saturn,Manual 5-spd,4.0,1.9
1242,Small Station Wagons,Regular,Front-Wheel Drive,11.7717857142857,Saturn,Manual 5-spd,4.0,1.9
1243,Small Station Wagons,Regular,Front-Wheel Drive,14.3308695652174,Subaru,Automatic 4-spd,4.0,1.8
1244,Small Station Wagons,Regular,Front-Wheel Drive,13.73375,Subaru,Manual 5-spd,4.0,1.8
1245,Small Station Wagons,Regular,4-Wheel or All-Wheel Drive,14.9822727272727,Subaru,Automatic 4-spd,4.0,1.8
1246,Small Station Wagons,Regular,4-Wheel or All-Wheel Drive,14.3308695652174,Subaru,Manual 5-spd,4.0,1.8
1247,Special Purpose Vehicle 4WD,Regular,4-Wheel or All-Wheel Drive,16.4805,GMC,Manual 4-spd,4.0,2.5
1248,Small Station Wagons,Regular,Front-Wheel Drive,14.9822727272727,Subaru,Automatic 4-spd,4.0,2.2
1249,Small Station Wagons,Regular,Front-Wheel Drive,14.3308695652174,Subaru,Manual 5-spd,4.0,2.2
1250,Small Station Wagons,Regular,4-Wheel or All-Wheel Drive,15.6957142857143,Subaru,Automatic 4-spd,4.0,2.2
1251,Small Station Wagons,Regular,4-Wheel or All-Wheel Drive,15.6957142857143,Subaru,Manual 5-spd,4.0,2.2
1252,Small Station Wagons,Premium,4-Wheel or All-Wheel Drive,18.3116666666667,Subaru,Automatic 4-spd,4.0,2.2
1253,Small Station Wagons,Regular,Front-Wheel Drive,13.1844,Toyota,Automatic 4-spd,4.0,1.8
1254,Small Station Wagons,Regular,Front-Wheel Drive,12.6773076923077,Toyota,Manual 5-spd,4.0,1.8
1255,Midsize-Large Station Wagons,Regular,Front-Wheel Drive,14.9822727272727,Buick,Automatic 3-spd,4.0,2.2
1256,Midsize-Large Station Wagons,Regular,Front-Wheel Drive,16.4805,Buick,Automatic 4-spd,6.0,3.1
1257,Midsize-Large Station Wagons,Regular,Front-Wheel Drive,14.3308695652174,Eagle,Automatic 4-spd,4.0,1.8
1258,Special Purpose Vehicle 4WD,Regular,4-Wheel or All-Wheel Drive,15.6957142857143,GMC,Manual 5-spd,4.0,2.5
1259,Midsize-Large Station Wagons,Regular,Front-Wheel Drive,14.3308695652174,Eagle,Manual 5-spd,4.0,1.8
1260,Midsize-Large Station Wagons,Regular,Front-Wheel Drive,16.4805,Eagle,Automatic 4-spd,4.0,2.4
1261,Midsize-Large Station Wagons,Regular,4-Wheel or All-Wheel Drive,18.3116666666667,Eagle,Automatic 4-spd,4.0,2.4
1262,Midsize-Large Station Wagons,Regular,Front-Wheel Drive,14.9822727272727,Eagle,Manual 5-spd,4.0,2.4
1263,Midsize-Large Station Wagons,Regular,4-Wheel or All-Wheel Drive,16.4805,Eagle,Manual 5-spd,4.0,2.4
1264,Midsize-Large Station Wagons,Regular,Front-Wheel Drive,15.6957142857143,Ford,Automatic 4-spd,6.0,3.0
1265,Midsize-Large Station Wagons,Regular,Front-Wheel Drive,16.4805,Ford,Automatic 4-spd,6.0,3.8
1266,Midsize-Large Station Wagons,Regular,Front-Wheel Drive,15.6957142857143,Mercury,Automatic 4-spd,6.0,3.0
1267,Midsize-Large Station Wagons,Regular,Front-Wheel Drive,16.4805,Mercury,Automatic 4-spd,6.0,3.8
1268,Midsize-Large Station Wagons,Premium,Rear-Wheel Drive,18.3116666666667,Mercedes-Benz,Automatic 4-spd,6.0,3.2
1269,Special Purpose Vehicle 4WD,Regular,4-Wheel or All-Wheel Drive,18.3116666666667,GMC,Automatic 4-spd,6.0,2.8
1270,Midsize-Large Station Wagons,Regular,Front-Wheel Drive,16.4805,Mitsubishi,Automatic 4-spd,4.0,2.4
1271,Midsize-Large Station Wagons,Regular,4-Wheel or All-Wheel Drive,18.3116666666667,Mitsubishi,Automatic 4-spd,4.0,2.4
1272,Midsize-Large Station Wagons,Regular,Front-Wheel Drive,14.9822727272727,Mitsubishi,Manual 5-spd,4.0,2.4
1273,Midsize-Large Station Wagons,Regular,4-Wheel or All-Wheel Drive,16.4805,Mitsubishi,Manual 5-spd,4.0,2.4
1274,Midsize-Large Station Wagons,Regular,Front-Wheel Drive,14.3308695652174,Mitsubishi,Automatic 4-spd,4.0,1.8
1275,Midsize-Large Station Wagons,Regular,Front-Wheel Drive,14.3308695652174,Mitsubishi,Manual 5-spd,4.0,1.8
1276,Midsize-Large Station Wagons,Regular,Front-Wheel Drive,16.4805,Mitsubishi,Automatic 4-spd,4.0,2.4
1277,Midsize-Large Station Wagons,Regular,Front-Wheel Drive,14.9822727272727,Mitsubishi,Manual 5-spd,4.0,2.4
1278,Midsize-Large Station Wagons,Regular,Front-Wheel Drive,16.4805,Oldsmobile,Automatic 4-spd,6.0,3.1
1279,Midsize-Large Station Wagons,Premium,Front-Wheel Drive,17.3478947368421,Mitsubishi,Automatic 4-spd,6.0,3.0
1280,Special Purpose Vehicle 4WD,Regular,4-Wheel or All-Wheel Drive,19.3888235294118,GMC,Manual 4-spd,6.0,2.8
1281,Midsize-Large Station Wagons,Regular,Front-Wheel Drive,14.3308695652174,Plymouth,Automatic 4-spd,4.0,1.8
1282,Midsize-Large Station Wagons,Regular,Front-Wheel Drive,14.3308695652174,Plymouth,Manual 5-spd,4.0,1.8
1283,Midsize-Large Station Wagons,Regular,Front-Wheel Drive,16.4805,Plymouth,Automatic 4-spd,4.0,2.4
1284,Midsize-Large Station Wagons,Regular,4-Wheel or All-Wheel Drive,18.3116666666667,Plymouth,Automatic 4-spd,4.0,2.4
1285,Midsize-Large Station Wagons,Regular,Front-Wheel Drive,14.9822727272727,Plymouth,Manual 5-spd,4.0,2.4
1286,Midsize-Large Station Wagons,Regular,4-Wheel or All-Wheel Drive,16.4805,Plymouth,Manual 5-spd,4.0,2.4
1287,Midsize-Large Station Wagons,Regular,Front-Wheel Drive,15.6957142857143,Toyota,Automatic 4-spd,4.0,2.2
1288,Midsize-Large Station Wagons,Regular,Front-Wheel Drive,18.3116666666667,Toyota,Automatic 4-spd,6.0,3.0
1289,Midsize-Large Station Wagons,Regular,Front-Wheel Drive,18.3116666666667,Volkswagen,Automatic 4-spd,6.0,2.8
1290,Midsize-Large Station Wagons,Regular,Front-Wheel Drive,18.3116666666667,Volkswagen,Manual 5-spd,6.0,2.8
1291,Special Purpose Vehicle 4WD,Regular,4-Wheel or All-Wheel Drive,20.600625,GMC,Manual 5-spd,6.0,2.8
1292,Midsize-Large Station Wagons,Regular,Front-Wheel Drive,17.3478947368421,Volvo,Automatic 4-spd,5.0,2.3
1293,Midsize-Large Station Wagons,Regular,Front-Wheel Drive,16.4805,Volvo,Automatic 4-spd,5.0,2.4
1294,Midsize-Large Station Wagons,Regular,Front-Wheel Drive,15.6957142857143,Volvo,Manual 5-spd,5.0,2.4
1295,Midsize-Large Station Wagons,Regular,Rear-Wheel Drive,17.3478947368421,Volvo,Automatic 4-spd,4.0,2.3
1296,Midsize-Large Station Wagons,Regular,Rear-Wheel Drive,16.4805,Volvo,Automatic 4-spd,4.0,2.3
1297,Midsize-Large Station Wagons,Regular,Rear-Wheel Drive,18.3116666666667,Volvo,Automatic 4-spd,6.0,2.9
1298,Midsize-Large Station Wagons,Premium,Rear-Wheel Drive,18.3116666666667,Buick,Automatic 4-spd,8.0,5.7
1299,Midsize-Large Station Wagons,Regular,Rear-Wheel Drive,18.3116666666667,Chevrolet,Automatic 4-spd,8.0,4.3
1300,Midsize-Large Station Wagons,Premium,Rear-Wheel Drive,18.3116666666667,Chevrolet,Automatic 4-spd,8.0,5.7
1301,Small Pickup Trucks,Regular,Rear-Wheel Drive,17.3478947368421,Chevrolet,Automatic 4-spd,4.0,2.2
1302,Special Purpose Vehicles,Regular,4-Wheel or All-Wheel Drive,18.3116666666667,Isuzu,Manual 4-spd,4.0,2.0
1303,Small Pickup Trucks,Regular,Rear-Wheel Drive,14.9822727272727,Chevrolet,Manual 5-spd,4.0,2.2
1304,Small Pickup Trucks,Premium,Rear-Wheel Drive,18.3116666666667,Chevrolet,Automatic 4-spd,6.0,4.3
1305,Small Pickup Trucks,Regular,Rear-Wheel Drive,18.3116666666667,Chevrolet,Automatic 4-spd,6.0,4.3
1306,Small Pickup Trucks,Regular,Rear-Wheel Drive,18.3116666666667,Chevrolet,Manual 5-spd,6.0,4.3
1307,Small Pickup Trucks,Premium,Rear-Wheel Drive,17.3478947368421,Chevrolet,Manual 5-spd,6.0,4.3
1308,Small Pickup Trucks,Premium,Rear-Wheel Drive,16.4805,Nissan,Automatic 4-spd,4.0,2.4
1309,Small Pickup Trucks,Premium,Rear-Wheel Drive,14.9822727272727,Nissan,Manual 5-spd,4.0,2.4
1310,Small Pickup Trucks,Regular,Rear-Wheel Drive,18.3116666666667,Nissan,Automatic 4-spd,6.0,3.0
1311,Small Pickup Trucks,Regular,Rear-Wheel Drive,17.3478947368421,Nissan,Manual 5-spd,6.0,3.0
1312,Small Pickup Trucks,Regular,Rear-Wheel Drive,17.3478947368421,GMC,Automatic 4-spd,4.0,2.2
1313,Special Purpose Vehicles,Diesel,4-Wheel or All-Wheel Drive,18.1992857142857,Jeep,Automatic 3-spd,4.0,2.1
1314,Small Pickup Trucks,Regular,Rear-Wheel Drive,14.9822727272727,GMC,Manual 5-spd,4.0,2.2
1315,Small Pickup Trucks,Premium,Rear-Wheel Drive,18.3116666666667,GMC,Automatic 4-spd,6.0,4.3
1316,Small Pickup Trucks,Regular,Rear-Wheel Drive,18.3116666666667,GMC,Automatic 4-spd,6.0,4.3
1317,Small Pickup Trucks,Premium,Rear-Wheel Drive,17.3478947368421,GMC,Manual 5-spd,6.0,4.3
1318,Small Pickup Trucks,Regular,Rear-Wheel Drive,18.3116666666667,GMC,Manual 5-spd,6.0,4.3
1319,Small Pickup Trucks,Regular,Rear-Wheel Drive,16.4805,Isuzu,Manual 5-spd,4.0,2.3
1320,Small Pickup Trucks,Regular,Rear-Wheel Drive,16.4805,Isuzu,Manual 5-spd,4.0,2.3
1321,Small Pickup Trucks,Regular,Rear-Wheel Drive,17.3478947368421,Isuzu,Automatic 4-spd,4.0,2.6
1322,Small Pickup Trucks,Regular,Rear-Wheel Drive,18.3116666666667,Isuzu,Manual 5-spd,4.0,2.6
1323,Small Pickup Trucks,Regular,Front-Wheel Drive,18.3116666666667,Mitsubishi,Automatic 4-spd,4.0,2.3
1324,Special Purpose Vehicles,Diesel,4-Wheel or All-Wheel Drive,14.6994230769231,Jeep,Manual 5-spd,4.0,2.1
1325,Small Pickup Trucks,Regular,Front-Wheel Drive,16.4805,Mitsubishi,Manual 5-spd,4.0,2.3
1326,Standard Pickup Trucks,Regular,Rear-Wheel Drive,19.3888235294118,Chevrolet,Automatic 4-spd,6.0,4.3
1327,Standard Pickup Trucks,Regular,Rear-Wheel Drive,18.3116666666667,Chevrolet,Manual 5-spd,6.0,4.3
1328,Standard Pickup Trucks,Regular,Rear-Wheel Drive,20.600625,Chevrolet,Manual 5-spd,6.0,4.3
1329,Standard Pickup Trucks,Regular,Rear-Wheel Drive,19.3888235294118,Chevrolet,Manual 5-spd,6.0,4.3
1330,Standard Pickup Trucks,Regular,Rear-Wheel Drive,21.974,Chevrolet,Automatic 4-spd,8.0,5.0
1331,Standard Pickup Trucks,Regular,Rear-Wheel Drive,21.974,Chevrolet,Manual 5-spd,8.0,5.0
1332,Standard Pickup Trucks,Regular,Rear-Wheel Drive,23.5435714285714,Chevrolet,Automatic 4-spd,8.0,5.7
1333,Standard Pickup Trucks,Regular,Rear-Wheel Drive,23.5435714285714,Chevrolet,Manual 5-spd,8.0,5.7
1334,Standard Pickup Trucks,Regular,Rear-Wheel Drive,23.5435714285714,Chevrolet,Manual 5-spd,8.0,5.7
1335,Subcompact Cars,Premium,Rear-Wheel Drive,18.3116666666667,Dodge,Manual 5-spd,4.0,2.6
1336,Special Purpose Vehicles,Regular,4-Wheel or All-Wheel Drive,19.3888235294118,Jeep,Automatic 3-spd,4.0,2.5
1337,Standard Pickup Trucks,Diesel,Rear-Wheel Drive,22.4814705882353,Chevrolet,Automatic 4-spd,8.0,6.5
1338,Standard Pickup Trucks,Diesel,Rear-Wheel Drive,22.4814705882353,Chevrolet,Automatic 4-spd,8.0,6.5
1339,Standard Pickup Trucks,Diesel,Rear-Wheel Drive,20.115,Chevrolet,Manual 5-spd,8.0,6.5
1340,Standard Pickup Trucks,Regular,Rear-Wheel Drive,20.600625,Chevrolet,Automatic 4-spd,6.0,4.3
1341,Standard Pickup Trucks,Regular,Rear-Wheel Drive,19.3888235294118,Chevrolet,Manual 5-spd,6.0,4.3
1342,Standard Pickup Trucks,Regular,Rear-Wheel Drive,19.3888235294118,Chevrolet,Manual 5-spd,6.0,4.3
1343,Standard Pickup Trucks,Regular,Rear-Wheel Drive,23.5435714285714,Chevrolet,Automatic 4-spd,8.0,5.0
1344,Standard Pickup Trucks,Regular,Rear-Wheel Drive,23.5435714285714,Chevrolet,Manual 5-spd,8.0,5.0
1345,Standard Pickup Trucks,Regular,Rear-Wheel Drive,25.3546153846154,Chevrolet,Automatic 4-spd,8.0,5.7
1346,Standard Pickup Trucks,Regular,Rear-Wheel Drive,25.3546153846154,Chevrolet,Manual 5-spd,8.0,5.7
1347,Special Purpose Vehicles,Regular,4-Wheel or All-Wheel Drive,16.4805,Jeep,Manual 4-spd,4.0,2.5
1348,Standard Pickup Trucks,Regular,Rear-Wheel Drive,25.3546153846154,Chevrolet,Manual 5-spd,8.0,5.7
1349,Standard Pickup Trucks,Diesel,Rear-Wheel Drive,22.4814705882353,Chevrolet,Automatic 4-spd,8.0,6.5
1350,Standard Pickup Trucks,Diesel,Rear-Wheel Drive,23.8865625,Chevrolet,Automatic 4-spd,8.0,6.5
1351,Standard Pickup Trucks,Diesel,Rear-Wheel Drive,20.115,Chevrolet,Manual 5-spd,8.0,6.5
1352,Standard Pickup Trucks,Regular,Rear-Wheel Drive,14.9822727272727,Dodge,Manual 5-spd,4.0,2.5
1353,Standard Pickup Trucks,Regular,Rear-Wheel Drive,20.600625,Dodge,Automatic 4-spd,6.0,3.9
1354,Standard Pickup Trucks,Regular,Rear-Wheel Drive,19.3888235294118,Dodge,Manual 5-spd,6.0,3.9
1355,Standard Pickup Trucks,Regular,Rear-Wheel Drive,23.5435714285714,Dodge,Automatic 4-spd,8.0,5.2
1356,Standard Pickup Trucks,Regular,Rear-Wheel Drive,21.974,Dodge,Manual 5-spd,8.0,5.2
1357,Standard Pickup Trucks,Regular,Rear-Wheel Drive,21.974,Dodge,Automatic 4-spd,6.0,3.9
1358,Special Purpose Vehicles,Regular,4-Wheel or All-Wheel Drive,18.3116666666667,Jeep,Manual 4-spd,4.0,2.5
1359,Standard Pickup Trucks,Regular,Rear-Wheel Drive,19.3888235294118,Dodge,Manual 5-spd,6.0,3.9
1360,Standard Pickup Trucks,Regular,Rear-Wheel Drive,25.3546153846154,Dodge,Automatic 4-spd,8.0,5.2
1361,Standard Pickup Trucks,Regular,Rear-Wheel Drive,23.5435714285714,Dodge,Manual 5-spd,8.0,5.2
1362,Standard Pickup Trucks,Regular,Rear-Wheel Drive,27.4675,Dodge,Automatic 4-spd,8.0,5.9
1363,Standard Pickup Trucks,Regular,Rear-Wheel Drive,25.3546153846154,Dodge,Automatic 4-spd,8.0,5.2
1364,Standard Pickup Trucks,Regular,Rear-Wheel Drive,25.3546153846154,Dodge,Manual 5-spd,8.0,5.2
1365,Standard Pickup Trucks,Regular,Rear-Wheel Drive,27.4675,Dodge,Automatic 4-spd,8.0,5.9
1366,Standard Pickup Trucks,Regular,Rear-Wheel Drive,25.3546153846154,Dodge,Manual 5-spd,8.0,5.9
1367,Standard Pickup Trucks,Regular,Rear-Wheel Drive,21.974,Ford,Automatic 4-spd,6.0,4.9
1368,Standard Pickup Trucks,Regular,Rear-Wheel Drive,21.974,Ford,Manual 5-spd,6.0,4.9
1369,Special Purpose Vehicles,Regular,4-Wheel or All-Wheel Drive,18.3116666666667,Jeep,Manual 5-spd,4.0,2.5
1370,Standard Pickup Trucks,Regular,Rear-Wheel Drive,21.974,Ford,Automatic 4-spd,8.0,5.0
1371,Standard Pickup Trucks,Regular,Rear-Wheel Drive,21.974,Ford,Manual 5-spd,8.0,5.0
1372,Standard Pickup Trucks,Regular,Rear-Wheel Drive,25.3546153846154,Ford,Automatic 4-spd,8.0,5.8
1373,Standard Pickup Trucks,Regular,Rear-Wheel Drive,23.5435714285714,Ford,Automatic 4-spd,6.0,4.9
1374,Standard Pickup Trucks,Regular,Rear-Wheel Drive,23.5435714285714,Ford,Manual 5-spd,6.0,4.9
1375,Standard Pickup Trucks,Regular,Rear-Wheel Drive,23.5435714285714,Ford,Automatic 4-spd,8.0,5.0
1376,Standard Pickup Trucks,Regular,Rear-Wheel Drive,23.5435714285714,Ford,Manual 5-spd,8.0,5.0
1377,Standard Pickup Trucks,Regular,Rear-Wheel Drive,25.3546153846154,Ford,Automatic 4-spd,8.0,5.8
1378,Standard Pickup Trucks,Regular,Rear-Wheel Drive,27.4675,Ford,Automatic 4-spd,8.0,5.8
1379,Standard Pickup Trucks,Regular,Rear-Wheel Drive,16.4805,Ford,Automatic 4-spd,4.0,2.3
1380,Special Purpose Vehicles,Regular,4-Wheel or All-Wheel Drive,21.974,Jeep,Automatic 3-spd,6.0,2.8
1381,Standard Pickup Trucks,Regular,Rear-Wheel Drive,15.6957142857143,Ford,Manual 5-spd,4.0,2.3
1382,Standard Pickup Trucks,Regular,Rear-Wheel Drive,18.3116666666667,Ford,Automatic 4-spd,6.0,3.0
1383,Standard Pickup Trucks,Regular,Rear-Wheel Drive,17.3478947368421,Ford,Manual 5-spd,6.0,3.0
1384,Standard Pickup Trucks,Regular,Rear-Wheel Drive,20.600625,Ford,Automatic 4-spd,6.0,4.0
1385,Standard Pickup Trucks,Regular,Rear-Wheel Drive,18.3116666666667,Ford,Manual 5-spd,6.0,4.0
1386,Standard Pickup Trucks,Regular,Rear-Wheel Drive,19.3888235294118,GMC,Automatic 4-spd,6.0,4.3
1387,Standard Pickup Trucks,Regular,Rear-Wheel Drive,18.3116666666667,GMC,Manual 5-spd,6.0,4.3
1388,Standard Pickup Trucks,Regular,Rear-Wheel Drive,20.600625,GMC,Manual 5-spd,6.0,4.3
1389,Standard Pickup Trucks,Regular,Rear-Wheel Drive,19.3888235294118,GMC,Manual 5-spd,6.0,4.3
1390,Standard Pickup Trucks,Regular,Rear-Wheel Drive,21.974,GMC,Automatic 4-spd,8.0,5.0
1391,Special Purpose Vehicles,Regular,4-Wheel or All-Wheel Drive,20.600625,Jeep,Manual 5-spd,6.0,2.8
1392,Standard Pickup Trucks,Regular,Rear-Wheel Drive,21.974,GMC,Manual 5-spd,8.0,5.0
1393,Standard Pickup Trucks,Regular,Rear-Wheel Drive,23.5435714285714,GMC,Automatic 4-spd,8.0,5.7
1394,Standard Pickup Trucks,Regular,Rear-Wheel Drive,23.5435714285714,GMC,Manual 5-spd,8.0,5.7
1395,Standard Pickup Trucks,Regular,Rear-Wheel Drive,23.5435714285714,GMC,Manual 5-spd,8.0,5.7
1396,Standard Pickup Trucks,Diesel,Rear-Wheel Drive,22.4814705882353,GMC,Automatic 4-spd,8.0,6.5
1397,Standard Pickup Trucks,Diesel,Rear-Wheel Drive,22.4814705882353,GMC,Automatic 4-spd,8.0,6.5
1398,Standard Pickup Trucks,Diesel,Rear-Wheel Drive,20.115,GMC,Manual 5-spd,8.0,6.5
1399,Standard Pickup Trucks,Diesel,Rear-Wheel Drive,23.8865625,GMC,Automatic 4-spd,8.0,6.5
1400,Standard Pickup Trucks,Diesel,Rear-Wheel Drive,20.115,GMC,Manual 5-spd,8.0,6.5
1401,Standard Pickup Trucks,Regular,Rear-Wheel Drive,20.600625,GMC,Automatic 4-spd,6.0,4.3
1402,Special Purpose Vehicles,Regular,4-Wheel or All-Wheel Drive,18.3116666666667,Jeep,Manual 4-spd,4.0,2.5
1403,Standard Pickup Trucks,Regular,Rear-Wheel Drive,19.3888235294118,GMC,Manual 5-spd,6.0,4.3
1404,Standard Pickup Trucks,Regular,Rear-Wheel Drive,19.3888235294118,GMC,Manual 5-spd,6.0,4.3
1405,Standard Pickup Trucks,Regular,Rear-Wheel Drive,21.974,GMC,Automatic 4-spd,8.0,5.0
1406,Standard Pickup Trucks,Regular,Rear-Wheel Drive,23.5435714285714,GMC,Automatic 4-spd,8.0,5.7
1407,Standard Pickup Trucks,Regular,Rear-Wheel Drive,25.3546153846154,GMC,Manual 5-spd,8.0,5.7
1408,Standard Pickup Trucks,Regular,Rear-Wheel Drive,25.3546153846154,GMC,Manual 5-spd,8.0,5.7
1409,Standard Pickup Trucks,Diesel,Rear-Wheel Drive,23.8865625,GMC,Automatic 4-spd,8.0,6.5
1410,Standard Pickup Trucks,Regular,Rear-Wheel Drive,16.4805,Mazda,Automatic 4-spd,4.0,2.3
1411,Standard Pickup Trucks,Regular,Rear-Wheel Drive,15.6957142857143,Mazda,Manual 5-spd,4.0,2.3
1412,Standard Pickup Trucks,Regular,Rear-Wheel Drive,17.3478947368421,Mazda,Automatic 4-spd,6.0,3.0
1413,Special Purpose Vehicles,Regular,4-Wheel or All-Wheel Drive,18.3116666666667,Jeep,Manual 5-spd,4.0,2.5
1414,Standard Pickup Trucks,Regular,Rear-Wheel Drive,17.3478947368421,Mazda,Manual 5-spd,6.0,3.0
1415,Standard Pickup Trucks,Regular,Rear-Wheel Drive,19.3888235294118,Mazda,Automatic 4-spd,6.0,4.0
1416,Standard Pickup Trucks,Regular,Rear-Wheel Drive,17.3478947368421,Mazda,Manual 5-spd,6.0,4.0
1417,Standard Pickup Trucks,Regular,Rear-Wheel Drive,16.4805,Toyota,Manual 5-spd,4.0,2.7
1418,Standard Pickup Trucks,Regular,Rear-Wheel Drive,20.600625,Toyota,Automatic 4-spd,6.0,3.0
1419,Standard Pickup Trucks,Regular,Rear-Wheel Drive,20.600625,Toyota,Manual 5-spd,6.0,3.0
1420,Standard Pickup Trucks,Regular,Rear-Wheel Drive,15.6957142857143,Toyota,Automatic 4-spd,4.0,2.4
1421,Standard Pickup Trucks,Regular,Rear-Wheel Drive,14.9822727272727,Toyota,Manual 5-spd,4.0,2.4
1422,Standard Pickup Trucks,Regular,Rear-Wheel Drive,18.3116666666667,Toyota,Automatic 4-spd,6.0,3.0
1423,Standard Pickup Trucks,Regular,Rear-Wheel Drive,20.600625,Toyota,Manual 5-spd,6.0,3.0
1424,Special Purpose Vehicles,Regular,4-Wheel or All-Wheel Drive,21.974,Jeep,Automatic 3-spd,6.0,4.2
1425,Standard Pickup Trucks,Regular,4-Wheel or All-Wheel Drive,20.600625,Chevrolet,Automatic 4-spd,6.0,4.3
1426,Standard Pickup Trucks,Regular,4-Wheel or All-Wheel Drive,21.974,Chevrolet,Manual 5-spd,6.0,4.3
1427,Standard Pickup Trucks,Regular,4-Wheel or All-Wheel Drive,20.600625,Chevrolet,Manual 5-spd,6.0,4.3
1428,Standard Pickup Trucks,Regular,4-Wheel or All-Wheel Drive,23.5435714285714,Chevrolet,Automatic 4-spd,8.0,5.0
1429,Standard Pickup Trucks,Regular,4-Wheel or All-Wheel Drive,25.3546153846154,Chevrolet,Manual 5-spd,8.0,5.0
1430,Standard Pickup Trucks,Regular,4-Wheel or All-Wheel Drive,25.3546153846154,Chevrolet,Automatic 4-spd,8.0,5.7
1431,Standard Pickup Trucks,Regular,4-Wheel or All-Wheel Drive,25.3546153846154,Chevrolet,Manual 5-spd,8.0,5.7
1432,Standard Pickup Trucks,Regular,4-Wheel or All-Wheel Drive,27.4675,Chevrolet,Manual 5-spd,8.0,5.7
1433,Standard Pickup Trucks,Diesel,4-Wheel or All-Wheel Drive,23.8865625,Chevrolet,Automatic 4-spd,8.0,6.5
1434,Standard Pickup Trucks,Diesel,4-Wheel or All-Wheel Drive,25.479,Chevrolet,Automatic 4-spd,8.0,6.5
1435,Special Purpose Vehicles,Regular,4-Wheel or All-Wheel Drive,20.600625,Jeep,Manual 4-spd,6.0,4.2
1436,Standard Pickup Trucks,Diesel,4-Wheel or All-Wheel Drive,22.4814705882353,Chevrolet,Manual 5-spd,8.0,6.5
1437,Standard Pickup Trucks,Regular,4-Wheel or All-Wheel Drive,21.974,Chevrolet,Automatic 4-spd,6.0,4.3
1438,Standard Pickup Trucks,Regular,4-Wheel or All-Wheel Drive,23.5435714285714,Chevrolet,Manual 5-spd,6.0,4.3
1439,Standard Pickup Trucks,Regular,4-Wheel or All-Wheel Drive,21.974,Chevrolet,Manual 5-spd,6.0,4.3
1440,Standard Pickup Trucks,Regular,4-Wheel or All-Wheel Drive,23.5435714285714,Chevrolet,Automatic 4-spd,8.0,5.0
1441,Standard Pickup Trucks,Regular,4-Wheel or All-Wheel Drive,25.3546153846154,Chevrolet,Manual 5-spd,8.0,5.0
1442,Standard Pickup Trucks,Regular,4-Wheel or All-Wheel Drive,25.3546153846154,Chevrolet,Automatic 4-spd,8.0,5.7
1443,Standard Pickup Trucks,Regular,4-Wheel or All-Wheel Drive,25.3546153846154,Chevrolet,Manual 5-spd,8.0,5.7
1444,Standard Pickup Trucks,Regular,4-Wheel or All-Wheel Drive,27.4675,Chevrolet,Manual 5-spd,8.0,5.7
1445,Standard Pickup Trucks,Diesel,4-Wheel or All-Wheel Drive,23.8865625,Chevrolet,Automatic 4-spd,8.0,6.5
1446,Subcompact Cars,Premium,Rear-Wheel Drive,17.3478947368421,Dodge,Manual 5-spd,4.0,2.6
1447,Special Purpose Vehicles,Regular,4-Wheel or All-Wheel Drive,19.3888235294118,Jeep,Manual 5-spd,6.0,4.2
1448,Standard Pickup Trucks,Diesel,4-Wheel or All-Wheel Drive,25.479,Chevrolet,Automatic 4-spd,8.0,6.5
1449,Standard Pickup Trucks,Diesel,4-Wheel or All-Wheel Drive,22.4814705882353,Chevrolet,Manual 5-spd,8.0,6.5
1450,Standard Pickup Trucks,Regular,4-Wheel or All-Wheel Drive,19.3888235294118,Chevrolet,Automatic 4-spd,6.0,4.3
1451,Standard Pickup Trucks,Premium,4-Wheel or All-Wheel Drive,19.3888235294118,Chevrolet,Automatic 4-spd,6.0,4.3
1452,Standard Pickup Trucks,Premium,4-Wheel or All-Wheel Drive,19.3888235294118,Chevrolet,Manual 5-spd,6.0,4.3
1453,Standard Pickup Trucks,Regular,4-Wheel or All-Wheel Drive,20.600625,Chevrolet,Manual 5-spd,6.0,4.3
1454,Standard Pickup Trucks,Regular,4-Wheel or All-Wheel Drive,18.3116666666667,Nissan,Manual 5-spd,4.0,2.4
1455,Standard Pickup Trucks,Regular,4-Wheel or All-Wheel Drive,20.600625,Nissan,Automatic 4-spd,6.0,3.0
1456,Standard Pickup Trucks,Regular,4-Wheel or All-Wheel Drive,21.974,Nissan,Manual 5-spd,6.0,3.0
1457,Standard Pickup Trucks,Regular,4-Wheel or All-Wheel Drive,21.974,Dodge,Automatic 4-spd,6.0,3.9
1458,Special Purpose Vehicles,Regular,4-Wheel or All-Wheel Drive,23.5435714285714,Jeep,Automatic 3-spd,6.0,4.2
1459,Standard Pickup Trucks,Regular,4-Wheel or All-Wheel Drive,20.600625,Dodge,Manual 5-spd,6.0,3.9
1460,Standard Pickup Trucks,Regular,4-Wheel or All-Wheel Drive,25.3546153846154,Dodge,Automatic 4-spd,8.0,5.2
1461,Standard Pickup Trucks,Regular,4-Wheel or All-Wheel Drive,23.5435714285714,Dodge,Manual 5-spd,8.0,5.2
1462,Standard Pickup Trucks,Regular,4-Wheel or All-Wheel Drive,27.4675,Dodge,Automatic 4-spd,8.0,5.2
1463,Standard Pickup Trucks,Regular,4-Wheel or All-Wheel Drive,25.3546153846154,Dodge,Manual 5-spd,8.0,5.2
1464,Standard Pickup Trucks,Regular,4-Wheel or All-Wheel Drive,27.4675,Dodge,Automatic 4-spd,8.0,5.9
1465,Standard Pickup Trucks,Regular,4-Wheel or All-Wheel Drive,27.4675,Dodge,Automatic 4-spd,8.0,5.2
1466,Standard Pickup Trucks,Regular,4-Wheel or All-Wheel Drive,27.4675,Dodge,Manual 5-spd,8.0,5.2
1467,Standard Pickup Trucks,Regular,4-Wheel or All-Wheel Drive,27.4675,Dodge,Automatic 4-spd,8.0,5.9
1468,Standard Pickup Trucks,Regular,4-Wheel or All-Wheel Drive,25.3546153846154,Dodge,Manual 5-spd,8.0,5.9
1469,Special Purpose Vehicles,Regular,4-Wheel or All-Wheel Drive,29.9645454545455,Jeep,Automatic 3-spd,8.0,5.9
1470,Standard Pickup Trucks,Regular,4-Wheel or All-Wheel Drive,21.974,Ford,Automatic 4-spd,6.0,4.9
1471,Standard Pickup Trucks,Regular,4-Wheel or All-Wheel Drive,23.5435714285714,Ford,Manual 5-spd,6.0,4.9
1472,Standard Pickup Trucks,Regular,4-Wheel or All-Wheel Drive,23.5435714285714,Ford,Automatic 4-spd,8.0,5.0
1473,Standard Pickup Trucks,Regular,4-Wheel or All-Wheel Drive,23.5435714285714,Ford,Manual 5-spd,8.0,5.0
1474,Standard Pickup Trucks,Regular,4-Wheel or All-Wheel Drive,25.3546153846154,Ford,Automatic 4-spd,8.0,5.8
1475,Standard Pickup Trucks,Regular,4-Wheel or All-Wheel Drive,16.4805,Ford,Manual 5-spd,4.0,2.3
1476,Standard Pickup Trucks,Regular,4-Wheel or All-Wheel Drive,19.3888235294118,Ford,Automatic 4-spd,6.0,3.0
1477,Standard Pickup Trucks,Regular,4-Wheel or All-Wheel Drive,17.3478947368421,Ford,Manual 5-spd,6.0,3.0
1478,Standard Pickup Trucks,Regular,4-Wheel or All-Wheel Drive,20.600625,Ford,Automatic 4-spd,6.0,4.0
1479,Standard Pickup Trucks,Regular,4-Wheel or All-Wheel Drive,19.3888235294118,Ford,Manual 5-spd,6.0,4.0
1480,Special Purpose Vehicles,Regular,4-Wheel or All-Wheel Drive,20.600625,Mitsubishi,Automatic 3-spd,4.0,2.6
1481,Standard Pickup Trucks,Regular,4-Wheel or All-Wheel Drive,20.600625,GMC,Automatic 4-spd,6.0,4.3
1482,Standard Pickup Trucks,Regular,4-Wheel or All-Wheel Drive,21.974,GMC,Manual 5-spd,6.0,4.3
1483,Standard Pickup Trucks,Regular,4-Wheel or All-Wheel Drive,20.600625,GMC,Manual 5-spd,6.0,4.3
1484,Standard Pickup Trucks,Regular,4-Wheel or All-Wheel Drive,23.5435714285714,GMC,Automatic 4-spd,8.0,5.0
1485,Standard Pickup Trucks,Regular,4-Wheel or All-Wheel Drive,25.3546153846154,GMC,Manual 5-spd,8.0,5.0
1486,Standard Pickup Trucks,Regular,4-Wheel or All-Wheel Drive,25.3546153846154,GMC,Automatic 4-spd,8.0,5.7
1487,Standard Pickup Trucks,Regular,4-Wheel or All-Wheel Drive,25.3546153846154,GMC,Manual 5-spd,8.0,5.7
1488,Standard Pickup Trucks,Regular,4-Wheel or All-Wheel Drive,27.4675,GMC,Manual 5-spd,8.0,5.7
1489,Standard Pickup Trucks,Diesel,4-Wheel or All-Wheel Drive,25.479,GMC,Automatic 4-spd,8.0,6.5
1490,Standard Pickup Trucks,Diesel,4-Wheel or All-Wheel Drive,23.8865625,GMC,Automatic 4-spd,8.0,6.5
1491,Special Purpose Vehicles,Regular,4-Wheel or All-Wheel Drive,21.974,Mitsubishi,Automatic 3-spd,4.0,2.6
1492,Standard Pickup Trucks,Diesel,4-Wheel or All-Wheel Drive,22.4814705882353,GMC,Manual 5-spd,8.0,6.5
1493,Standard Pickup Trucks,Diesel,4-Wheel or All-Wheel Drive,23.8865625,GMC,Manual 5-spd,8.0,6.5
1494,Standard Pickup Trucks,Regular,4-Wheel or All-Wheel Drive,23.5435714285714,GMC,Manual 5-spd,6.0,4.3
1495,Standard Pickup Trucks,Regular,4-Wheel or All-Wheel Drive,23.5435714285714,GMC,Automatic 4-spd,8.0,5.0
1496,Standard Pickup Trucks,Regular,4-Wheel or All-Wheel Drive,25.3546153846154,GMC,Manual 5-spd,8.0,5.0
1497,Standard Pickup Trucks,Regular,4-Wheel or All-Wheel Drive,25.3546153846154,GMC,Automatic 4-spd,8.0,5.7
1498,Standard Pickup Trucks,Regular,4-Wheel or All-Wheel Drive,25.3546153846154,GMC,Manual 5-spd,8.0,5.7
1499,Standard Pickup Trucks,Regular,4-Wheel or All-Wheel Drive,27.4675,GMC,Manual 5-spd,8.0,5.7
1500,Standard Pickup Trucks,Diesel,4-Wheel or All-Wheel Drive,23.8865625,GMC,Automatic 4-spd,8.0,6.5
1501,Standard Pickup Trucks,Diesel,4-Wheel or All-Wheel Drive,25.479,GMC,Automatic 4-spd,8.0,6.5
1502,Special Purpose Vehicles,Regular,4-Wheel or All-Wheel Drive,19.3888235294118,Mitsubishi,Manual 5-spd,4.0,2.6
1503,Standard Pickup Trucks,Regular,4-Wheel or All-Wheel Drive,19.3888235294118,GMC,Automatic 4-spd,6.0,4.3
1504,Standard Pickup Trucks,Premium,4-Wheel or All-Wheel Drive,19.3888235294118,GMC,Automatic 4-spd,6.0,4.3
1505,Standard Pickup Trucks,Regular,4-Wheel or All-Wheel Drive,20.600625,GMC,Manual 5-spd,6.0,4.3
1506,Standard Pickup Trucks,Premium,4-Wheel or All-Wheel Drive,19.3888235294118,GMC,Manual 5-spd,6.0,4.3
1507,Standard Pickup Trucks,Regular,4-Wheel or All-Wheel Drive,20.600625,Isuzu,Manual 5-spd,4.0,2.6
1508,Standard Pickup Trucks,Regular,4-Wheel or All-Wheel Drive,21.974,Isuzu,Manual 5-spd,6.0,3.1
1509,Standard Pickup Trucks,Regular,4-Wheel or All-Wheel Drive,19.3888235294118,Mitsubishi,Manual 5-spd,6.0,3.0
1510,Standard Pickup Trucks,Regular,4-Wheel or All-Wheel Drive,17.3478947368421,Mazda,Manual 5-spd,4.0,2.3
1511,Standard Pickup Trucks,Regular,4-Wheel or All-Wheel Drive,19.3888235294118,Mazda,Automatic 4-spd,6.0,3.0
1512,Standard Pickup Trucks,Regular,4-Wheel or All-Wheel Drive,18.3116666666667,Mazda,Manual 5-spd,6.0,3.0
1513,Special Purpose Vehicles,Regular,4-Wheel or All-Wheel Drive,19.3888235294118,Mitsubishi,Manual 5-spd,4.0,2.6
1514,Standard Pickup Trucks,Regular,4-Wheel or All-Wheel Drive,20.600625,Mazda,Automatic 4-spd,6.0,4.0
1515,Standard Pickup Trucks,Regular,4-Wheel or All-Wheel Drive,18.3116666666667,Mazda,Manual 5-spd,6.0,4.0
1516,Standard Pickup Trucks,Regular,4-Wheel or All-Wheel Drive,23.5435714285714,Toyota,Automatic 4-spd,6.0,3.0
1517,Standard Pickup Trucks,Regular,4-Wheel or All-Wheel Drive,21.974,Toyota,Manual 5-spd,6.0,3.0
1518,Standard Pickup Trucks,Regular,4-Wheel or All-Wheel Drive,19.3888235294118,Toyota,Automatic 4-spd,4.0,2.4
1519,Standard Pickup Trucks,Regular,4-Wheel or All-Wheel Drive,18.3116666666667,Toyota,Manual 5-spd,4.0,2.4
1520,Standard Pickup Trucks,Regular,4-Wheel or All-Wheel Drive,25.3546153846154,Toyota,Automatic 4-spd,6.0,3.0
1521,Standard Pickup Trucks,Regular,4-Wheel or All-Wheel Drive,21.974,Toyota,Manual 5-spd,6.0,3.0
1522,Vans,Premium,4-Wheel or All-Wheel Drive,20.600625,Chevrolet,Automatic 4-spd,6.0,4.3
1523,Vans,Regular,Rear-Wheel Drive,19.3888235294118,Chevrolet,Automatic 4-spd,6.0,4.3
1524,Special Purpose Vehicles,Regular,4-Wheel or All-Wheel Drive,17.3478947368421,Plymouth,Manual 5-spd,4.0,2.0
1525,Vans,Premium,Rear-Wheel Drive,19.3888235294118,Chevrolet,Automatic 4-spd,6.0,4.3
1526,Vans,Regular,Rear-Wheel Drive,19.3888235294118,Chevrolet,Automatic 4-spd,6.0,4.3
1527,Vans,Regular,Rear-Wheel Drive,21.974,Chevrolet,Automatic 4-spd,8.0,5.0
1528,Vans,Regular,Rear-Wheel Drive,23.5435714285714,Chevrolet,Automatic 4-spd,8.0,5.7
1529,Vans,Diesel,Rear-Wheel Drive,23.8865625,Chevrolet,Automatic 4-spd,8.0,6.5
1530,Vans,Regular,Rear-Wheel Drive,20.600625,Chevrolet,Automatic 4-spd,6.0,4.3
1531,Vans,Regular,Rear-Wheel Drive,25.3546153846154,Chevrolet,Automatic 4-spd,8.0,5.7
1532,Vans,Regular,Rear-Wheel Drive,21.974,Dodge,Automatic 3-spd,6.0,3.9
1533,Vans,Regular,Rear-Wheel Drive,27.4675,Dodge,Automatic 3-spd,8.0,5.2
1534,Vans,Regular,Rear-Wheel Drive,25.3546153846154,Dodge,Automatic 4-spd,8.0,5.2
1535,Special Purpose Vehicles,Regular,4-Wheel or All-Wheel Drive,17.3478947368421,Plymouth,Manual 5-spd,4.0,2.0
1536,Vans,Regular,Rear-Wheel Drive,25.3546153846154,Dodge,Automatic 4-spd,8.0,5.9
1537,Vans,Regular,Rear-Wheel Drive,25.3546153846154,Dodge,Automatic 4-spd,8.0,5.2
1538,Vans,Regular,Rear-Wheel Drive,27.4675,Dodge,Automatic 4-spd,8.0,5.9
1539,Vans,Regular,Rear-Wheel Drive,18.3116666666667,Ford,Automatic 4-spd,6.0,3.0
1540,Vans,Regular,Rear-Wheel Drive,17.3478947368421,Ford,Manual 5-spd,6.0,3.0
1541,Vans,Regular,Rear-Wheel Drive,20.600625,Ford,Automatic 4-spd,6.0,4.0
1542,Vans,Regular,4-Wheel or All-Wheel Drive,20.600625,Ford,Automatic 4-spd,6.0,4.0
1543,Vans,Regular,Rear-Wheel Drive,23.5435714285714,Ford,Automatic 3-spd,6.0,4.9
1544,Vans,Regular,Rear-Wheel Drive,23.5435714285714,Ford,Automatic 4-spd,6.0,4.9
1545,Vans,Regular,Rear-Wheel Drive,23.5435714285714,Ford,Automatic 4-spd,8.0,5.0
1546,Special Purpose Vehicles,Regular,4-Wheel or All-Wheel Drive,16.4805,Subaru,Automatic 3-spd,4.0,1.8
1547,Vans,Regular,Rear-Wheel Drive,25.3546153846154,Ford,Automatic 4-spd,8.0,5.8
1548,Vans,Regular,Rear-Wheel Drive,27.4675,Ford,Automatic 3-spd,6.0,4.9
1549,Vans,Regular,Rear-Wheel Drive,25.3546153846154,Ford,Automatic 4-spd,6.0,4.9
1550,Vans,Regular,Rear-Wheel Drive,27.4675,Ford,Automatic 4-spd,8.0,5.8
1551,Vans,Regular,Rear-Wheel Drive,20.600625,GMC,Automatic 4-spd,6.0,4.3
1552,Vans,Regular,Rear-Wheel Drive,21.974,GMC,Automatic 4-spd,8.0,5.0
1553,Vans,Regular,Rear-Wheel Drive,23.5435714285714,GMC,Automatic 4-spd,8.0,5.7
1554,Vans,Diesel,Rear-Wheel Drive,23.8865625,GMC,Automatic 4-spd,8.0,6.5
1555,Vans,Regular,Rear-Wheel Drive,20.600625,GMC,Automatic 4-spd,6.0,4.3
1556,Vans,Regular,Rear-Wheel Drive,25.3546153846154,GMC,Automatic 4-spd,8.0,5.7
1557,Subcompact Cars,Premium,Rear-Wheel Drive,18.3116666666667,Dodge,Manual 5-spd,4.0,2.6
1558,Special Purpose Vehicles,Regular,4-Wheel or All-Wheel Drive,14.3308695652174,Subaru,Manual 4-spd,4.0,1.8
1559,Vans,Premium,4-Wheel or All-Wheel Drive,20.600625,GMC,Automatic 4-spd,6.0,4.3
1560,Vans,Regular,Rear-Wheel Drive,19.3888235294118,GMC,Automatic 4-spd,6.0,4.3
1561,Vans,Premium,Rear-Wheel Drive,19.3888235294118,GMC,Automatic 4-spd,6.0,4.3
1562,Vans,Premium,4-Wheel or All-Wheel Drive,21.974,Chevrolet,Automatic 4-spd,6.0,4.3
1563,Vans,Premium,Rear-Wheel Drive,20.600625,Chevrolet,Automatic 4-spd,6.0,4.3
1564,Vans,Regular,Rear-Wheel Drive,20.600625,Chevrolet,Automatic 4-spd,6.0,4.3
1565,Vans,Regular,Rear-Wheel Drive,21.974,Chevrolet,Automatic 4-spd,6.0,4.3
1566,Vans,Regular,Rear-Wheel Drive,23.5435714285714,Chevrolet,Automatic 4-spd,8.0,5.0
1567,Vans,Regular,Rear-Wheel Drive,25.3546153846154,Chevrolet,Automatic 4-spd,8.0,5.7
1568,Vans,Diesel,Rear-Wheel Drive,23.8865625,Chevrolet,Automatic 4-spd,8.0,6.5
1569,Special Purpose Vehicles,Regular,4-Wheel or All-Wheel Drive,14.3308695652174,Subaru,Manual 4-spd,4.0,1.8
1570,Vans,Regular,Rear-Wheel Drive,25.3546153846154,Chevrolet,Automatic 4-spd,8.0,5.7
1571,Vans,Regular,Rear-Wheel Drive,21.974,Dodge,Automatic 3-spd,6.0,3.9
1572,Vans,Regular,Rear-Wheel Drive,27.4675,Dodge,Automatic 3-spd,8.0,5.2
1573,Vans,Regular,Rear-Wheel Drive,25.3546153846154,Dodge,Automatic 4-spd,8.0,5.2
1574,Vans,Regular,Rear-Wheel Drive,27.4675,Dodge,Automatic 4-spd,8.0,5.9
1575,Vans,Regular,Rear-Wheel Drive,27.4675,Dodge,Automatic 4-spd,8.0,5.2
1576,Vans,Regular,Rear-Wheel Drive,27.4675,Dodge,Automatic 4-spd,8.0,5.9
1577,Vans,Regular,Rear-Wheel Drive,19.3888235294118,Ford,Automatic 4-spd,6.0,3.0
1578,Vans,Regular,Rear-Wheel Drive,19.3888235294118,Ford,Manual 5-spd,6.0,3.0
1579,Vans,Regular,Rear-Wheel Drive,20.600625,Ford,Automatic 4-spd,6.0,4.0
1580,Special Purpose Vehicles,Regular,4-Wheel or All-Wheel Drive,16.4805,Subaru,Automatic 3-spd,4.0,1.8
1581,Vans,Regular,4-Wheel or All-Wheel Drive,21.974,Ford,Automatic 4-spd,6.0,4.0
1582,Vans,Regular,Rear-Wheel Drive,25.3546153846154,Ford,Automatic 4-spd,6.0,4.9
1583,Vans,Regular,Rear-Wheel Drive,23.5435714285714,Ford,Automatic 4-spd,8.0,5.0
1584,Vans,Regular,Rear-Wheel Drive,27.4675,Ford,Automatic 4-spd,8.0,5.8
1585,Vans,Regular,Rear-Wheel Drive,21.974,GMC,Automatic 4-spd,6.0,4.3
1586,Vans,Regular,Rear-Wheel Drive,23.5435714285714,GMC,Automatic 4-spd,8.0,5.0
1587,Vans,Regular,Rear-Wheel Drive,25.3546153846154,GMC,Automatic 4-spd,8.0,5.7
1588,Vans,Diesel,Rear-Wheel Drive,23.8865625,GMC,Automatic 4-spd,8.0,6.5
1589,Vans,Regular,Rear-Wheel Drive,25.3546153846154,GMC,Automatic 4-spd,8.0,5.7
1590,Vans,Premium,4-Wheel or All-Wheel Drive,21.974,GMC,Automatic 4-spd,6.0,4.3
1591,Special Purpose Vehicles,Regular,4-Wheel or All-Wheel Drive,15.6957142857143,Subaru,Automatic 3-spd,4.0,1.8
1592,Vans,Premium,Rear-Wheel Drive,20.600625,GMC,Automatic 4-spd,6.0,4.3
1593,Vans,Regular,Rear-Wheel Drive,20.600625,GMC,Automatic 4-spd,6.0,4.3
1594,Vans,Regular,Rear-Wheel Drive,18.3116666666667,Toyota,Automatic 4-spd,4.0,2.4
1595,Vans,Regular,Rear-Wheel Drive,19.3888235294118,Toyota,Automatic 4-spd,4.0,2.4
1596,Vans,Regular,4-Wheel or All-Wheel Drive,19.3888235294118,Toyota,Automatic 4-spd,4.0,2.4
1597,Vans,Regular,4-Wheel or All-Wheel Drive,19.3888235294118,Toyota,Automatic 4-spd,4.0,2.4
1598,Special Purpose Vehicles,Regular,Rear-Wheel Drive,25.3546153846154,Chevrolet,Automatic 4-spd,8.0,5.7
1599,Special Purpose Vehicles,Regular,Front-Wheel Drive,18.3116666666667,Chevrolet,Automatic 3-spd,6.0,3.1
1600,Special Purpose Vehicles,Regular,Front-Wheel Drive,18.3116666666667,Chevrolet,Automatic 4-spd,6.0,3.8
1601,Special Purpose Vehicles,Premium,Rear-Wheel Drive,18.3116666666667,Chevrolet,Automatic 4-spd,6.0,4.3
1602,Special Purpose Vehicles,Regular,4-Wheel or All-Wheel Drive,16.4805,Subaru,Automatic 3-spd,4.0,1.8
1603,Special Purpose Vehicles,Regular,Rear-Wheel Drive,19.3888235294118,Chevrolet,Manual 5-spd,6.0,4.3
1604,Special Purpose Vehicles,Regular,Rear-Wheel Drive,21.974,Nissan,Automatic 4-spd,6.0,3.0
1605,Special Purpose Vehicles,Regular,Rear-Wheel Drive,21.974,Nissan,Manual 5-spd,6.0,3.0
1606,Special Purpose Vehicles,Regular,Front-Wheel Drive,18.3116666666667,Nissan,Automatic 4-spd,6.0,3.0
1607,Special Purpose Vehicles,Regular,Front-Wheel Drive,19.3888235294118,Chrysler,Automatic 4-spd,6.0,3.8
1608,Special Purpose Vehicles,Regular,Front-Wheel Drive,17.3478947368421,Dodge,Automatic 3-spd,4.0,2.5
1609,Special Purpose Vehicles,Regular,Front-Wheel Drive,16.4805,Dodge,Manual 5-spd,4.0,2.5
1610,Special Purpose Vehicles,Regular,Front-Wheel Drive,17.3478947368421,Dodge,Automatic 3-spd,6.0,3.0
1611,Special Purpose Vehicles,Regular,Front-Wheel Drive,17.3478947368421,Dodge,Automatic 3-spd,4.0,2.5
1612,Special Purpose Vehicles,Regular,Front-Wheel Drive,16.4805,Dodge,Manual 5-spd,4.0,2.5
1613,Special Purpose Vehicles,Regular,4-Wheel or All-Wheel Drive,16.4805,Subaru,Automatic 3-spd,4.0,1.8
1614,Special Purpose Vehicles,Regular,Front-Wheel Drive,17.3478947368421,Dodge,Automatic 3-spd,6.0,3.0
1615,Special Purpose Vehicles,Regular,Front-Wheel Drive,18.3116666666667,Dodge,Automatic 4-spd,6.0,3.0
1616,Special Purpose Vehicles,Regular,Front-Wheel Drive,19.3888235294118,Dodge,Automatic 4-spd,6.0,3.8
1617,Special Purpose Vehicles,Regular,Rear-Wheel Drive,17.3478947368421,Jeep,Manual 5-spd,4.0,2.5
1618,Special Purpose Vehicles,Regular,Rear-Wheel Drive,20.600625,Jeep,Automatic 4-spd,6.0,4.0
1619,Special Purpose Vehicles,Regular,Rear-Wheel Drive,19.3888235294118,Jeep,Manual 5-spd,6.0,4.0
1620,Special Purpose Vehicles,Regular,Rear-Wheel Drive,20.600625,Jeep,Automatic 4-spd,6.0,4.0
1621,Special Purpose Vehicles,Regular,Rear-Wheel Drive,20.600625,Ford,Automatic 4-spd,6.0,4.0
1622,Special Purpose Vehicles,Regular,Rear-Wheel Drive,18.3116666666667,Ford,Manual 5-spd,6.0,4.0
1623,Special Purpose Vehicles,Regular,Front-Wheel Drive,19.3888235294118,Mercury,Automatic 4-spd,6.0,3.0
1624,Special Purpose Vehicles,Regular,4-Wheel or All-Wheel Drive,15.6957142857143,Subaru,Automatic 3-spd,4.0,1.8
1625,Special Purpose Vehicles,Regular,Front-Wheel Drive,19.3888235294118,Mercury,Automatic 4-spd,6.0,3.0
1626,Special Purpose Vehicles,Regular,Rear-Wheel Drive,15.6957142857143,Geo,Automatic 3-spd,4.0,1.6
1627,Special Purpose Vehicles,Regular,Rear-Wheel Drive,15.6957142857143,Geo,Automatic 3-spd,4.0,1.6
1628,Special Purpose Vehicles,Regular,Rear-Wheel Drive,14.9822727272727,Geo,Manual 5-spd,4.0,1.6
1629,Special Purpose Vehicles,Regular,Rear-Wheel Drive,14.3308695652174,Geo,Manual 5-spd,4.0,1.6
1630,Special Purpose Vehicles,Regular,Rear-Wheel Drive,25.3546153846154,GMC,Automatic 4-spd,8.0,5.7
1631,Special Purpose Vehicles,Premium,Rear-Wheel Drive,18.3116666666667,GMC,Automatic 4-spd,6.0,4.3
1632,Special Purpose Vehicles,Regular,Rear-Wheel Drive,19.3888235294118,GMC,Manual 5-spd,6.0,4.3
1633,Special Purpose Vehicles,Regular,Rear-Wheel Drive,20.600625,Isuzu,Manual 5-spd,4.0,2.6
1634,Special Purpose Vehicles,Regular,Rear-Wheel Drive,20.600625,Isuzu,Manual 5-spd,4.0,2.6
1635,Special Purpose Vehicles,Regular,4-Wheel or All-Wheel Drive,14.9822727272727,Subaru,Manual 5-spd,4.0,1.8
1636,Special Purpose Vehicles,Regular,Rear-Wheel Drive,20.600625,Isuzu,Automatic 4-spd,6.0,3.2
1637,Special Purpose Vehicles,Regular,Rear-Wheel Drive,20.600625,Isuzu,Manual 5-spd,6.0,3.2
1638,Special Purpose Vehicles,Regular,Rear-Wheel Drive,20.600625,Honda,Manual 5-spd,4.0,2.6
1639,Special Purpose Vehicles,Regular,Rear-Wheel Drive,20.600625,Honda,Automatic 4-spd,6.0,3.2
1640,Special Purpose Vehicles,Regular,Rear-Wheel Drive,20.600625,Honda,Manual 5-spd,6.0,3.2
1641,Special Purpose Vehicles,Regular,Rear-Wheel Drive,17.3478947368421,Mazda,Automatic 4-spd,4.0,2.6
1642,Special Purpose Vehicles,Regular,Rear-Wheel Drive,19.3888235294118,Mazda,Automatic 4-spd,6.0,3.0
1643,Special Purpose Vehicles,Regular,Rear-Wheel Drive,19.3888235294118,Mazda,Automatic 4-spd,6.0,3.0
1644,Special Purpose Vehicles,Regular,Rear-Wheel Drive,18.3116666666667,Mazda,Automatic 4-spd,6.0,4.0
1645,Special Purpose Vehicles,Regular,Rear-Wheel Drive,20.600625,Mazda,Manual 5-spd,6.0,4.0
1646,Special Purpose Vehicles,Regular,4-Wheel or All-Wheel Drive,16.4805,Subaru,Automatic 3-spd,4.0,1.8
1647,Special Purpose Vehicles,Regular,Front-Wheel Drive,18.3116666666667,Pontiac,Automatic 3-spd,6.0,3.1
1648,Special Purpose Vehicles,Regular,Front-Wheel Drive,18.3116666666667,Pontiac,Automatic 4-spd,6.0,3.8
1649,Special Purpose Vehicles,Regular,Front-Wheel Drive,17.3478947368421,Plymouth,Automatic 3-spd,4.0,2.5
1650,Special Purpose Vehicles,Regular,Front-Wheel Drive,16.4805,Plymouth,Manual 5-spd,4.0,2.5
1651,Special Purpose Vehicles,Regular,Front-Wheel Drive,17.3478947368421,Plymouth,Automatic 3-spd,6.0,3.0
1652,Special Purpose Vehicles,Regular,Front-Wheel Drive,18.3116666666667,Plymouth,Automatic 4-spd,6.0,3.0
1653,Special Purpose Vehicles,Regular,Front-Wheel Drive,19.3888235294118,Plymouth,Automatic 4-spd,6.0,3.8
1654,Special Purpose Vehicles,Regular,Rear-Wheel Drive,15.6957142857143,Suzuki,Automatic 3-spd,4.0,1.6
1655,Special Purpose Vehicles,Regular,Rear-Wheel Drive,15.6957142857143,Suzuki,Automatic 3-spd,4.0,1.6
1656,Special Purpose Vehicles,Regular,Rear-Wheel Drive,14.9822727272727,Suzuki,Manual 5-spd,4.0,1.6
1657,Special Purpose Vehicles,Regular,4-Wheel or All-Wheel Drive,16.4805,Subaru,Automatic 3-spd,4.0,1.8
1658,Special Purpose Vehicles,Regular,Rear-Wheel Drive,14.3308695652174,Suzuki,Manual 5-spd,4.0,1.6
1659,Special Purpose Vehicles,Regular,Rear-Wheel Drive,15.6957142857143,Suzuki,Automatic 4-spd,4.0,1.6
1660,Special Purpose Vehicles,Regular,Rear-Wheel Drive,15.6957142857143,Suzuki,Manual 5-spd,4.0,1.6
1661,Special Purpose Vehicles,Regular,Front-Wheel Drive,18.3116666666667,Oldsmobile,Automatic 3-spd,6.0,3.1
1662,Special Purpose Vehicles,Regular,Front-Wheel Drive,18.3116666666667,Oldsmobile,Automatic 4-spd,6.0,3.8
1663,Special Purpose Vehicles,Regular,Rear-Wheel Drive,19.3888235294118,Toyota,Automatic 4-spd,6.0,3.0
1664,Special Purpose Vehicles,Regular,4-Wheel or All-Wheel Drive,27.4675,Chevrolet,Automatic 4-spd,8.0,5.7
1665,Special Purpose Vehicles,Regular,4-Wheel or All-Wheel Drive,25.3546153846154,Chevrolet,Manual 5-spd,8.0,5.7
1666,Special Purpose Vehicles,Diesel,4-Wheel or All-Wheel Drive,25.479,Chevrolet,Automatic 4-spd,8.0,6.5
1667,Special Purpose Vehicles,Regular,4-Wheel or All-Wheel Drive,25.3546153846154,Chevrolet,Automatic 4-spd,8.0,5.7
1668,Subcompact Cars,Premium,Rear-Wheel Drive,17.3478947368421,Dodge,Manual 5-spd,4.0,2.6
1669,Special Purpose Vehicles,Regular,4-Wheel or All-Wheel Drive,15.6957142857143,Suzuki,Manual 4-spd,4.0,1.0
1670,Special Purpose Vehicles,Premium,4-Wheel or All-Wheel Drive,19.3888235294118,Chevrolet,Automatic 4-spd,6.0,4.3
1671,Special Purpose Vehicles,Regular,4-Wheel or All-Wheel Drive,20.600625,Chevrolet,Manual 5-spd,6.0,4.3
1672,Special Purpose Vehicles,Regular,4-Wheel or All-Wheel Drive,21.974,Nissan,Automatic 4-spd,6.0,3.0
1673,Special Purpose Vehicles,Regular,4-Wheel or All-Wheel Drive,21.974,Nissan,Manual 5-spd,6.0,3.0
1674,Special Purpose Vehicles,Regular,4-Wheel or All-Wheel Drive,20.600625,Chrysler,Automatic 4-spd,6.0,3.8
1675,Special Purpose Vehicles,Regular,4-Wheel or All-Wheel Drive,19.3888235294118,Dodge,Automatic 4-spd,6.0,3.3
1676,Special Purpose Vehicles,Regular,4-Wheel or All-Wheel Drive,20.600625,Dodge,Automatic 4-spd,6.0,3.8
1677,Special Purpose Vehicles,Regular,4-Wheel or All-Wheel Drive,18.3116666666667,Jeep,Manual 5-spd,4.0,2.5
1678,Special Purpose Vehicles,Regular,4-Wheel or All-Wheel Drive,21.974,Jeep,Automatic 4-spd,6.0,4.0
1679,Special Purpose Vehicles,Regular,4-Wheel or All-Wheel Drive,19.3888235294118,Jeep,Manual 5-spd,6.0,4.0
1680,Special Purpose Vehicles,Regular,4-Wheel or All-Wheel Drive,15.6957142857143,Suzuki,Manual 4-spd,4.0,1.0
1681,Special Purpose Vehicles,Regular,4-Wheel or All-Wheel Drive,20.600625,Jeep,Automatic 4-spd,6.0,4.0
1682,Special Purpose Vehicles,Regular,4-Wheel or All-Wheel Drive,20.600625,Jeep,Manual 5-spd,6.0,4.0
1683,Special Purpose Vehicles,Regular,4-Wheel or All-Wheel Drive,23.5435714285714,Jeep,Automatic 4-spd,8.0,5.2
1684,Special Purpose Vehicles,Regular,4-Wheel or All-Wheel Drive,20.600625,Jeep,Automatic 3-spd,4.0,2.5
1685,Special Purpose Vehicles,Regular,4-Wheel or All-Wheel Drive,19.3888235294118,Jeep,Manual 5-spd,4.0,2.5
1686,Special Purpose Vehicles,Regular,4-Wheel or All-Wheel Drive,23.5435714285714,Jeep,Automatic 3-spd,6.0,4.0
1687,Special Purpose Vehicles,Regular,4-Wheel or All-Wheel Drive,21.974,Jeep,Manual 5-spd,6.0,4.0
1688,Special Purpose Vehicles,Regular,4-Wheel or All-Wheel Drive,23.5435714285714,Ford,Automatic 4-spd,8.0,5.0
1689,Special Purpose Vehicles,Regular,4-Wheel or All-Wheel Drive,23.5435714285714,Ford,Manual 5-spd,8.0,5.0
1690,Special Purpose Vehicles,Regular,4-Wheel or All-Wheel Drive,25.3546153846154,Ford,Automatic 4-spd,8.0,5.8
1691,Special Purpose Vehicles,Regular,4-Wheel or All-Wheel Drive,29.9645454545455,Toyota,Manual 4-spd,6.0,4.2
1692,Special Purpose Vehicles,Regular,4-Wheel or All-Wheel Drive,21.974,Ford,Automatic 4-spd,6.0,4.0
1693,Special Purpose Vehicles,Regular,4-Wheel or All-Wheel Drive,19.3888235294118,Ford,Manual 5-spd,6.0,4.0
1694,Special Purpose Vehicles,Regular,4-Wheel or All-Wheel Drive,15.6957142857143,Geo,Automatic 3-spd,4.0,1.6
1695,Special Purpose Vehicles,Regular,4-Wheel or All-Wheel Drive,15.6957142857143,Geo,Automatic 3-spd,4.0,1.6
1696,Special Purpose Vehicles,Regular,4-Wheel or All-Wheel Drive,14.9822727272727,Geo,Manual 5-spd,4.0,1.6
1697,Special Purpose Vehicles,Regular,4-Wheel or All-Wheel Drive,14.3308695652174,Geo,Manual 5-spd,4.0,1.6
1698,Special Purpose Vehicles,Regular,4-Wheel or All-Wheel Drive,15.6957142857143,Geo,Automatic 3-spd,4.0,1.6
1699,Special Purpose Vehicles,Regular,4-Wheel or All-Wheel Drive,15.6957142857143,Geo,Automatic 3-spd,4.0,1.6
1700,Special Purpose Vehicles,Regular,4-Wheel or All-Wheel Drive,14.9822727272727,Geo,Manual 5-spd,4.0,1.6
1701,Special Purpose Vehicles,Regular,4-Wheel or All-Wheel Drive,14.3308695652174,Geo,Manual 5-spd,4.0,1.6
1702,Special Purpose Vehicles,Regular,4-Wheel or All-Wheel Drive,17.3478947368421,Toyota,Automatic 4-spd,4.0,2.4
1703,Special Purpose Vehicles,Premium,4-Wheel or All-Wheel Drive,19.3888235294118,GMC,Automatic 4-spd,6.0,4.3
1704,Special Purpose Vehicles,Regular,4-Wheel or All-Wheel Drive,20.600625,GMC,Manual 5-spd,6.0,4.3
1705,Special Purpose Vehicles,Regular,4-Wheel or All-Wheel Drive,25.3546153846154,GMC,Automatic 4-spd,8.0,5.7
1706,Special Purpose Vehicles,Regular,4-Wheel or All-Wheel Drive,27.4675,GMC,Automatic 4-spd,8.0,5.7
1707,Special Purpose Vehicles,Regular,4-Wheel or All-Wheel Drive,27.4675,GMC,Manual 5-spd,8.0,5.7
1708,Special Purpose Vehicles,Diesel,4-Wheel or All-Wheel Drive,25.479,GMC,Automatic 4-spd,8.0,6.5
1709,Special Purpose Vehicles,Regular,4-Wheel or All-Wheel Drive,20.600625,Isuzu,Manual 5-spd,4.0,2.6
1710,Special Purpose Vehicles,Regular,4-Wheel or All-Wheel Drive,21.974,Isuzu,Automatic 4-spd,6.0,3.2
1711,Special Purpose Vehicles,Regular,4-Wheel or All-Wheel Drive,20.600625,Isuzu,Manual 5-spd,6.0,3.2
1712,Special Purpose Vehicles,Regular,4-Wheel or All-Wheel Drive,21.974,Isuzu,Automatic 4-spd,6.0,3.2
1713,Special Purpose Vehicles,Regular,4-Wheel or All-Wheel Drive,15.6957142857143,Toyota,Manual 5-spd,4.0,2.4
1714,Special Purpose Vehicles,Regular,4-Wheel or All-Wheel Drive,21.974,Isuzu,Automatic 4-spd,6.0,3.2
1715,Special Purpose Vehicles,Regular,4-Wheel or All-Wheel Drive,23.5435714285714,Isuzu,Manual 5-spd,6.0,3.2
1716,Special Purpose Vehicles,Regular,4-Wheel or All-Wheel Drive,21.974,Isuzu,Manual 5-spd,6.0,3.2
1717,Special Purpose Vehicles,Regular,4-Wheel or All-Wheel Drive,21.974,Honda,Automatic 4-spd,6.0,3.2
1718,Special Purpose Vehicles,Regular,4-Wheel or All-Wheel Drive,20.600625,Honda,Manual 5-spd,6.0,3.2
1719,Special Purpose Vehicles,Premium,4-Wheel or All-Wheel Drive,25.3546153846154,Land Rover,Manual 5-spd,8.0,3.9
1720,Special Purpose Vehicles,Premium,4-Wheel or All-Wheel Drive,25.3546153846154,Land Rover,Automatic 4-spd,8.0,3.9
1721,Special Purpose Vehicles,Premium,4-Wheel or All-Wheel Drive,27.4675,Land Rover,Manual 5-spd,8.0,3.9
1722,Special Purpose Vehicles,Premium,4-Wheel or All-Wheel Drive,27.4675,Land Rover,Automatic 4-spd,8.0,3.9
1723,Special Purpose Vehicles,Premium,4-Wheel or All-Wheel Drive,25.3546153846154,Land Rover,Automatic 4-spd,8.0,4.3
1724,Special Purpose Vehicle 2WD,Regular,Rear-Wheel Drive,19.3888235294118,Chevrolet,Manual 4-spd,4.0,2.5
1725,Special Purpose Vehicles,Regular,4-Wheel or All-Wheel Drive,21.974,Mitsubishi,Automatic 4-spd,6.0,3.0
1726,Special Purpose Vehicles,Regular,4-Wheel or All-Wheel Drive,21.974,Mitsubishi,Manual 5-spd,6.0,3.0
1727,Special Purpose Vehicles,Premium,4-Wheel or All-Wheel Drive,23.5435714285714,Mitsubishi,Automatic 4-spd,6.0,3.5
1728,Special Purpose Vehicles,Regular,4-Wheel or All-Wheel Drive,21.974,Mazda,Automatic 4-spd,6.0,3.0
1729,Special Purpose Vehicles,Regular,4-Wheel or All-Wheel Drive,21.974,Mazda,Automatic 4-spd,6.0,3.0
1730,Special Purpose Vehicles,Regular,4-Wheel or All-Wheel Drive,19.3888235294118,Mazda,Automatic 4-spd,6.0,4.0
1731,Special Purpose Vehicles,Regular,4-Wheel or All-Wheel Drive,21.974,Mazda,Manual 5-spd,6.0,4.0
1732,Special Purpose Vehicles,Regular,4-Wheel or All-Wheel Drive,19.3888235294118,Plymouth,Automatic 4-spd,6.0,3.3
1733,Special Purpose Vehicles,Regular,4-Wheel or All-Wheel Drive,20.600625,Plymouth,Automatic 4-spd,6.0,3.8
1734,Special Purpose Vehicles,Regular,4-Wheel or All-Wheel Drive,16.4805,Subaru,Automatic 3-spd,4.0,1.8
1735,Special Purpose Vehicle 2WD,Regular,Rear-Wheel Drive,25.3546153846154,Chevrolet,Automatic 4-spd,6.0,2.8
1736,Special Purpose Vehicles,Regular,4-Wheel or All-Wheel Drive,14.3308695652174,Subaru,Manual 5-spd,4.0,1.8
1737,Special Purpose Vehicles,Regular,4-Wheel or All-Wheel Drive,13.1844,Suzuki,Manual 5-spd,4.0,1.3
1738,Special Purpose Vehicles,Regular,4-Wheel or All-Wheel Drive,15.6957142857143,Suzuki,Automatic 3-spd,4.0,1.6
1739,Special Purpose Vehicles,Regular,4-Wheel or All-Wheel Drive,15.6957142857143,Suzuki,Automatic 3-spd,4.0,1.6
1740,Special Purpose Vehicles,Regular,4-Wheel or All-Wheel Drive,14.9822727272727,Suzuki,Manual 5-spd,4.0,1.6
1741,Special Purpose Vehicles,Regular,4-Wheel or All-Wheel Drive,14.3308695652174,Suzuki,Manual 5-spd,4.0,1.6
1742,Special Purpose Vehicles,Regular,4-Wheel or All-Wheel Drive,15.6957142857143,Suzuki,Automatic 4-spd,4.0,1.6
1743,Special Purpose Vehicles,Regular,4-Wheel or All-Wheel Drive,15.6957142857143,Suzuki,Manual 5-spd,4.0,1.6
1744,Special Purpose Vehicles,Premium,4-Wheel or All-Wheel Drive,20.600625,Oldsmobile,Automatic 4-spd,6.0,4.3
1745,Special Purpose Vehicles,Regular,4-Wheel or All-Wheel Drive,27.4675,Toyota,Automatic 4-spd,6.0,4.5
1746,Special Purpose Vehicle 2WD,Regular,Rear-Wheel Drive,25.3546153846154,Chevrolet,Manual 4-spd,6.0,2.8
1747,Special Purpose Vehicles,Regular,4-Wheel or All-Wheel Drive,18.3116666666667,Toyota,Manual 5-spd,4.0,2.4
1748,Special Purpose Vehicles,Regular,4-Wheel or All-Wheel Drive,25.3546153846154,Toyota,Automatic 4-spd,6.0,3.0
1749,Special Purpose Vehicles,Regular,4-Wheel or All-Wheel Drive,23.5435714285714,Toyota,Manual 5-spd,6.0,3.0
1750,Special Purpose Vehicles,Premium,Rear-Wheel Drive,18.3116666666667,Chevrolet,Automatic 4-spd,8.0,5.7
1751,Special Purpose Vehicles,Regular,Rear-Wheel Drive,19.3888235294118,Chevrolet,Automatic 3-spd,4.0,2.2
1752,Special Purpose Vehicles,Regular,Rear-Wheel Drive,21.974,Dodge,Automatic 4-spd,6.0,3.9
1753,Special Purpose Vehicles,Regular,Rear-Wheel Drive,25.3546153846154,Dodge,Manual 5-spd,6.0,3.9
1754,Special Purpose Vehicles,Regular,Rear-Wheel Drive,25.3546153846154,Dodge,Automatic 4-spd,8.0,5.2
1755,Special Purpose Vehicles,Regular,Rear-Wheel Drive,27.4675,Dodge,Manual 5-spd,8.0,5.2
1756,Special Purpose Vehicles,Premium,Rear-Wheel Drive,18.3116666666667,Buick,Automatic 4-spd,8.0,5.7
1757,Special Purpose Vehicle 2WD,Regular,Rear-Wheel Drive,23.5435714285714,Nissan,Manual 5-spd,4.0,2.4
1758,Two Seaters,Premium,Rear-Wheel Drive,18.3116666666667,Acura,Automatic 4-spd,6.0,3.0
1759,Two Seaters,Premium,Rear-Wheel Drive,18.3116666666667,Acura,Manual 5-spd,6.0,3.0
1760,Two Seaters,Premium,Rear-Wheel Drive,18.3116666666667,Chevrolet,Manual 6-spd,8.0,5.7
1761,Two Seaters,Premium,Rear-Wheel Drive,18.3116666666667,Chevrolet,Automatic 4-spd,8.0,5.7
1762,Two Seaters,Premium,Rear-Wheel Drive,18.3116666666667,Chevrolet,Manual 6-spd,8.0,5.7
1763,Two Seaters,Premium,Rear-Wheel Drive,18.3116666666667,Nissan,Automatic 4-spd,6.0,3.0
1764,Two Seaters,Premium,Rear-Wheel Drive,18.3116666666667,Nissan,Automatic 4-spd,6.0,3.0
1765,Two Seaters,Premium,Rear-Wheel Drive,17.3478947368421,Nissan,Manual 5-spd,6.0,3.0
1766,Two Seaters,Premium,Rear-Wheel Drive,18.3116666666667,Nissan,Manual 5-spd,6.0,3.0
1767,Two Seaters,Premium,Rear-Wheel Drive,23.5435714285714,Dodge,Manual 6-spd,10.0,8.0
1768,Special Purpose Vehicle 2WD,Regular,Rear-Wheel Drive,32.961,Dodge,Automatic 3-spd,8.0,5.9
1769,Two Seaters,Premium,Rear-Wheel Drive,29.9645454545455,Ferrari,Manual 6-spd,8.0,3.5
1770,Two Seaters,Premium,Rear-Wheel Drive,41.20125,Ferrari,Manual 6-spd,12.0,4.7
1771,Two Seaters,Premium,Rear-Wheel Drive,29.9645454545455,Ferrari,Manual 5-spd,12.0,4.9
1772,Two Seaters,Premium,Rear-Wheel Drive,25.3546153846154,Ferrari,Manual 5-spd,8.0,3.4
1773,Two Seaters,Regular,Front-Wheel Drive,11.7717857142857,Honda,Automatic 4-spd,4.0,1.5
1774,Two Seaters,Regular,Front-Wheel Drive,9.98818181818182,Honda,Manual 5-spd,4.0,1.5
1775,Two Seaters,Regular,Front-Wheel Drive,12.6773076923077,Honda,Automatic 4-spd,4.0,1.6
1776,Two Seaters,Premium,Front-Wheel Drive,13.73375,Honda,Manual 5-spd,4.0,1.6
1777,Two Seaters,Regular,Front-Wheel Drive,11.7717857142857,Honda,Manual 5-spd,4.0,1.6
1778,Two Seaters,Premium,4-Wheel or All-Wheel Drive,32.961,Lamborghini,Manual 5-spd,12.0,5.7
1779,Subcompact Cars,Premium,Front-Wheel Drive,17.3478947368421,Dodge,Automatic 3-spd,4.0,2.2
1780,Special Purpose Vehicle 2WD,Regular,Rear-Wheel Drive,16.4805,Ford,Manual 5-spd,4.0,2.3
1781,Two Seaters,Premium,4-Wheel or All-Wheel Drive,32.961,Lamborghini,Manual 5-spd,12.0,5.7
1782,Two Seaters,Premium,Rear-Wheel Drive,17.3478947368421,Lotus,Manual 5-spd,4.0,2.2
1783,Two Seaters,Regular,Rear-Wheel Drive,14.9822727272727,Mazda,Automatic 4-spd,4.0,1.8
1784,Two Seaters,Regular,Rear-Wheel Drive,14.3308695652174,Mazda,Manual 5-spd,4.0,1.8
1785,Two Seaters,Premium,Rear-Wheel Drive,18.3116666666667,Mazda,Automatic 4-spd,2.0,1.3
1786,Two Seaters,Premium,Rear-Wheel Drive,18.3116666666667,Mazda,Manual 5-spd,2.0,1.3
1787,Two Seaters,Premium,Rear-Wheel Drive,18.3116666666667,Mercedes-Benz,Automatic 5-spd,6.0,3.2
1788,Two Seaters,Premium,Rear-Wheel Drive,20.600625,Mercedes-Benz,Automatic 4-spd,8.0,5.0
1789,Two Seaters,Premium,Rear-Wheel Drive,25.3546153846154,Mercedes-Benz,Automatic 4-spd,12.0,6.0
1790,Two Seaters,Regular,Rear-Wheel Drive,14.9822727272727,Panoz Auto-Development,Manual 5-spd,8.0,5.0
1791,Special Purpose Vehicle 2WD,Regular,Rear-Wheel Drive,20.600625,Ford,Automatic 4-spd,6.0,2.8
1792,Two Seaters,Premium,Rear-Wheel Drive,18.3116666666667,Porsche,Automatic 4-spd,4.0,3.0
1793,Two Seaters,Premium,Rear-Wheel Drive,18.3116666666667,Porsche,Manual 6-spd,4.0,3.0
1794,Two Seaters,Premium,Rear-Wheel Drive,16.4805,Toyota,Manual 5-spd,4.0,2.0
1795,Two Seaters,Regular,Rear-Wheel Drive,14.9822727272727,Toyota,Automatic 4-spd,4.0,2.2
1796,Two Seaters,Regular,Rear-Wheel Drive,14.9822727272727,Toyota,Manual 5-spd,4.0,2.2
1797,Minicompact Cars,Premium,Front-Wheel Drive,17.3478947368421,Audi,Automatic 4-spd,6.0,2.8
1798,Minicompact Cars,Premium,Front-Wheel Drive,17.3478947368421,Audi,Automatic 4-spd,6.0,2.8
1799,Minicompact Cars,Premium,Rear-Wheel Drive,15.6957142857143,BMW,Automatic 4-spd,4.0,1.8
1800,Minicompact Cars,Premium,Rear-Wheel Drive,14.9822727272727,BMW,Manual 5-spd,4.0,1.8
1801,Minicompact Cars,Premium,Rear-Wheel Drive,16.4805,BMW,Automatic 4-spd,6.0,2.5
1802,Special Purpose Vehicle 2WD,Regular,Rear-Wheel Drive,21.974,Ford,Manual 5-spd,6.0,2.8
1803,Minicompact Cars,Premium,Rear-Wheel Drive,16.4805,BMW,Manual 5-spd,6.0,2.5
1804,Minicompact Cars,Premium,Rear-Wheel Drive,16.4805,Nissan,Automatic 4-spd,4.0,2.4
1805,Minicompact Cars,Premium,Rear-Wheel Drive,14.9822727272727,Nissan,Manual 5-spd,4.0,2.4
1806,Minicompact Cars,Premium,Rear-Wheel Drive,18.3116666666667,Mercedes-Benz,Automatic 4-spd,6.0,3.2
1807,Minicompact Cars,Premium,Rear-Wheel Drive,18.3116666666667,Porsche,Automatic 4-spd,6.0,3.6
1808,Minicompact Cars,Premium,4-Wheel or All-Wheel Drive,19.3888235294118,Porsche,Manual 6-spd,6.0,3.6
1809,Minicompact Cars,Premium,Rear-Wheel Drive,18.3116666666667,Porsche,Manual 6-spd,6.0,3.6
1810,Minicompact Cars,Premium,Rear-Wheel Drive,21.974,Porsche,Automatic 4-spd,8.0,5.4
1811,Minicompact Cars,Premium,Rear-Wheel Drive,25.3546153846154,Porsche,Manual 5-spd,8.0,5.4
1812,Minicompact Cars,Premium,Rear-Wheel Drive,18.3116666666667,Porsche,Automatic 4-spd,4.0,3.0
1813,Special Purpose Vehicle 2WD,Regular,Rear-Wheel Drive,19.3888235294118,GMC,Manual 4-spd,4.0,2.5
1814,Minicompact Cars,Premium,Rear-Wheel Drive,18.3116666666667,Porsche,Manual 6-spd,4.0,3.0
1815,Minicompact Cars,Regular,Front-Wheel Drive,14.9822727272727,Toyota,Automatic 4-spd,4.0,2.2
1816,Minicompact Cars,Regular,Front-Wheel Drive,14.9822727272727,Toyota,Manual 5-spd,4.0,2.2
1817,Minicompact Cars,Regular,Front-Wheel Drive,13.1844,Toyota,Automatic 4-spd,4.0,1.5
1818,Minicompact Cars,Regular,Front-Wheel Drive,11.7717857142857,Toyota,Manual 5-spd,4.0,1.5
1819,Minicompact Cars,Premium,Rear-Wheel Drive,18.3116666666667,Toyota,Automatic 4-spd,6.0,3.0
1820,Minicompact Cars,Premium,Rear-Wheel Drive,17.3478947368421,Toyota,Automatic 4-spd,6.0,3.0
1821,Minicompact Cars,Premium,Rear-Wheel Drive,18.3116666666667,Toyota,Manual 5-spd,6.0,3.0
1822,Minicompact Cars,Premium,Rear-Wheel Drive,18.3116666666667,Toyota,Manual 6-spd,6.0,3.0
1823,Subcompact Cars,Premium,Front-Wheel Drive,13.73375,Acura,Manual 5-spd,4.0,1.8
1824,Special Purpose Vehicle 2WD,Regular,Rear-Wheel Drive,25.3546153846154,GMC,Automatic 4-spd,6.0,2.8
1825,Subcompact Cars,Regular,Front-Wheel Drive,13.73375,Acura,Automatic 4-spd,4.0,1.8
1826,Subcompact Cars,Regular,Front-Wheel Drive,13.1844,Acura,Manual 5-spd,4.0,1.8
1827,Subcompact Cars,Premium,Rear-Wheel Drive,16.4805,BMW,Automatic 5-spd,6.0,3.0
1828,Subcompact Cars,Premium,Rear-Wheel Drive,16.4805,BMW,Manual 5-spd,6.0,3.0
1829,Subcompact Cars,Premium,Rear-Wheel Drive,15.6957142857143,BMW,Automatic 4-spd,4.0,1.8
1830,Subcompact Cars,Premium,Rear-Wheel Drive,14.3308695652174,BMW,Manual 5-spd,4.0,1.8
1831,Subcompact Cars,Premium,Rear-Wheel Drive,16.4805,BMW,Automatic 4-spd,6.0,2.5
1832,Subcompact Cars,Premium,Rear-Wheel Drive,16.4805,BMW,Manual 5-spd,6.0,2.5
1833,Subcompact Cars,Premium,Rear-Wheel Drive,19.3888235294118,BMW,Automatic 5-spd,8.0,4.0
1834,Subcompact Cars,Premium,Rear-Wheel Drive,21.974,BMW,Automatic 5-spd,12.0,5.4
1835,Special Purpose Vehicle 2WD,Regular,Rear-Wheel Drive,25.3546153846154,GMC,Manual 4-spd,6.0,2.8
1836,Subcompact Cars,Premium,Rear-Wheel Drive,25.3546153846154,BMW,Manual 6-spd,12.0,5.4
1837,Subcompact Cars,Regular,Rear-Wheel Drive,16.4805,Chevrolet,Automatic 4-spd,6.0,3.4
1838,Subcompact Cars,Regular,Rear-Wheel Drive,16.4805,Chevrolet,Manual 5-spd,6.0,3.4
1839,Subcompact Cars,Regular,Rear-Wheel Drive,16.4805,Chevrolet,Automatic 4-spd,6.0,3.8
1840,Subcompact Cars,Premium,Rear-Wheel Drive,18.3116666666667,Chevrolet,Automatic 4-spd,8.0,5.7
1841,Subcompact Cars,Premium,Rear-Wheel Drive,18.3116666666667,Chevrolet,Manual 6-spd,8.0,5.7
1842,Subcompact Cars,Regular,Front-Wheel Drive,15.6957142857143,Chrysler,Automatic 4-spd,6.0,3.0
1843,Subcompact Cars,Regular,Front-Wheel Drive,12.6773076923077,Nissan,Automatic 4-spd,4.0,1.6
1844,Subcompact Cars,Regular,Front-Wheel Drive,11.7717857142857,Nissan,Manual 5-spd,4.0,1.6
1845,Subcompact Cars,Regular,Front-Wheel Drive,11.7717857142857,Nissan,Automatic 4-spd,4.0,1.6
1846,Special Purpose Vehicle 2WD,Regular,Rear-Wheel Drive,23.5435714285714,Toyota,Automatic 4-spd,4.0,2.4
1847,Subcompact Cars,Regular,Front-Wheel Drive,11.3658620689655,Nissan,Manual 5-spd,4.0,1.6
1848,Subcompact Cars,Regular,Front-Wheel Drive,13.73375,Nissan,Automatic 4-spd,4.0,2.0
1849,Subcompact Cars,Regular,Front-Wheel Drive,13.73375,Nissan,Manual 5-spd,4.0,2.0
1850,Subcompact Cars,Premium,Rear-Wheel Drive,18.3116666666667,Nissan,Automatic 4-spd,6.0,3.0
1851,Subcompact Cars,Premium,Rear-Wheel Drive,17.3478947368421,Nissan,Manual 5-spd,6.0,3.0
1852,Subcompact Cars,Regular,Front-Wheel Drive,18.3116666666667,Dodge,Automatic 4-spd,6.0,3.0
1853,Subcompact Cars,Regular,Front-Wheel Drive,17.3478947368421,Dodge,Manual 5-spd,6.0,3.0
1854,Subcompact Cars,Regular,Front-Wheel Drive,18.3116666666667,Dodge,Automatic 4-spd,6.0,3.0
1855,Subcompact Cars,Regular,Front-Wheel Drive,17.3478947368421,Dodge,Manual 5-spd,6.0,3.0
1856,Subcompact Cars,Premium,4-Wheel or All-Wheel Drive,18.3116666666667,Dodge,Manual 6-spd,6.0,3.0
1857,Special Purpose Vehicle 2WD,Regular,Rear-Wheel Drive,21.974,Toyota,Manual 4-spd,4.0,2.4
1858,Subcompact Cars,Regular,Front-Wheel Drive,12.6773076923077,Eagle,Automatic 3-spd,4.0,1.5
1859,Subcompact Cars,Regular,Front-Wheel Drive,10.6325806451613,Eagle,Manual 5-spd,4.0,1.5
1860,Subcompact Cars,Regular,Front-Wheel Drive,13.1844,Eagle,Automatic 4-spd,4.0,1.8
1861,Subcompact Cars,Regular,Front-Wheel Drive,13.1844,Eagle,Manual 5-spd,4.0,1.8
1862,Subcompact Cars,Regular,Front-Wheel Drive,14.9822727272727,Eagle,Automatic 4-spd,4.0,2.0
1863,Subcompact Cars,Regular,Front-Wheel Drive,14.9822727272727,Eagle,Automatic 4-spd,4.0,2.0
1864,Subcompact Cars,Premium,Front-Wheel Drive,14.9822727272727,Eagle,Automatic 4-spd,4.0,2.0
1865,Subcompact Cars,Premium,4-Wheel or All-Wheel Drive,17.3478947368421,Eagle,Automatic 4-spd,4.0,2.0
1866,Subcompact Cars,Regular,Front-Wheel Drive,14.3308695652174,Eagle,Manual 5-spd,4.0,2.0
1867,Subcompact Cars,Regular,Front-Wheel Drive,14.3308695652174,Eagle,Manual 5-spd,4.0,2.0
1868,Two Seaters,Regular,Rear-Wheel Drive,19.3888235294118,Nissan,Automatic 4-spd,6.0,3.0
1869,Subcompact Cars,Premium,Front-Wheel Drive,13.73375,Eagle,Manual 5-spd,4.0,2.0
1870,Subcompact Cars,Premium,4-Wheel or All-Wheel Drive,15.6957142857143,Eagle,Manual 5-spd,4.0,2.0
1871,Subcompact Cars,Premium,Rear-Wheel Drive,29.9645454545455,Ferrari,Manual 6-spd,12.0,5.5
1872,Subcompact Cars,Regular,Front-Wheel Drive,11.7717857142857,Ford,Automatic 3-spd,4.0,1.3
1873,Subcompact Cars,Regular,Front-Wheel Drive,9.98818181818182,Ford,Manual 5-spd,4.0,1.3
1874,Subcompact Cars,Regular,Rear-Wheel Drive,16.4805,Ford,Automatic 4-spd,6.0,3.8
1875,Subcompact Cars,Regular,Rear-Wheel Drive,15.6957142857143,Ford,Manual 5-spd,6.0,3.8
1876,Subcompact Cars,Regular,Rear-Wheel Drive,18.3116666666667,Ford,Automatic 4-spd,8.0,5.0
1877,Subcompact Cars,Regular,Rear-Wheel Drive,18.3116666666667,Ford,Manual 5-spd,8.0,5.0
1878,Subcompact Cars,Regular,Rear-Wheel Drive,21.974,Ford,Manual 5-spd,8.0,5.8
1879,Two Seaters,Regular,Rear-Wheel Drive,19.3888235294118,Nissan,Manual 5-spd,6.0,3.0
1880,Subcompact Cars,Regular,Front-Wheel Drive,14.3308695652174,Ford,Automatic 4-spd,4.0,2.0
1881,Subcompact Cars,Regular,Front-Wheel Drive,12.6773076923077,Ford,Manual 5-spd,4.0,2.0
1882,Subcompact Cars,Premium,Front-Wheel Drive,16.4805,Ford,Automatic 4-spd,6.0,2.5
1883,Subcompact Cars,Premium,Front-Wheel Drive,16.4805,Ford,Manual 5-spd,6.0,2.5
1884,Subcompact Cars,Regular,Front-Wheel Drive,8.24025,Geo,Manual 5-spd,3.0,1.0
1885,Subcompact Cars,Regular,Front-Wheel Drive,11.7717857142857,Geo,Automatic 3-spd,4.0,1.3
1886,Subcompact Cars,Regular,Front-Wheel Drive,9.41742857142857,Geo,Manual 5-spd,4.0,1.3
1887,Subcompact Cars,Regular,Front-Wheel Drive,11.7717857142857,Honda,Automatic 4-spd,4.0,1.5
1888,Subcompact Cars,Regular,Front-Wheel Drive,8.67394736842105,Honda,Manual 5-spd,4.0,1.5
1889,Subcompact Cars,Regular,Front-Wheel Drive,10.3003125,Honda,Manual 5-spd,4.0,1.5
1890,Subcompact Cars,Regular,Front-Wheel Drive,15.6957142857143,Dodge,Automatic 3-spd,4.0,2.2
1891,Two Seaters,Regular,Rear-Wheel Drive,18.3116666666667,Nissan,Manual 5-spd,6.0,3.0
1892,Subcompact Cars,Regular,Front-Wheel Drive,9.15583333333333,Honda,Manual 5-spd,4.0,1.5
1893,Subcompact Cars,Regular,Front-Wheel Drive,12.6773076923077,Honda,Automatic 4-spd,4.0,1.6
1894,Subcompact Cars,Regular,Front-Wheel Drive,11.7717857142857,Honda,Manual 5-spd,4.0,1.6
1895,Subcompact Cars,Regular,Front-Wheel Drive,7.6653488372093,Honda,Manual 5-spd,4.0,1.5
1896,Subcompact Cars,Regular,Front-Wheel Drive,8.24025,Honda,Manual 5-spd,4.0,1.5
1897,Subcompact Cars,Regular,Front-Wheel Drive,14.9822727272727,Honda,Automatic 4-spd,4.0,2.2
1898,Subcompact Cars,Premium,Front-Wheel Drive,15.6957142857143,Honda,Manual 5-spd,4.0,2.2
1899,Subcompact Cars,Regular,Front-Wheel Drive,14.3308695652174,Honda,Manual 5-spd,4.0,2.2
1900,Subcompact Cars,Premium,Front-Wheel Drive,15.6957142857143,Honda,Automatic 4-spd,4.0,2.3
1901,Subcompact Cars,Premium,Front-Wheel Drive,15.6957142857143,Honda,Manual 5-spd,4.0,2.3
1902,Two Seaters,Regular,Front-Wheel Drive,12.6773076923077,Honda,Automatic 3-spd,4.0,1.5
1903,Subcompact Cars,Regular,Front-Wheel Drive,13.1844,Hyundai,Automatic 4-spd,4.0,1.5
1904,Subcompact Cars,Regular,Front-Wheel Drive,12.2077777777778,Hyundai,Manual 5-spd,4.0,1.5
1905,Subcompact Cars,Regular,Front-Wheel Drive,12.6773076923077,Hyundai,Manual 5-spd,4.0,1.5
1906,Subcompact Cars,Premium,Rear-Wheel Drive,18.3116666666667,Infiniti,Automatic 4-spd,6.0,3.0
1907,Subcompact Cars,Premium,Rear-Wheel Drive,25.3546153846154,Jaguar,Automatic 4-spd,12.0,6.0
1908,Subcompact Cars,Premium,Rear-Wheel Drive,25.3546153846154,Jaguar,Automatic 4-spd,12.0,6.0
1909,Subcompact Cars,Premium,Rear-Wheel Drive,18.3116666666667,Lexus,Automatic 4-spd,6.0,3.0
1910,Subcompact Cars,Premium,Rear-Wheel Drive,18.3116666666667,Lexus,Manual 5-spd,6.0,3.0
1911,Subcompact Cars,Premium,Rear-Wheel Drive,18.3116666666667,Lexus,Automatic 4-spd,8.0,4.0
1912,Subcompact Cars,Regular,Front-Wheel Drive,13.1844,Mazda,Automatic 4-spd,4.0,1.6
1913,Two Seaters,Regular,Front-Wheel Drive,11.7717857142857,Honda,Manual 5-spd,4.0,1.5
1914,Subcompact Cars,Regular,Front-Wheel Drive,11.7717857142857,Mazda,Manual 5-spd,4.0,1.6
1915,Subcompact Cars,Regular,Front-Wheel Drive,16.4805,Mazda,Automatic 4-spd,6.0,1.9
1916,Subcompact Cars,Regular,Front-Wheel Drive,14.9822727272727,Mazda,Manual 5-spd,6.0,1.9
1917,Subcompact Cars,Regular,Front-Wheel Drive,14.3308695652174,Mazda,Automatic 4-spd,4.0,2.0
1918,Subcompact Cars,Regular,Front-Wheel Drive,12.6773076923077,Mazda,Manual 5-spd,4.0,2.0
1919,Subcompact Cars,Premium,Front-Wheel Drive,16.4805,Mazda,Automatic 4-spd,6.0,2.5
1920,Subcompact Cars,Premium,Front-Wheel Drive,16.4805,Mazda,Manual 5-spd,6.0,2.5
1921,Subcompact Cars,Premium,Rear-Wheel Drive,16.4805,Mercedes-Benz,Automatic 4-spd,6.0,3.2
1922,Subcompact Cars,Regular,Front-Wheel Drive,14.9822727272727,Mitsubishi,Automatic 4-spd,4.0,2.0
1923,Subcompact Cars,Regular,Front-Wheel Drive,14.9822727272727,Mitsubishi,Automatic 4-spd,4.0,2.0
1924,Two Seaters,Regular,Front-Wheel Drive,8.03926829268293,Honda,Manual 5-spd,4.0,1.5
1925,Subcompact Cars,Premium,Front-Wheel Drive,14.9822727272727,Mitsubishi,Automatic 4-spd,4.0,2.0
1926,Subcompact Cars,Premium,4-Wheel or All-Wheel Drive,17.3478947368421,Mitsubishi,Automatic 4-spd,4.0,2.0
1927,Subcompact Cars,Regular,Front-Wheel Drive,14.3308695652174,Mitsubishi,Manual 5-spd,4.0,2.0
1928,Subcompact Cars,Regular,Front-Wheel Drive,14.3308695652174,Mitsubishi,Manual 5-spd,4.0,2.0
1929,Subcompact Cars,Premium,Front-Wheel Drive,13.73375,Mitsubishi,Manual 5-spd,4.0,2.0
1930,Subcompact Cars,Premium,4-Wheel or All-Wheel Drive,15.6957142857143,Mitsubishi,Manual 5-spd,4.0,2.0
1931,Subcompact Cars,Regular,Front-Wheel Drive,12.6773076923077,Mitsubishi,Automatic 3-spd,4.0,1.5
1932,Subcompact Cars,Regular,Front-Wheel Drive,10.6325806451613,Mitsubishi,Manual 5-spd,4.0,1.5
1933,Subcompact Cars,Regular,Front-Wheel Drive,12.6773076923077,Mitsubishi,Automatic 4-spd,4.0,1.8
1934,Subcompact Cars,Regular,Front-Wheel Drive,13.1844,Mitsubishi,Manual 5-spd,4.0,1.8
1935,Two Seaters,Regular,Rear-Wheel Drive,23.5435714285714,Mercedes-Benz,Automatic 4-spd,8.0,5.0
1936,Subcompact Cars,Regular,Front-Wheel Drive,18.3116666666667,Mitsubishi,Automatic 4-spd,6.0,3.0
1937,Subcompact Cars,Regular,Front-Wheel Drive,17.3478947368421,Mitsubishi,Manual 5-spd,6.0,3.0
1938,Subcompact Cars,Premium,4-Wheel or All-Wheel Drive,18.3116666666667,Mitsubishi,Manual 6-spd,6.0,3.0
1939,Subcompact Cars,Regular,Front-Wheel Drive,18.3116666666667,Mitsubishi,Automatic 4-spd,6.0,3.0
1940,Subcompact Cars,Premium,4-Wheel or All-Wheel Drive,18.3116666666667,Mitsubishi,Manual 6-spd,6.0,3.0
1941,Subcompact Cars,Regular,Rear-Wheel Drive,16.4805,Pontiac,Automatic 4-spd,6.0,3.4
1942,Subcompact Cars,Regular,Rear-Wheel Drive,16.4805,Pontiac,Manual 5-spd,6.0,3.4
1943,Subcompact Cars,Regular,Rear-Wheel Drive,16.4805,Pontiac,Automatic 4-spd,6.0,3.8
1944,Subcompact Cars,Premium,Rear-Wheel Drive,18.3116666666667,Pontiac,Automatic 4-spd,8.0,5.7
1945,Subcompact Cars,Premium,Rear-Wheel Drive,18.3116666666667,Pontiac,Automatic 4-spd,8.0,5.7
1946,Two Seaters,Regular,Rear-Wheel Drive,19.3888235294118,Mazda,Automatic 4-spd,2.0,1.1
1947,Subcompact Cars,Premium,Rear-Wheel Drive,18.3116666666667,Pontiac,Automatic 4-spd,8.0,5.7
1948,Subcompact Cars,Premium,Rear-Wheel Drive,18.3116666666667,Pontiac,Manual 6-spd,8.0,5.7
1949,Subcompact Cars,Premium,Rear-Wheel Drive,29.9645454545455,Rolls-Royce,Automatic 4-spd,8.0,6.8
1950,Subcompact Cars,Premium,Rear-Wheel Drive,29.9645454545455,Rolls-Royce,Automatic 4-spd,8.0,6.8
1951,Subcompact Cars,Premium,Rear-Wheel Drive,29.9645454545455,Rolls-Royce,Automatic 4-spd,8.0,6.8
1952,Subcompact Cars,Premium,Rear-Wheel Drive,29.9645454545455,Rolls-Royce,Automatic 4-spd,8.0,6.8
1953,Subcompact Cars,Regular,Front-Wheel Drive,16.4805,Saab,Manual 5-spd,4.0,2.0
1954,Subcompact Cars,Regular,Front-Wheel Drive,16.4805,Saab,Automatic 4-spd,4.0,2.3
1955,Subcompact Cars,Regular,Front-Wheel Drive,15.6957142857143,Saab,Manual 5-spd,4.0,2.3
1956,Subcompact Cars,Regular,Front-Wheel Drive,16.4805,Saab,Automatic 4-spd,6.0,2.5
1957,Two Seaters,Regular,Rear-Wheel Drive,19.3888235294118,Mazda,Manual 5-spd,2.0,1.1
1958,Subcompact Cars,Regular,Front-Wheel Drive,17.3478947368421,Saab,Manual 5-spd,6.0,2.5
1959,Subcompact Cars,Regular,Front-Wheel Drive,13.1844,Saturn,Automatic 4-spd,4.0,1.9
1960,Subcompact Cars,Regular,Front-Wheel Drive,12.2077777777778,Saturn,Automatic 4-spd,4.0,1.9
1961,Subcompact Cars,Regular,Front-Wheel Drive,11.7717857142857,Saturn,Manual 5-spd,4.0,1.9
1962,Subcompact Cars,Regular,Front-Wheel Drive,12.6773076923077,Saturn,Manual 5-spd,4.0,1.9
1963,Subcompact Cars,Regular,Front-Wheel Drive,14.3308695652174,Subaru,Automatic 4-spd,4.0,1.8
1964,Subcompact Cars,Regular,Front-Wheel Drive,13.73375,Subaru,Manual 5-spd,4.0,1.8
1965,Subcompact Cars,Regular,4-Wheel or All-Wheel Drive,14.9822727272727,Subaru,Automatic 4-spd,4.0,1.8
1966,Subcompact Cars,Regular,4-Wheel or All-Wheel Drive,14.9822727272727,Subaru,Manual 5-spd,4.0,1.8
1967,Subcompact Cars,Regular,4-Wheel or All-Wheel Drive,14.9822727272727,Subaru,Automatic 4-spd,4.0,2.2
1968,Minicompact Cars,Regular,Rear-Wheel Drive,23.5435714285714,Maserati,Manual 5-spd,6.0,2.5
1969,Subcompact Cars,Premium,Front-Wheel Drive,18.3116666666667,Subaru,Automatic 4-spd,6.0,3.3
1970,Subcompact Cars,Premium,4-Wheel or All-Wheel Drive,18.3116666666667,Subaru,Automatic 4-spd,6.0,3.3
1971,Subcompact Cars,Regular,Rear-Wheel Drive,20.600625,Saleen,Manual 5-spd,8.0,5.8
1972,Subcompact Cars,Regular,Front-Wheel Drive,10.3003125,Suzuki,Automatic 3-spd,3.0,1.0
1973,Subcompact Cars,Regular,Front-Wheel Drive,8.24025,Suzuki,Manual 5-spd,3.0,1.0
1974,Subcompact Cars,Regular,Front-Wheel Drive,12.6773076923077,Toyota,Automatic 4-spd,4.0,1.8
1975,Subcompact Cars,Regular,Front-Wheel Drive,12.2077777777778,Toyota,Manual 5-spd,4.0,1.8
1976,Subcompact Cars,Regular,Front-Wheel Drive,14.3308695652174,Toyota,Automatic 4-spd,4.0,2.2
1977,Subcompact Cars,Regular,Front-Wheel Drive,14.9822727272727,Toyota,Manual 5-spd,4.0,2.2
1978,Subcompact Cars,Regular,Front-Wheel Drive,11.3658620689655,Toyota,Automatic 3-spd,4.0,1.5
1979,Subcompact Cars,Regular,Rear-Wheel Drive,41.20125,Aston Martin,Automatic 3-spd,8.0,5.3
1980,Subcompact Cars,Regular,Front-Wheel Drive,11.3658620689655,Toyota,Automatic 4-spd,4.0,1.5
1981,Subcompact Cars,Regular,Front-Wheel Drive,10.6325806451613,Toyota,Manual 4-spd,4.0,1.5
1982,Subcompact Cars,Regular,Front-Wheel Drive,10.987,Toyota,Manual 5-spd,4.0,1.5
1983,Subcompact Cars,Regular,Front-Wheel Drive,14.9822727272727,Volkswagen,Automatic 4-spd,4.0,2.0
1984,Subcompact Cars,Regular,Front-Wheel Drive,13.73375,Volkswagen,Manual 5-spd,4.0,2.0
1985,Compact Cars,Premium,Front-Wheel Drive,18.3116666666667,Acura,Automatic 4-spd,6.0,3.2
1986,Compact Cars,Premium,Front-Wheel Drive,17.3478947368421,Acura,Automatic 4-spd,6.0,3.2
1987,Compact Cars,Premium,Front-Wheel Drive,17.3478947368421,Acura,Manual 5-spd,6.0,3.2
1988,Compact Cars,Premium,Front-Wheel Drive,17.3478947368421,Acura,Manual 6-spd,6.0,3.2
1989,Compact Cars,Premium,Front-Wheel Drive,16.4805,Acura,Automatic 4-spd,5.0,2.5
1990,Subcompact Cars,Regular,Rear-Wheel Drive,41.20125,Aston Martin,Automatic 3-spd,8.0,5.3
1991,Compact Cars,Premium,Front-Wheel Drive,20.600625,Alfa Romeo,Automatic 4-spd,6.0,3.0
1992,Compact Cars,Premium,Front-Wheel Drive,18.3116666666667,Alfa Romeo,Manual 5-spd,6.0,3.0
1993,Compact Cars,Regular,Front-Wheel Drive,17.3478947368421,Audi,Automatic 4-spd,6.0,2.8
1994,Compact Cars,Premium,Front-Wheel Drive,17.3478947368421,Audi,Manual 5-spd,6.0,2.8
1995,Compact Cars,Regular,4-Wheel or All-Wheel Drive,18.3116666666667,Audi,Automatic 4-spd,6.0,2.8
1996,Compact Cars,Regular,4-Wheel or All-Wheel Drive,18.3116666666667,Audi,Manual 5-spd,6.0,2.8
1997,Compact Cars,Premium,4-Wheel or All-Wheel Drive,18.3116666666667,Audi,Manual 5-spd,5.0,2.2
1998,Compact Cars,Premium,Front-Wheel Drive,17.3478947368421,Audi,Automatic 4-spd,6.0,2.8
1999,Compact Cars,Premium,Front-Wheel Drive,16.4805,Audi,Automatic 4-spd,6.0,2.8
2000,Compact Cars,Premium,Front-Wheel Drive,17.3478947368421,Audi,Manual 5-spd,6.0,2.8
2001,Subcompact Cars,Regular,Front-Wheel Drive,13.73375,Dodge,Manual 5-spd,4.0,2.2
2002,Subcompact Cars,Regular,Rear-Wheel Drive,41.20125,Aston Martin,Manual 5-spd,8.0,5.3
2003,Compact Cars,Premium,4-Wheel or All-Wheel Drive,17.3478947368421,Audi,Manual 5-spd,6.0,2.8
2004,Compact Cars,Premium,Rear-Wheel Drive,15.6957142857143,BMW,Automatic 4-spd,4.0,1.8
2005,Compact Cars,Premium,Rear-Wheel Drive,14.3308695652174,BMW,Manual 5-spd,4.0,1.8
2006,Compact Cars,Premium,Rear-Wheel Drive,17.3478947368421,BMW,Automatic 4-spd,6.0,2.5
2007,Compact Cars,Premium,Rear-Wheel Drive,16.4805,BMW,Manual 5-spd,6.0,2.5
2008,Compact Cars,Premium,Rear-Wheel Drive,18.3116666666667,BMW,Automatic 5-spd,8.0,3.0
2009,Compact Cars,Premium,Rear-Wheel Drive,19.3888235294118,BMW,Manual 5-spd,8.0,3.0
2010,Compact Cars,Premium,Rear-Wheel Drive,18.3116666666667,BMW,Automatic 5-spd,8.0,4.0
2011,Compact Cars,Premium,Rear-Wheel Drive,20.600625,BMW,Manual 6-spd,8.0,4.0
2012,Compact Cars,Regular,Front-Wheel Drive,14.9822727272727,Buick,Automatic 3-spd,4.0,2.3
2013,Subcompact Cars,Regular,4-Wheel or All-Wheel Drive,18.3116666666667,Audi,Manual 5-spd,5.0,2.2
2014,Compact Cars,Regular,Front-Wheel Drive,14.9822727272727,Buick,Automatic 4-spd,4.0,2.3
2015,Compact Cars,Regular,Front-Wheel Drive,16.4805,Buick,Automatic 4-spd,6.0,3.1
2016,Compact Cars,Regular,Front-Wheel Drive,16.4805,Buick,Automatic 4-spd,6.0,3.1
2017,Compact Cars,Regular,Front-Wheel Drive,13.1844,Chevrolet,Manual 5-spd,4.0,2.2
2018,Compact Cars,Regular,Front-Wheel Drive,15.6957142857143,Chevrolet,Automatic 4-spd,6.0,3.1
2019,Compact Cars,Regular,Front-Wheel Drive,15.6957142857143,Chevrolet,Automatic 4-spd,6.0,3.1
2020,Compact Cars,Regular,Front-Wheel Drive,12.6773076923077,Chevrolet,Manual 5-spd,4.0,2.2
2021,Compact Cars,Regular,Front-Wheel Drive,14.3308695652174,Chevrolet,Manual 5-spd,4.0,2.3
2022,Compact Cars,Regular,Front-Wheel Drive,14.9822727272727,Chevrolet,Automatic 4-spd,4.0,2.3
2023,Compact Cars,Regular,Front-Wheel Drive,15.6957142857143,Chevrolet,Automatic 4-spd,6.0,3.1
2024,Subcompact Cars,Regular,Rear-Wheel Drive,17.3478947368421,Chevrolet,Automatic 4-spd,6.0,2.8
2025,Compact Cars,Regular,Front-Wheel Drive,15.6957142857143,Chevrolet,Automatic 4-spd,6.0,3.1
2026,Compact Cars,Regular,Front-Wheel Drive,15.6957142857143,Chrysler,Automatic 4-spd,4.0,2.0
2027,Compact Cars,Regular,Front-Wheel Drive,14.9822727272727,Chrysler,Automatic 4-spd,4.0,2.0
2028,Compact Cars,Regular,Front-Wheel Drive,14.3308695652174,Chrysler,Manual 5-spd,4.0,2.0
2029,Compact Cars,Regular,Front-Wheel Drive,14.3308695652174,Chrysler,Manual 5-spd,4.0,2.0
2030,Compact Cars,Regular,Front-Wheel Drive,15.6957142857143,Chrysler,Automatic 4-spd,6.0,2.5
2031,Compact Cars,Regular,Front-Wheel Drive,15.6957142857143,Nissan,Automatic 4-spd,4.0,2.4
2032,Compact Cars,Regular,Front-Wheel Drive,13.73375,Nissan,Manual 5-spd,4.0,2.4
2033,Compact Cars,Regular,Front-Wheel Drive,15.6957142857143,Dodge,Automatic 4-spd,4.0,2.0
2034,Compact Cars,Regular,Front-Wheel Drive,14.9822727272727,Dodge,Automatic 4-spd,4.0,2.0
2035,Subcompact Cars,Regular,Rear-Wheel Drive,18.3116666666667,Chevrolet,Manual 5-spd,6.0,2.8
2036,Compact Cars,Regular,Front-Wheel Drive,14.3308695652174,Dodge,Manual 5-spd,4.0,2.0
2037,Compact Cars,Regular,Front-Wheel Drive,14.3308695652174,Dodge,Manual 5-spd,4.0,2.0
2038,Compact Cars,Regular,Front-Wheel Drive,15.6957142857143,Dodge,Automatic 4-spd,6.0,2.5
2039,Compact Cars,Regular,Front-Wheel Drive,12.6773076923077,Dodge,Automatic 3-spd,4.0,2.0
2040,Compact Cars,Regular,Front-Wheel Drive,11.7717857142857,Dodge,Manual 5-spd,4.0,2.0
2041,Compact Cars,Regular,Front-Wheel Drive,13.73375,Ford,Automatic 4-spd,4.0,2.0
2042,Compact Cars,Regular,Front-Wheel Drive,14.9822727272727,Ford,Automatic 4-spd,6.0,2.5
2043,Compact Cars,Regular,Front-Wheel Drive,15.6957142857143,Ford,Manual 5-spd,6.0,2.5
2044,Compact Cars,Regular,Front-Wheel Drive,14.9822727272727,Ford,Automatic 4-spd,4.0,1.8
2045,Compact Cars,Regular,Front-Wheel Drive,13.73375,Ford,Manual 5-spd,4.0,1.8
2046,Subcompact Cars,Regular,Rear-Wheel Drive,19.3888235294118,Chevrolet,Automatic 4-spd,8.0,5.0
2047,Compact Cars,Regular,Front-Wheel Drive,12.6773076923077,Ford,Automatic 4-spd,4.0,1.9
2048,Compact Cars,Regular,Front-Wheel Drive,11.3658620689655,Ford,Manual 5-spd,4.0,1.9
2049,Compact Cars,Regular,Front-Wheel Drive,13.1844,Geo,Automatic 3-spd,4.0,1.6
2050,Compact Cars,Regular,Front-Wheel Drive,12.2077777777778,Geo,Manual 5-spd,4.0,1.6
2051,Compact Cars,Regular,Front-Wheel Drive,12.6773076923077,Geo,Automatic 4-spd,4.0,1.8
2052,Compact Cars,Regular,Front-Wheel Drive,12.2077777777778,Geo,Manual 5-spd,4.0,1.8
2053,Compact Cars,Regular,Front-Wheel Drive,13.1844,Kia,Automatic 4-spd,4.0,1.6
2054,Compact Cars,Regular,Front-Wheel Drive,13.1844,Kia,Manual 5-spd,4.0,1.6
2055,Compact Cars,Regular,Front-Wheel Drive,11.7717857142857,Kia,Manual 5-spd,4.0,1.6
2056,Compact Cars,Regular,Front-Wheel Drive,14.9822727272727,Kia,Automatic 4-spd,4.0,1.8
2057,Subcompact Cars,Regular,Front-Wheel Drive,14.9822727272727,Chevrolet,Automatic 3-spd,4.0,2.0
2058,Compact Cars,Regular,Front-Wheel Drive,14.3308695652174,Kia,Manual 5-spd,4.0,1.8
2059,Compact Cars,Regular,Front-Wheel Drive,14.3308695652174,Honda,Automatic 4-spd,4.0,2.2
2060,Compact Cars,Regular,Front-Wheel Drive,14.9822727272727,Honda,Automatic 4-spd,4.0,2.2
2061,Compact Cars,Regular,Front-Wheel Drive,13.73375,Honda,Manual 5-spd,4.0,2.2
2062,Compact Cars,Regular,Front-Wheel Drive,13.1844,Honda,Manual 5-spd,4.0,2.2
2063,Compact Cars,Regular,Front-Wheel Drive,17.3478947368421,Honda,Automatic 4-spd,6.0,2.7
2064,Compact Cars,Regular,Front-Wheel Drive,12.2077777777778,Hyundai,Automatic 4-spd,4.0,1.5
2065,Compact Cars,Regular,Front-Wheel Drive,11.7717857142857,Hyundai,Manual 5-spd,4.0,1.5
2066,Compact Cars,Regular,Front-Wheel Drive,14.9822727272727,Hyundai,Manual 5-spd,4.0,1.6
2067,Compact Cars,Regular,Front-Wheel Drive,14.9822727272727,Hyundai,Automatic 4-spd,4.0,1.8
2068,Subcompact Cars,Regular,Front-Wheel Drive,13.1844,Chevrolet,Manual 4-spd,4.0,2.0
2069,Compact Cars,Regular,Front-Wheel Drive,14.9822727272727,Hyundai,Automatic 4-spd,4.0,1.8
2070,Compact Cars,Regular,Front-Wheel Drive,15.6957142857143,Hyundai,Manual 5-spd,4.0,1.8
2071,Compact Cars,Regular,Front-Wheel Drive,15.6957142857143,Hyundai,Manual 5-spd,4.0,1.8
2072,Compact Cars,Regular,Front-Wheel Drive,14.9822727272727,Infiniti,Automatic 4-spd,4.0,2.0
2073,Compact Cars,Regular,Front-Wheel Drive,14.9822727272727,Infiniti,Automatic 4-spd,4.0,2.0
2074,Compact Cars,Regular,Front-Wheel Drive,13.73375,Infiniti,Manual 5-spd,4.0,2.0
2075,Compact Cars,Regular,Front-Wheel Drive,13.73375,Infiniti,Manual 5-spd,4.0,2.0
2076,Compact Cars,Premium,Rear-Wheel Drive,27.4675,Jaguar,Automatic 4-spd,12.0,6.0
2077,Compact Cars,Premium,Rear-Wheel Drive,18.3116666666667,Jaguar,Automatic 4-spd,6.0,4.0
2078,Compact Cars,Regular,Front-Wheel Drive,15.6957142857143,Lexus,Automatic 4-spd,6.0,3.0
2079,Subcompact Cars,Regular,Front-Wheel Drive,13.73375,Chevrolet,Manual 5-spd,4.0,2.0
2080,Compact Cars,Regular,Front-Wheel Drive,13.73375,Mercury,Automatic 4-spd,4.0,2.0
2081,Compact Cars,Regular,Front-Wheel Drive,14.9822727272727,Mercury,Automatic 4-spd,6.0,2.5
2082,Compact Cars,Regular,Front-Wheel Drive,15.6957142857143,Mercury,Manual 5-spd,6.0,2.5
2083,Compact Cars,Regular,Front-Wheel Drive,14.9822727272727,Mercury,Automatic 4-spd,4.0,1.8
2084,Compact Cars,Regular,Front-Wheel Drive,13.73375,Mercury,Manual 5-spd,4.0,1.8
2085,Compact Cars,Regular,Front-Wheel Drive,12.6773076923077,Mercury,Automatic 4-spd,4.0,1.9
2086,Compact Cars,Regular,Front-Wheel Drive,11.3658620689655,Mercury,Manual 5-spd,4.0,1.9
2087,Compact Cars,Premium,Front-Wheel Drive,15.6957142857143,Mazda,Automatic 4-spd,6.0,2.3
2088,Compact Cars,Premium,Front-Wheel Drive,16.4805,Mazda,Automatic 4-spd,6.0,2.5
2089,Compact Cars,Regular,Front-Wheel Drive,12.6773076923077,Mazda,Automatic 4-spd,4.0,1.5
2090,Subcompact Cars,Regular,Front-Wheel Drive,17.3478947368421,Chevrolet,Automatic 3-spd,6.0,2.8
2091,Compact Cars,Regular,Front-Wheel Drive,10.987,Mazda,Manual 5-spd,4.0,1.5
2092,Compact Cars,Regular,Front-Wheel Drive,13.73375,Mazda,Automatic 4-spd,4.0,1.8
2093,Compact Cars,Regular,Front-Wheel Drive,14.9822727272727,Mazda,Automatic 4-spd,4.0,1.8
2094,Compact Cars,Regular,Front-Wheel Drive,12.2077777777778,Mazda,Manual 5-spd,4.0,1.8
2095,Compact Cars,Regular,Front-Wheel Drive,13.1844,Mazda,Manual 5-spd,4.0,1.8
2096,Compact Cars,Regular,Front-Wheel Drive,13.1844,Mazda,Automatic 4-spd,4.0,1.6
2097,Compact Cars,Regular,Front-Wheel Drive,11.7717857142857,Mazda,Manual 5-spd,4.0,1.6
2098,Compact Cars,Premium,Rear-Wheel Drive,14.9822727272727,Mercedes-Benz,Automatic 4-spd,4.0,2.2
2099,Compact Cars,Premium,Rear-Wheel Drive,16.4805,Mercedes-Benz,Automatic 4-spd,6.0,2.8
2100,Compact Cars,Premium,Rear-Wheel Drive,18.3116666666667,Mercedes-Benz,Automatic 4-spd,6.0,3.6
2101,Subcompact Cars,Regular,Front-Wheel Drive,18.3116666666667,Chevrolet,Manual 4-spd,6.0,2.8
2102,Compact Cars,Premium,Rear-Wheel Drive,16.4805,Mercedes-Benz,Automatic 4-spd,6.0,3.2
2103,Compact Cars,Premium,Rear-Wheel Drive,18.3116666666667,Mercedes-Benz,Automatic 4-spd,8.0,4.2
2104,Compact Cars,Premium,Rear-Wheel Drive,21.974,Mercedes-Benz,Automatic 4-spd,8.0,5.0
2105,Compact Cars,Premium,Rear-Wheel Drive,25.3546153846154,Mercedes-Benz,Automatic 4-spd,12.0,6.0
2106,Compact Cars,Premium,Front-Wheel Drive,17.3478947368421,Mitsubishi,Automatic 4-spd,6.0,3.0
2107,Compact Cars,Premium,Front-Wheel Drive,17.3478947368421,Mitsubishi,Automatic 4-spd,6.0,3.0
2108,Compact Cars,Regular,Front-Wheel Drive,14.9822727272727,Mitsubishi,Automatic 4-spd,4.0,2.4
2109,Compact Cars,Regular,Front-Wheel Drive,14.3308695652174,Mitsubishi,Manual 5-spd,4.0,2.4
2110,Compact Cars,Regular,Front-Wheel Drive,16.4805,Mitsubishi,Automatic 4-spd,6.0,2.5
2111,Compact Cars,Regular,Front-Wheel Drive,14.3308695652174,Oldsmobile,Manual 5-spd,4.0,2.3
2112,Subcompact Cars,Premium,Front-Wheel Drive,16.4805,Dodge,Manual 5-spd,4.0,2.2
2113,Subcompact Cars,Regular,Rear-Wheel Drive,13.1844,Chevrolet,Automatic 3-spd,4.0,1.6
2114,Compact Cars,Regular,Front-Wheel Drive,14.9822727272727,Oldsmobile,Automatic 3-spd,4.0,2.3
2115,Compact Cars,Regular,Front-Wheel Drive,14.9822727272727,Oldsmobile,Automatic 4-spd,4.0,2.3
2116,Compact Cars,Regular,Front-Wheel Drive,16.4805,Oldsmobile,Automatic 4-spd,6.0,3.1
2117,Compact Cars,Regular,Front-Wheel Drive,16.4805,Oldsmobile,Automatic 4-spd,6.0,3.1
2118,Compact Cars,Regular,Front-Wheel Drive,12.6773076923077,Plymouth,Automatic 3-spd,4.0,2.0
2119,Compact Cars,Regular,Front-Wheel Drive,11.7717857142857,Plymouth,Manual 5-spd,4.0,2.0
2120,Compact Cars,Regular,Front-Wheel Drive,14.3308695652174,Pontiac,Manual 5-spd,4.0,2.3
2121,Compact Cars,Regular,Front-Wheel Drive,14.9822727272727,Pontiac,Automatic 3-spd,4.0,2.3
2122,Compact Cars,Regular,Front-Wheel Drive,14.9822727272727,Pontiac,Automatic 4-spd,4.0,2.3
2123,Compact Cars,Regular,Front-Wheel Drive,16.4805,Pontiac,Automatic 4-spd,6.0,3.1
2124,Subcompact Cars,Regular,Rear-Wheel Drive,12.6773076923077,Chevrolet,Manual 4-spd,4.0,1.6
2125,Compact Cars,Regular,Front-Wheel Drive,15.6957142857143,Pontiac,Automatic 4-spd,6.0,3.1
2126,Compact Cars,Regular,Front-Wheel Drive,13.1844,Pontiac,Manual 5-spd,4.0,2.2
2127,Compact Cars,Regular,Front-Wheel Drive,14.3308695652174,Pontiac,Manual 5-spd,4.0,2.3
2128,Compact Cars,Regular,Front-Wheel Drive,14.9822727272727,Pontiac,Automatic 4-spd,4.0,2.3
2129,Compact Cars,Premium,Rear-Wheel Drive,29.9645454545455,Rolls-Royce,Automatic 4-spd,8.0,6.8
2130,Compact Cars,Regular,Front-Wheel Drive,13.1844,Saturn,Automatic 4-spd,4.0,1.9
2131,Compact Cars,Regular,Front-Wheel Drive,12.2077777777778,Saturn,Automatic 4-spd,4.0,1.9
2132,Compact Cars,Regular,Front-Wheel Drive,11.7717857142857,Saturn,Manual 5-spd,4.0,1.9
2133,Compact Cars,Regular,Front-Wheel Drive,12.6773076923077,Saturn,Manual 5-spd,4.0,1.9
2134,Compact Cars,Regular,Front-Wheel Drive,14.3308695652174,Subaru,Automatic 4-spd,4.0,2.2
2135,Subcompact Cars,Regular,Rear-Wheel Drive,12.6773076923077,Chevrolet,Manual 5-spd,4.0,1.6
2136,Compact Cars,Regular,Front-Wheel Drive,13.73375,Subaru,Manual 5-spd,4.0,2.2
2137,Compact Cars,Regular,4-Wheel or All-Wheel Drive,14.9822727272727,Subaru,Automatic 4-spd,4.0,2.2
2138,Compact Cars,Regular,4-Wheel or All-Wheel Drive,15.6957142857143,Subaru,Manual 5-spd,4.0,2.2
2139,Compact Cars,Regular,Front-Wheel Drive,13.1844,Toyota,Automatic 3-spd,4.0,1.6
2140,Compact Cars,Regular,Front-Wheel Drive,12.2077777777778,Toyota,Manual 5-spd,4.0,1.6
2141,Compact Cars,Regular,Front-Wheel Drive,12.6773076923077,Toyota,Automatic 4-spd,4.0,1.8
2142,Compact Cars,Regular,Front-Wheel Drive,12.2077777777778,Toyota,Manual 5-spd,4.0,1.8
2143,Compact Cars,Regular,Front-Wheel Drive,14.9822727272727,Volkswagen,Automatic 4-spd,4.0,2.0
2144,Compact Cars,Regular,Front-Wheel Drive,13.73375,Volkswagen,Manual 5-spd,4.0,2.0
2145,Compact Cars,Regular,Front-Wheel Drive,17.3478947368421,Volkswagen,Manual 5-spd,6.0,2.8
2146,Subcompact Cars,Regular,Front-Wheel Drive,15.6957142857143,Chrysler,Automatic 3-spd,4.0,2.2
2147,Compact Cars,Regular,Front-Wheel Drive,14.9822727272727,Volkswagen,Automatic 4-spd,4.0,2.0
2148,Compact Cars,Regular,Front-Wheel Drive,13.73375,Volkswagen,Manual 5-spd,4.0,2.0
2149,Compact Cars,Regular,Front-Wheel Drive,18.3116666666667,Volkswagen,Automatic 4-spd,6.0,2.8
2150,Compact Cars,Regular,Front-Wheel Drive,17.3478947368421,Volkswagen,Manual 5-spd,6.0,2.8
2151,Compact Cars,Regular,Rear-Wheel Drive,18.3116666666667,Volvo,Automatic 4-spd,6.0,2.9
2152,Midsize Cars,Premium,Rear-Wheel Drive,19.3888235294118,BMW,Automatic 5-spd,8.0,4.0
2153,Midsize Cars,Premium,Rear-Wheel Drive,19.3888235294118,BMW,Automatic 5-spd,8.0,4.0
2154,Midsize Cars,Premium,Rear-Wheel Drive,21.974,BMW,Automatic 5-spd,12.0,5.4
2155,Midsize Cars,Regular,Front-Wheel Drive,16.4805,Buick,Automatic 4-spd,6.0,3.1
2156,Midsize Cars,Regular,Front-Wheel Drive,16.4805,Buick,Automatic 4-spd,6.0,3.1
2157,Subcompact Cars,Premium,Front-Wheel Drive,17.3478947368421,Chrysler,Automatic 3-spd,4.0,2.2
2158,Midsize Cars,Regular,Front-Wheel Drive,16.4805,Buick,Automatic 4-spd,6.0,3.1
2159,Midsize Cars,Regular,Front-Wheel Drive,16.4805,Buick,Automatic 4-spd,6.0,3.1
2160,Midsize Cars,Regular,Front-Wheel Drive,16.4805,Buick,Automatic 4-spd,6.0,3.8
2161,Midsize Cars,Regular,Front-Wheel Drive,16.4805,Buick,Automatic 4-spd,6.0,3.8
2162,Midsize Cars,Premium,Front-Wheel Drive,18.3116666666667,Cadillac,Automatic 4-spd,8.0,4.6
2163,Midsize Cars,Regular,Front-Wheel Drive,16.4805,Chevrolet,Automatic 4-spd,6.0,3.1
2164,Midsize Cars,Regular,Front-Wheel Drive,16.4805,Chevrolet,Automatic 4-spd,6.0,3.1
2165,Midsize Cars,Regular,Front-Wheel Drive,18.3116666666667,Chevrolet,Automatic 4-spd,6.0,3.4
2166,Midsize Cars,Regular,Front-Wheel Drive,15.6957142857143,Chrysler,Automatic 4-spd,4.0,2.4
2167,Midsize Cars,Regular,Front-Wheel Drive,15.6957142857143,Chrysler,Automatic 4-spd,6.0,2.5
2168,Subcompact Cars,Regular,Front-Wheel Drive,14.3308695652174,Chrysler,Manual 5-spd,4.0,2.2
2169,Midsize Cars,Premium,Front-Wheel Drive,15.6957142857143,Nissan,Automatic 4-spd,6.0,3.0
2170,Midsize Cars,Premium,Front-Wheel Drive,15.6957142857143,Nissan,Manual 5-spd,6.0,3.0
2171,Midsize Cars,Regular,Front-Wheel Drive,14.9822727272727,Dodge,Automatic 3-spd,4.0,2.5
2172,Midsize Cars,Regular,Front-Wheel Drive,15.6957142857143,Dodge,Automatic 3-spd,6.0,3.0
2173,Midsize Cars,Regular,Front-Wheel Drive,15.6957142857143,Dodge,Automatic 4-spd,4.0,2.4
2174,Midsize Cars,Regular,Front-Wheel Drive,15.6957142857143,Dodge,Automatic 4-spd,6.0,2.5
2175,Midsize Cars,Regular,Front-Wheel Drive,15.6957142857143,Ford,Automatic 4-spd,6.0,3.0
2176,Midsize Cars,Premium,Front-Wheel Drive,17.3478947368421,Ford,Manual 5-spd,6.0,3.0
2177,Midsize Cars,Premium,Front-Wheel Drive,17.3478947368421,Ford,Automatic 4-spd,6.0,3.2
2178,Midsize Cars,Regular,Front-Wheel Drive,16.4805,Ford,Automatic 4-spd,6.0,3.8
2179,Subcompact Cars,Regular,Front-Wheel Drive,14.3308695652174,Chrysler,Manual 5-spd,4.0,2.2
2180,Midsize Cars,Regular,Front-Wheel Drive,16.4805,Ford,Automatic 4-spd,6.0,3.0
2181,Midsize Cars,Premium,Rear-Wheel Drive,18.3116666666667,Ford,Automatic 4-spd,6.0,3.8
2182,Midsize Cars,Regular,Rear-Wheel Drive,17.3478947368421,Ford,Automatic 4-spd,6.0,3.8
2183,Midsize Cars,Premium,Rear-Wheel Drive,17.3478947368421,Ford,Manual 5-spd,6.0,3.8
2184,Midsize Cars,Regular,Rear-Wheel Drive,18.3116666666667,Ford,Automatic 4-spd,8.0,4.6
2185,Midsize Cars,Regular,Front-Wheel Drive,15.6957142857143,Hyundai,Automatic 4-spd,4.0,2.0
2186,Midsize Cars,Regular,Front-Wheel Drive,15.6957142857143,Hyundai,Manual 5-spd,4.0,2.0
2187,Midsize Cars,Premium,Rear-Wheel Drive,19.3888235294118,Infiniti,Automatic 4-spd,8.0,4.5
2188,Midsize Cars,Premium,Rear-Wheel Drive,20.600625,Infiniti,Automatic 4-spd,8.0,4.5
2189,Midsize Cars,Premium,Rear-Wheel Drive,18.3116666666667,Lexus,Automatic 4-spd,6.0,3.0
2190,Subcompact Cars,Premium,Front-Wheel Drive,17.3478947368421,Chrysler,Automatic 3-spd,4.0,2.2
2191,Midsize Cars,Premium,Rear-Wheel Drive,17.3478947368421,Lexus,Automatic 4-spd,8.0,4.0
2192,Midsize Cars,Regular,Rear-Wheel Drive,17.3478947368421,Mercury,Automatic 4-spd,6.0,3.8
2193,Midsize Cars,Regular,Rear-Wheel Drive,18.3116666666667,Mercury,Automatic 4-spd,8.0,4.6
2194,Midsize Cars,Premium,Rear-Wheel Drive,18.3116666666667,Lincoln,Automatic 4-spd,8.0,4.6
2195,Midsize Cars,Regular,Front-Wheel Drive,15.6957142857143,Mercury,Automatic 4-spd,6.0,3.0
2196,Midsize Cars,Regular,Front-Wheel Drive,16.4805,Mercury,Automatic 4-spd,6.0,3.8
2197,Midsize Cars,Regular,Front-Wheel Drive,14.3308695652174,Mazda,Automatic 4-spd,4.0,2.0
2198,Midsize Cars,Regular,Front-Wheel Drive,12.6773076923077,Mazda,Manual 5-spd,4.0,2.0
2199,Midsize Cars,Premium,Front-Wheel Drive,16.4805,Mazda,Automatic 4-spd,6.0,2.5
2200,Midsize Cars,Premium,Front-Wheel Drive,16.4805,Mazda,Manual 5-spd,6.0,2.5
2201,Subcompact Cars,Regular,Front-Wheel Drive,15.6957142857143,Chrysler,Automatic 3-spd,4.0,2.2
2202,Midsize Cars,Premium,Rear-Wheel Drive,17.3478947368421,Mazda,Automatic 4-spd,6.0,3.0
2203,Midsize Cars,Premium,Front-Wheel Drive,19.3888235294118,Oldsmobile,Automatic 4-spd,8.0,4.0
2204,Midsize Cars,Regular,Front-Wheel Drive,16.4805,Oldsmobile,Automatic 4-spd,6.0,3.1
2205,Midsize Cars,Regular,Front-Wheel Drive,16.4805,Oldsmobile,Automatic 4-spd,6.0,3.1
2206,Midsize Cars,Regular,Front-Wheel Drive,16.4805,Oldsmobile,Automatic 4-spd,6.0,3.1
2207,Midsize Cars,Regular,Front-Wheel Drive,16.4805,Oldsmobile,Automatic 4-spd,6.0,3.1
2208,Midsize Cars,Regular,Front-Wheel Drive,18.3116666666667,Oldsmobile,Automatic 4-spd,6.0,3.4
2209,Midsize Cars,Regular,Front-Wheel Drive,14.9822727272727,Plymouth,Automatic 3-spd,4.0,2.5
2210,Midsize Cars,Regular,Front-Wheel Drive,15.6957142857143,Plymouth,Automatic 3-spd,6.0,3.0
2211,Midsize Cars,Regular,Front-Wheel Drive,16.4805,Pontiac,Automatic 4-spd,6.0,3.1
2212,Subcompact Cars,Regular,Front-Wheel Drive,17.3478947368421,Chrysler,Automatic 3-spd,4.0,2.6
2213,Midsize Cars,Regular,Front-Wheel Drive,16.4805,Pontiac,Automatic 4-spd,6.0,3.1
2214,Midsize Cars,Regular,Front-Wheel Drive,18.3116666666667,Pontiac,Automatic 4-spd,6.0,3.4
2215,Midsize Cars,Premium,Rear-Wheel Drive,29.9645454545455,Rolls-Royce,Automatic 4-spd,8.0,6.8
2216,Midsize Cars,Premium,Rear-Wheel Drive,29.9645454545455,Rolls-Royce,Automatic 4-spd,8.0,6.8
2217,Midsize Cars,Premium,Rear-Wheel Drive,29.9645454545455,Rolls-Royce,Automatic 4-spd,8.0,6.8
2218,Midsize Cars,Premium,Rear-Wheel Drive,29.9645454545455,Rolls-Royce,Automatic 4-spd,8.0,6.8
2219,Midsize Cars,Regular,Front-Wheel Drive,15.6957142857143,Saab,Manual 5-spd,4.0,2.0
2220,Midsize Cars,Regular,Front-Wheel Drive,16.4805,Saab,Automatic 4-spd,4.0,2.3
2221,Midsize Cars,Regular,Front-Wheel Drive,15.6957142857143,Saab,Manual 5-spd,4.0,2.3
2222,Midsize Cars,Regular,Front-Wheel Drive,16.4805,Saab,Automatic 4-spd,6.0,2.5
2223,Two Seaters,Regular,Front-Wheel Drive,13.73375,Ford,Automatic 3-spd,4.0,1.6
2224,Subcompact Cars,Premium,Front-Wheel Drive,17.3478947368421,Dodge,Automatic 3-spd,4.0,2.2
2225,Subcompact Cars,Regular,Front-Wheel Drive,13.73375,Nissan,Automatic 3-spd,4.0,1.6
2226,Midsize Cars,Regular,Front-Wheel Drive,17.3478947368421,Saab,Manual 5-spd,6.0,2.5
2227,Midsize Cars,Regular,Front-Wheel Drive,15.6957142857143,Toyota,Automatic 4-spd,4.0,2.2
2228,Midsize Cars,Regular,Front-Wheel Drive,14.3308695652174,Toyota,Manual 5-spd,4.0,2.2
2229,Midsize Cars,Regular,Front-Wheel Drive,15.6957142857143,Toyota,Automatic 4-spd,6.0,3.0
2230,Midsize Cars,Regular,Front-Wheel Drive,16.4805,Volkswagen,Automatic 4-spd,4.0,2.0
2231,Midsize Cars,Regular,Front-Wheel Drive,15.6957142857143,Volkswagen,Manual 5-spd,4.0,2.0
2232,Midsize Cars,Regular,Front-Wheel Drive,18.3116666666667,Volkswagen,Automatic 4-spd,6.0,2.8
2233,Midsize Cars,Regular,Front-Wheel Drive,17.3478947368421,Volkswagen,Manual 5-spd,6.0,2.8
2234,Midsize Cars,Regular,Front-Wheel Drive,17.3478947368421,Volvo,Automatic 4-spd,5.0,2.3
2235,Midsize Cars,Regular,Front-Wheel Drive,15.6957142857143,Volvo,Automatic 4-spd,5.0,2.4
2236,Subcompact Cars,Regular,Front-Wheel Drive,13.73375,Nissan,Automatic 3-spd,4.0,1.6
2237,Midsize Cars,Regular,Front-Wheel Drive,15.6957142857143,Volvo,Manual 5-spd,5.0,2.4
2238,Midsize Cars,Regular,Rear-Wheel Drive,17.3478947368421,Volvo,Automatic 4-spd,4.0,2.3
2239,Large Cars,Regular,Front-Wheel Drive,16.4805,Buick,Automatic 4-spd,6.0,3.8
2240,Large Cars,Regular,Front-Wheel Drive,16.4805,Buick,Automatic 4-spd,6.0,3.8
2241,Large Cars,Regular,Rear-Wheel Drive,18.3116666666667,Buick,Automatic 4-spd,8.0,5.7
2242,Large Cars,Premium,Front-Wheel Drive,18.3116666666667,Cadillac,Automatic 4-spd,8.0,4.6
2243,Large Cars,Premium,Front-Wheel Drive,19.3888235294118,Cadillac,Automatic 4-spd,8.0,4.9
2244,Large Cars,Regular,Rear-Wheel Drive,18.3116666666667,Cadillac,Automatic 4-spd,8.0,5.7
2245,Large Cars,Premium,Front-Wheel Drive,18.3116666666667,Cadillac,Automatic 4-spd,8.0,4.6
2246,Large Cars,Regular,Rear-Wheel Drive,17.3478947368421,Chevrolet,Automatic 4-spd,8.0,4.3
2247,Subcompact Cars,Regular,Front-Wheel Drive,11.3658620689655,Nissan,Manual 5-spd,4.0,1.6
2248,Large Cars,Regular,Rear-Wheel Drive,18.3116666666667,Chevrolet,Automatic 4-spd,8.0,5.7
2249,Large Cars,Regular,Front-Wheel Drive,17.3478947368421,Chrysler,Automatic 4-spd,6.0,3.3
2250,Large Cars,Regular,Front-Wheel Drive,15.6957142857143,Chrysler,Automatic 4-spd,6.0,3.3
2251,Large Cars,Regular,Front-Wheel Drive,17.3478947368421,Chrysler,Automatic 4-spd,6.0,3.5
2252,Large Cars,Regular,Front-Wheel Drive,17.3478947368421,Chrysler,Automatic 4-spd,6.0,3.5
2253,Large Cars,Regular,Rear-Wheel Drive,19.3888235294118,Dabryan Coach Builders Inc,Automatic 4-spd,8.0,4.6
2254,Large Cars,Regular,Rear-Wheel Drive,19.3888235294118,Dabryan Coach Builders Inc,Automatic 4-spd,8.0,4.6
2255,Large Cars,Regular,Rear-Wheel Drive,19.3888235294118,Dabryan Coach Builders Inc,Automatic 4-spd,8.0,4.6
2256,Large Cars,Regular,Rear-Wheel Drive,19.3888235294118,Dabryan Coach Builders Inc,Automatic 4-spd,8.0,4.6
2257,Large Cars,Regular,Rear-Wheel Drive,21.974,Dabryan Coach Builders Inc,Automatic 4-spd,8.0,5.7
2258,Subcompact Cars,Regular,Front-Wheel Drive,10.987,Nissan,Manual 5-spd,4.0,1.6
2259,Large Cars,Regular,Rear-Wheel Drive,19.3888235294118,Dabryan Coach Builders Inc,Automatic 4-spd,8.0,4.6
2260,Large Cars,Regular,Rear-Wheel Drive,21.974,Dabryan Coach Builders Inc,Automatic 4-spd,8.0,5.7
2261,Large Cars,Regular,Rear-Wheel Drive,19.3888235294118,Dabryan Coach Builders Inc,Automatic 4-spd,8.0,4.6
2262,Large Cars,Regular,Rear-Wheel Drive,21.974,Dabryan Coach Builders Inc,Automatic 4-spd,8.0,5.7
2263,Large Cars,Regular,Front-Wheel Drive,15.6957142857143,Dodge,Automatic 4-spd,6.0,3.3
2264,Large Cars,Regular,Front-Wheel Drive,17.3478947368421,Dodge,Automatic 4-spd,6.0,3.3
2265,Large Cars,Regular,Front-Wheel Drive,17.3478947368421,Dodge,Automatic 4-spd,6.0,3.5
2266,Large Cars,Regular,Front-Wheel Drive,15.6957142857143,Eagle,Automatic 4-spd,6.0,3.3
2267,Large Cars,Regular,Front-Wheel Drive,17.3478947368421,Eagle,Automatic 4-spd,6.0,3.3
2268,Large Cars,Regular,Front-Wheel Drive,17.3478947368421,Eagle,Automatic 4-spd,6.0,3.5
2269,Subcompact Cars,Regular,Front-Wheel Drive,13.73375,Nissan,Automatic 3-spd,4.0,1.6
2270,Large Cars,Regular,Rear-Wheel Drive,21.974,Federal Coach,Automatic 4-spd,8.0,5.7
2271,Large Cars,Regular,Rear-Wheel Drive,21.974,Federal Coach,Automatic 4-spd,8.0,5.7
2272,Large Cars,Regular,Rear-Wheel Drive,21.974,Federal Coach,Automatic 4-spd,8.0,5.7
2273,Large Cars,Regular,Rear-Wheel Drive,21.974,Federal Coach,Automatic 4-spd,8.0,5.7
2274,Large Cars,Regular,Rear-Wheel Drive,21.974,Federal Coach,Automatic 4-spd,8.0,5.7
2275,Large Cars,Regular,Rear-Wheel Drive,21.974,Federal Coach,Automatic 4-spd,8.0,5.7
2276,Large Cars,Regular,Rear-Wheel Drive,20.600625,Federal Coach,Automatic 4-spd,8.0,4.6
2277,Large Cars,Regular,Rear-Wheel Drive,19.3888235294118,Federal Coach,Automatic 4-spd,8.0,4.6
2278,Large Cars,Regular,Rear-Wheel Drive,20.600625,Federal Coach,Automatic 4-spd,8.0,4.6
2279,Large Cars,Regular,Rear-Wheel Drive,20.600625,Federal Coach,Automatic 4-spd,8.0,4.6
2280,Subcompact Cars,Regular,Front-Wheel Drive,13.73375,Nissan,Automatic 3-spd,4.0,1.6
2281,Large Cars,Regular,Rear-Wheel Drive,20.600625,Federal Coach,Automatic 4-spd,8.0,4.6
2282,Large Cars,Regular,Rear-Wheel Drive,18.3116666666667,Ford,Automatic 4-spd,8.0,4.6
2283,Large Cars,Regular,Rear-Wheel Drive,19.3888235294118,Ford,Automatic 4-spd,8.0,4.6
2284,Large Cars,Regular,Front-Wheel Drive,18.3116666666667,Lincoln,Automatic 4-spd,8.0,4.6
2285,Large Cars,Regular,Rear-Wheel Drive,18.3116666666667,Mercury,Automatic 4-spd,8.0,4.6
2286,Large Cars,Regular,Rear-Wheel Drive,18.3116666666667,Lincoln,Automatic 4-spd,8.0,4.6
2287,Large Cars,Premium,Rear-Wheel Drive,18.3116666666667,Mercedes-Benz,Automatic 5-spd,6.0,3.2
2288,Large Cars,Premium,Rear-Wheel Drive,18.3116666666667,Mercedes-Benz,Automatic 5-spd,6.0,3.2
2289,Large Cars,Diesel,Rear-Wheel Drive,18.1992857142857,Mercedes-Benz,Automatic 4-spd,6.0,3.5
2290,Large Cars,Premium,Rear-Wheel Drive,20.600625,Mercedes-Benz,Automatic 4-spd,8.0,4.2
2291,Subcompact Cars,Regular,Front-Wheel Drive,10.987,Nissan,Manual 5-spd,4.0,1.6
2292,Large Cars,Premium,Rear-Wheel Drive,21.974,Mercedes-Benz,Automatic 4-spd,8.0,5.0
2293,Large Cars,Premium,Rear-Wheel Drive,25.3546153846154,Mercedes-Benz,Automatic 4-spd,12.0,6.0
2294,Large Cars,Regular,Front-Wheel Drive,16.4805,Oldsmobile,Automatic 4-spd,6.0,3.8
2295,Large Cars,Regular,Front-Wheel Drive,16.4805,Oldsmobile,Automatic 4-spd,6.0,3.8
2296,Large Cars,Regular,Front-Wheel Drive,16.4805,Pontiac,Automatic 4-spd,6.0,3.8
2297,Large Cars,Premium,Front-Wheel Drive,18.3116666666667,Pontiac,Automatic 4-spd,6.0,3.8
2298,Large Cars,Premium,Rear-Wheel Drive,29.9645454545455,Rolls-Royce,Automatic 4-spd,8.0,6.8
2299,Large Cars,Regular,Front-Wheel Drive,17.3478947368421,Saab,Automatic 4-spd,4.0,2.3
2300,Large Cars,Regular,Front-Wheel Drive,18.3116666666667,Saab,Automatic 4-spd,4.0,2.3
2301,Large Cars,Premium,Front-Wheel Drive,15.6957142857143,Saab,Manual 5-spd,4.0,2.3
2302,Subcompact Cars,Regular,Front-Wheel Drive,11.3658620689655,Nissan,Manual 5-spd,4.0,1.6
2303,Large Cars,Regular,Front-Wheel Drive,15.6957142857143,Saab,Manual 5-spd,4.0,2.3
2304,Large Cars,Regular,Front-Wheel Drive,15.6957142857143,Saab,Manual 5-spd,4.0,2.3
2305,Large Cars,Regular,Front-Wheel Drive,17.3478947368421,Saab,Automatic 4-spd,6.0,3.0
2306,Large Cars,Regular,Front-Wheel Drive,15.6957142857143,Toyota,Automatic 4-spd,6.0,3.0
2307,Small Station Wagons,Regular,4-Wheel or All-Wheel Drive,18.3116666666667,Audi,Automatic 4-spd,6.0,2.8
2308,Small Station Wagons,Regular,Front-Wheel Drive,17.3478947368421,Audi,Automatic 4-spd,6.0,2.8
2309,Small Station Wagons,Premium,4-Wheel or All-Wheel Drive,18.3116666666667,Audi,Manual 5-spd,5.0,2.2
2310,Small Station Wagons,Premium,Rear-Wheel Drive,17.3478947368421,BMW,Automatic 4-spd,6.0,2.5
2311,Small Station Wagons,Premium,Rear-Wheel Drive,18.3116666666667,BMW,Automatic 5-spd,8.0,3.0
2312,Small Station Wagons,Regular,Front-Wheel Drive,12.6773076923077,Ford,Automatic 4-spd,4.0,1.9
2313,Subcompact Cars,Diesel,Front-Wheel Drive,9.554625,Nissan,Manual 4-spd,4.0,1.7
2314,Small Station Wagons,Regular,Front-Wheel Drive,11.3658620689655,Ford,Manual 5-spd,4.0,1.9
2315,Small Station Wagons,Regular,Front-Wheel Drive,15.6957142857143,Honda,Automatic 4-spd,4.0,2.2
2316,Small Station Wagons,Regular,Front-Wheel Drive,14.3308695652174,Honda,Automatic 4-spd,4.0,2.2
2317,Small Station Wagons,Regular,Front-Wheel Drive,14.3308695652174,Honda,Manual 5-spd,4.0,2.2
2318,Small Station Wagons,Regular,Front-Wheel Drive,13.73375,Honda,Manual 5-spd,4.0,2.2
2319,Small Station Wagons,Regular,Front-Wheel Drive,12.6773076923077,Mercury,Automatic 4-spd,4.0,1.9
2320,Small Station Wagons,Regular,Front-Wheel Drive,11.3658620689655,Mercury,Manual 5-spd,4.0,1.9
2321,Small Station Wagons,Regular,Front-Wheel Drive,12.2077777777778,Saturn,Automatic 4-spd,4.0,1.9
2322,Small Station Wagons,Regular,Front-Wheel Drive,13.1844,Saturn,Automatic 4-spd,4.0,1.9
2323,Small Station Wagons,Regular,Front-Wheel Drive,11.7717857142857,Saturn,Manual 5-spd,4.0,1.9
2324,Subcompact Cars,Regular,Rear-Wheel Drive,14.9822727272727,Nissan,Manual 5-spd,4.0,1.8
2325,Small Station Wagons,Regular,Front-Wheel Drive,12.6773076923077,Saturn,Manual 5-spd,4.0,1.9
2326,Small Station Wagons,Regular,Front-Wheel Drive,14.3308695652174,Subaru,Automatic 4-spd,4.0,1.8
2327,Small Station Wagons,Regular,Front-Wheel Drive,13.73375,Subaru,Manual 5-spd,4.0,1.8
2328,Small Station Wagons,Regular,4-Wheel or All-Wheel Drive,14.9822727272727,Subaru,Automatic 4-spd,4.0,1.8
2329,Small Station Wagons,Regular,4-Wheel or All-Wheel Drive,14.9822727272727,Subaru,Manual 5-spd,4.0,1.8
2330,Small Station Wagons,Regular,4-Wheel or All-Wheel Drive,14.9822727272727,Subaru,Automatic 4-spd,4.0,2.2
2331,Small Station Wagons,Regular,Front-Wheel Drive,12.6773076923077,Toyota,Automatic 4-spd,4.0,1.8
2332,Small Station Wagons,Regular,Front-Wheel Drive,12.2077777777778,Toyota,Manual 5-spd,4.0,1.8
2333,Small Station Wagons,Regular,Rear-Wheel Drive,18.3116666666667,Volvo,Automatic 4-spd,6.0,2.9
2334,Midsize-Large Station Wagons,Regular,Front-Wheel Drive,16.4805,Buick,Automatic 4-spd,6.0,3.1
2335,Subcompact Cars,Regular,Front-Wheel Drive,15.6957142857143,Dodge,Automatic 3-spd,4.0,2.2
2336,Subcompact Cars,Regular,Rear-Wheel Drive,14.9822727272727,Nissan,Manual 5-spd,4.0,2.0
2337,Midsize-Large Station Wagons,Regular,Front-Wheel Drive,16.4805,Buick,Automatic 4-spd,6.0,3.1
2338,Midsize-Large Station Wagons,Regular,Front-Wheel Drive,14.3308695652174,Eagle,Automatic 4-spd,4.0,1.8
2339,Midsize-Large Station Wagons,Regular,Front-Wheel Drive,14.3308695652174,Eagle,Manual 5-spd,4.0,1.8
2340,Midsize-Large Station Wagons,Regular,4-Wheel or All-Wheel Drive,18.3116666666667,Eagle,Automatic 4-spd,4.0,2.4
2341,Midsize-Large Station Wagons,Regular,Front-Wheel Drive,16.4805,Eagle,Automatic 4-spd,4.0,2.4
2342,Midsize-Large Station Wagons,Regular,4-Wheel or All-Wheel Drive,16.4805,Eagle,Manual 5-spd,4.0,2.4
2343,Midsize-Large Station Wagons,Regular,Front-Wheel Drive,14.9822727272727,Eagle,Manual 5-spd,4.0,2.4
2344,Midsize-Large Station Wagons,Regular,Front-Wheel Drive,15.6957142857143,Ford,Automatic 4-spd,6.0,3.0
2345,Midsize-Large Station Wagons,Regular,Front-Wheel Drive,17.3478947368421,Ford,Automatic 4-spd,6.0,3.8
2346,Midsize-Large Station Wagons,Regular,Front-Wheel Drive,16.4805,Honda,Automatic 4-spd,4.0,2.2
2347,Subcompact Cars,Regular,Rear-Wheel Drive,18.3116666666667,Nissan,Manual 5-spd,6.0,3.0
2348,Midsize-Large Station Wagons,Regular,Front-Wheel Drive,15.6957142857143,Mercury,Automatic 4-spd,6.0,3.0
2349,Midsize-Large Station Wagons,Regular,Front-Wheel Drive,17.3478947368421,Mercury,Automatic 4-spd,6.0,3.8
2350,Midsize-Large Station Wagons,Premium,Rear-Wheel Drive,18.3116666666667,Mercedes-Benz,Automatic 4-spd,6.0,3.2
2351,Midsize-Large Station Wagons,Regular,4-Wheel or All-Wheel Drive,18.3116666666667,Mitsubishi,Automatic 4-spd,4.0,2.4
2352,Midsize-Large Station Wagons,Regular,Front-Wheel Drive,16.4805,Mitsubishi,Automatic 4-spd,4.0,2.4
2353,Midsize-Large Station Wagons,Regular,4-Wheel or All-Wheel Drive,16.4805,Mitsubishi,Manual 5-spd,4.0,2.4
2354,Midsize-Large Station Wagons,Regular,Front-Wheel Drive,14.9822727272727,Mitsubishi,Manual 5-spd,4.0,2.4
2355,Midsize-Large Station Wagons,Regular,Front-Wheel Drive,16.4805,Mitsubishi,Automatic 4-spd,4.0,2.4
2356,Midsize-Large Station Wagons,Regular,Front-Wheel Drive,14.9822727272727,Mitsubishi,Manual 5-spd,4.0,2.4
2357,Midsize-Large Station Wagons,Regular,Front-Wheel Drive,16.4805,Oldsmobile,Automatic 4-spd,6.0,3.1
2358,Subcompact Cars,Regular,Front-Wheel Drive,16.4805,Dodge,Automatic 3-spd,4.0,2.2
2359,Midsize-Large Station Wagons,Regular,Front-Wheel Drive,16.4805,Oldsmobile,Automatic 4-spd,6.0,3.1
2360,Midsize-Large Station Wagons,Regular,Front-Wheel Drive,14.3308695652174,Subaru,Automatic 4-spd,4.0,2.2
2361,Midsize-Large Station Wagons,Regular,Front-Wheel Drive,13.73375,Subaru,Manual 5-spd,4.0,2.2
2362,Midsize-Large Station Wagons,Regular,4-Wheel or All-Wheel Drive,14.9822727272727,Subaru,Automatic 4-spd,4.0,2.2
2363,Midsize-Large Station Wagons,Regular,4-Wheel or All-Wheel Drive,15.6957142857143,Subaru,Manual 5-spd,4.0,2.2
2364,Midsize-Large Station Wagons,Regular,Front-Wheel Drive,15.6957142857143,Toyota,Automatic 4-spd,4.0,2.2
2365,Midsize-Large Station Wagons,Regular,Front-Wheel Drive,15.6957142857143,Toyota,Automatic 4-spd,6.0,3.0
2366,Midsize-Large Station Wagons,Regular,Front-Wheel Drive,18.3116666666667,Volkswagen,Automatic 4-spd,6.0,2.8
2367,Midsize-Large Station Wagons,Regular,Front-Wheel Drive,17.3478947368421,Volkswagen,Manual 5-spd,6.0,2.8
2368,Midsize-Large Station Wagons,Regular,Front-Wheel Drive,17.3478947368421,Volvo,Automatic 4-spd,5.0,2.3
2369,Subcompact Cars,Regular,Front-Wheel Drive,13.1844,Dodge,Manual 5-spd,4.0,2.2
2370,Midsize-Large Station Wagons,Regular,Front-Wheel Drive,15.6957142857143,Volvo,Automatic 4-spd,5.0,2.4
2371,Midsize-Large Station Wagons,Regular,Front-Wheel Drive,15.6957142857143,Volvo,Manual 5-spd,5.0,2.4
2372,Midsize-Large Station Wagons,Regular,Rear-Wheel Drive,17.3478947368421,Volvo,Automatic 4-spd,4.0,2.3
2373,Midsize-Large Station Wagons,Regular,Rear-Wheel Drive,18.3116666666667,Buick,Automatic 4-spd,8.0,5.7
2374,Midsize-Large Station Wagons,Regular,Rear-Wheel Drive,18.3116666666667,Chevrolet,Automatic 4-spd,8.0,5.7
2375,Small Pickup Trucks,Regular,Rear-Wheel Drive,16.4805,Chevrolet,Automatic 4-spd,4.0,2.2
2376,Small Pickup Trucks,Regular,Rear-Wheel Drive,14.3308695652174,Chevrolet,Manual 5-spd,4.0,2.2
2377,Small Pickup Trucks,Regular,Rear-Wheel Drive,18.3116666666667,Chevrolet,Automatic 4-spd,6.0,4.3
2378,Small Pickup Trucks,Premium,Rear-Wheel Drive,19.3888235294118,Chevrolet,Automatic 4-spd,6.0,4.3
2379,Small Pickup Trucks,Regular,Rear-Wheel Drive,18.3116666666667,Chevrolet,Manual 5-spd,6.0,4.3
2380,Subcompact Cars,Premium,Front-Wheel Drive,15.6957142857143,Dodge,Manual 5-spd,4.0,2.2
2381,Small Pickup Trucks,Regular,Rear-Wheel Drive,16.4805,Nissan,Automatic 4-spd,4.0,2.4
2382,Small Pickup Trucks,Regular,Rear-Wheel Drive,15.6957142857143,Nissan,Manual 5-spd,4.0,2.4
2383,Small Pickup Trucks,Regular,Rear-Wheel Drive,19.3888235294118,Nissan,Automatic 4-spd,6.0,3.0
2384,Small Pickup Trucks,Regular,Rear-Wheel Drive,18.3116666666667,Nissan,Manual 5-spd,6.0,3.0
2385,Small Pickup Trucks,Regular,Rear-Wheel Drive,16.4805,GMC,Automatic 4-spd,4.0,2.2
2386,Small Pickup Trucks,Regular,Rear-Wheel Drive,14.3308695652174,GMC,Manual 5-spd,4.0,2.2
2387,Small Pickup Trucks,Premium,Rear-Wheel Drive,19.3888235294118,GMC,Automatic 4-spd,6.0,4.3
2388,Small Pickup Trucks,Regular,Rear-Wheel Drive,18.3116666666667,GMC,Automatic 4-spd,6.0,4.3
2389,Small Pickup Trucks,Regular,Rear-Wheel Drive,18.3116666666667,GMC,Manual 5-spd,6.0,4.3
2390,Small Pickup Trucks,Regular,Rear-Wheel Drive,15.6957142857143,Isuzu,Manual 5-spd,4.0,2.3
2391,Subcompact Cars,Regular,Front-Wheel Drive,12.2077777777778,Dodge,Automatic 3-spd,4.0,1.5
2392,Small Pickup Trucks,Regular,Rear-Wheel Drive,18.3116666666667,Mitsubishi,Automatic 4-spd,4.0,2.4
2393,Small Pickup Trucks,Regular,Rear-Wheel Drive,16.4805,Mitsubishi,Manual 5-spd,4.0,2.4
2394,Small Pickup Trucks,Regular,4-Wheel or All-Wheel Drive,19.3888235294118,Mitsubishi,Manual 5-spd,6.0,3.0
2395,Small Pickup Trucks,Regular,Rear-Wheel Drive,15.6957142857143,Toyota,Automatic 4-spd,4.0,2.4
2396,Small Pickup Trucks,Regular,Rear-Wheel Drive,14.9822727272727,Toyota,Manual 5-spd,4.0,2.4
2397,Small Pickup Trucks,Regular,Rear-Wheel Drive,18.3116666666667,Toyota,Automatic 4-spd,6.0,3.4
2398,Small Pickup Trucks,Regular,Rear-Wheel Drive,17.3478947368421,Toyota,Manual 5-spd,6.0,3.4
2399,Standard Pickup Trucks,Regular,Rear-Wheel Drive,19.3888235294118,Chevrolet,Automatic 4-spd,6.0,4.3
2400,Standard Pickup Trucks,Regular,Rear-Wheel Drive,20.600625,Chevrolet,Manual 5-spd,6.0,4.3
2401,Standard Pickup Trucks,Regular,Rear-Wheel Drive,19.3888235294118,Chevrolet,Manual 5-spd,6.0,4.3
2402,Subcompact Cars,Regular,Front-Wheel Drive,9.98818181818182,Dodge,Manual 4-spd,4.0,1.5
2403,Standard Pickup Trucks,Regular,Rear-Wheel Drive,23.5435714285714,Chevrolet,Automatic 4-spd,8.0,5.0
2404,Standard Pickup Trucks,Regular,Rear-Wheel Drive,23.5435714285714,Chevrolet,Manual 5-spd,8.0,5.0
2405,Standard Pickup Trucks,Regular,Rear-Wheel Drive,23.5435714285714,Chevrolet,Manual 5-spd,8.0,5.7
2406,Standard Pickup Trucks,Regular,Rear-Wheel Drive,23.5435714285714,Chevrolet,Manual 5-spd,8.0,5.7
2407,Standard Pickup Trucks,Diesel,Rear-Wheel Drive,22.4814705882353,Chevrolet,Automatic 4-spd,8.0,6.5
2408,Standard Pickup Trucks,Diesel,Rear-Wheel Drive,22.4814705882353,Chevrolet,Automatic 4-spd,8.0,6.5
2409,Standard Pickup Trucks,Diesel,Rear-Wheel Drive,20.115,Chevrolet,Manual 5-spd,8.0,6.5
2410,Standard Pickup Trucks,Regular,Rear-Wheel Drive,20.600625,Chevrolet,Automatic 4-spd,6.0,4.3
2411,Standard Pickup Trucks,Regular,Rear-Wheel Drive,20.600625,Chevrolet,Manual 5-spd,6.0,4.3
2412,Standard Pickup Trucks,Regular,Rear-Wheel Drive,19.3888235294118,Chevrolet,Manual 5-spd,6.0,4.3
2413,Subcompact Cars,Regular,Front-Wheel Drive,15.6957142857143,Dodge,Automatic 3-spd,4.0,2.2
2414,Standard Pickup Trucks,Regular,Rear-Wheel Drive,23.5435714285714,Chevrolet,Automatic 4-spd,8.0,5.0
2415,Standard Pickup Trucks,Regular,Rear-Wheel Drive,23.5435714285714,Chevrolet,Manual 5-spd,8.0,5.0
2416,Standard Pickup Trucks,Regular,Rear-Wheel Drive,25.3546153846154,Chevrolet,Manual 5-spd,8.0,5.7
2417,Standard Pickup Trucks,Regular,Rear-Wheel Drive,23.5435714285714,Chevrolet,Manual 5-spd,8.0,5.7
2418,Standard Pickup Trucks,Diesel,Rear-Wheel Drive,25.479,Chevrolet,Automatic 4-spd,8.0,6.5
2419,Standard Pickup Trucks,Diesel,Rear-Wheel Drive,22.4814705882353,Chevrolet,Automatic 4-spd,8.0,6.5
2420,Standard Pickup Trucks,Diesel,Rear-Wheel Drive,20.115,Chevrolet,Manual 5-spd,8.0,6.5
2421,Standard Pickup Trucks,Regular,Rear-Wheel Drive,14.9822727272727,Dodge,Manual 5-spd,4.0,2.5
2422,Standard Pickup Trucks,Regular,Rear-Wheel Drive,20.600625,Dodge,Automatic 4-spd,6.0,3.9
2423,Standard Pickup Trucks,Regular,Rear-Wheel Drive,19.3888235294118,Dodge,Manual 5-spd,6.0,3.9
2424,Subcompact Cars,Premium,Front-Wheel Drive,17.3478947368421,Dodge,Automatic 3-spd,4.0,2.2
2425,Standard Pickup Trucks,Regular,Rear-Wheel Drive,23.5435714285714,Dodge,Automatic 4-spd,8.0,5.2
2426,Standard Pickup Trucks,Regular,Rear-Wheel Drive,21.974,Dodge,Manual 5-spd,8.0,5.2
2427,Standard Pickup Trucks,Regular,Rear-Wheel Drive,21.974,Dodge,Automatic 4-spd,6.0,3.9
2428,Standard Pickup Trucks,Regular,Rear-Wheel Drive,20.600625,Dodge,Manual 5-spd,6.0,3.9
2429,Standard Pickup Trucks,Regular,Rear-Wheel Drive,23.5435714285714,Dodge,Automatic 4-spd,8.0,5.2
2430,Standard Pickup Trucks,Regular,Rear-Wheel Drive,23.5435714285714,Dodge,Manual 5-spd,8.0,5.2
2431,Standard Pickup Trucks,Regular,Rear-Wheel Drive,27.4675,Dodge,Automatic 4-spd,8.0,5.9
2432,Standard Pickup Trucks,Regular,Rear-Wheel Drive,25.3546153846154,Dodge,Automatic 4-spd,8.0,5.2
2433,Standard Pickup Trucks,Regular,Rear-Wheel Drive,25.3546153846154,Dodge,Manual 5-spd,8.0,5.2
2434,Standard Pickup Trucks,Regular,Rear-Wheel Drive,27.4675,Dodge,Automatic 4-spd,8.0,5.9
2435,Subcompact Cars,Regular,Front-Wheel Drive,13.73375,Dodge,Manual 5-spd,4.0,2.2
2436,Standard Pickup Trucks,Regular,Rear-Wheel Drive,25.3546153846154,Dodge,Manual 5-spd,8.0,5.9
2437,Standard Pickup Trucks,Regular,Rear-Wheel Drive,21.974,Ford,Automatic 4-spd,6.0,4.9
2438,Standard Pickup Trucks,Regular,Rear-Wheel Drive,21.974,Ford,Manual 5-spd,6.0,4.9
2439,Standard Pickup Trucks,Regular,Rear-Wheel Drive,21.974,Ford,Manual 5-spd,8.0,5.0
2440,Standard Pickup Trucks,Regular,Rear-Wheel Drive,25.3546153846154,Ford,Automatic 4-spd,8.0,5.8
2441,Standard Pickup Trucks,Regular,Rear-Wheel Drive,23.5435714285714,Ford,Automatic 4-spd,6.0,4.9
2442,Standard Pickup Trucks,Regular,Rear-Wheel Drive,23.5435714285714,Ford,Manual 5-spd,6.0,4.9
2443,Standard Pickup Trucks,Regular,Rear-Wheel Drive,23.5435714285714,Ford,Automatic 4-spd,8.0,5.0
2444,Standard Pickup Trucks,Regular,Rear-Wheel Drive,23.5435714285714,Ford,Manual 5-spd,8.0,5.0
2445,Standard Pickup Trucks,Regular,Rear-Wheel Drive,25.3546153846154,Ford,Automatic 4-spd,8.0,5.8
2446,Subcompact Cars,Regular,Front-Wheel Drive,17.3478947368421,Dodge,Automatic 3-spd,4.0,2.6
2447,Subcompact Cars,Regular,Front-Wheel Drive,15.6957142857143,Dodge,Automatic 3-spd,4.0,2.2
2448,Standard Pickup Trucks,Regular,Rear-Wheel Drive,27.4675,Ford,Automatic 4-spd,8.0,5.8
2449,Standard Pickup Trucks,Regular,Rear-Wheel Drive,16.4805,Ford,Automatic 4-spd,4.0,2.3
2450,Standard Pickup Trucks,Regular,Rear-Wheel Drive,14.9822727272727,Ford,Manual 5-spd,4.0,2.3
2451,Standard Pickup Trucks,Regular,Rear-Wheel Drive,18.3116666666667,Ford,Automatic 4-spd,6.0,3.0
2452,Standard Pickup Trucks,Regular,Rear-Wheel Drive,17.3478947368421,Ford,Manual 5-spd,6.0,3.0
2453,Standard Pickup Trucks,Regular,Rear-Wheel Drive,19.3888235294118,Ford,Automatic 4-spd,6.0,4.0
2454,Standard Pickup Trucks,Regular,Rear-Wheel Drive,17.3478947368421,Ford,Manual 5-spd,6.0,4.0
2455,Standard Pickup Trucks,Regular,Rear-Wheel Drive,19.3888235294118,GMC,Automatic 4-spd,6.0,4.3
2456,Standard Pickup Trucks,Regular,Rear-Wheel Drive,19.3888235294118,GMC,Manual 5-spd,6.0,4.3
2457,Standard Pickup Trucks,Regular,Rear-Wheel Drive,19.3888235294118,GMC,Manual 5-spd,6.0,4.3
2458,Subcompact Cars,Premium,Front-Wheel Drive,17.3478947368421,Dodge,Automatic 3-spd,4.0,2.2
2459,Standard Pickup Trucks,Regular,Rear-Wheel Drive,23.5435714285714,GMC,Automatic 4-spd,8.0,5.0
2460,Standard Pickup Trucks,Regular,Rear-Wheel Drive,23.5435714285714,GMC,Manual 5-spd,8.0,5.0
2461,Standard Pickup Trucks,Regular,Rear-Wheel Drive,23.5435714285714,GMC,Manual 5-spd,8.0,5.7
2462,Standard Pickup Trucks,Regular,Rear-Wheel Drive,23.5435714285714,GMC,Manual 5-spd,8.0,5.7
2463,Standard Pickup Trucks,Diesel,Rear-Wheel Drive,22.4814705882353,GMC,Automatic 4-spd,8.0,6.5
2464,Standard Pickup Trucks,Diesel,Rear-Wheel Drive,22.4814705882353,GMC,Automatic 4-spd,8.0,6.5
2465,Standard Pickup Trucks,Diesel,Rear-Wheel Drive,20.115,GMC,Manual 5-spd,8.0,6.5
2466,Standard Pickup Trucks,Regular,Rear-Wheel Drive,20.600625,GMC,Automatic 4-spd,6.0,4.3
2467,Standard Pickup Trucks,Regular,Rear-Wheel Drive,20.600625,GMC,Manual 5-spd,6.0,4.3
2468,Standard Pickup Trucks,Regular,Rear-Wheel Drive,19.3888235294118,GMC,Manual 5-spd,6.0,4.3
2469,Subcompact Cars,Regular,Front-Wheel Drive,17.3478947368421,Dodge,Automatic 3-spd,4.0,2.6
2470,Standard Pickup Trucks,Regular,Rear-Wheel Drive,23.5435714285714,GMC,Automatic 4-spd,8.0,5.0
2471,Standard Pickup Trucks,Regular,Rear-Wheel Drive,23.5435714285714,GMC,Manual 5-spd,8.0,5.0
2472,Standard Pickup Trucks,Regular,Rear-Wheel Drive,25.3546153846154,GMC,Manual 5-spd,8.0,5.7
2473,Standard Pickup Trucks,Regular,Rear-Wheel Drive,23.5435714285714,GMC,Manual 5-spd,8.0,5.7
2474,Standard Pickup Trucks,Diesel,Rear-Wheel Drive,22.4814705882353,GMC,Automatic 4-spd,8.0,6.5
2475,Standard Pickup Trucks,Diesel,Rear-Wheel Drive,23.8865625,GMC,Automatic 4-spd,8.0,6.5
2476,Standard Pickup Trucks,Diesel,Rear-Wheel Drive,20.115,GMC,Manual 5-spd,8.0,6.5
2477,Standard Pickup Trucks,Regular,Rear-Wheel Drive,16.4805,Mazda,Automatic 4-spd,4.0,2.3
2478,Standard Pickup Trucks,Regular,Rear-Wheel Drive,14.9822727272727,Mazda,Manual 5-spd,4.0,2.3
2479,Standard Pickup Trucks,Regular,Rear-Wheel Drive,18.3116666666667,Mazda,Automatic 4-spd,6.0,3.0
2480,Subcompact Cars,Regular,Rear-Wheel Drive,16.4805,Ford,Automatic 3-spd,4.0,2.3
2481,Standard Pickup Trucks,Regular,Rear-Wheel Drive,17.3478947368421,Mazda,Manual 5-spd,6.0,3.0
2482,Standard Pickup Trucks,Regular,Rear-Wheel Drive,19.3888235294118,Mazda,Automatic 4-spd,6.0,4.0
2483,Standard Pickup Trucks,Regular,Rear-Wheel Drive,17.3478947368421,Mazda,Manual 5-spd,6.0,4.0
2484,Standard Pickup Trucks,Regular,Rear-Wheel Drive,17.3478947368421,Toyota,Automatic 4-spd,4.0,2.7
2485,Standard Pickup Trucks,Regular,Rear-Wheel Drive,16.4805,Toyota,Manual 5-spd,4.0,2.7
2486,Standard Pickup Trucks,Regular,Rear-Wheel Drive,19.3888235294118,Toyota,Automatic 4-spd,6.0,3.4
2487,Standard Pickup Trucks,Regular,Rear-Wheel Drive,18.3116666666667,Toyota,Manual 5-spd,6.0,3.4
2488,Standard Pickup Trucks,Regular,Rear-Wheel Drive,15.6957142857143,Toyota,Automatic 4-spd,4.0,2.4
2489,Standard Pickup Trucks,Regular,Rear-Wheel Drive,14.9822727272727,Toyota,Manual 5-spd,4.0,2.4
2490,Standard Pickup Trucks,Regular,Rear-Wheel Drive,18.3116666666667,Toyota,Automatic 4-spd,6.0,3.0
2491,Subcompact Cars,Regular,Rear-Wheel Drive,14.3308695652174,Ford,Manual 4-spd,4.0,2.3
2492,Standard Pickup Trucks,Regular,Rear-Wheel Drive,18.3116666666667,Toyota,Manual 5-spd,6.0,3.0
2493,Standard Pickup Trucks,Regular,4-Wheel or All-Wheel Drive,21.974,Chevrolet,Automatic 4-spd,6.0,4.3
2494,Standard Pickup Trucks,Regular,4-Wheel or All-Wheel Drive,21.974,Chevrolet,Manual 5-spd,6.0,4.3
2495,Standard Pickup Trucks,Regular,4-Wheel or All-Wheel Drive,21.974,Chevrolet,Manual 5-spd,6.0,4.3
2496,Standard Pickup Trucks,Regular,4-Wheel or All-Wheel Drive,25.3546153846154,Chevrolet,Automatic 4-spd,8.0,5.0
2497,Standard Pickup Trucks,Regular,4-Wheel or All-Wheel Drive,25.3546153846154,Chevrolet,Manual 5-spd,8.0,5.0
2498,Standard Pickup Trucks,Regular,4-Wheel or All-Wheel Drive,25.3546153846154,Chevrolet,Automatic 4-spd,8.0,5.7
2499,Standard Pickup Trucks,Regular,4-Wheel or All-Wheel Drive,25.3546153846154,Chevrolet,Manual 5-spd,8.0,5.7
2500,Standard Pickup Trucks,Regular,4-Wheel or All-Wheel Drive,25.3546153846154,Chevrolet,Manual 5-spd,8.0,5.7
2501,Standard Pickup Trucks,Diesel,4-Wheel or All-Wheel Drive,23.8865625,Chevrolet,Automatic 4-spd,8.0,6.5
2502,Subcompact Cars,Regular,Rear-Wheel Drive,17.3478947368421,Ford,Manual 5-spd,4.0,2.3
2503,Standard Pickup Trucks,Diesel,4-Wheel or All-Wheel Drive,25.479,Chevrolet,Automatic 4-spd,8.0,6.5
2504,Standard Pickup Trucks,Diesel,4-Wheel or All-Wheel Drive,23.8865625,Chevrolet,Manual 5-spd,8.0,6.5
2505,Standard Pickup Trucks,Regular,4-Wheel or All-Wheel Drive,23.5435714285714,Chevrolet,Automatic 4-spd,6.0,4.3
2506,Standard Pickup Trucks,Regular,4-Wheel or All-Wheel Drive,23.5435714285714,Chevrolet,Manual 5-spd,6.0,4.3
2507,Standard Pickup Trucks,Regular,4-Wheel or All-Wheel Drive,21.974,Chevrolet,Manual 5-spd,6.0,4.3
2508,Standard Pickup Trucks,Regular,4-Wheel or All-Wheel Drive,25.3546153846154,Chevrolet,Automatic 4-spd,8.0,5.0
2509,Standard Pickup Trucks,Regular,4-Wheel or All-Wheel Drive,25.3546153846154,Chevrolet,Manual 5-spd,8.0,5.0
2510,Standard Pickup Trucks,Regular,4-Wheel or All-Wheel Drive,25.3546153846154,Chevrolet,Automatic 4-spd,8.0,5.7
2511,Standard Pickup Trucks,Regular,4-Wheel or All-Wheel Drive,27.4675,Chevrolet,Manual 5-spd,8.0,5.7
2512,Standard Pickup Trucks,Regular,4-Wheel or All-Wheel Drive,25.3546153846154,Chevrolet,Manual 5-spd,8.0,5.7
2513,Subcompact Cars,Regular,Rear-Wheel Drive,18.3116666666667,Ford,Automatic 3-spd,6.0,3.8
2514,Standard Pickup Trucks,Diesel,4-Wheel or All-Wheel Drive,23.8865625,Chevrolet,Automatic 4-spd,8.0,6.5
2515,Standard Pickup Trucks,Diesel,4-Wheel or All-Wheel Drive,27.2989285714286,Chevrolet,Automatic 4-spd,8.0,6.5
2516,Standard Pickup Trucks,Diesel,4-Wheel or All-Wheel Drive,23.8865625,Chevrolet,Manual 5-spd,8.0,6.5
2517,Standard Pickup Trucks,Premium,4-Wheel or All-Wheel Drive,19.3888235294118,Chevrolet,Automatic 4-spd,6.0,4.3
2518,Standard Pickup Trucks,Regular,4-Wheel or All-Wheel Drive,19.3888235294118,Chevrolet,Automatic 4-spd,6.0,4.3
2519,Standard Pickup Trucks,Regular,4-Wheel or All-Wheel Drive,20.600625,Chevrolet,Manual 5-spd,6.0,4.3
2520,Standard Pickup Trucks,Premium,4-Wheel or All-Wheel Drive,19.3888235294118,Chevrolet,Manual 5-spd,6.0,5.2
2521,Standard Pickup Trucks,Regular,4-Wheel or All-Wheel Drive,19.3888235294118,Nissan,Manual 5-spd,4.0,2.4
2522,Standard Pickup Trucks,Regular,4-Wheel or All-Wheel Drive,21.974,Nissan,Automatic 4-spd,6.0,3.0
2523,Standard Pickup Trucks,Regular,4-Wheel or All-Wheel Drive,21.974,Nissan,Manual 5-spd,6.0,3.0
2524,Subcompact Cars,Regular,Front-Wheel Drive,13.73375,Honda,Automatic 4-spd,4.0,1.8
2525,Standard Pickup Trucks,Regular,4-Wheel or All-Wheel Drive,21.974,Dodge,Automatic 4-spd,6.0,3.9
2526,Standard Pickup Trucks,Regular,4-Wheel or All-Wheel Drive,21.974,Dodge,Manual 5-spd,6.0,3.9
2527,Standard Pickup Trucks,Regular,4-Wheel or All-Wheel Drive,23.5435714285714,Dodge,Automatic 4-spd,8.0,5.2
2528,Standard Pickup Trucks,Regular,4-Wheel or All-Wheel Drive,25.3546153846154,Dodge,Manual 5-spd,8.0,5.2
2529,Standard Pickup Trucks,Regular,4-Wheel or All-Wheel Drive,27.4675,Dodge,Automatic 4-spd,8.0,5.2
2530,Standard Pickup Trucks,Regular,4-Wheel or All-Wheel Drive,25.3546153846154,Dodge,Manual 5-spd,8.0,5.2
2531,Standard Pickup Trucks,Regular,4-Wheel or All-Wheel Drive,27.4675,Dodge,Automatic 4-spd,8.0,5.9
2532,Standard Pickup Trucks,Regular,4-Wheel or All-Wheel Drive,27.4675,Dodge,Automatic 4-spd,8.0,5.2
2533,Standard Pickup Trucks,Regular,4-Wheel or All-Wheel Drive,25.3546153846154,Dodge,Manual 5-spd,8.0,5.2
2534,Standard Pickup Trucks,Regular,4-Wheel or All-Wheel Drive,27.4675,Dodge,Automatic 4-spd,8.0,5.9
2535,Subcompact Cars,Regular,Front-Wheel Drive,13.73375,Honda,Automatic 4-spd,4.0,1.8
2536,Standard Pickup Trucks,Regular,4-Wheel or All-Wheel Drive,27.4675,Dodge,Manual 5-spd,8.0,5.9
2537,Standard Pickup Trucks,Regular,4-Wheel or All-Wheel Drive,21.974,Ford,Automatic 4-spd,6.0,4.9
2538,Standard Pickup Trucks,Regular,4-Wheel or All-Wheel Drive,21.974,Ford,Manual 5-spd,6.0,4.9
2539,Standard Pickup Trucks,Regular,4-Wheel or All-Wheel Drive,23.5435714285714,Ford,Automatic 4-spd,8.0,5.0
2540,Standard Pickup Trucks,Regular,4-Wheel or All-Wheel Drive,23.5435714285714,Ford,Automatic 4-spd,8.0,5.0
2541,Standard Pickup Trucks,Regular,4-Wheel or All-Wheel Drive,23.5435714285714,Ford,Manual 5-spd,8.0,5.0
2542,Standard Pickup Trucks,Regular,4-Wheel or All-Wheel Drive,25.3546153846154,Ford,Automatic 4-spd,8.0,5.8
2543,Standard Pickup Trucks,Regular,4-Wheel or All-Wheel Drive,15.6957142857143,Ford,Manual 5-spd,4.0,2.3
2544,Standard Pickup Trucks,Regular,4-Wheel or All-Wheel Drive,19.3888235294118,Ford,Automatic 4-spd,6.0,3.0
2545,Standard Pickup Trucks,Regular,4-Wheel or All-Wheel Drive,18.3116666666667,Ford,Manual 5-spd,6.0,3.0
2546,Subcompact Cars,Regular,Front-Wheel Drive,13.73375,Honda,Manual 5-spd,4.0,1.8
2547,Standard Pickup Trucks,Regular,4-Wheel or All-Wheel Drive,20.600625,Ford,Automatic 4-spd,6.0,4.0
2548,Standard Pickup Trucks,Regular,4-Wheel or All-Wheel Drive,19.3888235294118,Ford,Manual 5-spd,6.0,4.0
2549,Standard Pickup Trucks,Regular,4-Wheel or All-Wheel Drive,21.974,GMC,Automatic 4-spd,6.0,4.3
2550,Standard Pickup Trucks,Regular,4-Wheel or All-Wheel Drive,21.974,GMC,Manual 5-spd,6.0,4.3
2551,Standard Pickup Trucks,Regular,4-Wheel or All-Wheel Drive,21.974,GMC,Manual 5-spd,6.0,4.3
2552,Standard Pickup Trucks,Regular,4-Wheel or All-Wheel Drive,25.3546153846154,GMC,Automatic 4-spd,8.0,5.0
2553,Standard Pickup Trucks,Regular,4-Wheel or All-Wheel Drive,25.3546153846154,GMC,Manual 5-spd,8.0,5.0
2554,Standard Pickup Trucks,Regular,4-Wheel or All-Wheel Drive,25.3546153846154,GMC,Automatic 4-spd,8.0,5.7
2555,Standard Pickup Trucks,Regular,4-Wheel or All-Wheel Drive,25.3546153846154,GMC,Manual 5-spd,8.0,5.7
2556,Standard Pickup Trucks,Regular,4-Wheel or All-Wheel Drive,25.3546153846154,GMC,Manual 5-spd,8.0,5.7
2557,Subcompact Cars,Regular,Front-Wheel Drive,12.6773076923077,Ford,Automatic 3-spd,4.0,1.5
2558,Subcompact Cars,Regular,Front-Wheel Drive,13.1844,Honda,Manual 5-spd,4.0,1.8
2559,Standard Pickup Trucks,Diesel,4-Wheel or All-Wheel Drive,25.479,GMC,Automatic 4-spd,8.0,6.5
2560,Standard Pickup Trucks,Diesel,4-Wheel or All-Wheel Drive,23.8865625,GMC,Automatic 4-spd,8.0,6.5
2561,Standard Pickup Trucks,Diesel,4-Wheel or All-Wheel Drive,25.479,GMC,Manual 5-spd,8.0,6.5
2562,Standard Pickup Trucks,Regular,4-Wheel or All-Wheel Drive,21.974,GMC,Automatic 4-spd,6.0,4.3
2563,Standard Pickup Trucks,Regular,4-Wheel or All-Wheel Drive,23.5435714285714,GMC,Manual 5-spd,6.0,4.3
2564,Standard Pickup Trucks,Regular,4-Wheel or All-Wheel Drive,21.974,GMC,Manual 5-spd,6.0,4.3
2565,Standard Pickup Trucks,Regular,4-Wheel or All-Wheel Drive,25.3546153846154,GMC,Automatic 4-spd,8.0,5.0
2566,Standard Pickup Trucks,Regular,4-Wheel or All-Wheel Drive,25.3546153846154,GMC,Manual 5-spd,8.0,5.0
2567,Standard Pickup Trucks,Regular,4-Wheel or All-Wheel Drive,27.4675,GMC,Automatic 4-spd,8.0,5.7
2568,Standard Pickup Trucks,Regular,4-Wheel or All-Wheel Drive,27.4675,GMC,Manual 5-spd,8.0,5.7
2569,Subcompact Cars,Regular,Front-Wheel Drive,14.9822727272727,Honda,Automatic 4-spd,4.0,1.8
2570,Standard Pickup Trucks,Regular,4-Wheel or All-Wheel Drive,25.3546153846154,GMC,Manual 5-spd,8.0,5.7
2571,Standard Pickup Trucks,Diesel,4-Wheel or All-Wheel Drive,27.2989285714286,GMC,Automatic 4-spd,8.0,6.5
2572,Standard Pickup Trucks,Diesel,4-Wheel or All-Wheel Drive,23.8865625,GMC,Automatic 4-spd,8.0,6.5
2573,Standard Pickup Trucks,Diesel,4-Wheel or All-Wheel Drive,25.479,GMC,Manual 5-spd,8.0,6.5
2574,Standard Pickup Trucks,Premium,4-Wheel or All-Wheel Drive,19.3888235294118,GMC,Automatic 4-spd,6.0,4.3
2575,Standard Pickup Trucks,Regular,4-Wheel or All-Wheel Drive,19.3888235294118,GMC,Automatic 4-spd,6.0,4.3
2576,Standard Pickup Trucks,Regular,4-Wheel or All-Wheel Drive,20.600625,GMC,Manual 5-spd,6.0,4.3
2577,Standard Pickup Trucks,Premium,4-Wheel or All-Wheel Drive,19.3888235294118,GMC,Manual 5-spd,6.0,5.2
2578,Standard Pickup Trucks,Regular,4-Wheel or All-Wheel Drive,20.600625,Isuzu,Manual 5-spd,4.0,2.6
2579,Standard Pickup Trucks,Regular,4-Wheel or All-Wheel Drive,15.6957142857143,Mazda,Manual 5-spd,4.0,2.3
2580,Subcompact Cars,Regular,Front-Wheel Drive,9.69441176470588,Honda,Manual 4-spd,4.0,1.3
2581,Standard Pickup Trucks,Regular,4-Wheel or All-Wheel Drive,19.3888235294118,Mazda,Automatic 4-spd,6.0,3.0
2582,Standard Pickup Trucks,Regular,4-Wheel or All-Wheel Drive,18.3116666666667,Mazda,Manual 5-spd,6.0,3.0
2583,Standard Pickup Trucks,Regular,4-Wheel or All-Wheel Drive,20.600625,Mazda,Automatic 4-spd,6.0,4.0
2584,Standard Pickup Trucks,Regular,4-Wheel or All-Wheel Drive,19.3888235294118,Mazda,Manual 5-spd,6.0,4.0
2585,Standard Pickup Trucks,Regular,4-Wheel or All-Wheel Drive,18.3116666666667,Toyota,Automatic 4-spd,4.0,2.7
2586,Standard Pickup Trucks,Regular,4-Wheel or All-Wheel Drive,18.3116666666667,Toyota,Manual 5-spd,4.0,2.7
2587,Standard Pickup Trucks,Regular,4-Wheel or All-Wheel Drive,20.600625,Toyota,Automatic 4-spd,6.0,3.4
2588,Standard Pickup Trucks,Regular,4-Wheel or All-Wheel Drive,20.600625,Toyota,Manual 5-spd,6.0,3.4
2589,Standard Pickup Trucks,Regular,4-Wheel or All-Wheel Drive,21.974,Toyota,Automatic 4-spd,6.0,3.4
2590,Standard Pickup Trucks,Regular,4-Wheel or All-Wheel Drive,20.600625,Toyota,Manual 5-spd,6.0,3.4
2591,Subcompact Cars,Regular,Front-Wheel Drive,12.2077777777778,Honda,Automatic 3-spd,4.0,1.5
2592,Standard Pickup Trucks,Regular,4-Wheel or All-Wheel Drive,19.3888235294118,Toyota,Automatic 4-spd,4.0,2.4
2593,Standard Pickup Trucks,Regular,4-Wheel or All-Wheel Drive,18.3116666666667,Toyota,Manual 5-spd,4.0,2.4
2594,Standard Pickup Trucks,Regular,4-Wheel or All-Wheel Drive,23.5435714285714,Toyota,Automatic 4-spd,6.0,3.0
2595,Standard Pickup Trucks,Regular,4-Wheel or All-Wheel Drive,21.974,Toyota,Manual 5-spd,6.0,3.0
2596,Vans,Premium,4-Wheel or All-Wheel Drive,20.600625,Chevrolet,Automatic 4-spd,6.0,4.3
2597,Vans,Premium,Rear-Wheel Drive,19.3888235294118,Chevrolet,Automatic 4-spd,6.0,4.3
2598,Vans,Regular,Rear-Wheel Drive,20.600625,Chevrolet,Automatic 4-spd,6.0,4.3
2599,Vans,Regular,Rear-Wheel Drive,23.5435714285714,Chevrolet,Automatic 4-spd,8.0,5.0
2600,Vans,Diesel,Rear-Wheel Drive,22.4814705882353,Chevrolet,Automatic 4-spd,8.0,6.5
2601,Vans,Regular,Rear-Wheel Drive,23.5435714285714,Chevrolet,Automatic 4-spd,6.0,4.3
2602,Subcompact Cars,Regular,Front-Wheel Drive,10.987,Honda,Manual 5-spd,4.0,1.5
2603,Vans,Regular,Rear-Wheel Drive,21.974,Nissan,Manual 5-spd,6.0,3.0
2604,Vans,Regular,Rear-Wheel Drive,21.974,Dodge,Automatic 3-spd,6.0,3.9
2605,Vans,Regular,Rear-Wheel Drive,27.4675,Dodge,Automatic 3-spd,8.0,5.2
2606,Vans,Regular,Rear-Wheel Drive,23.5435714285714,Dodge,Automatic 4-spd,8.0,5.2
2607,Vans,Regular,Rear-Wheel Drive,27.4675,Dodge,Automatic 4-spd,8.0,5.9
2608,Vans,Regular,Rear-Wheel Drive,23.5435714285714,Dodge,Automatic 4-spd,8.0,5.2
2609,Vans,Regular,Rear-Wheel Drive,27.4675,Dodge,Automatic 4-spd,8.0,5.9
2610,Vans,Regular,Rear-Wheel Drive,18.3116666666667,Ford,Automatic 4-spd,6.0,3.0
2611,Vans,Regular,Rear-Wheel Drive,23.5435714285714,Ford,Automatic 3-spd,6.0,4.9
2612,Vans,Regular,Rear-Wheel Drive,23.5435714285714,Ford,Automatic 4-spd,6.0,4.9
2613,Subcompact Cars,Regular,Front-Wheel Drive,13.73375,Honda,Manual 5-spd,4.0,1.8
2614,Vans,Regular,Rear-Wheel Drive,23.5435714285714,Ford,Automatic 4-spd,8.0,5.0
2615,Vans,Regular,Rear-Wheel Drive,25.3546153846154,Ford,Automatic 4-spd,8.0,5.8
2616,Vans,Regular,Rear-Wheel Drive,27.4675,Ford,Automatic 3-spd,6.0,4.9
2617,Vans,Regular,Rear-Wheel Drive,25.3546153846154,Ford,Automatic 4-spd,6.0,4.9
2618,Vans,Regular,Rear-Wheel Drive,27.4675,Ford,Automatic 4-spd,8.0,5.8
2619,Vans,Regular,Rear-Wheel Drive,20.600625,GMC,Automatic 4-spd,6.0,4.3
2620,Vans,Regular,Rear-Wheel Drive,23.5435714285714,GMC,Automatic 4-spd,8.0,5.0
2621,Vans,Diesel,Rear-Wheel Drive,22.4814705882353,GMC,Automatic 4-spd,8.0,6.5
2622,Vans,Regular,Rear-Wheel Drive,23.5435714285714,GMC,Automatic 4-spd,6.0,4.3
2623,Vans,Premium,4-Wheel or All-Wheel Drive,20.600625,GMC,Automatic 4-spd,6.0,4.3
2624,Subcompact Cars,Regular,Rear-Wheel Drive,16.4805,Isuzu,Automatic 3-spd,4.0,1.8
2625,Vans,Premium,Rear-Wheel Drive,19.3888235294118,GMC,Automatic 4-spd,6.0,4.3
2626,Vans,Premium,4-Wheel or All-Wheel Drive,21.974,Chevrolet,Automatic 4-spd,6.0,4.3
2627,Vans,Premium,Rear-Wheel Drive,20.600625,Chevrolet,Automatic 4-spd,6.0,4.3
2628,Vans,Regular,Rear-Wheel Drive,23.5435714285714,Chevrolet,Automatic 4-spd,6.0,4.3
2629,Vans,Regular,Rear-Wheel Drive,25.3546153846154,Chevrolet,Automatic 4-spd,8.0,5.0
2630,Vans,Diesel,Rear-Wheel Drive,23.8865625,Chevrolet,Automatic 4-spd,8.0,6.5
2631,Vans,Regular,Rear-Wheel Drive,23.5435714285714,Dodge,Automatic 3-spd,6.0,3.9
2632,Vans,Regular,Rear-Wheel Drive,27.4675,Dodge,Automatic 3-spd,8.0,5.2
2633,Vans,Regular,Rear-Wheel Drive,25.3546153846154,Dodge,Automatic 4-spd,8.0,5.2
2634,Vans,Regular,Rear-Wheel Drive,27.4675,Dodge,Automatic 4-spd,8.0,5.9
2635,Subcompact Cars,Regular,Rear-Wheel Drive,14.3308695652174,Isuzu,Manual 5-spd,4.0,1.8
2636,Vans,Regular,Rear-Wheel Drive,27.4675,Dodge,Automatic 4-spd,8.0,5.2
2637,Vans,Regular,Rear-Wheel Drive,29.9645454545455,Dodge,Automatic 4-spd,8.0,5.9
2638,Vans,Regular,4-Wheel or All-Wheel Drive,21.974,Ford,Automatic 4-spd,6.0,4.0
2639,Vans,Regular,Rear-Wheel Drive,18.3116666666667,Ford,Automatic 4-spd,6.0,3.0
2640,Vans,Regular,Rear-Wheel Drive,19.3888235294118,Ford,Automatic 4-spd,6.0,4.0
2641,Vans,Regular,Rear-Wheel Drive,25.3546153846154,Ford,Automatic 4-spd,6.0,4.9
2642,Vans,Regular,Rear-Wheel Drive,23.5435714285714,Ford,Automatic 4-spd,8.0,5.0
2643,Vans,Regular,Rear-Wheel Drive,27.4675,Ford,Automatic 4-spd,8.0,5.8
2644,Vans,Regular,Rear-Wheel Drive,23.5435714285714,GMC,Automatic 4-spd,6.0,4.3
2645,Vans,Regular,Rear-Wheel Drive,25.3546153846154,GMC,Automatic 4-spd,8.0,5.0
2646,Subcompact Cars,Regular,Rear-Wheel Drive,16.4805,Isuzu,Automatic 4-spd,4.0,2.0
2647,Vans,Diesel,Rear-Wheel Drive,23.8865625,GMC,Automatic 4-spd,8.0,6.5
2648,Vans,Premium,4-Wheel or All-Wheel Drive,21.974,GMC,Automatic 4-spd,6.0,4.3
2649,Vans,Premium,Rear-Wheel Drive,20.600625,GMC,Automatic 4-spd,6.0,4.3
2650,Vans,Regular,Rear-Wheel Drive,19.3888235294118,Toyota,Automatic 4-spd,4.0,2.4
2651,Vans,Regular,Rear-Wheel Drive,18.3116666666667,Toyota,Automatic 4-spd,4.0,2.4
2652,Vans,Regular,4-Wheel or All-Wheel Drive,19.3888235294118,Toyota,Automatic 4-spd,4.0,2.4
2653,Vans,Regular,4-Wheel or All-Wheel Drive,19.3888235294118,Toyota,Automatic 4-spd,4.0,2.4
2654,Vans,Regular,Front-Wheel Drive,21.974,Volkswagen,Automatic 4-spd,5.0,2.5
2655,Vans,Regular,Front-Wheel Drive,21.974,Volkswagen,Manual 5-spd,5.0,2.5
2656,Special Purpose Vehicles,Premium,Rear-Wheel Drive,19.3888235294118,Chevrolet,Automatic 4-spd,6.0,4.3
2657,Subcompact Cars,Regular,Rear-Wheel Drive,16.4805,Isuzu,Manual 5-spd,4.0,2.0
2658,Special Purpose Vehicles,Premium,Rear-Wheel Drive,18.3116666666667,Chevrolet,Manual 5-spd,6.0,4.3
2659,Special Purpose Vehicles,Regular,Rear-Wheel Drive,27.4675,Chevrolet,Automatic 4-spd,8.0,5.7
2660,Special Purpose Vehicles,Regular,Front-Wheel Drive,18.3116666666667,Chevrolet,Automatic 3-spd,6.0,3.1
2661,Special Purpose Vehicles,Regular,Front-Wheel Drive,18.3116666666667,Chevrolet,Automatic 4-spd,6.0,3.8
2662,Special Purpose Vehicles,Regular,Rear-Wheel Drive,21.974,Nissan,Automatic 4-spd,6.0,3.0
2663,Special Purpose Vehicles,Regular,Rear-Wheel Drive,21.974,Nissan,Manual 5-spd,6.0,3.0
2664,Special Purpose Vehicles,Regular,Front-Wheel Drive,18.3116666666667,Nissan,Automatic 4-spd,6.0,3.0
2665,Special Purpose Vehicles,Regular,Front-Wheel Drive,19.3888235294118,Chrysler,Automatic 4-spd,6.0,3.8
2666,Special Purpose Vehicles,Regular,Front-Wheel Drive,16.4805,Dodge,Automatic 3-spd,4.0,2.5
2667,Special Purpose Vehicles,Regular,Front-Wheel Drive,17.3478947368421,Dodge,Automatic 3-spd,6.0,3.0
2668,Subcompact Cars,Regular,Front-Wheel Drive,12.2077777777778,Ford,Manual 4-spd,4.0,1.5
2669,Subcompact Cars,Regular,Rear-Wheel Drive,16.4805,Mercury,Automatic 3-spd,4.0,2.3
2670,Special Purpose Vehicles,Regular,Front-Wheel Drive,18.3116666666667,Dodge,Automatic 4-spd,6.0,3.3
2671,Special Purpose Vehicles,Regular,Front-Wheel Drive,18.3116666666667,Dodge,Automatic 4-spd,6.0,3.3
2672,Special Purpose Vehicles,Regular,Front-Wheel Drive,16.4805,Dodge,Automatic 3-spd,4.0,2.5
2673,Special Purpose Vehicles,Regular,Front-Wheel Drive,14.9822727272727,Dodge,Manual 5-spd,4.0,2.5
2674,Special Purpose Vehicles,Regular,Front-Wheel Drive,17.3478947368421,Dodge,Automatic 3-spd,6.0,3.0
2675,Special Purpose Vehicles,Regular,Front-Wheel Drive,17.3478947368421,Dodge,Automatic 4-spd,6.0,3.0
2676,Special Purpose Vehicles,Regular,Front-Wheel Drive,18.3116666666667,Dodge,Automatic 4-spd,6.0,3.3
2677,Special Purpose Vehicles,Regular,Front-Wheel Drive,18.3116666666667,Dodge,Automatic 4-spd,6.0,3.3
2678,Special Purpose Vehicles,Regular,Front-Wheel Drive,19.3888235294118,Dodge,Automatic 4-spd,6.0,3.8
2679,Special Purpose Vehicles,Regular,Rear-Wheel Drive,20.600625,Jeep,Automatic 3-spd,4.0,2.5
2680,Subcompact Cars,Regular,Rear-Wheel Drive,14.3308695652174,Mercury,Manual 4-spd,4.0,2.3
2681,Special Purpose Vehicles,Regular,Rear-Wheel Drive,17.3478947368421,Jeep,Manual 5-spd,4.0,2.5
2682,Special Purpose Vehicles,Regular,Rear-Wheel Drive,20.600625,Jeep,Automatic 4-spd,6.0,4.0
2683,Special Purpose Vehicles,Regular,Rear-Wheel Drive,19.3888235294118,Jeep,Manual 5-spd,6.0,4.0
2684,Special Purpose Vehicles,Regular,Rear-Wheel Drive,20.600625,Jeep,Automatic 4-spd,6.0,4.0
2685,Special Purpose Vehicles,Regular,Rear-Wheel Drive,20.600625,Ford,Automatic 4-spd,6.0,4.0
2686,Special Purpose Vehicles,Regular,Rear-Wheel Drive,18.3116666666667,Ford,Manual 5-spd,6.0,4.0
2687,Special Purpose Vehicles,Regular,Front-Wheel Drive,17.3478947368421,Ford,Automatic 4-spd,6.0,3.0
2688,Special Purpose Vehicles,Regular,Front-Wheel Drive,18.3116666666667,Ford,Automatic 4-spd,6.0,3.8
2689,Special Purpose Vehicles,Regular,Front-Wheel Drive,17.3478947368421,Ford,Automatic 4-spd,6.0,3.0
2690,Special Purpose Vehicles,Regular,Front-Wheel Drive,18.3116666666667,Ford,Automatic 4-spd,6.0,3.8
2691,Subcompact Cars,Regular,Rear-Wheel Drive,18.3116666666667,Mercury,Automatic 3-spd,6.0,3.8
2692,Special Purpose Vehicles,Regular,Rear-Wheel Drive,23.5435714285714,Federal Coach,Automatic 4-spd,8.0,5.7
2693,Special Purpose Vehicles,Regular,Rear-Wheel Drive,23.5435714285714,Federal Coach,Automatic 4-spd,8.0,5.7
2694,Special Purpose Vehicles,Regular,Rear-Wheel Drive,20.600625,Federal Coach,Automatic 4-spd,8.0,4.6
2695,Special Purpose Vehicles,Regular,Rear-Wheel Drive,17.3478947368421,Kia,Manual 5-spd,4.0,2.0
2696,Special Purpose Vehicles,Regular,Front-Wheel Drive,18.3116666666667,Mercury,Automatic 4-spd,6.0,3.0
2697,Special Purpose Vehicles,Regular,Front-Wheel Drive,18.3116666666667,Mercury,Automatic 4-spd,6.0,3.0
2698,Special Purpose Vehicles,Regular,Rear-Wheel Drive,27.4675,GMC,Automatic 4-spd,8.0,5.7
2699,Special Purpose Vehicles,Premium,Rear-Wheel Drive,19.3888235294118,GMC,Automatic 4-spd,6.0,4.3
2700,Special Purpose Vehicles,Premium,Rear-Wheel Drive,18.3116666666667,GMC,Manual 5-spd,6.0,4.3
2701,Special Purpose Vehicles,Regular,Rear-Wheel Drive,18.3116666666667,Isuzu,Manual 5-spd,4.0,2.6
2702,Subcompact Cars,Regular,Front-Wheel Drive,12.2077777777778,Mazda,Manual 4-spd,4.0,1.5
2703,Special Purpose Vehicles,Regular,Rear-Wheel Drive,18.3116666666667,Honda,Manual 5-spd,4.0,2.6
2704,Special Purpose Vehicles,Regular,Rear-Wheel Drive,17.3478947368421,Mazda,Automatic 4-spd,4.0,2.6
2705,Special Purpose Vehicles,Regular,Rear-Wheel Drive,19.3888235294118,Mazda,Automatic 4-spd,6.0,3.0
2706,Special Purpose Vehicles,Regular,Front-Wheel Drive,18.3116666666667,Pontiac,Automatic 3-spd,6.0,3.1
2707,Special Purpose Vehicles,Regular,Front-Wheel Drive,18.3116666666667,Pontiac,Automatic 4-spd,6.0,3.8
2708,Special Purpose Vehicles,Regular,Front-Wheel Drive,16.4805,Plymouth,Automatic 3-spd,4.0,2.5
2709,Special Purpose Vehicles,Regular,Front-Wheel Drive,14.9822727272727,Plymouth,Manual 5-spd,4.0,2.5
2710,Special Purpose Vehicles,Regular,Front-Wheel Drive,17.3478947368421,Plymouth,Automatic 3-spd,6.0,3.0
2711,Special Purpose Vehicles,Regular,Front-Wheel Drive,17.3478947368421,Plymouth,Automatic 4-spd,6.0,3.0
2712,Special Purpose Vehicles,Regular,Front-Wheel Drive,18.3116666666667,Plymouth,Automatic 4-spd,6.0,3.3
2713,Subcompact Cars,Regular,Front-Wheel Drive,14.9822727272727,Mitsubishi,Automatic 3-spd,4.0,2.0
2714,Special Purpose Vehicles,Regular,Front-Wheel Drive,18.3116666666667,Plymouth,Automatic 4-spd,6.0,3.3
2715,Special Purpose Vehicles,Regular,Front-Wheel Drive,19.3888235294118,Plymouth,Automatic 4-spd,6.0,3.8
2716,Special Purpose Vehicles,Regular,Front-Wheel Drive,18.3116666666667,Oldsmobile,Automatic 3-spd,6.0,3.1
2717,Special Purpose Vehicles,Regular,Front-Wheel Drive,18.3116666666667,Oldsmobile,Automatic 4-spd,6.0,3.8
2718,Special Purpose Vehicles,Regular,Rear-Wheel Drive,19.3888235294118,Toyota,Automatic 4-spd,6.0,3.0
2719,Special Purpose Vehicles,Premium,4-Wheel or All-Wheel Drive,20.600625,Chevrolet,Automatic 4-spd,6.0,4.3
2720,Special Purpose Vehicles,Premium,4-Wheel or All-Wheel Drive,19.3888235294118,Chevrolet,Manual 5-spd,6.0,5.2
2721,Special Purpose Vehicles,Regular,4-Wheel or All-Wheel Drive,27.4675,Chevrolet,Automatic 4-spd,8.0,5.7
2722,Special Purpose Vehicles,Regular,4-Wheel or All-Wheel Drive,27.4675,Chevrolet,Automatic 4-spd,8.0,5.7
2723,Special Purpose Vehicles,Regular,4-Wheel or All-Wheel Drive,27.4675,Chevrolet,Manual 5-spd,8.0,5.7
2724,Subcompact Cars,Regular,Front-Wheel Drive,13.73375,Mitsubishi,Manual 5-spd,4.0,2.0
2725,Special Purpose Vehicles,Diesel,4-Wheel or All-Wheel Drive,27.2989285714286,Chevrolet,Automatic 4-spd,8.0,6.5
2726,Special Purpose Vehicles,Regular,4-Wheel or All-Wheel Drive,21.974,Nissan,Automatic 4-spd,6.0,3.0
2727,Special Purpose Vehicles,Regular,4-Wheel or All-Wheel Drive,21.974,Nissan,Manual 5-spd,6.0,3.0
2728,Special Purpose Vehicles,Regular,4-Wheel or All-Wheel Drive,19.3888235294118,Chrysler,Automatic 4-spd,6.0,3.8
2729,Special Purpose Vehicles,Regular,4-Wheel or All-Wheel Drive,19.3888235294118,Dodge,Automatic 4-spd,6.0,3.3
2730,Special Purpose Vehicles,Regular,4-Wheel or All-Wheel Drive,19.3888235294118,Dodge,Automatic 4-spd,6.0,3.8
2731,Special Purpose Vehicles,Regular,4-Wheel or All-Wheel Drive,20.600625,Jeep,Automatic 3-spd,4.0,2.5
2732,Special Purpose Vehicles,Regular,4-Wheel or All-Wheel Drive,18.3116666666667,Jeep,Manual 5-spd,4.0,2.5
2733,Special Purpose Vehicles,Regular,4-Wheel or All-Wheel Drive,21.974,Jeep,Automatic 4-spd,6.0,4.0
2734,Special Purpose Vehicles,Regular,4-Wheel or All-Wheel Drive,19.3888235294118,Jeep,Manual 5-spd,6.0,4.0
2735,Subcompact Cars,Regular,Front-Wheel Drive,12.2077777777778,Mitsubishi,Automatic 3-spd,4.0,1.5
2736,Special Purpose Vehicles,Regular,4-Wheel or All-Wheel Drive,21.974,Jeep,Automatic 4-spd,6.0,4.0
2737,Special Purpose Vehicles,Regular,4-Wheel or All-Wheel Drive,21.974,Jeep,Manual 5-spd,6.0,4.0
2738,Special Purpose Vehicles,Regular,4-Wheel or All-Wheel Drive,23.5435714285714,Jeep,Automatic 4-spd,8.0,5.2
2739,Special Purpose Vehicles,Regular,4-Wheel or All-Wheel Drive,20.600625,Jeep,Automatic 3-spd,4.0,2.5
2740,Special Purpose Vehicles,Regular,4-Wheel or All-Wheel Drive,19.3888235294118,Jeep,Manual 5-spd,4.0,2.5
2741,Special Purpose Vehicles,Regular,4-Wheel or All-Wheel Drive,23.5435714285714,Jeep,Automatic 3-spd,6.0,4.0
2742,Special Purpose Vehicles,Regular,4-Wheel or All-Wheel Drive,21.974,Jeep,Manual 5-spd,6.0,4.0
2743,Special Purpose Vehicles,Regular,4-Wheel or All-Wheel Drive,23.5435714285714,Ford,Automatic 4-spd,8.0,5.0
2744,Special Purpose Vehicles,Regular,4-Wheel or All-Wheel Drive,23.5435714285714,Ford,Manual 5-spd,8.0,5.0
2745,Special Purpose Vehicles,Regular,4-Wheel or All-Wheel Drive,25.3546153846154,Ford,Automatic 4-spd,8.0,5.8
2746,Subcompact Cars,Regular,Front-Wheel Drive,9.98818181818182,Mitsubishi,Manual 4-spd,4.0,1.5
2747,Special Purpose Vehicles,Regular,4-Wheel or All-Wheel Drive,21.974,Ford,Automatic 4-spd,6.0,4.0
2748,Special Purpose Vehicles,Regular,4-Wheel or All-Wheel Drive,19.3888235294118,Ford,Manual 5-spd,6.0,4.0
2749,Special Purpose Vehicles,Regular,4-Wheel or All-Wheel Drive,18.3116666666667,Kia,Automatic 4-spd,4.0,2.0
2750,Special Purpose Vehicles,Regular,4-Wheel or All-Wheel Drive,17.3478947368421,Kia,Manual 5-spd,4.0,2.0
2751,Special Purpose Vehicles,Regular,4-Wheel or All-Wheel Drive,18.3116666666667,Kia,Manual 5-spd,4.0,2.0
2752,Special Purpose Vehicles,Premium,4-Wheel or All-Wheel Drive,20.600625,GMC,Automatic 4-spd,6.0,4.3
2753,Special Purpose Vehicles,Premium,4-Wheel or All-Wheel Drive,19.3888235294118,GMC,Manual 5-spd,6.0,5.2
2754,Special Purpose Vehicles,Regular,4-Wheel or All-Wheel Drive,27.4675,GMC,Automatic 4-spd,8.0,5.7
2755,Special Purpose Vehicles,Regular,4-Wheel or All-Wheel Drive,27.4675,GMC,Automatic 4-spd,8.0,5.7
2756,Special Purpose Vehicles,Regular,4-Wheel or All-Wheel Drive,27.4675,GMC,Manual 5-spd,8.0,5.7
2757,Subcompact Cars,Regular,Front-Wheel Drive,14.9822727272727,Mitsubishi,Automatic 3-spd,4.0,2.0
2758,Special Purpose Vehicles,Diesel,4-Wheel or All-Wheel Drive,27.2989285714286,GMC,Automatic 4-spd,8.0,6.5
2759,Special Purpose Vehicles,Regular,4-Wheel or All-Wheel Drive,21.974,Isuzu,Automatic 4-spd,6.0,3.2
2760,Special Purpose Vehicles,Regular,4-Wheel or All-Wheel Drive,23.5435714285714,Isuzu,Automatic 4-spd,6.0,3.2
2761,Special Purpose Vehicles,Regular,4-Wheel or All-Wheel Drive,21.974,Isuzu,Manual 5-spd,6.0,3.2
2762,Special Purpose Vehicles,Regular,4-Wheel or All-Wheel Drive,23.5435714285714,Isuzu,Manual 5-spd,6.0,3.2
2763,Special Purpose Vehicles,Premium,4-Wheel or All-Wheel Drive,25.3546153846154,Land Rover,Manual 5-spd,8.0,3.9
2764,Special Purpose Vehicles,Premium,4-Wheel or All-Wheel Drive,25.3546153846154,Land Rover,Automatic 4-spd,8.0,3.9
2765,Special Purpose Vehicles,Premium,4-Wheel or All-Wheel Drive,27.4675,Land Rover,Manual 5-spd,8.0,3.9
2766,Special Purpose Vehicles,Premium,4-Wheel or All-Wheel Drive,25.3546153846154,Land Rover,Automatic 4-spd,8.0,3.9
2767,Special Purpose Vehicles,Premium,4-Wheel or All-Wheel Drive,25.3546153846154,Land Rover,Automatic 4-spd,8.0,3.9
2768,Subcompact Cars,Regular,Front-Wheel Drive,13.73375,Mitsubishi,Manual 5-spd,4.0,2.0
2769,Special Purpose Vehicles,Premium,4-Wheel or All-Wheel Drive,27.4675,Land Rover,Automatic 4-spd,8.0,4.3
2770,Special Purpose Vehicles,Regular,4-Wheel or All-Wheel Drive,21.974,Mitsubishi,Automatic 4-spd,6.0,3.0
2771,Special Purpose Vehicles,Regular,4-Wheel or All-Wheel Drive,21.974,Mitsubishi,Automatic 4-spd,6.0,3.0
2772,Special Purpose Vehicles,Regular,4-Wheel or All-Wheel Drive,21.974,Mitsubishi,Manual 5-spd,6.0,3.0
2773,Special Purpose Vehicles,Regular,4-Wheel or All-Wheel Drive,21.974,Mitsubishi,Manual 5-spd,6.0,3.0
2774,Special Purpose Vehicles,Premium,4-Wheel or All-Wheel Drive,23.5435714285714,Mitsubishi,Automatic 4-spd,6.0,3.5
2775,Special Purpose Vehicles,Regular,4-Wheel or All-Wheel Drive,21.974,Mazda,Automatic 4-spd,6.0,3.0
2776,Special Purpose Vehicles,Regular,4-Wheel or All-Wheel Drive,19.3888235294118,Plymouth,Automatic 4-spd,6.0,3.3
2777,Special Purpose Vehicles,Regular,4-Wheel or All-Wheel Drive,19.3888235294118,Plymouth,Automatic 4-spd,6.0,3.8
2778,Special Purpose Vehicles,Regular,4-Wheel or All-Wheel Drive,13.1844,Suzuki,Manual 5-spd,4.0,1.3
2779,Subcompact Cars,Regular,Front-Wheel Drive,10.987,Ford,Manual 5-spd,4.0,1.5
2780,Subcompact Cars,Regular,Front-Wheel Drive,9.98818181818182,Plymouth,Manual 4-spd,4.0,1.5
2781,Special Purpose Vehicles,Regular,4-Wheel or All-Wheel Drive,25.3546153846154,Toyota,Automatic 4-spd,6.0,4.5
2782,Special Purpose Vehicles,Regular,4-Wheel or All-Wheel Drive,18.3116666666667,Toyota,Manual 5-spd,4.0,2.4
2783,Special Purpose Vehicles,Regular,4-Wheel or All-Wheel Drive,25.3546153846154,Toyota,Automatic 4-spd,6.0,3.0
2784,Special Purpose Vehicles,Regular,4-Wheel or All-Wheel Drive,23.5435714285714,Toyota,Manual 5-spd,6.0,3.0
2785,Special Purpose Vehicles,Regular,Rear-Wheel Drive,21.974,Dodge,Automatic 4-spd,6.0,3.9
2786,Special Purpose Vehicles,Regular,Rear-Wheel Drive,23.5435714285714,Dodge,Automatic 4-spd,8.0,5.2
2787,Special Purpose Vehicles,Regular,Rear-Wheel Drive,18.3116666666667,Buick,Automatic 4-spd,8.0,5.7
2788,Two Seaters,Premium,Rear-Wheel Drive,18.3116666666667,Acura,Automatic 4-spd,6.0,3.0
2789,Two Seaters,Premium,Rear-Wheel Drive,18.3116666666667,Acura,Manual 5-spd,6.0,3.0
2790,Two Seaters,Premium,Rear-Wheel Drive,14.3308695652174,BMW,Automatic 4-spd,4.0,1.9
2791,Subcompact Cars,Regular,Front-Wheel Drive,10.987,Plymouth,Manual 4-spd,4.0,1.6
2792,Two Seaters,Premium,Rear-Wheel Drive,14.3308695652174,BMW,Manual 5-spd,4.0,1.9
2793,Two Seaters,Regular,Rear-Wheel Drive,18.3116666666667,Chevrolet,Automatic 4-spd,8.0,5.7
2794,Two Seaters,Premium,Rear-Wheel Drive,18.3116666666667,Chevrolet,Manual 6-spd,8.0,5.7
2795,Two Seaters,Premium,Rear-Wheel Drive,18.3116666666667,Nissan,Automatic 4-spd,6.0,3.0
2796,Two Seaters,Premium,Rear-Wheel Drive,18.3116666666667,Nissan,Automatic 4-spd,6.0,3.0
2797,Two Seaters,Premium,Rear-Wheel Drive,17.3478947368421,Nissan,Manual 5-spd,6.0,3.0
2798,Two Seaters,Premium,Rear-Wheel Drive,18.3116666666667,Nissan,Manual 5-spd,6.0,3.0
2799,Two Seaters,Premium,Rear-Wheel Drive,23.5435714285714,Dodge,Manual 6-spd,10.0,8.0
2800,Two Seaters,Premium,Rear-Wheel Drive,29.9645454545455,Ferrari,Manual 6-spd,8.0,3.5
2801,Two Seaters,Regular,Front-Wheel Drive,11.7717857142857,Honda,Automatic 4-spd,4.0,1.6
2802,Subcompact Cars,Regular,Front-Wheel Drive,16.4805,Plymouth,Automatic 3-spd,4.0,2.2
2803,Two Seaters,Regular,Front-Wheel Drive,12.2077777777778,Honda,Automatic 4-spd,4.0,1.6
2804,Two Seaters,Premium,Front-Wheel Drive,13.1844,Honda,Manual 5-spd,4.0,1.6
2805,Two Seaters,Regular,Front-Wheel Drive,10.3003125,Honda,Manual 5-spd,4.0,1.6
2806,Two Seaters,Regular,Front-Wheel Drive,11.7717857142857,Honda,Manual 5-spd,4.0,1.6
2807,Two Seaters,Premium,4-Wheel or All-Wheel Drive,32.961,Lamborghini,Manual 5-spd,12.0,5.7
2808,Two Seaters,Regular,Rear-Wheel Drive,14.9822727272727,Mazda,Automatic 4-spd,4.0,1.8
2809,Two Seaters,Regular,Rear-Wheel Drive,14.3308695652174,Mazda,Manual 5-spd,4.0,1.8
2810,Two Seaters,Premium,Rear-Wheel Drive,18.3116666666667,Mercedes-Benz,Automatic 5-spd,6.0,3.2
2811,Two Seaters,Premium,Rear-Wheel Drive,19.3888235294118,Mercedes-Benz,Automatic 5-spd,8.0,5.0
2812,Two Seaters,Premium,Rear-Wheel Drive,23.5435714285714,Mercedes-Benz,Automatic 5-spd,12.0,6.0
2813,Subcompact Cars,Regular,Front-Wheel Drive,13.1844,Plymouth,Manual 5-spd,4.0,2.2
2814,Two Seaters,Regular,Rear-Wheel Drive,13.73375,Suzuki,Manual 5-spd,4.0,1.6
2815,Two Seaters,Regular,4-Wheel or All-Wheel Drive,14.9822727272727,Suzuki,Automatic 4-spd,4.0,1.6
2816,Two Seaters,Regular,4-Wheel or All-Wheel Drive,13.73375,Suzuki,Manual 5-spd,4.0,1.6
2817,Two Seaters,Premium,Rear-Wheel Drive,36.6233333333333,Vector,Manual 5-spd,12.0,5.7
2818,Minicompact Cars,Premium,Front-Wheel Drive,17.3478947368421,Audi,Automatic 4-spd,6.0,2.8
2819,Minicompact Cars,Premium,Rear-Wheel Drive,14.9822727272727,BMW,Automatic 4-spd,4.0,1.9
2820,Minicompact Cars,Premium,Rear-Wheel Drive,14.3308695652174,BMW,Manual 5-spd,4.0,1.9
2821,Minicompact Cars,Premium,Rear-Wheel Drive,16.4805,BMW,Automatic 4-spd,6.0,2.8
2822,Minicompact Cars,Premium,Rear-Wheel Drive,15.6957142857143,BMW,Manual 5-spd,6.0,2.8
2823,Minicompact Cars,Premium,Rear-Wheel Drive,16.4805,Nissan,Automatic 4-spd,4.0,2.4
2824,Subcompact Cars,Premium,Front-Wheel Drive,15.6957142857143,Plymouth,Manual 5-spd,4.0,2.2
2825,Minicompact Cars,Premium,Rear-Wheel Drive,14.9822727272727,Nissan,Manual 5-spd,4.0,2.4
2826,Minicompact Cars,Premium,Rear-Wheel Drive,18.3116666666667,Jaguar,Automatic 4-spd,6.0,4.0
2827,Minicompact Cars,Premium,Front-Wheel Drive,16.4805,Mitsubishi,Automatic 4-spd,4.0,2.0
2828,Minicompact Cars,Premium,Front-Wheel Drive,14.3308695652174,Mitsubishi,Manual 5-spd,4.0,2.0
2829,Minicompact Cars,Regular,Front-Wheel Drive,16.4805,Mitsubishi,Automatic 4-spd,4.0,2.4
2830,Minicompact Cars,Regular,Front-Wheel Drive,14.9822727272727,Mitsubishi,Manual 5-spd,4.0,2.4
2831,Minicompact Cars,Premium,Rear-Wheel Drive,18.3116666666667,Porsche,Automatic 4-spd,6.0,3.6
2832,Minicompact Cars,Premium,4-Wheel or All-Wheel Drive,19.3888235294118,Porsche,Manual 6-spd,6.0,3.6
2833,Minicompact Cars,Premium,Rear-Wheel Drive,18.3116666666667,Porsche,Manual 6-spd,6.0,3.6
2834,Minicompact Cars,Premium,4-Wheel or All-Wheel Drive,23.5435714285714,Porsche,Manual 6-spd,6.0,3.6
2835,Subcompact Cars,Regular,Rear-Wheel Drive,17.3478947368421,Pontiac,Automatic 4-spd,6.0,2.8
2836,Minicompact Cars,Regular,Front-Wheel Drive,15.6957142857143,Toyota,Automatic 4-spd,4.0,2.2
2837,Minicompact Cars,Regular,Front-Wheel Drive,14.9822727272727,Toyota,Manual 5-spd,4.0,2.2
2838,Minicompact Cars,Regular,Front-Wheel Drive,12.2077777777778,Toyota,Automatic 4-spd,4.0,1.5
2839,Minicompact Cars,Regular,Front-Wheel Drive,11.7717857142857,Toyota,Manual 5-spd,4.0,1.5
2840,Minicompact Cars,Premium,Rear-Wheel Drive,18.3116666666667,Toyota,Automatic 4-spd,6.0,3.0
2841,Minicompact Cars,Premium,Rear-Wheel Drive,17.3478947368421,Toyota,Automatic 4-spd,6.0,3.0
2842,Minicompact Cars,Premium,Rear-Wheel Drive,18.3116666666667,Toyota,Manual 5-spd,6.0,3.0
2843,Subcompact Cars,Premium,Front-Wheel Drive,13.1844,Acura,Manual 5-spd,4.0,1.8
2844,Subcompact Cars,Regular,Front-Wheel Drive,13.73375,Acura,Automatic 4-spd,4.0,1.8
2845,Subcompact Cars,Regular,Front-Wheel Drive,13.1844,Acura,Manual 5-spd,4.0,1.8
2846,Subcompact Cars,Regular,Rear-Wheel Drive,18.3116666666667,Pontiac,Manual 5-spd,6.0,2.8
2847,Subcompact Cars,Premium,Rear-Wheel Drive,15.6957142857143,BMW,Manual 5-spd,6.0,3.2
2848,Subcompact Cars,Premium,Rear-Wheel Drive,14.9822727272727,BMW,Automatic 4-spd,4.0,1.9
2849,Subcompact Cars,Premium,Rear-Wheel Drive,14.3308695652174,BMW,Manual 5-spd,4.0,1.9
2850,Subcompact Cars,Premium,Rear-Wheel Drive,16.4805,BMW,Automatic 4-spd,6.0,2.8
2851,Subcompact Cars,Premium,Rear-Wheel Drive,15.6957142857143,BMW,Manual 5-spd,6.0,2.8
2852,Subcompact Cars,Premium,Rear-Wheel Drive,21.974,BMW,Automatic 5-spd,8.0,4.4
2853,Subcompact Cars,Premium,Rear-Wheel Drive,21.974,BMW,Automatic 5-spd,12.0,5.4
2854,Subcompact Cars,Regular,Rear-Wheel Drive,16.4805,Chevrolet,Automatic 4-spd,6.0,3.8
2855,Subcompact Cars,Regular,Rear-Wheel Drive,16.4805,Chevrolet,Manual 5-spd,6.0,3.8
2856,Subcompact Cars,Regular,Rear-Wheel Drive,18.3116666666667,Chevrolet,Automatic 4-spd,8.0,5.7
2857,Subcompact Cars,Regular,Rear-Wheel Drive,19.3888235294118,Pontiac,Automatic 4-spd,8.0,5.0
2858,Subcompact Cars,Regular,Rear-Wheel Drive,18.3116666666667,Chevrolet,Manual 6-spd,8.0,5.7
2859,Subcompact Cars,Regular,Front-Wheel Drive,11.7717857142857,Nissan,Automatic 4-spd,4.0,1.6
2860,Subcompact Cars,Regular,Front-Wheel Drive,11.3658620689655,Nissan,Manual 5-spd,4.0,1.6
2861,Subcompact Cars,Regular,Front-Wheel Drive,14.3308695652174,Nissan,Automatic 4-spd,4.0,2.0
2862,Subcompact Cars,Regular,Front-Wheel Drive,13.73375,Nissan,Manual 5-spd,4.0,2.0
2863,Subcompact Cars,Premium,Rear-Wheel Drive,18.3116666666667,Nissan,Automatic 4-spd,6.0,3.0
2864,Subcompact Cars,Premium,Rear-Wheel Drive,17.3478947368421,Nissan,Manual 5-spd,6.0,3.0
2865,Subcompact Cars,Regular,Front-Wheel Drive,18.3116666666667,Dodge,Automatic 4-spd,6.0,3.0
2866,Subcompact Cars,Premium,Front-Wheel Drive,18.3116666666667,Dodge,Automatic 4-spd,6.0,3.0
2867,Subcompact Cars,Premium,Front-Wheel Drive,17.3478947368421,Dodge,Manual 5-spd,6.0,3.0
2868,Subcompact Cars,Premium,Front-Wheel Drive,17.3478947368421,Pontiac,Automatic 3-spd,4.0,1.8
2869,Subcompact Cars,Regular,Front-Wheel Drive,17.3478947368421,Dodge,Manual 5-spd,6.0,3.0
2870,Subcompact Cars,Premium,4-Wheel or All-Wheel Drive,18.3116666666667,Dodge,Manual 6-spd,6.0,3.0
2871,Subcompact Cars,Regular,Front-Wheel Drive,12.6773076923077,Eagle,Automatic 3-spd,4.0,1.5
2872,Subcompact Cars,Regular,Front-Wheel Drive,10.6325806451613,Eagle,Manual 5-spd,4.0,1.5
2873,Subcompact Cars,Regular,Front-Wheel Drive,13.1844,Eagle,Automatic 4-spd,4.0,1.8
2874,Subcompact Cars,Regular,Front-Wheel Drive,13.1844,Eagle,Manual 5-spd,4.0,1.8
2875,Subcompact Cars,Premium,Front-Wheel Drive,16.4805,Eagle,Automatic 4-spd,4.0,2.0
2876,Subcompact Cars,Regular,Front-Wheel Drive,15.6957142857143,Eagle,Automatic 4-spd,4.0,2.0
2877,Subcompact Cars,Premium,4-Wheel or All-Wheel Drive,17.3478947368421,Eagle,Automatic 4-spd,4.0,2.0
2878,Subcompact Cars,Premium,4-Wheel or All-Wheel Drive,15.6957142857143,Eagle,Manual 5-spd,4.0,2.0
2879,Subcompact Cars,Premium,Front-Wheel Drive,14.9822727272727,Pontiac,Manual 4-spd,4.0,1.8
2880,Subcompact Cars,Regular,Front-Wheel Drive,14.3308695652174,Eagle,Manual 5-spd,4.0,2.0
2881,Subcompact Cars,Premium,Front-Wheel Drive,13.73375,Eagle,Manual 5-spd,4.0,2.0
2882,Subcompact Cars,Regular,Front-Wheel Drive,9.98818181818182,Ford,Manual 5-spd,4.0,1.3
2883,Subcompact Cars,Regular,Front-Wheel Drive,11.7717857142857,Ford,Automatic 3-spd,4.0,1.3
2884,Subcompact Cars,Regular,Rear-Wheel Drive,15.6957142857143,Ford,Automatic 4-spd,6.0,3.8
2885,Subcompact Cars,Regular,Rear-Wheel Drive,15.6957142857143,Ford,Manual 5-spd,6.0,3.8
2886,Subcompact Cars,Regular,Rear-Wheel Drive,18.3116666666667,Ford,Automatic 4-spd,8.0,4.6
2887,Subcompact Cars,Regular,Rear-Wheel Drive,17.3478947368421,Ford,Manual 5-spd,8.0,4.6
2888,Subcompact Cars,Premium,Rear-Wheel Drive,17.3478947368421,Ford,Manual 5-spd,8.0,4.6
2889,Subcompact Cars,Regular,Front-Wheel Drive,14.3308695652174,Ford,Automatic 4-spd,4.0,2.0
2890,Subcompact Cars,Regular,Rear-Wheel Drive,16.4805,Ford,Automatic 3-spd,4.0,2.3
2891,Subcompact Cars,Regular,Rear-Wheel Drive,13.1844,Pontiac,Automatic 3-spd,4.0,1.6
2892,Subcompact Cars,Regular,Front-Wheel Drive,13.1844,Ford,Manual 5-spd,4.0,2.0
2893,Subcompact Cars,Premium,Front-Wheel Drive,16.4805,Ford,Automatic 4-spd,6.0,2.5
2894,Subcompact Cars,Premium,Front-Wheel Drive,15.6957142857143,Ford,Manual 5-spd,6.0,2.5
2895,Subcompact Cars,Regular,Front-Wheel Drive,8.24025,Geo,Manual 5-spd,3.0,1.0
2896,Subcompact Cars,Regular,Front-Wheel Drive,11.7717857142857,Geo,Automatic 3-spd,4.0,1.3
2897,Subcompact Cars,Regular,Front-Wheel Drive,9.41742857142857,Geo,Manual 5-spd,4.0,1.3
2898,Subcompact Cars,Regular,Front-Wheel Drive,11.7717857142857,Honda,Automatic 4-spd,4.0,1.6
2899,Subcompact Cars,Regular,Front-Wheel Drive,12.2077777777778,Honda,Automatic 4-spd,4.0,1.6
2900,Subcompact Cars,Regular,Front-Wheel Drive,11.7717857142857,Honda,Manual 5-spd,4.0,1.6
2901,Subcompact Cars,Regular,Front-Wheel Drive,10.6325806451613,Honda,Manual 5-spd,4.0,1.6
2902,Subcompact Cars,Regular,Rear-Wheel Drive,12.6773076923077,Pontiac,Manual 4-spd,4.0,1.6
2903,Subcompact Cars,Regular,Front-Wheel Drive,10.3003125,Honda,Automatic (variable gear ratios),4.0,1.6
2904,Subcompact Cars,Regular,Front-Wheel Drive,9.15583333333333,Honda,Manual 5-spd,4.0,1.6
2905,Subcompact Cars,Regular,Front-Wheel Drive,15.6957142857143,Honda,Automatic 4-spd,4.0,2.2
2906,Subcompact Cars,Premium,Front-Wheel Drive,15.6957142857143,Honda,Manual 5-spd,4.0,2.2
2907,Subcompact Cars,Regular,Front-Wheel Drive,14.3308695652174,Honda,Manual 5-spd,4.0,2.2
2908,Subcompact Cars,Premium,Front-Wheel Drive,15.6957142857143,Honda,Automatic 4-spd,4.0,2.3
2909,Subcompact Cars,Premium,Front-Wheel Drive,15.6957142857143,Honda,Manual 5-spd,4.0,2.3
2910,Subcompact Cars,Premium,Rear-Wheel Drive,18.3116666666667,Infiniti,Automatic 4-spd,6.0,3.0
2911,Subcompact Cars,Premium,Rear-Wheel Drive,18.3116666666667,Lexus,Automatic 4-spd,6.0,3.0
2912,Subcompact Cars,Premium,Rear-Wheel Drive,17.3478947368421,Lexus,Manual 5-spd,6.0,3.0
2913,Subcompact Cars,Regular,Rear-Wheel Drive,12.6773076923077,Pontiac,Manual 5-spd,4.0,1.6
2914,Subcompact Cars,Premium,Rear-Wheel Drive,18.3116666666667,Lexus,Automatic 4-spd,8.0,4.0
2915,Subcompact Cars,Regular,Front-Wheel Drive,12.6773076923077,Mazda,Automatic 4-spd,4.0,1.6
2916,Subcompact Cars,Regular,Front-Wheel Drive,11.3658620689655,Mazda,Manual 5-spd,4.0,1.6
2917,Subcompact Cars,Regular,Front-Wheel Drive,16.4805,Mazda,Automatic 4-spd,6.0,1.8
2918,Subcompact Cars,Regular,Front-Wheel Drive,14.9822727272727,Mazda,Manual 5-spd,6.0,1.8
2919,Subcompact Cars,Regular,Front-Wheel Drive,14.3308695652174,Mazda,Automatic 4-spd,4.0,2.0
2920,Subcompact Cars,Regular,Front-Wheel Drive,12.6773076923077,Mazda,Manual 5-spd,4.0,2.0
2921,Subcompact Cars,Premium,Front-Wheel Drive,16.4805,Mazda,Automatic 4-spd,6.0,2.5
2922,Subcompact Cars,Premium,Front-Wheel Drive,16.4805,Mazda,Manual 5-spd,6.0,2.5
2923,Subcompact Cars,Premium,4-Wheel or All-Wheel Drive,17.3478947368421,Mitsubishi,Automatic 4-spd,4.0,2.0
2924,Subcompact Cars,Regular,Front-Wheel Drive,14.9822727272727,Subaru,Automatic 3-spd,4.0,1.8
2925,Subcompact Cars,Regular,Front-Wheel Drive,15.6957142857143,Mitsubishi,Automatic 4-spd,4.0,2.0
2926,Subcompact Cars,Premium,Front-Wheel Drive,16.4805,Mitsubishi,Automatic 4-spd,4.0,2.0
2927,Subcompact Cars,Premium,4-Wheel or All-Wheel Drive,15.6957142857143,Mitsubishi,Manual 5-spd,4.0,2.0
2928,Subcompact Cars,Regular,Front-Wheel Drive,14.3308695652174,Mitsubishi,Manual 5-spd,4.0,2.0
2929,Subcompact Cars,Premium,Front-Wheel Drive,13.73375,Mitsubishi,Manual 5-spd,4.0,2.0
2930,Subcompact Cars,Regular,Front-Wheel Drive,12.6773076923077,Mitsubishi,Automatic 3-spd,4.0,1.5
2931,Subcompact Cars,Regular,Front-Wheel Drive,10.6325806451613,Mitsubishi,Manual 5-spd,4.0,1.5
2932,Subcompact Cars,Regular,Front-Wheel Drive,13.1844,Mitsubishi,Automatic 4-spd,4.0,1.8
2933,Subcompact Cars,Regular,Front-Wheel Drive,13.1844,Mitsubishi,Manual 5-spd,4.0,1.8
2934,Subcompact Cars,Premium,Front-Wheel Drive,18.3116666666667,Mitsubishi,Automatic 4-spd,6.0,3.0
2935,Subcompact Cars,Regular,Front-Wheel Drive,13.1844,Subaru,Manual 5-spd,4.0,1.8
2936,Subcompact Cars,Premium,Front-Wheel Drive,17.3478947368421,Mitsubishi,Manual 5-spd,6.0,3.0
2937,Subcompact Cars,Premium,4-Wheel or All-Wheel Drive,18.3116666666667,Mitsubishi,Manual 6-spd,6.0,3.0
2938,Subcompact Cars,Premium,Front-Wheel Drive,18.3116666666667,Mitsubishi,Automatic 4-spd,6.0,3.0
2939,Subcompact Cars,Premium,4-Wheel or All-Wheel Drive,18.3116666666667,Mitsubishi,Manual 6-spd,6.0,3.0
2940,Subcompact Cars,Regular,Rear-Wheel Drive,16.4805,Pontiac,Automatic 4-spd,6.0,3.8
2941,Subcompact Cars,Regular,Rear-Wheel Drive,16.4805,Pontiac,Manual 5-spd,6.0,3.8
2942,Subcompact Cars,Regular,Rear-Wheel Drive,18.3116666666667,Pontiac,Automatic 4-spd,8.0,5.7
2943,Subcompact Cars,Regular,Rear-Wheel Drive,18.3116666666667,Pontiac,Manual 6-spd,8.0,5.7
2944,Subcompact Cars,Premium,Rear-Wheel Drive,27.4675,Rolls-Royce,Automatic 4-spd,8.0,6.8
2945,Subcompact Cars,Regular,Front-Wheel Drive,12.2077777777778,Saturn,Automatic 4-spd,4.0,1.9
2946,Subcompact Cars,Regular,Rear-Wheel Drive,12.6773076923077,Toyota,Automatic 4-spd,4.0,1.6
2947,Subcompact Cars,Regular,Front-Wheel Drive,13.1844,Saturn,Automatic 4-spd,4.0,1.9
2948,Subcompact Cars,Regular,Front-Wheel Drive,12.6773076923077,Saturn,Manual 5-spd,4.0,1.9
2949,Subcompact Cars,Regular,Front-Wheel Drive,11.3658620689655,Saturn,Manual 5-spd,4.0,1.9
2950,Subcompact Cars,Regular,Front-Wheel Drive,13.73375,Subaru,Automatic 4-spd,4.0,1.8
2951,Subcompact Cars,Regular,Front-Wheel Drive,13.73375,Subaru,Manual 5-spd,4.0,1.8
2952,Subcompact Cars,Regular,4-Wheel or All-Wheel Drive,14.3308695652174,Subaru,Manual 5-spd,4.0,1.8
2953,Subcompact Cars,Regular,4-Wheel or All-Wheel Drive,14.9822727272727,Subaru,Automatic 4-spd,4.0,2.2
2954,Subcompact Cars,Regular,4-Wheel or All-Wheel Drive,14.9822727272727,Subaru,Manual 5-spd,4.0,2.2
2955,Subcompact Cars,Premium,4-Wheel or All-Wheel Drive,18.3116666666667,Subaru,Automatic 4-spd,6.0,3.3
2956,Subcompact Cars,Regular,Front-Wheel Drive,12.6773076923077,Suzuki,Automatic 4-spd,4.0,1.6
2957,Subcompact Cars,Regular,Front-Wheel Drive,10.3003125,Toyota,Manual 4-spd,4.0,1.5
2958,Subcompact Cars,Regular,Front-Wheel Drive,11.3658620689655,Suzuki,Manual 5-spd,4.0,1.6
2959,Subcompact Cars,Regular,Front-Wheel Drive,11.7717857142857,Suzuki,Automatic 3-spd,4.0,1.3
2960,Subcompact Cars,Regular,Front-Wheel Drive,9.41742857142857,Suzuki,Manual 5-spd,4.0,1.3
2961,Subcompact Cars,Regular,Front-Wheel Drive,12.6773076923077,Toyota,Automatic 4-spd,4.0,1.8
2962,Subcompact Cars,Regular,Front-Wheel Drive,12.2077777777778,Toyota,Manual 5-spd,4.0,1.8
2963,Subcompact Cars,Regular,Front-Wheel Drive,14.9822727272727,Toyota,Automatic 4-spd,4.0,2.2
2964,Subcompact Cars,Regular,Front-Wheel Drive,14.9822727272727,Toyota,Manual 5-spd,4.0,2.2
2965,Subcompact Cars,Regular,Front-Wheel Drive,11.3658620689655,Toyota,Automatic 3-spd,4.0,1.5
2966,Subcompact Cars,Regular,Front-Wheel Drive,11.3658620689655,Toyota,Automatic 4-spd,4.0,1.5
2967,Subcompact Cars,Regular,Front-Wheel Drive,10.3003125,Toyota,Manual 4-spd,4.0,1.5
2968,Subcompact Cars,Regular,Front-Wheel Drive,11.3658620689655,Toyota,Manual 5-spd,4.0,1.5
2969,Subcompact Cars,Regular,Front-Wheel Drive,10.987,Toyota,Manual 5-spd,4.0,1.5
2970,Subcompact Cars,Regular,Front-Wheel Drive,14.9822727272727,Volkswagen,Automatic 4-spd,4.0,2.0
2971,Subcompact Cars,Regular,Front-Wheel Drive,14.3308695652174,Volkswagen,Manual 5-spd,4.0,2.0
2972,Compact Cars,Premium,Front-Wheel Drive,16.4805,Acura,Automatic 4-spd,5.0,2.5
2973,Compact Cars,Premium,Front-Wheel Drive,17.3478947368421,Acura,Automatic 4-spd,6.0,3.2
2974,Compact Cars,Premium,Front-Wheel Drive,17.3478947368421,Audi,Automatic 5-spd,6.0,2.8
2975,Compact Cars,Premium,Front-Wheel Drive,16.4805,Audi,Manual 5-spd,6.0,2.8
2976,Compact Cars,Premium,4-Wheel or All-Wheel Drive,17.3478947368421,Audi,Automatic 5-spd,6.0,2.8
2977,Compact Cars,Premium,4-Wheel or All-Wheel Drive,16.4805,Audi,Manual 5-spd,6.0,2.8
2978,Compact Cars,Premium,Front-Wheel Drive,17.3478947368421,Audi,Automatic 4-spd,6.0,2.8
2979,Compact Cars,Regular,Front-Wheel Drive,19.3888235294118,Buick,Automatic 4-spd,8.0,5.0
2980,Compact Cars,Premium,4-Wheel or All-Wheel Drive,17.3478947368421,Audi,Automatic 4-spd,6.0,2.8
2981,Compact Cars,Premium,Rear-Wheel Drive,14.3308695652174,BMW,Automatic 4-spd,4.0,1.9
2982,Compact Cars,Premium,Rear-Wheel Drive,14.3308695652174,BMW,Manual 5-spd,4.0,1.9
2983,Compact Cars,Regular,Front-Wheel Drive,14.3308695652174,Buick,Automatic 4-spd,4.0,2.4
2984,Compact Cars,Regular,Front-Wheel Drive,15.6957142857143,Buick,Automatic 4-spd,6.0,3.1
2985,Compact Cars,Regular,Front-Wheel Drive,13.73375,Chevrolet,Automatic 3-spd,4.0,2.2
2986,Compact Cars,Regular,Front-Wheel Drive,12.6773076923077,Chevrolet,Manual 5-spd,4.0,2.2
2987,Compact Cars,Regular,Front-Wheel Drive,15.6957142857143,Chevrolet,Automatic 4-spd,6.0,3.1
2988,Compact Cars,Regular,Front-Wheel Drive,13.73375,Chevrolet,Automatic 3-spd,4.0,2.2
2989,Compact Cars,Regular,Front-Wheel Drive,13.1844,Chevrolet,Automatic 4-spd,4.0,2.2
2990,Compact Cars,Premium,Front-Wheel Drive,17.3478947368421,Buick,Automatic 3-spd,4.0,1.8
2991,Compact Cars,Regular,Front-Wheel Drive,12.6773076923077,Chevrolet,Manual 5-spd,4.0,2.2
2992,Compact Cars,Regular,Front-Wheel Drive,14.3308695652174,Chevrolet,Automatic 4-spd,4.0,2.4
2993,Compact Cars,Regular,Front-Wheel Drive,14.3308695652174,Chevrolet,Manual 5-spd,4.0,2.4
2994,Compact Cars,Regular,Front-Wheel Drive,13.73375,Chevrolet,Automatic 3-spd,4.0,2.2
2995,Compact Cars,Regular,Front-Wheel Drive,15.6957142857143,Chevrolet,Automatic 4-spd,6.0,3.1
2996,Compact Cars,Regular,Front-Wheel Drive,15.6957142857143,Chrysler,Automatic 4-spd,4.0,2.0
2997,Compact Cars,Regular,Front-Wheel Drive,14.9822727272727,Chrysler,Manual 5-spd,4.0,2.0
2998,Compact Cars,Regular,Front-Wheel Drive,16.4805,Chrysler,Automatic 4-spd,6.0,2.5
2999,Compact Cars,Regular,Front-Wheel Drive,15.6957142857143,Nissan,Automatic 4-spd,4.0,2.4
3000,Compact Cars,Regular,Front-Wheel Drive,13.73375,Nissan,Manual 5-spd,4.0,2.4
3001,Subcompact Cars,Regular,Rear-Wheel Drive,14.3308695652174,Ford,Manual 4-spd,4.0,2.3
3002,Compact Cars,Premium,Front-Wheel Drive,14.9822727272727,Buick,Manual 4-spd,4.0,1.8
3003,Compact Cars,Regular,Front-Wheel Drive,15.6957142857143,Dodge,Automatic 4-spd,4.0,2.0
3004,Compact Cars,Regular,Front-Wheel Drive,14.3308695652174,Dodge,Manual 5-spd,4.0,2.0
3005,Compact Cars,Regular,Front-Wheel Drive,16.4805,Dodge,Automatic 4-spd,6.0,2.5
3006,Compact Cars,Regular,Front-Wheel Drive,13.1844,Dodge,Automatic 3-spd,4.0,2.0
3007,Compact Cars,Regular,Front-Wheel Drive,11.7717857142857,Dodge,Manual 5-spd,4.0,2.0
3008,Compact Cars,Regular,Front-Wheel Drive,14.3308695652174,Ford,Automatic 4-spd,4.0,2.0
3009,Compact Cars,Regular,Front-Wheel Drive,13.1844,Ford,Manual 5-spd,4.0,2.0
3010,Compact Cars,Regular,Front-Wheel Drive,15.6957142857143,Ford,Automatic 4-spd,6.0,2.5
3011,Compact Cars,Regular,Front-Wheel Drive,14.9822727272727,Ford,Manual 5-spd,6.0,2.5
3012,Compact Cars,Regular,Front-Wheel Drive,14.9822727272727,Ford,Automatic 4-spd,4.0,1.8
3013,Compact Cars,Regular,Front-Wheel Drive,14.9822727272727,Buick,Automatic 3-spd,4.0,2.0
3014,Compact Cars,Regular,Front-Wheel Drive,13.73375,Ford,Manual 5-spd,4.0,1.8
3015,Compact Cars,Regular,Front-Wheel Drive,13.1844,Ford,Automatic 4-spd,4.0,1.9
3016,Compact Cars,Regular,Front-Wheel Drive,10.987,Ford,Manual 5-spd,4.0,1.9
3017,Compact Cars,Regular,Front-Wheel Drive,13.1844,Geo,Automatic 3-spd,4.0,1.6
3018,Compact Cars,Regular,Front-Wheel Drive,11.3658620689655,Geo,Manual 5-spd,4.0,1.6
3019,Compact Cars,Regular,Front-Wheel Drive,12.6773076923077,Geo,Automatic 4-spd,4.0,1.8
3020,Compact Cars,Regular,Front-Wheel Drive,12.2077777777778,Geo,Manual 5-spd,4.0,1.8
3021,Compact Cars,Regular,Front-Wheel Drive,13.73375,Kia,Automatic 4-spd,4.0,1.6
3022,Compact Cars,Regular,Front-Wheel Drive,12.2077777777778,Kia,Manual 5-spd,4.0,1.6
3023,Compact Cars,Regular,Front-Wheel Drive,15.6957142857143,Kia,Automatic 4-spd,4.0,1.8
3024,Compact Cars,Regular,Front-Wheel Drive,13.1844,Buick,Manual 4-spd,4.0,2.0
3025,Compact Cars,Regular,Front-Wheel Drive,13.73375,Kia,Manual 5-spd,4.0,1.8
3026,Compact Cars,Regular,Front-Wheel Drive,14.3308695652174,Honda,Automatic 4-spd,4.0,2.2
3027,Compact Cars,Regular,Front-Wheel Drive,14.9822727272727,Honda,Automatic 4-spd,4.0,2.2
3028,Compact Cars,Regular,Front-Wheel Drive,13.1844,Honda,Manual 5-spd,4.0,2.2
3029,Compact Cars,Regular,Front-Wheel Drive,13.73375,Honda,Manual 5-spd,4.0,2.2
3030,Compact Cars,Regular,Front-Wheel Drive,17.3478947368421,Honda,Automatic 4-spd,6.0,2.7
3031,Compact Cars,Regular,Front-Wheel Drive,12.2077777777778,Hyundai,Automatic 4-spd,4.0,1.5
3032,Compact Cars,Regular,Front-Wheel Drive,12.6773076923077,Hyundai,Automatic 4-spd,4.0,1.5
3033,Compact Cars,Regular,Front-Wheel Drive,11.7717857142857,Hyundai,Manual 5-spd,4.0,1.5
3034,Compact Cars,Regular,Front-Wheel Drive,12.2077777777778,Hyundai,Manual 5-spd,4.0,1.5
3035,Compact Cars,Regular,Front-Wheel Drive,17.3478947368421,Buick,Automatic 3-spd,6.0,2.8
3036,Compact Cars,Regular,Front-Wheel Drive,13.1844,Hyundai,Automatic 4-spd,4.0,1.5
3037,Compact Cars,Regular,Front-Wheel Drive,12.2077777777778,Hyundai,Manual 5-spd,4.0,1.5
3038,Compact Cars,Regular,Front-Wheel Drive,14.3308695652174,Hyundai,Automatic 4-spd,4.0,1.8
3039,Compact Cars,Regular,Front-Wheel Drive,13.73375,Hyundai,Manual 5-spd,4.0,1.8
3040,Compact Cars,Regular,Front-Wheel Drive,14.9822727272727,Infiniti,Automatic 4-spd,4.0,2.0
3041,Compact Cars,Regular,Front-Wheel Drive,13.73375,Infiniti,Manual 5-spd,4.0,2.0
3042,Compact Cars,Premium,Rear-Wheel Drive,23.5435714285714,Jaguar,Automatic 4-spd,6.0,4.0
3043,Compact Cars,Premium,Rear-Wheel Drive,18.3116666666667,Jaguar,Automatic 4-spd,6.0,4.0
3044,Compact Cars,Regular,Front-Wheel Drive,15.6957142857143,Lexus,Automatic 4-spd,6.0,3.0
3045,Compact Cars,Regular,Front-Wheel Drive,14.3308695652174,Mercury,Automatic 4-spd,4.0,2.0
3046,Compact Cars,Regular,Front-Wheel Drive,18.3116666666667,Buick,Manual 4-spd,6.0,2.8
3047,Compact Cars,Regular,Front-Wheel Drive,13.1844,Mercury,Manual 5-spd,4.0,2.0
3048,Compact Cars,Regular,Front-Wheel Drive,15.6957142857143,Mercury,Automatic 4-spd,6.0,2.5
3049,Compact Cars,Regular,Front-Wheel Drive,14.9822727272727,Mercury,Manual 5-spd,6.0,2.5
3050,Compact Cars,Regular,Front-Wheel Drive,14.9822727272727,Mercury,Automatic 4-spd,4.0,1.8
3051,Compact Cars,Regular,Front-Wheel Drive,13.73375,Mercury,Manual 5-spd,4.0,1.8
3052,Compact Cars,Regular,Front-Wheel Drive,13.1844,Mercury,Automatic 4-spd,4.0,1.9
3053,Compact Cars,Regular,Front-Wheel Drive,10.987,Mercury,Manual 5-spd,4.0,1.9
3054,Compact Cars,Premium,Front-Wheel Drive,16.4805,Mazda,Automatic 4-spd,6.0,2.3
3055,Compact Cars,Premium,Front-Wheel Drive,16.4805,Mazda,Automatic 4-spd,6.0,2.5
3056,Compact Cars,Regular,Front-Wheel Drive,12.2077777777778,Mazda,Automatic 4-spd,4.0,1.5
3057,Compact Cars,Regular,Front-Wheel Drive,17.3478947368421,Buick,Automatic 3-spd,6.0,3.0
3058,Compact Cars,Regular,Front-Wheel Drive,10.987,Mazda,Manual 5-spd,4.0,1.5
3059,Compact Cars,Regular,Front-Wheel Drive,14.3308695652174,Mazda,Automatic 4-spd,4.0,1.8
3060,Compact Cars,Regular,Front-Wheel Drive,13.1844,Mazda,Manual 5-spd,4.0,1.8
3061,Compact Cars,Premium,Rear-Wheel Drive,14.3308695652174,Mercedes-Benz,Automatic 4-spd,4.0,2.2
3062,Compact Cars,Premium,Rear-Wheel Drive,17.3478947368421,Mercedes-Benz,Automatic 4-spd,6.0,2.8
3063,Compact Cars,Premium,Rear-Wheel Drive,18.3116666666667,Mercedes-Benz,Automatic 4-spd,6.0,3.6
3064,Compact Cars,Diesel,Rear-Wheel Drive,14.155,Mercedes-Benz,Automatic 4-spd,6.0,3.0
3065,Compact Cars,Premium,Rear-Wheel Drive,17.3478947368421,Mercedes-Benz,Automatic 4-spd,6.0,3.2
3066,Compact Cars,Premium,Rear-Wheel Drive,20.600625,Mercedes-Benz,Automatic 5-spd,8.0,5.0
3067,Compact Cars,Premium,Rear-Wheel Drive,23.5435714285714,Mercedes-Benz,Automatic 5-spd,12.0,6.0
3068,Compact Cars,Regular,Front-Wheel Drive,14.9822727272727,Cadillac,Automatic 3-spd,4.0,2.0
3069,Compact Cars,Premium,Front-Wheel Drive,18.3116666666667,Mitsubishi,Automatic 4-spd,6.0,3.0
3070,Compact Cars,Premium,Front-Wheel Drive,17.3478947368421,Mitsubishi,Automatic 4-spd,6.0,3.0
3071,Compact Cars,Regular,Front-Wheel Drive,14.9822727272727,Mitsubishi,Automatic 4-spd,4.0,2.4
3072,Compact Cars,Regular,Front-Wheel Drive,14.3308695652174,Mitsubishi,Manual 5-spd,4.0,2.4
3073,Compact Cars,Regular,Front-Wheel Drive,14.3308695652174,Oldsmobile,Automatic 4-spd,4.0,2.4
3074,Compact Cars,Regular,Front-Wheel Drive,14.3308695652174,Oldsmobile,Manual 5-spd,4.0,2.4
3075,Compact Cars,Regular,Front-Wheel Drive,15.6957142857143,Oldsmobile,Automatic 4-spd,6.0,3.1
3076,Compact Cars,Regular,Front-Wheel Drive,13.1844,Plymouth,Automatic 3-spd,4.0,2.0
3077,Compact Cars,Regular,Front-Wheel Drive,11.7717857142857,Plymouth,Manual 5-spd,4.0,2.0
3078,Compact Cars,Regular,Front-Wheel Drive,14.3308695652174,Pontiac,Automatic 4-spd,4.0,2.4
3079,Compact Cars,Regular,Front-Wheel Drive,13.73375,Cadillac,Manual 5-spd,4.0,2.0
3080,Compact Cars,Regular,Front-Wheel Drive,14.3308695652174,Pontiac,Manual 5-spd,4.0,2.4
3081,Compact Cars,Regular,Front-Wheel Drive,15.6957142857143,Pontiac,Automatic 4-spd,6.0,3.1
3082,Compact Cars,Regular,Front-Wheel Drive,13.73375,Pontiac,Automatic 3-spd,4.0,2.2
3083,Compact Cars,Regular,Front-Wheel Drive,13.1844,Pontiac,Automatic 4-spd,4.0,2.2
3084,Compact Cars,Regular,Front-Wheel Drive,12.6773076923077,Pontiac,Manual 5-spd,4.0,2.2
3085,Compact Cars,Regular,Front-Wheel Drive,14.3308695652174,Pontiac,Automatic 4-spd,4.0,2.4
3086,Compact Cars,Regular,Front-Wheel Drive,14.3308695652174,Pontiac,Manual 5-spd,4.0,2.4
3087,Compact Cars,Premium,Rear-Wheel Drive,27.4675,Rolls-Royce,Automatic 4-spd,8.0,6.8
3088,Compact Cars,Regular,Front-Wheel Drive,13.1844,Saturn,Automatic 4-spd,4.0,1.9
3089,Compact Cars,Regular,Front-Wheel Drive,12.2077777777778,Saturn,Automatic 4-spd,4.0,1.9
3090,Compact Cars,Regular,Front-Wheel Drive,17.3478947368421,Cadillac,Automatic 3-spd,6.0,2.8
3091,Compact Cars,Regular,Front-Wheel Drive,12.6773076923077,Saturn,Manual 5-spd,4.0,1.9
3092,Compact Cars,Regular,Front-Wheel Drive,11.3658620689655,Saturn,Manual 5-spd,4.0,1.9
3093,Compact Cars,Regular,Front-Wheel Drive,13.73375,Subaru,Automatic 4-spd,4.0,2.2
3094,Compact Cars,Regular,Front-Wheel Drive,13.1844,Subaru,Manual 5-spd,4.0,2.2
3095,Compact Cars,Regular,4-Wheel or All-Wheel Drive,14.9822727272727,Subaru,Automatic 4-spd,4.0,2.2
3096,Compact Cars,Regular,4-Wheel or All-Wheel Drive,14.9822727272727,Subaru,Manual 5-spd,4.0,2.2
3097,Compact Cars,Regular,4-Wheel or All-Wheel Drive,16.4805,Subaru,Automatic 4-spd,4.0,2.5
3098,Compact Cars,Regular,Front-Wheel Drive,13.1844,Toyota,Automatic 3-spd,4.0,1.6
3099,Compact Cars,Regular,Front-Wheel Drive,11.3658620689655,Toyota,Manual 5-spd,4.0,1.6
3100,Compact Cars,Regular,Front-Wheel Drive,12.6773076923077,Toyota,Automatic 4-spd,4.0,1.8
3101,Compact Cars,Regular,Front-Wheel Drive,18.3116666666667,Cadillac,Manual 4-spd,6.0,2.8
3102,Compact Cars,Regular,Front-Wheel Drive,12.2077777777778,Toyota,Manual 5-spd,4.0,1.8
3103,Compact Cars,Diesel,Front-Wheel Drive,10.0575,Volkswagen,Manual 5-spd,4.0,1.9
3104,Compact Cars,Regular,Front-Wheel Drive,14.9822727272727,Volkswagen,Automatic 4-spd,4.0,2.0
3105,Compact Cars,Regular,Front-Wheel Drive,14.3308695652174,Volkswagen,Manual 5-spd,4.0,2.0
3106,Compact Cars,Regular,Front-Wheel Drive,17.3478947368421,Volkswagen,Manual 5-spd,6.0,2.8
3107,Compact Cars,Diesel,Front-Wheel Drive,10.0575,Volkswagen,Manual 5-spd,4.0,1.9
3108,Compact Cars,Regular,Front-Wheel Drive,14.9822727272727,Volkswagen,Automatic 4-spd,4.0,2.0
3109,Compact Cars,Regular,Front-Wheel Drive,14.3308695652174,Volkswagen,Manual 5-spd,4.0,2.0
3110,Compact Cars,Regular,Front-Wheel Drive,17.3478947368421,Volkswagen,Automatic 4-spd,6.0,2.8
3111,Compact Cars,Regular,Front-Wheel Drive,17.3478947368421,Volkswagen,Manual 5-spd,6.0,2.8
3112,Subcompact Cars,Regular,Rear-Wheel Drive,17.3478947368421,Ford,Manual 5-spd,4.0,2.3
3113,Compact Cars,Regular,Front-Wheel Drive,14.9822727272727,Chevrolet,Automatic 3-spd,4.0,2.0
3114,Compact Cars,Premium,Rear-Wheel Drive,17.3478947368421,Volvo,Automatic 4-spd,6.0,2.9
3115,Midsize Cars,Premium,Front-Wheel Drive,17.3478947368421,Acura,Automatic 4-spd,6.0,3.5
3116,Midsize Cars,Regular,Front-Wheel Drive,13.73375,Buick,Automatic 3-spd,4.0,2.2
3117,Midsize Cars,Regular,Front-Wheel Drive,15.6957142857143,Buick,Automatic 4-spd,6.0,3.1
3118,Midsize Cars,Regular,Front-Wheel Drive,15.6957142857143,Buick,Automatic 4-spd,6.0,3.1
3119,Midsize Cars,Premium,Front-Wheel Drive,18.3116666666667,Cadillac,Automatic 4-spd,8.0,4.6
3120,Midsize Cars,Regular,Front-Wheel Drive,15.6957142857143,Chevrolet,Automatic 4-spd,6.0,3.1
3121,Midsize Cars,Regular,Front-Wheel Drive,18.3116666666667,Chevrolet,Automatic 4-spd,6.0,3.4
3122,Midsize Cars,Regular,Front-Wheel Drive,15.6957142857143,Chrysler,Automatic 4-spd,4.0,2.4
3123,Midsize Cars,Regular,Front-Wheel Drive,15.6957142857143,Chrysler,Automatic 4-spd,6.0,2.5
3124,Compact Cars,Regular,Front-Wheel Drive,13.1844,Chevrolet,Manual 4-spd,4.0,2.0
3125,Midsize Cars,Regular,Front-Wheel Drive,15.6957142857143,Chrysler,Automatic 4-spd,4.0,2.4
3126,Midsize Cars,Regular,Front-Wheel Drive,15.6957142857143,Chrysler,Automatic 4-spd,6.0,2.5
3127,Midsize Cars,Premium,Front-Wheel Drive,15.6957142857143,Nissan,Automatic 4-spd,6.0,3.0
3128,Midsize Cars,Premium,Front-Wheel Drive,15.6957142857143,Nissan,Manual 5-spd,6.0,3.0
3129,Midsize Cars,Regular,Front-Wheel Drive,14.9822727272727,Dodge,Automatic 4-spd,4.0,2.0
3130,Midsize Cars,Regular,Front-Wheel Drive,12.6773076923077,Dodge,Manual 5-spd,4.0,2.0
3131,Midsize Cars,Regular,Front-Wheel Drive,15.6957142857143,Dodge,Automatic 4-spd,4.0,2.4
3132,Midsize Cars,Regular,Front-Wheel Drive,16.4805,Dodge,Automatic 4-spd,6.0,2.5
3133,Midsize Cars,Regular,Front-Wheel Drive,15.6957142857143,Dodge,Automatic 4-spd,6.0,2.5
3134,Midsize Cars,Regular,Front-Wheel Drive,15.6957142857143,Ford,Automatic 4-spd,6.0,3.0
3135,Compact Cars,Regular,Front-Wheel Drive,13.73375,Chevrolet,Manual 5-spd,4.0,2.0
3136,Midsize Cars,Regular,Front-Wheel Drive,15.6957142857143,Ford,Automatic 4-spd,6.0,3.0
3137,Midsize Cars,Regular,Front-Wheel Drive,16.4805,Ford,Automatic 4-spd,6.0,3.0
3138,Midsize Cars,Premium,Front-Wheel Drive,18.3116666666667,Ford,Automatic 4-spd,8.0,3.4
3139,Midsize Cars,Regular,Rear-Wheel Drive,17.3478947368421,Ford,Automatic 4-spd,6.0,3.8
3140,Midsize Cars,Regular,Rear-Wheel Drive,18.3116666666667,Ford,Automatic 4-spd,8.0,4.6
3141,Midsize Cars,Regular,Front-Wheel Drive,15.6957142857143,Hyundai,Automatic 4-spd,4.0,2.0
3142,Midsize Cars,Regular,Front-Wheel Drive,14.9822727272727,Hyundai,Manual 5-spd,4.0,2.0
3143,Midsize Cars,Regular,Front-Wheel Drive,17.3478947368421,Hyundai,Automatic 4-spd,6.0,3.0
3144,Midsize Cars,Premium,Front-Wheel Drive,15.6957142857143,Infiniti,Automatic 4-spd,6.0,3.0
3145,Midsize Cars,Premium,Front-Wheel Drive,15.6957142857143,Infiniti,Manual 5-spd,6.0,3.0
3146,Compact Cars,Regular,Front-Wheel Drive,18.3116666666667,Chevrolet,Automatic 3-spd,6.0,2.8
3147,Midsize Cars,Premium,Rear-Wheel Drive,19.3888235294118,Infiniti,Automatic 4-spd,8.0,4.5
3148,Midsize Cars,Premium,Rear-Wheel Drive,19.3888235294118,Jaguar,Automatic 4-spd,6.0,4.0
3149,Midsize Cars,Premium,Rear-Wheel Drive,27.4675,Jaguar,Automatic 4-spd,12.0,6.0
3150,Midsize Cars,Premium,Rear-Wheel Drive,18.3116666666667,Lexus,Automatic 5-spd,6.0,3.0
3151,Midsize Cars,Premium,Rear-Wheel Drive,17.3478947368421,Lexus,Automatic 4-spd,8.0,4.0
3152,Midsize Cars,Regular,Rear-Wheel Drive,17.3478947368421,Mercury,Automatic 4-spd,6.0,3.8
3153,Midsize Cars,Regular,Rear-Wheel Drive,18.3116666666667,Mercury,Automatic 4-spd,8.0,4.6
3154,Midsize Cars,Premium,Rear-Wheel Drive,17.3478947368421,Lincoln,Automatic 4-spd,8.0,4.6
3155,Midsize Cars,Regular,Front-Wheel Drive,15.6957142857143,Mercury,Automatic 4-spd,6.0,3.0
3156,Midsize Cars,Regular,Front-Wheel Drive,15.6957142857143,Mercury,Automatic 4-spd,6.0,3.0
3157,Compact Cars,Regular,Front-Wheel Drive,18.3116666666667,Chevrolet,Manual 4-spd,6.0,2.8
3158,Midsize Cars,Regular,Front-Wheel Drive,14.3308695652174,Mazda,Automatic 4-spd,4.0,2.0
3159,Midsize Cars,Regular,Front-Wheel Drive,12.6773076923077,Mazda,Manual 5-spd,4.0,2.0
3160,Midsize Cars,Premium,Front-Wheel Drive,16.4805,Mazda,Automatic 4-spd,6.0,2.5
3161,Midsize Cars,Premium,Front-Wheel Drive,16.4805,Mazda,Manual 5-spd,6.0,2.5
3162,Midsize Cars,Premium,Front-Wheel Drive,18.3116666666667,Oldsmobile,Automatic 4-spd,8.0,4.0
3163,Midsize Cars,Regular,Front-Wheel Drive,13.73375,Oldsmobile,Automatic 3-spd,4.0,2.2
3164,Midsize Cars,Regular,Front-Wheel Drive,15.6957142857143,Oldsmobile,Automatic 4-spd,6.0,3.1
3165,Midsize Cars,Regular,Front-Wheel Drive,15.6957142857143,Oldsmobile,Automatic 4-spd,6.0,3.1
3166,Midsize Cars,Regular,Front-Wheel Drive,18.3116666666667,Oldsmobile,Automatic 4-spd,6.0,3.3
3167,Midsize Cars,Regular,Front-Wheel Drive,14.9822727272727,Plymouth,Automatic 4-spd,4.0,2.0
3168,Compact Cars,Regular,Front-Wheel Drive,17.3478947368421,Nissan,Manual 5-spd,6.0,3.0
3169,Midsize Cars,Regular,Front-Wheel Drive,12.6773076923077,Plymouth,Manual 5-spd,4.0,2.0
3170,Midsize Cars,Regular,Front-Wheel Drive,15.6957142857143,Plymouth,Automatic 4-spd,4.0,2.4
3171,Midsize Cars,Regular,Front-Wheel Drive,15.6957142857143,Pontiac,Automatic 4-spd,6.0,3.1
3172,Midsize Cars,Regular,Front-Wheel Drive,18.3116666666667,Pontiac,Automatic 4-spd,6.0,3.4
3173,Midsize Cars,Premium,Rear-Wheel Drive,27.4675,Rolls-Royce,Automatic 4-spd,8.0,6.8
3174,Midsize Cars,Premium,Rear-Wheel Drive,27.4675,Rolls-Royce,Automatic 4-spd,8.0,6.8
3175,Midsize Cars,Premium,Rear-Wheel Drive,27.4675,Rolls-Royce,Automatic 4-spd,8.0,6.8
3176,Midsize Cars,Regular,Front-Wheel Drive,15.6957142857143,Toyota,Automatic 4-spd,4.0,2.2
3177,Midsize Cars,Regular,Front-Wheel Drive,14.3308695652174,Toyota,Manual 5-spd,4.0,2.2
3178,Midsize Cars,Regular,Front-Wheel Drive,15.6957142857143,Toyota,Automatic 4-spd,6.0,3.0
3179,Compact Cars,Regular,Front-Wheel Drive,14.3308695652174,Nissan,Automatic 3-spd,4.0,2.0
3180,Midsize Cars,Diesel,Front-Wheel Drive,10.9195714285714,Volkswagen,Manual 5-spd,4.0,1.9
3181,Midsize Cars,Regular,Front-Wheel Drive,16.4805,Volkswagen,Automatic 4-spd,4.0,2.0
3182,Midsize Cars,Regular,Front-Wheel Drive,15.6957142857143,Volkswagen,Manual 5-spd,4.0,2.0
3183,Midsize Cars,Regular,Front-Wheel Drive,18.3116666666667,Volkswagen,Automatic 4-spd,6.0,2.8
3184,Midsize Cars,Regular,Front-Wheel Drive,17.3478947368421,Volkswagen,Manual 5-spd,6.0,2.8
3185,Midsize Cars,Premium,Front-Wheel Drive,17.3478947368421,Volvo,Automatic 4-spd,5.0,2.3
3186,Midsize Cars,Premium,Front-Wheel Drive,15.6957142857143,Volvo,Automatic 4-spd,5.0,2.4
3187,Midsize Cars,Premium,Front-Wheel Drive,15.6957142857143,Volvo,Manual 5-spd,5.0,2.4
3188,Large Cars,Premium,Rear-Wheel Drive,18.3116666666667,BMW,Automatic 5-spd,8.0,4.4
3189,Large Cars,Premium,Rear-Wheel Drive,21.974,BMW,Automatic 5-spd,12.0,5.4
3190,Compact Cars,Regular,Front-Wheel Drive,12.6773076923077,Nissan,Manual 5-spd,4.0,2.0
3191,Large Cars,Regular,Rear-Wheel Drive,18.3116666666667,Buick,Automatic 4-spd,8.0,5.7
3192,Large Cars,Premium,Front-Wheel Drive,18.3116666666667,Cadillac,Automatic 4-spd,8.0,4.6
3193,Large Cars,Regular,Rear-Wheel Drive,18.3116666666667,Cadillac,Automatic 4-spd,8.0,5.7
3194,Large Cars,Premium,Front-Wheel Drive,18.3116666666667,Cadillac,Automatic 4-spd,8.0,4.6
3195,Large Cars,Regular,Rear-Wheel Drive,17.3478947368421,Chevrolet,Automatic 4-spd,8.0,4.3
3196,Large Cars,Regular,Rear-Wheel Drive,18.3116666666667,Chevrolet,Automatic 4-spd,8.0,5.7
3197,Large Cars,Regular,Front-Wheel Drive,16.4805,Chrysler,Automatic 4-spd,6.0,3.3
3198,Large Cars,Regular,Front-Wheel Drive,18.3116666666667,Chrysler,Automatic 4-spd,6.0,3.5
3199,Large Cars,Regular,Front-Wheel Drive,18.3116666666667,Chrysler,Automatic 4-spd,6.0,3.5
3200,Large Cars,Regular,Front-Wheel Drive,16.4805,Dodge,Automatic 4-spd,6.0,3.3
3201,Compact Cars,Regular,Front-Wheel Drive,10.987,Dodge,Manual 4-spd,4.0,1.6
3202,Large Cars,Regular,Front-Wheel Drive,18.3116666666667,Dodge,Automatic 4-spd,6.0,3.5
3203,Large Cars,Regular,Front-Wheel Drive,17.3478947368421,Dodge,Automatic 4-spd,6.0,3.5
3204,Large Cars,Regular,Front-Wheel Drive,16.4805,Eagle,Automatic 4-spd,6.0,3.3
3205,Large Cars,Regular,Front-Wheel Drive,18.3116666666667,Eagle,Automatic 4-spd,6.0,3.5
3206,Large Cars,Regular,Front-Wheel Drive,18.3116666666667,Eagle,Automatic 4-spd,6.0,3.5
3207,Large Cars,Regular,Rear-Wheel Drive,18.3116666666667,Ford,Automatic 4-spd,8.0,4.6
3208,Large Cars,CNG,Rear-Wheel Drive,0.103333333333333,Ford,Automatic 4-spd,8.0,4.6
3209,Large Cars,Regular,Rear-Wheel Drive,19.3888235294118,Ford,Automatic 4-spd,8.0,4.6
3210,Large Cars,Premium,Front-Wheel Drive,18.3116666666667,Lincoln,Automatic 4-spd,8.0,4.6
3211,Large Cars,Regular,Rear-Wheel Drive,18.3116666666667,Mercury,Automatic 4-spd,8.0,4.6
3212,Compact Cars,Regular,Front-Wheel Drive,15.6957142857143,Dodge,Automatic 3-spd,4.0,2.2
3213,Large Cars,Regular,Rear-Wheel Drive,18.3116666666667,Lincoln,Automatic 4-spd,8.0,4.6
3214,Large Cars,Premium,Rear-Wheel Drive,18.3116666666667,Mercedes-Benz,Automatic 5-spd,6.0,3.2
3215,Large Cars,Premium,Rear-Wheel Drive,18.3116666666667,Mercedes-Benz,Automatic 5-spd,6.0,3.2
3216,Large Cars,Premium,Rear-Wheel Drive,20.600625,Mercedes-Benz,Automatic 5-spd,8.0,4.2
3217,Large Cars,Premium,Rear-Wheel Drive,20.600625,Mercedes-Benz,Automatic 5-spd,8.0,5.0
3218,Large Cars,Premium,Rear-Wheel Drive,23.5435714285714,Mercedes-Benz,Automatic 5-spd,12.0,6.0
3219,Large Cars,Premium,Front-Wheel Drive,18.3116666666667,Pontiac,Automatic 4-spd,6.0,3.8
3220,Large Cars,Premium,Rear-Wheel Drive,27.4675,Rolls-Royce,Automatic 4-spd,8.0,6.8
3221,Large Cars,Premium,Rear-Wheel Drive,27.4675,Rolls-Royce,Automatic 4-spd,8.0,6.8
3222,Large Cars,Regular,Front-Wheel Drive,15.6957142857143,Toyota,Automatic 4-spd,6.0,3.0
3223,Subcompact Cars,Regular,Rear-Wheel Drive,18.3116666666667,Ford,Automatic 3-spd,6.0,3.8
3224,Compact Cars,Regular,Front-Wheel Drive,13.1844,Dodge,Manual 5-spd,4.0,2.2
3225,Small Station Wagons,Premium,4-Wheel or All-Wheel Drive,17.3478947368421,Audi,Automatic 4-spd,6.0,2.8
3226,Small Station Wagons,Premium,Front-Wheel Drive,17.3478947368421,Audi,Automatic 4-spd,6.0,2.8
3227,Small Station Wagons,Regular,Front-Wheel Drive,13.1844,Ford,Automatic 4-spd,4.0,1.9
3228,Small Station Wagons,Regular,Front-Wheel Drive,10.987,Ford,Manual 5-spd,4.0,1.9
3229,Small Station Wagons,Regular,Front-Wheel Drive,15.6957142857143,Honda,Automatic 4-spd,4.0,2.2
3230,Small Station Wagons,Regular,Front-Wheel Drive,14.9822727272727,Honda,Automatic 4-spd,4.0,2.2
3231,Small Station Wagons,Regular,Front-Wheel Drive,14.9822727272727,Honda,Manual 5-spd,4.0,2.2
3232,Small Station Wagons,Regular,Front-Wheel Drive,14.9822727272727,Hyundai,Automatic 4-spd,4.0,1.8
3233,Small Station Wagons,Regular,Front-Wheel Drive,13.73375,Hyundai,Manual 5-spd,4.0,1.8
3234,Small Station Wagons,Regular,Front-Wheel Drive,13.1844,Mercury,Automatic 4-spd,4.0,1.9
3235,Compact Cars,Premium,Front-Wheel Drive,15.6957142857143,Dodge,Manual 5-spd,4.0,2.2
3236,Small Station Wagons,Regular,Front-Wheel Drive,10.987,Mercury,Manual 5-spd,4.0,1.9
3237,Small Station Wagons,Regular,Front-Wheel Drive,13.1844,Saturn,Automatic 4-spd,4.0,1.9
3238,Small Station Wagons,Regular,Front-Wheel Drive,12.2077777777778,Saturn,Automatic 4-spd,4.0,1.9
3239,Small Station Wagons,Regular,Front-Wheel Drive,12.6773076923077,Saturn,Manual 5-spd,4.0,1.9
3240,Small Station Wagons,Regular,Front-Wheel Drive,11.7717857142857,Saturn,Manual 5-spd,4.0,1.9
3241,Small Station Wagons,Regular,4-Wheel or All-Wheel Drive,14.9822727272727,Subaru,Automatic 4-spd,4.0,2.2
3242,Small Station Wagons,Regular,4-Wheel or All-Wheel Drive,14.9822727272727,Subaru,Manual 5-spd,4.0,2.2
3243,Small Station Wagons,Regular,Front-Wheel Drive,12.6773076923077,Toyota,Automatic 4-spd,4.0,1.8
3244,Small Station Wagons,Regular,Front-Wheel Drive,12.2077777777778,Toyota,Manual 5-spd,4.0,1.8
3245,Small Station Wagons,Premium,Rear-Wheel Drive,18.3116666666667,Volvo,Automatic 4-spd,6.0,2.5
3246,Compact Cars,Regular,Front-Wheel Drive,12.2077777777778,Ford,Manual 4-spd,4.0,1.6
3247,Small Station Wagons,Premium,Rear-Wheel Drive,17.3478947368421,Volvo,Automatic 4-spd,6.0,2.9
3248,Midsize-Large Station Wagons,Regular,Front-Wheel Drive,15.6957142857143,Buick,Automatic 4-spd,6.0,3.1
3249,Midsize-Large Station Wagons,Regular,Front-Wheel Drive,14.3308695652174,Eagle,Automatic 4-spd,4.0,1.8
3250,Midsize-Large Station Wagons,Regular,Front-Wheel Drive,14.3308695652174,Eagle,Manual 5-spd,4.0,1.8
3251,Midsize-Large Station Wagons,Regular,Front-Wheel Drive,16.4805,Eagle,Automatic 4-spd,4.0,2.4
3252,Midsize-Large Station Wagons,Regular,4-Wheel or All-Wheel Drive,18.3116666666667,Eagle,Automatic 4-spd,4.0,2.4
3253,Midsize-Large Station Wagons,Regular,4-Wheel or All-Wheel Drive,16.4805,Eagle,Manual 5-spd,4.0,2.4
3254,Midsize-Large Station Wagons,Regular,Front-Wheel Drive,14.9822727272727,Eagle,Manual 5-spd,4.0,2.4
3255,Midsize-Large Station Wagons,Regular,Front-Wheel Drive,16.4805,Ford,Automatic 4-spd,6.0,3.0
3256,Midsize-Large Station Wagons,Regular,Front-Wheel Drive,16.4805,Ford,Automatic 4-spd,6.0,3.0
3257,Compact Cars,Regular,Front-Wheel Drive,12.6773076923077,Ford,Manual 5-spd,4.0,1.6
3258,Midsize-Large Station Wagons,Regular,Front-Wheel Drive,17.3478947368421,Honda,Automatic 4-spd,4.0,2.2
3259,Midsize-Large Station Wagons,Regular,Front-Wheel Drive,17.3478947368421,Isuzu,Automatic 4-spd,4.0,2.2
3260,Midsize-Large Station Wagons,Regular,Front-Wheel Drive,16.4805,Mercury,Automatic 4-spd,6.0,3.0
3261,Midsize-Large Station Wagons,Regular,Front-Wheel Drive,16.4805,Mercury,Automatic 4-spd,6.0,3.0
3262,Midsize-Large Station Wagons,Regular,Front-Wheel Drive,16.4805,Mitsubishi,Automatic 4-spd,4.0,2.4
3263,Midsize-Large Station Wagons,Regular,Front-Wheel Drive,15.6957142857143,Oldsmobile,Automatic 4-spd,6.0,3.1
3264,Midsize-Large Station Wagons,Regular,Front-Wheel Drive,13.73375,Subaru,Automatic 4-spd,4.0,2.2
3265,Midsize-Large Station Wagons,Regular,4-Wheel or All-Wheel Drive,14.9822727272727,Subaru,Automatic 4-spd,4.0,2.2
3266,Midsize-Large Station Wagons,Regular,4-Wheel or All-Wheel Drive,14.9822727272727,Subaru,Manual 5-spd,4.0,2.2
3267,Midsize-Large Station Wagons,Regular,4-Wheel or All-Wheel Drive,16.4805,Subaru,Automatic 4-spd,4.0,2.5
3268,Compact Cars,Regular,Front-Wheel Drive,12.2077777777778,Ford,Manual 4-spd,4.0,1.9
3269,Midsize-Large Station Wagons,Regular,Front-Wheel Drive,15.6957142857143,Toyota,Automatic 4-spd,4.0,2.2
3270,Midsize-Large Station Wagons,Regular,Front-Wheel Drive,15.6957142857143,Toyota,Automatic 4-spd,6.0,3.0
3271,Midsize-Large Station Wagons,Diesel,Front-Wheel Drive,10.9195714285714,Volkswagen,Manual 5-spd,4.0,1.9
3272,Midsize-Large Station Wagons,Regular,Front-Wheel Drive,18.3116666666667,Volkswagen,Automatic 4-spd,6.0,2.8
3273,Midsize-Large Station Wagons,Regular,Front-Wheel Drive,17.3478947368421,Volkswagen,Manual 5-spd,6.0,2.8
3274,Midsize-Large Station Wagons,Premium,Front-Wheel Drive,17.3478947368421,Volvo,Automatic 4-spd,5.0,2.3
3275,Midsize-Large Station Wagons,Premium,Front-Wheel Drive,15.6957142857143,Volvo,Automatic 4-spd,5.0,2.4
3276,Midsize-Large Station Wagons,Premium,Front-Wheel Drive,15.6957142857143,Volvo,Manual 5-spd,5.0,2.4
3277,Midsize-Large Station Wagons,Regular,Rear-Wheel Drive,18.3116666666667,Buick,Automatic 4-spd,8.0,5.7
3278,Midsize-Large Station Wagons,Regular,Rear-Wheel Drive,18.3116666666667,Chevrolet,Automatic 4-spd,8.0,5.7
3279,Compact Cars,Regular,Front-Wheel Drive,12.2077777777778,Ford,Manual 5-spd,4.0,1.9
3280,Small Pickup Trucks,Regular,Rear-Wheel Drive,16.4805,Chevrolet,Automatic 4-spd,4.0,2.2
3281,Small Pickup Trucks,Regular,Rear-Wheel Drive,14.3308695652174,Chevrolet,Manual 5-spd,4.0,2.2
3282,Small Pickup Trucks,Regular,Rear-Wheel Drive,17.3478947368421,Chevrolet,Automatic 4-spd,6.0,4.3
3283,Small Pickup Trucks,Regular,Rear-Wheel Drive,17.3478947368421,Chevrolet,Manual 5-spd,6.0,4.3
3284,Small Pickup Trucks,Regular,Rear-Wheel Drive,17.3478947368421,Nissan,Automatic 4-spd,4.0,2.4
3285,Small Pickup Trucks,Regular,Rear-Wheel Drive,15.6957142857143,Nissan,Manual 5-spd,4.0,2.4
3286,Small Pickup Trucks,Regular,Rear-Wheel Drive,16.4805,GMC,Automatic 4-spd,4.0,2.2
3287,Small Pickup Trucks,Regular,Rear-Wheel Drive,14.3308695652174,GMC,Manual 5-spd,4.0,2.2
3288,Small Pickup Trucks,Regular,Rear-Wheel Drive,17.3478947368421,GMC,Automatic 4-spd,6.0,4.3
3289,Small Pickup Trucks,Regular,Rear-Wheel Drive,17.3478947368421,GMC,Manual 5-spd,6.0,4.3
3290,Compact Cars,Regular,Front-Wheel Drive,14.3308695652174,Ford,Automatic 3-spd,4.0,2.3
3291,Small Pickup Trucks,Regular,Rear-Wheel Drive,14.3308695652174,Isuzu,Manual 5-spd,4.0,2.2
3292,Small Pickup Trucks,Regular,Rear-Wheel Drive,18.3116666666667,Mitsubishi,Automatic 4-spd,4.0,2.4
3293,Small Pickup Trucks,Regular,Rear-Wheel Drive,16.4805,Mitsubishi,Manual 5-spd,4.0,2.4
3294,Small Pickup Trucks,Regular,Rear-Wheel Drive,15.6957142857143,Toyota,Automatic 4-spd,4.0,2.4
3295,Small Pickup Trucks,Regular,Rear-Wheel Drive,14.9822727272727,Toyota,Manual 5-spd,4.0,2.4
3296,Small Pickup Trucks,Regular,Rear-Wheel Drive,18.3116666666667,Toyota,Automatic 4-spd,6.0,3.4
3297,Small Pickup Trucks,Regular,Rear-Wheel Drive,18.3116666666667,Toyota,Manual 5-spd,6.0,3.4
3298,Standard Pickup Trucks,Regular,Rear-Wheel Drive,19.3888235294118,Chevrolet,Automatic 4-spd,6.0,4.3
3299,Standard Pickup Trucks,Regular,Rear-Wheel Drive,18.3116666666667,Chevrolet,Manual 5-spd,6.0,4.3
3300,Standard Pickup Trucks,Regular,Rear-Wheel Drive,21.974,Chevrolet,Automatic 4-spd,8.0,5.0
3301,Compact Cars,Regular,Front-Wheel Drive,13.73375,Ford,Manual 5-spd,4.0,2.3
3302,Standard Pickup Trucks,Regular,Rear-Wheel Drive,20.600625,Chevrolet,Manual 5-spd,8.0,5.0
3303,Standard Pickup Trucks,Regular,Rear-Wheel Drive,21.974,Chevrolet,Automatic 4-spd,8.0,5.7
3304,Standard Pickup Trucks,Regular,Rear-Wheel Drive,21.974,Chevrolet,Manual 5-spd,8.0,5.7
3305,Standard Pickup Trucks,Diesel,Rear-Wheel Drive,23.8865625,Chevrolet,Automatic 4-spd,8.0,6.5
3306,Standard Pickup Trucks,Regular,Rear-Wheel Drive,21.974,Chevrolet,Automatic 4-spd,8.0,5.0
3307,Standard Pickup Trucks,Regular,Rear-Wheel Drive,21.974,Chevrolet,Manual 5-spd,8.0,5.0
3308,Standard Pickup Trucks,Regular,Rear-Wheel Drive,21.974,Chevrolet,Automatic 4-spd,8.0,5.7
3309,Standard Pickup Trucks,Regular,Rear-Wheel Drive,25.3546153846154,Chevrolet,Manual 5-spd,8.0,5.7
3310,Standard Pickup Trucks,Diesel,Rear-Wheel Drive,23.8865625,Chevrolet,Automatic 4-spd,8.0,6.5
3311,Standard Pickup Trucks,Regular,Rear-Wheel Drive,16.4805,Dodge,Manual 5-spd,4.0,2.5
3312,Compact Cars,Regular,Front-Wheel Drive,14.9822727272727,Ford,Manual 5-spd,4.0,2.3
3313,Standard Pickup Trucks,Regular,Rear-Wheel Drive,20.600625,Dodge,Automatic 4-spd,6.0,3.9
3314,Standard Pickup Trucks,Regular,Rear-Wheel Drive,19.3888235294118,Dodge,Manual 5-spd,6.0,3.9
3315,Standard Pickup Trucks,Regular,Rear-Wheel Drive,23.5435714285714,Dodge,Automatic 4-spd,8.0,5.2
3316,Standard Pickup Trucks,Regular,Rear-Wheel Drive,21.974,Dodge,Manual 5-spd,8.0,5.2
3317,Standard Pickup Trucks,Regular,Rear-Wheel Drive,23.5435714285714,Dodge,Automatic 4-spd,6.0,3.9
3318,Standard Pickup Trucks,Regular,Rear-Wheel Drive,20.600625,Dodge,Manual 5-spd,6.0,3.9
3319,Standard Pickup Trucks,Regular,Rear-Wheel Drive,23.5435714285714,Dodge,Automatic 4-spd,8.0,5.2
3320,Standard Pickup Trucks,Regular,Rear-Wheel Drive,21.974,Dodge,Manual 5-spd,8.0,5.2
3321,Standard Pickup Trucks,Regular,Rear-Wheel Drive,25.3546153846154,Dodge,Automatic 4-spd,8.0,5.9
3322,Standard Pickup Trucks,Regular,Rear-Wheel Drive,23.5435714285714,Dodge,Automatic 4-spd,8.0,5.2
3323,Compact Cars,Regular,Rear-Wheel Drive,17.3478947368421,Ford,Manual 5-spd,4.0,2.3
3324,Standard Pickup Trucks,Regular,Rear-Wheel Drive,25.3546153846154,Dodge,Manual 5-spd,8.0,5.2
3325,Standard Pickup Trucks,Regular,Rear-Wheel Drive,25.3546153846154,Dodge,Automatic 4-spd,8.0,5.9
3326,Standard Pickup Trucks,Regular,Rear-Wheel Drive,27.4675,Dodge,Manual 5-spd,8.0,5.9
3327,Standard Pickup Trucks,Regular,Rear-Wheel Drive,23.5435714285714,Ford,Automatic 4-spd,6.0,4.9
3328,Standard Pickup Trucks,Regular,Rear-Wheel Drive,21.974,Ford,Manual 5-spd,6.0,4.9
3329,Standard Pickup Trucks,Regular,Rear-Wheel Drive,23.5435714285714,Ford,Automatic 4-spd,8.0,5.0
3330,Standard Pickup Trucks,Regular,Rear-Wheel Drive,21.974,Ford,Manual 5-spd,8.0,5.0
3331,Standard Pickup Trucks,Regular,Rear-Wheel Drive,25.3546153846154,Ford,Automatic 4-spd,8.0,5.8
3332,Standard Pickup Trucks,Regular,Rear-Wheel Drive,25.3546153846154,Ford,Automatic 4-spd,6.0,4.9
3333,Standard Pickup Trucks,Regular,Rear-Wheel Drive,23.5435714285714,Ford,Manual 5-spd,6.0,4.9
3334,Two Seaters,Regular,Front-Wheel Drive,12.6773076923077,Ford,Manual 5-spd,4.0,1.6
3335,Subcompact Cars,Regular,Rear-Wheel Drive,19.3888235294118,Ford,Manual 5-spd,8.0,5.0
3336,Compact Cars,Regular,Rear-Wheel Drive,18.3116666666667,Ford,Automatic 3-spd,6.0,3.8
3337,Standard Pickup Trucks,Regular,Rear-Wheel Drive,23.5435714285714,Ford,Automatic 4-spd,8.0,5.0
3338,Standard Pickup Trucks,Regular,Rear-Wheel Drive,23.5435714285714,Ford,Manual 5-spd,8.0,5.0
3339,Standard Pickup Trucks,Regular,Rear-Wheel Drive,25.3546153846154,Ford,Automatic 4-spd,8.0,5.8
3340,Standard Pickup Trucks,Regular,Rear-Wheel Drive,16.4805,Ford,Automatic 4-spd,4.0,2.3
3341,Standard Pickup Trucks,Regular,Rear-Wheel Drive,15.6957142857143,Ford,Manual 5-spd,4.0,2.3
3342,Standard Pickup Trucks,Regular,Rear-Wheel Drive,18.3116666666667,Ford,Automatic 4-spd,6.0,3.0
3343,Standard Pickup Trucks,Regular,Rear-Wheel Drive,17.3478947368421,Ford,Manual 5-spd,6.0,3.0
3344,Standard Pickup Trucks,Regular,Rear-Wheel Drive,19.3888235294118,Ford,Automatic 4-spd,6.0,4.0
3345,Standard Pickup Trucks,Regular,Rear-Wheel Drive,18.3116666666667,Ford,Manual 5-spd,6.0,4.0
3346,Standard Pickup Trucks,Regular,Rear-Wheel Drive,19.3888235294118,GMC,Automatic 4-spd,6.0,4.3
3347,Compact Cars,Regular,Rear-Wheel Drive,17.3478947368421,Ford,Automatic 4-spd,6.0,3.8
3348,Standard Pickup Trucks,Regular,Rear-Wheel Drive,18.3116666666667,GMC,Manual 5-spd,6.0,4.3
3349,Standard Pickup Trucks,Regular,Rear-Wheel Drive,21.974,GMC,Automatic 4-spd,8.0,5.0
3350,Standard Pickup Trucks,Regular,Rear-Wheel Drive,20.600625,GMC,Manual 5-spd,8.0,5.0
3351,Standard Pickup Trucks,Regular,Rear-Wheel Drive,21.974,GMC,Automatic 4-spd,8.0,5.7
3352,Standard Pickup Trucks,Regular,Rear-Wheel Drive,21.974,GMC,Manual 5-spd,8.0,5.7
3353,Standard Pickup Trucks,Diesel,Rear-Wheel Drive,23.8865625,GMC,Automatic 4-spd,8.0,6.5
3354,Standard Pickup Trucks,Regular,Rear-Wheel Drive,21.974,GMC,Automatic 4-spd,8.0,5.0
3355,Standard Pickup Trucks,Regular,Rear-Wheel Drive,21.974,GMC,Manual 5-spd,8.0,5.0
3356,Standard Pickup Trucks,Regular,Rear-Wheel Drive,23.5435714285714,GMC,Automatic 4-spd,8.0,5.7
3357,Standard Pickup Trucks,Regular,Rear-Wheel Drive,25.3546153846154,GMC,Manual 5-spd,8.0,5.7
3358,Compact Cars,Regular,Rear-Wheel Drive,23.5435714285714,Mercedes-Benz,Automatic 4-spd,8.0,5.0
3359,Standard Pickup Trucks,Diesel,Rear-Wheel Drive,23.8865625,GMC,Automatic 4-spd,8.0,6.5
3360,Standard Pickup Trucks,Regular,Rear-Wheel Drive,16.4805,Mazda,Automatic 4-spd,4.0,2.3
3361,Standard Pickup Trucks,Regular,Rear-Wheel Drive,15.6957142857143,Mazda,Manual 5-spd,4.0,2.3
3362,Standard Pickup Trucks,Regular,Rear-Wheel Drive,18.3116666666667,Mazda,Automatic 4-spd,6.0,3.0
3363,Standard Pickup Trucks,Regular,Rear-Wheel Drive,17.3478947368421,Mazda,Manual 5-spd,6.0,3.0
3364,Standard Pickup Trucks,Regular,Rear-Wheel Drive,19.3888235294118,Mazda,Automatic 4-spd,6.0,4.0
3365,Standard Pickup Trucks,Regular,Rear-Wheel Drive,18.3116666666667,Mazda,Manual 5-spd,6.0,4.0
3366,Standard Pickup Trucks,Regular,Rear-Wheel Drive,18.3116666666667,Toyota,Automatic 4-spd,4.0,2.7
3367,Standard Pickup Trucks,Regular,Rear-Wheel Drive,16.4805,Toyota,Manual 5-spd,4.0,2.7
3368,Compact Cars,Regular,Rear-Wheel Drive,17.3478947368421,Mercury,Manual 5-spd,4.0,2.3
3369,Standard Pickup Trucks,Regular,Rear-Wheel Drive,19.3888235294118,Toyota,Automatic 4-spd,6.0,3.4
3370,Standard Pickup Trucks,Regular,Rear-Wheel Drive,19.3888235294118,Toyota,Manual 5-spd,6.0,3.4
3371,Standard Pickup Trucks,Regular,4-Wheel or All-Wheel Drive,20.600625,Chevrolet,Automatic 4-spd,6.0,4.3
3372,Standard Pickup Trucks,Regular,4-Wheel or All-Wheel Drive,20.600625,Chevrolet,Manual 5-spd,6.0,4.3
3373,Standard Pickup Trucks,Regular,4-Wheel or All-Wheel Drive,23.5435714285714,Chevrolet,Automatic 4-spd,8.0,5.0
3374,Standard Pickup Trucks,Regular,4-Wheel or All-Wheel Drive,23.5435714285714,Chevrolet,Manual 5-spd,8.0,5.0
3375,Standard Pickup Trucks,Regular,4-Wheel or All-Wheel Drive,23.5435714285714,Chevrolet,Automatic 4-spd,8.0,5.7
3376,Standard Pickup Trucks,Regular,4-Wheel or All-Wheel Drive,23.5435714285714,Chevrolet,Manual 5-spd,8.0,5.7
3377,Standard Pickup Trucks,Diesel,4-Wheel or All-Wheel Drive,25.479,Chevrolet,Automatic 4-spd,8.0,6.5
3378,Standard Pickup Trucks,Regular,4-Wheel or All-Wheel Drive,19.3888235294118,Chevrolet,Automatic 4-spd,6.0,4.3
3379,Compact Cars,Regular,Rear-Wheel Drive,18.3116666666667,Mercury,Automatic 3-spd,6.0,3.8
3380,Standard Pickup Trucks,Regular,4-Wheel or All-Wheel Drive,19.3888235294118,Chevrolet,Manual 5-spd,6.0,4.3
3381,Standard Pickup Trucks,Regular,4-Wheel or All-Wheel Drive,20.600625,Nissan,Manual 5-spd,4.0,2.4
3382,Standard Pickup Trucks,Regular,4-Wheel or All-Wheel Drive,23.5435714285714,Dodge,Automatic 4-spd,6.0,3.9
3383,Standard Pickup Trucks,Regular,4-Wheel or All-Wheel Drive,21.974,Dodge,Manual 5-spd,6.0,3.9
3384,Standard Pickup Trucks,Regular,4-Wheel or All-Wheel Drive,25.3546153846154,Dodge,Automatic 4-spd,8.0,5.2
3385,Standard Pickup Trucks,Regular,4-Wheel or All-Wheel Drive,23.5435714285714,Dodge,Manual 5-spd,8.0,5.2
3386,Standard Pickup Trucks,Regular,4-Wheel or All-Wheel Drive,27.4675,Dodge,Automatic 4-spd,8.0,5.2
3387,Standard Pickup Trucks,Regular,4-Wheel or All-Wheel Drive,23.5435714285714,Dodge,Manual 5-spd,8.0,5.2
3388,Standard Pickup Trucks,Regular,4-Wheel or All-Wheel Drive,27.4675,Dodge,Automatic 4-spd,8.0,5.9
3389,Standard Pickup Trucks,Regular,4-Wheel or All-Wheel Drive,27.4675,Dodge,Automatic 4-spd,8.0,5.2
3390,Compact Cars,Regular,Front-Wheel Drive,12.2077777777778,Mercury,Manual 4-spd,4.0,1.6
3391,Standard Pickup Trucks,Regular,4-Wheel or All-Wheel Drive,27.4675,Dodge,Manual 5-spd,8.0,5.2
3392,Standard Pickup Trucks,Regular,4-Wheel or All-Wheel Drive,27.4675,Dodge,Automatic 4-spd,8.0,5.9
3393,Standard Pickup Trucks,Regular,4-Wheel or All-Wheel Drive,27.4675,Dodge,Manual 5-spd,8.0,5.9
3394,Standard Pickup Trucks,Regular,4-Wheel or All-Wheel Drive,25.3546153846154,Ford,Automatic 4-spd,6.0,4.9
3395,Standard Pickup Trucks,Regular,4-Wheel or All-Wheel Drive,23.5435714285714,Ford,Manual 5-spd,6.0,4.9
3396,Standard Pickup Trucks,Regular,4-Wheel or All-Wheel Drive,25.3546153846154,Ford,Automatic 4-spd,8.0,5.0
3397,Standard Pickup Trucks,Regular,4-Wheel or All-Wheel Drive,23.5435714285714,Ford,Manual 5-spd,8.0,5.0
3398,Standard Pickup Trucks,Regular,4-Wheel or All-Wheel Drive,27.4675,Ford,Automatic 4-spd,8.0,5.8
3399,Standard Pickup Trucks,Regular,4-Wheel or All-Wheel Drive,16.4805,Ford,Manual 5-spd,4.0,2.3
3400,Standard Pickup Trucks,Regular,4-Wheel or All-Wheel Drive,19.3888235294118,Ford,Automatic 4-spd,6.0,3.0
3401,Compact Cars,Regular,Front-Wheel Drive,12.2077777777778,Mercury,Manual 4-spd,4.0,1.9
3402,Standard Pickup Trucks,Regular,4-Wheel or All-Wheel Drive,18.3116666666667,Ford,Manual 5-spd,6.0,3.0
3403,Standard Pickup Trucks,Regular,4-Wheel or All-Wheel Drive,20.600625,Ford,Automatic 4-spd,6.0,4.0
3404,Standard Pickup Trucks,Regular,4-Wheel or All-Wheel Drive,19.3888235294118,Ford,Manual 5-spd,6.0,4.0
3405,Standard Pickup Trucks,Regular,4-Wheel or All-Wheel Drive,20.600625,GMC,Automatic 4-spd,6.0,4.3
3406,Standard Pickup Trucks,Regular,4-Wheel or All-Wheel Drive,20.600625,GMC,Manual 5-spd,6.0,4.3
3407,Standard Pickup Trucks,Regular,4-Wheel or All-Wheel Drive,23.5435714285714,GMC,Automatic 4-spd,8.0,5.0
3408,Standard Pickup Trucks,Regular,4-Wheel or All-Wheel Drive,21.974,GMC,Manual 5-spd,8.0,5.0
3409,Standard Pickup Trucks,Regular,4-Wheel or All-Wheel Drive,23.5435714285714,GMC,Automatic 4-spd,8.0,5.7
3410,Standard Pickup Trucks,Regular,4-Wheel or All-Wheel Drive,23.5435714285714,GMC,Manual 5-spd,8.0,5.7
3411,Standard Pickup Trucks,Diesel,4-Wheel or All-Wheel Drive,25.479,GMC,Automatic 4-spd,8.0,6.5
3412,Compact Cars,Regular,Front-Wheel Drive,12.2077777777778,Mercury,Manual 5-spd,4.0,1.9
3413,Standard Pickup Trucks,Regular,4-Wheel or All-Wheel Drive,19.3888235294118,GMC,Automatic 4-spd,6.0,4.3
3414,Standard Pickup Trucks,Regular,4-Wheel or All-Wheel Drive,19.3888235294118,GMC,Manual 5-spd,6.0,4.3
3415,Standard Pickup Trucks,Regular,4-Wheel or All-Wheel Drive,16.4805,Mazda,Manual 5-spd,4.0,2.3
3416,Standard Pickup Trucks,Regular,4-Wheel or All-Wheel Drive,19.3888235294118,Mazda,Automatic 4-spd,6.0,3.0
3417,Standard Pickup Trucks,Regular,4-Wheel or All-Wheel Drive,18.3116666666667,Mazda,Manual 5-spd,6.0,3.0
3418,Standard Pickup Trucks,Regular,4-Wheel or All-Wheel Drive,20.600625,Mazda,Automatic 4-spd,6.0,4.0
3419,Standard Pickup Trucks,Regular,4-Wheel or All-Wheel Drive,19.3888235294118,Mazda,Manual 5-spd,6.0,4.0
3420,Standard Pickup Trucks,Regular,4-Wheel or All-Wheel Drive,18.3116666666667,Toyota,Automatic 4-spd,4.0,2.7
3421,Standard Pickup Trucks,Regular,4-Wheel or All-Wheel Drive,18.3116666666667,Toyota,Manual 5-spd,4.0,2.7
3422,Standard Pickup Trucks,Regular,4-Wheel or All-Wheel Drive,20.600625,Toyota,Automatic 4-spd,6.0,3.4
3423,Compact Cars,Diesel,Front-Wheel Drive,11.2407352941176,Mercury,Manual 5-spd,4.0,2.0
3424,Standard Pickup Trucks,Regular,4-Wheel or All-Wheel Drive,20.600625,Toyota,Manual 5-spd,6.0,3.4
3425,Standard Pickup Trucks,Regular,4-Wheel or All-Wheel Drive,21.974,Toyota,Automatic 4-spd,6.0,3.4
3426,Standard Pickup Trucks,Regular,4-Wheel or All-Wheel Drive,20.600625,Toyota,Manual 5-spd,6.0,3.4
3427,Vans,Regular,4-Wheel or All-Wheel Drive,20.600625,Chevrolet,Automatic 4-spd,6.0,4.3
3428,Vans,Regular,Rear-Wheel Drive,19.3888235294118,Chevrolet,Automatic 4-spd,6.0,4.3
3429,Vans,Regular,Rear-Wheel Drive,21.974,Chevrolet,Automatic 4-spd,6.0,4.3
3430,Vans,Regular,Rear-Wheel Drive,23.5435714285714,Chevrolet,Automatic 4-spd,8.0,5.0
3431,Vans,Regular,Rear-Wheel Drive,23.5435714285714,Chevrolet,Automatic 4-spd,8.0,5.7
3432,Vans,Regular,Rear-Wheel Drive,23.5435714285714,Dodge,Automatic 3-spd,6.0,3.9
3433,Vans,Regular,Rear-Wheel Drive,27.4675,Dodge,Automatic 3-spd,8.0,5.2
3434,Compact Cars,Regular,Front-Wheel Drive,14.3308695652174,Mercury,Automatic 3-spd,4.0,2.3
3435,Vans,Regular,Rear-Wheel Drive,23.5435714285714,Dodge,Automatic 4-spd,8.0,5.2
3436,Vans,Regular,Rear-Wheel Drive,25.3546153846154,Dodge,Automatic 4-spd,8.0,5.9
3437,Vans,Regular,Rear-Wheel Drive,23.5435714285714,Dodge,Automatic 4-spd,8.0,5.2
3438,Vans,Regular,Rear-Wheel Drive,25.3546153846154,Dodge,Automatic 4-spd,8.0,5.9
3439,Vans,Regular,Rear-Wheel Drive,18.3116666666667,Ford,Automatic 4-spd,6.0,3.0
3440,Vans,Regular,Rear-Wheel Drive,25.3546153846154,Ford,Automatic 3-spd,6.0,4.9
3441,Vans,Regular,Rear-Wheel Drive,25.3546153846154,Ford,Automatic 4-spd,6.0,4.9
3442,Vans,Regular,Rear-Wheel Drive,23.5435714285714,Ford,Automatic 4-spd,8.0,5.0
3443,Vans,Regular,Rear-Wheel Drive,25.3546153846154,Ford,Automatic 4-spd,8.0,5.8
3444,Vans,Regular,Rear-Wheel Drive,27.4675,Ford,Automatic 3-spd,6.0,4.9
3445,Subcompact Cars,Regular,Rear-Wheel Drive,19.3888235294118,Ford,Automatic 4-spd,8.0,5.0
3446,Compact Cars,Regular,Front-Wheel Drive,13.73375,Mercury,Manual 5-spd,4.0,2.3
3447,Vans,Regular,Rear-Wheel Drive,27.4675,Ford,Automatic 4-spd,6.0,4.9
3448,Vans,Regular,Rear-Wheel Drive,25.3546153846154,Ford,Automatic 4-spd,8.0,5.8
3449,Vans,Regular,Rear-Wheel Drive,21.974,GMC,Automatic 4-spd,6.0,4.3
3450,Vans,Regular,Rear-Wheel Drive,23.5435714285714,GMC,Automatic 4-spd,8.0,5.0
3451,Vans,Regular,Rear-Wheel Drive,23.5435714285714,GMC,Automatic 4-spd,8.0,5.7
3452,Vans,Regular,4-Wheel or All-Wheel Drive,20.600625,GMC,Automatic 4-spd,6.0,4.3
3453,Vans,Regular,Rear-Wheel Drive,19.3888235294118,GMC,Automatic 4-spd,6.0,4.3
3454,Vans,Regular,4-Wheel or All-Wheel Drive,21.974,Chevrolet,Automatic 4-spd,6.0,4.3
3455,Vans,Regular,Rear-Wheel Drive,20.600625,Chevrolet,Automatic 4-spd,6.0,4.3
3456,Vans,Regular,Rear-Wheel Drive,21.974,Chevrolet,Automatic 4-spd,6.0,4.3
3457,Compact Cars,Regular,Front-Wheel Drive,14.9822727272727,Mercury,Manual 5-spd,4.0,2.3
3458,Vans,Regular,Rear-Wheel Drive,25.3546153846154,Chevrolet,Automatic 4-spd,8.0,5.0
3459,Vans,Regular,Rear-Wheel Drive,23.5435714285714,Chevrolet,Automatic 4-spd,8.0,5.7
3460,Vans,Regular,Rear-Wheel Drive,23.5435714285714,Dodge,Automatic 3-spd,6.0,3.9
3461,Vans,Regular,Rear-Wheel Drive,27.4675,Dodge,Automatic 3-spd,8.0,5.2
3462,Vans,Regular,Rear-Wheel Drive,25.3546153846154,Dodge,Automatic 4-spd,8.0,5.2
3463,Vans,Regular,Rear-Wheel Drive,25.3546153846154,Dodge,Automatic 4-spd,8.0,5.9
3464,Vans,Regular,Rear-Wheel Drive,25.3546153846154,Dodge,Automatic 4-spd,8.0,5.2
3465,Vans,Regular,Rear-Wheel Drive,29.9645454545455,Dodge,Automatic 4-spd,8.0,5.9
3466,Vans,Regular,4-Wheel or All-Wheel Drive,21.974,Ford,Automatic 4-spd,6.0,4.0
3467,Vans,Regular,Rear-Wheel Drive,19.3888235294118,Ford,Automatic 4-spd,6.0,3.0
3468,Compact Cars,Regular,Front-Wheel Drive,17.3478947368421,Oldsmobile,Automatic 3-spd,6.0,3.0
3469,Vans,Regular,Rear-Wheel Drive,19.3888235294118,Ford,Automatic 4-spd,6.0,4.0
3470,Vans,Regular,Rear-Wheel Drive,25.3546153846154,Ford,Automatic 4-spd,6.0,4.9
3471,Vans,Regular,Rear-Wheel Drive,23.5435714285714,Ford,Automatic 4-spd,8.0,5.0
3472,Vans,Regular,Rear-Wheel Drive,25.3546153846154,Ford,Automatic 4-spd,8.0,5.8
3473,Vans,Regular,Rear-Wheel Drive,21.974,GMC,Automatic 4-spd,6.0,4.3
3474,Vans,Regular,Rear-Wheel Drive,25.3546153846154,GMC,Automatic 4-spd,8.0,5.0
3475,Vans,Regular,Rear-Wheel Drive,23.5435714285714,GMC,Automatic 4-spd,8.0,5.7
3476,Vans,Regular,4-Wheel or All-Wheel Drive,21.974,GMC,Automatic 4-spd,6.0,4.3
3477,Vans,Regular,Rear-Wheel Drive,20.600625,GMC,Automatic 4-spd,6.0,4.3
3478,Vans,Regular,Rear-Wheel Drive,19.3888235294118,Toyota,Automatic 4-spd,4.0,2.4
3479,Compact Cars,Regular,Front-Wheel Drive,14.9822727272727,Oldsmobile,Automatic 3-spd,4.0,2.0
3480,Vans,Regular,4-Wheel or All-Wheel Drive,19.3888235294118,Toyota,Automatic 4-spd,4.0,2.4
3481,Special Purpose Vehicles,Regular,Rear-Wheel Drive,19.3888235294118,Chevrolet,Automatic 4-spd,6.0,4.3
3482,Special Purpose Vehicles,Regular,Rear-Wheel Drive,18.3116666666667,Chevrolet,Manual 5-spd,6.0,4.3
3483,Special Purpose Vehicles,Regular,Rear-Wheel Drive,23.5435714285714,Chevrolet,Automatic 4-spd,8.0,5.7
3484,Special Purpose Vehicles,Regular,Rear-Wheel Drive,23.5435714285714,Chevrolet,Automatic 4-spd,8.0,5.7
3485,Special Purpose Vehicles,Regular,Front-Wheel Drive,17.3478947368421,Chevrolet,Automatic 4-spd,6.0,3.4
3486,Special Purpose Vehicles,Regular,Rear-Wheel Drive,20.600625,Nissan,Automatic 4-spd,6.0,3.3
3487,Special Purpose Vehicles,Regular,Rear-Wheel Drive,20.600625,Nissan,Manual 5-spd,6.0,3.3
3488,Special Purpose Vehicles,Regular,Front-Wheel Drive,18.3116666666667,Nissan,Automatic 4-spd,6.0,3.0
3489,Special Purpose Vehicles,Regular,Front-Wheel Drive,18.3116666666667,Chrysler,Automatic 4-spd,6.0,3.3
3490,Compact Cars,Regular,Front-Wheel Drive,13.1844,Oldsmobile,Manual 4-spd,4.0,2.0
3491,Special Purpose Vehicles,Regular,Front-Wheel Drive,18.3116666666667,Chrysler,Automatic 4-spd,6.0,3.8
3492,Special Purpose Vehicles,Regular,Front-Wheel Drive,16.4805,Dodge,Automatic 3-spd,4.0,2.4
3493,Special Purpose Vehicles,Regular,Front-Wheel Drive,17.3478947368421,Dodge,Automatic 4-spd,4.0,2.4
3494,Special Purpose Vehicles,Regular,Front-Wheel Drive,17.3478947368421,Dodge,Automatic 3-spd,6.0,3.0
3495,Special Purpose Vehicles,Regular,Front-Wheel Drive,18.3116666666667,Dodge,Automatic 4-spd,6.0,3.3
3496,Special Purpose Vehicles,Regular,Front-Wheel Drive,18.3116666666667,Dodge,Automatic 4-spd,6.0,3.8
3497,Special Purpose Vehicles,Regular,Rear-Wheel Drive,17.3478947368421,Jeep,Manual 5-spd,4.0,2.5
3498,Special Purpose Vehicles,Regular,Rear-Wheel Drive,20.600625,Jeep,Automatic 4-spd,6.0,4.0
3499,Special Purpose Vehicles,Regular,Rear-Wheel Drive,18.3116666666667,Jeep,Manual 5-spd,6.0,4.0
3500,Special Purpose Vehicles,Regular,Rear-Wheel Drive,20.600625,Jeep,Automatic 4-spd,6.0,4.0
3501,Compact Cars,Regular,Front-Wheel Drive,17.3478947368421,Oldsmobile,Automatic 3-spd,6.0,2.8
3502,Special Purpose Vehicles,Regular,Rear-Wheel Drive,20.600625,Ford,Automatic 4-spd,6.0,4.0
3503,Special Purpose Vehicles,Regular,Rear-Wheel Drive,18.3116666666667,Ford,Manual 5-spd,6.0,4.0
3504,Special Purpose Vehicles,Regular,Rear-Wheel Drive,23.5435714285714,Ford,Automatic 4-spd,8.0,5.0
3505,Special Purpose Vehicles,Regular,Front-Wheel Drive,18.3116666666667,Ford,Automatic 4-spd,6.0,3.0
3506,Special Purpose Vehicles,Regular,Front-Wheel Drive,18.3116666666667,Ford,Automatic 4-spd,6.0,3.8
3507,Special Purpose Vehicles,Regular,Front-Wheel Drive,18.3116666666667,Ford,Automatic 4-spd,6.0,3.0
3508,Special Purpose Vehicles,Regular,Front-Wheel Drive,18.3116666666667,Ford,Automatic 4-spd,6.0,3.8
3509,Special Purpose Vehicles,Regular,Rear-Wheel Drive,17.3478947368421,Kia,Manual 5-spd,4.0,2.0
3510,Special Purpose Vehicles,Regular,Front-Wheel Drive,18.3116666666667,Mercury,Automatic 4-spd,6.0,3.0
3511,Special Purpose Vehicles,Regular,Front-Wheel Drive,18.3116666666667,Mercury,Automatic 4-spd,6.0,3.0
3512,Compact Cars,Regular,Front-Wheel Drive,18.3116666666667,Oldsmobile,Manual 4-spd,6.0,2.8
3513,Special Purpose Vehicles,Regular,Rear-Wheel Drive,15.6957142857143,Geo,Automatic 3-spd,4.0,1.6
3514,Special Purpose Vehicles,Regular,Rear-Wheel Drive,14.9822727272727,Geo,Manual 5-spd,4.0,1.6
3515,Special Purpose Vehicles,Regular,Rear-Wheel Drive,15.6957142857143,Geo,Automatic 4-spd,4.0,1.6
3516,Special Purpose Vehicles,Regular,Rear-Wheel Drive,14.9822727272727,Geo,Manual 5-spd,4.0,1.6
3517,Special Purpose Vehicles,Regular,Rear-Wheel Drive,23.5435714285714,GMC,Automatic 4-spd,8.0,5.7
3518,Special Purpose Vehicles,Regular,Rear-Wheel Drive,23.5435714285714,GMC,Automatic 4-spd,8.0,5.7
3519,Special Purpose Vehicles,Regular,Rear-Wheel Drive,19.3888235294118,GMC,Automatic 4-spd,6.0,4.3
3520,Special Purpose Vehicles,Regular,Rear-Wheel Drive,18.3116666666667,GMC,Manual 5-spd,6.0,4.3
3521,Special Purpose Vehicles,Regular,Rear-Wheel Drive,18.3116666666667,Isuzu,Manual 5-spd,4.0,2.6
3522,Special Purpose Vehicles,Regular,Rear-Wheel Drive,21.974,Isuzu,Automatic 4-spd,6.0,3.2
3523,Compact Cars,Regular,Front-Wheel Drive,10.987,Plymouth,Manual 4-spd,4.0,1.6
3524,Special Purpose Vehicles,Regular,Rear-Wheel Drive,20.600625,Isuzu,Manual 5-spd,6.0,3.2
3525,Special Purpose Vehicles,Regular,Rear-Wheel Drive,18.3116666666667,Honda,Manual 5-spd,4.0,2.6
3526,Special Purpose Vehicles,Regular,Rear-Wheel Drive,21.974,Honda,Automatic 4-spd,6.0,3.2
3527,Special Purpose Vehicles,Regular,Rear-Wheel Drive,20.600625,Honda,Manual 5-spd,6.0,3.2
3528,Special Purpose Vehicles,Regular,Rear-Wheel Drive,19.3888235294118,Mazda,Automatic 4-spd,6.0,3.0
3529,Special Purpose Vehicles,Regular,Front-Wheel Drive,17.3478947368421,Pontiac,Automatic 4-spd,6.0,3.4
3530,Special Purpose Vehicles,Regular,Front-Wheel Drive,16.4805,Plymouth,Automatic 3-spd,4.0,2.4
3531,Special Purpose Vehicles,Regular,Front-Wheel Drive,17.3478947368421,Plymouth,Automatic 4-spd,4.0,2.4
3532,Special Purpose Vehicles,Regular,Front-Wheel Drive,17.3478947368421,Plymouth,Automatic 3-spd,6.0,3.0
3533,Special Purpose Vehicles,Regular,Front-Wheel Drive,18.3116666666667,Plymouth,Automatic 4-spd,6.0,3.3
3534,Compact Cars,Regular,Front-Wheel Drive,15.6957142857143,Plymouth,Automatic 3-spd,4.0,2.2
3535,Special Purpose Vehicles,Regular,Rear-Wheel Drive,15.6957142857143,Suzuki,Automatic 3-spd,4.0,1.6
3536,Special Purpose Vehicles,Regular,Rear-Wheel Drive,14.9822727272727,Suzuki,Manual 5-spd,4.0,1.6
3537,Special Purpose Vehicles,Regular,Rear-Wheel Drive,15.6957142857143,Suzuki,Automatic 4-spd,4.0,1.6
3538,Special Purpose Vehicles,Regular,Rear-Wheel Drive,14.9822727272727,Suzuki,Manual 5-spd,4.0,1.6
3539,Special Purpose Vehicles,Regular,Front-Wheel Drive,17.3478947368421,Oldsmobile,Automatic 4-spd,6.0,3.4
3540,Special Purpose Vehicles,Regular,Front-Wheel Drive,14.3308695652174,Toyota,Automatic 4-spd,4.0,2.0
3541,Special Purpose Vehicles,Regular,Front-Wheel Drive,13.73375,Toyota,Manual 5-spd,4.0,2.0
3542,Special Purpose Vehicles,Regular,Rear-Wheel Drive,16.4805,Toyota,Automatic 4-spd,4.0,2.7
3543,Special Purpose Vehicles,Regular,Rear-Wheel Drive,16.4805,Toyota,Manual 5-spd,4.0,2.7
3544,Special Purpose Vehicles,Regular,Rear-Wheel Drive,19.3888235294118,Toyota,Automatic 4-spd,6.0,3.4
3545,Compact Cars,Regular,Front-Wheel Drive,13.1844,Plymouth,Manual 5-spd,4.0,2.2
3546,Special Purpose Vehicles,Regular,4-Wheel or All-Wheel Drive,23.5435714285714,Acura,Automatic 4-spd,6.0,3.2
3547,Special Purpose Vehicles,Regular,4-Wheel or All-Wheel Drive,21.974,Acura,Manual 5-spd,6.0,3.2
3548,Special Purpose Vehicles,Regular,4-Wheel or All-Wheel Drive,20.600625,Chevrolet,Automatic 4-spd,6.0,4.3
3549,Special Purpose Vehicles,Regular,4-Wheel or All-Wheel Drive,20.600625,Chevrolet,Automatic 4-spd,6.0,4.3
3550,Special Purpose Vehicles,Regular,4-Wheel or All-Wheel Drive,19.3888235294118,Chevrolet,Manual 5-spd,6.0,4.3
3551,Special Purpose Vehicles,Regular,4-Wheel or All-Wheel Drive,25.3546153846154,Chevrolet,Automatic 4-spd,8.0,5.7
3552,Special Purpose Vehicles,Regular,4-Wheel or All-Wheel Drive,23.5435714285714,Chevrolet,Automatic 4-spd,8.0,5.7
3553,Special Purpose Vehicles,Diesel,4-Wheel or All-Wheel Drive,25.479,Chevrolet,Automatic 4-spd,8.0,6.5
3554,Special Purpose Vehicles,Regular,4-Wheel or All-Wheel Drive,21.974,Nissan,Automatic 4-spd,6.0,3.3
3555,Special Purpose Vehicles,Regular,4-Wheel or All-Wheel Drive,20.600625,Nissan,Manual 5-spd,6.0,3.3
3556,Subcompact Cars,Regular,Front-Wheel Drive,13.73375,Honda,Automatic 4-spd,4.0,1.8
3557,Compact Cars,Regular,Front-Wheel Drive,17.3478947368421,Pontiac,Automatic 3-spd,6.0,3.0
3558,Special Purpose Vehicles,Regular,4-Wheel or All-Wheel Drive,20.600625,Chrysler,Automatic 4-spd,6.0,3.8
3559,Special Purpose Vehicles,Regular,4-Wheel or All-Wheel Drive,20.600625,Dodge,Automatic 4-spd,6.0,3.8
3560,Special Purpose Vehicles,Regular,4-Wheel or All-Wheel Drive,18.3116666666667,Jeep,Manual 5-spd,4.0,2.5
3561,Special Purpose Vehicles,Regular,4-Wheel or All-Wheel Drive,21.974,Jeep,Automatic 4-spd,6.0,4.0
3562,Special Purpose Vehicles,Regular,4-Wheel or All-Wheel Drive,19.3888235294118,Jeep,Manual 5-spd,6.0,4.0
3563,Special Purpose Vehicles,Regular,4-Wheel or All-Wheel Drive,20.600625,Jeep,Automatic 4-spd,6.0,4.0
3564,Special Purpose Vehicles,Regular,4-Wheel or All-Wheel Drive,23.5435714285714,Jeep,Automatic 4-spd,8.0,5.2
3565,Special Purpose Vehicles,Regular,4-Wheel or All-Wheel Drive,25.3546153846154,Ford,Automatic 4-spd,8.0,5.0
3566,Special Purpose Vehicles,Regular,4-Wheel or All-Wheel Drive,23.5435714285714,Ford,Manual 5-spd,8.0,5.0
3567,Special Purpose Vehicles,Regular,4-Wheel or All-Wheel Drive,27.4675,Ford,Automatic 4-spd,8.0,5.8
3568,Compact Cars,Premium,Front-Wheel Drive,17.3478947368421,Pontiac,Automatic 3-spd,4.0,1.8
3569,Special Purpose Vehicles,Regular,4-Wheel or All-Wheel Drive,21.974,Ford,Automatic 4-spd,6.0,4.0
3570,Special Purpose Vehicles,Regular,4-Wheel or All-Wheel Drive,20.600625,Ford,Manual 5-spd,6.0,4.0
3571,Special Purpose Vehicles,Regular,4-Wheel or All-Wheel Drive,23.5435714285714,Ford,Automatic 4-spd,8.0,5.0
3572,Special Purpose Vehicles,Regular,4-Wheel or All-Wheel Drive,18.3116666666667,Kia,Automatic 4-spd,4.0,2.0
3573,Special Purpose Vehicles,Regular,4-Wheel or All-Wheel Drive,18.3116666666667,Kia,Manual 5-spd,4.0,2.0
3574,Special Purpose Vehicles,Regular,4-Wheel or All-Wheel Drive,25.3546153846154,Lexus,Automatic 4-spd,6.0,4.5
3575,Special Purpose Vehicles,Regular,4-Wheel or All-Wheel Drive,15.6957142857143,Geo,Automatic 3-spd,4.0,1.6
3576,Special Purpose Vehicles,Regular,4-Wheel or All-Wheel Drive,14.9822727272727,Geo,Manual 5-spd,4.0,1.6
3577,Special Purpose Vehicles,Regular,4-Wheel or All-Wheel Drive,15.6957142857143,Geo,Automatic 4-spd,4.0,1.6
3578,Special Purpose Vehicles,Regular,4-Wheel or All-Wheel Drive,14.9822727272727,Geo,Manual 5-spd,4.0,1.6
3579,Compact Cars,Premium,Front-Wheel Drive,14.9822727272727,Pontiac,Manual 4-spd,4.0,1.8
3580,Special Purpose Vehicles,Regular,4-Wheel or All-Wheel Drive,20.600625,GMC,Automatic 4-spd,6.0,4.3
3581,Special Purpose Vehicles,Regular,4-Wheel or All-Wheel Drive,19.3888235294118,GMC,Automatic 4-spd,6.0,4.3
3582,Special Purpose Vehicles,Regular,4-Wheel or All-Wheel Drive,19.3888235294118,GMC,Manual 5-spd,6.0,4.3
3583,Special Purpose Vehicles,Regular,4-Wheel or All-Wheel Drive,25.3546153846154,GMC,Automatic 4-spd,8.0,5.7
3584,Special Purpose Vehicles,Regular,4-Wheel or All-Wheel Drive,23.5435714285714,GMC,Automatic 4-spd,8.0,5.7
3585,Special Purpose Vehicles,Diesel,4-Wheel or All-Wheel Drive,25.479,GMC,Automatic 4-spd,8.0,6.5
3586,Special Purpose Vehicles,Regular,4-Wheel or All-Wheel Drive,21.974,Isuzu,Automatic 4-spd,6.0,3.2
3587,Special Purpose Vehicles,Regular,4-Wheel or All-Wheel Drive,20.600625,Isuzu,Manual 5-spd,6.0,3.2
3588,Special Purpose Vehicles,Regular,4-Wheel or All-Wheel Drive,23.5435714285714,Isuzu,Automatic 4-spd,6.0,3.2
3589,Special Purpose Vehicles,Regular,4-Wheel or All-Wheel Drive,21.974,Isuzu,Manual 5-spd,6.0,3.2
3590,Compact Cars,Regular,Front-Wheel Drive,13.1844,Pontiac,Manual 4-spd,4.0,2.0
3591,Special Purpose Vehicles,Regular,4-Wheel or All-Wheel Drive,21.974,Honda,Automatic 4-spd,6.0,3.2
3592,Special Purpose Vehicles,Regular,4-Wheel or All-Wheel Drive,20.600625,Honda,Manual 5-spd,6.0,3.2
3593,Special Purpose Vehicles,Premium,4-Wheel or All-Wheel Drive,23.5435714285714,Land Rover,Automatic 4-spd,8.0,4.0
3594,Special Purpose Vehicles,Premium,4-Wheel or All-Wheel Drive,25.3546153846154,Land Rover,Automatic 4-spd,8.0,4.0
3595,Special Purpose Vehicles,Premium,4-Wheel or All-Wheel Drive,27.4675,Land Rover,Automatic 4-spd,8.0,4.6
3596,Special Purpose Vehicles,Regular,4-Wheel or All-Wheel Drive,21.974,Mitsubishi,Automatic 4-spd,6.0,3.0
3597,Special Purpose Vehicles,Regular,4-Wheel or All-Wheel Drive,21.974,Mitsubishi,Automatic 4-spd,6.0,3.0
3598,Special Purpose Vehicles,Regular,4-Wheel or All-Wheel Drive,21.974,Mitsubishi,Manual 5-spd,6.0,3.0
3599,Special Purpose Vehicles,Regular,4-Wheel or All-Wheel Drive,21.974,Mitsubishi,Manual 5-spd,6.0,3.0
3600,Special Purpose Vehicles,Premium,4-Wheel or All-Wheel Drive,23.5435714285714,Mitsubishi,Automatic 4-spd,6.0,3.5
3601,Compact Cars,Regular,Front-Wheel Drive,13.73375,Subaru,Automatic 3-spd,4.0,1.8
3602,Special Purpose Vehicles,Regular,4-Wheel or All-Wheel Drive,21.974,Mazda,Automatic 4-spd,6.0,3.0
3603,Special Purpose Vehicles,Regular,4-Wheel or All-Wheel Drive,20.600625,Plymouth,Automatic 4-spd,6.0,3.8
3604,Special Purpose Vehicles,Regular,4-Wheel or All-Wheel Drive,16.4805,Suzuki,Automatic 4-spd,4.0,1.8
3605,Special Purpose Vehicles,Regular,4-Wheel or All-Wheel Drive,15.6957142857143,Suzuki,Manual 5-spd,4.0,1.8
3606,Special Purpose Vehicles,Regular,4-Wheel or All-Wheel Drive,15.6957142857143,Suzuki,Automatic 3-spd,4.0,1.6
3607,Special Purpose Vehicles,Regular,4-Wheel or All-Wheel Drive,14.9822727272727,Suzuki,Manual 5-spd,4.0,1.6
3608,Special Purpose Vehicles,Regular,4-Wheel or All-Wheel Drive,15.6957142857143,Suzuki,Automatic 4-spd,4.0,1.6
3609,Special Purpose Vehicles,Regular,4-Wheel or All-Wheel Drive,14.9822727272727,Suzuki,Manual 5-spd,4.0,1.6
3610,Special Purpose Vehicles,Regular,4-Wheel or All-Wheel Drive,20.600625,Oldsmobile,Automatic 4-spd,6.0,4.3
3611,Special Purpose Vehicles,Regular,4-Wheel or All-Wheel Drive,25.3546153846154,Toyota,Automatic 4-spd,6.0,4.5
3612,Compact Cars,Regular,Front-Wheel Drive,12.6773076923077,Toyota,Automatic 3-spd,4.0,1.6
3613,Special Purpose Vehicles,Regular,4-Wheel or All-Wheel Drive,15.6957142857143,Toyota,Automatic 4-spd,4.0,2.0
3614,Special Purpose Vehicles,Regular,4-Wheel or All-Wheel Drive,15.6957142857143,Toyota,Manual 5-spd,4.0,2.0
3615,Special Purpose Vehicles,Regular,4-Wheel or All-Wheel Drive,18.3116666666667,Toyota,Automatic 4-spd,4.0,2.7
3616,Special Purpose Vehicles,Regular,4-Wheel or All-Wheel Drive,19.3888235294118,Toyota,Manual 5-spd,4.0,2.7
3617,Special Purpose Vehicles,Regular,4-Wheel or All-Wheel Drive,20.600625,Toyota,Automatic 4-spd,6.0,3.4
3618,Special Purpose Vehicles,Regular,4-Wheel or All-Wheel Drive,20.600625,Toyota,Manual 5-spd,6.0,3.4
3619,Special Purpose Vehicles,Regular,Rear-Wheel Drive,18.3116666666667,Buick,Automatic 4-spd,8.0,5.7
3620,Two Seaters,Premium,Rear-Wheel Drive,14.3308695652174,BMW,Automatic 4-spd,4.0,1.9
3621,Two Seaters,Premium,Rear-Wheel Drive,14.3308695652174,BMW,Manual 5-spd,4.0,1.9
3622,Two Seaters,Premium,Rear-Wheel Drive,29.9645454545455,Ferrari,Manual 6-spd,8.0,3.5
3623,Compact Cars,Regular,Rear-Wheel Drive,19.3888235294118,Volvo,Manual 4-spd,4.0,2.1
3624,Two Seaters,Regular,Front-Wheel Drive,12.2077777777778,Honda,Automatic 4-spd,4.0,1.6
3625,Two Seaters,Regular,Front-Wheel Drive,12.2077777777778,Honda,Automatic 4-spd,4.0,1.6
3626,Two Seaters,Regular,Front-Wheel Drive,10.6325806451613,Honda,Manual 5-spd,4.0,1.6
3627,Two Seaters,Premium,Front-Wheel Drive,13.1844,Honda,Manual 5-spd,4.0,1.6
3628,Two Seaters,Regular,Front-Wheel Drive,11.7717857142857,Honda,Manual 5-spd,4.0,1.6
3629,Two Seaters,Premium,4-Wheel or All-Wheel Drive,32.961,Lamborghini,Manual 5-spd,12.0,5.7
3630,Two Seaters,Premium,Rear-Wheel Drive,20.600625,Lotus,Manual 5-spd,8.0,3.5
3631,Two Seaters,Regular,Rear-Wheel Drive,14.9822727272727,Mazda,Automatic 4-spd,4.0,1.8
3632,Two Seaters,Regular,Rear-Wheel Drive,14.9822727272727,Mazda,Manual 5-spd,4.0,1.8
3633,Two Seaters,Premium,Rear-Wheel Drive,18.3116666666667,Mercedes-Benz,Automatic 5-spd,6.0,3.2
3634,Midsize Cars,Regular,Front-Wheel Drive,19.3888235294118,Audi,Automatic 3-spd,5.0,2.1
3635,Two Seaters,Premium,Rear-Wheel Drive,20.600625,Mercedes-Benz,Automatic 5-spd,8.0,5.0
3636,Two Seaters,Premium,Rear-Wheel Drive,23.5435714285714,Mercedes-Benz,Automatic 5-spd,12.0,6.0
3637,Two Seaters,Regular,Rear-Wheel Drive,14.9822727272727,Suzuki,Automatic 4-spd,4.0,1.6
3638,Two Seaters,Regular,Rear-Wheel Drive,13.73375,Suzuki,Manual 5-spd,4.0,1.6
3639,Two Seaters,Regular,4-Wheel or All-Wheel Drive,14.9822727272727,Suzuki,Automatic 4-spd,4.0,1.6
3640,Two Seaters,Regular,4-Wheel or All-Wheel Drive,13.73375,Suzuki,Manual 5-spd,4.0,1.6
3641,Two Seaters,Premium,Rear-Wheel Drive,36.6233333333333,Vector,Manual 5-spd,12.0,5.7
3642,Minicompact Cars,Premium,Rear-Wheel Drive,21.974,Aston Martin,Automatic 4-spd,6.0,3.2
3643,Minicompact Cars,Premium,Rear-Wheel Drive,21.974,Aston Martin,Manual 5-spd,6.0,3.2
3644,Minicompact Cars,Premium,Rear-Wheel Drive,21.974,Aston Martin,Automatic 4-spd,6.0,3.2
3645,Midsize Cars,Regular,Front-Wheel Drive,17.3478947368421,Buick,Automatic 3-spd,6.0,3.0
3646,Minicompact Cars,Premium,Rear-Wheel Drive,21.974,Aston Martin,Manual 5-spd,6.0,3.2
3647,Minicompact Cars,Premium,Front-Wheel Drive,17.3478947368421,Audi,Automatic 4-spd,6.0,2.8
3648,Minicompact Cars,Premium,Rear-Wheel Drive,14.9822727272727,BMW,Automatic 4-spd,4.0,1.9
3649,Minicompact Cars,Premium,Rear-Wheel Drive,14.3308695652174,BMW,Manual 5-spd,4.0,1.9
3650,Minicompact Cars,Premium,Rear-Wheel Drive,17.3478947368421,BMW,Automatic 4-spd,6.0,2.8
3651,Minicompact Cars,Premium,Rear-Wheel Drive,15.6957142857143,BMW,Manual 5-spd,6.0,2.8
3652,Minicompact Cars,Premium,Rear-Wheel Drive,15.6957142857143,Nissan,Automatic 4-spd,4.0,2.4
3653,Minicompact Cars,Premium,Rear-Wheel Drive,14.9822727272727,Nissan,Manual 5-spd,4.0,2.4
3654,Minicompact Cars,Premium,Front-Wheel Drive,16.4805,Mitsubishi,Automatic 4-spd,4.0,2.0
3655,Minicompact Cars,Premium,Front-Wheel Drive,13.73375,Mitsubishi,Manual 5-spd,4.0,2.0
3656,Midsize Cars,Regular,Front-Wheel Drive,18.3116666666667,Buick,Automatic 4-spd,6.0,3.0
3657,Minicompact Cars,Regular,Front-Wheel Drive,16.4805,Mitsubishi,Automatic 4-spd,4.0,2.4
3658,Minicompact Cars,Regular,Front-Wheel Drive,14.9822727272727,Mitsubishi,Manual 5-spd,4.0,2.4
3659,Minicompact Cars,Premium,Rear-Wheel Drive,18.3116666666667,Porsche,Automatic 4-spd,6.0,3.6
3660,Minicompact Cars,Premium,Rear-Wheel Drive,18.3116666666667,Porsche,Manual 6-spd,6.0,3.6
3661,Minicompact Cars,Premium,4-Wheel or All-Wheel Drive,19.3888235294118,Porsche,Manual 6-spd,6.0,3.6
3662,Minicompact Cars,Premium,4-Wheel or All-Wheel Drive,23.5435714285714,Porsche,Manual 6-spd,6.0,3.6
3663,Minicompact Cars,Regular,Front-Wheel Drive,14.9822727272727,Toyota,Automatic 4-spd,4.0,2.2
3664,Minicompact Cars,Regular,Front-Wheel Drive,14.9822727272727,Toyota,Manual 5-spd,4.0,2.2
3665,Minicompact Cars,Regular,Front-Wheel Drive,12.6773076923077,Toyota,Automatic 4-spd,4.0,1.5
3666,Minicompact Cars,Regular,Front-Wheel Drive,11.3658620689655,Toyota,Manual 5-spd,4.0,1.5
3667,Subcompact Cars,Regular,Front-Wheel Drive,12.6773076923077,Honda,Manual 5-spd,4.0,1.8
3668,Midsize Cars,Diesel,Front-Wheel Drive,14.155,Buick,Automatic 3-spd,6.0,4.3
3669,Minicompact Cars,Regular,Front-Wheel Drive,12.6773076923077,Toyota,Automatic 4-spd,4.0,1.5
3670,Minicompact Cars,Regular,Front-Wheel Drive,11.7717857142857,Toyota,Manual 5-spd,4.0,1.5
3671,Minicompact Cars,Premium,Rear-Wheel Drive,17.3478947368421,Toyota,Automatic 4-spd,6.0,3.0
3672,Minicompact Cars,Premium,Rear-Wheel Drive,18.3116666666667,Toyota,Automatic 4-spd,6.0,3.0
3673,Minicompact Cars,Premium,Rear-Wheel Drive,18.3116666666667,Toyota,Manual 5-spd,6.0,3.0
3674,Minicompact Cars,Premium,Rear-Wheel Drive,18.3116666666667,Toyota,Manual 6-spd,6.0,3.0
3675,Subcompact Cars,Premium,Front-Wheel Drive,13.1844,Acura,Manual 5-spd,4.0,1.8
3676,Subcompact Cars,Regular,Front-Wheel Drive,13.73375,Acura,Automatic 4-spd,4.0,1.8
3677,Subcompact Cars,Regular,Front-Wheel Drive,13.1844,Acura,Manual 5-spd,4.0,1.8
3678,Subcompact Cars,Regular,Front-Wheel Drive,14.9822727272727,Acura,Automatic 4-spd,4.0,2.2
3679,Midsize Cars,Regular,Rear-Wheel Drive,18.3116666666667,Buick,Automatic 3-spd,6.0,3.8
3680,Subcompact Cars,Regular,Front-Wheel Drive,13.73375,Acura,Manual 5-spd,4.0,2.2
3681,Subcompact Cars,Regular,Front-Wheel Drive,16.4805,Acura,Automatic 4-spd,6.0,3.0
3682,Subcompact Cars,Premium,Rear-Wheel Drive,16.4805,BMW,Automatic 5-spd,6.0,3.2
3683,Subcompact Cars,Premium,Rear-Wheel Drive,15.6957142857143,BMW,Manual 5-spd,6.0,3.2
3684,Subcompact Cars,Premium,Rear-Wheel Drive,14.9822727272727,BMW,Automatic 4-spd,4.0,1.9
3685,Subcompact Cars,Premium,Rear-Wheel Drive,14.3308695652174,BMW,Manual 5-spd,4.0,1.9
3686,Subcompact Cars,Premium,Rear-Wheel Drive,17.3478947368421,BMW,Automatic 4-spd,6.0,2.8
3687,Subcompact Cars,Premium,Rear-Wheel Drive,15.6957142857143,BMW,Manual 5-spd,6.0,2.8
3688,Subcompact Cars,Premium,Rear-Wheel Drive,21.974,BMW,Automatic 5-spd,8.0,4.4
3689,Subcompact Cars,Premium,Rear-Wheel Drive,21.974,BMW,Automatic 5-spd,12.0,5.4
3690,Midsize Cars,Regular,Rear-Wheel Drive,17.3478947368421,Buick,Automatic 4-spd,6.0,4.3
3691,Subcompact Cars,Regular,Rear-Wheel Drive,16.4805,Chevrolet,Automatic 4-spd,6.0,3.8
3692,Subcompact Cars,Regular,Rear-Wheel Drive,16.4805,Chevrolet,Manual 5-spd,6.0,3.8
3693,Subcompact Cars,Premium,Rear-Wheel Drive,18.3116666666667,Chevrolet,Automatic 4-spd,8.0,5.7
3694,Subcompact Cars,Premium,Rear-Wheel Drive,18.3116666666667,Chevrolet,Manual 6-spd,8.0,5.7
3695,Subcompact Cars,Regular,Front-Wheel Drive,12.2077777777778,Nissan,Automatic 4-spd,4.0,1.6
3696,Subcompact Cars,Regular,Front-Wheel Drive,11.3658620689655,Nissan,Manual 5-spd,4.0,1.6
3697,Subcompact Cars,Regular,Front-Wheel Drive,14.3308695652174,Nissan,Automatic 4-spd,4.0,2.0
3698,Subcompact Cars,Regular,Front-Wheel Drive,13.73375,Nissan,Manual 5-spd,4.0,2.0
3699,Subcompact Cars,Premium,Front-Wheel Drive,16.4805,Eagle,Automatic 4-spd,4.0,2.0
3700,Subcompact Cars,Regular,Front-Wheel Drive,14.9822727272727,Eagle,Automatic 4-spd,4.0,2.0
3701,Midsize Cars,Regular,Front-Wheel Drive,19.3888235294118,Buick,Automatic 4-spd,8.0,5.0
3702,Subcompact Cars,Premium,4-Wheel or All-Wheel Drive,17.3478947368421,Eagle,Automatic 4-spd,4.0,2.0
3703,Subcompact Cars,Regular,Front-Wheel Drive,14.3308695652174,Eagle,Manual 5-spd,4.0,2.0
3704,Subcompact Cars,Premium,Front-Wheel Drive,13.73375,Eagle,Manual 5-spd,4.0,2.0
3705,Subcompact Cars,Premium,4-Wheel or All-Wheel Drive,15.6957142857143,Eagle,Manual 5-spd,4.0,2.0
3706,Subcompact Cars,Premium,Rear-Wheel Drive,32.961,Ferrari,Automatic 4-spd,12.0,5.5
3707,Subcompact Cars,Premium,Rear-Wheel Drive,29.9645454545455,Ferrari,Manual 6-spd,12.0,5.5
3708,Subcompact Cars,Regular,Front-Wheel Drive,12.6773076923077,Ford,Automatic 3-spd,4.0,1.3
3709,Subcompact Cars,Regular,Front-Wheel Drive,9.98818181818182,Ford,Manual 5-spd,4.0,1.3
3710,Subcompact Cars,Regular,Rear-Wheel Drive,15.6957142857143,Ford,Automatic 4-spd,6.0,3.8
3711,Subcompact Cars,Regular,Rear-Wheel Drive,15.6957142857143,Ford,Manual 5-spd,6.0,3.8
3712,Midsize Cars,Regular,Front-Wheel Drive,19.3888235294118,Cadillac,Automatic 4-spd,8.0,4.1
3713,Subcompact Cars,Regular,Rear-Wheel Drive,18.3116666666667,Ford,Automatic 4-spd,8.0,4.6
3714,Subcompact Cars,Premium,Rear-Wheel Drive,17.3478947368421,Ford,Manual 5-spd,8.0,4.6
3715,Subcompact Cars,Regular,Rear-Wheel Drive,18.3116666666667,Ford,Manual 5-spd,8.0,4.6
3716,Subcompact Cars,Regular,Front-Wheel Drive,14.3308695652174,Ford,Automatic 4-spd,4.0,2.0
3717,Subcompact Cars,Regular,Front-Wheel Drive,13.1844,Ford,Manual 5-spd,4.0,2.0
3718,Subcompact Cars,Premium,Front-Wheel Drive,16.4805,Ford,Automatic 4-spd,6.0,2.5
3719,Subcompact Cars,Premium,Front-Wheel Drive,15.6957142857143,Ford,Manual 5-spd,6.0,2.5
3720,Subcompact Cars,Regular,Front-Wheel Drive,8.24025,Geo,Manual 5-spd,3.0,1.0
3721,Subcompact Cars,Regular,Front-Wheel Drive,11.7717857142857,Geo,Automatic 3-spd,4.0,1.3
3722,Subcompact Cars,Regular,Front-Wheel Drive,9.41742857142857,Geo,Manual 5-spd,4.0,1.3
3723,Midsize Cars,Regular,Front-Wheel Drive,19.3888235294118,Cadillac,Automatic 4-spd,8.0,4.1
3724,Subcompact Cars,Regular,Front-Wheel Drive,13.73375,Geo,Automatic 3-spd,4.0,1.6
3725,Subcompact Cars,Regular,Front-Wheel Drive,11.7717857142857,Geo,Manual 5-spd,4.0,1.6
3726,Subcompact Cars,Regular,Front-Wheel Drive,12.6773076923077,Geo,Automatic 4-spd,4.0,1.8
3727,Subcompact Cars,Regular,Front-Wheel Drive,11.7717857142857,Geo,Manual 5-spd,4.0,1.8
3728,Subcompact Cars,Regular,Front-Wheel Drive,10.6325806451613,Honda,Automatic (variable gear ratios),4.0,1.6
3729,Subcompact Cars,Regular,Front-Wheel Drive,12.2077777777778,Honda,Automatic 4-spd,4.0,1.6
3730,Subcompact Cars,Regular,Front-Wheel Drive,11.7717857142857,Honda,Automatic 4-spd,4.0,1.6
3731,Subcompact Cars,Regular,Front-Wheel Drive,9.69441176470588,Honda,Manual 5-spd,4.0,1.6
3732,Subcompact Cars,Regular,Front-Wheel Drive,11.7717857142857,Honda,Manual 5-spd,4.0,1.6
3733,Subcompact Cars,Regular,Front-Wheel Drive,10.987,Honda,Manual 5-spd,4.0,1.6
3734,Midsize Cars,Regular,Front-Wheel Drive,17.3478947368421,Chevrolet,Automatic 3-spd,6.0,2.8
3735,Subcompact Cars,Regular,Front-Wheel Drive,14.3308695652174,Hyundai,Automatic 4-spd,4.0,1.8
3736,Subcompact Cars,Regular,Front-Wheel Drive,14.9822727272727,Hyundai,Manual 5-spd,4.0,1.8
3737,Subcompact Cars,Regular,Front-Wheel Drive,15.6957142857143,Hyundai,Automatic 4-spd,4.0,2.0
3738,Subcompact Cars,Regular,Front-Wheel Drive,14.9822727272727,Hyundai,Manual 5-spd,4.0,2.0
3739,Subcompact Cars,Premium,Rear-Wheel Drive,18.3116666666667,Infiniti,Automatic 4-spd,6.0,3.0
3740,Subcompact Cars,Premium,Rear-Wheel Drive,18.3116666666667,Lexus,Automatic 4-spd,6.0,3.0
3741,Subcompact Cars,Premium,Rear-Wheel Drive,17.3478947368421,Lexus,Manual 5-spd,6.0,3.0
3742,Subcompact Cars,Premium,Rear-Wheel Drive,18.3116666666667,Lexus,Automatic 4-spd,8.0,4.0
3743,Subcompact Cars,Regular,Front-Wheel Drive,13.73375,Mazda,Automatic 4-spd,4.0,2.0
3744,Subcompact Cars,Regular,Front-Wheel Drive,12.6773076923077,Mazda,Manual 5-spd,4.0,2.0
3745,Midsize Cars,Diesel,Front-Wheel Drive,14.6994230769231,Chevrolet,Automatic 3-spd,6.0,4.3
3746,Subcompact Cars,Premium,Front-Wheel Drive,16.4805,Mazda,Automatic 4-spd,6.0,2.5
3747,Subcompact Cars,Premium,Front-Wheel Drive,16.4805,Mazda,Manual 5-spd,6.0,2.5
3748,Subcompact Cars,Regular,Front-Wheel Drive,14.9822727272727,Mitsubishi,Automatic 4-spd,4.0,2.0
3749,Subcompact Cars,Premium,4-Wheel or All-Wheel Drive,17.3478947368421,Mitsubishi,Automatic 4-spd,4.0,2.0
3750,Subcompact Cars,Premium,Front-Wheel Drive,16.4805,Mitsubishi,Automatic 4-spd,4.0,2.0
3751,Subcompact Cars,Premium,4-Wheel or All-Wheel Drive,15.6957142857143,Mitsubishi,Manual 5-spd,4.0,2.0
3752,Subcompact Cars,Regular,Front-Wheel Drive,14.3308695652174,Mitsubishi,Manual 5-spd,4.0,2.0
3753,Subcompact Cars,Premium,Front-Wheel Drive,13.73375,Mitsubishi,Manual 5-spd,4.0,2.0
3754,Subcompact Cars,Regular,Front-Wheel Drive,18.3116666666667,Mitsubishi,Automatic 4-spd,6.0,3.0
3755,Subcompact Cars,Regular,Front-Wheel Drive,18.3116666666667,Mitsubishi,Automatic 4-spd,6.0,3.0
3756,Midsize Cars,Regular,Front-Wheel Drive,17.3478947368421,Chevrolet,Automatic 3-spd,6.0,2.8
3757,Subcompact Cars,Regular,Front-Wheel Drive,17.3478947368421,Mitsubishi,Manual 5-spd,6.0,3.0
3758,Subcompact Cars,Regular,Front-Wheel Drive,17.3478947368421,Mitsubishi,Manual 5-spd,6.0,3.0
3759,Subcompact Cars,Premium,4-Wheel or All-Wheel Drive,18.3116666666667,Mitsubishi,Manual 6-spd,6.0,3.0
3760,Subcompact Cars,Regular,Front-Wheel Drive,17.3478947368421,Mitsubishi,Automatic 4-spd,6.0,3.0
3761,Subcompact Cars,Premium,4-Wheel or All-Wheel Drive,18.3116666666667,Mitsubishi,Manual 6-spd,6.0,3.0
3762,Subcompact Cars,Regular,Rear-Wheel Drive,16.4805,Pontiac,Automatic 4-spd,6.0,3.8
3763,Subcompact Cars,Regular,Rear-Wheel Drive,16.4805,Pontiac,Manual 5-spd,6.0,3.8
3764,Subcompact Cars,Premium,Rear-Wheel Drive,18.3116666666667,Pontiac,Automatic 4-spd,8.0,5.7
3765,Subcompact Cars,Premium,Rear-Wheel Drive,18.3116666666667,Pontiac,Manual 6-spd,8.0,5.7
3766,Subcompact Cars,Premium,Rear-Wheel Drive,27.4675,Rolls-Royce,Automatic 4-spd,8.0,6.8
3767,Midsize Cars,Regular,Front-Wheel Drive,18.3116666666667,Chevrolet,Manual 4-spd,6.0,2.8
3768,Subcompact Cars,Premium,Rear-Wheel Drive,27.4675,Rolls-Royce,Automatic 4-spd,8.0,6.8
3769,Subcompact Cars,Regular,Front-Wheel Drive,17.3478947368421,Saab,Automatic 4-spd,4.0,2.0
3770,Subcompact Cars,Regular,Front-Wheel Drive,16.4805,Saab,Manual 5-spd,4.0,2.0
3771,Subcompact Cars,Regular,Front-Wheel Drive,16.4805,Saab,Automatic 4-spd,4.0,2.3
3772,Subcompact Cars,Regular,Front-Wheel Drive,15.6957142857143,Saab,Manual 5-spd,4.0,2.3
3773,Subcompact Cars,Regular,Front-Wheel Drive,17.3478947368421,Saab,Automatic 4-spd,6.0,2.5
3774,Subcompact Cars,Regular,Front-Wheel Drive,13.1844,Saturn,Automatic 4-spd,4.0,1.9
3775,Subcompact Cars,Regular,Front-Wheel Drive,12.2077777777778,Saturn,Automatic 4-spd,4.0,1.9
3776,Subcompact Cars,Regular,Front-Wheel Drive,12.2077777777778,Saturn,Manual 5-spd,4.0,1.9
3777,Subcompact Cars,Regular,Front-Wheel Drive,11.7717857142857,Saturn,Manual 5-spd,4.0,1.9
3778,Subcompact Cars,Regular,Front-Wheel Drive,14.9822727272727,Honda,Automatic 4-spd,4.0,1.8
3779,Midsize Cars,Regular,Rear-Wheel Drive,17.3478947368421,Chevrolet,Automatic 4-spd,6.0,4.3
3780,Subcompact Cars,Regular,4-Wheel or All-Wheel Drive,13.73375,Subaru,Manual 5-spd,4.0,1.8
3781,Subcompact Cars,Regular,4-Wheel or All-Wheel Drive,14.3308695652174,Subaru,Automatic 4-spd,4.0,2.2
3782,Subcompact Cars,Regular,4-Wheel or All-Wheel Drive,14.3308695652174,Subaru,Manual 5-spd,4.0,2.2
3783,Subcompact Cars,Premium,4-Wheel or All-Wheel Drive,18.3116666666667,Subaru,Automatic 4-spd,6.0,3.3
3784,Subcompact Cars,Regular,Front-Wheel Drive,12.6773076923077,Suzuki,Automatic 4-spd,4.0,1.6
3785,Subcompact Cars,Regular,Front-Wheel Drive,11.3658620689655,Suzuki,Manual 5-spd,4.0,1.6
3786,Subcompact Cars,Regular,Front-Wheel Drive,11.7717857142857,Suzuki,Automatic 3-spd,4.0,1.3
3787,Subcompact Cars,Regular,Front-Wheel Drive,9.41742857142857,Suzuki,Manual 5-spd,4.0,1.3
3788,Subcompact Cars,Regular,Front-Wheel Drive,12.6773076923077,Toyota,Automatic 4-spd,4.0,1.8
3789,Subcompact Cars,Regular,Front-Wheel Drive,11.7717857142857,Toyota,Manual 5-spd,4.0,1.8
3790,Midsize Cars,Regular,Rear-Wheel Drive,20.600625,Chevrolet,Automatic 3-spd,8.0,5.0
3791,Subcompact Cars,Regular,Front-Wheel Drive,14.9822727272727,Toyota,Automatic 4-spd,4.0,2.2
3792,Subcompact Cars,Regular,Front-Wheel Drive,14.9822727272727,Toyota,Manual 5-spd,4.0,2.2
3793,Subcompact Cars,Regular,Front-Wheel Drive,13.73375,Toyota,Automatic 3-spd,4.0,1.6
3794,Subcompact Cars,Regular,Front-Wheel Drive,11.3658620689655,Toyota,Manual 5-spd,4.0,1.6
3795,Subcompact Cars,Regular,Front-Wheel Drive,12.6773076923077,Toyota,Automatic 4-spd,4.0,1.8
3796,Subcompact Cars,Regular,Front-Wheel Drive,11.7717857142857,Toyota,Manual 5-spd,4.0,1.8
3797,Subcompact Cars,Regular,Front-Wheel Drive,12.2077777777778,Toyota,Automatic 3-spd,4.0,1.5
3798,Subcompact Cars,Regular,Front-Wheel Drive,11.3658620689655,Toyota,Automatic 4-spd,4.0,1.5
3799,Subcompact Cars,Regular,Front-Wheel Drive,10.6325806451613,Toyota,Manual 5-spd,4.0,1.5
3800,Subcompact Cars,Regular,Front-Wheel Drive,14.9822727272727,Volkswagen,Automatic 4-spd,4.0,2.0
3801,Midsize Cars,Regular,Rear-Wheel Drive,19.3888235294118,Chevrolet,Automatic 4-spd,8.0,5.0
3802,Subcompact Cars,Regular,Front-Wheel Drive,13.73375,Volkswagen,Manual 5-spd,4.0,2.0
3803,Compact Cars,Premium,Front-Wheel Drive,16.4805,Acura,Automatic 4-spd,5.0,2.5
3804,Compact Cars,Premium,Front-Wheel Drive,17.3478947368421,Acura,Automatic 4-spd,6.0,3.2
3805,Compact Cars,Premium,Front-Wheel Drive,15.6957142857143,Audi,Automatic 5-spd,4.0,1.8
3806,Compact Cars,Premium,Front-Wheel Drive,17.3478947368421,Audi,Automatic 5-spd,6.0,2.8
3807,Compact Cars,Premium,Front-Wheel Drive,16.4805,Audi,Manual 5-spd,6.0,2.8
3808,Compact Cars,Premium,4-Wheel or All-Wheel Drive,15.6957142857143,Audi,Automatic 5-spd,4.0,1.8
3809,Compact Cars,Premium,4-Wheel or All-Wheel Drive,17.3478947368421,Audi,Automatic 5-spd,6.0,2.8
3810,Compact Cars,Premium,4-Wheel or All-Wheel Drive,17.3478947368421,Audi,Manual 5-spd,6.0,2.8
3811,Compact Cars,Premium,Front-Wheel Drive,17.3478947368421,Audi,Automatic 4-spd,6.0,2.8
3812,Midsize Cars,Regular,Front-Wheel Drive,15.6957142857143,Chrysler,Automatic 3-spd,4.0,2.2
3813,Compact Cars,Premium,4-Wheel or All-Wheel Drive,17.3478947368421,Audi,Automatic 4-spd,6.0,2.8
3814,Compact Cars,Premium,Rear-Wheel Drive,14.3308695652174,BMW,Automatic 4-spd,4.0,1.9
3815,Compact Cars,Premium,Rear-Wheel Drive,14.3308695652174,BMW,Manual 5-spd,4.0,1.9
3816,Compact Cars,Premium,Rear-Wheel Drive,17.3478947368421,BMW,Automatic 4-spd,6.0,2.8
3817,Compact Cars,Premium,Rear-Wheel Drive,15.6957142857143,BMW,Manual 5-spd,6.0,2.8
3818,Compact Cars,Premium,Rear-Wheel Drive,18.3116666666667,BMW,Automatic 5-spd,8.0,4.4
3819,Compact Cars,Premium,Rear-Wheel Drive,20.600625,BMW,Manual 6-spd,8.0,4.4
3820,Compact Cars,Regular,Front-Wheel Drive,14.3308695652174,Buick,Automatic 4-spd,4.0,2.4
3821,Compact Cars,Regular,Front-Wheel Drive,15.6957142857143,Buick,Automatic 4-spd,6.0,3.1
3822,Compact Cars,Regular,Front-Wheel Drive,13.73375,Chevrolet,Automatic 3-spd,4.0,2.2
3823,Midsize Cars,Premium,Front-Wheel Drive,17.3478947368421,Chrysler,Automatic 3-spd,4.0,2.2
3824,Compact Cars,Regular,Front-Wheel Drive,13.1844,Chevrolet,Automatic 4-spd,4.0,2.2
3825,Compact Cars,Regular,Front-Wheel Drive,12.6773076923077,Chevrolet,Manual 5-spd,4.0,2.2
3826,Compact Cars,Regular,Front-Wheel Drive,13.73375,Chevrolet,Manual 5-spd,4.0,2.2
3827,Compact Cars,Regular,Front-Wheel Drive,14.3308695652174,Chevrolet,Automatic 4-spd,4.0,2.4
3828,Compact Cars,Regular,Front-Wheel Drive,14.3308695652174,Chevrolet,Manual 5-spd,4.0,2.4
3829,Compact Cars,Regular,Front-Wheel Drive,15.6957142857143,Chrysler,Automatic 4-spd,4.0,2.0
3830,Compact Cars,Regular,Front-Wheel Drive,14.9822727272727,Chrysler,Manual 5-spd,4.0,2.0
3831,Compact Cars,Regular,Front-Wheel Drive,16.4805,Chrysler,Automatic 4-spd,6.0,2.5
3832,Compact Cars,Regular,Front-Wheel Drive,15.6957142857143,Chrysler,Automatic 4-spd,4.0,2.4
3833,Compact Cars,Regular,Front-Wheel Drive,17.3478947368421,Chrysler,Automatic 4-spd,6.0,2.5
3834,Midsize Cars,Regular,Front-Wheel Drive,17.3478947368421,Chrysler,Automatic 3-spd,4.0,2.6
3835,Compact Cars,Regular,Front-Wheel Drive,17.3478947368421,Chrysler,Automatic 4-spd,6.0,2.5
3836,Compact Cars,Regular,Front-Wheel Drive,15.6957142857143,Nissan,Automatic 4-spd,4.0,2.4
3837,Compact Cars,Regular,Front-Wheel Drive,13.73375,Nissan,Manual 5-spd,4.0,2.4
3838,Compact Cars,Regular,Front-Wheel Drive,15.6957142857143,Dodge,Automatic 4-spd,4.0,2.0
3839,Compact Cars,Regular,Front-Wheel Drive,14.3308695652174,Dodge,Manual 5-spd,4.0,2.0
3840,Compact Cars,Regular,Front-Wheel Drive,16.4805,Dodge,Automatic 4-spd,6.0,2.5
3841,Compact Cars,Regular,Front-Wheel Drive,13.1844,Dodge,Automatic 3-spd,4.0,2.0
3842,Compact Cars,Regular,Front-Wheel Drive,11.3658620689655,Dodge,Manual 5-spd,4.0,2.0
3843,Compact Cars,Regular,Front-Wheel Drive,14.3308695652174,Ford,Automatic 4-spd,4.0,2.0
3844,Compact Cars,Regular,Front-Wheel Drive,13.73375,Ford,Manual 5-spd,4.0,2.0
3845,Midsize Cars,Premium,Front-Wheel Drive,17.3478947368421,Chrysler,Automatic 3-spd,4.0,2.2
3846,Compact Cars,Regular,Front-Wheel Drive,14.9822727272727,Ford,Automatic 4-spd,6.0,2.5
3847,Compact Cars,Regular,Front-Wheel Drive,15.6957142857143,Ford,Manual 5-spd,6.0,2.5
3848,Compact Cars,Regular,Front-Wheel Drive,12.6773076923077,Ford,Automatic 4-spd,4.0,2.0
3849,Compact Cars,Regular,Front-Wheel Drive,11.7717857142857,Ford,Manual 5-spd,4.0,2.0
3850,Compact Cars,Regular,Front-Wheel Drive,13.73375,Kia,Automatic 4-spd,4.0,1.6
3851,Compact Cars,Regular,Front-Wheel Drive,12.2077777777778,Kia,Manual 5-spd,4.0,1.6
3852,Compact Cars,Regular,Front-Wheel Drive,14.3308695652174,Kia,Automatic 4-spd,4.0,1.8
3853,Compact Cars,Regular,Front-Wheel Drive,13.73375,Kia,Manual 5-spd,4.0,1.8
3854,Compact Cars,Regular,Front-Wheel Drive,14.3308695652174,Honda,Automatic 4-spd,4.0,2.2
3855,Compact Cars,Regular,Front-Wheel Drive,14.9822727272727,Honda,Automatic 4-spd,4.0,2.2
3856,Midsize Cars,Regular,Front-Wheel Drive,15.6957142857143,Chrysler,Automatic 3-spd,4.0,2.2
3857,Compact Cars,Regular,Front-Wheel Drive,13.1844,Honda,Manual 5-spd,4.0,2.2
3858,Compact Cars,Regular,Front-Wheel Drive,13.73375,Honda,Manual 5-spd,4.0,2.2
3859,Compact Cars,Regular,Front-Wheel Drive,17.3478947368421,Honda,Automatic 4-spd,6.0,2.7
3860,Compact Cars,Regular,Front-Wheel Drive,12.2077777777778,Hyundai,Automatic 4-spd,4.0,1.5
3861,Compact Cars,Regular,Front-Wheel Drive,11.7717857142857,Hyundai,Manual 5-spd,4.0,1.5
3862,Compact Cars,Regular,Front-Wheel Drive,14.3308695652174,Hyundai,Automatic 4-spd,4.0,1.8
3863,Compact Cars,Regular,Front-Wheel Drive,13.73375,Hyundai,Manual 5-spd,4.0,1.8
3864,Compact Cars,Premium,Rear-Wheel Drive,18.3116666666667,Jaguar,Automatic 4-spd,6.0,4.0
3865,Compact Cars,Regular,Front-Wheel Drive,17.3478947368421,Lexus,Automatic 4-spd,6.0,3.0
3866,Compact Cars,Regular,Front-Wheel Drive,14.3308695652174,Mercury,Automatic 4-spd,4.0,2.0
3867,Midsize Cars,Regular,Front-Wheel Drive,14.3308695652174,Chrysler,Manual 5-spd,4.0,2.2
3868,Compact Cars,Regular,Front-Wheel Drive,13.73375,Mercury,Manual 5-spd,4.0,2.0
3869,Compact Cars,Regular,Front-Wheel Drive,14.9822727272727,Mercury,Automatic 4-spd,6.0,2.5
3870,Compact Cars,Regular,Front-Wheel Drive,15.6957142857143,Mercury,Manual 5-spd,6.0,2.5
3871,Compact Cars,Regular,Front-Wheel Drive,12.6773076923077,Mercury,Automatic 4-spd,4.0,2.0
3872,Compact Cars,Regular,Front-Wheel Drive,11.7717857142857,Mercury,Manual 5-spd,4.0,2.0
3873,Compact Cars,Premium,Front-Wheel Drive,16.4805,Mazda,Automatic 4-spd,6.0,2.3
3874,Compact Cars,Premium,Front-Wheel Drive,16.4805,Mazda,Automatic 4-spd,6.0,2.5
3875,Compact Cars,Regular,Front-Wheel Drive,13.1844,Mazda,Automatic 4-spd,4.0,1.5
3876,Compact Cars,Regular,Front-Wheel Drive,11.3658620689655,Mazda,Manual 5-spd,4.0,1.5
3877,Compact Cars,Regular,Front-Wheel Drive,14.3308695652174,Mazda,Automatic 4-spd,4.0,1.8
3878,Midsize Cars,Regular,Front-Wheel Drive,14.3308695652174,Chrysler,Manual 5-spd,4.0,2.2
3879,Compact Cars,Regular,Front-Wheel Drive,13.1844,Mazda,Manual 5-spd,4.0,1.8
3880,Compact Cars,Premium,Rear-Wheel Drive,14.3308695652174,Mercedes-Benz,Automatic 5-spd,4.0,2.3
3881,Compact Cars,Premium,Rear-Wheel Drive,16.4805,Mercedes-Benz,Automatic 5-spd,6.0,2.8
3882,Compact Cars,Premium,Rear-Wheel Drive,17.3478947368421,Mercedes-Benz,Automatic 5-spd,6.0,3.6
3883,Compact Cars,Premium,Rear-Wheel Drive,20.600625,Mercedes-Benz,Automatic 5-spd,8.0,5.0
3884,Compact Cars,Premium,Rear-Wheel Drive,23.5435714285714,Mercedes-Benz,Automatic 5-spd,12.0,6.0
3885,Compact Cars,Regular,Front-Wheel Drive,14.9822727272727,Mitsubishi,Automatic 4-spd,4.0,2.4
3886,Compact Cars,Regular,Front-Wheel Drive,14.3308695652174,Mitsubishi,Manual 5-spd,4.0,2.4
3887,Compact Cars,Regular,Front-Wheel Drive,16.4805,Mitsubishi,Automatic 4-spd,6.0,2.5
3888,Compact Cars,Regular,Front-Wheel Drive,11.7717857142857,Mitsubishi,Automatic 4-spd,4.0,1.5
3889,Subcompact Cars,Regular,Front-Wheel Drive,14.3308695652174,Honda,Manual 5-spd,4.0,1.8
3890,Midsize Cars,Premium,Front-Wheel Drive,17.3478947368421,Chrysler,Automatic 3-spd,4.0,2.2
3891,Compact Cars,Regular,Front-Wheel Drive,10.6325806451613,Mitsubishi,Manual 5-spd,4.0,1.5
3892,Compact Cars,Regular,Front-Wheel Drive,12.6773076923077,Mitsubishi,Automatic 4-spd,4.0,1.8
3893,Compact Cars,Regular,Front-Wheel Drive,11.7717857142857,Mitsubishi,Manual 5-spd,4.0,1.8
3894,Compact Cars,Regular,Front-Wheel Drive,14.3308695652174,Oldsmobile,Automatic 4-spd,4.0,2.4
3895,Compact Cars,Regular,Front-Wheel Drive,14.3308695652174,Oldsmobile,Manual 5-spd,4.0,2.4
3896,Compact Cars,Regular,Front-Wheel Drive,15.6957142857143,Oldsmobile,Automatic 4-spd,6.0,3.1
3897,Compact Cars,Regular,Front-Wheel Drive,13.1844,Plymouth,Automatic 3-spd,4.0,2.0
3898,Compact Cars,Regular,Front-Wheel Drive,11.3658620689655,Plymouth,Manual 5-spd,4.0,2.0
3899,Compact Cars,Regular,Front-Wheel Drive,14.3308695652174,Pontiac,Automatic 4-spd,4.0,2.4
3900,Compact Cars,Regular,Front-Wheel Drive,14.3308695652174,Pontiac,Manual 5-spd,4.0,2.4
3901,Midsize Cars,Regular,Front-Wheel Drive,17.3478947368421,Chrysler,Automatic 3-spd,4.0,2.6
3902,Compact Cars,Regular,Front-Wheel Drive,15.6957142857143,Pontiac,Automatic 4-spd,6.0,3.1
3903,Compact Cars,Regular,Front-Wheel Drive,13.73375,Pontiac,Automatic 3-spd,4.0,2.2
3904,Compact Cars,Regular,Front-Wheel Drive,13.1844,Pontiac,Automatic 4-spd,4.0,2.2
3905,Compact Cars,Regular,Front-Wheel Drive,12.6773076923077,Pontiac,Manual 5-spd,4.0,2.2
3906,Compact Cars,Regular,Front-Wheel Drive,13.73375,Pontiac,Manual 5-spd,4.0,2.2
3907,Compact Cars,Regular,Front-Wheel Drive,14.3308695652174,Pontiac,Automatic 4-spd,4.0,2.4
3908,Compact Cars,Regular,Front-Wheel Drive,14.3308695652174,Pontiac,Manual 5-spd,4.0,2.4
3909,Compact Cars,Premium,Rear-Wheel Drive,27.4675,Rolls-Royce,Automatic 4-spd,8.0,6.8
3910,Compact Cars,Regular,Front-Wheel Drive,13.1844,Saturn,Automatic 4-spd,4.0,1.9
3911,Compact Cars,Regular,Front-Wheel Drive,12.2077777777778,Saturn,Automatic 4-spd,4.0,1.9
3912,Midsize Cars,Premium,Rear-Wheel Drive,20.600625,Chrysler,Automatic 3-spd,8.0,5.2
3913,Compact Cars,Regular,Front-Wheel Drive,12.2077777777778,Saturn,Manual 5-spd,4.0,1.9
3914,Compact Cars,Regular,Front-Wheel Drive,11.7717857142857,Saturn,Manual 5-spd,4.0,1.9
3915,Compact Cars,Regular,Front-Wheel Drive,13.73375,Subaru,Automatic 4-spd,4.0,2.2
3916,Compact Cars,Regular,4-Wheel or All-Wheel Drive,14.3308695652174,Subaru,Automatic 4-spd,4.0,2.2
3917,Compact Cars,Regular,4-Wheel or All-Wheel Drive,14.3308695652174,Subaru,Manual 5-spd,4.0,2.2
3918,Compact Cars,Regular,4-Wheel or All-Wheel Drive,15.6957142857143,Subaru,Automatic 4-spd,4.0,2.5
3919,Compact Cars,Regular,4-Wheel or All-Wheel Drive,15.6957142857143,Subaru,Manual 5-spd,4.0,2.5
3920,Compact Cars,Diesel,Front-Wheel Drive,10.3293243243243,Volkswagen,Manual 5-spd,4.0,1.9
3921,Compact Cars,Regular,Front-Wheel Drive,14.9822727272727,Volkswagen,Automatic 4-spd,4.0,2.0
3922,Compact Cars,Regular,Front-Wheel Drive,13.73375,Volkswagen,Manual 5-spd,4.0,2.0
3923,Midsize Cars,Regular,Front-Wheel Drive,16.4805,Dodge,Automatic 3-spd,4.0,2.2
3924,Compact Cars,Regular,Front-Wheel Drive,17.3478947368421,Volkswagen,Manual 5-spd,6.0,2.8
3925,Compact Cars,Diesel,Front-Wheel Drive,10.3293243243243,Volkswagen,Manual 5-spd,4.0,1.9
3926,Compact Cars,Regular,Front-Wheel Drive,14.9822727272727,Volkswagen,Automatic 4-spd,4.0,2.0
3927,Compact Cars,Regular,Front-Wheel Drive,13.73375,Volkswagen,Manual 5-spd,4.0,2.0
3928,Compact Cars,Regular,Front-Wheel Drive,17.3478947368421,Volkswagen,Automatic 4-spd,6.0,2.8
3929,Compact Cars,Regular,Front-Wheel Drive,17.3478947368421,Volkswagen,Manual 5-spd,6.0,2.8
3930,Compact Cars,Premium,Rear-Wheel Drive,17.3478947368421,Volvo,Automatic 4-spd,6.0,2.9
3931,Midsize Cars,Premium,Front-Wheel Drive,17.3478947368421,Acura,Automatic 4-spd,6.0,3.5
3932,Midsize Cars,Premium,Front-Wheel Drive,18.3116666666667,Audi,Automatic 5-spd,8.0,3.7
3933,Midsize Cars,Premium,4-Wheel or All-Wheel Drive,18.3116666666667,Audi,Automatic 5-spd,8.0,4.2
3934,Midsize Cars,Regular,Front-Wheel Drive,13.73375,Dodge,Manual 4-spd,4.0,2.2
3935,Midsize Cars,Regular,Front-Wheel Drive,15.6957142857143,Buick,Automatic 4-spd,6.0,3.1
3936,Midsize Cars,Regular,Front-Wheel Drive,16.4805,Buick,Automatic 4-spd,6.0,3.8
3937,Midsize Cars,Regular,Front-Wheel Drive,16.4805,Buick,Automatic 4-spd,6.0,3.8
3938,Midsize Cars,Premium,Front-Wheel Drive,17.3478947368421,Buick,Automatic 4-spd,6.0,3.8
3939,Midsize Cars,Premium,Rear-Wheel Drive,17.3478947368421,Cadillac,Automatic 4-spd,6.0,3.0
3940,Midsize Cars,Premium,Front-Wheel Drive,18.3116666666667,Cadillac,Automatic 4-spd,8.0,4.6
3941,Midsize Cars,Premium,Front-Wheel Drive,18.3116666666667,Cadillac,Automatic 4-spd,8.0,4.6
3942,Midsize Cars,Regular,Front-Wheel Drive,15.6957142857143,Chevrolet,Automatic 4-spd,6.0,3.1
3943,Midsize Cars,Regular,Front-Wheel Drive,18.3116666666667,Chevrolet,Automatic 4-spd,6.0,3.4
3944,Midsize Cars,Regular,Front-Wheel Drive,15.6957142857143,Chevrolet,Automatic 4-spd,6.0,3.1
3945,Midsize Cars,Regular,Front-Wheel Drive,13.1844,Dodge,Manual 5-spd,4.0,2.2
3946,Midsize Cars,Regular,Front-Wheel Drive,15.6957142857143,Chrysler,Automatic 4-spd,4.0,2.4
3947,Midsize Cars,Regular,Front-Wheel Drive,15.6957142857143,Chrysler,Automatic 4-spd,6.0,2.5
3948,Midsize Cars,Regular,Front-Wheel Drive,15.6957142857143,Chrysler,Automatic 4-spd,6.0,2.5
3949,Midsize Cars,Premium,Front-Wheel Drive,15.6957142857143,Nissan,Automatic 4-spd,6.0,3.0
3950,Midsize Cars,Premium,Front-Wheel Drive,15.6957142857143,Nissan,Manual 5-spd,6.0,3.0
3951,Midsize Cars,Regular,Front-Wheel Drive,14.3308695652174,Dodge,Automatic 4-spd,4.0,2.0
3952,Midsize Cars,Regular,Front-Wheel Drive,12.2077777777778,Dodge,Manual 5-spd,4.0,2.0
3953,Midsize Cars,Regular,Front-Wheel Drive,15.6957142857143,Dodge,Automatic 4-spd,4.0,2.4
3954,Midsize Cars,Regular,Front-Wheel Drive,15.6957142857143,Dodge,Automatic 4-spd,6.0,2.5
3955,Midsize Cars,Regular,Front-Wheel Drive,15.6957142857143,Dodge,Automatic 4-spd,6.0,2.5
3956,Midsize Cars,Regular,Front-Wheel Drive,13.1844,Dodge,Manual 5-spd,4.0,2.2
3957,Midsize Cars,Regular,Front-Wheel Drive,16.4805,Ford,Automatic 4-spd,6.0,3.0
3958,Midsize Cars,Regular,Front-Wheel Drive,15.6957142857143,Ford,Automatic 4-spd,6.0,3.0
3959,Midsize Cars,Premium,Front-Wheel Drive,18.3116666666667,Ford,Automatic 4-spd,8.0,3.4
3960,Midsize Cars,Regular,Rear-Wheel Drive,17.3478947368421,Ford,Automatic 4-spd,6.0,3.8
3961,Midsize Cars,Regular,Rear-Wheel Drive,18.3116666666667,Ford,Automatic 4-spd,8.0,4.6
3962,Midsize Cars,Regular,Front-Wheel Drive,16.4805,Hyundai,Automatic 4-spd,4.0,2.0
3963,Midsize Cars,Regular,Front-Wheel Drive,15.6957142857143,Hyundai,Manual 5-spd,4.0,2.0
3964,Midsize Cars,Regular,Front-Wheel Drive,18.3116666666667,Hyundai,Automatic 4-spd,6.0,3.0
3965,Midsize Cars,Premium,Front-Wheel Drive,15.6957142857143,Infiniti,Automatic 4-spd,6.0,3.0
3966,Midsize Cars,Premium,Front-Wheel Drive,15.6957142857143,Infiniti,Manual 5-spd,6.0,3.0
3967,Midsize Cars,Regular,Front-Wheel Drive,15.6957142857143,Dodge,Automatic 3-spd,4.0,2.2
3968,Midsize Cars,Premium,Rear-Wheel Drive,18.3116666666667,Infiniti,Automatic 4-spd,8.0,4.1
3969,Midsize Cars,Premium,Rear-Wheel Drive,18.3116666666667,Lexus,Automatic 5-spd,6.0,3.0
3970,Midsize Cars,Premium,Rear-Wheel Drive,17.3478947368421,Lexus,Automatic 4-spd,8.0,4.0
3971,Midsize Cars,Regular,Rear-Wheel Drive,17.3478947368421,Mercury,Automatic 4-spd,6.0,3.8
3972,Midsize Cars,Regular,Rear-Wheel Drive,18.3116666666667,Mercury,Automatic 4-spd,8.0,4.6
3973,Midsize Cars,Premium,Rear-Wheel Drive,17.3478947368421,Lincoln,Automatic 4-spd,8.0,4.6
3974,Midsize Cars,Regular,Front-Wheel Drive,16.4805,Mercury,Automatic 4-spd,6.0,3.0
3975,Midsize Cars,Regular,Front-Wheel Drive,15.6957142857143,Mercury,Automatic 4-spd,6.0,3.0
3976,Midsize Cars,Regular,Front-Wheel Drive,13.73375,Mazda,Automatic 4-spd,4.0,2.0
3977,Midsize Cars,Regular,Front-Wheel Drive,12.6773076923077,Mazda,Manual 5-spd,4.0,2.0
3978,Midsize Cars,Regular,Front-Wheel Drive,17.3478947368421,Dodge,Automatic 3-spd,4.0,2.6
3979,Midsize Cars,Premium,Front-Wheel Drive,16.4805,Mazda,Automatic 4-spd,6.0,2.5
3980,Midsize Cars,Premium,Front-Wheel Drive,16.4805,Mazda,Manual 5-spd,6.0,2.5
3981,Midsize Cars,Diesel,Rear-Wheel Drive,14.6994230769231,Mercedes-Benz,Automatic 5-spd,6.0,3.0
3982,Midsize Cars,Premium,Rear-Wheel Drive,16.4805,Mercedes-Benz,Automatic 5-spd,6.0,3.2
3983,Midsize Cars,Premium,Rear-Wheel Drive,18.3116666666667,Mercedes-Benz,Automatic 5-spd,8.0,4.2
3984,Midsize Cars,Premium,Front-Wheel Drive,18.3116666666667,Oldsmobile,Automatic 4-spd,8.0,4.0
3985,Midsize Cars,Regular,Front-Wheel Drive,15.6957142857143,Oldsmobile,Automatic 4-spd,6.0,3.1
3986,Midsize Cars,Regular,Front-Wheel Drive,15.6957142857143,Oldsmobile,Automatic 4-spd,6.0,3.1
3987,Midsize Cars,Regular,Front-Wheel Drive,18.3116666666667,Oldsmobile,Automatic 4-spd,6.0,3.4
3988,Midsize Cars,Premium,Front-Wheel Drive,17.3478947368421,Mitsubishi,Automatic 4-spd,6.0,3.5
3989,Midsize Cars,Premium,Rear-Wheel Drive,20.600625,Dodge,Automatic 3-spd,8.0,5.2
3990,Midsize Cars,Regular,Front-Wheel Drive,14.3308695652174,Plymouth,Automatic 4-spd,4.0,2.0
3991,Midsize Cars,Regular,Front-Wheel Drive,12.2077777777778,Plymouth,Manual 5-spd,4.0,2.0
3992,Midsize Cars,Regular,Front-Wheel Drive,15.6957142857143,Pontiac,Automatic 4-spd,6.0,3.1
3993,Midsize Cars,Premium,Front-Wheel Drive,17.3478947368421,Pontiac,Automatic 4-spd,6.0,3.8
3994,Midsize Cars,Regular,Front-Wheel Drive,16.4805,Pontiac,Automatic 4-spd,6.0,3.8
3995,Midsize Cars,Premium,Rear-Wheel Drive,27.4675,Rolls-Royce,Automatic 4-spd,8.0,6.8
3996,Midsize Cars,Premium,Rear-Wheel Drive,27.4675,Rolls-Royce,Automatic 4-spd,8.0,6.8
3997,Midsize Cars,Premium,Rear-Wheel Drive,27.4675,Rolls-Royce,Automatic 4-spd,8.0,6.8
3998,Midsize Cars,Premium,Rear-Wheel Drive,27.4675,Rolls-Royce,Automatic 4-spd,8.0,6.8
3999,Midsize Cars,Premium,Rear-Wheel Drive,27.4675,Rolls-Royce,Automatic 4-spd,8.0,6.8
4000,Subcompact Cars,Regular,Front-Wheel Drive,9.69441176470588,Honda,Manual 4-spd,4.0,1.3
4001,Midsize Cars,Premium,Front-Wheel Drive,17.3478947368421,Dodge,Automatic 3-spd,4.0,2.2
4002,Midsize Cars,Regular,Front-Wheel Drive,17.3478947368421,Saab,Automatic 4-spd,4.0,2.0
4003,Midsize Cars,Regular,Front-Wheel Drive,16.4805,Saab,Manual 5-spd,4.0,2.0
4004,Midsize Cars,Regular,Front-Wheel Drive,16.4805,Saab,Automatic 4-spd,4.0,2.3
4005,Midsize Cars,Regular,Front-Wheel Drive,15.6957142857143,Saab,Manual 5-spd,4.0,2.3
4006,Midsize Cars,Regular,Front-Wheel Drive,17.3478947368421,Saab,Automatic 4-spd,6.0,2.5
4007,Midsize Cars,Regular,Front-Wheel Drive,14.3308695652174,Toyota,Automatic 4-spd,4.0,2.2
4008,Midsize Cars,Regular,Front-Wheel Drive,14.3308695652174,Toyota,Manual 5-spd,4.0,2.2
4009,Midsize Cars,Regular,Front-Wheel Drive,17.3478947368421,Toyota,Automatic 4-spd,6.0,3.0
4010,Midsize Cars,Regular,Front-Wheel Drive,15.6957142857143,Toyota,Manual 5-spd,6.0,3.0
4011,Midsize Cars,Diesel,Front-Wheel Drive,10.61625,Volkswagen,Manual 5-spd,4.0,1.9
4012,Midsize Cars,Regular,Front-Wheel Drive,15.6957142857143,Dodge,Automatic 3-spd,4.0,2.2
4013,Midsize Cars,Regular,Front-Wheel Drive,18.3116666666667,Volkswagen,Automatic 4-spd,6.0,2.8
4014,Midsize Cars,Regular,Front-Wheel Drive,17.3478947368421,Volkswagen,Manual 5-spd,6.0,2.8
4015,Midsize Cars,Premium,Front-Wheel Drive,17.3478947368421,Volvo,Automatic 4-spd,5.0,2.3
4016,Midsize Cars,Premium,Front-Wheel Drive,15.6957142857143,Volvo,Automatic 4-spd,5.0,2.4
4017,Midsize Cars,Premium,Front-Wheel Drive,16.4805,Volvo,Automatic 4-spd,5.0,2.4
4018,Midsize Cars,Premium,Front-Wheel Drive,15.6957142857143,Volvo,Manual 5-spd,5.0,2.4
4019,Large Cars,Premium,Rear-Wheel Drive,18.3116666666667,BMW,Automatic 5-spd,8.0,4.4
4020,Large Cars,Premium,Rear-Wheel Drive,21.974,BMW,Automatic 5-spd,12.0,5.4
4021,Large Cars,Regular,Front-Wheel Drive,16.4805,Buick,Automatic 4-spd,6.0,3.8
4022,Large Cars,Regular,Front-Wheel Drive,16.4805,Buick,Automatic 4-spd,6.0,3.8
4023,Midsize Cars,Regular,Front-Wheel Drive,14.3308695652174,Dodge,Manual 5-spd,4.0,2.2
4024,Large Cars,Premium,Front-Wheel Drive,17.3478947368421,Buick,Automatic 4-spd,6.0,3.8
4025,Large Cars,Premium,Front-Wheel Drive,18.3116666666667,Cadillac,Automatic 4-spd,8.0,4.6
4026,Large Cars,Regular,Front-Wheel Drive,16.4805,Chrysler,Automatic 4-spd,6.0,3.3
4027,Large Cars,Regular,Front-Wheel Drive,17.3478947368421,Chrysler,Automatic 4-spd,6.0,3.5
4028,Large Cars,Regular,Front-Wheel Drive,17.3478947368421,Chrysler,Automatic 4-spd,6.0,3.5
4029,Large Cars,Regular,Front-Wheel Drive,16.4805,Dodge,Automatic 4-spd,6.0,3.3
4030,Large Cars,Regular,Front-Wheel Drive,17.3478947368421,Dodge,Automatic 4-spd,6.0,3.5
4031,Large Cars,Regular,Front-Wheel Drive,18.3116666666667,Dodge,Automatic 4-spd,6.0,3.5
4032,Large Cars,Regular,Front-Wheel Drive,16.4805,Eagle,Automatic 4-spd,6.0,3.3
4033,Large Cars,Regular,Front-Wheel Drive,18.3116666666667,Eagle,Automatic 4-spd,6.0,3.5
4034,Midsize Cars,Regular,Front-Wheel Drive,14.3308695652174,Dodge,Manual 5-spd,4.0,2.2
4035,Large Cars,Regular,Front-Wheel Drive,17.3478947368421,Eagle,Automatic 4-spd,6.0,3.5
4036,Large Cars,CNG,Rear-Wheel Drive,0.103333333333333,Ford,Automatic 4-spd,8.0,4.6
4037,Large Cars,Regular,Rear-Wheel Drive,18.3116666666667,Ford,Automatic 4-spd,8.0,4.6
4038,Large Cars,Premium,Front-Wheel Drive,18.3116666666667,Lincoln,Automatic 4-spd,8.0,4.6
4039,Large Cars,Regular,Rear-Wheel Drive,18.3116666666667,Mercury,Automatic 4-spd,8.0,4.6
4040,Large Cars,Regular,Rear-Wheel Drive,18.3116666666667,Lincoln,Automatic 4-spd,8.0,4.6
4041,Large Cars,Premium,Rear-Wheel Drive,18.3116666666667,Mercedes-Benz,Automatic 5-spd,6.0,3.2
4042,Large Cars,Premium,Rear-Wheel Drive,18.3116666666667,Mercedes-Benz,Automatic 5-spd,6.0,3.2
4043,Large Cars,Premium,Rear-Wheel Drive,20.600625,Mercedes-Benz,Automatic 5-spd,8.0,4.2
4044,Large Cars,Premium,Rear-Wheel Drive,20.600625,Mercedes-Benz,Automatic 5-spd,8.0,5.0
4045,Midsize Cars,Premium,Front-Wheel Drive,17.3478947368421,Dodge,Automatic 3-spd,4.0,2.2
4046,Large Cars,Premium,Rear-Wheel Drive,23.5435714285714,Mercedes-Benz,Automatic 5-spd,12.0,6.0
4047,Large Cars,Premium,Front-Wheel Drive,17.3478947368421,Oldsmobile,Automatic 4-spd,6.0,3.8
4048,Large Cars,Regular,Front-Wheel Drive,16.4805,Oldsmobile,Automatic 4-spd,6.0,3.8
4049,Large Cars,Premium,Front-Wheel Drive,17.3478947368421,Pontiac,Automatic 4-spd,6.0,3.8
4050,Large Cars,Regular,Front-Wheel Drive,16.4805,Pontiac,Automatic 4-spd,6.0,3.8
4051,Large Cars,Premium,Rear-Wheel Drive,27.4675,Rolls-Royce,Automatic 4-spd,8.0,6.8
4052,Large Cars,Premium,Rear-Wheel Drive,29.9645454545455,Rolls-Royce,Automatic 4-spd,8.0,6.8
4053,Large Cars,Premium,Rear-Wheel Drive,27.4675,Rolls-Royce,Automatic 4-spd,8.0,6.8
4054,Large Cars,Regular,Front-Wheel Drive,18.3116666666667,Saab,Automatic 4-spd,4.0,2.3
4055,Large Cars,Regular,Front-Wheel Drive,18.3116666666667,Saab,Automatic 4-spd,4.0,2.3
4056,Midsize Cars,Regular,Front-Wheel Drive,15.6957142857143,Dodge,Automatic 3-spd,4.0,2.2
4057,Large Cars,Regular,Front-Wheel Drive,15.6957142857143,Saab,Manual 5-spd,4.0,2.3
4058,Large Cars,Regular,Front-Wheel Drive,15.6957142857143,Saab,Manual 5-spd,4.0,2.3
4059,Large Cars,Regular,Front-Wheel Drive,17.3478947368421,Saab,Automatic 4-spd,6.0,3.0
4060,Large Cars,Regular,Front-Wheel Drive,14.9822727272727,Toyota,Automatic 4-spd,6.0,3.0
4061,Small Station Wagons,Premium,4-Wheel or All-Wheel Drive,17.3478947368421,Audi,Automatic 4-spd,6.0,2.8
4062,Small Station Wagons,Premium,Front-Wheel Drive,17.3478947368421,Audi,Automatic 4-spd,6.0,2.8
4063,Small Station Wagons,Regular,Front-Wheel Drive,12.6773076923077,Ford,Automatic 4-spd,4.0,2.0
4064,Small Station Wagons,Regular,Front-Wheel Drive,11.7717857142857,Ford,Manual 5-spd,4.0,2.0
4065,Small Station Wagons,Regular,Front-Wheel Drive,16.4805,Honda,Automatic 4-spd,4.0,2.2
4066,Small Station Wagons,Regular,Front-Wheel Drive,14.9822727272727,Honda,Automatic 4-spd,4.0,2.2
4067,Midsize Cars,Regular,Front-Wheel Drive,17.3478947368421,Dodge,Automatic 3-spd,4.0,2.6
4068,Small Station Wagons,Regular,Front-Wheel Drive,14.9822727272727,Honda,Manual 5-spd,4.0,2.2
4069,Small Station Wagons,Regular,Front-Wheel Drive,14.9822727272727,Hyundai,Automatic 4-spd,4.0,1.8
4070,Small Station Wagons,Regular,Front-Wheel Drive,13.73375,Hyundai,Manual 5-spd,4.0,1.8
4071,Small Station Wagons,Regular,Front-Wheel Drive,12.6773076923077,Mercury,Automatic 4-spd,4.0,2.0
4072,Small Station Wagons,Regular,Front-Wheel Drive,11.7717857142857,Mercury,Manual 5-spd,4.0,2.0
4073,Small Station Wagons,Regular,Front-Wheel Drive,13.1844,Saturn,Automatic 4-spd,4.0,1.9
4074,Small Station Wagons,Regular,Front-Wheel Drive,12.6773076923077,Saturn,Automatic 4-spd,4.0,1.9
4075,Small Station Wagons,Regular,Front-Wheel Drive,12.2077777777778,Saturn,Manual 5-spd,4.0,1.9
4076,Small Station Wagons,Regular,Front-Wheel Drive,11.7717857142857,Saturn,Manual 5-spd,4.0,1.9
4077,Small Station Wagons,Regular,4-Wheel or All-Wheel Drive,14.3308695652174,Subaru,Automatic 4-spd,4.0,2.2
4078,Midsize Cars,Regular,Rear-Wheel Drive,16.4805,Ford,Automatic 3-spd,4.0,2.3
4079,Small Station Wagons,Regular,4-Wheel or All-Wheel Drive,14.3308695652174,Subaru,Manual 5-spd,4.0,2.2
4080,Small Station Wagons,Premium,Rear-Wheel Drive,17.3478947368421,Volvo,Automatic 4-spd,6.0,2.9
4081,Midsize-Large Station Wagons,Regular,Front-Wheel Drive,17.3478947368421,Ford,Automatic 4-spd,6.0,3.0
4082,Midsize-Large Station Wagons,Regular,Front-Wheel Drive,16.4805,Ford,Automatic 4-spd,6.0,3.0
4083,Midsize-Large Station Wagons,Regular,Front-Wheel Drive,16.4805,Honda,Automatic 4-spd,4.0,2.2
4084,Midsize-Large Station Wagons,Regular,Front-Wheel Drive,16.4805,Isuzu,Automatic 4-spd,4.0,2.2
4085,Midsize-Large Station Wagons,Regular,Front-Wheel Drive,17.3478947368421,Mercury,Automatic 4-spd,6.0,3.0
4086,Midsize-Large Station Wagons,Regular,Front-Wheel Drive,16.4805,Mercury,Automatic 4-spd,6.0,3.0
4087,Midsize-Large Station Wagons,Regular,Front-Wheel Drive,13.73375,Subaru,Automatic 4-spd,4.0,2.2
4088,Midsize-Large Station Wagons,Regular,4-Wheel or All-Wheel Drive,14.3308695652174,Subaru,Automatic 4-spd,4.0,2.2
4089,Midsize Cars,Regular,Rear-Wheel Drive,18.3116666666667,Ford,Automatic 3-spd,6.0,3.8
4090,Midsize-Large Station Wagons,Regular,4-Wheel or All-Wheel Drive,14.3308695652174,Subaru,Manual 5-spd,4.0,2.2
4091,Midsize-Large Station Wagons,Regular,4-Wheel or All-Wheel Drive,15.6957142857143,Subaru,Automatic 4-spd,4.0,2.5
4092,Midsize-Large Station Wagons,Regular,4-Wheel or All-Wheel Drive,15.6957142857143,Subaru,Manual 5-spd,4.0,2.5
4093,Midsize-Large Station Wagons,Diesel,Front-Wheel Drive,10.61625,Volkswagen,Manual 5-spd,4.0,1.9
4094,Midsize-Large Station Wagons,Regular,Front-Wheel Drive,18.3116666666667,Volkswagen,Automatic 4-spd,6.0,2.8
4095,Midsize-Large Station Wagons,Regular,Front-Wheel Drive,17.3478947368421,Volkswagen,Manual 5-spd,6.0,2.8
4096,Midsize-Large Station Wagons,Premium,Front-Wheel Drive,17.3478947368421,Volvo,Automatic 4-spd,5.0,2.3
4097,Midsize-Large Station Wagons,Premium,Front-Wheel Drive,16.4805,Volvo,Automatic 4-spd,5.0,2.4
4098,Midsize-Large Station Wagons,Premium,Front-Wheel Drive,15.6957142857143,Volvo,Automatic 4-spd,5.0,2.4
4099,Midsize-Large Station Wagons,Premium,Front-Wheel Drive,15.6957142857143,Volvo,Manual 5-spd,5.0,2.4
4100,Midsize Cars,Regular,Rear-Wheel Drive,23.5435714285714,Mercedes-Benz,Automatic 4-spd,8.0,5.0
4101,Small Pickup Trucks,Regular,Rear-Wheel Drive,16.4805,Chevrolet,Automatic 4-spd,4.0,2.2
4102,Small Pickup Trucks,Regular,Rear-Wheel Drive,14.3308695652174,Chevrolet,Manual 5-spd,4.0,2.2
4103,Small Pickup Trucks,Regular,Rear-Wheel Drive,19.3888235294118,Chevrolet,Automatic 4-spd,6.0,4.3
4104,Small Pickup Trucks,Regular,Rear-Wheel Drive,17.3478947368421,Chevrolet,Manual 5-spd,6.0,4.3
4105,Small Pickup Trucks,Regular,Rear-Wheel Drive,17.3478947368421,Nissan,Automatic 4-spd,4.0,2.4
4106,Small Pickup Trucks,Regular,Rear-Wheel Drive,16.4805,Nissan,Manual 5-spd,4.0,2.4
4107,Small Pickup Trucks,Regular,Rear-Wheel Drive,16.4805,GMC,Automatic 4-spd,4.0,2.2
4108,Small Pickup Trucks,Regular,Rear-Wheel Drive,14.3308695652174,GMC,Manual 5-spd,4.0,2.2
4109,Small Pickup Trucks,Regular,Rear-Wheel Drive,19.3888235294118,GMC,Automatic 4-spd,6.0,4.3
4110,Small Pickup Trucks,Regular,Rear-Wheel Drive,17.3478947368421,GMC,Manual 5-spd,6.0,4.3
4111,Subcompact Cars,Regular,Front-Wheel Drive,13.73375,Honda,Automatic 3-spd,4.0,1.5
4112,Midsize Cars,Regular,Rear-Wheel Drive,23.5435714285714,Mercedes-Benz,Automatic 4-spd,8.0,5.0
4113,Small Pickup Trucks,Regular,Rear-Wheel Drive,14.3308695652174,Isuzu,Manual 5-spd,4.0,2.2
4114,Small Pickup Trucks,Regular,Rear-Wheel Drive,15.6957142857143,Toyota,Automatic 4-spd,4.0,2.4
4115,Small Pickup Trucks,Regular,Rear-Wheel Drive,14.9822727272727,Toyota,Manual 5-spd,4.0,2.4
4116,Small Pickup Trucks,Regular,Rear-Wheel Drive,18.3116666666667,Toyota,Automatic 4-spd,6.0,3.4
4117,Small Pickup Trucks,Regular,Rear-Wheel Drive,18.3116666666667,Toyota,Manual 5-spd,6.0,3.4
4118,Standard Pickup Trucks,Regular,Rear-Wheel Drive,20.600625,Chevrolet,Automatic 4-spd,6.0,4.3
4119,Standard Pickup Trucks,Regular,Rear-Wheel Drive,19.3888235294118,Chevrolet,Manual 5-spd,6.0,4.3
4120,Standard Pickup Trucks,Regular,Rear-Wheel Drive,20.600625,Chevrolet,Automatic 4-spd,8.0,5.0
4121,Standard Pickup Trucks,Regular,Rear-Wheel Drive,21.974,Chevrolet,Manual 5-spd,8.0,5.0
4122,Standard Pickup Trucks,Regular,Rear-Wheel Drive,21.974,Chevrolet,Automatic 4-spd,8.0,5.7
4123,Midsize Cars,Regular,Rear-Wheel Drive,16.4805,Mercury,Automatic 3-spd,4.0,2.3
4124,Standard Pickup Trucks,Regular,Rear-Wheel Drive,21.974,Chevrolet,Manual 5-spd,8.0,5.7
4125,Standard Pickup Trucks,Regular,Rear-Wheel Drive,21.974,Chevrolet,Automatic 4-spd,8.0,5.0
4126,Standard Pickup Trucks,Regular,Rear-Wheel Drive,21.974,Chevrolet,Manual 5-spd,8.0,5.0
4127,Standard Pickup Trucks,Regular,Rear-Wheel Drive,21.974,Chevrolet,Automatic 4-spd,8.0,5.7
4128,Standard Pickup Trucks,Regular,Rear-Wheel Drive,21.974,Chevrolet,Manual 5-spd,8.0,5.7
4129,Standard Pickup Trucks,Diesel,Rear-Wheel Drive,27.2989285714286,Chevrolet,Automatic 4-spd,8.0,6.5
4130,Standard Pickup Trucks,Regular,Rear-Wheel Drive,16.4805,Dodge,Manual 5-spd,4.0,2.5
4131,Standard Pickup Trucks,Regular,Rear-Wheel Drive,20.600625,Dodge,Automatic 4-spd,6.0,3.9
4132,Standard Pickup Trucks,Regular,Rear-Wheel Drive,19.3888235294118,Dodge,Manual 5-spd,6.0,3.9
4133,Standard Pickup Trucks,Regular,Rear-Wheel Drive,23.5435714285714,Dodge,Automatic 4-spd,8.0,5.2
4134,Midsize Cars,Regular,Rear-Wheel Drive,18.3116666666667,Mercury,Automatic 3-spd,6.0,3.8
4135,Standard Pickup Trucks,Regular,Rear-Wheel Drive,21.974,Dodge,Manual 5-spd,8.0,5.2
4136,Standard Pickup Trucks,Regular,Rear-Wheel Drive,21.974,Dodge,Automatic 4-spd,6.0,3.9
4137,Standard Pickup Trucks,Regular,Rear-Wheel Drive,20.600625,Dodge,Manual 5-spd,6.0,3.9
4138,Standard Pickup Trucks,Regular,Rear-Wheel Drive,23.5435714285714,Dodge,Automatic 4-spd,8.0,5.2
4139,Standard Pickup Trucks,Regular,Rear-Wheel Drive,23.5435714285714,Dodge,Manual 5-spd,8.0,5.2
4140,Standard Pickup Trucks,Regular,Rear-Wheel Drive,25.3546153846154,Dodge,Automatic 4-spd,8.0,5.9
4141,Standard Pickup Trucks,Regular,Rear-Wheel Drive,19.3888235294118,Ford,Automatic 4-spd,6.0,4.2
4142,Standard Pickup Trucks,Regular,Rear-Wheel Drive,19.3888235294118,Ford,Manual 5-spd,6.0,4.2
4143,Standard Pickup Trucks,Regular,Rear-Wheel Drive,20.600625,Ford,Automatic 4-spd,8.0,4.6
4144,Standard Pickup Trucks,Regular,Rear-Wheel Drive,20.600625,Ford,Manual 5-spd,8.0,4.6
4145,Midsize Cars,Regular,Front-Wheel Drive,17.3478947368421,Oldsmobile,Automatic 3-spd,6.0,3.0
4146,Standard Pickup Trucks,Regular,Rear-Wheel Drive,23.5435714285714,Ford,Automatic 4-spd,8.0,5.4
4147,Standard Pickup Trucks,Regular,Rear-Wheel Drive,21.974,Ford,Automatic 4-spd,8.0,4.6
4148,Standard Pickup Trucks,Regular,Rear-Wheel Drive,23.5435714285714,Ford,Manual 5-spd,8.0,4.6
4149,Standard Pickup Trucks,Regular,Rear-Wheel Drive,23.5435714285714,Ford,Automatic 4-spd,8.0,5.4
4150,Standard Pickup Trucks,Regular,Rear-Wheel Drive,16.4805,Ford,Automatic 4-spd,4.0,2.3
4151,Standard Pickup Trucks,Regular,Rear-Wheel Drive,14.9822727272727,Ford,Manual 5-spd,4.0,2.3
4152,Standard Pickup Trucks,Regular,Rear-Wheel Drive,19.3888235294118,Ford,Automatic 4-spd,6.0,3.0
4153,Standard Pickup Trucks,Regular,Rear-Wheel Drive,18.3116666666667,Ford,Manual 5-spd,6.0,3.0
4154,Standard Pickup Trucks,Regular,Rear-Wheel Drive,19.3888235294118,Ford,Automatic 5-spd,6.0,4.0
4155,Standard Pickup Trucks,Regular,Rear-Wheel Drive,18.3116666666667,Ford,Manual 5-spd,6.0,4.0
4156,Midsize Cars,Regular,Front-Wheel Drive,18.3116666666667,Oldsmobile,Automatic 4-spd,6.0,3.0
4157,Standard Pickup Trucks,Regular,Rear-Wheel Drive,20.600625,GMC,Automatic 4-spd,6.0,4.3
4158,Standard Pickup Trucks,Regular,Rear-Wheel Drive,18.3116666666667,GMC,Manual 5-spd,6.0,4.3
4159,Standard Pickup Trucks,Regular,Rear-Wheel Drive,20.600625,GMC,Automatic 4-spd,8.0,5.0
4160,Standard Pickup Trucks,Regular,Rear-Wheel Drive,21.974,GMC,Manual 5-spd,8.0,5.0
4161,Standard Pickup Trucks,Regular,Rear-Wheel Drive,21.974,GMC,Automatic 4-spd,8.0,5.7
4162,Standard Pickup Trucks,Regular,Rear-Wheel Drive,21.974,GMC,Manual 5-spd,8.0,5.7
4163,Standard Pickup Trucks,Regular,Rear-Wheel Drive,21.974,GMC,Automatic 4-spd,8.0,5.0
4164,Standard Pickup Trucks,Regular,Rear-Wheel Drive,21.974,GMC,Manual 5-spd,8.0,5.0
4165,Standard Pickup Trucks,Regular,Rear-Wheel Drive,21.974,GMC,Automatic 4-spd,8.0,5.7
4166,Standard Pickup Trucks,Regular,Rear-Wheel Drive,21.974,GMC,Manual 5-spd,8.0,5.7
4167,Midsize Cars,Regular,Rear-Wheel Drive,18.3116666666667,Oldsmobile,Automatic 3-spd,6.0,3.8
4168,Standard Pickup Trucks,Diesel,Rear-Wheel Drive,25.479,GMC,Automatic 4-spd,8.0,6.5
4169,Standard Pickup Trucks,Regular,Rear-Wheel Drive,18.3116666666667,Mazda,Manual 5-spd,6.0,3.0
4170,Standard Pickup Trucks,Regular,Rear-Wheel Drive,16.4805,Mazda,Automatic 4-spd,4.0,2.3
4171,Standard Pickup Trucks,Regular,Rear-Wheel Drive,14.9822727272727,Mazda,Manual 5-spd,4.0,2.3
4172,Standard Pickup Trucks,Regular,Rear-Wheel Drive,19.3888235294118,Mazda,Automatic 4-spd,6.0,3.0
4173,Standard Pickup Trucks,Regular,Rear-Wheel Drive,19.3888235294118,Mazda,Automatic 5-spd,6.0,4.0
4174,Standard Pickup Trucks,Regular,Rear-Wheel Drive,18.3116666666667,Mazda,Manual 5-spd,6.0,4.0
4175,Standard Pickup Trucks,Regular,Rear-Wheel Drive,17.3478947368421,Toyota,Automatic 4-spd,4.0,2.7
4176,Standard Pickup Trucks,Regular,Rear-Wheel Drive,18.3116666666667,Toyota,Manual 5-spd,4.0,2.7
4177,Standard Pickup Trucks,Regular,Rear-Wheel Drive,20.600625,Toyota,Automatic 4-spd,6.0,3.4
4178,Midsize Cars,Regular,Rear-Wheel Drive,18.3116666666667,Oldsmobile,Automatic 4-spd,8.0,5.0
4179,Standard Pickup Trucks,Regular,Rear-Wheel Drive,20.600625,Toyota,Manual 5-spd,6.0,3.4
4180,Standard Pickup Trucks,Regular,4-Wheel or All-Wheel Drive,21.974,Chevrolet,Automatic 4-spd,6.0,4.3
4181,Standard Pickup Trucks,Regular,4-Wheel or All-Wheel Drive,21.974,Chevrolet,Manual 5-spd,6.0,4.3
4182,Standard Pickup Trucks,Regular,4-Wheel or All-Wheel Drive,23.5435714285714,Chevrolet,Automatic 4-spd,8.0,5.0
4183,Standard Pickup Trucks,Regular,4-Wheel or All-Wheel Drive,23.5435714285714,Chevrolet,Manual 5-spd,8.0,5.0
4184,Standard Pickup Trucks,Regular,4-Wheel or All-Wheel Drive,23.5435714285714,Chevrolet,Automatic 4-spd,8.0,5.7
4185,Standard Pickup Trucks,Regular,4-Wheel or All-Wheel Drive,25.3546153846154,Chevrolet,Manual 5-spd,8.0,5.7
4186,Standard Pickup Trucks,Diesel,4-Wheel or All-Wheel Drive,25.479,Chevrolet,Automatic 4-spd,8.0,6.5
4187,Standard Pickup Trucks,Regular,4-Wheel or All-Wheel Drive,20.600625,Chevrolet,Automatic 4-spd,6.0,4.3
4188,Standard Pickup Trucks,Regular,4-Wheel or All-Wheel Drive,19.3888235294118,Chevrolet,Manual 5-spd,6.0,4.3
4189,Midsize Cars,Regular,Front-Wheel Drive,19.3888235294118,Oldsmobile,Automatic 4-spd,8.0,5.0
4190,Standard Pickup Trucks,Regular,4-Wheel or All-Wheel Drive,20.600625,Nissan,Manual 5-spd,4.0,2.4
4191,Standard Pickup Trucks,Regular,4-Wheel or All-Wheel Drive,21.974,Dodge,Automatic 4-spd,6.0,3.9
4192,Standard Pickup Trucks,Regular,4-Wheel or All-Wheel Drive,21.974,Dodge,Manual 5-spd,6.0,3.9
4193,Standard Pickup Trucks,Regular,4-Wheel or All-Wheel Drive,25.3546153846154,Dodge,Automatic 4-spd,8.0,5.2
4194,Standard Pickup Trucks,Regular,4-Wheel or All-Wheel Drive,23.5435714285714,Dodge,Manual 5-spd,8.0,5.2
4195,Standard Pickup Trucks,Regular,4-Wheel or All-Wheel Drive,25.3546153846154,Dodge,Automatic 4-spd,8.0,5.2
4196,Standard Pickup Trucks,Regular,4-Wheel or All-Wheel Drive,23.5435714285714,Dodge,Manual 5-spd,8.0,5.2
4197,Standard Pickup Trucks,Regular,4-Wheel or All-Wheel Drive,27.4675,Dodge,Automatic 4-spd,8.0,5.9
4198,Standard Pickup Trucks,Regular,4-Wheel or All-Wheel Drive,21.974,Ford,Automatic 4-spd,6.0,4.2
4199,Standard Pickup Trucks,Regular,4-Wheel or All-Wheel Drive,20.600625,Ford,Manual 5-spd,6.0,4.2
4200,Midsize Cars,Regular,Front-Wheel Drive,15.6957142857143,Plymouth,Automatic 3-spd,4.0,2.2
4201,Standard Pickup Trucks,Regular,4-Wheel or All-Wheel Drive,23.5435714285714,Ford,Automatic 4-spd,8.0,4.6
4202,Standard Pickup Trucks,Regular,4-Wheel or All-Wheel Drive,21.974,Ford,Manual 5-spd,8.0,4.6
4203,Standard Pickup Trucks,Regular,4-Wheel or All-Wheel Drive,25.3546153846154,Ford,Automatic 4-spd,8.0,5.4
4204,Standard Pickup Trucks,Regular,4-Wheel or All-Wheel Drive,23.5435714285714,Ford,Automatic 4-spd,8.0,4.6
4205,Standard Pickup Trucks,Regular,4-Wheel or All-Wheel Drive,23.5435714285714,Ford,Manual 5-spd,8.0,4.6
4206,Standard Pickup Trucks,Regular,4-Wheel or All-Wheel Drive,25.3546153846154,Ford,Automatic 4-spd,8.0,5.4
4207,Standard Pickup Trucks,Regular,4-Wheel or All-Wheel Drive,20.600625,Ford,Automatic 4-spd,6.0,3.0
4208,Standard Pickup Trucks,Regular,4-Wheel or All-Wheel Drive,19.3888235294118,Ford,Manual 5-spd,6.0,3.0
4209,Standard Pickup Trucks,Regular,4-Wheel or All-Wheel Drive,20.600625,Ford,Automatic 5-spd,6.0,4.0
4210,Standard Pickup Trucks,Regular,4-Wheel or All-Wheel Drive,20.600625,Ford,Manual 5-spd,6.0,4.0
4211,Midsize Cars,Premium,Front-Wheel Drive,17.3478947368421,Plymouth,Automatic 3-spd,4.0,2.2
4212,Standard Pickup Trucks,Regular,4-Wheel or All-Wheel Drive,21.974,GMC,Automatic 4-spd,6.0,4.3
4213,Standard Pickup Trucks,Regular,4-Wheel or All-Wheel Drive,20.600625,GMC,Manual 5-spd,6.0,4.3
4214,Standard Pickup Trucks,Regular,4-Wheel or All-Wheel Drive,23.5435714285714,GMC,Automatic 4-spd,8.0,5.0
4215,Standard Pickup Trucks,Regular,4-Wheel or All-Wheel Drive,25.3546153846154,GMC,Manual 5-spd,8.0,5.0
4216,Standard Pickup Trucks,Regular,4-Wheel or All-Wheel Drive,23.5435714285714,GMC,Automatic 4-spd,8.0,5.7
4217,Standard Pickup Trucks,Regular,4-Wheel or All-Wheel Drive,25.3546153846154,GMC,Manual 5-spd,8.0,5.7
4218,Standard Pickup Trucks,Diesel,4-Wheel or All-Wheel Drive,25.479,GMC,Automatic 4-spd,8.0,6.5
4219,Standard Pickup Trucks,Regular,4-Wheel or All-Wheel Drive,20.600625,GMC,Automatic 4-spd,6.0,4.3
4220,Standard Pickup Trucks,Regular,4-Wheel or All-Wheel Drive,19.3888235294118,GMC,Manual 5-spd,6.0,4.3
4221,Standard Pickup Trucks,Regular,4-Wheel or All-Wheel Drive,20.600625,Mazda,Automatic 4-spd,6.0,3.0
4222,Subcompact Cars,Regular,Front-Wheel Drive,11.7717857142857,Honda,Manual 5-spd,4.0,1.5
4223,Midsize Cars,Regular,Front-Wheel Drive,17.3478947368421,Plymouth,Automatic 3-spd,4.0,2.6
4224,Standard Pickup Trucks,Regular,4-Wheel or All-Wheel Drive,19.3888235294118,Mazda,Manual 5-spd,6.0,3.0
4225,Standard Pickup Trucks,Regular,4-Wheel or All-Wheel Drive,20.600625,Mazda,Automatic 5-spd,6.0,4.0
4226,Standard Pickup Trucks,Regular,4-Wheel or All-Wheel Drive,20.600625,Mazda,Manual 5-spd,6.0,4.0
4227,Standard Pickup Trucks,Regular,4-Wheel or All-Wheel Drive,18.3116666666667,Toyota,Automatic 4-spd,4.0,2.7
4228,Standard Pickup Trucks,Regular,4-Wheel or All-Wheel Drive,18.3116666666667,Toyota,Manual 5-spd,4.0,2.7
4229,Standard Pickup Trucks,Regular,4-Wheel or All-Wheel Drive,20.600625,Toyota,Automatic 4-spd,6.0,3.4
4230,Standard Pickup Trucks,Regular,4-Wheel or All-Wheel Drive,20.600625,Toyota,Manual 5-spd,6.0,3.4
4231,Standard Pickup Trucks,Regular,4-Wheel or All-Wheel Drive,21.974,Toyota,Automatic 4-spd,6.0,3.4
4232,Standard Pickup Trucks,Regular,4-Wheel or All-Wheel Drive,20.600625,Toyota,Manual 5-spd,6.0,3.4
4233,Vans,Regular,4-Wheel or All-Wheel Drive,20.600625,Chevrolet,Automatic 4-spd,6.0,4.3
4234,Midsize Cars,Premium,Rear-Wheel Drive,20.600625,Plymouth,Automatic 3-spd,8.0,5.2
4235,Vans,Regular,Rear-Wheel Drive,19.3888235294118,Chevrolet,Automatic 4-spd,6.0,4.3
4236,Vans,Regular,Rear-Wheel Drive,21.974,Chevrolet,Automatic 4-spd,6.0,4.3
4237,Vans,Regular,Rear-Wheel Drive,23.5435714285714,Chevrolet,Automatic 4-spd,8.0,5.0
4238,Vans,Regular,Rear-Wheel Drive,21.974,Chevrolet,Automatic 4-spd,8.0,5.7
4239,Vans,Regular,Rear-Wheel Drive,21.974,Dodge,Automatic 3-spd,6.0,3.9
4240,Vans,Regular,Rear-Wheel Drive,27.4675,Dodge,Automatic 3-spd,8.0,5.2
4241,Vans,Regular,Rear-Wheel Drive,23.5435714285714,Dodge,Automatic 4-spd,8.0,5.2
4242,Vans,Regular,Rear-Wheel Drive,25.3546153846154,Dodge,Automatic 4-spd,8.0,5.9
4243,Vans,Regular,Rear-Wheel Drive,23.5435714285714,Dodge,Automatic 4-spd,8.0,5.2
4244,Vans,Regular,Rear-Wheel Drive,25.3546153846154,Dodge,Automatic 4-spd,8.0,5.9
4245,Midsize Cars,Regular,Front-Wheel Drive,16.4805,Plymouth,Automatic 3-spd,4.0,2.2
4246,Vans,Regular,Rear-Wheel Drive,19.3888235294118,Ford,Automatic 4-spd,6.0,3.0
4247,Vans,Regular,Rear-Wheel Drive,21.974,Ford,Automatic 4-spd,6.0,4.2
4248,Vans,Regular,Rear-Wheel Drive,21.974,Ford,Automatic 4-spd,8.0,4.6
4249,Vans,Regular,Rear-Wheel Drive,25.3546153846154,Ford,Automatic 4-spd,8.0,5.4
4250,Vans,Regular,Rear-Wheel Drive,23.5435714285714,Ford,Automatic 4-spd,6.0,4.2
4251,Vans,Regular,Rear-Wheel Drive,25.3546153846154,Ford,Automatic 4-spd,8.0,5.4
4252,Vans,Regular,Rear-Wheel Drive,21.974,GMC,Automatic 4-spd,6.0,4.3
4253,Vans,Regular,Rear-Wheel Drive,23.5435714285714,GMC,Automatic 4-spd,8.0,5.0
4254,Vans,Regular,Rear-Wheel Drive,21.974,GMC,Automatic 4-spd,8.0,5.7
4255,Vans,Regular,4-Wheel or All-Wheel Drive,20.600625,GMC,Automatic 4-spd,6.0,4.3
4256,Midsize Cars,Regular,Front-Wheel Drive,13.73375,Plymouth,Manual 4-spd,4.0,2.2
4257,Vans,Regular,Rear-Wheel Drive,19.3888235294118,GMC,Automatic 4-spd,6.0,4.3
4258,Vans,Regular,4-Wheel or All-Wheel Drive,21.974,Chevrolet,Automatic 4-spd,6.0,4.3
4259,Vans,Regular,Rear-Wheel Drive,20.600625,Chevrolet,Automatic 4-spd,6.0,4.3
4260,Vans,Regular,Rear-Wheel Drive,21.974,Chevrolet,Automatic 4-spd,6.0,4.3
4261,Vans,Regular,Rear-Wheel Drive,23.5435714285714,Chevrolet,Automatic 4-spd,8.0,5.0
4262,Vans,Regular,Rear-Wheel Drive,23.5435714285714,Chevrolet,Automatic 4-spd,8.0,5.7
4263,Vans,Regular,Rear-Wheel Drive,23.5435714285714,Dodge,Automatic 3-spd,6.0,3.9
4264,Vans,Regular,Rear-Wheel Drive,23.5435714285714,Dodge,Automatic 4-spd,8.0,5.2
4265,Vans,Regular,Rear-Wheel Drive,25.3546153846154,Dodge,Automatic 4-spd,8.0,5.9
4266,Vans,Regular,Rear-Wheel Drive,27.4675,Dodge,Automatic 4-spd,8.0,5.2
4267,Midsize Cars,Regular,Front-Wheel Drive,13.1844,Plymouth,Manual 5-spd,4.0,2.2
4268,Vans,Regular,Rear-Wheel Drive,29.9645454545455,Dodge,Automatic 4-spd,8.0,5.9
4269,Vans,Regular,4-Wheel or All-Wheel Drive,21.974,Ford,Automatic 5-spd,6.0,4.0
4270,Vans,Regular,Rear-Wheel Drive,19.3888235294118,Ford,Automatic 4-spd,6.0,3.0
4271,Vans,Regular,Rear-Wheel Drive,19.3888235294118,Ford,Automatic 5-spd,6.0,4.0
4272,Vans,Regular,Rear-Wheel Drive,23.5435714285714,Ford,Automatic 4-spd,6.0,4.2
4273,Vans,Regular,Rear-Wheel Drive,23.5435714285714,Ford,Automatic 4-spd,8.0,4.6
4274,Vans,Regular,Rear-Wheel Drive,25.3546153846154,Ford,Automatic 4-spd,8.0,5.4
4275,Vans,Regular,Rear-Wheel Drive,21.974,GMC,Automatic 4-spd,6.0,4.3
4276,Vans,Regular,Rear-Wheel Drive,23.5435714285714,GMC,Automatic 4-spd,8.0,5.0
4277,Vans,Regular,Rear-Wheel Drive,23.5435714285714,GMC,Automatic 4-spd,8.0,5.7
4278,Midsize Cars,Regular,Front-Wheel Drive,13.1844,Plymouth,Manual 5-spd,4.0,2.2
4279,Vans,Regular,4-Wheel or All-Wheel Drive,21.974,GMC,Automatic 4-spd,6.0,4.3
4280,Vans,Regular,Rear-Wheel Drive,20.600625,GMC,Automatic 4-spd,6.0,4.3
4281,Vans,Regular,Rear-Wheel Drive,19.3888235294118,Toyota,Automatic 4-spd,4.0,2.4
4282,Vans,Regular,4-Wheel or All-Wheel Drive,19.3888235294118,Toyota,Automatic 4-spd,4.0,2.4
4283,Vans,Regular,Front-Wheel Drive,23.5435714285714,Volkswagen,Automatic 4-spd,6.0,2.8
4284,Special Purpose Vehicles,Regular,Rear-Wheel Drive,19.3888235294118,Chevrolet,Automatic 4-spd,6.0,4.3
4285,Special Purpose Vehicles,Regular,Rear-Wheel Drive,17.3478947368421,Chevrolet,Manual 5-spd,6.0,4.3
4286,Special Purpose Vehicles,Regular,Rear-Wheel Drive,23.5435714285714,Chevrolet,Automatic 4-spd,8.0,5.7
4287,Special Purpose Vehicles,Regular,Rear-Wheel Drive,21.974,Chevrolet,Automatic 4-spd,8.0,5.7
4288,Special Purpose Vehicles,Regular,Front-Wheel Drive,17.3478947368421,Chevrolet,Automatic 4-spd,6.0,3.4
4289,Midsize Cars,Regular,Front-Wheel Drive,15.6957142857143,Plymouth,Automatic 3-spd,4.0,2.2
4290,Special Purpose Vehicles,Regular,Rear-Wheel Drive,20.600625,Nissan,Automatic 4-spd,6.0,3.3
4291,Special Purpose Vehicles,Regular,Rear-Wheel Drive,20.600625,Nissan,Manual 5-spd,6.0,3.3
4292,Special Purpose Vehicles,Regular,Front-Wheel Drive,18.3116666666667,Nissan,Automatic 4-spd,6.0,3.0
4293,Special Purpose Vehicles,Regular,Front-Wheel Drive,18.3116666666667,Chrysler,Automatic 4-spd,6.0,3.3
4294,Special Purpose Vehicles,Regular,Front-Wheel Drive,18.3116666666667,Chrysler,Automatic 4-spd,6.0,3.8
4295,Special Purpose Vehicles,Regular,Front-Wheel Drive,16.4805,Dodge,Automatic 3-spd,4.0,2.4
4296,Special Purpose Vehicles,Regular,Front-Wheel Drive,17.3478947368421,Dodge,Automatic 4-spd,4.0,2.4
4297,Special Purpose Vehicles,Regular,Front-Wheel Drive,17.3478947368421,Dodge,Automatic 3-spd,6.0,3.0
4298,Special Purpose Vehicles,Regular,Front-Wheel Drive,18.3116666666667,Dodge,Automatic 4-spd,6.0,3.3
4299,Special Purpose Vehicles,Regular,Front-Wheel Drive,18.3116666666667,Dodge,Automatic 4-spd,6.0,3.8
4300,Midsize Cars,Regular,Front-Wheel Drive,17.3478947368421,Plymouth,Automatic 3-spd,4.0,2.6
4301,Special Purpose Vehicles,Regular,Rear-Wheel Drive,20.600625,Jeep,Automatic 4-spd,6.0,4.0
4302,Special Purpose Vehicles,Regular,Rear-Wheel Drive,23.5435714285714,Jeep,Automatic 4-spd,8.0,5.2
4303,Special Purpose Vehicles,Regular,Rear-Wheel Drive,21.974,Ford,Automatic 4-spd,8.0,4.6
4304,Special Purpose Vehicles,Regular,Rear-Wheel Drive,23.5435714285714,Ford,Automatic 4-spd,8.0,5.4
4305,Special Purpose Vehicles,Regular,Rear-Wheel Drive,20.600625,Ford,Automatic 5-spd,6.0,4.0
4306,Special Purpose Vehicles,Regular,Rear-Wheel Drive,21.974,Ford,Automatic 5-spd,6.0,4.0
4307,Special Purpose Vehicles,Regular,Rear-Wheel Drive,18.3116666666667,Ford,Manual 5-spd,6.0,4.0
4308,Special Purpose Vehicles,Regular,Rear-Wheel Drive,23.5435714285714,Ford,Automatic 4-spd,8.0,5.0
4309,Special Purpose Vehicles,Regular,Front-Wheel Drive,18.3116666666667,Ford,Automatic 4-spd,6.0,3.0
4310,Special Purpose Vehicles,Regular,Front-Wheel Drive,19.3888235294118,Ford,Automatic 4-spd,6.0,3.8
4311,Midsize Cars,Regular,Rear-Wheel Drive,18.3116666666667,Pontiac,Automatic 3-spd,6.0,3.8
4312,Special Purpose Vehicles,Regular,Front-Wheel Drive,18.3116666666667,Ford,Automatic 4-spd,6.0,3.0
4313,Special Purpose Vehicles,Regular,Front-Wheel Drive,19.3888235294118,Ford,Automatic 4-spd,6.0,3.8
4314,Special Purpose Vehicles,Regular,Rear-Wheel Drive,18.3116666666667,Kia,Automatic 4-spd,4.0,2.0
4315,Special Purpose Vehicles,Regular,Rear-Wheel Drive,18.3116666666667,Kia,Manual 5-spd,4.0,2.0
4316,Special Purpose Vehicles,Regular,Rear-Wheel Drive,23.5435714285714,Mercury,Automatic 4-spd,8.0,5.0
4317,Special Purpose Vehicles,Regular,Front-Wheel Drive,18.3116666666667,Mercury,Automatic 4-spd,6.0,3.0
4318,Special Purpose Vehicles,Regular,Front-Wheel Drive,18.3116666666667,Mercury,Automatic 4-spd,6.0,3.0
4319,Special Purpose Vehicles,Regular,Rear-Wheel Drive,15.6957142857143,Geo,Automatic 3-spd,4.0,1.6
4320,Special Purpose Vehicles,Regular,Rear-Wheel Drive,14.9822727272727,Geo,Manual 5-spd,4.0,1.6
4321,Special Purpose Vehicles,Regular,Rear-Wheel Drive,15.6957142857143,Geo,Automatic 4-spd,4.0,1.6
4322,Midsize Cars,Regular,Rear-Wheel Drive,20.600625,Pontiac,Automatic 3-spd,8.0,5.0
4323,Special Purpose Vehicles,Regular,Rear-Wheel Drive,14.9822727272727,Geo,Manual 5-spd,4.0,1.6
4324,Special Purpose Vehicles,Regular,Rear-Wheel Drive,23.5435714285714,GMC,Automatic 4-spd,8.0,5.7
4325,Special Purpose Vehicles,Regular,Rear-Wheel Drive,21.974,GMC,Automatic 4-spd,8.0,5.7
4326,Special Purpose Vehicles,Regular,Rear-Wheel Drive,19.3888235294118,GMC,Automatic 4-spd,6.0,4.3
4327,Special Purpose Vehicles,Regular,Rear-Wheel Drive,17.3478947368421,GMC,Manual 5-spd,6.0,4.3
4328,Special Purpose Vehicles,Regular,Rear-Wheel Drive,18.3116666666667,Isuzu,Manual 5-spd,4.0,2.6
4329,Special Purpose Vehicles,Regular,Rear-Wheel Drive,21.974,Isuzu,Automatic 4-spd,6.0,3.2
4330,Special Purpose Vehicles,Regular,Rear-Wheel Drive,20.600625,Isuzu,Manual 5-spd,6.0,3.2
4331,Special Purpose Vehicles,Regular,Rear-Wheel Drive,18.3116666666667,Honda,Manual 5-spd,4.0,2.6
4332,Special Purpose Vehicles,Regular,Rear-Wheel Drive,21.974,Honda,Automatic 4-spd,6.0,3.2
4333,Subcompact Cars,Regular,Front-Wheel Drive,14.3308695652174,Honda,Automatic 4-spd,4.0,1.8
4334,Midsize Cars,Regular,Rear-Wheel Drive,18.3116666666667,Pontiac,Automatic 3-spd,6.0,3.8
4335,Special Purpose Vehicles,Regular,Rear-Wheel Drive,20.600625,Honda,Manual 5-spd,6.0,3.2
4336,Special Purpose Vehicles,Regular,Rear-Wheel Drive,19.3888235294118,Mazda,Automatic 4-spd,6.0,3.0
4337,Special Purpose Vehicles,Regular,Front-Wheel Drive,17.3478947368421,Pontiac,Automatic 4-spd,6.0,3.4
4338,Special Purpose Vehicles,Regular,Front-Wheel Drive,16.4805,Plymouth,Automatic 3-spd,4.0,2.4
4339,Special Purpose Vehicles,Regular,Front-Wheel Drive,17.3478947368421,Plymouth,Automatic 4-spd,4.0,2.4
4340,Special Purpose Vehicles,Regular,Front-Wheel Drive,17.3478947368421,Plymouth,Automatic 3-spd,6.0,3.0
4341,Special Purpose Vehicles,Regular,Front-Wheel Drive,18.3116666666667,Plymouth,Automatic 4-spd,6.0,3.3
4342,Special Purpose Vehicles,Regular,Rear-Wheel Drive,16.4805,Suzuki,Automatic 4-spd,4.0,1.8
4343,Special Purpose Vehicles,Regular,Rear-Wheel Drive,15.6957142857143,Suzuki,Manual 5-spd,4.0,1.8
4344,Special Purpose Vehicles,Regular,Rear-Wheel Drive,15.6957142857143,Suzuki,Automatic 3-spd,4.0,1.6
4345,Midsize Cars,Regular,Rear-Wheel Drive,20.600625,Pontiac,Automatic 3-spd,8.0,5.0
4346,Special Purpose Vehicles,Regular,Rear-Wheel Drive,14.9822727272727,Suzuki,Manual 5-spd,4.0,1.6
4347,Special Purpose Vehicles,Regular,Rear-Wheel Drive,15.6957142857143,Suzuki,Automatic 4-spd,4.0,1.6
4348,Special Purpose Vehicles,Regular,Rear-Wheel Drive,14.9822727272727,Suzuki,Manual 5-spd,4.0,1.6
4349,Special Purpose Vehicles,Regular,Front-Wheel Drive,17.3478947368421,Oldsmobile,Automatic 4-spd,6.0,3.4
4350,Special Purpose Vehicles,Regular,Front-Wheel Drive,14.3308695652174,Toyota,Automatic 4-spd,4.0,2.0
4351,Special Purpose Vehicles,Regular,Front-Wheel Drive,14.3308695652174,Toyota,Manual 5-spd,4.0,2.0
4352,Special Purpose Vehicles,Regular,Rear-Wheel Drive,17.3478947368421,Toyota,Automatic 4-spd,4.0,2.7
4353,Special Purpose Vehicles,Regular,Rear-Wheel Drive,18.3116666666667,Toyota,Manual 5-spd,4.0,2.7
4354,Special Purpose Vehicles,Regular,Rear-Wheel Drive,19.3888235294118,Toyota,Automatic 4-spd,6.0,3.4
4355,Special Purpose Vehicles,Regular,4-Wheel or All-Wheel Drive,23.5435714285714,Acura,Automatic 4-spd,6.0,3.2
4356,Midsize Cars,Regular,Rear-Wheel Drive,19.3888235294118,Pontiac,Automatic 4-spd,8.0,5.0
4357,Special Purpose Vehicles,Regular,4-Wheel or All-Wheel Drive,21.974,Acura,Manual 5-spd,6.0,3.2
4358,Special Purpose Vehicles,Regular,4-Wheel or All-Wheel Drive,20.600625,Chevrolet,Automatic 4-spd,6.0,4.3
4359,Special Purpose Vehicles,Regular,4-Wheel or All-Wheel Drive,20.600625,Chevrolet,Automatic 4-spd,6.0,4.3
4360,Special Purpose Vehicles,Regular,4-Wheel or All-Wheel Drive,19.3888235294118,Chevrolet,Manual 5-spd,6.0,4.3
4361,Special Purpose Vehicles,Regular,4-Wheel or All-Wheel Drive,27.4675,Chevrolet,Automatic 4-spd,8.0,5.7
4362,Special Purpose Vehicles,Regular,4-Wheel or All-Wheel Drive,23.5435714285714,Chevrolet,Automatic 4-spd,8.0,5.7
4363,Special Purpose Vehicles,Diesel,4-Wheel or All-Wheel Drive,25.479,Chevrolet,Automatic 4-spd,8.0,6.5
4364,Special Purpose Vehicles,Regular,4-Wheel or All-Wheel Drive,21.974,Nissan,Automatic 4-spd,6.0,3.3
4365,Special Purpose Vehicles,Regular,4-Wheel or All-Wheel Drive,21.974,Nissan,Manual 5-spd,6.0,3.3
4366,Special Purpose Vehicles,Regular,4-Wheel or All-Wheel Drive,20.600625,Chrysler,Automatic 4-spd,6.0,3.8
4367,Midsize Cars,Regular,Front-Wheel Drive,17.3478947368421,Pontiac,Automatic 3-spd,6.0,2.8
4368,Special Purpose Vehicles,Regular,4-Wheel or All-Wheel Drive,20.600625,Dodge,Automatic 4-spd,6.0,3.8
4369,Special Purpose Vehicles,Regular,4-Wheel or All-Wheel Drive,21.974,Jeep,Automatic 4-spd,6.0,4.0
4370,Special Purpose Vehicles,Regular,4-Wheel or All-Wheel Drive,23.5435714285714,Jeep,Automatic 4-spd,8.0,5.2
4371,Special Purpose Vehicles,Regular,4-Wheel or All-Wheel Drive,23.5435714285714,Ford,Automatic 4-spd,8.0,4.6
4372,Special Purpose Vehicles,Regular,4-Wheel or All-Wheel Drive,25.3546153846154,Ford,Automatic 4-spd,8.0,5.4
4373,Special Purpose Vehicles,Regular,4-Wheel or All-Wheel Drive,21.974,Ford,Automatic 5-spd,6.0,4.0
4374,Special Purpose Vehicles,Regular,4-Wheel or All-Wheel Drive,21.974,Ford,Automatic 5-spd,6.0,4.0
4375,Special Purpose Vehicles,Regular,4-Wheel or All-Wheel Drive,20.600625,Ford,Manual 5-spd,6.0,4.0
4376,Special Purpose Vehicles,Regular,4-Wheel or All-Wheel Drive,23.5435714285714,Ford,Automatic 4-spd,8.0,5.0
4377,Special Purpose Vehicles,Regular,4-Wheel or All-Wheel Drive,18.3116666666667,Kia,Automatic 4-spd,4.0,2.0
4378,Midsize Cars,Diesel,Front-Wheel Drive,14.6994230769231,Pontiac,Automatic 3-spd,6.0,4.3
4379,Special Purpose Vehicles,Regular,4-Wheel or All-Wheel Drive,17.3478947368421,Kia,Manual 5-spd,4.0,2.0
4380,Special Purpose Vehicles,Regular,4-Wheel or All-Wheel Drive,23.5435714285714,Mercury,Automatic 4-spd,8.0,5.0
4381,Special Purpose Vehicles,Regular,4-Wheel or All-Wheel Drive,21.974,Infiniti,Automatic 4-spd,6.0,3.3
4382,Special Purpose Vehicles,Regular,4-Wheel or All-Wheel Drive,25.3546153846154,Lexus,Automatic 4-spd,6.0,4.5
4383,Special Purpose Vehicles,Regular,4-Wheel or All-Wheel Drive,15.6957142857143,Geo,Automatic 3-spd,4.0,1.6
4384,Special Purpose Vehicles,Regular,4-Wheel or All-Wheel Drive,14.9822727272727,Geo,Manual 5-spd,4.0,1.6
4385,Special Purpose Vehicles,Regular,4-Wheel or All-Wheel Drive,15.6957142857143,Geo,Automatic 4-spd,4.0,1.6
4386,Special Purpose Vehicles,Regular,4-Wheel or All-Wheel Drive,14.9822727272727,Geo,Manual 5-spd,4.0,1.6
4387,Special Purpose Vehicles,Regular,4-Wheel or All-Wheel Drive,20.600625,GMC,Automatic 4-spd,6.0,4.3
4388,Special Purpose Vehicles,Regular,4-Wheel or All-Wheel Drive,20.600625,GMC,Automatic 4-spd,6.0,4.3
4389,Large Cars,Regular,Front-Wheel Drive,18.3116666666667,Buick,Automatic 4-spd,6.0,3.0
4390,Special Purpose Vehicles,Regular,4-Wheel or All-Wheel Drive,19.3888235294118,GMC,Manual 5-spd,6.0,4.3
4391,Special Purpose Vehicles,Regular,4-Wheel or All-Wheel Drive,27.4675,GMC,Automatic 4-spd,8.0,5.7
4392,Special Purpose Vehicles,Regular,4-Wheel or All-Wheel Drive,23.5435714285714,GMC,Automatic 4-spd,8.0,5.7
4393,Special Purpose Vehicles,Diesel,4-Wheel or All-Wheel Drive,25.479,GMC,Automatic 4-spd,8.0,6.5
4394,Special Purpose Vehicles,Regular,4-Wheel or All-Wheel Drive,21.974,Isuzu,Automatic 4-spd,6.0,3.2
4395,Special Purpose Vehicles,Regular,4-Wheel or All-Wheel Drive,20.600625,Isuzu,Manual 5-spd,6.0,3.2
4396,Special Purpose Vehicles,Regular,4-Wheel or All-Wheel Drive,23.5435714285714,Isuzu,Automatic 4-spd,6.0,3.2
4397,Special Purpose Vehicles,Regular,4-Wheel or All-Wheel Drive,21.974,Isuzu,Manual 5-spd,6.0,3.2
4398,Special Purpose Vehicles,Regular,4-Wheel or All-Wheel Drive,21.974,Honda,Automatic 4-spd,6.0,3.2
4399,Special Purpose Vehicles,Regular,4-Wheel or All-Wheel Drive,20.600625,Honda,Manual 5-spd,6.0,3.2
4400,Large Cars,Diesel,Front-Wheel Drive,16.6167391304348,Buick,Automatic 4-spd,6.0,4.3
4401,Special Purpose Vehicles,Premium,4-Wheel or All-Wheel Drive,25.3546153846154,Land Rover,Automatic 4-spd,8.0,4.0
4402,Special Purpose Vehicles,Premium,4-Wheel or All-Wheel Drive,23.5435714285714,Land Rover,Automatic 4-spd,8.0,4.0
4403,Special Purpose Vehicles,Premium,4-Wheel or All-Wheel Drive,25.3546153846154,Land Rover,Manual 5-spd,8.0,4.0
4404,Special Purpose Vehicles,Premium,4-Wheel or All-Wheel Drive,25.3546153846154,Land Rover,Automatic 4-spd,8.0,4.0
4405,Special Purpose Vehicles,Premium,4-Wheel or All-Wheel Drive,27.4675,Land Rover,Automatic 4-spd,8.0,4.6
4406,Special Purpose Vehicles,Regular,4-Wheel or All-Wheel Drive,21.974,Mitsubishi,Automatic 4-spd,6.0,3.0
4407,Special Purpose Vehicles,Regular,4-Wheel or All-Wheel Drive,21.974,Mitsubishi,Manual 5-spd,6.0,3.0
4408,Special Purpose Vehicles,Regular,4-Wheel or All-Wheel Drive,20.600625,Mitsubishi,Automatic 4-spd,6.0,3.5
4409,Special Purpose Vehicles,Regular,4-Wheel or All-Wheel Drive,21.974,Mitsubishi,Manual 5-spd,6.0,3.5
4410,Special Purpose Vehicles,Regular,4-Wheel or All-Wheel Drive,21.974,Mazda,Automatic 4-spd,6.0,3.0
4411,Large Cars,Regular,Rear-Wheel Drive,19.3888235294118,Buick,Automatic 3-spd,6.0,3.8
4412,Special Purpose Vehicles,Regular,4-Wheel or All-Wheel Drive,16.4805,Suzuki,Automatic 4-spd,4.0,1.8
4413,Special Purpose Vehicles,Regular,4-Wheel or All-Wheel Drive,15.6957142857143,Suzuki,Manual 5-spd,4.0,1.8
4414,Special Purpose Vehicles,Regular,4-Wheel or All-Wheel Drive,15.6957142857143,Suzuki,Automatic 3-spd,4.0,1.6
4415,Special Purpose Vehicles,Regular,4-Wheel or All-Wheel Drive,14.9822727272727,Suzuki,Manual 5-spd,4.0,1.6
4416,Special Purpose Vehicles,Regular,4-Wheel or All-Wheel Drive,15.6957142857143,Suzuki,Automatic 4-spd,4.0,1.6
4417,Special Purpose Vehicles,Regular,4-Wheel or All-Wheel Drive,14.9822727272727,Suzuki,Manual 5-spd,4.0,1.6
4418,Special Purpose Vehicles,Regular,4-Wheel or All-Wheel Drive,20.600625,Oldsmobile,Automatic 4-spd,6.0,4.3
4419,Special Purpose Vehicles,Regular,4-Wheel or All-Wheel Drive,25.3546153846154,Toyota,Automatic 4-spd,6.0,4.5
4420,Special Purpose Vehicles,Regular,4-Wheel or All-Wheel Drive,15.6957142857143,Toyota,Automatic 4-spd,4.0,2.0
4421,Special Purpose Vehicles,Regular,4-Wheel or All-Wheel Drive,15.6957142857143,Toyota,Manual 5-spd,4.0,2.0
4422,Large Cars,Regular,Rear-Wheel Drive,18.3116666666667,Buick,Automatic 4-spd,8.0,5.0
4423,Special Purpose Vehicles,Regular,4-Wheel or All-Wheel Drive,18.3116666666667,Toyota,Automatic 4-spd,4.0,2.7
4424,Special Purpose Vehicles,Regular,4-Wheel or All-Wheel Drive,19.3888235294118,Toyota,Manual 5-spd,4.0,2.7
4425,Special Purpose Vehicles,Regular,4-Wheel or All-Wheel Drive,20.600625,Toyota,Automatic 4-spd,6.0,3.4
4426,Special Purpose Vehicles,Regular,4-Wheel or All-Wheel Drive,20.600625,Toyota,Manual 5-spd,6.0,3.4
4427,Two Seaters,Premium,Rear-Wheel Drive,18.3116666666667,Acura,Automatic 4-spd,6.0,3.0
4428,Two Seaters,Premium,Rear-Wheel Drive,18.3116666666667,Acura,Manual 6-spd,6.0,3.2
4429,Two Seaters,Premium,Rear-Wheel Drive,21.974,Aston Martin,Automatic 4-spd,6.0,3.2
4430,Two Seaters,Premium,Rear-Wheel Drive,21.974,Aston Martin,Manual 5-spd,6.0,3.2
4431,Two Seaters,Premium,Rear-Wheel Drive,21.974,Aston Martin,Automatic 4-spd,6.0,3.2
4432,Two Seaters,Premium,Rear-Wheel Drive,21.974,Aston Martin,Manual 5-spd,6.0,3.2
4433,Large Cars,Regular,Front-Wheel Drive,18.3116666666667,Cadillac,Automatic 4-spd,8.0,4.1
4434,Two Seaters,Regular,Rear-Wheel Drive,15.6957142857143,BMW,Manual 5-spd,6.0,3.2
4435,Two Seaters,Regular,Rear-Wheel Drive,14.3308695652174,BMW,Automatic 4-spd,4.0,1.9
4436,Two Seaters,Regular,Rear-Wheel Drive,13.73375,BMW,Manual 5-spd,4.0,1.9
4437,Two Seaters,Regular,Rear-Wheel Drive,18.3116666666667,BMW,Automatic 4-spd,6.0,2.8
4438,Two Seaters,Regular,Rear-Wheel Drive,17.3478947368421,BMW,Manual 5-spd,6.0,2.8
4439,Two Seaters,Premium,Rear-Wheel Drive,18.3116666666667,Chevrolet,Automatic 4-spd,8.0,5.7
4440,Two Seaters,Premium,Rear-Wheel Drive,17.3478947368421,Chevrolet,Manual 6-spd,8.0,5.7
4441,Two Seaters,Premium,Rear-Wheel Drive,25.3546153846154,Dodge,Manual 6-spd,10.0,8.0
4442,Two Seaters,Premium,Rear-Wheel Drive,25.3546153846154,Dodge,Manual 6-spd,10.0,8.0
4443,Two Seaters,Premium,Rear-Wheel Drive,32.961,Ferrari,Manual 6-spd,12.0,5.5
4444,Two Seaters,Regular,Front-Wheel Drive,13.73375,Ford,Manual 5-spd,4.0,1.6
4445,Subcompact Cars,Regular,Front-Wheel Drive,13.73375,Honda,Manual 5-spd,4.0,1.8
4446,Large Cars,Diesel,Front-Wheel Drive,16.6167391304348,Cadillac,Automatic 4-spd,6.0,4.3
4447,Two Seaters,Premium,Rear-Wheel Drive,29.9645454545455,Ferrari,Automatic 6-spd,8.0,3.5
4448,Two Seaters,Premium,Rear-Wheel Drive,29.9645454545455,Ferrari,Manual 6-spd,8.0,3.5
4449,Two Seaters,Premium,4-Wheel or All-Wheel Drive,32.961,Lamborghini,Manual 5-spd,12.0,5.7
4450,Two Seaters,Premium,Rear-Wheel Drive,20.600625,Lotus,Manual 5-spd,8.0,3.5
4451,Two Seaters,Premium,Rear-Wheel Drive,19.3888235294118,Mercedes-Benz,Automatic 5-spd,8.0,5.0
4452,Two Seaters,Premium,Rear-Wheel Drive,23.5435714285714,Mercedes-Benz,Automatic 5-spd,12.0,6.0
4453,Two Seaters,Premium,Rear-Wheel Drive,19.3888235294118,Porsche,Automatic 5-spd,6.0,2.5
4454,Two Seaters,Premium,Rear-Wheel Drive,16.4805,Porsche,Manual 5-spd,6.0,2.5
4455,Two Seaters,Regular,4-Wheel or All-Wheel Drive,14.9822727272727,Suzuki,Automatic 4-spd,4.0,1.6
4456,Two Seaters,Regular,4-Wheel or All-Wheel Drive,14.3308695652174,Suzuki,Manual 5-spd,4.0,1.6
4457,Large Cars,Regular,Rear-Wheel Drive,18.3116666666667,Chevrolet,Automatic 3-spd,6.0,4.3
4458,Two Seaters,Regular,Rear-Wheel Drive,14.9822727272727,Suzuki,Automatic 4-spd,4.0,1.6
4459,Two Seaters,Regular,Rear-Wheel Drive,14.3308695652174,Suzuki,Manual 5-spd,4.0,1.6
4460,Minicompact Cars,Premium,Front-Wheel Drive,17.3478947368421,Audi,Automatic 4-spd,6.0,2.8
4461,Minicompact Cars,Regular,Rear-Wheel Drive,16.4805,BMW,Automatic 4-spd,6.0,2.5
4462,Minicompact Cars,Regular,Rear-Wheel Drive,15.6957142857143,BMW,Manual 5-spd,6.0,2.5
4463,Minicompact Cars,Regular,Rear-Wheel Drive,17.3478947368421,BMW,Automatic 4-spd,6.0,2.8
4464,Minicompact Cars,Regular,Rear-Wheel Drive,16.4805,BMW,Manual 5-spd,6.0,2.8
4465,Minicompact Cars,Regular,Rear-Wheel Drive,18.3116666666667,BMW,Automatic 5-spd,6.0,3.2
4466,Minicompact Cars,Regular,Rear-Wheel Drive,15.6957142857143,BMW,Manual 5-spd,6.0,3.2
4467,Minicompact Cars,Premium,Rear-Wheel Drive,18.3116666666667,Jaguar,Automatic 5-spd,8.0,4.0
4468,Large Cars,Regular,Rear-Wheel Drive,18.3116666666667,Chevrolet,Automatic 4-spd,6.0,4.3
4469,Minicompact Cars,Premium,Front-Wheel Drive,16.4805,Mitsubishi,Automatic 4-spd,4.0,2.0
4470,Minicompact Cars,Premium,Front-Wheel Drive,14.3308695652174,Mitsubishi,Manual 5-spd,4.0,2.0
4471,Minicompact Cars,Regular,Front-Wheel Drive,15.6957142857143,Mitsubishi,Automatic 4-spd,4.0,2.3
4472,Minicompact Cars,Regular,Front-Wheel Drive,14.9822727272727,Mitsubishi,Manual 5-spd,4.0,2.3
4473,Minicompact Cars,Premium,Rear-Wheel Drive,15.6957142857143,Nissan,Automatic 4-spd,4.0,2.4
4474,Minicompact Cars,Premium,Rear-Wheel Drive,14.9822727272727,Nissan,Manual 5-spd,4.0,2.4
4475,Minicompact Cars,Premium,Rear-Wheel Drive,19.3888235294118,Porsche,Automatic 4-spd,6.0,3.6
4476,Minicompact Cars,Premium,Rear-Wheel Drive,18.3116666666667,Porsche,Manual 6-spd,6.0,3.6
4477,Minicompact Cars,Premium,4-Wheel or All-Wheel Drive,19.3888235294118,Porsche,Manual 6-spd,6.0,3.6
4478,Minicompact Cars,Regular,Front-Wheel Drive,14.3308695652174,Toyota,Automatic 4-spd,4.0,2.2
4479,Large Cars,Regular,Rear-Wheel Drive,19.3888235294118,Chevrolet,Automatic 4-spd,8.0,5.0
4480,Minicompact Cars,Regular,Front-Wheel Drive,14.9822727272727,Toyota,Manual 5-spd,4.0,2.2
4481,Minicompact Cars,Regular,Front-Wheel Drive,12.6773076923077,Toyota,Automatic 4-spd,4.0,1.5
4482,Minicompact Cars,Regular,Front-Wheel Drive,11.7717857142857,Toyota,Manual 5-spd,4.0,1.5
4483,Minicompact Cars,Regular,Front-Wheel Drive,12.6773076923077,Toyota,Automatic 4-spd,4.0,1.5
4484,Minicompact Cars,Regular,Front-Wheel Drive,12.2077777777778,Toyota,Manual 5-spd,4.0,1.5
4485,Minicompact Cars,Premium,Rear-Wheel Drive,17.3478947368421,Toyota,Automatic 4-spd,6.0,3.0
4486,Minicompact Cars,Premium,Rear-Wheel Drive,18.3116666666667,Toyota,Automatic 4-spd,6.0,3.0
4487,Minicompact Cars,Premium,Rear-Wheel Drive,18.3116666666667,Toyota,Manual 6-spd,6.0,3.0
4488,Subcompact Cars,Regular,Front-Wheel Drive,14.9822727272727,Acura,Automatic 4-spd,4.0,2.3
4489,Subcompact Cars,Regular,Front-Wheel Drive,13.73375,Acura,Manual 5-spd,4.0,2.3
4490,Large Cars,Regular,Rear-Wheel Drive,19.3888235294118,Oldsmobile,Automatic 3-spd,6.0,3.8
4491,Subcompact Cars,Regular,Front-Wheel Drive,16.4805,Acura,Automatic 4-spd,6.0,3.0
4492,Subcompact Cars,Regular,Front-Wheel Drive,13.73375,Acura,Automatic 4-spd,4.0,1.8
4493,Subcompact Cars,Regular,Front-Wheel Drive,13.73375,Acura,Manual 5-spd,4.0,1.8
4494,Subcompact Cars,Premium,Front-Wheel Drive,13.73375,Acura,Manual 5-spd,4.0,1.8
4495,Subcompact Cars,Premium,Rear-Wheel Drive,27.4675,Bentley,Automatic 4-spd,8.0,6.7
4496,Subcompact Cars,Premium,Rear-Wheel Drive,27.4675,Bentley,Automatic 4-spd,8.0,6.7
4497,Subcompact Cars,Premium,Rear-Wheel Drive,27.4675,Bentley,Automatic 4-spd,8.0,6.7
4498,Subcompact Cars,Regular,Rear-Wheel Drive,14.3308695652174,BMW,Automatic 4-spd,4.0,1.9
4499,Subcompact Cars,Regular,Rear-Wheel Drive,13.73375,BMW,Manual 5-spd,4.0,1.9
4500,Subcompact Cars,Regular,Rear-Wheel Drive,16.4805,BMW,Automatic 4-spd,6.0,2.5
4501,Large Cars,Regular,Rear-Wheel Drive,18.3116666666667,Oldsmobile,Automatic 4-spd,8.0,5.0
4502,Subcompact Cars,Regular,Rear-Wheel Drive,15.6957142857143,BMW,Manual 5-spd,6.0,2.5
4503,Subcompact Cars,Regular,Rear-Wheel Drive,17.3478947368421,BMW,Automatic 4-spd,6.0,2.8
4504,Subcompact Cars,Regular,Rear-Wheel Drive,16.4805,BMW,Manual 5-spd,6.0,2.8
4505,Subcompact Cars,Regular,Rear-Wheel Drive,16.4805,BMW,Automatic 5-spd,6.0,3.2
4506,Subcompact Cars,Regular,Rear-Wheel Drive,15.6957142857143,BMW,Manual 5-spd,6.0,3.2
4507,Subcompact Cars,Regular,Rear-Wheel Drive,16.4805,Chevrolet,Automatic 4-spd,6.0,3.8
4508,Subcompact Cars,Regular,Rear-Wheel Drive,15.6957142857143,Chevrolet,Manual 5-spd,6.0,3.8
4509,Subcompact Cars,Premium,Rear-Wheel Drive,18.3116666666667,Chevrolet,Automatic 4-spd,8.0,5.7
4510,Subcompact Cars,Premium,Rear-Wheel Drive,17.3478947368421,Chevrolet,Manual 6-spd,8.0,5.7
4511,Subcompact Cars,Regular,Front-Wheel Drive,14.3308695652174,Chevrolet,Automatic 3-spd,4.0,2.2
4512,Large Cars,Regular,Front-Wheel Drive,18.3116666666667,Oldsmobile,Automatic 4-spd,6.0,3.0
4513,Subcompact Cars,Regular,Front-Wheel Drive,14.3308695652174,Chevrolet,Automatic 4-spd,4.0,2.2
4514,Subcompact Cars,Regular,Front-Wheel Drive,13.1844,Chevrolet,Manual 5-spd,4.0,2.2
4515,Subcompact Cars,Regular,Front-Wheel Drive,14.3308695652174,Chevrolet,Automatic 4-spd,4.0,2.4
4516,Subcompact Cars,Regular,Front-Wheel Drive,13.73375,Chevrolet,Manual 5-spd,4.0,2.4
4517,Subcompact Cars,Regular,Front-Wheel Drive,8.24025,Chevrolet,Manual 5-spd,3.0,1.0
4518,Subcompact Cars,Regular,Front-Wheel Drive,11.7717857142857,Chevrolet,Automatic 3-spd,4.0,1.3
4519,Subcompact Cars,Regular,Front-Wheel Drive,9.41742857142857,Chevrolet,Manual 5-spd,4.0,1.3
4520,Subcompact Cars,Regular,Front-Wheel Drive,14.9822727272727,Eagle,Automatic 4-spd,4.0,2.0
4521,Subcompact Cars,Premium,Front-Wheel Drive,16.4805,Eagle,Automatic 4-spd,4.0,2.0
4522,Subcompact Cars,Premium,4-Wheel or All-Wheel Drive,17.3478947368421,Eagle,Automatic 4-spd,4.0,2.0
4523,Large Cars,Diesel,Front-Wheel Drive,16.6167391304348,Oldsmobile,Automatic 4-spd,6.0,4.3
4524,Subcompact Cars,Regular,Front-Wheel Drive,14.9822727272727,Eagle,Automatic 4-spd,4.0,2.0
4525,Subcompact Cars,Premium,Front-Wheel Drive,16.4805,Eagle,Automatic 4-spd,4.0,2.0
4526,Subcompact Cars,Premium,4-Wheel or All-Wheel Drive,17.3478947368421,Eagle,Automatic 4-spd,4.0,2.0
4527,Subcompact Cars,Regular,Front-Wheel Drive,13.73375,Eagle,Manual 5-spd,4.0,2.0
4528,Subcompact Cars,Premium,Front-Wheel Drive,14.3308695652174,Eagle,Manual 5-spd,4.0,2.0
4529,Subcompact Cars,Premium,4-Wheel or All-Wheel Drive,15.6957142857143,Eagle,Manual 5-spd,4.0,2.0
4530,Subcompact Cars,Regular,Front-Wheel Drive,14.3308695652174,Eagle,Manual 5-spd,4.0,2.0
4531,Subcompact Cars,Premium,Front-Wheel Drive,14.3308695652174,Eagle,Manual 5-spd,4.0,2.0
4532,Subcompact Cars,Premium,4-Wheel or All-Wheel Drive,15.6957142857143,Eagle,Manual 5-spd,4.0,2.0
4533,Subcompact Cars,Premium,Rear-Wheel Drive,29.9645454545455,Ferrari,Automatic 4-spd,12.0,5.5
4534,Large Cars,Regular,Rear-Wheel Drive,18.3116666666667,Pontiac,Automatic 3-spd,6.0,4.3
4535,Subcompact Cars,Premium,Rear-Wheel Drive,29.9645454545455,Ferrari,Manual 6-spd,12.0,5.5
4536,Subcompact Cars,Regular,Front-Wheel Drive,13.1844,Ford,Automatic 4-spd,4.0,2.0
4537,Subcompact Cars,Regular,Front-Wheel Drive,13.1844,Ford,Manual 5-spd,4.0,2.0
4538,Subcompact Cars,Regular,Rear-Wheel Drive,16.4805,Ford,Automatic 4-spd,6.0,3.8
4539,Subcompact Cars,Regular,Rear-Wheel Drive,15.6957142857143,Ford,Manual 5-spd,6.0,3.8
4540,Subcompact Cars,Regular,Rear-Wheel Drive,18.3116666666667,Ford,Automatic 4-spd,8.0,4.6
4541,Subcompact Cars,Premium,Rear-Wheel Drive,18.3116666666667,Ford,Manual 5-spd,8.0,4.6
4542,Subcompact Cars,Regular,Rear-Wheel Drive,18.3116666666667,Ford,Manual 5-spd,8.0,4.6
4543,Subcompact Cars,Regular,Front-Wheel Drive,11.7717857142857,Honda,Automatic 4-spd,4.0,1.6
4544,Subcompact Cars,CNG,Front-Wheel Drive,0.0688888888888888,Honda,Automatic 4-spd,4.0,1.6
4545,Large Cars,Regular,Rear-Wheel Drive,18.3116666666667,Pontiac,Automatic 4-spd,6.0,4.3
4546,Subcompact Cars,Regular,Front-Wheel Drive,12.2077777777778,Honda,Automatic 4-spd,4.0,1.6
4547,Subcompact Cars,Regular,Front-Wheel Drive,10.987,Honda,Manual 5-spd,4.0,1.6
4548,Subcompact Cars,Regular,Front-Wheel Drive,11.7717857142857,Honda,Manual 5-spd,4.0,1.6
4549,Subcompact Cars,Regular,Front-Wheel Drive,10.6325806451613,Honda,Automatic (variable gear ratios),4.0,1.6
4550,Subcompact Cars,Regular,Front-Wheel Drive,9.69441176470588,Honda,Manual 5-spd,4.0,1.6
4551,Subcompact Cars,Premium,Front-Wheel Drive,15.6957142857143,Honda,Automatic 4-spd,4.0,2.2
4552,Subcompact Cars,Premium,Front-Wheel Drive,14.9822727272727,Honda,Manual 5-spd,4.0,2.2
4553,Subcompact Cars,Regular,Front-Wheel Drive,14.9822727272727,Hyundai,Automatic 4-spd,4.0,2.0
4554,Subcompact Cars,Regular,Front-Wheel Drive,14.3308695652174,Hyundai,Manual 5-spd,4.0,2.0
4555,Subcompact Cars,Premium,Rear-Wheel Drive,18.3116666666667,Jaguar,Automatic 5-spd,8.0,4.0
4556,Subcompact Cars,Regular,Front-Wheel Drive,15.6957142857143,Honda,Automatic 4-spd,4.0,2.0
4557,Large Cars,Regular,Rear-Wheel Drive,19.3888235294118,Pontiac,Automatic 4-spd,8.0,5.0
4558,Subcompact Cars,Premium,Rear-Wheel Drive,17.3478947368421,Lexus,Automatic 4-spd,6.0,3.0
4559,Subcompact Cars,Premium,Rear-Wheel Drive,17.3478947368421,Lexus,Automatic 5-spd,8.0,4.0
4560,Subcompact Cars,Premium,Rear-Wheel Drive,14.9822727272727,Mercedes-Benz,Automatic 5-spd,6.0,3.2
4561,Subcompact Cars,Regular,Front-Wheel Drive,18.3116666666667,Mitsubishi,Automatic 4-spd,6.0,3.0
4562,Subcompact Cars,Regular,Front-Wheel Drive,18.3116666666667,Mitsubishi,Automatic 4-spd,6.0,3.0
4563,Subcompact Cars,Regular,Front-Wheel Drive,17.3478947368421,Mitsubishi,Manual 5-spd,6.0,3.0
4564,Subcompact Cars,Regular,Front-Wheel Drive,17.3478947368421,Mitsubishi,Manual 5-spd,6.0,3.0
4565,Subcompact Cars,Premium,4-Wheel or All-Wheel Drive,18.3116666666667,Mitsubishi,Manual 6-spd,6.0,3.0
4566,Subcompact Cars,Regular,Front-Wheel Drive,18.3116666666667,Mitsubishi,Automatic 4-spd,6.0,3.0
4567,Subcompact Cars,Premium,4-Wheel or All-Wheel Drive,18.3116666666667,Mitsubishi,Manual 6-spd,6.0,3.0
4568,Small Station Wagons,Regular,Front-Wheel Drive,14.9822727272727,Buick,Automatic 3-spd,4.0,2.0
4569,Subcompact Cars,Regular,Front-Wheel Drive,14.9822727272727,Mitsubishi,Automatic 4-spd,4.0,2.0
4570,Subcompact Cars,Premium,4-Wheel or All-Wheel Drive,17.3478947368421,Mitsubishi,Automatic 4-spd,4.0,2.0
4571,Subcompact Cars,Premium,Front-Wheel Drive,16.4805,Mitsubishi,Automatic 4-spd,4.0,2.0
4572,Subcompact Cars,Regular,Front-Wheel Drive,14.3308695652174,Mitsubishi,Manual 5-spd,4.0,2.0
4573,Subcompact Cars,Premium,Front-Wheel Drive,14.3308695652174,Mitsubishi,Manual 5-spd,4.0,2.0
4574,Subcompact Cars,Premium,4-Wheel or All-Wheel Drive,15.6957142857143,Mitsubishi,Manual 5-spd,4.0,2.0
4575,Subcompact Cars,Regular,Front-Wheel Drive,11.7717857142857,Mitsubishi,Automatic 4-spd,4.0,1.5
4576,Subcompact Cars,Regular,Front-Wheel Drive,10.6325806451613,Mitsubishi,Manual 5-spd,4.0,1.5
4577,Subcompact Cars,Regular,Front-Wheel Drive,13.1844,Mitsubishi,Automatic 4-spd,4.0,1.8
4578,Subcompact Cars,Regular,Front-Wheel Drive,11.7717857142857,Mitsubishi,Manual 5-spd,4.0,1.8
4579,Small Station Wagons,Regular,Front-Wheel Drive,13.1844,Buick,Manual 4-spd,4.0,2.0
4580,Subcompact Cars,Regular,Front-Wheel Drive,12.2077777777778,Nissan,Automatic 4-spd,4.0,1.6
4581,Subcompact Cars,Regular,Front-Wheel Drive,11.3658620689655,Nissan,Manual 5-spd,4.0,1.6
4582,Subcompact Cars,Regular,Front-Wheel Drive,14.3308695652174,Nissan,Automatic 4-spd,4.0,2.0
4583,Subcompact Cars,Regular,Front-Wheel Drive,14.3308695652174,Nissan,Manual 5-spd,4.0,2.0
4584,Subcompact Cars,Regular,Rear-Wheel Drive,16.4805,Pontiac,Automatic 4-spd,6.0,3.8
4585,Subcompact Cars,Regular,Rear-Wheel Drive,15.6957142857143,Pontiac,Manual 5-spd,6.0,3.8
4586,Subcompact Cars,Premium,Rear-Wheel Drive,18.3116666666667,Pontiac,Automatic 4-spd,8.0,5.7
4587,Subcompact Cars,Premium,Rear-Wheel Drive,17.3478947368421,Pontiac,Manual 6-spd,8.0,5.7
4588,Subcompact Cars,Regular,Front-Wheel Drive,14.3308695652174,Pontiac,Automatic 3-spd,4.0,2.2
4589,Subcompact Cars,Regular,Front-Wheel Drive,14.3308695652174,Pontiac,Automatic 4-spd,4.0,2.2
4590,Small Station Wagons,Regular,Front-Wheel Drive,14.9822727272727,Chevrolet,Automatic 3-spd,4.0,2.0
4591,Subcompact Cars,Regular,Front-Wheel Drive,13.1844,Pontiac,Manual 5-spd,4.0,2.2
4592,Subcompact Cars,Regular,Front-Wheel Drive,14.3308695652174,Pontiac,Automatic 4-spd,4.0,2.4
4593,Subcompact Cars,Regular,Front-Wheel Drive,13.73375,Pontiac,Manual 5-spd,4.0,2.4
4594,Subcompact Cars,Regular,Front-Wheel Drive,17.3478947368421,Saab,Automatic 4-spd,4.0,2.0
4595,Subcompact Cars,Regular,Front-Wheel Drive,14.9822727272727,Saab,Manual 5-spd,4.0,2.3
4596,Subcompact Cars,Regular,Front-Wheel Drive,15.6957142857143,Saab,Manual 5-spd,4.0,2.0
4597,Subcompact Cars,Regular,Front-Wheel Drive,16.4805,Saab,Automatic 4-spd,4.0,2.3
4598,Subcompact Cars,Regular,Front-Wheel Drive,13.1844,Saturn,Automatic 4-spd,4.0,1.9
4599,Subcompact Cars,Regular,Front-Wheel Drive,12.2077777777778,Saturn,Automatic 4-spd,4.0,1.9
4600,Subcompact Cars,Regular,Front-Wheel Drive,12.6773076923077,Saturn,Manual 5-spd,4.0,1.9
4601,Small Station Wagons,Regular,Front-Wheel Drive,13.1844,Chevrolet,Manual 4-spd,4.0,2.0
4602,Subcompact Cars,Regular,Front-Wheel Drive,11.7717857142857,Saturn,Manual 5-spd,4.0,1.9
4603,Subcompact Cars,Regular,4-Wheel or All-Wheel Drive,14.3308695652174,Subaru,Automatic 4-spd,4.0,2.2
4604,Subcompact Cars,Regular,4-Wheel or All-Wheel Drive,14.3308695652174,Subaru,Manual 5-spd,4.0,2.2
4605,Subcompact Cars,Regular,4-Wheel or All-Wheel Drive,15.6957142857143,Subaru,Automatic 4-spd,4.0,2.5
4606,Subcompact Cars,Regular,4-Wheel or All-Wheel Drive,14.9822727272727,Subaru,Manual 5-spd,4.0,2.5
4607,Subcompact Cars,Regular,Front-Wheel Drive,12.6773076923077,Suzuki,Automatic 4-spd,4.0,1.6
4608,Subcompact Cars,Regular,Front-Wheel Drive,11.3658620689655,Suzuki,Manual 5-spd,4.0,1.6
4609,Subcompact Cars,Regular,Front-Wheel Drive,11.7717857142857,Suzuki,Automatic 3-spd,4.0,1.3
4610,Subcompact Cars,Regular,Front-Wheel Drive,9.41742857142857,Suzuki,Manual 5-spd,4.0,1.3
4611,Subcompact Cars,Regular,Front-Wheel Drive,14.9822727272727,Toyota,Automatic 4-spd,4.0,2.2
4612,Small Station Wagons,Regular,Front-Wheel Drive,13.73375,Chevrolet,Manual 5-spd,4.0,2.0
4613,Subcompact Cars,Regular,Front-Wheel Drive,14.9822727272727,Toyota,Manual 5-spd,4.0,2.2
4614,Subcompact Cars,Regular,Front-Wheel Drive,12.2077777777778,Toyota,Automatic 3-spd,4.0,1.5
4615,Subcompact Cars,Regular,Front-Wheel Drive,11.3658620689655,Toyota,Automatic 4-spd,4.0,1.5
4616,Subcompact Cars,Regular,Front-Wheel Drive,10.987,Toyota,Manual 5-spd,4.0,1.5
4617,Subcompact Cars,Regular,Front-Wheel Drive,14.9822727272727,Volkswagen,Automatic 4-spd,4.0,2.0
4618,Subcompact Cars,Regular,Front-Wheel Drive,13.73375,Volkswagen,Manual 5-spd,4.0,2.0
4619,Subcompact Cars,Diesel,Front-Wheel Drive,11.5813636363636,Volkswagen,Automatic 4-spd,4.0,1.9
4620,Subcompact Cars,Diesel,Front-Wheel Drive,10.0575,Volkswagen,Manual 5-spd,4.0,1.9
4621,Subcompact Cars,Regular,Front-Wheel Drive,15.6957142857143,Volkswagen,Automatic 4-spd,4.0,2.0
4622,Subcompact Cars,Regular,Front-Wheel Drive,14.3308695652174,Volkswagen,Manual 5-spd,4.0,2.0
4623,Small Station Wagons,Regular,Front-Wheel Drive,17.3478947368421,Chevrolet,Automatic 3-spd,6.0,2.8
4624,Subcompact Cars,Premium,Front-Wheel Drive,17.3478947368421,Volvo,Automatic 4-spd,5.0,2.3
4625,Subcompact Cars,Premium,Front-Wheel Drive,17.3478947368421,Volvo,Manual 5-spd,5.0,2.3
4626,Subcompact Cars,Premium,Front-Wheel Drive,17.3478947368421,Volvo,Automatic 4-spd,5.0,2.4
4627,Compact Cars,Premium,Front-Wheel Drive,16.4805,Acura,Automatic 4-spd,5.0,2.5
4628,Compact Cars,Premium,Front-Wheel Drive,17.3478947368421,Acura,Automatic 4-spd,6.0,3.2
4629,Compact Cars,Premium,Front-Wheel Drive,14.9822727272727,Audi,Automatic 5-spd,4.0,1.8
4630,Compact Cars,Premium,Front-Wheel Drive,14.3308695652174,Audi,Manual 5-spd,4.0,1.8
4631,Compact Cars,Premium,Front-Wheel Drive,16.4805,Audi,Automatic 5-spd,6.0,2.8
4632,Compact Cars,Premium,Front-Wheel Drive,15.6957142857143,Audi,Manual 5-spd,6.0,2.8
4633,Compact Cars,Premium,4-Wheel or All-Wheel Drive,16.4805,Audi,Automatic 5-spd,4.0,1.8
4634,Small Station Wagons,Regular,Front-Wheel Drive,18.3116666666667,Chevrolet,Manual 4-spd,6.0,2.8
4635,Compact Cars,Premium,4-Wheel or All-Wheel Drive,14.9822727272727,Audi,Manual 5-spd,4.0,1.8
4636,Compact Cars,Premium,4-Wheel or All-Wheel Drive,17.3478947368421,Audi,Automatic 5-spd,6.0,2.8
4637,Compact Cars,Premium,4-Wheel or All-Wheel Drive,16.4805,Audi,Manual 5-spd,6.0,2.8
4638,Compact Cars,Premium,Rear-Wheel Drive,27.4675,Bentley,Automatic 4-spd,8.0,6.7
4639,Compact Cars,Regular,Rear-Wheel Drive,14.3308695652174,BMW,Automatic 4-spd,4.0,1.9
4640,Compact Cars,Regular,Rear-Wheel Drive,13.73375,BMW,Manual 5-spd,4.0,1.9
4641,Compact Cars,Regular,Rear-Wheel Drive,17.3478947368421,BMW,Automatic 4-spd,6.0,2.8
4642,Compact Cars,Regular,Rear-Wheel Drive,16.4805,BMW,Manual 5-spd,6.0,2.8
4643,Compact Cars,Regular,Rear-Wheel Drive,18.3116666666667,BMW,Automatic 5-spd,8.0,4.4
4644,Compact Cars,Regular,Rear-Wheel Drive,20.600625,BMW,Manual 6-spd,8.0,4.4
4645,Small Station Wagons,Regular,Front-Wheel Drive,13.73375,Nissan,Automatic 3-spd,4.0,1.6
4646,Compact Cars,Regular,Front-Wheel Drive,14.3308695652174,Buick,Automatic 4-spd,4.0,2.4
4647,Compact Cars,Regular,Front-Wheel Drive,15.6957142857143,Buick,Automatic 4-spd,6.0,3.1
4648,Compact Cars,Regular,Front-Wheel Drive,12.6773076923077,Chevrolet,Automatic 3-spd,4.0,1.8
4649,Compact Cars,Regular,Front-Wheel Drive,11.7717857142857,Chevrolet,Automatic 4-spd,4.0,1.8
4650,Compact Cars,Regular,Front-Wheel Drive,11.3658620689655,Chevrolet,Manual 5-spd,4.0,1.8
4651,Compact Cars,Regular,Front-Wheel Drive,14.9822727272727,Chrysler,Automatic 4-spd,4.0,2.0
4652,Compact Cars,Regular,Front-Wheel Drive,14.9822727272727,Chrysler,Automatic 4-spd,4.0,2.0
4653,Compact Cars,Regular,Front-Wheel Drive,14.3308695652174,Chrysler,Manual 5-spd,4.0,2.0
4654,Compact Cars,Regular,Front-Wheel Drive,14.3308695652174,Chrysler,Manual 5-spd,4.0,2.0
4655,Compact Cars,Regular,Front-Wheel Drive,16.4805,Chrysler,Automatic 4-spd,6.0,2.5
4656,Small Station Wagons,Regular,Front-Wheel Drive,13.73375,Nissan,Automatic 3-spd,4.0,1.6
4657,Compact Cars,Regular,Front-Wheel Drive,16.4805,Chrysler,Automatic 4-spd,6.0,2.5
4658,Compact Cars,Regular,Front-Wheel Drive,14.9822727272727,Chrysler,Automatic 4-spd,4.0,2.4
4659,Compact Cars,Regular,Front-Wheel Drive,16.4805,Chrysler,Automatic 4-spd,6.0,2.5
4660,Compact Cars,Regular,Front-Wheel Drive,16.4805,Chrysler,Automatic 4-spd,6.0,2.5
4661,Compact Cars,Regular,Front-Wheel Drive,13.1844,Daewoo,Automatic 4-spd,4.0,1.5
4662,Compact Cars,Regular,Front-Wheel Drive,12.6773076923077,Daewoo,Manual 5-spd,4.0,1.5
4663,Compact Cars,Regular,Front-Wheel Drive,13.73375,Daewoo,Automatic 4-spd,4.0,1.6
4664,Compact Cars,Regular,Front-Wheel Drive,12.6773076923077,Daewoo,Manual 5-spd,4.0,1.6
4665,Compact Cars,Regular,Front-Wheel Drive,13.1844,Daewoo,Automatic 4-spd,4.0,1.6
4666,Compact Cars,Regular,Front-Wheel Drive,13.73375,Daewoo,Manual 5-spd,4.0,1.6
4667,Subcompact Cars,Regular,Front-Wheel Drive,14.9822727272727,Honda,Manual 5-spd,4.0,2.0
4668,Small Station Wagons,Regular,Front-Wheel Drive,11.3658620689655,Nissan,Manual 5-spd,4.0,1.6
4669,Compact Cars,Regular,Front-Wheel Drive,14.9822727272727,Daewoo,Automatic 4-spd,4.0,2.0
4670,Compact Cars,Regular,Front-Wheel Drive,14.3308695652174,Daewoo,Manual 5-spd,4.0,2.0
4671,Compact Cars,Regular,Front-Wheel Drive,14.9822727272727,Dodge,Automatic 4-spd,4.0,2.0
4672,Compact Cars,Regular,Front-Wheel Drive,14.9822727272727,Dodge,Automatic 4-spd,4.0,2.0
4673,Compact Cars,Regular,Front-Wheel Drive,14.3308695652174,Dodge,Manual 5-spd,4.0,2.0
4674,Compact Cars,Regular,Front-Wheel Drive,14.3308695652174,Dodge,Manual 5-spd,4.0,2.0
4675,Compact Cars,Regular,Front-Wheel Drive,16.4805,Dodge,Automatic 4-spd,6.0,2.5
4676,Compact Cars,Regular,Front-Wheel Drive,16.4805,Dodge,Automatic 4-spd,6.0,2.5
4677,Compact Cars,Regular,Front-Wheel Drive,13.73375,Dodge,Automatic 3-spd,4.0,2.0
4678,Compact Cars,Regular,Front-Wheel Drive,11.3658620689655,Dodge,Manual 5-spd,4.0,2.0
4679,Small Station Wagons,Regular,Front-Wheel Drive,10.987,Nissan,Manual 5-spd,4.0,1.6
4680,Compact Cars,Regular,Front-Wheel Drive,13.73375,Ford,Automatic 4-spd,4.0,2.0
4681,Compact Cars,Regular,Front-Wheel Drive,13.1844,Ford,Manual 5-spd,4.0,2.0
4682,Compact Cars,Regular,Front-Wheel Drive,14.9822727272727,Ford,Automatic 4-spd,6.0,2.5
4683,Compact Cars,Regular,Front-Wheel Drive,15.6957142857143,Ford,Manual 5-spd,6.0,2.5
4684,Compact Cars,Regular,Front-Wheel Drive,13.1844,Ford,Automatic 4-spd,4.0,2.0
4685,Compact Cars,Regular,Front-Wheel Drive,11.7717857142857,Ford,Manual 5-spd,4.0,2.0
4686,Compact Cars,Regular,Front-Wheel Drive,12.6773076923077,Hyundai,Automatic 4-spd,4.0,1.5
4687,Compact Cars,Regular,Front-Wheel Drive,11.7717857142857,Hyundai,Manual 5-spd,4.0,1.5
4688,Compact Cars,Regular,Front-Wheel Drive,14.9822727272727,Hyundai,Automatic 4-spd,4.0,1.8
4689,Compact Cars,Regular,Front-Wheel Drive,13.73375,Hyundai,Manual 5-spd,4.0,1.8
4690,Small Station Wagons,Regular,Front-Wheel Drive,15.6957142857143,Dodge,Automatic 3-spd,4.0,2.0
4691,Compact Cars,Premium,Rear-Wheel Drive,18.3116666666667,Jaguar,Automatic 5-spd,8.0,4.0
4692,Compact Cars,Premium,Rear-Wheel Drive,19.3888235294118,Jaguar,Automatic 5-spd,8.0,4.0
4693,Compact Cars,Regular,Front-Wheel Drive,14.3308695652174,Kia,Automatic 4-spd,4.0,1.8
4694,Compact Cars,Regular,Front-Wheel Drive,13.73375,Kia,Manual 5-spd,4.0,1.8
4695,Compact Cars,Regular,Front-Wheel Drive,16.4805,Lexus,Automatic 4-spd,6.0,3.0
4696,Compact Cars,Regular,Front-Wheel Drive,13.73375,Mercury,Automatic 4-spd,4.0,2.0
4697,Compact Cars,Regular,Front-Wheel Drive,13.1844,Mercury,Manual 5-spd,4.0,2.0
4698,Compact Cars,Regular,Front-Wheel Drive,14.9822727272727,Mercury,Automatic 4-spd,6.0,2.5
4699,Compact Cars,Regular,Front-Wheel Drive,16.4805,Mercury,Manual 5-spd,6.0,2.5
4700,Compact Cars,Regular,Front-Wheel Drive,13.1844,Mercury,Automatic 4-spd,4.0,2.0
4701,Small Station Wagons,Regular,Front-Wheel Drive,14.3308695652174,Dodge,Manual 5-spd,4.0,2.0
4702,Compact Cars,Regular,Front-Wheel Drive,11.7717857142857,Mercury,Manual 5-spd,4.0,2.0
4703,Compact Cars,Premium,Front-Wheel Drive,16.4805,Mazda,Automatic 4-spd,6.0,2.3
4704,Compact Cars,Premium,Front-Wheel Drive,16.4805,Mazda,Automatic 4-spd,6.0,2.5
4705,Compact Cars,Regular,Front-Wheel Drive,13.1844,Mazda,Automatic 4-spd,4.0,1.5
4706,Compact Cars,Regular,Front-Wheel Drive,11.3658620689655,Mazda,Manual 5-spd,4.0,1.5
4707,Compact Cars,Regular,Front-Wheel Drive,14.3308695652174,Mazda,Automatic 4-spd,4.0,1.8
4708,Compact Cars,Regular,Front-Wheel Drive,13.1844,Mazda,Manual 5-spd,4.0,1.8
4709,Compact Cars,Premium,Rear-Wheel Drive,14.3308695652174,Mercedes-Benz,Automatic 5-spd,4.0,2.3
4710,Compact Cars,Premium,Rear-Wheel Drive,15.6957142857143,Mercedes-Benz,Automatic 5-spd,6.0,2.8
4711,Compact Cars,Premium,Rear-Wheel Drive,19.3888235294118,Mercedes-Benz,Automatic 5-spd,8.0,4.3
4712,Small Station Wagons,Regular,Front-Wheel Drive,12.6773076923077,Ford,Manual 5-spd,4.0,1.6
4713,Compact Cars,Premium,Rear-Wheel Drive,20.600625,Mercedes-Benz,Automatic 5-spd,8.0,5.0
4714,Compact Cars,Premium,Rear-Wheel Drive,23.5435714285714,Mercedes-Benz,Automatic 5-spd,12.0,6.0
4715,Compact Cars,Regular,Front-Wheel Drive,14.9822727272727,Mitsubishi,Automatic 4-spd,4.0,2.3
4716,Compact Cars,Regular,Front-Wheel Drive,14.3308695652174,Mitsubishi,Manual 5-spd,4.0,2.3
4717,Compact Cars,Regular,Front-Wheel Drive,14.3308695652174,Nissan,Automatic 4-spd,4.0,2.4
4718,Compact Cars,Regular,Front-Wheel Drive,13.73375,Nissan,Manual 5-spd,4.0,2.4
4719,Compact Cars,Regular,Front-Wheel Drive,14.3308695652174,Oldsmobile,Automatic 4-spd,4.0,2.4
4720,Compact Cars,Regular,Front-Wheel Drive,13.73375,Oldsmobile,Manual 5-spd,4.0,2.4
4721,Compact Cars,Regular,Front-Wheel Drive,15.6957142857143,Oldsmobile,Automatic 4-spd,6.0,3.1
4722,Compact Cars,Regular,Front-Wheel Drive,13.73375,Plymouth,Automatic 3-spd,4.0,2.0
4723,Small Station Wagons,Regular,Front-Wheel Drive,12.2077777777778,Ford,Manual 4-spd,4.0,1.9
4724,Compact Cars,Regular,Front-Wheel Drive,11.3658620689655,Plymouth,Manual 5-spd,4.0,2.0
4725,Compact Cars,Regular,Front-Wheel Drive,14.3308695652174,Pontiac,Automatic 4-spd,4.0,2.4
4726,Compact Cars,Regular,Front-Wheel Drive,13.73375,Pontiac,Manual 5-spd,4.0,2.4
4727,Compact Cars,Regular,Front-Wheel Drive,15.6957142857143,Pontiac,Automatic 4-spd,6.0,3.1
4728,Compact Cars,Regular,Front-Wheel Drive,13.1844,Saturn,Automatic 4-spd,4.0,1.9
4729,Compact Cars,Regular,Front-Wheel Drive,12.2077777777778,Saturn,Automatic 4-spd,4.0,1.9
4730,Compact Cars,Regular,Front-Wheel Drive,12.6773076923077,Saturn,Manual 5-spd,4.0,1.9
4731,Compact Cars,Regular,Front-Wheel Drive,11.7717857142857,Saturn,Manual 5-spd,4.0,1.9
4732,Compact Cars,Regular,Front-Wheel Drive,13.73375,Subaru,Automatic 4-spd,4.0,2.2
4733,Compact Cars,Regular,4-Wheel or All-Wheel Drive,14.3308695652174,Subaru,Automatic 4-spd,4.0,2.2
4734,Small Station Wagons,Regular,Front-Wheel Drive,12.2077777777778,Ford,Manual 5-spd,4.0,1.9
4735,Compact Cars,Regular,4-Wheel or All-Wheel Drive,14.3308695652174,Subaru,Manual 5-spd,4.0,2.2
4736,Compact Cars,Regular,4-Wheel or All-Wheel Drive,16.4805,Subaru,Automatic 4-spd,4.0,2.5
4737,Compact Cars,Regular,4-Wheel or All-Wheel Drive,15.6957142857143,Subaru,Manual 5-spd,4.0,2.5
4738,Compact Cars,Regular,Front-Wheel Drive,12.6773076923077,Toyota,Automatic 3-spd,4.0,1.8
4739,Compact Cars,Regular,Front-Wheel Drive,11.7717857142857,Toyota,Automatic 4-spd,4.0,1.8
4740,Compact Cars,Regular,Front-Wheel Drive,10.987,Toyota,Manual 5-spd,4.0,1.8
4741,Compact Cars,Regular,Front-Wheel Drive,14.9822727272727,Volkswagen,Automatic 4-spd,4.0,2.0
4742,Compact Cars,Regular,Front-Wheel Drive,13.73375,Volkswagen,Manual 5-spd,4.0,2.0
4743,Compact Cars,Regular,Front-Wheel Drive,17.3478947368421,Volkswagen,Manual 5-spd,6.0,2.8
4744,Compact Cars,Diesel,Front-Wheel Drive,10.3293243243243,Volkswagen,Manual 5-spd,4.0,1.9
4745,Small Station Wagons,Diesel,Front-Wheel Drive,11.2407352941176,Ford,Manual 5-spd,4.0,2.0
4746,Compact Cars,Regular,Front-Wheel Drive,14.9822727272727,Volkswagen,Automatic 4-spd,4.0,2.0
4747,Compact Cars,Regular,Front-Wheel Drive,13.73375,Volkswagen,Manual 5-spd,4.0,2.0
4748,Compact Cars,Regular,Front-Wheel Drive,17.3478947368421,Volkswagen,Automatic 4-spd,6.0,2.8
4749,Compact Cars,Regular,Front-Wheel Drive,17.3478947368421,Volkswagen,Manual 5-spd,6.0,2.8
4750,Compact Cars,Premium,Front-Wheel Drive,17.3478947368421,Volvo,Automatic 4-spd,5.0,2.3
4751,Compact Cars,Premium,Front-Wheel Drive,17.3478947368421,Volvo,Manual 5-spd,5.0,2.3
4752,Compact Cars,Premium,Front-Wheel Drive,16.4805,Volvo,Automatic 4-spd,5.0,2.4
4753,Compact Cars,Premium,Rear-Wheel Drive,18.3116666666667,Volvo,Automatic 4-spd,6.0,2.9
4754,Midsize Cars,Premium,Front-Wheel Drive,17.3478947368421,Acura,Automatic 4-spd,6.0,3.5
4755,Midsize Cars,Premium,Front-Wheel Drive,17.3478947368421,Audi,Automatic 5-spd,6.0,2.8
4756,Small Station Wagons,Regular,Front-Wheel Drive,12.2077777777778,Honda,Automatic 3-spd,4.0,1.5
4757,Midsize Cars,Premium,4-Wheel or All-Wheel Drive,18.3116666666667,Audi,Automatic 5-spd,6.0,2.8
4758,Midsize Cars,Premium,Front-Wheel Drive,18.3116666666667,Audi,Automatic 5-spd,8.0,3.7
4759,Midsize Cars,Premium,4-Wheel or All-Wheel Drive,18.3116666666667,Audi,Automatic 5-spd,8.0,4.2
4760,Midsize Cars,Premium,Rear-Wheel Drive,27.4675,Bentley,Automatic 4-spd,8.0,6.7
4761,Midsize Cars,Premium,Rear-Wheel Drive,27.4675,Bentley,Automatic 4-spd,8.0,6.7
4762,Midsize Cars,Regular,Rear-Wheel Drive,18.3116666666667,BMW,Automatic 5-spd,8.0,4.4
4763,Midsize Cars,Regular,Front-Wheel Drive,15.6957142857143,Buick,Automatic 4-spd,6.0,3.1
4764,Midsize Cars,Regular,Front-Wheel Drive,15.6957142857143,Buick,Automatic 4-spd,6.0,3.8
4765,Midsize Cars,Regular,Front-Wheel Drive,17.3478947368421,Buick,Automatic 4-spd,6.0,3.8
4766,Midsize Cars,Regular,Front-Wheel Drive,17.3478947368421,Buick,Automatic 4-spd,6.0,3.8
4767,Small Station Wagons,Regular,Front-Wheel Drive,10.987,Honda,Manual 5-spd,4.0,1.5
4768,Midsize Cars,Regular,Rear-Wheel Drive,18.3116666666667,Cadillac,Automatic 4-spd,6.0,3.0
4769,Midsize Cars,Regular,Front-Wheel Drive,18.3116666666667,Cadillac,Automatic 4-spd,8.0,4.6
4770,Midsize Cars,Regular,Front-Wheel Drive,18.3116666666667,Cadillac,Automatic 4-spd,8.0,4.6
4771,Midsize Cars,Regular,Front-Wheel Drive,15.6957142857143,Chevrolet,Automatic 4-spd,6.0,3.1
4772,Midsize Cars,Regular,Front-Wheel Drive,15.6957142857143,Chevrolet,Automatic 4-spd,6.0,3.8
4773,Midsize Cars,Regular,Front-Wheel Drive,17.3478947368421,Chevrolet,Automatic 4-spd,6.0,3.8
4774,Midsize Cars,Regular,Front-Wheel Drive,13.73375,Chevrolet,Automatic 4-spd,4.0,2.4
4775,Midsize Cars,Regular,Front-Wheel Drive,15.6957142857143,Chevrolet,Automatic 4-spd,6.0,3.1
4776,Midsize Cars,Regular,Front-Wheel Drive,14.9822727272727,Chrysler,Automatic 4-spd,4.0,2.4
4777,Midsize Cars,Regular,Front-Wheel Drive,16.4805,Chrysler,Automatic 4-spd,6.0,2.5
4778,Subcompact Cars,Regular,Rear-Wheel Drive,14.9822727272727,Isuzu,Automatic 3-spd,4.0,1.8
4779,Small Station Wagons,Regular,Front-Wheel Drive,12.2077777777778,Mercury,Manual 4-spd,4.0,1.9
4780,Midsize Cars,Regular,Front-Wheel Drive,16.4805,Daewoo,Automatic 4-spd,4.0,2.0
4781,Midsize Cars,Regular,Front-Wheel Drive,15.6957142857143,Daewoo,Manual 5-spd,4.0,2.0
4782,Midsize Cars,Regular,Front-Wheel Drive,15.6957142857143,Daewoo,Automatic 4-spd,4.0,2.2
4783,Midsize Cars,Regular,Front-Wheel Drive,15.6957142857143,Daewoo,Manual 5-spd,4.0,2.2
4784,Midsize Cars,Regular,Front-Wheel Drive,12.2077777777778,Dodge,Manual 5-spd,4.0,2.0
4785,Midsize Cars,Regular,Front-Wheel Drive,14.9822727272727,Dodge,Automatic 4-spd,4.0,2.4
4786,Midsize Cars,Regular,Front-Wheel Drive,16.4805,Dodge,Automatic 4-spd,6.0,2.5
4787,Midsize Cars,Regular,Front-Wheel Drive,16.4805,Dodge,Automatic 4-spd,6.0,2.5
4788,Midsize Cars,Regular,Front-Wheel Drive,17.3478947368421,Ford,Automatic 4-spd,6.0,3.0
4789,Midsize Cars,Regular,Front-Wheel Drive,17.3478947368421,Ford,Automatic 4-spd,6.0,3.0
4790,Small Station Wagons,Regular,Front-Wheel Drive,12.2077777777778,Mercury,Manual 5-spd,4.0,1.9
4791,Midsize Cars,Regular,Front-Wheel Drive,16.4805,Ford,Automatic 4-spd,6.0,3.0
4792,Midsize Cars,Regular,Front-Wheel Drive,16.4805,Ford,Automatic 4-spd,6.0,3.0
4793,Midsize Cars,Premium,Front-Wheel Drive,18.3116666666667,Ford,Automatic 4-spd,8.0,3.4
4794,Midsize Cars,Regular,Front-Wheel Drive,14.9822727272727,Honda,Automatic 4-spd,4.0,2.3
4795,Midsize Cars,Regular,Front-Wheel Drive,14.3308695652174,Honda,Automatic 4-spd,4.0,2.3
4796,Midsize Cars,Regular,Front-Wheel Drive,13.73375,Honda,Manual 5-spd,4.0,2.3
4797,Midsize Cars,Regular,Front-Wheel Drive,13.73375,Honda,Manual 5-spd,4.0,2.3
4798,Midsize Cars,Regular,Front-Wheel Drive,15.6957142857143,Honda,Automatic 4-spd,6.0,3.0
4799,Midsize Cars,Regular,Front-Wheel Drive,16.4805,Hyundai,Automatic 4-spd,4.0,2.0
4800,Midsize Cars,Regular,Front-Wheel Drive,15.6957142857143,Hyundai,Manual 5-spd,4.0,2.0
4801,Small Station Wagons,Regular,Front-Wheel Drive,14.9822727272727,Oldsmobile,Automatic 3-spd,4.0,2.0
4802,Midsize Cars,Regular,Front-Wheel Drive,18.3116666666667,Hyundai,Automatic 4-spd,6.0,3.0
4803,Midsize Cars,Regular,Front-Wheel Drive,15.6957142857143,Infiniti,Automatic 4-spd,6.0,3.0
4804,Midsize Cars,Regular,Front-Wheel Drive,15.6957142857143,Infiniti,Manual 5-spd,6.0,3.0
4805,Midsize Cars,Premium,Rear-Wheel Drive,18.3116666666667,Infiniti,Automatic 4-spd,8.0,4.1
4806,Midsize Cars,Premium,Rear-Wheel Drive,18.3116666666667,Jaguar,Automatic 5-spd,8.0,4.0
4807,Midsize Cars,Premium,Rear-Wheel Drive,18.3116666666667,Jaguar,Automatic 5-spd,8.0,4.0
4808,Midsize Cars,Premium,Rear-Wheel Drive,17.3478947368421,Lexus,Automatic 5-spd,6.0,3.0
4809,Midsize Cars,Premium,Rear-Wheel Drive,18.3116666666667,Lexus,Automatic 5-spd,8.0,4.0
4810,Midsize Cars,Premium,Rear-Wheel Drive,17.3478947368421,Lexus,Automatic 5-spd,8.0,4.0
4811,Midsize Cars,Premium,Rear-Wheel Drive,18.3116666666667,Lincoln,Automatic 4-spd,8.0,4.6
4812,Small Station Wagons,Regular,Front-Wheel Drive,13.1844,Oldsmobile,Manual 4-spd,4.0,2.0
4813,Midsize Cars,Regular,Front-Wheel Drive,17.3478947368421,Mercury,Automatic 4-spd,6.0,3.0
4814,Midsize Cars,Regular,Front-Wheel Drive,16.4805,Mercury,Automatic 4-spd,6.0,3.0
4815,Midsize Cars,Regular,Front-Wheel Drive,14.9822727272727,Mazda,Automatic 4-spd,4.0,2.0
4816,Midsize Cars,Regular,Front-Wheel Drive,12.6773076923077,Mazda,Manual 5-spd,4.0,2.0
4817,Midsize Cars,Premium,Front-Wheel Drive,16.4805,Mazda,Automatic 4-spd,6.0,2.5
4818,Midsize Cars,Premium,Front-Wheel Drive,15.6957142857143,Mazda,Manual 5-spd,6.0,2.5
4819,Midsize Cars,Diesel,Rear-Wheel Drive,14.6994230769231,Mercedes-Benz,Automatic 5-spd,6.0,3.0
4820,Midsize Cars,Premium,Rear-Wheel Drive,16.4805,Mercedes-Benz,Automatic 5-spd,6.0,3.2
4821,Midsize Cars,Premium,Rear-Wheel Drive,15.6957142857143,Mercedes-Benz,Automatic 5-spd,6.0,3.2
4822,Midsize Cars,Premium,Front-Wheel Drive,18.3116666666667,Mitsubishi,Automatic 4-spd,6.0,3.5
4823,Small Station Wagons,Regular,Front-Wheel Drive,17.3478947368421,Oldsmobile,Automatic 3-spd,6.0,2.8
4824,Midsize Cars,Regular,Front-Wheel Drive,15.6957142857143,Nissan,Automatic 4-spd,6.0,3.0
4825,Midsize Cars,Regular,Front-Wheel Drive,15.6957142857143,Nissan,Manual 5-spd,6.0,3.0
4826,Midsize Cars,Premium,Front-Wheel Drive,18.3116666666667,Oldsmobile,Automatic 4-spd,8.0,4.0
4827,Midsize Cars,Regular,Front-Wheel Drive,13.73375,Oldsmobile,Automatic 4-spd,4.0,2.4
4828,Midsize Cars,Regular,Front-Wheel Drive,15.6957142857143,Oldsmobile,Automatic 4-spd,6.0,3.1
4829,Midsize Cars,Regular,Front-Wheel Drive,15.6957142857143,Oldsmobile,Automatic 4-spd,6.0,3.8
4830,Midsize Cars,Regular,Front-Wheel Drive,14.3308695652174,Plymouth,Automatic 4-spd,4.0,2.0
4831,Midsize Cars,Regular,Front-Wheel Drive,12.2077777777778,Plymouth,Manual 5-spd,4.0,2.0
4832,Midsize Cars,Regular,Front-Wheel Drive,14.9822727272727,Plymouth,Automatic 4-spd,4.0,2.4
4833,Midsize Cars,Regular,Front-Wheel Drive,15.6957142857143,Pontiac,Automatic 4-spd,6.0,3.1
4834,Small Station Wagons,Regular,Front-Wheel Drive,18.3116666666667,Oldsmobile,Manual 4-spd,6.0,2.8
4835,Midsize Cars,Regular,Front-Wheel Drive,15.6957142857143,Pontiac,Automatic 4-spd,6.0,3.8
4836,Midsize Cars,Regular,Front-Wheel Drive,17.3478947368421,Pontiac,Automatic 4-spd,6.0,3.8
4837,Midsize Cars,Premium,Rear-Wheel Drive,27.4675,Rolls-Royce,Automatic 4-spd,8.0,6.7
4838,Midsize Cars,Regular,Front-Wheel Drive,17.3478947368421,Saab,Automatic 4-spd,4.0,2.0
4839,Midsize Cars,Regular,Front-Wheel Drive,17.3478947368421,Saab,Automatic 4-spd,4.0,2.0
4840,Midsize Cars,Regular,Front-Wheel Drive,14.9822727272727,Saab,Manual 5-spd,4.0,2.0
4841,Midsize Cars,Regular,Front-Wheel Drive,15.6957142857143,Saab,Manual 5-spd,4.0,2.0
4842,Midsize Cars,Regular,Front-Wheel Drive,15.6957142857143,Saab,Manual 5-spd,4.0,2.0
4843,Midsize Cars,Regular,Front-Wheel Drive,16.4805,Saab,Automatic 4-spd,4.0,2.3
4844,Midsize Cars,Regular,Front-Wheel Drive,14.3308695652174,Toyota,Automatic 4-spd,4.0,2.2
4845,Small Station Wagons,Regular,Front-Wheel Drive,15.6957142857143,Plymouth,Automatic 3-spd,4.0,2.0
4846,Midsize Cars,Regular,Front-Wheel Drive,13.73375,Toyota,Manual 5-spd,4.0,2.2
4847,Midsize Cars,Regular,Front-Wheel Drive,16.4805,Toyota,Automatic 4-spd,6.0,3.0
4848,Midsize Cars,Regular,Front-Wheel Drive,15.6957142857143,Toyota,Manual 5-spd,6.0,3.0
4849,Midsize Cars,Premium,Front-Wheel Drive,14.9822727272727,Volkswagen,Automatic 5-spd,4.0,1.8
4850,Midsize Cars,Premium,Front-Wheel Drive,13.73375,Volkswagen,Manual 5-spd,4.0,1.8
4851,Midsize Cars,Diesel,Front-Wheel Drive,12.3285483870968,Volkswagen,Automatic 4-spd,4.0,1.9
4852,Midsize Cars,Diesel,Front-Wheel Drive,10.3293243243243,Volkswagen,Manual 5-spd,4.0,1.9
4853,Midsize Cars,Premium,Front-Wheel Drive,17.3478947368421,Volkswagen,Automatic 5-spd,6.0,2.8
4854,Midsize Cars,Premium,Front-Wheel Drive,15.6957142857143,Volkswagen,Manual 5-spd,6.0,2.8
4855,Midsize Cars,Premium,4-Wheel or All-Wheel Drive,18.3116666666667,Volkswagen,Automatic 5-spd,6.0,2.8
4856,Small Station Wagons,Regular,Front-Wheel Drive,14.3308695652174,Plymouth,Manual 5-spd,4.0,2.0
4857,Midsize Cars,Premium,Front-Wheel Drive,17.3478947368421,Volvo,Automatic 4-spd,5.0,2.3
4858,Midsize Cars,Premium,Front-Wheel Drive,17.3478947368421,Volvo,Manual 5-spd,5.0,2.3
4859,Midsize Cars,Premium,Front-Wheel Drive,15.6957142857143,Volvo,Automatic 4-spd,5.0,2.4
4860,Midsize Cars,Premium,Front-Wheel Drive,16.4805,Volvo,Automatic 4-spd,5.0,2.4
4861,Midsize Cars,Premium,Front-Wheel Drive,15.6957142857143,Volvo,Manual 5-spd,5.0,2.4
4862,Large Cars,Premium,Rear-Wheel Drive,29.9645454545455,Bentley,Automatic 4-spd,8.0,6.7
4863,Large Cars,Regular,Rear-Wheel Drive,18.3116666666667,BMW,Automatic 5-spd,8.0,4.4
4864,Large Cars,Regular,Rear-Wheel Drive,21.974,BMW,Automatic 5-spd,12.0,5.4
4865,Large Cars,Regular,Front-Wheel Drive,15.6957142857143,Buick,Automatic 4-spd,6.0,3.8
4866,Large Cars,Regular,Front-Wheel Drive,16.4805,Buick,Automatic 4-spd,6.0,3.8
4867,Small Station Wagons,Regular,Front-Wheel Drive,13.1844,Pontiac,Manual 4-spd,4.0,2.0
4868,Large Cars,Regular,Front-Wheel Drive,17.3478947368421,Buick,Automatic 4-spd,6.0,3.8
4869,Large Cars,Regular,Front-Wheel Drive,18.3116666666667,Cadillac,Automatic 4-spd,8.0,4.6
4870,Large Cars,Regular,Front-Wheel Drive,21.974,Cadillac,Automatic 4-spd,8.0,4.6
4871,Large Cars,Regular,Front-Wheel Drive,21.974,Cadillac,Automatic 4-spd,8.0,4.6
4872,Large Cars,Regular,Front-Wheel Drive,14.9822727272727,Chrysler,Automatic 4-spd,6.0,2.7
4873,Large Cars,Regular,Front-Wheel Drive,16.4805,Chrysler,Automatic 4-spd,6.0,3.2
4874,Large Cars,Regular,Front-Wheel Drive,14.9822727272727,Dodge,Automatic 4-spd,6.0,2.7
4875,Large Cars,Regular,Front-Wheel Drive,16.4805,Dodge,Automatic 4-spd,6.0,3.2
4876,Large Cars,Regular,Rear-Wheel Drive,18.3116666666667,Ford,Automatic 4-spd,8.0,4.6
4877,Large Cars,Premium,Front-Wheel Drive,18.3116666666667,Lincoln,Automatic 4-spd,8.0,4.6
4878,Small Station Wagons,Regular,Front-Wheel Drive,14.3308695652174,Subaru,Automatic 3-spd,4.0,1.8
4879,Large Cars,Regular,Rear-Wheel Drive,18.3116666666667,Mercury,Automatic 4-spd,8.0,4.6
4880,Large Cars,Regular,Rear-Wheel Drive,18.3116666666667,Lincoln,Automatic 4-spd,8.0,4.6
4881,Large Cars,Premium,Rear-Wheel Drive,18.3116666666667,Mercedes-Benz,Automatic 5-spd,6.0,3.2
4882,Large Cars,Premium,Rear-Wheel Drive,18.3116666666667,Mercedes-Benz,Automatic 5-spd,6.0,5.0
4883,Large Cars,Premium,Rear-Wheel Drive,18.3116666666667,Mercedes-Benz,Automatic 5-spd,6.0,5.0
4884,Large Cars,Premium,Rear-Wheel Drive,18.3116666666667,Mercedes-Benz,Automatic 5-spd,6.0,3.2
4885,Large Cars,Premium,Rear-Wheel Drive,20.600625,Mercedes-Benz,Automatic 5-spd,8.0,4.2
4886,Large Cars,Premium,Rear-Wheel Drive,20.600625,Mercedes-Benz,Automatic 5-spd,8.0,5.0
4887,Large Cars,Premium,Rear-Wheel Drive,25.3546153846154,Mercedes-Benz,Automatic 5-spd,12.0,6.0
4888,Large Cars,Regular,Front-Wheel Drive,15.6957142857143,Oldsmobile,Automatic 4-spd,6.0,3.8
4889,Subcompact Cars,Regular,Rear-Wheel Drive,14.3308695652174,Isuzu,Manual 5-spd,4.0,1.8
4890,Small Station Wagons,Regular,Front-Wheel Drive,12.6773076923077,Toyota,Automatic 3-spd,4.0,1.5
4891,Large Cars,Regular,Front-Wheel Drive,17.3478947368421,Oldsmobile,Automatic 4-spd,6.0,3.8
4892,Large Cars,Regular,Front-Wheel Drive,16.4805,Pontiac,Automatic 4-spd,6.0,3.8
4893,Large Cars,Regular,Front-Wheel Drive,17.3478947368421,Pontiac,Automatic 4-spd,6.0,3.8
4894,Large Cars,Premium,Rear-Wheel Drive,29.9645454545455,Rolls-Royce,Automatic 4-spd,8.0,6.7
4895,Large Cars,Regular,Front-Wheel Drive,18.3116666666667,Saab,Automatic 4-spd,4.0,2.3
4896,Large Cars,Premium,Front-Wheel Drive,15.6957142857143,Saab,Manual 5-spd,4.0,2.3
4897,Large Cars,Regular,Front-Wheel Drive,14.9822727272727,Toyota,Automatic 4-spd,6.0,3.0
4898,Small Station Wagons,Premium,Front-Wheel Drive,16.4805,Audi,Automatic 5-spd,6.0,2.8
4899,Small Station Wagons,Premium,4-Wheel or All-Wheel Drive,17.3478947368421,Audi,Automatic 5-spd,6.0,2.8
4900,Small Station Wagons,Premium,4-Wheel or All-Wheel Drive,16.4805,Audi,Manual 5-spd,6.0,2.8
4901,Small Station Wagons,Regular,Front-Wheel Drive,11.3658620689655,Toyota,Manual 5-spd,4.0,1.5
4902,Small Station Wagons,Premium,4-Wheel or All-Wheel Drive,17.3478947368421,Audi,Automatic 4-spd,6.0,2.8
4903,Small Station Wagons,Regular,Front-Wheel Drive,13.1844,Daewoo,Automatic 4-spd,4.0,1.6
4904,Small Station Wagons,Regular,Front-Wheel Drive,13.73375,Daewoo,Manual 5-spd,4.0,1.6
4905,Small Station Wagons,Regular,Front-Wheel Drive,14.9822727272727,Daewoo,Automatic 4-spd,4.0,2.0
4906,Small Station Wagons,Regular,Front-Wheel Drive,14.3308695652174,Daewoo,Manual 5-spd,4.0,2.0
4907,Small Station Wagons,Regular,Front-Wheel Drive,13.1844,Ford,Automatic 4-spd,4.0,2.0
4908,Small Station Wagons,Regular,Front-Wheel Drive,11.7717857142857,Ford,Manual 5-spd,4.0,2.0
4909,Small Station Wagons,Regular,Front-Wheel Drive,14.9822727272727,Hyundai,Automatic 4-spd,4.0,1.8
4910,Small Station Wagons,Regular,Front-Wheel Drive,13.73375,Hyundai,Manual 5-spd,4.0,1.8
4911,Small Station Wagons,Regular,Front-Wheel Drive,13.1844,Mercury,Automatic 4-spd,4.0,2.0
4912,Small Station Wagons,Regular,4-Wheel or All-Wheel Drive,14.3308695652174,Toyota,Automatic 3-spd,4.0,1.5
4913,Small Station Wagons,Regular,Front-Wheel Drive,11.7717857142857,Mercury,Manual 5-spd,4.0,2.0
4914,Small Station Wagons,Regular,Front-Wheel Drive,13.1844,Saturn,Automatic 4-spd,4.0,1.9
4915,Small Station Wagons,Regular,Front-Wheel Drive,12.6773076923077,Saturn,Automatic 4-spd,4.0,1.9
4916,Small Station Wagons,Regular,Front-Wheel Drive,12.6773076923077,Saturn,Manual 5-spd,4.0,1.9
4917,Small Station Wagons,Regular,Front-Wheel Drive,12.2077777777778,Saturn,Manual 5-spd,4.0,1.9
4918,Small Station Wagons,Regular,4-Wheel or All-Wheel Drive,14.3308695652174,Subaru,Automatic 4-spd,4.0,2.2
4919,Small Station Wagons,Regular,4-Wheel or All-Wheel Drive,14.3308695652174,Subaru,Manual 5-spd,4.0,2.2
4920,Small Station Wagons,Regular,Front-Wheel Drive,12.6773076923077,Suzuki,Automatic 4-spd,4.0,1.6
4921,Small Station Wagons,Regular,Front-Wheel Drive,11.7717857142857,Suzuki,Manual 5-spd,4.0,1.6
4922,Small Station Wagons,Premium,Rear-Wheel Drive,18.3116666666667,Volvo,Automatic 4-spd,6.0,2.9
4923,Midsize-Large Station Wagons,Regular,Front-Wheel Drive,19.3888235294118,Buick,Automatic 3-spd,6.0,3.0
4924,Midsize Station Wagons,Regular,Front-Wheel Drive,17.3478947368421,Ford,Automatic 4-spd,6.0,3.0
4925,Midsize Station Wagons,Regular,Front-Wheel Drive,18.3116666666667,Ford,Automatic 4-spd,6.0,3.0
4926,Midsize Station Wagons,Regular,Front-Wheel Drive,15.6957142857143,Honda,Automatic 4-spd,4.0,2.3
4927,Midsize Station Wagons,Regular,Front-Wheel Drive,15.6957142857143,Isuzu,Automatic 4-spd,4.0,2.3
4928,Midsize Station Wagons,Regular,Front-Wheel Drive,17.3478947368421,Mercury,Automatic 4-spd,6.0,3.0
4929,Midsize Station Wagons,Regular,Front-Wheel Drive,18.3116666666667,Mercury,Automatic 4-spd,6.0,3.0
4930,Midsize Station Wagons,Premium,Rear-Wheel Drive,16.4805,Mercedes-Benz,Automatic 5-spd,6.0,3.2
4931,Midsize Station Wagons,Premium,Rear-Wheel Drive,16.4805,Mercedes-Benz,Automatic 5-spd,6.0,3.2
4932,Midsize Station Wagons,Regular,Front-Wheel Drive,13.73375,Subaru,Automatic 4-spd,4.0,2.2
4933,Midsize Station Wagons,Regular,4-Wheel or All-Wheel Drive,14.3308695652174,Subaru,Automatic 4-spd,4.0,2.2
4934,Midsize-Large Station Wagons,Regular,Front-Wheel Drive,18.3116666666667,Buick,Automatic 4-spd,6.0,3.0
4935,Midsize Station Wagons,Regular,4-Wheel or All-Wheel Drive,14.3308695652174,Subaru,Manual 5-spd,4.0,2.2
4936,Midsize Station Wagons,Regular,4-Wheel or All-Wheel Drive,16.4805,Subaru,Automatic 4-spd,4.0,2.5
4937,Midsize Station Wagons,Regular,4-Wheel or All-Wheel Drive,15.6957142857143,Subaru,Manual 5-spd,4.0,2.5
4938,Midsize Station Wagons,Premium,Front-Wheel Drive,14.9822727272727,Volkswagen,Automatic 5-spd,4.0,1.8
4939,Midsize Station Wagons,Premium,Front-Wheel Drive,13.73375,Volkswagen,Manual 5-spd,4.0,1.8
4940,Midsize Station Wagons,Diesel,Front-Wheel Drive,12.3285483870968,Volkswagen,Automatic 4-spd,4.0,1.9
4941,Midsize Station Wagons,Diesel,Front-Wheel Drive,10.3293243243243,Volkswagen,Manual 5-spd,4.0,1.9
4942,Midsize Station Wagons,Premium,4-Wheel or All-Wheel Drive,18.3116666666667,Volkswagen,Automatic 5-spd,6.0,2.8
4943,Midsize Station Wagons,Premium,Front-Wheel Drive,17.3478947368421,Volvo,Automatic 4-spd,5.0,2.3
4944,Midsize Station Wagons,Premium,Front-Wheel Drive,17.3478947368421,Volvo,Manual 5-spd,5.0,2.3
4945,Midsize-Large Station Wagons,Regular,Front-Wheel Drive,17.3478947368421,Buick,Automatic 4-spd,6.0,3.8
4946,Midsize Station Wagons,Premium,Front-Wheel Drive,15.6957142857143,Volvo,Automatic 4-spd,5.0,2.4
4947,Midsize Station Wagons,Premium,Front-Wheel Drive,16.4805,Volvo,Automatic 4-spd,5.0,2.4
4948,Midsize Station Wagons,Premium,Front-Wheel Drive,15.6957142857143,Volvo,Manual 5-spd,5.0,2.4
4949,Midsize Station Wagons,Premium,4-Wheel or All-Wheel Drive,17.3478947368421,Volvo,Automatic 4-spd,5.0,2.3
4950,Midsize Station Wagons,Premium,4-Wheel or All-Wheel Drive,17.3478947368421,Volvo,Automatic 4-spd,5.0,2.4
4951,Small Pickup Trucks 2WD,Regular,Rear-Wheel Drive,17.3478947368421,Chevrolet,Automatic 4-spd,4.0,2.2
4952,Small Pickup Trucks 2WD,Regular,Rear-Wheel Drive,14.9822727272727,Chevrolet,Manual 5-spd,4.0,2.2
4953,Small Pickup Trucks 2WD,Regular,Rear-Wheel Drive,19.3888235294118,Chevrolet,Automatic 4-spd,6.0,4.3
4954,Small Pickup Trucks 2WD,Regular,Rear-Wheel Drive,18.3116666666667,Chevrolet,Manual 5-spd,6.0,4.3
4955,Small Pickup Trucks 2WD,Regular,Rear-Wheel Drive,17.3478947368421,GMC,Automatic 4-spd,4.0,2.2
4956,Midsize-Large Station Wagons,Diesel,Front-Wheel Drive,14.6994230769231,Buick,Automatic 3-spd,6.0,4.3
4957,Small Pickup Trucks 2WD,Regular,Rear-Wheel Drive,14.9822727272727,GMC,Manual 5-spd,4.0,2.2
4958,Small Pickup Trucks 2WD,Regular,Rear-Wheel Drive,19.3888235294118,GMC,Automatic 4-spd,6.0,4.3
4959,Small Pickup Trucks 2WD,Regular,Rear-Wheel Drive,18.3116666666667,GMC,Manual 5-spd,6.0,4.3
4960,Small Pickup Trucks 2WD,Regular,Rear-Wheel Drive,17.3478947368421,Isuzu,Automatic 4-spd,4.0,2.2
4961,Small Pickup Trucks 2WD,Regular,Rear-Wheel Drive,14.9822727272727,Isuzu,Manual 5-spd,4.0,2.2
4962,Small Pickup Trucks 2WD,Regular,Rear-Wheel Drive,19.3888235294118,Isuzu,Automatic 4-spd,6.0,4.3
4963,Small Pickup Trucks 2WD,Regular,Rear-Wheel Drive,18.3116666666667,Isuzu,Manual 5-spd,6.0,4.3
4964,Small Pickup Trucks 2WD,Regular,Rear-Wheel Drive,16.4805,Toyota,Automatic 4-spd,4.0,2.4
4965,Small Pickup Trucks 2WD,Regular,Rear-Wheel Drive,15.6957142857143,Toyota,Manual 5-spd,4.0,2.4
4966,Small Pickup Trucks 2WD,Regular,Rear-Wheel Drive,17.3478947368421,Toyota,Automatic 4-spd,4.0,2.7
4967,Midsize-Large Station Wagons,Regular,Front-Wheel Drive,17.3478947368421,Chevrolet,Automatic 3-spd,6.0,2.8
4968,Small Pickup Trucks 2WD,Regular,Rear-Wheel Drive,17.3478947368421,Toyota,Automatic 4-spd,6.0,3.4
4969,Small Pickup Trucks 2WD,Regular,Rear-Wheel Drive,18.3116666666667,Toyota,Automatic 4-spd,6.0,3.4
4970,Small Pickup Trucks 2WD,Regular,Rear-Wheel Drive,17.3478947368421,Toyota,Manual 5-spd,6.0,3.4
4971,Standard Pickup Trucks 2WD,Regular,Rear-Wheel Drive,20.600625,Chevrolet,Automatic 4-spd,6.0,4.3
4972,Standard Pickup Trucks 2WD,Regular,Rear-Wheel Drive,18.3116666666667,Chevrolet,Manual 5-spd,6.0,4.3
4973,Standard Pickup Trucks 2WD,Regular,Rear-Wheel Drive,21.974,Chevrolet,Automatic 4-spd,8.0,5.0
4974,Standard Pickup Trucks 2WD,Regular,Rear-Wheel Drive,21.974,Chevrolet,Manual 5-spd,8.0,5.0
4975,Standard Pickup Trucks 2WD,Regular,Rear-Wheel Drive,23.5435714285714,Chevrolet,Automatic 4-spd,8.0,5.7
4976,Standard Pickup Trucks 2WD,Regular,Rear-Wheel Drive,23.5435714285714,Chevrolet,Manual 5-spd,8.0,5.7
4977,Standard Pickup Trucks 2WD,Regular,Rear-Wheel Drive,21.974,Chevrolet,Automatic 4-spd,8.0,5.0
4978,Midsize-Large Station Wagons,Diesel,Front-Wheel Drive,14.6994230769231,Chevrolet,Automatic 3-spd,6.0,4.3
4979,Standard Pickup Trucks 2WD,Regular,Rear-Wheel Drive,21.974,Chevrolet,Manual 5-spd,8.0,5.0
4980,Standard Pickup Trucks 2WD,Regular,Rear-Wheel Drive,23.5435714285714,Chevrolet,Automatic 4-spd,8.0,5.7
4981,Standard Pickup Trucks 2WD,Regular,Rear-Wheel Drive,23.5435714285714,Chevrolet,Manual 5-spd,8.0,5.7
4982,Standard Pickup Trucks 2WD,Diesel,Rear-Wheel Drive,25.479,Chevrolet,Automatic 4-spd,8.0,6.5
4983,Standard Pickup Trucks 2WD,Regular,Rear-Wheel Drive,16.4805,Dodge,Manual 5-spd,4.0,2.5
4984,Standard Pickup Trucks 2WD,Regular,Rear-Wheel Drive,20.600625,Dodge,Automatic 4-spd,6.0,3.9
4985,Standard Pickup Trucks 2WD,Regular,Rear-Wheel Drive,19.3888235294118,Dodge,Manual 5-spd,6.0,3.9
4986,Standard Pickup Trucks 2WD,Regular,Rear-Wheel Drive,23.5435714285714,Dodge,Automatic 4-spd,8.0,5.2
4987,Standard Pickup Trucks 2WD,Regular,Rear-Wheel Drive,25.3546153846154,Dodge,Automatic 4-spd,8.0,5.9
4988,Standard Pickup Trucks 2WD,Regular,Rear-Wheel Drive,23.5435714285714,Dodge,Manual 5-spd,8.0,5.2
4989,Midsize-Large Station Wagons,Premium,Front-Wheel Drive,17.3478947368421,Chrysler,Automatic 3-spd,4.0,2.2
4990,Standard Pickup Trucks 2WD,Regular,Rear-Wheel Drive,20.600625,Dodge,Automatic 4-spd,6.0,3.9
4991,Standard Pickup Trucks 2WD,Regular,Rear-Wheel Drive,20.600625,Dodge,Manual 5-spd,6.0,3.9
4992,Standard Pickup Trucks 2WD,Regular,Rear-Wheel Drive,20.600625,Dodge,Manual 5-spd,6.0,3.9
4993,Standard Pickup Trucks 2WD,Regular,Rear-Wheel Drive,23.5435714285714,Dodge,Automatic 4-spd,8.0,5.2
4994,Standard Pickup Trucks 2WD,Regular,Rear-Wheel Drive,25.3546153846154,Dodge,Automatic 4-spd,8.0,5.9
4995,Standard Pickup Trucks 2WD,Regular,Rear-Wheel Drive,23.5435714285714,Dodge,Manual 5-spd,8.0,5.2
4996,Standard Pickup Trucks 2WD,Regular,Rear-Wheel Drive,20.600625,Ford,Automatic 4-spd,6.0,4.2
4997,Standard Pickup Trucks 2WD,Regular,Rear-Wheel Drive,21.974,Ford,Manual 5-spd,6.0,4.2
4998,Standard Pickup Trucks 2WD,Regular,Rear-Wheel Drive,21.974,Ford,Automatic 4-spd,8.0,4.6
4999,Standard Pickup Trucks 2WD,Regular,Rear-Wheel Drive,21.974,Ford,Manual 5-spd,8.0,4.6
5000,Subcompact Cars,Regular,Rear-Wheel Drive,15.6957142857143,Isuzu,Automatic 4-spd,4.0,2.0
5001,Midsize-Large Station Wagons,Regular,Front-Wheel Drive,17.3478947368421,Chrysler,Automatic 3-spd,4.0,2.6
5002,Standard Pickup Trucks 2WD,Regular,Rear-Wheel Drive,23.5435714285714,Ford,Automatic 4-spd,8.0,5.4
5003,Standard Pickup Trucks 2WD,Regular,Rear-Wheel Drive,21.974,Ford,Automatic 4-spd,8.0,4.6
5004,Standard Pickup Trucks 2WD,Regular,Rear-Wheel Drive,21.974,Ford,Manual 5-spd,8.0,4.6
5005,Standard Pickup Trucks 2WD,Regular,Rear-Wheel Drive,25.3546153846154,Ford,Automatic 4-spd,8.0,5.4
5006,Standard Pickup Trucks 2WD,CNG,Rear-Wheel Drive,0.169090909090909,Ford,Automatic 4-spd,8.0,5.4
5007,Standard Pickup Trucks 2WD,Regular,Rear-Wheel Drive,16.4805,Ford,Automatic 4-spd,4.0,2.5
5008,Standard Pickup Trucks 2WD,Regular,Rear-Wheel Drive,15.6957142857143,Ford,Manual 5-spd,4.0,2.5
5009,Standard Pickup Trucks 2WD,Regular,Rear-Wheel Drive,19.3888235294118,Ford,Automatic 4-spd,6.0,3.0
5010,Standard Pickup Trucks 2WD,Regular,Rear-Wheel Drive,19.3888235294118,Ford,Manual 5-spd,6.0,3.0
5011,Standard Pickup Trucks 2WD,Regular,Rear-Wheel Drive,19.3888235294118,Ford,Automatic 5-spd,6.0,4.0
5012,Midsize-Large Station Wagons,Regular,Front-Wheel Drive,16.4805,Dodge,Automatic 3-spd,4.0,2.2
5013,Standard Pickup Trucks 2WD,Regular,Rear-Wheel Drive,19.3888235294118,Ford,Manual 5-spd,6.0,4.0
5014,Standard Pickup Trucks 2WD,Regular,Rear-Wheel Drive,20.600625,GMC,Automatic 4-spd,6.0,4.3
5015,Standard Pickup Trucks 2WD,Regular,Rear-Wheel Drive,18.3116666666667,GMC,Manual 5-spd,6.0,4.3
5016,Standard Pickup Trucks 2WD,Regular,Rear-Wheel Drive,21.974,GMC,Automatic 4-spd,8.0,5.0
5017,Standard Pickup Trucks 2WD,Regular,Rear-Wheel Drive,21.974,GMC,Manual 5-spd,8.0,5.0
5018,Standard Pickup Trucks 2WD,Regular,Rear-Wheel Drive,23.5435714285714,GMC,Automatic 4-spd,8.0,5.7
5019,Standard Pickup Trucks 2WD,Regular,Rear-Wheel Drive,23.5435714285714,GMC,Manual 5-spd,8.0,5.7
5020,Standard Pickup Trucks 2WD,Regular,Rear-Wheel Drive,21.974,GMC,Automatic 4-spd,8.0,5.0
5021,Standard Pickup Trucks 2WD,Regular,Rear-Wheel Drive,21.974,GMC,Manual 5-spd,8.0,5.0
5022,Standard Pickup Trucks 2WD,Regular,Rear-Wheel Drive,23.5435714285714,GMC,Automatic 4-spd,8.0,5.7
5023,Midsize-Large Station Wagons,Regular,Front-Wheel Drive,13.73375,Dodge,Manual 4-spd,4.0,2.2
5024,Standard Pickup Trucks 2WD,Regular,Rear-Wheel Drive,23.5435714285714,GMC,Manual 5-spd,8.0,5.7
5025,Standard Pickup Trucks 2WD,Diesel,Rear-Wheel Drive,25.479,GMC,Automatic 4-spd,8.0,6.5
5026,Standard Pickup Trucks 2WD,Regular,Rear-Wheel Drive,16.4805,Mazda,Automatic 4-spd,4.0,2.5
5027,Standard Pickup Trucks 2WD,Regular,Rear-Wheel Drive,15.6957142857143,Mazda,Manual 5-spd,4.0,2.5
5028,Standard Pickup Trucks 2WD,Regular,Rear-Wheel Drive,19.3888235294118,Mazda,Automatic 4-spd,6.0,3.0
5029,Standard Pickup Trucks 2WD,Regular,Rear-Wheel Drive,19.3888235294118,Mazda,Manual 5-spd,6.0,3.0
5030,Standard Pickup Trucks 2WD,Regular,Rear-Wheel Drive,19.3888235294118,Mazda,Automatic 5-spd,6.0,4.0
5031,Standard Pickup Trucks 2WD,Regular,Rear-Wheel Drive,19.3888235294118,Mazda,Manual 5-spd,6.0,4.0
5032,Standard Pickup Trucks 2WD,Regular,Rear-Wheel Drive,17.3478947368421,Nissan,Automatic 4-spd,4.0,2.4
5033,Standard Pickup Trucks 2WD,Regular,Rear-Wheel Drive,14.9822727272727,Nissan,Manual 5-spd,4.0,2.4
5034,Midsize-Large Station Wagons,Regular,Front-Wheel Drive,13.1844,Dodge,Manual 5-spd,4.0,2.2
5035,Standard Pickup Trucks 2WD,Regular,Rear-Wheel Drive,17.3478947368421,Toyota,Automatic 4-spd,4.0,2.7
5036,Standard Pickup Trucks 2WD,Regular,Rear-Wheel Drive,17.3478947368421,Toyota,Manual 5-spd,4.0,2.7
5037,Standard Pickup Trucks 2WD,Regular,Rear-Wheel Drive,19.3888235294118,Toyota,Automatic 4-spd,6.0,3.4
5038,Standard Pickup Trucks 2WD,Regular,Rear-Wheel Drive,19.3888235294118,Toyota,Manual 5-spd,6.0,3.4
5039,Standard Pickup Trucks 4WD,Regular,4-Wheel or All-Wheel Drive,20.600625,Chevrolet,Automatic 4-spd,6.0,4.3
5040,Standard Pickup Trucks 4WD,Regular,4-Wheel or All-Wheel Drive,20.600625,Chevrolet,Manual 5-spd,6.0,4.3
5041,Standard Pickup Trucks 4WD,Regular,4-Wheel or All-Wheel Drive,23.5435714285714,Chevrolet,Automatic 4-spd,8.0,5.0
5042,Standard Pickup Trucks 4WD,Regular,4-Wheel or All-Wheel Drive,23.5435714285714,Chevrolet,Manual 5-spd,8.0,5.0
5043,Standard Pickup Trucks 4WD,Regular,4-Wheel or All-Wheel Drive,25.3546153846154,Chevrolet,Automatic 4-spd,8.0,5.7
5044,Standard Pickup Trucks 4WD,Regular,4-Wheel or All-Wheel Drive,25.3546153846154,Chevrolet,Manual 5-spd,8.0,5.7
5045,Midsize-Large Station Wagons,Regular,Front-Wheel Drive,13.1844,Dodge,Manual 5-spd,4.0,2.2
5046,Standard Pickup Trucks 4WD,Diesel,4-Wheel or All-Wheel Drive,25.479,Chevrolet,Automatic 4-spd,8.0,6.5
5047,Standard Pickup Trucks 4WD,Regular,4-Wheel or All-Wheel Drive,20.600625,Chevrolet,Automatic 4-spd,6.0,4.3
5048,Standard Pickup Trucks 4WD,Regular,4-Wheel or All-Wheel Drive,19.3888235294118,Chevrolet,Manual 5-spd,6.0,4.3
5049,Standard Pickup Trucks 4WD,Regular,4-Wheel or All-Wheel Drive,21.974,Dodge,Automatic 4-spd,6.0,3.9
5050,Standard Pickup Trucks 4WD,Regular,4-Wheel or All-Wheel Drive,21.974,Dodge,Manual 5-spd,6.0,3.9
5051,Standard Pickup Trucks 4WD,Regular,4-Wheel or All-Wheel Drive,25.3546153846154,Dodge,Automatic 4-spd,8.0,5.2
5052,Standard Pickup Trucks 4WD,Regular,4-Wheel or All-Wheel Drive,25.3546153846154,Dodge,Manual 5-spd,8.0,5.2
5053,Standard Pickup Trucks 4WD,Regular,4-Wheel or All-Wheel Drive,25.3546153846154,Dodge,Automatic 4-spd,8.0,5.2
5054,Standard Pickup Trucks 4WD,Regular,4-Wheel or All-Wheel Drive,27.4675,Dodge,Automatic 4-spd,8.0,5.9
5055,Standard Pickup Trucks 4WD,Regular,4-Wheel or All-Wheel Drive,23.5435714285714,Dodge,Manual 5-spd,8.0,5.2
5056,Midsize-Large Station Wagons,Regular,Front-Wheel Drive,15.6957142857143,Dodge,Automatic 3-spd,4.0,2.2
5057,Standard Pickup Trucks 4WD,Regular,4-Wheel or All-Wheel Drive,21.974,Ford,Automatic 4-spd,6.0,4.2
5058,Standard Pickup Trucks 4WD,Regular,4-Wheel or All-Wheel Drive,21.974,Ford,Manual 5-spd,6.0,4.2
5059,Standard Pickup Trucks 4WD,Regular,4-Wheel or All-Wheel Drive,23.5435714285714,Ford,Automatic 4-spd,8.0,4.6
5060,Standard Pickup Trucks 4WD,Regular,4-Wheel or All-Wheel Drive,23.5435714285714,Ford,Manual 5-spd,8.0,4.6
5061,Standard Pickup Trucks 4WD,Regular,4-Wheel or All-Wheel Drive,25.3546153846154,Ford,Automatic 4-spd,8.0,5.4
5062,Standard Pickup Trucks 4WD,Regular,4-Wheel or All-Wheel Drive,23.5435714285714,Ford,Automatic 4-spd,8.0,4.6
5063,Standard Pickup Trucks 4WD,Regular,4-Wheel or All-Wheel Drive,23.5435714285714,Ford,Manual 5-spd,8.0,4.6
5064,Standard Pickup Trucks 4WD,Regular,4-Wheel or All-Wheel Drive,25.3546153846154,Ford,Automatic 4-spd,8.0,5.4
5065,Standard Pickup Trucks 4WD,Regular,4-Wheel or All-Wheel Drive,20.600625,Ford,Automatic 4-spd,6.0,3.0
5066,Standard Pickup Trucks 4WD,Regular,4-Wheel or All-Wheel Drive,19.3888235294118,Ford,Manual 5-spd,6.0,3.0
5067,Midsize-Large Station Wagons,Regular,Front-Wheel Drive,17.3478947368421,Dodge,Automatic 3-spd,4.0,2.6
5068,Standard Pickup Trucks 4WD,Regular,4-Wheel or All-Wheel Drive,20.600625,Ford,Automatic 5-spd,6.0,4.0
5069,Standard Pickup Trucks 4WD,Regular,4-Wheel or All-Wheel Drive,20.600625,Ford,Manual 5-spd,6.0,4.0
5070,Standard Pickup Trucks 4WD,Regular,4-Wheel or All-Wheel Drive,20.600625,GMC,Automatic 4-spd,6.0,4.3
5071,Standard Pickup Trucks 4WD,Regular,4-Wheel or All-Wheel Drive,20.600625,GMC,Manual 5-spd,6.0,4.3
5072,Standard Pickup Trucks 4WD,Regular,4-Wheel or All-Wheel Drive,23.5435714285714,GMC,Automatic 4-spd,8.0,5.0
5073,Standard Pickup Trucks 4WD,Regular,4-Wheel or All-Wheel Drive,23.5435714285714,GMC,Manual 5-spd,8.0,5.0
5074,Standard Pickup Trucks 4WD,Regular,4-Wheel or All-Wheel Drive,25.3546153846154,GMC,Automatic 4-spd,8.0,5.7
5075,Standard Pickup Trucks 4WD,Regular,4-Wheel or All-Wheel Drive,25.3546153846154,GMC,Manual 5-spd,8.0,5.7
5076,Standard Pickup Trucks 4WD,Diesel,4-Wheel or All-Wheel Drive,25.479,GMC,Automatic 4-spd,8.0,6.5
5077,Standard Pickup Trucks 4WD,Regular,4-Wheel or All-Wheel Drive,20.600625,GMC,Automatic 4-spd,6.0,4.3
5078,Midsize-Large Station Wagons,Regular,Rear-Wheel Drive,18.3116666666667,Ford,Automatic 3-spd,6.0,3.8
5079,Standard Pickup Trucks 4WD,Regular,4-Wheel or All-Wheel Drive,19.3888235294118,GMC,Manual 5-spd,6.0,4.3
5080,Standard Pickup Trucks 4WD,Regular,4-Wheel or All-Wheel Drive,20.600625,Isuzu,Automatic 4-spd,6.0,4.3
5081,Standard Pickup Trucks 4WD,Regular,4-Wheel or All-Wheel Drive,19.3888235294118,Isuzu,Manual 5-spd,6.0,4.3
5082,Standard Pickup Trucks 4WD,Regular,4-Wheel or All-Wheel Drive,20.600625,Mazda,Automatic 4-spd,6.0,3.0
5083,Standard Pickup Trucks 4WD,Regular,4-Wheel or All-Wheel Drive,19.3888235294118,Mazda,Manual 5-spd,6.0,3.0
5084,Standard Pickup Trucks 4WD,Regular,4-Wheel or All-Wheel Drive,20.600625,Mazda,Automatic 5-spd,6.0,4.0
5085,Standard Pickup Trucks 4WD,Regular,4-Wheel or All-Wheel Drive,20.600625,Mazda,Manual 5-spd,6.0,4.0
5086,Standard Pickup Trucks 4WD,Regular,4-Wheel or All-Wheel Drive,19.3888235294118,Nissan,Manual 5-spd,4.0,2.4
5087,Standard Pickup Trucks 4WD,Regular,4-Wheel or All-Wheel Drive,21.974,Toyota,Automatic 4-spd,6.0,3.4
5088,Standard Pickup Trucks 4WD,Regular,4-Wheel or All-Wheel Drive,20.600625,Toyota,Manual 5-spd,6.0,3.4
5089,Midsize-Large Station Wagons,Regular,Rear-Wheel Drive,18.3116666666667,Mercury,Automatic 3-spd,6.0,3.8
5090,Standard Pickup Trucks 4WD,Regular,4-Wheel or All-Wheel Drive,18.3116666666667,Toyota,Automatic 4-spd,4.0,2.7
5091,Standard Pickup Trucks 4WD,Regular,4-Wheel or All-Wheel Drive,19.3888235294118,Toyota,Manual 5-spd,4.0,2.7
5092,Standard Pickup Trucks 4WD,Regular,4-Wheel or All-Wheel Drive,20.600625,Toyota,Automatic 4-spd,6.0,3.4
5093,Standard Pickup Trucks 4WD,Regular,4-Wheel or All-Wheel Drive,20.600625,Toyota,Manual 5-spd,6.0,3.4
5094,"Vans, Cargo Type",Regular,Rear-Wheel Drive,20.600625,Chevrolet,Automatic 4-spd,6.0,4.3
5095,"Vans, Cargo Type",Regular,4-Wheel or All-Wheel Drive,20.600625,Chevrolet,Automatic 4-spd,6.0,4.3
5096,"Vans, Cargo Type",Regular,Rear-Wheel Drive,21.974,Chevrolet,Automatic 4-spd,6.0,4.3
5097,"Vans, Cargo Type",Regular,Rear-Wheel Drive,21.974,Chevrolet,Automatic 4-spd,8.0,5.0
5098,"Vans, Cargo Type",Regular,Rear-Wheel Drive,23.5435714285714,Chevrolet,Automatic 4-spd,8.0,5.7
5099,"Vans, Cargo Type",Regular,Rear-Wheel Drive,23.5435714285714,Dodge,Automatic 3-spd,6.0,3.9
5100,Midsize-Large Station Wagons,Regular,Front-Wheel Drive,19.3888235294118,Oldsmobile,Automatic 3-spd,6.0,3.0
5101,"Vans, Cargo Type",Regular,Rear-Wheel Drive,23.5435714285714,Dodge,Automatic 4-spd,8.0,5.2
5102,"Vans, Cargo Type",Regular,Rear-Wheel Drive,25.3546153846154,Dodge,Automatic 4-spd,8.0,5.9
5103,"Vans, Cargo Type",Regular,Rear-Wheel Drive,23.5435714285714,Dodge,Automatic 4-spd,8.0,5.2
5104,"Vans, Cargo Type",Regular,Rear-Wheel Drive,25.3546153846154,Dodge,Automatic 4-spd,8.0,5.9
5105,"Vans, Cargo Type",Regular,Rear-Wheel Drive,21.974,Ford,Automatic 4-spd,6.0,4.2
5106,"Vans, Cargo Type",Regular,Rear-Wheel Drive,21.974,Ford,Automatic 4-spd,8.0,4.6
5107,"Vans, Cargo Type",Regular,Rear-Wheel Drive,25.3546153846154,Ford,Automatic 4-spd,8.0,5.4
5108,"Vans, Cargo Type",Regular,Rear-Wheel Drive,21.974,Ford,Automatic 4-spd,6.0,4.2
5109,"Vans, Cargo Type",Regular,Rear-Wheel Drive,25.3546153846154,Ford,Automatic 4-spd,8.0,5.4
5110,"Vans, Cargo Type",CNG,Rear-Wheel Drive,0.169090909090909,Ford,Automatic 4-spd,8.0,5.4
5111,Subcompact Cars,Regular,Rear-Wheel Drive,14.9822727272727,Isuzu,Manual 5-spd,4.0,2.0
5112,Midsize-Large Station Wagons,Regular,Front-Wheel Drive,18.3116666666667,Oldsmobile,Automatic 4-spd,6.0,3.0
5113,"Vans, Cargo Type",Regular,Rear-Wheel Drive,21.974,GMC,Automatic 4-spd,6.0,4.3
5114,"Vans, Cargo Type",Regular,Rear-Wheel Drive,21.974,GMC,Automatic 4-spd,8.0,5.0
5115,"Vans, Cargo Type",Regular,Rear-Wheel Drive,23.5435714285714,GMC,Automatic 4-spd,8.0,5.7
5116,"Vans, Cargo Type",Regular,Rear-Wheel Drive,20.600625,GMC,Automatic 4-spd,6.0,4.3
5117,"Vans, Cargo Type",Regular,4-Wheel or All-Wheel Drive,20.600625,GMC,Automatic 4-spd,6.0,4.3
5118,"Vans, Passenger Type",Regular,Rear-Wheel Drive,20.600625,Chevrolet,Automatic 4-spd,6.0,4.3
5119,"Vans, Passenger Type",Regular,4-Wheel or All-Wheel Drive,20.600625,Chevrolet,Automatic 4-spd,6.0,4.3
5120,"Vans, Passenger Type",Regular,Rear-Wheel Drive,21.974,Chevrolet,Automatic 4-spd,6.0,4.3
5121,"Vans, Passenger Type",Regular,Rear-Wheel Drive,23.5435714285714,Chevrolet,Automatic 4-spd,8.0,5.0
5122,"Vans, Passenger Type",Regular,Rear-Wheel Drive,23.5435714285714,Chevrolet,Automatic 4-spd,8.0,5.7
5123,Midsize-Large Station Wagons,Regular,Front-Wheel Drive,17.3478947368421,Oldsmobile,Automatic 4-spd,6.0,3.8
5124,"Vans, Passenger Type",Regular,Rear-Wheel Drive,23.5435714285714,Dodge,Automatic 3-spd,6.0,3.9
5125,"Vans, Passenger Type",Regular,Rear-Wheel Drive,23.5435714285714,Dodge,Automatic 4-spd,8.0,5.2
5126,"Vans, Passenger Type",Regular,Rear-Wheel Drive,23.5435714285714,Dodge,Automatic 4-spd,8.0,5.2
5127,"Vans, Passenger Type",Regular,Rear-Wheel Drive,25.3546153846154,Dodge,Automatic 4-spd,8.0,5.9
5128,"Vans, Passenger Type",Regular,Rear-Wheel Drive,23.5435714285714,Ford,Automatic 4-spd,6.0,4.2
5129,"Vans, Passenger Type",Regular,Rear-Wheel Drive,23.5435714285714,Ford,Automatic 4-spd,8.0,4.6
5130,"Vans, Passenger Type",Regular,Rear-Wheel Drive,25.3546153846154,Ford,Automatic 4-spd,8.0,5.4
5131,"Vans, Passenger Type",Regular,Rear-Wheel Drive,21.974,GMC,Automatic 4-spd,6.0,4.3
5132,"Vans, Passenger Type",Regular,Rear-Wheel Drive,23.5435714285714,GMC,Automatic 4-spd,8.0,5.0
5133,"Vans, Passenger Type",Regular,Rear-Wheel Drive,23.5435714285714,GMC,Automatic 4-spd,8.0,5.7
5134,Midsize-Large Station Wagons,Diesel,Front-Wheel Drive,14.6994230769231,Oldsmobile,Automatic 3-spd,6.0,4.3
5135,"Vans, Passenger Type",Regular,Rear-Wheel Drive,20.600625,GMC,Automatic 4-spd,6.0,4.3
5136,"Vans, Passenger Type",Regular,4-Wheel or All-Wheel Drive,20.600625,GMC,Automatic 4-spd,6.0,4.3
5137,Special Purpose Vehicle 2WD,Regular,Rear-Wheel Drive,20.600625,Chevrolet,Automatic 4-spd,6.0,4.3
5138,Special Purpose Vehicle 2WD,Regular,Rear-Wheel Drive,18.3116666666667,Chevrolet,Manual 5-spd,6.0,4.3
5139,Special Purpose Vehicle 2WD,Regular,Rear-Wheel Drive,23.5435714285714,Chevrolet,Automatic 4-spd,8.0,5.7
5140,Special Purpose Vehicle 2WD,Regular,Rear-Wheel Drive,23.5435714285714,Chevrolet,Automatic 4-spd,8.0,5.7
5141,Special Purpose Vehicle 2WD,Regular,Rear-Wheel Drive,23.5435714285714,Chevrolet,Automatic 4-spd,8.0,5.7
5142,Special Purpose Vehicle 2WD,Regular,Rear-Wheel Drive,15.6957142857143,Chevrolet,Automatic 3-spd,4.0,1.6
5143,Special Purpose Vehicle 2WD,Regular,Rear-Wheel Drive,14.9822727272727,Chevrolet,Manual 5-spd,4.0,1.6
5144,Special Purpose Vehicle 2WD,Regular,Rear-Wheel Drive,15.6957142857143,Chevrolet,Automatic 4-spd,4.0,1.6
5145,Midsize-Large Station Wagons,Regular,Front-Wheel Drive,16.4805,Plymouth,Automatic 3-spd,4.0,2.2
5146,Special Purpose Vehicle 2WD,Regular,Rear-Wheel Drive,14.9822727272727,Chevrolet,Manual 5-spd,4.0,1.6
5147,Special Purpose Vehicle 2WD,Regular,Front-Wheel Drive,17.3478947368421,Chevrolet,Automatic 4-spd,6.0,3.4
5148,Special Purpose Vehicle 2WD,Regular,Front-Wheel Drive,18.3116666666667,Chrysler,Automatic 4-spd,6.0,3.3
5149,Special Purpose Vehicle 2WD,Regular,Front-Wheel Drive,18.3116666666667,Chrysler,Automatic 4-spd,6.0,3.3
5150,Special Purpose Vehicle 2WD,Regular,Front-Wheel Drive,18.3116666666667,Chrysler,Automatic 4-spd,6.0,3.8
5151,Special Purpose Vehicle 2WD,Regular,Front-Wheel Drive,16.4805,Dodge,Automatic 3-spd,4.0,2.4
5152,Special Purpose Vehicle 2WD,Regular,Front-Wheel Drive,17.3478947368421,Dodge,Automatic 3-spd,6.0,3.0
5153,Special Purpose Vehicle 2WD,Regular,Front-Wheel Drive,17.3478947368421,Dodge,Automatic 4-spd,6.0,3.0
5154,Special Purpose Vehicle 2WD,Regular,Front-Wheel Drive,18.3116666666667,Dodge,Automatic 4-spd,6.0,3.3
5155,Special Purpose Vehicle 2WD,Regular,Front-Wheel Drive,18.3116666666667,Dodge,Automatic 4-spd,6.0,3.3
5156,Midsize-Large Station Wagons,Regular,Front-Wheel Drive,13.73375,Plymouth,Manual 4-spd,4.0,2.2
5157,Special Purpose Vehicle 2WD,Regular,Front-Wheel Drive,18.3116666666667,Dodge,Automatic 4-spd,6.0,3.8
5158,Special Purpose Vehicle 2WD,Regular,Rear-Wheel Drive,21.974,Ford,Automatic 4-spd,8.0,4.6
5159,Special Purpose Vehicle 2WD,Regular,Rear-Wheel Drive,25.3546153846154,Ford,Automatic 4-spd,8.0,5.4
5160,Special Purpose Vehicle 2WD,Regular,Rear-Wheel Drive,20.600625,Ford,Automatic 5-spd,6.0,4.0
5161,Special Purpose Vehicle 2WD,Regular,Rear-Wheel Drive,20.600625,Ford,Automatic 5-spd,6.0,4.0
5162,Special Purpose Vehicle 2WD,Regular,Rear-Wheel Drive,19.3888235294118,Ford,Manual 5-spd,6.0,4.0
5163,Special Purpose Vehicle 2WD,Regular,Rear-Wheel Drive,23.5435714285714,Ford,Automatic 4-spd,8.0,5.0
5164,Special Purpose Vehicle 2WD,Regular,Front-Wheel Drive,17.3478947368421,Ford,Automatic 4-spd,6.0,3.0
5165,Special Purpose Vehicle 2WD,Regular,Front-Wheel Drive,18.3116666666667,Ford,Automatic 4-spd,6.0,3.8
5166,Special Purpose Vehicle 2WD,Regular,Front-Wheel Drive,17.3478947368421,Ford,Automatic 4-spd,6.0,3.0
5167,Midsize-Large Station Wagons,Regular,Front-Wheel Drive,13.1844,Plymouth,Manual 5-spd,4.0,2.2
5168,Special Purpose Vehicle 2WD,Regular,Front-Wheel Drive,18.3116666666667,Ford,Automatic 4-spd,6.0,3.8
5169,Special Purpose Vehicle 2WD,Regular,Rear-Wheel Drive,23.5435714285714,GMC,Automatic 4-spd,8.0,5.7
5170,Special Purpose Vehicle 2WD,Regular,Rear-Wheel Drive,23.5435714285714,GMC,Automatic 4-spd,8.0,5.7
5171,Special Purpose Vehicle 2WD,Regular,Rear-Wheel Drive,23.5435714285714,GMC,Automatic 4-spd,8.0,5.7
5172,Special Purpose Vehicle 2WD,Regular,Rear-Wheel Drive,20.600625,GMC,Automatic 4-spd,6.0,4.3
5173,Special Purpose Vehicle 2WD,Regular,Rear-Wheel Drive,18.3116666666667,GMC,Manual 5-spd,6.0,4.3
5174,Special Purpose Vehicle 2WD,Regular,Front-Wheel Drive,15.6957142857143,Honda,Automatic 4-spd,4.0,2.0
5175,Special Purpose Vehicle 2WD,Regular,Rear-Wheel Drive,20.600625,Honda,Automatic 4-spd,6.0,3.2
5176,Special Purpose Vehicle 2WD,Regular,Rear-Wheel Drive,19.3888235294118,Honda,Manual 5-spd,6.0,3.2
5177,Special Purpose Vehicle 2WD,Regular,Rear-Wheel Drive,16.4805,Isuzu,Manual 5-spd,4.0,2.2
5178,Midsize-Large Station Wagons,Regular,Front-Wheel Drive,13.1844,Plymouth,Manual 5-spd,4.0,2.2
5179,Special Purpose Vehicle 2WD,Regular,Rear-Wheel Drive,16.4805,Isuzu,Manual 5-spd,4.0,2.2
5180,Special Purpose Vehicle 2WD,Regular,Rear-Wheel Drive,20.600625,Isuzu,Automatic 4-spd,6.0,3.2
5181,Special Purpose Vehicle 2WD,Regular,Rear-Wheel Drive,19.3888235294118,Isuzu,Manual 5-spd,6.0,3.2
5182,Special Purpose Vehicle 2WD,Regular,Rear-Wheel Drive,18.3116666666667,Jeep,Automatic 3-spd,4.0,2.5
5183,Special Purpose Vehicle 2WD,Regular,Rear-Wheel Drive,16.4805,Jeep,Manual 5-spd,4.0,2.5
5184,Special Purpose Vehicle 2WD,Regular,Rear-Wheel Drive,20.600625,Jeep,Automatic 4-spd,6.0,4.0
5185,Special Purpose Vehicle 2WD,Regular,Rear-Wheel Drive,18.3116666666667,Jeep,Manual 5-spd,6.0,4.0
5186,Special Purpose Vehicle 2WD,Regular,Rear-Wheel Drive,20.600625,Jeep,Automatic 4-spd,6.0,4.0
5187,Special Purpose Vehicle 2WD,Regular,Rear-Wheel Drive,23.5435714285714,Jeep,Automatic 4-spd,8.0,5.2
5188,Special Purpose Vehicle 2WD,Regular,Rear-Wheel Drive,17.3478947368421,Kia,Automatic 4-spd,4.0,2.0
5189,Midsize-Large Station Wagons,Regular,Front-Wheel Drive,15.6957142857143,Plymouth,Automatic 3-spd,4.0,2.2
5190,Special Purpose Vehicle 2WD,Regular,Rear-Wheel Drive,17.3478947368421,Kia,Manual 5-spd,4.0,2.0
5191,Special Purpose Vehicle 2WD,Regular,Rear-Wheel Drive,25.3546153846154,Lincoln,Automatic 4-spd,8.0,5.4
5192,Special Purpose Vehicle 2WD,Regular,Rear-Wheel Drive,19.3888235294118,Mazda,Automatic 4-spd,6.0,3.0
5193,Special Purpose Vehicle 2WD,Regular,Rear-Wheel Drive,20.600625,Mercury,Automatic 5-spd,6.0,4.0
5194,Special Purpose Vehicle 2WD,Regular,Rear-Wheel Drive,23.5435714285714,Mercury,Automatic 4-spd,8.0,5.0
5195,Special Purpose Vehicle 2WD,Regular,Front-Wheel Drive,18.3116666666667,Mercury,Automatic 4-spd,6.0,3.0
5196,Special Purpose Vehicle 2WD,Regular,Front-Wheel Drive,18.3116666666667,Mercury,Automatic 4-spd,6.0,3.0
5197,Special Purpose Vehicle 2WD,Regular,Rear-Wheel Drive,15.6957142857143,Mitsubishi,Manual 5-spd,4.0,2.4
5198,Special Purpose Vehicle 2WD,Regular,Rear-Wheel Drive,18.3116666666667,Mitsubishi,Automatic 4-spd,6.0,3.0
5199,Special Purpose Vehicle 2WD,Regular,Rear-Wheel Drive,15.6957142857143,Mitsubishi,Manual 5-spd,4.0,2.4
5200,Midsize-Large Station Wagons,Regular,Front-Wheel Drive,17.3478947368421,Plymouth,Automatic 3-spd,4.0,2.6
5201,Special Purpose Vehicle 2WD,Regular,Rear-Wheel Drive,18.3116666666667,Mitsubishi,Automatic 4-spd,6.0,3.0
5202,Special Purpose Vehicle 2WD,Regular,Rear-Wheel Drive,20.600625,Nissan,Automatic 4-spd,6.0,3.3
5203,Special Purpose Vehicle 2WD,Regular,Rear-Wheel Drive,20.600625,Nissan,Manual 5-spd,6.0,3.3
5204,Special Purpose Vehicle 2WD,Regular,Front-Wheel Drive,18.3116666666667,Nissan,Automatic 4-spd,6.0,3.0
5205,Special Purpose Vehicle 2WD,Regular,Front-Wheel Drive,17.3478947368421,Oldsmobile,Automatic 4-spd,6.0,3.4
5206,Special Purpose Vehicle 2WD,Regular,Front-Wheel Drive,16.4805,Plymouth,Automatic 3-spd,4.0,2.4
5207,Special Purpose Vehicle 2WD,Regular,Front-Wheel Drive,17.3478947368421,Plymouth,Automatic 3-spd,6.0,3.0
5208,Special Purpose Vehicle 2WD,Regular,Front-Wheel Drive,17.3478947368421,Plymouth,Automatic 4-spd,6.0,3.0
5209,Special Purpose Vehicle 2WD,Regular,Front-Wheel Drive,18.3116666666667,Plymouth,Automatic 4-spd,6.0,3.3
5210,Special Purpose Vehicle 2WD,Regular,Front-Wheel Drive,18.3116666666667,Plymouth,Automatic 4-spd,6.0,3.3
5211,Midsize-Large Station Wagons,Regular,Front-Wheel Drive,17.3478947368421,Pontiac,Automatic 3-spd,6.0,2.8
5212,Special Purpose Vehicle 2WD,Regular,Front-Wheel Drive,17.3478947368421,Pontiac,Automatic 4-spd,6.0,3.4
5213,Special Purpose Vehicle 2WD,Regular,Rear-Wheel Drive,15.6957142857143,Suzuki,Automatic 3-spd,4.0,1.6
5214,Special Purpose Vehicle 2WD,Regular,Rear-Wheel Drive,14.9822727272727,Suzuki,Manual 5-spd,4.0,1.6
5215,Special Purpose Vehicle 2WD,Regular,Rear-Wheel Drive,15.6957142857143,Suzuki,Automatic 4-spd,4.0,1.6
5216,Special Purpose Vehicle 2WD,Regular,Rear-Wheel Drive,14.9822727272727,Suzuki,Manual 5-spd,4.0,1.6
5217,Special Purpose Vehicle 2WD,Regular,Rear-Wheel Drive,16.4805,Suzuki,Automatic 4-spd,4.0,1.8
5218,Special Purpose Vehicle 2WD,Regular,Rear-Wheel Drive,15.6957142857143,Suzuki,Manual 5-spd,4.0,1.8
5219,Special Purpose Vehicle 2WD,Regular,Rear-Wheel Drive,17.3478947368421,Toyota,Automatic 4-spd,4.0,2.7
5220,Special Purpose Vehicle 2WD,Regular,Rear-Wheel Drive,17.3478947368421,Toyota,Manual 5-spd,4.0,2.7
5221,Special Purpose Vehicle 2WD,Regular,Rear-Wheel Drive,19.3888235294118,Toyota,Automatic 4-spd,6.0,3.4
5222,Subcompact Cars,Regular,Rear-Wheel Drive,16.4805,Isuzu,Automatic 4-spd,4.0,2.0
5223,Midsize-Large Station Wagons,Diesel,Front-Wheel Drive,14.6994230769231,Pontiac,Automatic 3-spd,6.0,4.3
5224,Special Purpose Vehicle 2WD,Regular,Front-Wheel Drive,14.3308695652174,Toyota,Automatic 4-spd,4.0,2.0
5225,Special Purpose Vehicle 2WD,Regular,Front-Wheel Drive,14.3308695652174,Toyota,Manual 5-spd,4.0,2.0
5226,Special Purpose Vehicle 2WD,Regular,Front-Wheel Drive,14.3308695652174,Toyota,Automatic 4-spd,4.0,2.0
5227,Special Purpose Vehicle 2WD,Regular,Front-Wheel Drive,14.3308695652174,Toyota,Manual 5-spd,4.0,2.0
5228,Special Purpose Vehicle 2WD,Regular,Front-Wheel Drive,17.3478947368421,Toyota,Automatic 4-spd,6.0,3.0
5229,Special Purpose Vehicle 4WD,Regular,4-Wheel or All-Wheel Drive,21.974,Acura,Automatic 4-spd,6.0,3.5
5230,Special Purpose Vehicle 4WD,Regular,4-Wheel or All-Wheel Drive,20.600625,Chevrolet,Automatic 4-spd,6.0,4.3
5231,Special Purpose Vehicle 4WD,Regular,4-Wheel or All-Wheel Drive,20.600625,Chevrolet,Manual 5-spd,6.0,4.3
5232,Special Purpose Vehicle 4WD,Regular,4-Wheel or All-Wheel Drive,20.600625,Chevrolet,Automatic 4-spd,6.0,4.3
5233,Special Purpose Vehicle 4WD,Regular,4-Wheel or All-Wheel Drive,25.3546153846154,Chevrolet,Automatic 4-spd,8.0,5.7
5234,Midsize-Large Station Wagons,Regular,Rear-Wheel Drive,19.3888235294118,Volvo,Manual 4-spd,4.0,2.1
5235,Special Purpose Vehicle 4WD,Diesel,4-Wheel or All-Wheel Drive,25.479,Chevrolet,Automatic 4-spd,8.0,6.5
5236,Special Purpose Vehicle 4WD,Regular,4-Wheel or All-Wheel Drive,15.6957142857143,Chevrolet,Automatic 3-spd,4.0,1.6
5237,Special Purpose Vehicle 4WD,Regular,4-Wheel or All-Wheel Drive,14.9822727272727,Chevrolet,Manual 5-spd,4.0,1.6
5238,Special Purpose Vehicle 4WD,Regular,4-Wheel or All-Wheel Drive,15.6957142857143,Chevrolet,Automatic 4-spd,4.0,1.6
5239,Special Purpose Vehicle 4WD,Regular,4-Wheel or All-Wheel Drive,14.9822727272727,Chevrolet,Manual 5-spd,4.0,1.6
5240,Special Purpose Vehicle 4WD,Regular,4-Wheel or All-Wheel Drive,19.3888235294118,Chrysler,Automatic 4-spd,6.0,3.8
5241,Special Purpose Vehicle 4WD,Regular,4-Wheel or All-Wheel Drive,19.3888235294118,Dodge,Automatic 4-spd,6.0,3.8
5242,Special Purpose Vehicle 4WD,Regular,4-Wheel or All-Wheel Drive,25.3546153846154,Dodge,Automatic 4-spd,8.0,5.2
5243,Special Purpose Vehicle 4WD,Regular,4-Wheel or All-Wheel Drive,25.3546153846154,Dodge,Automatic 4-spd,8.0,5.9
5244,Special Purpose Vehicle 4WD,Regular,4-Wheel or All-Wheel Drive,23.5435714285714,Ford,Automatic 4-spd,8.0,4.6
5245,Midsize-Large Station Wagons,Regular,Rear-Wheel Drive,19.3888235294118,Buick,Automatic 4-spd,8.0,5.0
5246,Special Purpose Vehicle 4WD,Regular,4-Wheel or All-Wheel Drive,25.3546153846154,Ford,Automatic 4-spd,8.0,5.4
5247,Special Purpose Vehicle 4WD,Regular,4-Wheel or All-Wheel Drive,21.974,Ford,Automatic 5-spd,6.0,4.0
5248,Special Purpose Vehicle 4WD,Regular,4-Wheel or All-Wheel Drive,21.974,Ford,Automatic 5-spd,6.0,4.0
5249,Special Purpose Vehicle 4WD,Regular,4-Wheel or All-Wheel Drive,20.600625,Ford,Manual 5-spd,6.0,4.0
5250,Special Purpose Vehicle 4WD,Regular,4-Wheel or All-Wheel Drive,23.5435714285714,Ford,Automatic 4-spd,8.0,5.0
5251,Special Purpose Vehicle 4WD,Regular,4-Wheel or All-Wheel Drive,20.600625,GMC,Automatic 4-spd,6.0,4.3
5252,Special Purpose Vehicle 4WD,Regular,4-Wheel or All-Wheel Drive,20.600625,GMC,Manual 5-spd,6.0,4.3
5253,Special Purpose Vehicle 4WD,Regular,4-Wheel or All-Wheel Drive,20.600625,GMC,Automatic 4-spd,6.0,4.3
5254,Special Purpose Vehicle 4WD,Regular,4-Wheel or All-Wheel Drive,25.3546153846154,GMC,Automatic 4-spd,8.0,5.7
5255,Special Purpose Vehicle 4WD,Diesel,4-Wheel or All-Wheel Drive,25.479,GMC,Automatic 4-spd,8.0,6.5
5256,Midsize-Large Station Wagons,Regular,Rear-Wheel Drive,20.600625,Chevrolet,Automatic 4-spd,8.0,5.0
5257,Special Purpose Vehicle 4WD,Regular,4-Wheel or All-Wheel Drive,16.4805,Honda,Automatic 4-spd,4.0,2.0
5258,Special Purpose Vehicle 4WD,Regular,Front-Wheel Drive,15.6957142857143,Honda,Manual 5-spd,4.0,2.0
5259,Special Purpose Vehicle 4WD,Regular,4-Wheel or All-Wheel Drive,20.600625,Honda,Automatic 4-spd,6.0,3.2
5260,Special Purpose Vehicle 4WD,Regular,4-Wheel or All-Wheel Drive,19.3888235294118,Honda,Manual 5-spd,6.0,3.2
5261,Special Purpose Vehicle 4WD,Regular,4-Wheel or All-Wheel Drive,21.974,Infiniti,Automatic 4-spd,6.0,3.3
5262,Special Purpose Vehicle 4WD,Regular,4-Wheel or All-Wheel Drive,17.3478947368421,Isuzu,Manual 5-spd,4.0,2.2
5263,Special Purpose Vehicle 4WD,Regular,4-Wheel or All-Wheel Drive,19.3888235294118,Isuzu,Manual 5-spd,6.0,3.2
5264,Special Purpose Vehicle 4WD,Regular,4-Wheel or All-Wheel Drive,20.600625,Isuzu,Automatic 4-spd,6.0,3.2
5265,Special Purpose Vehicle 4WD,Regular,4-Wheel or All-Wheel Drive,19.3888235294118,Isuzu,Manual 5-spd,6.0,3.2
5266,Special Purpose Vehicle 4WD,Regular,4-Wheel or All-Wheel Drive,21.974,Isuzu,Automatic 4-spd,6.0,3.5
5267,Midsize-Large Station Wagons,Regular,Rear-Wheel Drive,19.3888235294118,Oldsmobile,Automatic 4-spd,8.0,5.0
5268,Special Purpose Vehicle 4WD,Regular,4-Wheel or All-Wheel Drive,21.974,Isuzu,Manual 5-spd,6.0,3.5
5269,Special Purpose Vehicle 4WD,Regular,4-Wheel or All-Wheel Drive,19.3888235294118,Jeep,Manual 5-spd,4.0,2.5
5270,Special Purpose Vehicle 4WD,Regular,4-Wheel or All-Wheel Drive,20.600625,Jeep,Automatic 4-spd,6.0,4.0
5271,Special Purpose Vehicle 4WD,Regular,4-Wheel or All-Wheel Drive,20.600625,Jeep,Manual 5-spd,6.0,4.0
5272,Special Purpose Vehicle 4WD,Regular,4-Wheel or All-Wheel Drive,20.600625,Jeep,Automatic 4-spd,6.0,4.0
5273,Special Purpose Vehicle 4WD,Regular,4-Wheel or All-Wheel Drive,23.5435714285714,Jeep,Automatic 4-spd,8.0,5.2
5274,Special Purpose Vehicle 4WD,Premium,4-Wheel or All-Wheel Drive,25.3546153846154,Jeep,Automatic 4-spd,8.0,5.9
5275,Special Purpose Vehicle 4WD,Regular,4-Wheel or All-Wheel Drive,20.600625,Jeep,Automatic 3-spd,4.0,2.5
5276,Special Purpose Vehicle 4WD,Regular,4-Wheel or All-Wheel Drive,19.3888235294118,Jeep,Manual 5-spd,4.0,2.5
5277,Special Purpose Vehicle 4WD,Regular,4-Wheel or All-Wheel Drive,23.5435714285714,Jeep,Automatic 3-spd,6.0,4.0
5278,Midsize-Large Station Wagons,Regular,Rear-Wheel Drive,20.600625,Pontiac,Automatic 4-spd,8.0,5.0
5279,Special Purpose Vehicle 4WD,Regular,4-Wheel or All-Wheel Drive,20.600625,Jeep,Manual 5-spd,6.0,4.0
5280,Special Purpose Vehicle 4WD,Regular,4-Wheel or All-Wheel Drive,17.3478947368421,Kia,Automatic 4-spd,4.0,2.0
5281,Special Purpose Vehicle 4WD,Regular,4-Wheel or All-Wheel Drive,17.3478947368421,Kia,Manual 5-spd,4.0,2.0
5282,Special Purpose Vehicle 4WD,Premium,4-Wheel or All-Wheel Drive,23.5435714285714,Land Rover,Automatic 4-spd,8.0,4.0
5283,Special Purpose Vehicle 4WD,Premium,4-Wheel or All-Wheel Drive,25.3546153846154,Land Rover,Manual 5-spd,8.0,4.0
5284,Special Purpose Vehicle 4WD,Premium,4-Wheel or All-Wheel Drive,25.3546153846154,Land Rover,Automatic 4-spd,8.0,4.0
5285,Special Purpose Vehicle 4WD,Premium,4-Wheel or All-Wheel Drive,25.3546153846154,Land Rover,Automatic 4-spd,8.0,4.6
5286,Special Purpose Vehicle 4WD,Regular,4-Wheel or All-Wheel Drive,25.3546153846154,Lexus,Automatic 4-spd,8.0,4.7
5287,Special Purpose Vehicle 4WD,Regular,4-Wheel or All-Wheel Drive,27.4675,Lincoln,Automatic 4-spd,8.0,5.4
5288,Special Purpose Vehicle 4WD,Regular,4-Wheel or All-Wheel Drive,21.974,Mazda,Automatic 4-spd,6.0,3.0
5289,Small Pickup Trucks,Diesel,Rear-Wheel Drive,14.155,Chevrolet,Manual 4-spd,4.0,2.2
5290,Special Purpose Vehicle 4WD,Premium,4-Wheel or All-Wheel Drive,19.3888235294118,Mercedes-Benz,Automatic 5-spd,6.0,3.2
5291,Special Purpose Vehicle 4WD,Regular,4-Wheel or All-Wheel Drive,21.974,Mercury,Automatic 5-spd,6.0,4.0
5292,Special Purpose Vehicle 4WD,Regular,4-Wheel or All-Wheel Drive,23.5435714285714,Mercury,Automatic 4-spd,8.0,5.0
5293,Special Purpose Vehicle 4WD,Regular,4-Wheel or All-Wheel Drive,20.600625,Mitsubishi,Automatic 4-spd,6.0,3.0
5294,Special Purpose Vehicle 4WD,Regular,4-Wheel or All-Wheel Drive,21.974,Mitsubishi,Manual 5-spd,6.0,3.0
5295,Special Purpose Vehicle 4WD,Regular,4-Wheel or All-Wheel Drive,20.600625,Mitsubishi,Automatic 4-spd,6.0,3.5
5296,Special Purpose Vehicle 4WD,Regular,4-Wheel or All-Wheel Drive,19.3888235294118,Mitsubishi,Automatic 4-spd,6.0,3.0
5297,Special Purpose Vehicle 4WD,Regular,4-Wheel or All-Wheel Drive,19.3888235294118,Mitsubishi,Manual 5-spd,6.0,3.0
5298,Special Purpose Vehicle 4WD,Regular,4-Wheel or All-Wheel Drive,18.3116666666667,Mitsubishi,Automatic 4-spd,6.0,3.0
5299,Special Purpose Vehicle 4WD,Regular,4-Wheel or All-Wheel Drive,19.3888235294118,Mitsubishi,Manual 5-spd,6.0,3.0
5300,Small Pickup Trucks,Diesel,Rear-Wheel Drive,14.155,Chevrolet,Manual 5-spd,4.0,2.2
5301,Special Purpose Vehicle 4WD,Regular,4-Wheel or All-Wheel Drive,21.974,Nissan,Automatic 4-spd,6.0,3.3
5302,Special Purpose Vehicle 4WD,Regular,4-Wheel or All-Wheel Drive,21.974,Nissan,Manual 5-spd,6.0,3.3
5303,Special Purpose Vehicle 4WD,Regular,4-Wheel or All-Wheel Drive,20.600625,Oldsmobile,Automatic 4-spd,6.0,4.3
5304,Special Purpose Vehicle 4WD,Regular,4-Wheel or All-Wheel Drive,16.4805,Subaru,Automatic 4-spd,4.0,2.5
5305,Special Purpose Vehicle 4WD,Regular,4-Wheel or All-Wheel Drive,15.6957142857143,Subaru,Manual 5-spd,4.0,2.5
5306,Special Purpose Vehicle 4WD,Regular,4-Wheel or All-Wheel Drive,15.6957142857143,Suzuki,Automatic 3-spd,4.0,1.6
5307,Special Purpose Vehicle 4WD,Regular,4-Wheel or All-Wheel Drive,14.9822727272727,Suzuki,Manual 5-spd,4.0,1.6
5308,Special Purpose Vehicle 4WD,Regular,4-Wheel or All-Wheel Drive,15.6957142857143,Suzuki,Automatic 4-spd,4.0,1.6
5309,Special Purpose Vehicle 4WD,Regular,4-Wheel or All-Wheel Drive,14.9822727272727,Suzuki,Manual 5-spd,4.0,1.6
5310,Special Purpose Vehicle 4WD,Regular,4-Wheel or All-Wheel Drive,16.4805,Suzuki,Automatic 4-spd,4.0,1.8
5311,Small Pickup Trucks,Regular,Rear-Wheel Drive,17.3478947368421,Chevrolet,Automatic 4-spd,6.0,2.8
5312,Special Purpose Vehicle 4WD,Regular,4-Wheel or All-Wheel Drive,15.6957142857143,Suzuki,Manual 5-spd,4.0,1.8
5313,Special Purpose Vehicle 4WD,Regular,4-Wheel or All-Wheel Drive,18.3116666666667,Toyota,Automatic 4-spd,4.0,2.7
5314,Special Purpose Vehicle 4WD,Regular,4-Wheel or All-Wheel Drive,19.3888235294118,Toyota,Manual 5-spd,4.0,2.7
5315,Special Purpose Vehicle 4WD,Regular,4-Wheel or All-Wheel Drive,20.600625,Toyota,Automatic 4-spd,6.0,3.4
5316,Special Purpose Vehicle 4WD,Regular,4-Wheel or All-Wheel Drive,20.600625,Toyota,Manual 5-spd,6.0,3.4
5317,Special Purpose Vehicle 4WD,Regular,4-Wheel or All-Wheel Drive,23.5435714285714,Toyota,Automatic 4-spd,8.0,4.7
5318,Special Purpose Vehicle 4WD,Regular,4-Wheel or All-Wheel Drive,15.6957142857143,Toyota,Automatic 4-spd,4.0,2.0
5319,Special Purpose Vehicle 4WD,Regular,4-Wheel or All-Wheel Drive,15.6957142857143,Toyota,Manual 5-spd,4.0,2.0
5320,Special Purpose Vehicle 4WD,Regular,4-Wheel or All-Wheel Drive,14.9822727272727,Toyota,Automatic 4-spd,4.0,2.0
5321,Special Purpose Vehicle 4WD,Regular,4-Wheel or All-Wheel Drive,15.6957142857143,Toyota,Manual 5-spd,4.0,2.0
5322,Small Pickup Trucks,Regular,Rear-Wheel Drive,17.3478947368421,Chevrolet,Manual 4-spd,6.0,2.8
5323,Two Seaters,Premium,Rear-Wheel Drive,18.3116666666667,Acura,Automatic 4-spd,6.0,3.0
5324,Two Seaters,Premium,Rear-Wheel Drive,18.3116666666667,Acura,Manual 6-spd,6.0,3.2
5325,Two Seaters,Regular,Rear-Wheel Drive,16.4805,BMW,Manual 5-spd,6.0,3.2
5326,Two Seaters,Regular,Rear-Wheel Drive,16.4805,BMW,Manual 5-spd,6.0,3.2
5327,Two Seaters,Regular,Rear-Wheel Drive,17.3478947368421,BMW,Automatic 4-spd,6.0,2.8
5328,Two Seaters,Regular,Rear-Wheel Drive,17.3478947368421,BMW,Manual 5-spd,6.0,2.8
5329,Two Seaters,Regular,Rear-Wheel Drive,17.3478947368421,BMW,Automatic 4-spd,6.0,2.5
5330,Two Seaters,Regular,Rear-Wheel Drive,16.4805,BMW,Manual 5-spd,6.0,2.5
5331,Two Seaters,Regular,Rear-Wheel Drive,17.3478947368421,BMW,Automatic 4-spd,6.0,2.8
5332,Two Seaters,Premium,Rear-Wheel Drive,18.3116666666667,Chevrolet,Automatic 4-spd,8.0,5.7
5333,Subcompact Cars,Regular,Rear-Wheel Drive,16.4805,Isuzu,Manual 5-spd,4.0,2.0
5334,Small Pickup Trucks,Regular,Rear-Wheel Drive,17.3478947368421,Chevrolet,Manual 5-spd,6.0,2.8
5335,Two Seaters,Premium,Rear-Wheel Drive,16.4805,Chevrolet,Manual 6-spd,8.0,5.7
5336,Two Seaters,Premium,Rear-Wheel Drive,32.961,Ferrari,Manual 6-spd,12.0,5.5
5337,Two Seaters,Premium,Rear-Wheel Drive,29.9645454545455,Ferrari,Automatic 6-spd,8.0,3.5
5338,Two Seaters,Premium,Rear-Wheel Drive,29.9645454545455,Ferrari,Manual 6-spd,8.0,3.5
5339,Two Seaters,Premium,4-Wheel or All-Wheel Drive,32.961,Lamborghini,Manual 5-spd,12.0,5.7
5340,Two Seaters,Regular,Rear-Wheel Drive,14.9822727272727,Mazda,Automatic 4-spd,4.0,1.8
5341,Two Seaters,Regular,Rear-Wheel Drive,13.73375,Mazda,Manual 5-spd,4.0,1.8
5342,Two Seaters,Premium,Rear-Wheel Drive,19.3888235294118,Mercedes-Benz,Automatic 5-spd,8.0,5.0
5343,Two Seaters,Premium,Rear-Wheel Drive,23.5435714285714,Mercedes-Benz,Automatic 5-spd,12.0,6.0
5344,Two Seaters,Premium,Rear-Wheel Drive,14.9822727272727,Mercedes-Benz,Automatic 5-spd,4.0,2.3
5345,Small Pickup Trucks,Regular,Rear-Wheel Drive,17.3478947368421,Nissan,Automatic 3-spd,4.0,2.4
5346,Two Seaters,Premium,Rear-Wheel Drive,14.9822727272727,Mercedes-Benz,Manual 5-spd,4.0,2.3
5347,Two Seaters,Premium,Rear-Wheel Drive,18.3116666666667,Plymouth,Automatic 4-spd,6.0,3.5
5348,Two Seaters,Premium,Rear-Wheel Drive,19.3888235294118,Porsche,Automatic 5-spd,6.0,2.5
5349,Two Seaters,Premium,Rear-Wheel Drive,16.4805,Porsche,Manual 5-spd,6.0,2.5
5350,Minicompact Cars,Regular,Rear-Wheel Drive,16.4805,BMW,Automatic 4-spd,6.0,2.5
5351,Minicompact Cars,Regular,Rear-Wheel Drive,14.9822727272727,BMW,Manual 5-spd,6.0,2.5
5352,Minicompact Cars,Regular,Rear-Wheel Drive,16.4805,BMW,Automatic 4-spd,6.0,2.8
5353,Minicompact Cars,Regular,Rear-Wheel Drive,15.6957142857143,BMW,Manual 5-spd,6.0,2.8
5354,Minicompact Cars,Regular,Rear-Wheel Drive,18.3116666666667,BMW,Automatic 5-spd,6.0,3.2
5355,Minicompact Cars,Regular,Rear-Wheel Drive,16.4805,BMW,Manual 5-spd,6.0,3.2
5356,Small Pickup Trucks,Regular,Rear-Wheel Drive,16.4805,Nissan,Manual 5-spd,4.0,2.4
5357,Minicompact Cars,Premium,Rear-Wheel Drive,19.3888235294118,Jaguar,Automatic 5-spd,8.0,4.0
5358,Minicompact Cars,Premium,Rear-Wheel Drive,16.4805,Mercedes-Benz,Automatic 5-spd,6.0,3.2
5359,Minicompact Cars,Premium,Front-Wheel Drive,16.4805,Mitsubishi,Automatic 4-spd,4.0,2.0
5360,Minicompact Cars,Premium,Front-Wheel Drive,14.3308695652174,Mitsubishi,Manual 5-spd,4.0,2.0
5361,Minicompact Cars,Regular,Front-Wheel Drive,15.6957142857143,Mitsubishi,Automatic 4-spd,4.0,2.4
5362,Minicompact Cars,Regular,Front-Wheel Drive,14.9822727272727,Mitsubishi,Manual 5-spd,4.0,2.4
5363,Minicompact Cars,Premium,Rear-Wheel Drive,18.3116666666667,Porsche,Automatic 5-spd,6.0,3.4
5364,Minicompact Cars,Premium,Rear-Wheel Drive,18.3116666666667,Porsche,Manual 6-spd,6.0,3.4
5365,Minicompact Cars,Regular,Front-Wheel Drive,14.3308695652174,Toyota,Automatic 4-spd,4.0,2.2
5366,Minicompact Cars,Regular,Front-Wheel Drive,14.9822727272727,Toyota,Manual 5-spd,4.0,2.2
5367,Small Pickup Trucks,Diesel,Rear-Wheel Drive,14.6994230769231,Nissan,Manual 5-spd,4.0,2.5
5368,Minicompact Cars,Regular,Front-Wheel Drive,12.6773076923077,Toyota,Automatic 4-spd,4.0,1.5
5369,Minicompact Cars,Regular,Front-Wheel Drive,10.6325806451613,Toyota,Manual 5-spd,4.0,1.5
5370,Minicompact Cars,Regular,Front-Wheel Drive,12.6773076923077,Toyota,Automatic 4-spd,4.0,1.5
5371,Minicompact Cars,Regular,Front-Wheel Drive,10.6325806451613,Toyota,Manual 5-spd,4.0,1.5
5372,Subcompact Cars,Regular,Front-Wheel Drive,14.9822727272727,Acura,Automatic 4-spd,4.0,2.3
5373,Subcompact Cars,Regular,Front-Wheel Drive,13.73375,Acura,Manual 5-spd,4.0,2.3
5374,Subcompact Cars,Regular,Front-Wheel Drive,16.4805,Acura,Automatic 4-spd,6.0,3.0
5375,Subcompact Cars,Regular,Front-Wheel Drive,13.73375,Acura,Automatic 4-spd,4.0,1.8
5376,Subcompact Cars,Regular,Front-Wheel Drive,13.1844,Acura,Manual 5-spd,4.0,1.8
5377,Subcompact Cars,Premium,Front-Wheel Drive,13.73375,Acura,Manual 5-spd,4.0,1.8
5378,Small Pickup Trucks,Regular,Rear-Wheel Drive,16.4805,Ford,Automatic 4-spd,4.0,2.3
5379,Subcompact Cars,Premium,Rear-Wheel Drive,27.4675,Bentley,Automatic 4-spd,8.0,6.8
5380,Subcompact Cars,Premium,Rear-Wheel Drive,27.4675,Bentley,Automatic 4-spd,8.0,6.8
5381,Subcompact Cars,Premium,Rear-Wheel Drive,27.4675,Bentley,Automatic 4-spd,8.0,6.8
5382,Subcompact Cars,Regular,Rear-Wheel Drive,16.4805,BMW,Automatic 4-spd,6.0,2.5
5383,Subcompact Cars,Regular,Rear-Wheel Drive,14.9822727272727,BMW,Manual 5-spd,6.0,2.5
5384,Subcompact Cars,Regular,Rear-Wheel Drive,16.4805,BMW,Automatic 4-spd,6.0,2.8
5385,Subcompact Cars,Regular,Rear-Wheel Drive,15.6957142857143,BMW,Manual 5-spd,6.0,2.8
5386,Subcompact Cars,Regular,Rear-Wheel Drive,16.4805,BMW,Manual 5-spd,6.0,3.2
5387,Subcompact Cars,Regular,Rear-Wheel Drive,16.4805,Chevrolet,Automatic 4-spd,6.0,3.8
5388,Subcompact Cars,Regular,Rear-Wheel Drive,15.6957142857143,Chevrolet,Manual 5-spd,6.0,3.8
5389,Small Pickup Trucks,Regular,Rear-Wheel Drive,13.73375,Ford,Manual 5-spd,4.0,2.3
5390,Subcompact Cars,Premium,Rear-Wheel Drive,18.3116666666667,Chevrolet,Automatic 4-spd,8.0,5.7
5391,Subcompact Cars,Premium,Rear-Wheel Drive,16.4805,Chevrolet,Manual 6-spd,8.0,5.7
5392,Subcompact Cars,Regular,Front-Wheel Drive,14.9822727272727,Chevrolet,Automatic 3-spd,4.0,2.2
5393,Subcompact Cars,Regular,Front-Wheel Drive,14.3308695652174,Chevrolet,Automatic 4-spd,4.0,2.2
5394,Subcompact Cars,Regular,Front-Wheel Drive,13.1844,Chevrolet,Manual 5-spd,4.0,2.2
5395,Subcompact Cars,Regular,Front-Wheel Drive,14.3308695652174,Chevrolet,Automatic 4-spd,4.0,2.4
5396,Subcompact Cars,Regular,Front-Wheel Drive,13.73375,Chevrolet,Manual 5-spd,4.0,2.4
5397,Subcompact Cars,Regular,Front-Wheel Drive,8.90837837837838,Chevrolet,Manual 5-spd,3.0,1.0
5398,Subcompact Cars,Regular,Front-Wheel Drive,11.7717857142857,Chevrolet,Automatic 3-spd,4.0,1.3
5399,Subcompact Cars,Regular,Front-Wheel Drive,9.41742857142857,Chevrolet,Manual 5-spd,4.0,1.3
5400,Small Pickup Trucks,Regular,Rear-Wheel Drive,19.3888235294118,Ford,Automatic 4-spd,6.0,2.8
5401,Subcompact Cars,Premium,Rear-Wheel Drive,29.9645454545455,Ferrari,Automatic 4-spd,12.0,5.5
5402,Subcompact Cars,Premium,Rear-Wheel Drive,29.9645454545455,Ferrari,Manual 6-spd,12.0,5.5
5403,Subcompact Cars,Regular,Front-Wheel Drive,13.1844,Ford,Automatic 4-spd,4.0,2.0
5404,Subcompact Cars,Regular,Front-Wheel Drive,13.1844,Ford,Manual 5-spd,4.0,2.0
5405,Subcompact Cars,Regular,Rear-Wheel Drive,16.4805,Ford,Automatic 4-spd,6.0,3.8
5406,Subcompact Cars,Regular,Rear-Wheel Drive,15.6957142857143,Ford,Manual 5-spd,6.0,3.8
5407,Subcompact Cars,Regular,Rear-Wheel Drive,18.3116666666667,Ford,Automatic 4-spd,8.0,4.6
5408,Subcompact Cars,Regular,Rear-Wheel Drive,18.3116666666667,Ford,Manual 5-spd,8.0,4.6
5409,Subcompact Cars,Regular,Front-Wheel Drive,12.2077777777778,Honda,Automatic 4-spd,4.0,1.6
5410,Subcompact Cars,Regular,Front-Wheel Drive,12.2077777777778,Honda,Automatic 4-spd,4.0,1.6
5411,Small Pickup Trucks,Regular,Rear-Wheel Drive,18.3116666666667,Ford,Manual 5-spd,6.0,2.8
5412,Subcompact Cars,Regular,Front-Wheel Drive,10.987,Honda,Manual 5-spd,4.0,1.6
5413,Subcompact Cars,Regular,Front-Wheel Drive,11.7717857142857,Honda,Manual 5-spd,4.0,1.6
5414,Subcompact Cars,Premium,Front-Wheel Drive,13.1844,Honda,Manual 5-spd,4.0,1.6
5415,Subcompact Cars,Regular,Front-Wheel Drive,10.6325806451613,Honda,Automatic (variable gear ratios),4.0,1.6
5416,Subcompact Cars,Regular,Front-Wheel Drive,9.98818181818182,Honda,Manual 5-spd,4.0,1.6
5417,Subcompact Cars,Premium,Front-Wheel Drive,15.6957142857143,Honda,Automatic 4-spd,4.0,2.2
5418,Subcompact Cars,Premium,Front-Wheel Drive,15.6957142857143,Honda,Manual 5-spd,4.0,2.2
5419,Subcompact Cars,Regular,Front-Wheel Drive,12.6773076923077,Hyundai,Automatic 4-spd,4.0,1.5
5420,Subcompact Cars,Regular,Front-Wheel Drive,11.7717857142857,Hyundai,Manual 5-spd,4.0,1.5
5421,Subcompact Cars,Regular,Front-Wheel Drive,14.9822727272727,Hyundai,Automatic 4-spd,4.0,2.0
5422,Small Pickup Trucks,Diesel,Rear-Wheel Drive,14.155,GMC,Manual 4-spd,4.0,2.2
5423,Subcompact Cars,Regular,Front-Wheel Drive,14.3308695652174,Hyundai,Manual 5-spd,4.0,2.0
5424,Subcompact Cars,Premium,Rear-Wheel Drive,18.3116666666667,Jaguar,Automatic 5-spd,8.0,4.0
5425,Subcompact Cars,Premium,Rear-Wheel Drive,17.3478947368421,Lexus,Automatic 4-spd,6.0,3.0
5426,Subcompact Cars,Premium,Rear-Wheel Drive,17.3478947368421,Lexus,Automatic 5-spd,8.0,4.0
5427,Subcompact Cars,Premium,Rear-Wheel Drive,15.6957142857143,Mercedes-Benz,Automatic 5-spd,6.0,3.2
5428,Subcompact Cars,Premium,Rear-Wheel Drive,17.3478947368421,Mercedes-Benz,Automatic 5-spd,8.0,4.3
5429,Subcompact Cars,Regular,Front-Wheel Drive,18.3116666666667,Mitsubishi,Automatic 4-spd,6.0,3.0
5430,Subcompact Cars,Regular,Front-Wheel Drive,18.3116666666667,Mitsubishi,Automatic 4-spd,6.0,3.0
5431,Subcompact Cars,Regular,Front-Wheel Drive,17.3478947368421,Mitsubishi,Manual 5-spd,6.0,3.0
5432,Subcompact Cars,Regular,Front-Wheel Drive,17.3478947368421,Mitsubishi,Manual 5-spd,6.0,3.0
5433,Small Pickup Trucks,Diesel,Rear-Wheel Drive,14.155,GMC,Manual 5-spd,4.0,2.2
5434,Subcompact Cars,Premium,4-Wheel or All-Wheel Drive,18.3116666666667,Mitsubishi,Manual 6-spd,6.0,3.0
5435,Subcompact Cars,Premium,Front-Wheel Drive,16.4805,Mitsubishi,Automatic 4-spd,4.0,2.0
5436,Subcompact Cars,Premium,4-Wheel or All-Wheel Drive,17.3478947368421,Mitsubishi,Automatic 4-spd,4.0,2.0
5437,Subcompact Cars,Regular,Front-Wheel Drive,14.9822727272727,Mitsubishi,Automatic 4-spd,4.0,2.0
5438,Subcompact Cars,Regular,Front-Wheel Drive,14.3308695652174,Mitsubishi,Manual 5-spd,4.0,2.0
5439,Subcompact Cars,Premium,4-Wheel or All-Wheel Drive,15.6957142857143,Mitsubishi,Manual 5-spd,4.0,2.0
5440,Subcompact Cars,Premium,Front-Wheel Drive,14.3308695652174,Mitsubishi,Manual 5-spd,4.0,2.0
5441,Subcompact Cars,Regular,Front-Wheel Drive,11.7717857142857,Mitsubishi,Automatic 4-spd,4.0,1.5
5442,Subcompact Cars,Regular,Front-Wheel Drive,10.6325806451613,Mitsubishi,Manual 5-spd,4.0,1.5
5443,Subcompact Cars,Regular,Front-Wheel Drive,13.1844,Mitsubishi,Automatic 4-spd,4.0,1.8
5444,Subcompact Cars,Regular,Front-Wheel Drive,10.987,Isuzu,Automatic 3-spd,4.0,1.5
5445,Small Pickup Trucks,Regular,Rear-Wheel Drive,17.3478947368421,GMC,Automatic 4-spd,6.0,2.8
5446,Subcompact Cars,Regular,Front-Wheel Drive,11.7717857142857,Mitsubishi,Manual 5-spd,4.0,1.8
5447,Subcompact Cars,Regular,Front-Wheel Drive,12.2077777777778,Nissan,Automatic 4-spd,4.0,1.6
5448,Subcompact Cars,Regular,Front-Wheel Drive,11.3658620689655,Nissan,Manual 5-spd,4.0,1.6
5449,Subcompact Cars,Regular,Front-Wheel Drive,14.3308695652174,Nissan,Automatic 4-spd,4.0,2.0
5450,Subcompact Cars,Regular,Front-Wheel Drive,14.3308695652174,Nissan,Manual 5-spd,4.0,2.0
5451,Subcompact Cars,Regular,Rear-Wheel Drive,16.4805,Pontiac,Automatic 4-spd,6.0,3.8
5452,Subcompact Cars,Regular,Rear-Wheel Drive,15.6957142857143,Pontiac,Manual 5-spd,6.0,3.8
5453,Subcompact Cars,Premium,Rear-Wheel Drive,18.3116666666667,Pontiac,Automatic 4-spd,8.0,5.7
5454,Subcompact Cars,Premium,Rear-Wheel Drive,16.4805,Pontiac,Manual 6-spd,8.0,5.7
5455,Subcompact Cars,Regular,Front-Wheel Drive,14.9822727272727,Pontiac,Automatic 3-spd,4.0,2.2
5456,Small Pickup Trucks,Regular,Rear-Wheel Drive,17.3478947368421,GMC,Manual 4-spd,6.0,2.8
5457,Subcompact Cars,Regular,Front-Wheel Drive,14.3308695652174,Pontiac,Automatic 4-spd,4.0,2.2
5458,Subcompact Cars,Regular,Front-Wheel Drive,13.1844,Pontiac,Manual 5-spd,4.0,2.2
5459,Subcompact Cars,Regular,Front-Wheel Drive,14.3308695652174,Pontiac,Automatic 4-spd,4.0,2.4
5460,Subcompact Cars,Regular,Front-Wheel Drive,13.73375,Pontiac,Manual 5-spd,4.0,2.4
5461,Subcompact Cars,Regular,Front-Wheel Drive,17.3478947368421,Saab,Automatic 4-spd,4.0,2.0
5462,Subcompact Cars,Regular,Front-Wheel Drive,15.6957142857143,Saab,Manual 5-spd,4.0,2.0
5463,Subcompact Cars,Premium,Front-Wheel Drive,16.4805,Saab,Manual 5-spd,4.0,2.0
5464,Subcompact Cars,Regular,Front-Wheel Drive,12.2077777777778,Saturn,Automatic 4-spd,4.0,1.9
5465,Subcompact Cars,Regular,Front-Wheel Drive,12.6773076923077,Saturn,Automatic 4-spd,4.0,1.9
5466,Subcompact Cars,Regular,Front-Wheel Drive,12.2077777777778,Saturn,Manual 5-spd,4.0,1.9
5467,Small Pickup Trucks,Regular,Rear-Wheel Drive,17.3478947368421,GMC,Manual 5-spd,6.0,2.8
5468,Subcompact Cars,Regular,Front-Wheel Drive,11.3658620689655,Saturn,Manual 5-spd,4.0,1.9
5469,Subcompact Cars,Regular,4-Wheel or All-Wheel Drive,14.9822727272727,Subaru,Automatic 4-spd,4.0,2.2
5470,Subcompact Cars,Regular,4-Wheel or All-Wheel Drive,14.9822727272727,Subaru,Manual 5-spd,4.0,2.2
5471,Subcompact Cars,Regular,4-Wheel or All-Wheel Drive,14.9822727272727,Subaru,Automatic 4-spd,4.0,2.5
5472,Subcompact Cars,Regular,4-Wheel or All-Wheel Drive,14.9822727272727,Subaru,Manual 5-spd,4.0,2.5
5473,Subcompact Cars,Regular,Front-Wheel Drive,12.6773076923077,Suzuki,Automatic 4-spd,4.0,1.6
5474,Subcompact Cars,Regular,Front-Wheel Drive,11.3658620689655,Suzuki,Manual 5-spd,4.0,1.6
5475,Subcompact Cars,Regular,Front-Wheel Drive,12.2077777777778,Suzuki,Manual 5-spd,4.0,2.0
5476,Subcompact Cars,Regular,Front-Wheel Drive,11.7717857142857,Suzuki,Automatic 3-spd,4.0,1.3
5477,Subcompact Cars,Regular,Front-Wheel Drive,9.41742857142857,Suzuki,Manual 5-spd,4.0,1.3
5478,Small Pickup Trucks,Regular,Rear-Wheel Drive,17.3478947368421,Isuzu,Automatic 3-spd,4.0,2.0
5479,Subcompact Cars,Regular,Front-Wheel Drive,14.9822727272727,Toyota,Automatic 4-spd,4.0,2.2
5480,Subcompact Cars,Regular,Front-Wheel Drive,14.9822727272727,Toyota,Manual 5-spd,4.0,2.2
5481,Subcompact Cars,Regular,Front-Wheel Drive,12.2077777777778,Toyota,Automatic 3-spd,4.0,1.5
5482,Subcompact Cars,Regular,Front-Wheel Drive,11.3658620689655,Toyota,Automatic 4-spd,4.0,1.5
5483,Subcompact Cars,Regular,Front-Wheel Drive,10.6325806451613,Toyota,Manual 5-spd,4.0,1.5
5484,Subcompact Cars,Regular,Front-Wheel Drive,14.9822727272727,Volkswagen,Automatic 4-spd,4.0,2.0
5485,Subcompact Cars,Regular,Front-Wheel Drive,13.73375,Volkswagen,Manual 5-spd,4.0,2.0
5486,Subcompact Cars,Diesel,Front-Wheel Drive,11.5813636363636,Volkswagen,Automatic 4-spd,4.0,1.9
5487,Subcompact Cars,Diesel,Front-Wheel Drive,10.0575,Volkswagen,Manual 5-spd,4.0,1.9
5488,Subcompact Cars,Regular,Front-Wheel Drive,14.9822727272727,Volkswagen,Automatic 4-spd,4.0,2.0
5489,Small Pickup Trucks,Regular,Rear-Wheel Drive,14.3308695652174,Isuzu,Manual 4-spd,4.0,2.0
5490,Subcompact Cars,Regular,Front-Wheel Drive,13.73375,Volkswagen,Manual 5-spd,4.0,2.0
5491,Subcompact Cars,Premium,Front-Wheel Drive,16.4805,Volvo,Automatic 4-spd,5.0,2.3
5492,Subcompact Cars,Premium,Front-Wheel Drive,16.4805,Volvo,Manual 5-spd,5.0,2.3
5493,Subcompact Cars,Premium,Front-Wheel Drive,16.4805,Volvo,Automatic 4-spd,5.0,2.4
5494,Compact Cars,Premium,Front-Wheel Drive,14.9822727272727,Audi,Automatic 5-spd,4.0,1.8
5495,Compact Cars,Premium,Front-Wheel Drive,13.73375,Audi,Manual 5-spd,4.0,1.8
5496,Compact Cars,Premium,Front-Wheel Drive,16.4805,Audi,Automatic 5-spd,6.0,2.8
5497,Compact Cars,Premium,Front-Wheel Drive,15.6957142857143,Audi,Manual 5-spd,6.0,2.8
5498,Compact Cars,Premium,4-Wheel or All-Wheel Drive,17.3478947368421,Audi,Automatic 5-spd,4.0,1.8
5499,Compact Cars,Premium,4-Wheel or All-Wheel Drive,14.9822727272727,Audi,Manual 5-spd,4.0,1.8
5500,Small Pickup Trucks,Regular,Rear-Wheel Drive,14.9822727272727,Isuzu,Manual 5-spd,4.0,2.0
5501,Compact Cars,Premium,4-Wheel or All-Wheel Drive,17.3478947368421,Audi,Automatic 5-spd,6.0,2.8
5502,Compact Cars,Premium,4-Wheel or All-Wheel Drive,16.4805,Audi,Manual 5-spd,6.0,2.8
5503,Compact Cars,Premium,Rear-Wheel Drive,27.4675,Bentley,Automatic 4-spd,8.0,6.8
5504,Compact Cars,Regular,Rear-Wheel Drive,14.3308695652174,BMW,Automatic 4-spd,4.0,1.9
5505,Compact Cars,Regular,Rear-Wheel Drive,13.73375,BMW,Manual 5-spd,4.0,1.9
5506,Compact Cars,Regular,Rear-Wheel Drive,16.4805,BMW,Automatic 5-spd,6.0,2.5
5507,Compact Cars,Regular,Rear-Wheel Drive,15.6957142857143,BMW,Manual 5-spd,6.0,2.5
5508,Compact Cars,Regular,Rear-Wheel Drive,16.4805,BMW,Automatic 5-spd,6.0,2.8
5509,Compact Cars,Regular,Rear-Wheel Drive,15.6957142857143,BMW,Manual 5-spd,6.0,2.8
5510,Compact Cars,Regular,Rear-Wheel Drive,17.3478947368421,BMW,Automatic 4-spd,6.0,2.8
5511,Small Pickup Trucks,Diesel,Rear-Wheel Drive,13.6494642857143,Isuzu,Manual 5-spd,4.0,2.2
5512,Compact Cars,Regular,Rear-Wheel Drive,15.6957142857143,BMW,Manual 5-spd,6.0,2.8
5513,Compact Cars,Regular,Rear-Wheel Drive,18.3116666666667,BMW,Automatic 5-spd,8.0,4.4
5514,Compact Cars,Regular,Rear-Wheel Drive,20.600625,BMW,Automatic 5-spd,8.0,4.4
5515,Compact Cars,Regular,Rear-Wheel Drive,20.600625,BMW,Manual 6-spd,8.0,4.4
5516,Compact Cars,Regular,Front-Wheel Drive,12.6773076923077,Chevrolet,Automatic 3-spd,4.0,1.8
5517,Compact Cars,Regular,Front-Wheel Drive,11.7717857142857,Chevrolet,Automatic 4-spd,4.0,1.8
5518,Compact Cars,Regular,Front-Wheel Drive,11.3658620689655,Chevrolet,Manual 5-spd,4.0,1.8
5519,Compact Cars,Regular,Front-Wheel Drive,14.9822727272727,Chrysler,Automatic 4-spd,4.0,2.0
5520,Compact Cars,Regular,Front-Wheel Drive,14.3308695652174,Chrysler,Manual 5-spd,4.0,2.0
5521,Compact Cars,Regular,Front-Wheel Drive,16.4805,Chrysler,Automatic 4-spd,6.0,2.5
5522,Small Pickup Trucks,Diesel,Rear-Wheel Drive,15.2874,Mitsubishi,Manual 5-spd,4.0,2.3
5523,Compact Cars,Regular,Front-Wheel Drive,14.9822727272727,Chrysler,Automatic 4-spd,4.0,2.4
5524,Compact Cars,Regular,Front-Wheel Drive,16.4805,Chrysler,Automatic 4-spd,6.0,2.5
5525,Compact Cars,Regular,Front-Wheel Drive,16.4805,Chrysler,Automatic 4-spd,6.0,2.5
5526,Compact Cars,Regular,Front-Wheel Drive,13.1844,Daewoo,Automatic 4-spd,4.0,1.5
5527,Compact Cars,Regular,Front-Wheel Drive,12.6773076923077,Daewoo,Manual 5-spd,4.0,1.5
5528,Compact Cars,Regular,Front-Wheel Drive,13.73375,Daewoo,Automatic 4-spd,4.0,1.6
5529,Compact Cars,Regular,Front-Wheel Drive,12.6773076923077,Daewoo,Manual 5-spd,4.0,1.6
5530,Compact Cars,Regular,Front-Wheel Drive,14.9822727272727,Daewoo,Automatic 4-spd,4.0,2.0
5531,Compact Cars,Regular,Front-Wheel Drive,14.3308695652174,Daewoo,Manual 5-spd,4.0,2.0
5532,Compact Cars,Regular,Front-Wheel Drive,14.9822727272727,Dodge,Automatic 4-spd,4.0,2.0
5533,Small Pickup Trucks,Regular,Rear-Wheel Drive,16.4805,Toyota,Automatic 4-spd,4.0,2.4
5534,Compact Cars,Regular,Front-Wheel Drive,14.3308695652174,Dodge,Manual 5-spd,4.0,2.0
5535,Compact Cars,Regular,Front-Wheel Drive,16.4805,Dodge,Automatic 4-spd,6.0,2.5
5536,Compact Cars,Regular,Front-Wheel Drive,13.73375,Dodge,Automatic 3-spd,4.0,2.0
5537,Compact Cars,Regular,Front-Wheel Drive,11.7717857142857,Dodge,Manual 5-spd,4.0,2.0
5538,Compact Cars,Regular,Front-Wheel Drive,14.3308695652174,Ford,Automatic 4-spd,4.0,2.0
5539,Compact Cars,Regular,Front-Wheel Drive,13.1844,Ford,Manual 5-spd,4.0,2.0
5540,Compact Cars,Regular,Front-Wheel Drive,15.6957142857143,Ford,Automatic 4-spd,6.0,2.5
5541,Compact Cars,Regular,Front-Wheel Drive,16.4805,Ford,Manual 5-spd,6.0,2.5
5542,Compact Cars,Regular,Front-Wheel Drive,13.1844,Ford,Automatic 4-spd,4.0,2.0
5543,Compact Cars,Regular,Front-Wheel Drive,11.7717857142857,Ford,Manual 5-spd,4.0,2.0
5544,Small Pickup Trucks,Regular,Rear-Wheel Drive,13.73375,Toyota,Manual 4-spd,4.0,2.4
5545,Compact Cars,Regular,Front-Wheel Drive,14.9822727272727,Hyundai,Automatic 4-spd,4.0,2.0
5546,Compact Cars,Regular,Front-Wheel Drive,13.73375,Hyundai,Manual 5-spd,4.0,2.0
5547,Compact Cars,Regular,Front-Wheel Drive,14.9822727272727,Infiniti,Automatic 4-spd,4.0,2.0
5548,Compact Cars,Regular,Front-Wheel Drive,14.3308695652174,Infiniti,Manual 5-spd,4.0,2.0
5549,Compact Cars,Premium,Rear-Wheel Drive,18.3116666666667,Jaguar,Automatic 5-spd,8.0,4.0
5550,Compact Cars,Premium,Rear-Wheel Drive,19.3888235294118,Jaguar,Automatic 5-spd,8.0,4.0
5551,Compact Cars,Regular,Front-Wheel Drive,14.3308695652174,Kia,Automatic 4-spd,4.0,1.8
5552,Compact Cars,Regular,Front-Wheel Drive,13.73375,Kia,Manual 5-spd,4.0,1.8
5553,Compact Cars,Regular,Front-Wheel Drive,17.3478947368421,Lexus,Automatic 4-spd,6.0,3.0
5554,Compact Cars,Regular,Front-Wheel Drive,14.3308695652174,Mercury,Automatic 4-spd,4.0,2.0
5555,Two Seaters,Regular,Front-Wheel Drive,12.6773076923077,Honda,Automatic 3-spd,4.0,1.5
5556,Subcompact Cars,Regular,Front-Wheel Drive,9.41742857142857,Isuzu,Manual 5-spd,4.0,1.5
5557,Small Pickup Trucks,Regular,Rear-Wheel Drive,15.6957142857143,Toyota,Manual 5-spd,4.0,2.4
5558,Compact Cars,Regular,Front-Wheel Drive,13.1844,Mercury,Manual 5-spd,4.0,2.0
5559,Compact Cars,Regular,Front-Wheel Drive,15.6957142857143,Mercury,Automatic 4-spd,6.0,2.5
5560,Compact Cars,Regular,Front-Wheel Drive,16.4805,Mercury,Manual 5-spd,6.0,2.5
5561,Compact Cars,Regular,Front-Wheel Drive,14.3308695652174,Mercury,Automatic 4-spd,4.0,2.0
5562,Compact Cars,Regular,Front-Wheel Drive,13.1844,Mercury,Manual 5-spd,4.0,2.0
5563,Compact Cars,Regular,Front-Wheel Drive,15.6957142857143,Mercury,Automatic 4-spd,6.0,2.5
5564,Compact Cars,Regular,Front-Wheel Drive,16.4805,Mercury,Manual 5-spd,6.0,2.5
5565,Compact Cars,Regular,Front-Wheel Drive,13.1844,Mercury,Automatic 4-spd,4.0,2.0
5566,Compact Cars,Regular,Front-Wheel Drive,11.7717857142857,Mercury,Manual 5-spd,4.0,2.0
5567,Compact Cars,Premium,Front-Wheel Drive,16.4805,Mazda,Automatic 4-spd,6.0,2.3
5568,Small Pickup Trucks,Diesel,Rear-Wheel Drive,14.6994230769231,Toyota,Manual 5-spd,4.0,2.4
5569,Compact Cars,Premium,Front-Wheel Drive,16.4805,Mazda,Automatic 4-spd,6.0,2.5
5570,Compact Cars,Regular,Front-Wheel Drive,12.6773076923077,Mazda,Automatic 4-spd,4.0,1.6
5571,Compact Cars,Regular,Front-Wheel Drive,12.2077777777778,Mazda,Manual 5-spd,4.0,1.6
5572,Compact Cars,Regular,Front-Wheel Drive,14.3308695652174,Mazda,Automatic 4-spd,4.0,1.8
5573,Compact Cars,Regular,Front-Wheel Drive,13.1844,Mazda,Manual 5-spd,4.0,1.8
5574,Compact Cars,Premium,Rear-Wheel Drive,14.9822727272727,Mercedes-Benz,Automatic 5-spd,4.0,2.3
5575,Compact Cars,Premium,Rear-Wheel Drive,15.6957142857143,Mercedes-Benz,Automatic 5-spd,6.0,2.8
5576,Compact Cars,Premium,Rear-Wheel Drive,18.3116666666667,Mercedes-Benz,Automatic 5-spd,8.0,4.3
5577,Compact Cars,Premium,Rear-Wheel Drive,20.600625,Mercedes-Benz,Automatic 5-spd,8.0,5.0
5578,Compact Cars,Premium,Rear-Wheel Drive,23.5435714285714,Mercedes-Benz,Automatic 5-spd,12.0,6.0
5579,Small Pickup Trucks,Diesel,4-Wheel or All-Wheel Drive,16.6167391304348,Dodge,Manual 5-spd,4.0,2.3
5580,Compact Cars,Regular,Front-Wheel Drive,14.3308695652174,Nissan,Automatic 4-spd,4.0,2.4
5581,Compact Cars,Regular,Front-Wheel Drive,13.73375,Nissan,Manual 5-spd,4.0,2.4
5582,Compact Cars,Regular,Front-Wheel Drive,14.3308695652174,Oldsmobile,Automatic 4-spd,4.0,2.4
5583,Compact Cars,Regular,Front-Wheel Drive,16.4805,Oldsmobile,Automatic 4-spd,6.0,3.4
5584,Compact Cars,Regular,Front-Wheel Drive,13.73375,Plymouth,Automatic 3-spd,4.0,2.0
5585,Compact Cars,Regular,Front-Wheel Drive,11.7717857142857,Plymouth,Manual 5-spd,4.0,2.0
5586,Compact Cars,Regular,Front-Wheel Drive,14.3308695652174,Pontiac,Automatic 4-spd,4.0,2.4
5587,Compact Cars,Regular,Front-Wheel Drive,16.4805,Pontiac,Automatic 4-spd,6.0,3.4
5588,Compact Cars,Regular,Front-Wheel Drive,12.2077777777778,Saturn,Automatic 4-spd,4.0,1.9
5589,Compact Cars,Regular,Front-Wheel Drive,12.6773076923077,Saturn,Automatic 4-spd,4.0,1.9
5590,Small Pickup Trucks,Regular,4-Wheel or All-Wheel Drive,14.3308695652174,Ford,Manual 5-spd,4.0,2.3
5591,Compact Cars,Regular,Front-Wheel Drive,12.2077777777778,Saturn,Manual 5-spd,4.0,1.9
5592,Compact Cars,Regular,Front-Wheel Drive,11.3658620689655,Saturn,Manual 5-spd,4.0,1.9
5593,Compact Cars,Regular,4-Wheel or All-Wheel Drive,14.9822727272727,Subaru,Automatic 4-spd,4.0,2.2
5594,Compact Cars,Regular,4-Wheel or All-Wheel Drive,14.9822727272727,Subaru,Manual 5-spd,4.0,2.2
5595,Compact Cars,Regular,4-Wheel or All-Wheel Drive,15.6957142857143,Subaru,Automatic 4-spd,4.0,2.5
5596,Compact Cars,Regular,4-Wheel or All-Wheel Drive,15.6957142857143,Subaru,Manual 5-spd,4.0,2.5
5597,Compact Cars,Regular,Front-Wheel Drive,14.3308695652174,Toyota,Automatic 4-spd,4.0,2.2
5598,Compact Cars,Regular,Front-Wheel Drive,13.73375,Toyota,Manual 5-spd,4.0,2.2
5599,Compact Cars,Regular,Front-Wheel Drive,16.4805,Toyota,Automatic 4-spd,6.0,3.0
5600,Compact Cars,Regular,Front-Wheel Drive,15.6957142857143,Toyota,Manual 5-spd,6.0,3.0
5601,Small Pickup Trucks,Regular,4-Wheel or All-Wheel Drive,20.600625,Ford,Automatic 4-spd,6.0,2.8
5602,Compact Cars,Regular,Front-Wheel Drive,12.6773076923077,Toyota,Automatic 3-spd,4.0,1.8
5603,Compact Cars,Regular,Front-Wheel Drive,11.7717857142857,Toyota,Automatic 4-spd,4.0,1.8
5604,Compact Cars,Regular,Front-Wheel Drive,10.987,Toyota,Manual 5-spd,4.0,1.8
5605,Compact Cars,Regular,Front-Wheel Drive,14.9822727272727,Volkswagen,Automatic 4-spd,4.0,2.0
5606,Compact Cars,Regular,Front-Wheel Drive,13.73375,Volkswagen,Manual 5-spd,4.0,2.0
5607,Compact Cars,Regular,Front-Wheel Drive,14.9822727272727,Volkswagen,Automatic 4-spd,4.0,2.0
5608,Compact Cars,Regular,Front-Wheel Drive,13.73375,Volkswagen,Manual 5-spd,4.0,2.0
5609,Compact Cars,Regular,Front-Wheel Drive,17.3478947368421,Volkswagen,Manual 5-spd,6.0,2.8
5610,Compact Cars,Diesel,Front-Wheel Drive,10.3293243243243,Volkswagen,Manual 5-spd,4.0,1.9
5611,Compact Cars,Regular,Front-Wheel Drive,14.9822727272727,Volkswagen,Automatic 4-spd,4.0,2.0
5612,Small Pickup Trucks,Regular,4-Wheel or All-Wheel Drive,18.3116666666667,Ford,Manual 5-spd,6.0,2.8
5613,Compact Cars,Regular,Front-Wheel Drive,13.73375,Volkswagen,Manual 5-spd,4.0,2.0
5614,Compact Cars,Regular,Front-Wheel Drive,17.3478947368421,Volkswagen,Automatic 4-spd,6.0,2.8
5615,Compact Cars,Regular,Front-Wheel Drive,17.3478947368421,Volkswagen,Manual 5-spd,6.0,2.8
5616,Compact Cars,Diesel,Front-Wheel Drive,11.5813636363636,Volkswagen,Automatic 4-spd,4.0,1.9
5617,Compact Cars,Diesel,Front-Wheel Drive,10.0575,Volkswagen,Manual 5-spd,4.0,1.9
5618,Compact Cars,Regular,Front-Wheel Drive,14.9822727272727,Volkswagen,Automatic 4-spd,4.0,2.0
5619,Compact Cars,Regular,Front-Wheel Drive,13.73375,Volkswagen,Manual 5-spd,4.0,2.0
5620,Compact Cars,Regular,Front-Wheel Drive,14.9822727272727,Volkswagen,Automatic 4-spd,4.0,2.0
5621,Compact Cars,Regular,Front-Wheel Drive,13.73375,Volkswagen,Manual 5-spd,4.0,2.0
5622,Compact Cars,Regular,Front-Wheel Drive,15.6957142857143,Volkswagen,Manual 5-spd,6.0,2.8
5623,Small Pickup Trucks,Regular,4-Wheel or All-Wheel Drive,17.3478947368421,Isuzu,Manual 4-spd,4.0,2.0
5624,Compact Cars,Diesel,Front-Wheel Drive,11.5813636363636,Volkswagen,Automatic 4-spd,4.0,1.9
5625,Compact Cars,Diesel,Front-Wheel Drive,10.0575,Volkswagen,Manual 5-spd,4.0,1.9
5626,Compact Cars,Regular,Front-Wheel Drive,14.9822727272727,Volkswagen,Automatic 4-spd,4.0,2.0
5627,Compact Cars,Regular,Front-Wheel Drive,13.73375,Volkswagen,Manual 5-spd,4.0,2.0
5628,Compact Cars,Regular,Front-Wheel Drive,17.3478947368421,Volkswagen,Automatic 4-spd,6.0,2.8
5629,Compact Cars,Regular,Front-Wheel Drive,16.4805,Volkswagen,Manual 5-spd,6.0,2.8
5630,Compact Cars,Premium,Front-Wheel Drive,16.4805,Volvo,Automatic 4-spd,5.0,2.3
5631,Compact Cars,Premium,Front-Wheel Drive,16.4805,Volvo,Manual 5-spd,5.0,2.3
5632,Compact Cars,Premium,Front-Wheel Drive,16.4805,Volvo,Automatic 4-spd,5.0,2.4
5633,Midsize Cars,Premium,Front-Wheel Drive,16.4805,Acura,Automatic 4-spd,6.0,3.2
5634,Small Pickup Trucks,Regular,4-Wheel or All-Wheel Drive,19.3888235294118,Jeep,Manual 4-spd,4.0,2.5
5635,Midsize Cars,Premium,Front-Wheel Drive,18.3116666666667,Acura,Automatic 4-spd,6.0,3.5
5636,Midsize Cars,Premium,Front-Wheel Drive,17.3478947368421,Audi,Automatic 5-spd,6.0,2.8
5637,Midsize Cars,Premium,4-Wheel or All-Wheel Drive,18.3116666666667,Audi,Automatic 5-spd,6.0,2.8
5638,Midsize Cars,Premium,Front-Wheel Drive,18.3116666666667,Audi,Automatic 5-spd,8.0,3.7
5639,Midsize Cars,Premium,4-Wheel or All-Wheel Drive,18.3116666666667,Audi,Automatic 5-spd,8.0,4.2
5640,Midsize Cars,Premium,Rear-Wheel Drive,25.3546153846154,Bentley,Automatic 5-spd,8.0,4.4
5641,Midsize Cars,Premium,Rear-Wheel Drive,27.4675,Bentley,Automatic 4-spd,8.0,6.8
5642,Midsize Cars,Regular,Rear-Wheel Drive,18.3116666666667,BMW,Automatic 5-spd,8.0,4.4
5643,Midsize Cars,Regular,Rear-Wheel Drive,20.600625,BMW,Automatic 5-spd,8.0,4.4
5644,Midsize Cars,Regular,Front-Wheel Drive,15.6957142857143,Buick,Automatic 4-spd,6.0,3.1
5645,Small Pickup Trucks,Regular,4-Wheel or All-Wheel Drive,19.3888235294118,Jeep,Manual 5-spd,4.0,2.5
5646,Midsize Cars,Regular,Front-Wheel Drive,15.6957142857143,Buick,Automatic 4-spd,6.0,3.8
5647,Midsize Cars,Premium,Front-Wheel Drive,17.3478947368421,Buick,Automatic 4-spd,6.0,3.8
5648,Midsize Cars,Premium,Front-Wheel Drive,17.3478947368421,Buick,Automatic 4-spd,6.0,3.8
5649,Midsize Cars,Premium,Rear-Wheel Drive,18.3116666666667,Cadillac,Automatic 4-spd,6.0,3.0
5650,Midsize Cars,Premium,Front-Wheel Drive,18.3116666666667,Cadillac,Automatic 4-spd,8.0,4.6
5651,Midsize Cars,Premium,Front-Wheel Drive,18.3116666666667,Cadillac,Automatic 4-spd,8.0,4.6
5652,Midsize Cars,Regular,Front-Wheel Drive,15.6957142857143,Chevrolet,Automatic 4-spd,6.0,3.1
5653,Midsize Cars,Regular,Front-Wheel Drive,15.6957142857143,Chevrolet,Automatic 4-spd,6.0,3.8
5654,Midsize Cars,Regular,Front-Wheel Drive,14.3308695652174,Chevrolet,Automatic 4-spd,4.0,2.4
5655,Midsize Cars,Regular,Front-Wheel Drive,15.6957142857143,Chevrolet,Automatic 4-spd,6.0,3.1
5656,Small Pickup Trucks,Regular,4-Wheel or All-Wheel Drive,20.600625,Jeep,Automatic 3-spd,6.0,4.2
5657,Midsize Cars,Regular,Front-Wheel Drive,16.4805,Chrysler,Automatic 4-spd,6.0,2.5
5658,Midsize Cars,Regular,Front-Wheel Drive,16.4805,Chrysler,Automatic 4-spd,6.0,2.5
5659,Midsize Cars,Regular,Front-Wheel Drive,15.6957142857143,Daewoo,Automatic 4-spd,4.0,2.2
5660,Midsize Cars,Regular,Front-Wheel Drive,15.6957142857143,Daewoo,Manual 5-spd,4.0,2.2
5661,Midsize Cars,Regular,Front-Wheel Drive,12.2077777777778,Dodge,Manual 5-spd,4.0,2.0
5662,Midsize Cars,Regular,Front-Wheel Drive,14.9822727272727,Dodge,Automatic 4-spd,4.0,2.4
5663,Midsize Cars,Regular,Front-Wheel Drive,16.4805,Dodge,Automatic 4-spd,6.0,2.5
5664,Midsize Cars,Regular,Front-Wheel Drive,16.4805,Dodge,Automatic 4-spd,6.0,2.5
5665,Midsize Cars,Regular,Front-Wheel Drive,16.4805,Ford,Automatic 4-spd,6.0,3.0
5666,Midsize Cars,Regular,Front-Wheel Drive,17.3478947368421,Ford,Automatic 4-spd,6.0,3.0
5667,Subcompact Cars,Regular,Rear-Wheel Drive,25.3546153846154,Jaguar,Automatic 3-spd,12.0,5.3
5668,Small Pickup Trucks,Regular,4-Wheel or All-Wheel Drive,19.3888235294118,Jeep,Manual 5-spd,6.0,4.2
5669,Midsize Cars,Regular,Front-Wheel Drive,16.4805,Ford,Automatic 4-spd,6.0,3.0
5670,Midsize Cars,Premium,Front-Wheel Drive,18.3116666666667,Ford,Automatic 4-spd,8.0,3.4
5671,Midsize Cars,Regular,Front-Wheel Drive,14.9822727272727,Honda,Automatic 4-spd,4.0,2.3
5672,Midsize Cars,Regular,Front-Wheel Drive,14.3308695652174,Honda,Automatic 4-spd,4.0,2.3
5673,Midsize Cars,Regular,Front-Wheel Drive,13.73375,Honda,Manual 5-spd,4.0,2.3
5674,Midsize Cars,Regular,Front-Wheel Drive,13.73375,Honda,Manual 5-spd,4.0,2.3
5675,Midsize Cars,Regular,Front-Wheel Drive,15.6957142857143,Honda,Automatic 4-spd,6.0,3.0
5676,Midsize Cars,Regular,Front-Wheel Drive,15.6957142857143,Hyundai,Automatic 4-spd,4.0,2.4
5677,Midsize Cars,Regular,Front-Wheel Drive,14.9822727272727,Hyundai,Manual 5-spd,4.0,2.4
5678,Midsize Cars,Regular,Front-Wheel Drive,15.6957142857143,Hyundai,Automatic 4-spd,6.0,2.5
5679,Small Pickup Trucks,Diesel,4-Wheel or All-Wheel Drive,16.6167391304348,Mitsubishi,Manual 5-spd,4.0,2.3
5680,Midsize Cars,Regular,Front-Wheel Drive,15.6957142857143,Hyundai,Manual 5-spd,6.0,2.5
5681,Midsize Cars,Regular,Front-Wheel Drive,15.6957142857143,Infiniti,Automatic 4-spd,6.0,3.0
5682,Midsize Cars,Regular,Front-Wheel Drive,15.6957142857143,Infiniti,Manual 5-spd,6.0,3.0
5683,Midsize Cars,Premium,Rear-Wheel Drive,18.3116666666667,Infiniti,Automatic 4-spd,8.0,4.1
5684,Midsize Cars,Premium,Rear-Wheel Drive,19.3888235294118,Jaguar,Automatic 5-spd,8.0,4.0
5685,Midsize Cars,Premium,Rear-Wheel Drive,20.600625,Jaguar,Automatic 5-spd,8.0,4.0
5686,Midsize Cars,Premium,Rear-Wheel Drive,18.3116666666667,Jaguar,Automatic 5-spd,8.0,4.0
5687,Midsize Cars,Premium,Rear-Wheel Drive,16.4805,Lexus,Automatic 5-spd,6.0,3.0
5688,Midsize Cars,Premium,Rear-Wheel Drive,18.3116666666667,Lexus,Automatic 5-spd,8.0,4.0
5689,Midsize Cars,Premium,Rear-Wheel Drive,17.3478947368421,Lexus,Automatic 5-spd,8.0,4.0
5690,Standard Pickup Trucks,Regular,Rear-Wheel Drive,20.600625,Chevrolet,Automatic 4-spd,6.0,4.3
5691,Midsize Cars,Regular,Front-Wheel Drive,16.4805,Mercury,Automatic 4-spd,6.0,3.0
5692,Midsize Cars,Regular,Front-Wheel Drive,17.3478947368421,Mercury,Automatic 4-spd,6.0,3.0
5693,Midsize Cars,Regular,Front-Wheel Drive,14.9822727272727,Mazda,Automatic 4-spd,4.0,2.0
5694,Midsize Cars,Regular,Front-Wheel Drive,12.6773076923077,Mazda,Manual 5-spd,4.0,2.0
5695,Midsize Cars,Premium,Front-Wheel Drive,16.4805,Mazda,Automatic 4-spd,6.0,2.5
5696,Midsize Cars,Premium,Front-Wheel Drive,15.6957142857143,Mazda,Manual 5-spd,6.0,2.5
5697,Midsize Cars,Diesel,Rear-Wheel Drive,14.6994230769231,Mercedes-Benz,Automatic 5-spd,6.0,3.0
5698,Midsize Cars,Premium,Rear-Wheel Drive,15.6957142857143,Mercedes-Benz,Automatic 5-spd,6.0,3.2
5699,Midsize Cars,Premium,4-Wheel or All-Wheel Drive,15.6957142857143,Mercedes-Benz,Automatic 5-spd,6.0,3.2
5700,Midsize Cars,Premium,Rear-Wheel Drive,17.3478947368421,Mercedes-Benz,Automatic 5-spd,8.0,4.3
5701,Standard Pickup Trucks,Regular,Rear-Wheel Drive,20.600625,Chevrolet,Manual 3-spd,6.0,4.3
5702,Midsize Cars,Premium,Front-Wheel Drive,18.3116666666667,Mitsubishi,Automatic 4-spd,6.0,3.5
5703,Midsize Cars,Regular,Front-Wheel Drive,15.6957142857143,Mitsubishi,Automatic 4-spd,4.0,2.4
5704,Midsize Cars,Regular,Front-Wheel Drive,14.3308695652174,Mitsubishi,Manual 5-spd,4.0,2.4
5705,Midsize Cars,Regular,Front-Wheel Drive,16.4805,Mitsubishi,Automatic 4-spd,6.0,3.0
5706,Midsize Cars,Regular,Front-Wheel Drive,15.6957142857143,Nissan,Automatic 4-spd,6.0,3.0
5707,Midsize Cars,Regular,Front-Wheel Drive,15.6957142857143,Nissan,Manual 5-spd,6.0,3.0
5708,Midsize Cars,Premium,Front-Wheel Drive,18.3116666666667,Oldsmobile,Automatic 4-spd,8.0,4.0
5709,Midsize Cars,Regular,Front-Wheel Drive,14.3308695652174,Oldsmobile,Automatic 4-spd,4.0,2.4
5710,Midsize Cars,Regular,Front-Wheel Drive,15.6957142857143,Oldsmobile,Automatic 4-spd,6.0,3.1
5711,Midsize Cars,Regular,Front-Wheel Drive,17.3478947368421,Oldsmobile,Automatic 4-spd,6.0,3.5
5712,Standard Pickup Trucks,Regular,Rear-Wheel Drive,20.600625,Chevrolet,Manual 4-spd,6.0,4.3
5713,Midsize Cars,Regular,Front-Wheel Drive,15.6957142857143,Oldsmobile,Automatic 4-spd,6.0,3.8
5714,Midsize Cars,Regular,Front-Wheel Drive,14.3308695652174,Plymouth,Automatic 4-spd,4.0,2.0
5715,Midsize Cars,Regular,Front-Wheel Drive,12.2077777777778,Plymouth,Manual 5-spd,4.0,2.0
5716,Midsize Cars,Regular,Front-Wheel Drive,14.9822727272727,Plymouth,Automatic 4-spd,4.0,2.4
5717,Midsize Cars,Regular,Front-Wheel Drive,15.6957142857143,Pontiac,Automatic 4-spd,6.0,3.1
5718,Midsize Cars,Regular,Front-Wheel Drive,15.6957142857143,Pontiac,Automatic 4-spd,6.0,3.8
5719,Midsize Cars,Premium,Front-Wheel Drive,17.3478947368421,Pontiac,Automatic 4-spd,6.0,3.8
5720,Midsize Cars,Premium,Rear-Wheel Drive,25.3546153846154,Rolls-Royce,Automatic 5-spd,12.0,5.4
5721,Midsize Cars,Premium,Rear-Wheel Drive,27.4675,Rolls-Royce,Automatic 4-spd,8.0,6.8
5722,Midsize Cars,Regular,Front-Wheel Drive,17.3478947368421,Saab,Automatic 4-spd,4.0,2.0
5723,Standard Pickup Trucks,Regular,Rear-Wheel Drive,23.5435714285714,Chevrolet,Automatic 4-spd,8.0,5.0
5724,Midsize Cars,Regular,Front-Wheel Drive,15.6957142857143,Saab,Manual 5-spd,4.0,2.0
5725,Midsize Cars,Premium,Front-Wheel Drive,16.4805,Saab,Manual 5-spd,4.0,2.0
5726,Midsize Cars,Regular,Front-Wheel Drive,17.3478947368421,Saab,Automatic 4-spd,4.0,2.3
5727,Midsize Cars,Regular,Front-Wheel Drive,14.9822727272727,Saab,Manual 5-spd,4.0,2.3
5728,Midsize Cars,Regular,Front-Wheel Drive,17.3478947368421,Saab,Automatic 4-spd,6.0,3.0
5729,Midsize Cars,Regular,Front-Wheel Drive,14.3308695652174,Toyota,Automatic 4-spd,4.0,2.2
5730,Midsize Cars,Regular,Front-Wheel Drive,13.73375,Toyota,Manual 5-spd,4.0,2.2
5731,Midsize Cars,Regular,Front-Wheel Drive,16.4805,Toyota,Automatic 4-spd,6.0,3.0
5732,Midsize Cars,Regular,Front-Wheel Drive,15.6957142857143,Toyota,Manual 5-spd,6.0,3.0
5733,Midsize Cars,Premium,Front-Wheel Drive,14.9822727272727,Volkswagen,Automatic 5-spd,4.0,1.8
5734,Standard Pickup Trucks,Diesel,Rear-Wheel Drive,20.115,Chevrolet,Manual 4-spd,8.0,6.2
5735,Midsize Cars,Premium,Front-Wheel Drive,13.73375,Volkswagen,Manual 5-spd,4.0,1.8
5736,Midsize Cars,Premium,Front-Wheel Drive,17.3478947368421,Volkswagen,Automatic 5-spd,6.0,2.8
5737,Midsize Cars,Premium,Front-Wheel Drive,15.6957142857143,Volkswagen,Manual 5-spd,6.0,2.8
5738,Midsize Cars,Premium,4-Wheel or All-Wheel Drive,18.3116666666667,Volkswagen,Automatic 5-spd,6.0,2.8
5739,Midsize Cars,Premium,Front-Wheel Drive,16.4805,Volvo,Automatic 4-spd,5.0,2.3
5740,Midsize Cars,Premium,Front-Wheel Drive,16.4805,Volvo,Manual 5-spd,5.0,2.3
5741,Midsize Cars,Premium,Front-Wheel Drive,16.4805,Volvo,Automatic 4-spd,5.0,2.4
5742,Midsize Cars,Premium,Front-Wheel Drive,15.6957142857143,Volvo,Automatic 4-spd,5.0,2.4
5743,Midsize Cars,Premium,Front-Wheel Drive,15.6957142857143,Volvo,Manual 5-spd,5.0,2.4
5744,Midsize Cars,Premium,4-Wheel or All-Wheel Drive,17.3478947368421,Volvo,Automatic 4-spd,5.0,2.3
5745,Standard Pickup Trucks,Regular,Rear-Wheel Drive,27.4675,Chevrolet,Automatic 4-spd,8.0,5.7
5746,Midsize Cars,Premium,4-Wheel or All-Wheel Drive,17.3478947368421,Volvo,Automatic 4-spd,5.0,2.4
5747,Midsize Cars,Premium,Front-Wheel Drive,17.3478947368421,Volvo,Automatic 4-spd,6.0,2.8
5748,Midsize Cars,Premium,Front-Wheel Drive,16.4805,Volvo,Automatic 4-spd,6.0,2.9
5749,Large Cars,Premium,Rear-Wheel Drive,29.9645454545455,Bentley,Automatic 4-spd,8.0,6.8
5750,Large Cars,Regular,Rear-Wheel Drive,18.3116666666667,BMW,Automatic 5-spd,8.0,4.4
5751,Large Cars,Regular,Rear-Wheel Drive,23.5435714285714,BMW,Automatic 5-spd,12.0,5.4
5752,Large Cars,Regular,Front-Wheel Drive,15.6957142857143,Buick,Automatic 4-spd,6.0,3.8
5753,Large Cars,Premium,Front-Wheel Drive,17.3478947368421,Buick,Automatic 4-spd,6.0,3.8
5754,Large Cars,Regular,Front-Wheel Drive,16.4805,Buick,Automatic 4-spd,6.0,3.8
5755,Large Cars,Premium,Front-Wheel Drive,18.3116666666667,Cadillac,Automatic 4-spd,8.0,4.6
5756,Standard Pickup Trucks,Diesel,Rear-Wheel Drive,22.4814705882353,Chevrolet,Automatic 4-spd,8.0,6.2
5757,Large Cars,Premium,Front-Wheel Drive,18.3116666666667,Cadillac,Automatic 4-spd,8.0,4.6
5758,Large Cars,Premium,Front-Wheel Drive,18.3116666666667,Cadillac,Automatic 4-spd,8.0,4.6
5759,Large Cars,Regular,Front-Wheel Drive,17.3478947368421,Chrysler,Automatic 4-spd,6.0,3.5
5760,Large Cars,Regular,Front-Wheel Drive,14.9822727272727,Chrysler,Automatic 4-spd,6.0,2.7
5761,Large Cars,Regular,Front-Wheel Drive,16.4805,Chrysler,Automatic 4-spd,6.0,3.2
5762,Large Cars,Regular,Front-Wheel Drive,17.3478947368421,Chrysler,Automatic 4-spd,6.0,3.5
5763,Large Cars,Regular,Front-Wheel Drive,14.9822727272727,Dodge,Automatic 4-spd,6.0,2.7
5764,Large Cars,Regular,Front-Wheel Drive,17.3478947368421,Dodge,Automatic 4-spd,6.0,3.2
5765,Large Cars,CNG,Rear-Wheel Drive,0.124,Ford,Automatic 4-spd,8.0,4.6
5766,Large Cars,Regular,Rear-Wheel Drive,18.3116666666667,Ford,Automatic 4-spd,8.0,4.6
5767,Standard Pickup Trucks,Regular,Rear-Wheel Drive,19.3888235294118,Chevrolet,Automatic 3-spd,6.0,4.3
5768,Large Cars,Premium,Front-Wheel Drive,18.3116666666667,Lincoln,Automatic 4-spd,8.0,4.6
5769,Large Cars,Regular,Rear-Wheel Drive,18.3116666666667,Mercury,Automatic 4-spd,8.0,4.6
5770,Large Cars,Regular,Rear-Wheel Drive,18.3116666666667,Lincoln,Automatic 4-spd,8.0,4.6
5771,Large Cars,Premium,Rear-Wheel Drive,18.3116666666667,Mercedes-Benz,Automatic 5-spd,6.0,3.2
5772,Large Cars,Premium,Rear-Wheel Drive,18.3116666666667,Mercedes-Benz,Automatic 5-spd,6.0,3.2
5773,Large Cars,Premium,Rear-Wheel Drive,20.600625,Mercedes-Benz,Automatic 5-spd,8.0,4.2
5774,Large Cars,Premium,Rear-Wheel Drive,20.600625,Mercedes-Benz,Automatic 5-spd,8.0,5.0
5775,Large Cars,Premium,Rear-Wheel Drive,25.3546153846154,Mercedes-Benz,Automatic 5-spd,12.0,6.0
5776,Large Cars,Premium,Front-Wheel Drive,17.3478947368421,Oldsmobile,Automatic 4-spd,6.0,3.8
5777,Large Cars,Regular,Front-Wheel Drive,16.4805,Oldsmobile,Automatic 4-spd,6.0,3.8
5778,Subcompact Cars,Regular,Rear-Wheel Drive,21.974,Jaguar,Automatic 3-spd,6.0,4.2
5779,Standard Pickup Trucks,Regular,Rear-Wheel Drive,18.3116666666667,Chevrolet,Automatic 4-spd,6.0,4.3
5780,Large Cars,Regular,Front-Wheel Drive,16.4805,Pontiac,Automatic 4-spd,6.0,3.8
5781,Large Cars,Premium,Front-Wheel Drive,17.3478947368421,Pontiac,Automatic 4-spd,6.0,3.8
5782,Large Cars,Premium,Rear-Wheel Drive,29.9645454545455,Rolls-Royce,Automatic 4-spd,8.0,6.8
5783,Large Cars,Regular,Front-Wheel Drive,14.9822727272727,Toyota,Automatic 4-spd,6.0,3.0
5784,Small Station Wagons,Premium,4-Wheel or All-Wheel Drive,17.3478947368421,Audi,Automatic 5-spd,4.0,1.8
5785,Small Station Wagons,Premium,4-Wheel or All-Wheel Drive,14.9822727272727,Audi,Manual 5-spd,4.0,1.8
5786,Small Station Wagons,Premium,4-Wheel or All-Wheel Drive,17.3478947368421,Audi,Automatic 5-spd,6.0,2.8
5787,Small Station Wagons,Premium,4-Wheel or All-Wheel Drive,16.4805,Audi,Manual 5-spd,6.0,2.8
5788,Small Station Wagons,Regular,Rear-Wheel Drive,17.3478947368421,BMW,Automatic 4-spd,6.0,2.8
5789,Small Station Wagons,Regular,Rear-Wheel Drive,17.3478947368421,BMW,Manual 5-spd,6.0,2.8
5790,Standard Pickup Trucks,Regular,Rear-Wheel Drive,20.600625,Chevrolet,Automatic 4-spd,8.0,5.0
5791,Small Station Wagons,Regular,Rear-Wheel Drive,20.600625,BMW,Automatic 5-spd,8.0,4.4
5792,Small Station Wagons,Regular,Front-Wheel Drive,14.9822727272727,Daewoo,Automatic 4-spd,4.0,2.0
5793,Small Station Wagons,Regular,Front-Wheel Drive,14.3308695652174,Daewoo,Manual 5-spd,4.0,2.0
5794,Small Station Wagons,Regular,Front-Wheel Drive,13.1844,Ford,Automatic 4-spd,4.0,2.0
5795,Small Station Wagons,Regular,Front-Wheel Drive,11.7717857142857,Ford,Manual 5-spd,4.0,2.0
5796,Small Station Wagons,Regular,Front-Wheel Drive,14.9822727272727,Hyundai,Automatic 4-spd,4.0,2.0
5797,Small Station Wagons,Regular,Front-Wheel Drive,13.73375,Hyundai,Manual 5-spd,4.0,2.0
5798,Small Station Wagons,Regular,Front-Wheel Drive,13.1844,Mercury,Automatic 4-spd,4.0,2.0
5799,Small Station Wagons,Regular,Front-Wheel Drive,11.7717857142857,Mercury,Manual 5-spd,4.0,2.0
5800,Small Station Wagons,Regular,Front-Wheel Drive,12.6773076923077,Saturn,Automatic 4-spd,4.0,1.9
5801,Standard Pickup Trucks,Regular,Rear-Wheel Drive,23.5435714285714,Dodge,Automatic 3-spd,6.0,3.7
5802,Small Station Wagons,Regular,Front-Wheel Drive,12.6773076923077,Saturn,Automatic 4-spd,4.0,1.9
5803,Small Station Wagons,Regular,Front-Wheel Drive,12.2077777777778,Saturn,Manual 5-spd,4.0,1.9
5804,Small Station Wagons,Regular,Front-Wheel Drive,11.7717857142857,Saturn,Manual 5-spd,4.0,1.9
5805,Small Station Wagons,Regular,4-Wheel or All-Wheel Drive,14.9822727272727,Subaru,Automatic 4-spd,4.0,2.2
5806,Small Station Wagons,Regular,4-Wheel or All-Wheel Drive,14.9822727272727,Subaru,Manual 5-spd,4.0,2.2
5807,Small Station Wagons,Regular,Front-Wheel Drive,12.6773076923077,Suzuki,Automatic 4-spd,4.0,1.6
5808,Small Station Wagons,Regular,Front-Wheel Drive,11.7717857142857,Suzuki,Manual 5-spd,4.0,1.6
5809,Midsize Station Wagons,Premium,4-Wheel or All-Wheel Drive,18.3116666666667,Audi,Automatic 5-spd,6.0,2.8
5810,Midsize Station Wagons,Regular,Front-Wheel Drive,17.3478947368421,Ford,Automatic 4-spd,6.0,3.0
5811,Midsize Station Wagons,Regular,Front-Wheel Drive,17.3478947368421,Ford,Automatic 4-spd,6.0,3.0
5812,Standard Pickup Trucks,Regular,Rear-Wheel Drive,21.974,Dodge,Manual 4-spd,6.0,3.7
5813,Midsize Station Wagons,Regular,Front-Wheel Drive,15.6957142857143,Isuzu,Automatic 4-spd,4.0,2.3
5814,Midsize Station Wagons,Regular,Front-Wheel Drive,17.3478947368421,Lexus,Automatic 4-spd,6.0,3.0
5815,Midsize Station Wagons,Regular,4-Wheel or All-Wheel Drive,18.3116666666667,Lexus,Automatic 4-spd,6.0,3.0
5816,Midsize Station Wagons,Regular,Front-Wheel Drive,17.3478947368421,Mercury,Automatic 4-spd,6.0,3.0
5817,Midsize Station Wagons,Regular,Front-Wheel Drive,16.4805,Mercury,Automatic 4-spd,6.0,3.0
5818,Midsize Station Wagons,Premium,Rear-Wheel Drive,15.6957142857143,Mercedes-Benz,Automatic 5-spd,6.0,3.2
5819,Midsize Station Wagons,Premium,4-Wheel or All-Wheel Drive,16.4805,Mercedes-Benz,Automatic 5-spd,6.0,3.2
5820,Midsize Station Wagons,Regular,4-Wheel or All-Wheel Drive,14.9822727272727,Subaru,Automatic 4-spd,4.0,2.2
5821,Midsize Station Wagons,Regular,4-Wheel or All-Wheel Drive,14.9822727272727,Subaru,Manual 5-spd,4.0,2.2
5822,Midsize Station Wagons,Regular,4-Wheel or All-Wheel Drive,15.6957142857143,Subaru,Automatic 4-spd,4.0,2.5
5823,Standard Pickup Trucks,Regular,Rear-Wheel Drive,25.3546153846154,Dodge,Automatic 3-spd,8.0,5.2
5824,Midsize Station Wagons,Regular,4-Wheel or All-Wheel Drive,15.6957142857143,Subaru,Manual 5-spd,4.0,2.5
5825,Midsize Station Wagons,Premium,Front-Wheel Drive,14.9822727272727,Volkswagen,Automatic 5-spd,4.0,1.8
5826,Midsize Station Wagons,Premium,Front-Wheel Drive,13.73375,Volkswagen,Manual 5-spd,4.0,1.8
5827,Midsize Station Wagons,Premium,Front-Wheel Drive,17.3478947368421,Volkswagen,Automatic 5-spd,6.0,2.8
5828,Midsize Station Wagons,Premium,Front-Wheel Drive,15.6957142857143,Volkswagen,Manual 5-spd,6.0,2.8
5829,Midsize Station Wagons,Premium,4-Wheel or All-Wheel Drive,18.3116666666667,Volkswagen,Automatic 5-spd,6.0,2.8
5830,Midsize Station Wagons,Premium,Front-Wheel Drive,16.4805,Volvo,Automatic 4-spd,5.0,2.3
5831,Midsize Station Wagons,Premium,Front-Wheel Drive,16.4805,Volvo,Manual 5-spd,5.0,2.3
5832,Midsize Station Wagons,Premium,Front-Wheel Drive,16.4805,Volvo,Automatic 4-spd,5.0,2.4
5833,Midsize Station Wagons,Premium,Front-Wheel Drive,15.6957142857143,Volvo,Automatic 4-spd,5.0,2.4
5834,Standard Pickup Trucks,Regular,Rear-Wheel Drive,20.600625,Ford,Automatic 4-spd,6.0,4.9
5835,Midsize Station Wagons,Premium,Front-Wheel Drive,15.6957142857143,Volvo,Manual 5-spd,5.0,2.4
5836,Midsize Station Wagons,Premium,4-Wheel or All-Wheel Drive,17.3478947368421,Volvo,Automatic 4-spd,5.0,2.3
5837,Midsize Station Wagons,Premium,4-Wheel or All-Wheel Drive,17.3478947368421,Volvo,Automatic 4-spd,5.0,2.4
5838,Small Pickup Trucks 2WD,Regular,Rear-Wheel Drive,17.3478947368421,Chevrolet,Automatic 4-spd,4.0,2.2
5839,Small Pickup Trucks 2WD,Regular,Rear-Wheel Drive,14.3308695652174,Chevrolet,Manual 5-spd,4.0,2.2
5840,Small Pickup Trucks 2WD,Regular,Rear-Wheel Drive,19.3888235294118,Chevrolet,Automatic 4-spd,6.0,4.3
5841,Small Pickup Trucks 2WD,Regular,Rear-Wheel Drive,18.3116666666667,Chevrolet,Manual 5-spd,6.0,4.3
5842,Small Pickup Trucks 2WD,Regular,Rear-Wheel Drive,17.3478947368421,GMC,Automatic 4-spd,4.0,2.2
5843,Small Pickup Trucks 2WD,Regular,Rear-Wheel Drive,14.3308695652174,GMC,Manual 5-spd,4.0,2.2
5844,Small Pickup Trucks 2WD,Regular,Rear-Wheel Drive,19.3888235294118,GMC,Automatic 4-spd,6.0,4.3
5845,Standard Pickup Trucks,Regular,Rear-Wheel Drive,20.600625,Ford,Manual 3-spd,6.0,4.9
5846,Small Pickup Trucks 2WD,Regular,Rear-Wheel Drive,18.3116666666667,GMC,Manual 5-spd,6.0,4.3
5847,Small Pickup Trucks 2WD,Regular,Rear-Wheel Drive,17.3478947368421,Isuzu,Automatic 4-spd,4.0,2.2
5848,Small Pickup Trucks 2WD,Regular,Rear-Wheel Drive,14.3308695652174,Isuzu,Manual 5-spd,4.0,2.2
5849,Small Pickup Trucks 2WD,Regular,Rear-Wheel Drive,20.600625,Isuzu,Automatic 4-spd,6.0,4.3
5850,Small Pickup Trucks 2WD,Regular,Rear-Wheel Drive,19.3888235294118,Isuzu,Manual 5-spd,6.0,4.3
5851,Standard Pickup Trucks 2WD,Regular,Rear-Wheel Drive,21.974,Chevrolet,Automatic 4-spd,8.0,5.0
5852,Standard Pickup Trucks 2WD,Regular,Rear-Wheel Drive,23.5435714285714,Chevrolet,Automatic 4-spd,8.0,5.7
5853,Standard Pickup Trucks 2WD,Regular,Rear-Wheel Drive,20.600625,Chevrolet,Automatic 4-spd,6.0,4.3
5854,Standard Pickup Trucks 2WD,Regular,Rear-Wheel Drive,19.3888235294118,Chevrolet,Manual 5-spd,6.0,4.3
5855,Standard Pickup Trucks 2WD,Regular,Rear-Wheel Drive,20.600625,Chevrolet,Automatic 4-spd,8.0,4.8
5856,Standard Pickup Trucks,Regular,Rear-Wheel Drive,19.3888235294118,Ford,Manual 4-spd,6.0,4.9
5857,Standard Pickup Trucks 2WD,Regular,Rear-Wheel Drive,20.600625,Chevrolet,Manual 5-spd,8.0,4.8
5858,Standard Pickup Trucks 2WD,Regular,Rear-Wheel Drive,20.600625,Chevrolet,Automatic 4-spd,8.0,5.3
5859,Standard Pickup Trucks 2WD,Regular,Rear-Wheel Drive,21.974,Chevrolet,Automatic 4-spd,8.0,5.3
5860,Standard Pickup Trucks 2WD,Regular,Rear-Wheel Drive,27.4675,Chevrolet,Automatic 4-spd,8.0,6.0
5861,Standard Pickup Trucks 2WD,Regular,Rear-Wheel Drive,17.3478947368421,Dodge,Manual 5-spd,4.0,2.5
5862,Standard Pickup Trucks 2WD,Regular,Rear-Wheel Drive,20.600625,Dodge,Automatic 4-spd,6.0,3.9
5863,Standard Pickup Trucks 2WD,Regular,Rear-Wheel Drive,19.3888235294118,Dodge,Manual 5-spd,6.0,3.9
5864,Standard Pickup Trucks 2WD,Regular,Rear-Wheel Drive,23.5435714285714,Dodge,Automatic 4-spd,8.0,5.2
5865,Standard Pickup Trucks 2WD,Regular,Rear-Wheel Drive,23.5435714285714,Dodge,Manual 5-spd,8.0,5.2
5866,Standard Pickup Trucks 2WD,Regular,Rear-Wheel Drive,25.3546153846154,Dodge,Automatic 4-spd,8.0,5.9
5867,Standard Pickup Trucks,Regular,Rear-Wheel Drive,29.9645454545455,Ford,Automatic 3-spd,8.0,5.8
5868,Standard Pickup Trucks 2WD,Regular,Rear-Wheel Drive,21.974,Dodge,Automatic 4-spd,6.0,3.9
5869,Standard Pickup Trucks 2WD,Regular,Rear-Wheel Drive,20.600625,Dodge,Manual 5-spd,6.0,3.9
5870,Standard Pickup Trucks 2WD,Regular,Rear-Wheel Drive,23.5435714285714,Dodge,Automatic 4-spd,8.0,5.2
5871,Standard Pickup Trucks 2WD,Regular,Rear-Wheel Drive,23.5435714285714,Dodge,Manual 5-spd,8.0,5.2
5872,Standard Pickup Trucks 2WD,Regular,Rear-Wheel Drive,25.3546153846154,Dodge,Automatic 4-spd,8.0,5.9
5873,Standard Pickup Trucks 2WD,Regular,Rear-Wheel Drive,20.600625,Ford,Automatic 4-spd,6.0,4.2
5874,Standard Pickup Trucks 2WD,Regular,Rear-Wheel Drive,19.3888235294118,Ford,Manual 5-spd,6.0,4.2
5875,Standard Pickup Trucks 2WD,Regular,Rear-Wheel Drive,21.974,Ford,Automatic 4-spd,8.0,4.6
5876,Standard Pickup Trucks 2WD,Regular,Rear-Wheel Drive,23.5435714285714,Ford,Manual 5-spd,8.0,4.6
5877,Standard Pickup Trucks 2WD,Regular,Rear-Wheel Drive,23.5435714285714,Ford,Automatic 4-spd,8.0,5.4
5878,Standard Pickup Trucks,Regular,Rear-Wheel Drive,23.5435714285714,Ford,Automatic 3-spd,6.0,4.9
5879,Standard Pickup Trucks 2WD,Regular,Rear-Wheel Drive,23.5435714285714,Ford,Automatic 4-spd,8.0,4.6
5880,Standard Pickup Trucks 2WD,Regular,Rear-Wheel Drive,23.5435714285714,Ford,Manual 5-spd,8.0,4.6
5881,Standard Pickup Trucks 2WD,Regular,Rear-Wheel Drive,23.5435714285714,Ford,Automatic 4-spd,8.0,5.4
5882,Standard Pickup Trucks 2WD,CNG,Rear-Wheel Drive,0.155,Ford,Automatic 4-spd,8.0,5.4
5883,Standard Pickup Trucks 2WD,Regular,Rear-Wheel Drive,19.3888235294118,Ford,Automatic 4-spd,6.0,3.0
5884,Standard Pickup Trucks 2WD,Regular,Rear-Wheel Drive,18.3116666666667,Ford,Manual 5-spd,6.0,3.0
5885,Standard Pickup Trucks 2WD,Regular,Rear-Wheel Drive,16.4805,Ford,Automatic 4-spd,4.0,2.5
5886,Standard Pickup Trucks 2WD,Regular,Rear-Wheel Drive,15.6957142857143,Ford,Manual 5-spd,4.0,2.5
5887,Standard Pickup Trucks 2WD,Regular,Rear-Wheel Drive,20.600625,Ford,Automatic 5-spd,6.0,4.0
5888,Standard Pickup Trucks 2WD,Regular,Rear-Wheel Drive,19.3888235294118,Ford,Manual 5-spd,6.0,4.0
5889,Subcompact Cars,Regular,Rear-Wheel Drive,16.4805,Mercury,Automatic 3-spd,4.0,2.3
5890,Standard Pickup Trucks,Regular,Rear-Wheel Drive,20.600625,Ford,Manual 3-spd,6.0,4.9
5891,Standard Pickup Trucks 2WD,Regular,Rear-Wheel Drive,20.600625,GMC,Automatic 4-spd,6.0,4.3
5892,Standard Pickup Trucks 2WD,Regular,Rear-Wheel Drive,19.3888235294118,GMC,Manual 5-spd,6.0,4.3
5893,Standard Pickup Trucks 2WD,Regular,Rear-Wheel Drive,20.600625,GMC,Automatic 4-spd,8.0,4.8
5894,Standard Pickup Trucks 2WD,Regular,Rear-Wheel Drive,20.600625,GMC,Manual 5-spd,8.0,4.8
5895,Standard Pickup Trucks 2WD,Regular,Rear-Wheel Drive,21.974,GMC,Automatic 4-spd,8.0,5.0
5896,Standard Pickup Trucks 2WD,Regular,Rear-Wheel Drive,20.600625,GMC,Automatic 4-spd,8.0,5.3
5897,Standard Pickup Trucks 2WD,Regular,Rear-Wheel Drive,23.5435714285714,GMC,Automatic 4-spd,8.0,5.7
5898,Standard Pickup Trucks 2WD,Regular,Rear-Wheel Drive,21.974,GMC,Automatic 4-spd,8.0,5.3
5899,Standard Pickup Trucks 2WD,Regular,Rear-Wheel Drive,27.4675,GMC,Automatic 4-spd,8.0,6.0
5900,Standard Pickup Trucks 2WD,Regular,Rear-Wheel Drive,16.4805,Mazda,Automatic 4-spd,4.0,2.5
5901,Standard Pickup Trucks,Regular,Rear-Wheel Drive,27.4675,Ford,Automatic 4-spd,8.0,5.0
5902,Standard Pickup Trucks 2WD,Regular,Rear-Wheel Drive,15.6957142857143,Mazda,Manual 5-spd,4.0,2.5
5903,Standard Pickup Trucks 2WD,Regular,Rear-Wheel Drive,19.3888235294118,Mazda,Automatic 4-spd,6.0,3.0
5904,Standard Pickup Trucks 2WD,Regular,Rear-Wheel Drive,18.3116666666667,Mazda,Manual 5-spd,6.0,3.0
5905,Standard Pickup Trucks 2WD,Regular,Rear-Wheel Drive,19.3888235294118,Mazda,Automatic 5-spd,6.0,4.0
5906,Standard Pickup Trucks 2WD,Regular,Rear-Wheel Drive,19.3888235294118,Mazda,Manual 5-spd,6.0,4.0
5907,Standard Pickup Trucks 2WD,Regular,Rear-Wheel Drive,17.3478947368421,Nissan,Automatic 4-spd,4.0,2.4
5908,Standard Pickup Trucks 2WD,Regular,Rear-Wheel Drive,15.6957142857143,Nissan,Manual 5-spd,4.0,2.4
5909,Standard Pickup Trucks 2WD,Regular,Rear-Wheel Drive,16.4805,Toyota,Automatic 4-spd,4.0,2.4
5910,Standard Pickup Trucks 2WD,Regular,Rear-Wheel Drive,15.6957142857143,Toyota,Manual 5-spd,4.0,2.4
5911,Standard Pickup Trucks 2WD,Regular,Rear-Wheel Drive,18.3116666666667,Toyota,Automatic 4-spd,4.0,2.7
5912,Standard Pickup Trucks,Regular,Rear-Wheel Drive,23.5435714285714,Ford,Automatic 4-spd,8.0,5.0
5913,Standard Pickup Trucks 2WD,Regular,Rear-Wheel Drive,18.3116666666667,Toyota,Automatic 4-spd,6.0,3.4
5914,Standard Pickup Trucks 2WD,Regular,Rear-Wheel Drive,17.3478947368421,Toyota,Manual 5-spd,6.0,3.4
5915,Standard Pickup Trucks 4WD,Regular,4-Wheel or All-Wheel Drive,23.5435714285714,Chevrolet,Automatic 4-spd,8.0,5.0
5916,Standard Pickup Trucks 4WD,Regular,4-Wheel or All-Wheel Drive,23.5435714285714,Chevrolet,Automatic 4-spd,8.0,5.7
5917,Standard Pickup Trucks 4WD,Regular,4-Wheel or All-Wheel Drive,20.600625,Chevrolet,Automatic 4-spd,6.0,4.3
5918,Standard Pickup Trucks 4WD,Regular,4-Wheel or All-Wheel Drive,23.5435714285714,Chevrolet,Manual 5-spd,6.0,4.3
5919,Standard Pickup Trucks 4WD,Regular,4-Wheel or All-Wheel Drive,21.974,Chevrolet,Automatic 4-spd,8.0,4.8
5920,Standard Pickup Trucks 4WD,Regular,4-Wheel or All-Wheel Drive,21.974,Chevrolet,Manual 5-spd,8.0,4.8
5921,Standard Pickup Trucks 4WD,Regular,4-Wheel or All-Wheel Drive,21.974,Chevrolet,Automatic 4-spd,8.0,5.3
5922,Standard Pickup Trucks 4WD,Regular,4-Wheel or All-Wheel Drive,20.600625,Chevrolet,Automatic 4-spd,6.0,4.3
5923,Standard Pickup Trucks,Regular,Rear-Wheel Drive,29.9645454545455,Ford,Automatic 3-spd,8.0,5.8
5924,Standard Pickup Trucks 4WD,Regular,4-Wheel or All-Wheel Drive,19.3888235294118,Chevrolet,Manual 5-spd,6.0,4.3
5925,Standard Pickup Trucks 4WD,Regular,4-Wheel or All-Wheel Drive,23.5435714285714,Dodge,Automatic 4-spd,6.0,3.9
5926,Standard Pickup Trucks 4WD,Regular,4-Wheel or All-Wheel Drive,21.974,Dodge,Manual 5-spd,6.0,3.9
5927,Standard Pickup Trucks 4WD,Regular,4-Wheel or All-Wheel Drive,25.3546153846154,Dodge,Automatic 4-spd,8.0,5.2
5928,Standard Pickup Trucks 4WD,Regular,4-Wheel or All-Wheel Drive,23.5435714285714,Dodge,Manual 5-spd,8.0,5.2
5929,Standard Pickup Trucks 4WD,Regular,4-Wheel or All-Wheel Drive,25.3546153846154,Dodge,Automatic 4-spd,8.0,5.2
5930,Standard Pickup Trucks 4WD,Regular,4-Wheel or All-Wheel Drive,25.3546153846154,Dodge,Manual 5-spd,8.0,5.2
5931,Standard Pickup Trucks 4WD,Regular,4-Wheel or All-Wheel Drive,27.4675,Dodge,Automatic 4-spd,8.0,5.9
5932,Standard Pickup Trucks 4WD,Regular,4-Wheel or All-Wheel Drive,21.974,Ford,Automatic 4-spd,6.0,4.2
5933,Standard Pickup Trucks 4WD,Regular,4-Wheel or All-Wheel Drive,21.974,Ford,Manual 5-spd,6.0,4.2
5934,Standard Pickup Trucks,Regular,Rear-Wheel Drive,19.3888235294118,GMC,Automatic 3-spd,6.0,4.3
5935,Standard Pickup Trucks 4WD,Regular,4-Wheel or All-Wheel Drive,23.5435714285714,Ford,Automatic 4-spd,8.0,4.6
5936,Standard Pickup Trucks 4WD,Regular,4-Wheel or All-Wheel Drive,23.5435714285714,Ford,Manual 5-spd,8.0,4.6
5937,Standard Pickup Trucks 4WD,Regular,4-Wheel or All-Wheel Drive,25.3546153846154,Ford,Automatic 4-spd,8.0,5.4
5938,Standard Pickup Trucks 4WD,Regular,4-Wheel or All-Wheel Drive,25.3546153846154,Ford,Automatic 4-spd,8.0,4.6
5939,Standard Pickup Trucks 4WD,Regular,4-Wheel or All-Wheel Drive,25.3546153846154,Ford,Manual 5-spd,8.0,4.6
5940,Standard Pickup Trucks 4WD,Regular,4-Wheel or All-Wheel Drive,27.4675,Ford,Automatic 4-spd,8.0,5.4
5941,Standard Pickup Trucks 4WD,Regular,4-Wheel or All-Wheel Drive,21.974,Ford,Automatic 4-spd,6.0,3.0
5942,Standard Pickup Trucks 4WD,Regular,4-Wheel or All-Wheel Drive,19.3888235294118,Ford,Manual 5-spd,6.0,3.0
5943,Standard Pickup Trucks 4WD,Regular,4-Wheel or All-Wheel Drive,20.600625,Ford,Automatic 5-spd,6.0,4.0
5944,Standard Pickup Trucks 4WD,Regular,4-Wheel or All-Wheel Drive,20.600625,Ford,Manual 5-spd,6.0,4.0
5945,Standard Pickup Trucks,Regular,Rear-Wheel Drive,18.3116666666667,GMC,Automatic 4-spd,6.0,4.3
5946,Standard Pickup Trucks 4WD,Regular,4-Wheel or All-Wheel Drive,20.600625,GMC,Automatic 4-spd,6.0,4.3
5947,Standard Pickup Trucks 4WD,Regular,4-Wheel or All-Wheel Drive,23.5435714285714,GMC,Manual 5-spd,6.0,4.3
5948,Standard Pickup Trucks 4WD,Regular,4-Wheel or All-Wheel Drive,21.974,GMC,Automatic 4-spd,8.0,4.8
5949,Standard Pickup Trucks 4WD,Regular,4-Wheel or All-Wheel Drive,21.974,GMC,Manual 5-spd,8.0,4.8
5950,Standard Pickup Trucks 4WD,Regular,4-Wheel or All-Wheel Drive,23.5435714285714,GMC,Automatic 4-spd,8.0,5.0
5951,Standard Pickup Trucks 4WD,Regular,4-Wheel or All-Wheel Drive,23.5435714285714,GMC,Automatic 4-spd,8.0,5.3
5952,Standard Pickup Trucks 4WD,Regular,4-Wheel or All-Wheel Drive,23.5435714285714,GMC,Automatic 4-spd,8.0,5.7
5953,Standard Pickup Trucks 4WD,Regular,4-Wheel or All-Wheel Drive,20.600625,GMC,Automatic 4-spd,6.0,4.3
5954,Standard Pickup Trucks 4WD,Regular,4-Wheel or All-Wheel Drive,19.3888235294118,GMC,Manual 5-spd,6.0,4.3
5955,Standard Pickup Trucks 4WD,Regular,4-Wheel or All-Wheel Drive,20.600625,Isuzu,Automatic 4-spd,6.0,4.3
5956,Standard Pickup Trucks,Regular,Rear-Wheel Drive,20.600625,GMC,Automatic 4-spd,8.0,5.0
5957,Standard Pickup Trucks 4WD,Regular,4-Wheel or All-Wheel Drive,19.3888235294118,Isuzu,Manual 5-spd,6.0,4.3
5958,Standard Pickup Trucks 4WD,Regular,4-Wheel or All-Wheel Drive,21.974,Mazda,Automatic 4-spd,6.0,3.0
5959,Standard Pickup Trucks 4WD,Regular,4-Wheel or All-Wheel Drive,19.3888235294118,Mazda,Manual 5-spd,6.0,3.0
5960,Standard Pickup Trucks 4WD,Regular,4-Wheel or All-Wheel Drive,20.600625,Mazda,Automatic 5-spd,6.0,4.0
5961,Standard Pickup Trucks 4WD,Regular,4-Wheel or All-Wheel Drive,20.600625,Mazda,Manual 5-spd,6.0,4.0
5962,Standard Pickup Trucks 4WD,Regular,4-Wheel or All-Wheel Drive,19.3888235294118,Nissan,Manual 5-spd,4.0,2.4
5963,Standard Pickup Trucks 4WD,Regular,4-Wheel or All-Wheel Drive,21.974,Nissan,Automatic 4-spd,6.0,3.3
5964,Standard Pickup Trucks 4WD,Regular,4-Wheel or All-Wheel Drive,20.600625,Nissan,Manual 5-spd,6.0,3.3
5965,Standard Pickup Trucks 4WD,Regular,4-Wheel or All-Wheel Drive,19.3888235294118,Toyota,Automatic 4-spd,4.0,2.7
5966,Standard Pickup Trucks 4WD,Regular,4-Wheel or All-Wheel Drive,19.3888235294118,Toyota,Manual 5-spd,4.0,2.7
5967,Standard Pickup Trucks,Regular,Rear-Wheel Drive,20.600625,GMC,Automatic 4-spd,6.0,4.3
5968,Standard Pickup Trucks 4WD,Regular,4-Wheel or All-Wheel Drive,19.3888235294118,Toyota,Automatic 4-spd,6.0,3.4
5969,Standard Pickup Trucks 4WD,Regular,4-Wheel or All-Wheel Drive,20.600625,Toyota,Manual 5-spd,6.0,3.4
5970,"Vans, Cargo Type",Regular,Rear-Wheel Drive,20.600625,Chevrolet,Automatic 4-spd,6.0,4.3
5971,"Vans, Cargo Type",Regular,4-Wheel or All-Wheel Drive,20.600625,Chevrolet,Automatic 4-spd,6.0,4.3
5972,"Vans, Cargo Type",Regular,Rear-Wheel Drive,21.974,Chevrolet,Automatic 4-spd,6.0,4.3
5973,"Vans, Cargo Type",Regular,Rear-Wheel Drive,21.974,Chevrolet,Automatic 4-spd,8.0,5.0
5974,"Vans, Cargo Type",Regular,Rear-Wheel Drive,23.5435714285714,Chevrolet,Automatic 4-spd,8.0,5.7
5975,"Vans, Cargo Type",Regular,Rear-Wheel Drive,21.974,Dodge,Automatic 3-spd,6.0,3.9
5976,"Vans, Cargo Type",Regular,Rear-Wheel Drive,23.5435714285714,Dodge,Automatic 4-spd,8.0,5.2
5977,"Vans, Cargo Type",Regular,Rear-Wheel Drive,25.3546153846154,Dodge,Automatic 4-spd,8.0,5.9
5978,Standard Pickup Trucks,Regular,Rear-Wheel Drive,20.600625,GMC,Manual 3-spd,6.0,4.3
5979,"Vans, Cargo Type",Regular,Rear-Wheel Drive,23.5435714285714,Dodge,Automatic 4-spd,8.0,5.2
5980,"Vans, Cargo Type",Regular,Rear-Wheel Drive,25.3546153846154,Dodge,Automatic 4-spd,8.0,5.9
5981,"Vans, Cargo Type",Regular,Rear-Wheel Drive,23.5435714285714,Ford,Automatic 4-spd,6.0,4.2
5982,"Vans, Cargo Type",Regular,Rear-Wheel Drive,23.5435714285714,Ford,Automatic 4-spd,8.0,4.6
5983,"Vans, Cargo Type",Regular,Rear-Wheel Drive,23.5435714285714,Ford,Automatic 4-spd,8.0,5.4
5984,"Vans, Cargo Type",Regular,Rear-Wheel Drive,23.5435714285714,Ford,Automatic 4-spd,6.0,4.2
5985,"Vans, Cargo Type",Regular,Rear-Wheel Drive,25.3546153846154,Ford,Automatic 4-spd,8.0,5.4
5986,"Vans, Cargo Type",CNG,Rear-Wheel Drive,0.155,Ford,Automatic 4-spd,8.0,5.4
5987,"Vans, Cargo Type",Regular,Rear-Wheel Drive,21.974,GMC,Automatic 4-spd,6.0,4.3
5988,"Vans, Cargo Type",Regular,Rear-Wheel Drive,21.974,GMC,Automatic 4-spd,8.0,5.0
5989,Standard Pickup Trucks,Regular,Rear-Wheel Drive,20.600625,GMC,Manual 4-spd,6.0,4.3
5990,"Vans, Cargo Type",Regular,Rear-Wheel Drive,23.5435714285714,GMC,Automatic 4-spd,8.0,5.7
5991,"Vans, Cargo Type",Regular,Rear-Wheel Drive,20.600625,GMC,Automatic 4-spd,6.0,4.3
5992,"Vans, Cargo Type",Regular,4-Wheel or All-Wheel Drive,20.600625,GMC,Automatic 4-spd,6.0,4.3
5993,"Vans, Passenger Type",Regular,Rear-Wheel Drive,20.600625,Chevrolet,Automatic 4-spd,6.0,4.3
5994,"Vans, Passenger Type",Regular,4-Wheel or All-Wheel Drive,21.974,Chevrolet,Automatic 4-spd,6.0,4.3
5995,"Vans, Passenger Type",Regular,Rear-Wheel Drive,21.974,Chevrolet,Automatic 4-spd,6.0,4.3
5996,"Vans, Passenger Type",Regular,Rear-Wheel Drive,23.5435714285714,Chevrolet,Automatic 4-spd,8.0,5.0
5997,"Vans, Passenger Type",Regular,Rear-Wheel Drive,23.5435714285714,Chevrolet,Automatic 4-spd,8.0,5.7
5998,"Vans, Passenger Type",Regular,Rear-Wheel Drive,23.5435714285714,Dodge,Automatic 3-spd,6.0,3.9
5999,"Vans, Passenger Type",Regular,Rear-Wheel Drive,23.5435714285714,Dodge,Automatic 4-spd,8.0,5.2
6000,Subcompact Cars,Regular,Rear-Wheel Drive,14.3308695652174,Mercury,Manual 4-spd,4.0,2.3
6001,Standard Pickup Trucks,Regular,Rear-Wheel Drive,23.5435714285714,GMC,Automatic 4-spd,8.0,5.0
6002,"Vans, Passenger Type",Regular,Rear-Wheel Drive,23.5435714285714,Dodge,Automatic 4-spd,8.0,5.2
6003,"Vans, Passenger Type",Regular,Rear-Wheel Drive,25.3546153846154,Dodge,Automatic 4-spd,8.0,5.9
6004,"Vans, Passenger Type",Regular,Rear-Wheel Drive,23.5435714285714,Ford,Automatic 4-spd,6.0,4.2
6005,"Vans, Passenger Type",Regular,Rear-Wheel Drive,23.5435714285714,Ford,Automatic 4-spd,8.0,4.6
6006,"Vans, Passenger Type",Regular,Rear-Wheel Drive,25.3546153846154,Ford,Automatic 4-spd,8.0,5.4
6007,"Vans, Passenger Type",Regular,Rear-Wheel Drive,21.974,GMC,Automatic 4-spd,6.0,4.3
6008,"Vans, Passenger Type",Regular,Rear-Wheel Drive,23.5435714285714,GMC,Automatic 4-spd,8.0,5.0
6009,"Vans, Passenger Type",Regular,Rear-Wheel Drive,23.5435714285714,GMC,Automatic 4-spd,8.0,5.7
6010,"Vans, Passenger Type",Regular,Rear-Wheel Drive,20.600625,GMC,Automatic 4-spd,6.0,4.3
6011,"Vans, Passenger Type",Regular,4-Wheel or All-Wheel Drive,21.974,GMC,Automatic 4-spd,6.0,4.3
6012,Standard Pickup Trucks,Diesel,Rear-Wheel Drive,20.115,GMC,Manual 4-spd,8.0,6.2
6013,Minivan - 2WD,Regular,Front-Wheel Drive,23.5435714285714,Volkswagen,Automatic 4-spd,6.0,2.8
6014,Sport Utility Vehicle - 4WD,Regular,4-Wheel or All-Wheel Drive,16.4805,Subaru,Automatic 4-spd,4.0,2.5
6015,Sport Utility Vehicle - 4WD,Regular,4-Wheel or All-Wheel Drive,15.6957142857143,Subaru,Manual 5-spd,4.0,2.5
6016,Minivan - 2WD,Regular,Front-Wheel Drive,18.3116666666667,Chevrolet,Automatic 4-spd,6.0,3.4
6017,Minivan - 2WD,Regular,Front-Wheel Drive,18.3116666666667,Chrysler,Automatic 4-spd,6.0,3.3
6018,Minivan - 2WD,Regular,Front-Wheel Drive,18.3116666666667,Chrysler,Automatic 4-spd,6.0,3.3
6019,Minivan - 2WD,Regular,Front-Wheel Drive,18.3116666666667,Chrysler,Automatic 4-spd,6.0,3.8
6020,Minivan - 2WD,Regular,Front-Wheel Drive,16.4805,Dodge,Automatic 3-spd,4.0,2.4
6021,Minivan - 2WD,Regular,Front-Wheel Drive,17.3478947368421,Dodge,Automatic 4-spd,6.0,3.0
6022,Minivan - 2WD,Regular,Front-Wheel Drive,18.3116666666667,Dodge,Automatic 4-spd,6.0,3.3
6023,Standard Pickup Trucks,Regular,Rear-Wheel Drive,27.4675,GMC,Automatic 4-spd,8.0,5.7
6024,Minivan - 2WD,Regular,Front-Wheel Drive,18.3116666666667,Dodge,Automatic 4-spd,6.0,3.3
6025,Minivan - 2WD,Regular,Front-Wheel Drive,18.3116666666667,Dodge,Automatic 4-spd,6.0,3.8
6026,Minivan - 2WD,Regular,Front-Wheel Drive,19.3888235294118,Dodge,Automatic 4-spd,6.0,3.8
6027,Minivan - 2WD,Regular,Front-Wheel Drive,19.3888235294118,Ford,Automatic 4-spd,6.0,3.0
6028,Minivan - 2WD,Regular,Front-Wheel Drive,18.3116666666667,Ford,Automatic 4-spd,6.0,3.8
6029,Minivan - 2WD,Regular,Front-Wheel Drive,19.3888235294118,Ford,Automatic 4-spd,6.0,3.0
6030,Minivan - 2WD,Regular,Front-Wheel Drive,19.3888235294118,Ford,Automatic 4-spd,6.0,3.8
6031,Minivan - 2WD,Regular,Front-Wheel Drive,17.3478947368421,Honda,Automatic 4-spd,6.0,3.5
6032,Minivan - 2WD,Regular,Front-Wheel Drive,18.3116666666667,Mercury,Automatic 4-spd,6.0,3.3
6033,Minivan - 2WD,Regular,Front-Wheel Drive,18.3116666666667,Nissan,Automatic 4-spd,6.0,3.3
6034,Standard Pickup Trucks,Diesel,Rear-Wheel Drive,22.4814705882353,GMC,Automatic 4-spd,8.0,6.2
6035,Minivan - 2WD,Regular,Front-Wheel Drive,18.3116666666667,Oldsmobile,Automatic 4-spd,6.0,3.4
6036,Minivan - 2WD,Regular,Front-Wheel Drive,16.4805,Plymouth,Automatic 3-spd,4.0,2.4
6037,Minivan - 2WD,Regular,Front-Wheel Drive,17.3478947368421,Plymouth,Automatic 4-spd,6.0,3.0
6038,Minivan - 2WD,Regular,Front-Wheel Drive,18.3116666666667,Plymouth,Automatic 4-spd,6.0,3.3
6039,Minivan - 2WD,Regular,Front-Wheel Drive,18.3116666666667,Plymouth,Automatic 4-spd,6.0,3.3
6040,Minivan - 2WD,Regular,Front-Wheel Drive,18.3116666666667,Plymouth,Automatic 4-spd,6.0,3.8
6041,Minivan - 2WD,Regular,Front-Wheel Drive,18.3116666666667,Pontiac,Automatic 4-spd,6.0,3.4
6042,Minivan - 2WD,Regular,Front-Wheel Drive,17.3478947368421,Toyota,Automatic 4-spd,6.0,3.0
6043,Minivan - 2WD,Regular,Front-Wheel Drive,21.974,Volkswagen,Automatic 4-spd,6.0,2.8
6044,Minivan - 4WD,Regular,4-Wheel or All-Wheel Drive,19.3888235294118,Chrysler,Automatic 4-spd,6.0,3.8
6045,Standard Pickup Trucks,Regular,4-Wheel or All-Wheel Drive,21.974,Chevrolet,Automatic 4-spd,6.0,4.3
6046,Minivan - 4WD,Regular,4-Wheel or All-Wheel Drive,20.600625,Dodge,Automatic 4-spd,6.0,3.8
6047,Minivan - 4WD,Regular,4-Wheel or All-Wheel Drive,19.3888235294118,Dodge,Automatic 4-spd,6.0,3.8
6048,Sport Utility Vehicle - 2WD,Regular,Rear-Wheel Drive,20.600625,Chevrolet,Automatic 4-spd,6.0,4.3
6049,Sport Utility Vehicle - 2WD,Regular,Rear-Wheel Drive,19.3888235294118,Chevrolet,Manual 5-spd,6.0,4.3
6050,Sport Utility Vehicle - 2WD,Regular,Rear-Wheel Drive,23.5435714285714,Chevrolet,Automatic 4-spd,8.0,5.7
6051,Sport Utility Vehicle - 2WD,Regular,Rear-Wheel Drive,23.5435714285714,Chevrolet,Automatic 4-spd,8.0,5.7
6052,Sport Utility Vehicle - 2WD,Regular,Rear-Wheel Drive,14.3308695652174,Chevrolet,Manual 5-spd,4.0,1.6
6053,Sport Utility Vehicle - 2WD,Regular,Rear-Wheel Drive,14.9822727272727,Chevrolet,Automatic 4-spd,4.0,2.0
6054,Sport Utility Vehicle - 2WD,Regular,Rear-Wheel Drive,15.6957142857143,Chevrolet,Manual 5-spd,4.0,2.0
6055,Sport Utility Vehicle - 2WD,Regular,Rear-Wheel Drive,14.9822727272727,Chevrolet,Automatic 4-spd,4.0,2.0
6056,Standard Pickup Trucks,Regular,4-Wheel or All-Wheel Drive,25.3546153846154,Chevrolet,Manual 4-spd,6.0,4.3
6057,Sport Utility Vehicle - 2WD,Regular,Rear-Wheel Drive,15.6957142857143,Chevrolet,Manual 5-spd,4.0,2.0
6058,Sport Utility Vehicle - 2WD,Regular,Rear-Wheel Drive,21.974,Dodge,Automatic 4-spd,6.0,3.9
6059,Sport Utility Vehicle - 2WD,Regular,Rear-Wheel Drive,23.5435714285714,Dodge,Automatic 4-spd,8.0,5.2
6060,Sport Utility Vehicle - 2WD,Regular,Rear-Wheel Drive,25.3546153846154,Dodge,Automatic 4-spd,8.0,5.9
6061,Sport Utility Vehicle - 2WD,Regular,Rear-Wheel Drive,23.5435714285714,Ford,Automatic 4-spd,8.0,4.6
6062,Sport Utility Vehicle - 2WD,Regular,Rear-Wheel Drive,25.3546153846154,Ford,Automatic 4-spd,8.0,5.4
6063,Sport Utility Vehicle - 2WD,Regular,Rear-Wheel Drive,20.600625,Ford,Automatic 5-spd,6.0,4.0
6064,Sport Utility Vehicle - 2WD,Regular,Rear-Wheel Drive,20.600625,Ford,Automatic 5-spd,6.0,4.0
6065,Sport Utility Vehicle - 2WD,Regular,Rear-Wheel Drive,18.3116666666667,Ford,Manual 5-spd,6.0,4.0
6066,Sport Utility Vehicle - 2WD,Regular,Rear-Wheel Drive,21.974,Ford,Automatic 4-spd,8.0,5.0
6067,Standard Pickup Trucks,Regular,4-Wheel or All-Wheel Drive,27.4675,Chevrolet,Automatic 4-spd,8.0,5.7
6068,Sport Utility Vehicle - 2WD,Regular,Rear-Wheel Drive,23.5435714285714,GMC,Automatic 4-spd,8.0,5.7
6069,Sport Utility Vehicle - 2WD,Regular,Rear-Wheel Drive,23.5435714285714,GMC,Automatic 4-spd,8.0,5.7
6070,Sport Utility Vehicle - 2WD,Regular,Rear-Wheel Drive,20.600625,GMC,Automatic 4-spd,6.0,4.3
6071,Sport Utility Vehicle - 2WD,Regular,Rear-Wheel Drive,19.3888235294118,GMC,Manual 5-spd,6.0,4.3
6072,Sport Utility Vehicle - 2WD,Regular,Rear-Wheel Drive,20.600625,Honda,Automatic 4-spd,6.0,3.2
6073,Sport Utility Vehicle - 2WD,Regular,Rear-Wheel Drive,19.3888235294118,Honda,Manual 5-spd,6.0,3.2
6074,Sport Utility Vehicle - 2WD,Regular,Rear-Wheel Drive,16.4805,Isuzu,Manual 5-spd,4.0,2.2
6075,Sport Utility Vehicle - 2WD,Regular,Rear-Wheel Drive,19.3888235294118,Isuzu,Automatic 4-spd,6.0,3.2
6076,Sport Utility Vehicle - 2WD,Regular,Rear-Wheel Drive,16.4805,Isuzu,Manual 5-spd,4.0,2.2
6077,Sport Utility Vehicle - 2WD,Regular,Rear-Wheel Drive,20.600625,Isuzu,Automatic 4-spd,6.0,3.2
6078,Standard Pickup Trucks,Regular,4-Wheel or All-Wheel Drive,19.3888235294118,Chevrolet,Automatic 4-spd,6.0,2.8
6079,Sport Utility Vehicle - 2WD,Regular,Rear-Wheel Drive,19.3888235294118,Isuzu,Manual 5-spd,6.0,3.2
6080,Sport Utility Vehicle - 2WD,Regular,Rear-Wheel Drive,19.3888235294118,Jeep,Automatic 3-spd,4.0,2.5
6081,Sport Utility Vehicle - 2WD,Regular,Rear-Wheel Drive,16.4805,Jeep,Manual 5-spd,4.0,2.5
6082,Sport Utility Vehicle - 2WD,Regular,Rear-Wheel Drive,20.600625,Jeep,Automatic 4-spd,6.0,4.0
6083,Sport Utility Vehicle - 2WD,Regular,Rear-Wheel Drive,18.3116666666667,Jeep,Manual 5-spd,6.0,4.0
6084,Sport Utility Vehicle - 2WD,Regular,Rear-Wheel Drive,20.600625,Jeep,Automatic 4-spd,6.0,4.0
6085,Sport Utility Vehicle - 2WD,Regular,Rear-Wheel Drive,17.3478947368421,Kia,Automatic 4-spd,4.0,2.0
6086,Sport Utility Vehicle - 2WD,Regular,Rear-Wheel Drive,17.3478947368421,Kia,Manual 5-spd,4.0,2.0
6087,Sport Utility Vehicle - 2WD,Regular,Rear-Wheel Drive,25.3546153846154,Lincoln,Automatic 4-spd,8.0,5.4
6088,Sport Utility Vehicle - 2WD,Premium,Rear-Wheel Drive,25.3546153846154,Lincoln,Automatic 4-spd,8.0,5.4
6089,Standard Pickup Trucks,Regular,4-Wheel or All-Wheel Drive,19.3888235294118,Chevrolet,Manual 4-spd,6.0,2.8
6090,Sport Utility Vehicle - 2WD,Regular,Rear-Wheel Drive,20.600625,Mercury,Automatic 5-spd,6.0,4.0
6091,Sport Utility Vehicle - 2WD,Regular,Rear-Wheel Drive,21.974,Mercury,Automatic 4-spd,8.0,5.0
6092,Sport Utility Vehicle - 2WD,Regular,Rear-Wheel Drive,16.4805,Mitsubishi,Manual 5-spd,4.0,2.4
6093,Sport Utility Vehicle - 2WD,Regular,Rear-Wheel Drive,18.3116666666667,Mitsubishi,Automatic 4-spd,6.0,3.0
6094,Sport Utility Vehicle - 2WD,Regular,Rear-Wheel Drive,19.3888235294118,Mitsubishi,Automatic 4-spd,6.0,3.5
6095,Sport Utility Vehicle - 2WD,Regular,Rear-Wheel Drive,17.3478947368421,Mitsubishi,Automatic 4-spd,4.0,2.4
6096,Sport Utility Vehicle - 2WD,Regular,Rear-Wheel Drive,16.4805,Mitsubishi,Manual 5-spd,4.0,2.4
6097,Sport Utility Vehicle - 2WD,Regular,Rear-Wheel Drive,18.3116666666667,Mitsubishi,Automatic 4-spd,6.0,3.0
6098,Sport Utility Vehicle - 2WD,Regular,Rear-Wheel Drive,20.600625,Nissan,Automatic 4-spd,6.0,3.3
6099,Sport Utility Vehicle - 2WD,Regular,Rear-Wheel Drive,20.600625,Nissan,Manual 5-spd,6.0,3.3
6100,Standard Pickup Trucks,Regular,4-Wheel or All-Wheel Drive,18.3116666666667,Chevrolet,Manual 5-spd,6.0,2.8
6101,Sport Utility Vehicle - 2WD,Regular,Rear-Wheel Drive,18.3116666666667,Suzuki,Automatic 4-spd,6.0,2.5
6102,Sport Utility Vehicle - 2WD,Regular,Rear-Wheel Drive,18.3116666666667,Suzuki,Manual 5-spd,6.0,2.5
6103,Sport Utility Vehicle - 2WD,Regular,Rear-Wheel Drive,14.3308695652174,Suzuki,Automatic 4-spd,4.0,1.6
6104,Sport Utility Vehicle - 2WD,Regular,Rear-Wheel Drive,13.73375,Suzuki,Manual 5-spd,4.0,1.6
6105,Sport Utility Vehicle - 2WD,Regular,Rear-Wheel Drive,15.6957142857143,Suzuki,Automatic 4-spd,4.0,2.0
6106,Sport Utility Vehicle - 2WD,Regular,Rear-Wheel Drive,15.6957142857143,Suzuki,Manual 5-spd,4.0,2.0
6107,Sport Utility Vehicle - 2WD,Regular,Rear-Wheel Drive,15.6957142857143,Suzuki,Automatic 4-spd,4.0,2.0
6108,Sport Utility Vehicle - 2WD,Regular,Rear-Wheel Drive,15.6957142857143,Suzuki,Manual 5-spd,4.0,2.0
6109,Sport Utility Vehicle - 2WD,Regular,Rear-Wheel Drive,17.3478947368421,Toyota,Automatic 4-spd,4.0,2.7
6110,Sport Utility Vehicle - 2WD,Regular,Rear-Wheel Drive,18.3116666666667,Toyota,Manual 5-spd,4.0,2.7
6111,Subcompact Cars,Regular,Rear-Wheel Drive,18.3116666666667,Mercury,Automatic 3-spd,6.0,3.8
6112,Standard Pickup Trucks,Regular,4-Wheel or All-Wheel Drive,19.3888235294118,Nissan,Manual 5-spd,4.0,2.4
6113,Sport Utility Vehicle - 2WD,Regular,Rear-Wheel Drive,19.3888235294118,Toyota,Automatic 4-spd,6.0,3.4
6114,Sport Utility Vehicle - 2WD,Regular,Front-Wheel Drive,14.3308695652174,Toyota,Automatic 4-spd,4.0,2.0
6115,Sport Utility Vehicle - 2WD,Regular,Front-Wheel Drive,14.3308695652174,Toyota,Manual 5-spd,4.0,2.0
6116,Sport Utility Vehicle - 2WD,Regular,Front-Wheel Drive,14.3308695652174,Toyota,Automatic 4-spd,4.0,2.0
6117,Sport Utility Vehicle - 2WD,Regular,Front-Wheel Drive,14.3308695652174,Toyota,Manual 5-spd,4.0,2.0
6118,Sport Utility Vehicle - 4WD,Regular,4-Wheel or All-Wheel Drive,21.974,Acura,Automatic 4-spd,6.0,3.5
6119,Sport Utility Vehicle - 4WD,Regular,4-Wheel or All-Wheel Drive,25.3546153846154,Cadillac,Automatic 4-spd,8.0,5.7
6120,Sport Utility Vehicle - 4WD,Regular,4-Wheel or All-Wheel Drive,20.600625,Chevrolet,Automatic 4-spd,6.0,4.3
6121,Sport Utility Vehicle - 4WD,Regular,4-Wheel or All-Wheel Drive,23.5435714285714,Chevrolet,Manual 5-spd,6.0,4.3
6122,Sport Utility Vehicle - 4WD,Regular,4-Wheel or All-Wheel Drive,25.3546153846154,Chevrolet,Automatic 4-spd,8.0,5.7
6123,Standard Pickup Trucks,Regular,4-Wheel or All-Wheel Drive,27.4675,Ford,Automatic 3-spd,6.0,4.9
6124,Sport Utility Vehicle - 4WD,Diesel,4-Wheel or All-Wheel Drive,25.479,Chevrolet,Automatic 4-spd,8.0,6.5
6125,Sport Utility Vehicle - 4WD,Regular,4-Wheel or All-Wheel Drive,14.3308695652174,Chevrolet,Manual 5-spd,4.0,1.6
6126,Sport Utility Vehicle - 4WD,Regular,4-Wheel or All-Wheel Drive,15.6957142857143,Chevrolet,Automatic 4-spd,4.0,2.0
6127,Sport Utility Vehicle - 4WD,Regular,4-Wheel or All-Wheel Drive,15.6957142857143,Chevrolet,Manual 5-spd,4.0,2.0
6128,Sport Utility Vehicle - 4WD,Regular,4-Wheel or All-Wheel Drive,15.6957142857143,Chevrolet,Automatic 4-spd,4.0,2.0
6129,Sport Utility Vehicle - 4WD,Regular,4-Wheel or All-Wheel Drive,15.6957142857143,Chevrolet,Manual 5-spd,4.0,2.0
6130,Sport Utility Vehicle - 4WD,Regular,4-Wheel or All-Wheel Drive,23.5435714285714,Dodge,Automatic 4-spd,6.0,3.9
6131,Sport Utility Vehicle - 4WD,Regular,4-Wheel or All-Wheel Drive,25.3546153846154,Dodge,Automatic 4-spd,8.0,5.2
6132,Sport Utility Vehicle - 4WD,Regular,4-Wheel or All-Wheel Drive,27.4675,Dodge,Automatic 4-spd,8.0,5.9
6133,Sport Utility Vehicle - 4WD,Regular,4-Wheel or All-Wheel Drive,25.3546153846154,Ford,Automatic 4-spd,8.0,4.6
6134,Standard Pickup Trucks,Regular,4-Wheel or All-Wheel Drive,21.974,Ford,Manual 4-spd,6.0,4.9
6135,Sport Utility Vehicle - 4WD,Regular,4-Wheel or All-Wheel Drive,27.4675,Ford,Automatic 4-spd,8.0,5.4
6136,Sport Utility Vehicle - 4WD,Regular,4-Wheel or All-Wheel Drive,21.974,Ford,Automatic 5-spd,6.0,4.0
6137,Sport Utility Vehicle - 4WD,Regular,4-Wheel or All-Wheel Drive,21.974,Ford,Automatic 5-spd,6.0,4.0
6138,Sport Utility Vehicle - 4WD,Regular,4-Wheel or All-Wheel Drive,20.600625,Ford,Manual 5-spd,6.0,4.0
6139,Sport Utility Vehicle - 4WD,Regular,4-Wheel or All-Wheel Drive,23.5435714285714,Ford,Automatic 4-spd,8.0,5.0
6140,Sport Utility Vehicle - 4WD,Regular,4-Wheel or All-Wheel Drive,20.600625,GMC,Automatic 4-spd,6.0,4.3
6141,Sport Utility Vehicle - 4WD,Regular,4-Wheel or All-Wheel Drive,23.5435714285714,GMC,Manual 5-spd,6.0,4.3
6142,Sport Utility Vehicle - 4WD,Regular,4-Wheel or All-Wheel Drive,25.3546153846154,GMC,Automatic 4-spd,8.0,5.7
6143,Sport Utility Vehicle - 4WD,Diesel,4-Wheel or All-Wheel Drive,25.479,GMC,Automatic 4-spd,8.0,6.5
6144,Sport Utility Vehicle - 4WD,Regular,4-Wheel or All-Wheel Drive,20.600625,Honda,Automatic 4-spd,6.0,3.2
6145,Standard Pickup Trucks,Regular,4-Wheel or All-Wheel Drive,25.3546153846154,Ford,Manual 4-spd,6.0,4.9
6146,Sport Utility Vehicle - 4WD,Regular,4-Wheel or All-Wheel Drive,19.3888235294118,Honda,Manual 5-spd,6.0,3.2
6147,Sport Utility Vehicle - 4WD,Regular,4-Wheel or All-Wheel Drive,21.974,Infiniti,Automatic 4-spd,6.0,3.3
6148,Sport Utility Vehicle - 4WD,Regular,4-Wheel or All-Wheel Drive,17.3478947368421,Isuzu,Manual 5-spd,4.0,2.2
6149,Sport Utility Vehicle - 4WD,Regular,4-Wheel or All-Wheel Drive,19.3888235294118,Isuzu,Automatic 4-spd,6.0,3.2
6150,Sport Utility Vehicle - 4WD,Regular,4-Wheel or All-Wheel Drive,19.3888235294118,Isuzu,Manual 5-spd,6.0,3.2
6151,Sport Utility Vehicle - 4WD,Regular,4-Wheel or All-Wheel Drive,20.600625,Isuzu,Automatic 4-spd,6.0,3.2
6152,Sport Utility Vehicle - 4WD,Regular,4-Wheel or All-Wheel Drive,19.3888235294118,Isuzu,Manual 5-spd,6.0,3.2
6153,Sport Utility Vehicle - 4WD,Regular,4-Wheel or All-Wheel Drive,21.974,Isuzu,Automatic 4-spd,6.0,3.5
6154,Sport Utility Vehicle - 4WD,Regular,4-Wheel or All-Wheel Drive,21.974,Isuzu,Manual 5-spd,6.0,3.5
6155,Sport Utility Vehicle - 4WD,Regular,4-Wheel or All-Wheel Drive,19.3888235294118,Jeep,Manual 5-spd,4.0,2.5
6156,Standard Pickup Trucks,Regular,4-Wheel or All-Wheel Drive,25.3546153846154,Ford,Automatic 4-spd,8.0,5.0
6157,Sport Utility Vehicle - 4WD,Regular,4-Wheel or All-Wheel Drive,20.600625,Jeep,Automatic 4-spd,6.0,4.0
6158,Sport Utility Vehicle - 4WD,Regular,4-Wheel or All-Wheel Drive,19.3888235294118,Jeep,Manual 5-spd,6.0,4.0
6159,Sport Utility Vehicle - 4WD,Regular,4-Wheel or All-Wheel Drive,20.600625,Jeep,Automatic 4-spd,6.0,4.0
6160,Sport Utility Vehicle - 4WD,Regular,4-Wheel or All-Wheel Drive,21.974,Jeep,Automatic 4-spd,8.0,4.7
6161,Sport Utility Vehicle - 4WD,Regular,4-Wheel or All-Wheel Drive,21.974,Jeep,Automatic 3-spd,4.0,2.5
6162,Sport Utility Vehicle - 4WD,Regular,4-Wheel or All-Wheel Drive,19.3888235294118,Jeep,Manual 5-spd,4.0,2.5
6163,Sport Utility Vehicle - 4WD,Regular,4-Wheel or All-Wheel Drive,21.974,Jeep,Automatic 3-spd,6.0,4.0
6164,Sport Utility Vehicle - 4WD,Regular,4-Wheel or All-Wheel Drive,20.600625,Jeep,Manual 5-spd,6.0,4.0
6165,Sport Utility Vehicle - 4WD,Regular,4-Wheel or All-Wheel Drive,17.3478947368421,Kia,Automatic 4-spd,4.0,2.0
6166,Sport Utility Vehicle - 4WD,Regular,4-Wheel or All-Wheel Drive,17.3478947368421,Kia,Manual 5-spd,4.0,2.0
6167,Standard Pickup Trucks,Regular,4-Wheel or All-Wheel Drive,32.961,Ford,Automatic 3-spd,8.0,5.8
6168,Sport Utility Vehicle - 4WD,Premium,4-Wheel or All-Wheel Drive,23.5435714285714,Land Rover,Automatic 4-spd,8.0,4.0
6169,Sport Utility Vehicle - 4WD,Premium,4-Wheel or All-Wheel Drive,25.3546153846154,Land Rover,Automatic 4-spd,8.0,4.0
6170,Sport Utility Vehicle - 4WD,Premium,4-Wheel or All-Wheel Drive,25.3546153846154,Land Rover,Automatic 4-spd,8.0,4.0
6171,Sport Utility Vehicle - 4WD,Premium,4-Wheel or All-Wheel Drive,25.3546153846154,Land Rover,Automatic 4-spd,8.0,4.6
6172,Sport Utility Vehicle - 4WD,Regular,4-Wheel or All-Wheel Drive,25.3546153846154,Lexus,Automatic 4-spd,8.0,4.7
6173,Sport Utility Vehicle - 4WD,Regular,4-Wheel or All-Wheel Drive,27.4675,Lincoln,Automatic 4-spd,8.0,5.4
6174,Sport Utility Vehicle - 4WD,Premium,4-Wheel or All-Wheel Drive,25.3546153846154,Lincoln,Automatic 4-spd,8.0,5.4
6175,Sport Utility Vehicle - 4WD,Premium,4-Wheel or All-Wheel Drive,19.3888235294118,Mercedes-Benz,Automatic 5-spd,6.0,3.2
6176,Sport Utility Vehicle - 4WD,Premium,4-Wheel or All-Wheel Drive,21.974,Mercedes-Benz,Automatic 5-spd,8.0,4.3
6177,Sport Utility Vehicle - 4WD,Regular,4-Wheel or All-Wheel Drive,21.974,Mercury,Automatic 5-spd,6.0,4.0
6178,Standard Pickup Trucks,Regular,4-Wheel or All-Wheel Drive,27.4675,Ford,Automatic 3-spd,6.0,4.9
6179,Sport Utility Vehicle - 4WD,Regular,4-Wheel or All-Wheel Drive,23.5435714285714,Mercury,Automatic 4-spd,8.0,5.0
6180,Sport Utility Vehicle - 4WD,Regular,4-Wheel or All-Wheel Drive,20.600625,Mitsubishi,Automatic 4-spd,6.0,3.0
6181,Sport Utility Vehicle - 4WD,Regular,4-Wheel or All-Wheel Drive,21.974,Mitsubishi,Manual 5-spd,6.0,3.0
6182,Sport Utility Vehicle - 4WD,Regular,4-Wheel or All-Wheel Drive,20.600625,Mitsubishi,Automatic 4-spd,6.0,3.5
6183,Sport Utility Vehicle - 4WD,Regular,4-Wheel or All-Wheel Drive,19.3888235294118,Mitsubishi,Automatic 4-spd,6.0,3.0
6184,Sport Utility Vehicle - 4WD,Regular,4-Wheel or All-Wheel Drive,19.3888235294118,Mitsubishi,Manual 5-spd,6.0,3.0
6185,Sport Utility Vehicle - 4WD,Regular,4-Wheel or All-Wheel Drive,20.600625,Mitsubishi,Automatic 4-spd,6.0,3.5
6186,Sport Utility Vehicle - 4WD,Regular,4-Wheel or All-Wheel Drive,19.3888235294118,Mitsubishi,Automatic 4-spd,6.0,3.0
6187,Sport Utility Vehicle - 4WD,Regular,4-Wheel or All-Wheel Drive,19.3888235294118,Mitsubishi,Manual 5-spd,6.0,3.0
6188,Sport Utility Vehicle - 4WD,Regular,4-Wheel or All-Wheel Drive,21.974,Nissan,Automatic 4-spd,6.0,3.3
6189,Standard Pickup Trucks,Regular,4-Wheel or All-Wheel Drive,25.3546153846154,Ford,Manual 4-spd,6.0,4.9
6190,Sport Utility Vehicle - 4WD,Regular,4-Wheel or All-Wheel Drive,21.974,Nissan,Manual 5-spd,6.0,3.3
6191,Sport Utility Vehicle - 4WD,Regular,4-Wheel or All-Wheel Drive,20.600625,Oldsmobile,Automatic 4-spd,6.0,4.3
6192,Sport Utility Vehicle - 4WD,Regular,4-Wheel or All-Wheel Drive,19.3888235294118,Suzuki,Automatic 4-spd,6.0,2.5
6193,Sport Utility Vehicle - 4WD,Regular,4-Wheel or All-Wheel Drive,18.3116666666667,Suzuki,Manual 5-spd,6.0,2.5
6194,Sport Utility Vehicle - 4WD,Regular,4-Wheel or All-Wheel Drive,14.9822727272727,Suzuki,Automatic 4-spd,4.0,1.6
6195,Sport Utility Vehicle - 4WD,Regular,4-Wheel or All-Wheel Drive,14.3308695652174,Suzuki,Manual 5-spd,4.0,1.6
6196,Sport Utility Vehicle - 4WD,Regular,4-Wheel or All-Wheel Drive,15.6957142857143,Suzuki,Automatic 4-spd,4.0,2.0
6197,Sport Utility Vehicle - 4WD,Regular,4-Wheel or All-Wheel Drive,15.6957142857143,Suzuki,Manual 5-spd,4.0,2.0
6198,Sport Utility Vehicle - 4WD,Regular,4-Wheel or All-Wheel Drive,15.6957142857143,Suzuki,Automatic 4-spd,4.0,2.0
6199,Sport Utility Vehicle - 4WD,Regular,4-Wheel or All-Wheel Drive,15.6957142857143,Suzuki,Manual 5-spd,4.0,2.0
6200,Standard Pickup Trucks,Regular,4-Wheel or All-Wheel Drive,25.3546153846154,Ford,Automatic 4-spd,8.0,5.0
6201,Sport Utility Vehicle - 4WD,Regular,4-Wheel or All-Wheel Drive,19.3888235294118,Toyota,Automatic 4-spd,4.0,2.7
6202,Sport Utility Vehicle - 4WD,Regular,4-Wheel or All-Wheel Drive,19.3888235294118,Toyota,Manual 5-spd,4.0,2.7
6203,Sport Utility Vehicle - 4WD,Regular,4-Wheel or All-Wheel Drive,20.600625,Toyota,Automatic 4-spd,6.0,3.4
6204,Sport Utility Vehicle - 4WD,Regular,4-Wheel or All-Wheel Drive,20.600625,Toyota,Manual 5-spd,6.0,3.4
6205,Sport Utility Vehicle - 4WD,Regular,4-Wheel or All-Wheel Drive,25.3546153846154,Toyota,Automatic 4-spd,8.0,4.7
6206,Sport Utility Vehicle - 4WD,Regular,4-Wheel or All-Wheel Drive,15.6957142857143,Toyota,Automatic 4-spd,4.0,2.0
6207,Sport Utility Vehicle - 4WD,Regular,4-Wheel or All-Wheel Drive,15.6957142857143,Toyota,Manual 5-spd,4.0,2.0
6208,Sport Utility Vehicle - 4WD,Regular,4-Wheel or All-Wheel Drive,14.9822727272727,Toyota,Automatic 4-spd,4.0,2.0
6209,Sport Utility Vehicle - 4WD,Regular,4-Wheel or All-Wheel Drive,15.6957142857143,Toyota,Manual 5-spd,4.0,2.0
6210,Two Seaters,Premium,Rear-Wheel Drive,18.3116666666667,Acura,Automatic 4-spd,6.0,3.0
6211,Standard Pickup Trucks,Regular,4-Wheel or All-Wheel Drive,21.974,GMC,Automatic 4-spd,6.0,4.3
6212,Two Seaters,Premium,Rear-Wheel Drive,18.3116666666667,Acura,Manual 6-spd,6.0,3.2
6213,Two Seaters,Premium,Rear-Wheel Drive,17.3478947368421,BMW,Manual 5-spd,6.0,3.2
6214,Two Seaters,Premium,Rear-Wheel Drive,17.3478947368421,BMW,Automatic 4-spd,6.0,2.8
6215,Two Seaters,Premium,Rear-Wheel Drive,17.3478947368421,BMW,Manual 5-spd,6.0,2.8
6216,Two Seaters,Premium,Rear-Wheel Drive,17.3478947368421,BMW,Automatic 4-spd,6.0,2.5
6217,Two Seaters,Premium,Rear-Wheel Drive,16.4805,BMW,Manual 5-spd,6.0,2.5
6218,Two Seaters,Premium,Rear-Wheel Drive,17.3478947368421,BMW,Automatic 4-spd,6.0,2.8
6219,Two Seaters,Premium,Rear-Wheel Drive,17.3478947368421,BMW,Manual 5-spd,6.0,2.8
6220,Two Seaters,Premium,Rear-Wheel Drive,21.974,BMW,Manual 6-spd,8.0,4.9
6221,Two Seaters,Premium,Rear-Wheel Drive,18.3116666666667,Chevrolet,Automatic 4-spd,8.0,5.7
6222,Subcompact Cars,Regular,Rear-Wheel Drive,19.3888235294118,Mercury,Manual 5-spd,8.0,5.0
6223,Standard Pickup Trucks,Regular,4-Wheel or All-Wheel Drive,25.3546153846154,GMC,Manual 4-spd,6.0,4.3
6224,Two Seaters,Premium,Rear-Wheel Drive,17.3478947368421,Chevrolet,Manual 6-spd,8.0,5.7
6225,Two Seaters,Premium,Rear-Wheel Drive,23.5435714285714,Dodge,Manual 6-spd,10.0,8.0
6226,Two Seaters,Premium,Rear-Wheel Drive,23.5435714285714,Dodge,Manual 6-spd,10.0,8.0
6227,Two Seaters,Premium,Rear-Wheel Drive,29.9645454545455,Ferrari,Manual 6-spd,8.0,3.6
6228,Two Seaters,Premium,Rear-Wheel Drive,29.9645454545455,Ferrari,Automatic (S6),8.0,3.6
6229,Two Seaters,Premium,Rear-Wheel Drive,36.6233333333333,Ferrari,Manual 6-spd,12.0,5.5
6230,Two Seaters,Regular,Front-Wheel Drive,6.21905660377359,Honda,Manual 5-spd,3.0,1.0
6231,Two Seaters,Premium,Rear-Wheel Drive,16.4805,Honda,Manual 6-spd,4.0,2.0
6232,Two Seaters,Premium,Rear-Wheel Drive,20.600625,Lotus,Manual 5-spd,8.0,3.5
6233,Two Seaters,Regular,Rear-Wheel Drive,14.9822727272727,Mazda,Automatic 4-spd,4.0,1.8
6234,Standard Pickup Trucks,Regular,4-Wheel or All-Wheel Drive,27.4675,GMC,Automatic 4-spd,8.0,5.7
6235,Two Seaters,Regular,Rear-Wheel Drive,13.73375,Mazda,Manual 5-spd,4.0,1.8
6236,Two Seaters,Regular,Rear-Wheel Drive,14.3308695652174,Mazda,Manual 6-spd,4.0,1.8
6237,Two Seaters,Premium,Rear-Wheel Drive,19.3888235294118,Mercedes-Benz,Automatic 5-spd,8.0,5.0
6238,Two Seaters,Premium,Rear-Wheel Drive,23.5435714285714,Mercedes-Benz,Automatic 5-spd,12.0,6.0
6239,Two Seaters,Premium,Rear-Wheel Drive,14.9822727272727,Mercedes-Benz,Automatic 5-spd,4.0,2.3
6240,Two Seaters,Premium,Rear-Wheel Drive,14.9822727272727,Mercedes-Benz,Manual 5-spd,4.0,2.3
6241,Two Seaters,Premium,Rear-Wheel Drive,18.3116666666667,Plymouth,Automatic 4-spd,6.0,3.5
6242,Two Seaters,Premium,Rear-Wheel Drive,18.3116666666667,Porsche,Automatic 5-spd,6.0,2.7
6243,Two Seaters,Premium,Rear-Wheel Drive,16.4805,Porsche,Manual 5-spd,6.0,2.7
6244,Two Seaters,Premium,Rear-Wheel Drive,19.3888235294118,Porsche,Automatic 5-spd,6.0,3.2
6245,Standard Pickup Trucks,Regular,4-Wheel or All-Wheel Drive,19.3888235294118,GMC,Automatic 4-spd,6.0,2.8
6246,Two Seaters,Premium,Rear-Wheel Drive,18.3116666666667,Porsche,Manual 6-spd,6.0,3.2
6247,Two Seaters,Regular,Front-Wheel Drive,13.73375,Toyota,Manual 5-spd,4.0,1.8
6248,Minicompact Cars,Premium,Rear-Wheel Drive,27.4675,Aston Martin,Automatic 5-spd,12.0,5.9
6249,Minicompact Cars,Premium,Rear-Wheel Drive,27.4675,Aston Martin,Manual 6-spd,12.0,5.9
6250,Minicompact Cars,Premium,Rear-Wheel Drive,27.4675,Aston Martin,Automatic 5-spd,12.0,5.9
6251,Minicompact Cars,Premium,Rear-Wheel Drive,27.4675,Aston Martin,Manual 6-spd,12.0,5.9
6252,Minicompact Cars,Premium,Front-Wheel Drive,14.3308695652174,Audi,Manual 5-spd,4.0,1.8
6253,Minicompact Cars,Premium,4-Wheel or All-Wheel Drive,15.6957142857143,Audi,Manual 5-spd,4.0,1.8
6254,Minicompact Cars,Premium,Rear-Wheel Drive,18.3116666666667,BMW,Automatic 5-spd,6.0,2.5
6255,Minicompact Cars,Premium,Rear-Wheel Drive,17.3478947368421,BMW,Manual 5-spd,6.0,2.5
6256,Standard Pickup Trucks,Regular,4-Wheel or All-Wheel Drive,19.3888235294118,GMC,Manual 4-spd,6.0,2.8
6257,Minicompact Cars,Premium,Rear-Wheel Drive,17.3478947368421,BMW,Manual 5-spd,6.0,3.2
6258,Minicompact Cars,Premium,Rear-Wheel Drive,18.3116666666667,Jaguar,Automatic 5-spd,8.0,4.0
6259,Minicompact Cars,Premium,Rear-Wheel Drive,19.3888235294118,Jaguar,Automatic 5-spd,8.0,4.0
6260,Minicompact Cars,Premium,Rear-Wheel Drive,16.4805,Mercedes-Benz,Automatic 5-spd,6.0,3.2
6261,Minicompact Cars,Premium,Rear-Wheel Drive,18.3116666666667,Mercedes-Benz,Automatic 5-spd,8.0,4.3
6262,Minicompact Cars,Premium,Rear-Wheel Drive,18.3116666666667,Porsche,Automatic 5-spd,6.0,3.4
6263,Minicompact Cars,Premium,4-Wheel or All-Wheel Drive,19.3888235294118,Porsche,Automatic 5-spd,6.0,3.4
6264,Minicompact Cars,Premium,Rear-Wheel Drive,18.3116666666667,Porsche,Manual 6-spd,6.0,3.4
6265,Minicompact Cars,Premium,4-Wheel or All-Wheel Drive,19.3888235294118,Porsche,Manual 6-spd,6.0,3.4
6266,Minicompact Cars,Regular,Rear-Wheel Drive,15.6957142857143,Qvale,Manual 5-spd,8.0,4.6
6267,Standard Pickup Trucks,Regular,4-Wheel or All-Wheel Drive,18.3116666666667,GMC,Manual 5-spd,6.0,2.8
6268,Subcompact Cars,Regular,Front-Wheel Drive,14.3308695652174,Acura,Automatic 4-spd,4.0,1.8
6269,Subcompact Cars,Regular,Front-Wheel Drive,13.73375,Acura,Manual 5-spd,4.0,1.8
6270,Subcompact Cars,Premium,Front-Wheel Drive,13.73375,Acura,Manual 5-spd,4.0,1.8
6271,Subcompact Cars,Premium,Rear-Wheel Drive,27.4675,Bentley,Automatic 4-spd,8.0,6.7
6272,Subcompact Cars,Premium,Rear-Wheel Drive,27.4675,Bentley,Automatic 4-spd,8.0,6.7
6273,Subcompact Cars,Premium,Rear-Wheel Drive,27.4675,Bentley,Automatic 4-spd,8.0,6.7
6274,Subcompact Cars,Premium,Rear-Wheel Drive,17.3478947368421,BMW,Automatic 5-spd,6.0,2.5
6275,Subcompact Cars,Premium,Rear-Wheel Drive,15.6957142857143,BMW,Manual 5-spd,6.0,2.5
6276,Subcompact Cars,Premium,Rear-Wheel Drive,17.3478947368421,BMW,Automatic 5-spd,6.0,2.8
6277,Subcompact Cars,Premium,Rear-Wheel Drive,15.6957142857143,BMW,Manual 5-spd,6.0,2.8
6278,Standard Pickup Trucks,Regular,4-Wheel or All-Wheel Drive,21.974,Jeep,Manual 4-spd,6.0,4.2
6279,Subcompact Cars,Regular,Rear-Wheel Drive,16.4805,Chevrolet,Automatic 4-spd,6.0,3.8
6280,Subcompact Cars,Regular,Rear-Wheel Drive,15.6957142857143,Chevrolet,Manual 5-spd,6.0,3.8
6281,Subcompact Cars,Premium,Rear-Wheel Drive,18.3116666666667,Chevrolet,Automatic 4-spd,8.0,5.7
6282,Subcompact Cars,Premium,Rear-Wheel Drive,17.3478947368421,Chevrolet,Manual 6-spd,8.0,5.7
6283,Subcompact Cars,Regular,Front-Wheel Drive,14.9822727272727,Chevrolet,Automatic 3-spd,4.0,2.2
6284,Subcompact Cars,Regular,Front-Wheel Drive,14.3308695652174,Chevrolet,Automatic 4-spd,4.0,2.2
6285,Subcompact Cars,Regular,Front-Wheel Drive,13.73375,Chevrolet,Manual 5-spd,4.0,2.2
6286,Subcompact Cars,Regular,Front-Wheel Drive,14.3308695652174,Chevrolet,Automatic 4-spd,4.0,2.4
6287,Subcompact Cars,Regular,Front-Wheel Drive,13.73375,Chevrolet,Manual 5-spd,4.0,2.4
6288,Subcompact Cars,Regular,Front-Wheel Drive,9.15583333333333,Chevrolet,Manual 5-spd,3.0,1.0
6289,Standard Pickup Trucks,Regular,4-Wheel or All-Wheel Drive,18.3116666666667,Toyota,Manual 5-spd,4.0,2.4
6290,Subcompact Cars,Regular,Front-Wheel Drive,11.7717857142857,Chevrolet,Automatic 3-spd,4.0,1.3
6291,Subcompact Cars,Regular,Front-Wheel Drive,9.69441176470588,Chevrolet,Manual 5-spd,4.0,1.3
6292,Subcompact Cars,Premium,Rear-Wheel Drive,29.9645454545455,Ferrari,Automatic 4-spd,12.0,5.5
6293,Subcompact Cars,Premium,Rear-Wheel Drive,29.9645454545455,Ferrari,Manual 6-spd,12.0,5.5
6294,Subcompact Cars,Regular,Front-Wheel Drive,13.1844,Ford,Automatic 4-spd,4.0,2.0
6295,Subcompact Cars,Regular,Front-Wheel Drive,13.1844,Ford,Manual 5-spd,4.0,2.0
6296,Subcompact Cars,Regular,Rear-Wheel Drive,16.4805,Ford,Automatic 4-spd,6.0,3.8
6297,Subcompact Cars,Regular,Rear-Wheel Drive,15.6957142857143,Ford,Manual 5-spd,6.0,3.8
6298,Subcompact Cars,Regular,Rear-Wheel Drive,18.3116666666667,Ford,Automatic 4-spd,8.0,4.6
6299,Subcompact Cars,Regular,Rear-Wheel Drive,18.3116666666667,Ford,Manual 5-spd,8.0,4.6
6300,Vans,Regular,Rear-Wheel Drive,16.4805,Chevrolet,Manual 4-spd,4.0,2.5
6301,Subcompact Cars,Premium,Rear-Wheel Drive,18.3116666666667,Ford,Manual 5-spd,8.0,4.6
6302,Subcompact Cars,Premium,Rear-Wheel Drive,23.5435714285714,Ford,Manual 6-spd,8.0,5.4
6303,Subcompact Cars,Regular,Front-Wheel Drive,12.2077777777778,Honda,Automatic 4-spd,4.0,1.6
6304,Subcompact Cars,Regular,Front-Wheel Drive,12.2077777777778,Honda,Automatic 4-spd,4.0,1.6
6305,Subcompact Cars,Regular,Front-Wheel Drive,10.987,Honda,Manual 5-spd,4.0,1.6
6306,Subcompact Cars,Regular,Front-Wheel Drive,11.7717857142857,Honda,Manual 5-spd,4.0,1.6
6307,Subcompact Cars,Premium,Front-Wheel Drive,13.1844,Honda,Manual 5-spd,4.0,1.6
6308,Subcompact Cars,Regular,Front-Wheel Drive,10.6325806451613,Honda,Automatic (variable gear ratios),4.0,1.6
6309,Subcompact Cars,Regular,Front-Wheel Drive,9.98818181818182,Honda,Manual 5-spd,4.0,1.6
6310,Subcompact Cars,Premium,Front-Wheel Drive,15.6957142857143,Honda,Automatic 4-spd,4.0,2.2
6311,Vans,Regular,Rear-Wheel Drive,19.3888235294118,Chevrolet,Automatic 4-spd,6.0,4.3
6312,Subcompact Cars,Premium,Front-Wheel Drive,14.9822727272727,Honda,Manual 5-spd,4.0,2.2
6313,Subcompact Cars,Regular,Front-Wheel Drive,14.9822727272727,Hyundai,Automatic 4-spd,4.0,2.0
6314,Subcompact Cars,Regular,Front-Wheel Drive,13.73375,Hyundai,Manual 5-spd,4.0,2.0
6315,Subcompact Cars,Premium,Rear-Wheel Drive,18.3116666666667,Jaguar,Automatic 5-spd,8.0,4.0
6316,Subcompact Cars,Premium,Rear-Wheel Drive,19.3888235294118,Jaguar,Automatic 5-spd,8.0,4.0
6317,Subcompact Cars,Premium,Rear-Wheel Drive,17.3478947368421,Lexus,Automatic 4-spd,6.0,3.0
6318,Subcompact Cars,Premium,Rear-Wheel Drive,17.3478947368421,Lexus,Automatic 5-spd,8.0,4.0
6319,Subcompact Cars,Premium,Rear-Wheel Drive,15.6957142857143,Mercedes-Benz,Automatic 5-spd,6.0,3.2
6320,Subcompact Cars,Premium,Rear-Wheel Drive,17.3478947368421,Mercedes-Benz,Automatic 5-spd,8.0,4.3
6321,Subcompact Cars,Regular,Front-Wheel Drive,15.6957142857143,Mitsubishi,Automatic 4-spd,4.0,2.4
6322,Vans,Regular,Rear-Wheel Drive,20.600625,Chevrolet,Manual 4-spd,6.0,4.3
6323,Subcompact Cars,Regular,Front-Wheel Drive,15.6957142857143,Mitsubishi,Automatic 4-spd,4.0,2.4
6324,Subcompact Cars,Regular,Front-Wheel Drive,14.3308695652174,Mitsubishi,Manual 5-spd,4.0,2.4
6325,Subcompact Cars,Premium,Front-Wheel Drive,16.4805,Mitsubishi,Automatic 4-spd,6.0,3.0
6326,Subcompact Cars,Premium,Front-Wheel Drive,15.6957142857143,Mitsubishi,Manual 5-spd,6.0,3.0
6327,Subcompact Cars,Regular,Front-Wheel Drive,11.7717857142857,Mitsubishi,Automatic 4-spd,4.0,1.5
6328,Subcompact Cars,Regular,Front-Wheel Drive,10.6325806451613,Mitsubishi,Manual 5-spd,4.0,1.5
6329,Subcompact Cars,Regular,Front-Wheel Drive,13.1844,Mitsubishi,Automatic 4-spd,4.0,1.8
6330,Subcompact Cars,Regular,Front-Wheel Drive,12.2077777777778,Mitsubishi,Manual 5-spd,4.0,1.8
6331,Subcompact Cars,Regular,Rear-Wheel Drive,16.4805,Pontiac,Automatic 4-spd,6.0,3.8
6332,Subcompact Cars,Regular,Rear-Wheel Drive,15.6957142857143,Pontiac,Manual 5-spd,6.0,3.8
6333,Subcompact Cars,Regular,Rear-Wheel Drive,19.3888235294118,Mercury,Automatic 4-spd,8.0,5.0
6334,Vans,Regular,Rear-Wheel Drive,19.3888235294118,Chevrolet,Manual 5-spd,6.0,4.3
6335,Subcompact Cars,Premium,Rear-Wheel Drive,18.3116666666667,Pontiac,Automatic 4-spd,8.0,5.7
6336,Subcompact Cars,Premium,Rear-Wheel Drive,17.3478947368421,Pontiac,Manual 6-spd,8.0,5.7
6337,Subcompact Cars,Regular,Front-Wheel Drive,14.9822727272727,Pontiac,Automatic 3-spd,4.0,2.2
6338,Subcompact Cars,Regular,Front-Wheel Drive,14.3308695652174,Pontiac,Automatic 4-spd,4.0,2.2
6339,Subcompact Cars,Regular,Front-Wheel Drive,13.73375,Pontiac,Manual 5-spd,4.0,2.2
6340,Subcompact Cars,Regular,Front-Wheel Drive,14.3308695652174,Pontiac,Automatic 4-spd,4.0,2.4
6341,Subcompact Cars,Regular,Front-Wheel Drive,13.73375,Pontiac,Manual 5-spd,4.0,2.4
6342,Subcompact Cars,Premium,Rear-Wheel Drive,27.4675,Rolls-Royce,Automatic 4-spd,8.0,6.7
6343,Subcompact Cars,Premium,Front-Wheel Drive,16.4805,Saab,Automatic 4-spd,4.0,2.0
6344,Subcompact Cars,Regular,Front-Wheel Drive,16.4805,Saab,Automatic 4-spd,4.0,2.0
6345,Vans,Regular,Rear-Wheel Drive,21.974,Chevrolet,Automatic 4-spd,6.0,4.3
6346,Subcompact Cars,Regular,Front-Wheel Drive,14.9822727272727,Saab,Manual 5-spd,4.0,2.0
6347,Subcompact Cars,Premium,Front-Wheel Drive,14.9822727272727,Saab,Manual 5-spd,4.0,2.0
6348,Subcompact Cars,Premium,Front-Wheel Drive,15.6957142857143,Saab,Manual 5-spd,4.0,2.3
6349,Subcompact Cars,Regular,Front-Wheel Drive,12.2077777777778,Saturn,Automatic 4-spd,4.0,1.9
6350,Subcompact Cars,Regular,Front-Wheel Drive,12.6773076923077,Saturn,Automatic 4-spd,4.0,1.9
6351,Subcompact Cars,Regular,Front-Wheel Drive,11.3658620689655,Saturn,Manual 5-spd,4.0,1.9
6352,Subcompact Cars,Regular,Front-Wheel Drive,12.2077777777778,Saturn,Manual 5-spd,4.0,1.9
6353,Subcompact Cars,Regular,4-Wheel or All-Wheel Drive,14.9822727272727,Subaru,Automatic 4-spd,4.0,2.5
6354,Subcompact Cars,Regular,4-Wheel or All-Wheel Drive,15.6957142857143,Subaru,Manual 5-spd,4.0,2.5
6355,Subcompact Cars,Regular,Front-Wheel Drive,12.6773076923077,Suzuki,Automatic 4-spd,4.0,1.6
6356,Vans,Regular,Rear-Wheel Drive,21.974,Chevrolet,Manual 3-spd,6.0,4.3
6357,Subcompact Cars,Regular,Front-Wheel Drive,11.3658620689655,Suzuki,Manual 5-spd,4.0,1.6
6358,Subcompact Cars,Regular,Front-Wheel Drive,12.6773076923077,Suzuki,Automatic 4-spd,4.0,1.8
6359,Subcompact Cars,Regular,Front-Wheel Drive,12.2077777777778,Suzuki,Manual 5-spd,4.0,1.8
6360,Subcompact Cars,Regular,Front-Wheel Drive,11.7717857142857,Suzuki,Automatic 3-spd,4.0,1.3
6361,Subcompact Cars,Regular,Front-Wheel Drive,9.69441176470588,Suzuki,Manual 5-spd,4.0,1.3
6362,Subcompact Cars,Regular,Front-Wheel Drive,14.3308695652174,Toyota,Automatic 4-spd,4.0,2.2
6363,Subcompact Cars,Regular,Front-Wheel Drive,17.3478947368421,Toyota,Automatic 4-spd,6.0,3.0
6364,Subcompact Cars,Regular,Front-Wheel Drive,12.6773076923077,Toyota,Automatic 4-spd,4.0,1.8
6365,Subcompact Cars,Premium,Front-Wheel Drive,14.3308695652174,Toyota,Automatic 4-spd,4.0,1.8
6366,Subcompact Cars,Regular,Front-Wheel Drive,12.2077777777778,Toyota,Manual 5-spd,4.0,1.8
6367,Vans,Regular,Rear-Wheel Drive,21.974,Chevrolet,Manual 4-spd,6.0,4.3
6368,Subcompact Cars,Premium,Front-Wheel Drive,14.3308695652174,Toyota,Manual 6-spd,4.0,1.8
6369,Subcompact Cars,Regular,Front-Wheel Drive,14.9822727272727,Volkswagen,Automatic 4-spd,4.0,2.0
6370,Subcompact Cars,Regular,Front-Wheel Drive,13.73375,Volkswagen,Manual 5-spd,4.0,2.0
6371,Subcompact Cars,Premium,Front-Wheel Drive,14.9822727272727,Volkswagen,Automatic 4-spd,4.0,1.8
6372,Subcompact Cars,Premium,Front-Wheel Drive,13.73375,Volkswagen,Manual 5-spd,4.0,1.8
6373,Subcompact Cars,Diesel,Front-Wheel Drive,11.5813636363636,Volkswagen,Automatic 4-spd,4.0,1.9
6374,Subcompact Cars,Diesel,Front-Wheel Drive,10.0575,Volkswagen,Manual 5-spd,4.0,1.9
6375,Subcompact Cars,Regular,Front-Wheel Drive,14.9822727272727,Volkswagen,Automatic 4-spd,4.0,2.0
6376,Subcompact Cars,Regular,Front-Wheel Drive,13.73375,Volkswagen,Manual 5-spd,4.0,2.0
6377,Subcompact Cars,Premium,Front-Wheel Drive,17.3478947368421,Volvo,Automatic 4-spd,5.0,2.3
6378,Vans,Regular,Rear-Wheel Drive,23.5435714285714,Chevrolet,Automatic 4-spd,8.0,5.0
6379,Subcompact Cars,Premium,Front-Wheel Drive,16.4805,Volvo,Manual 5-spd,5.0,2.3
6380,Subcompact Cars,Premium,Front-Wheel Drive,17.3478947368421,Volvo,Automatic 4-spd,5.0,2.4
6381,Compact Cars,Premium,Front-Wheel Drive,15.6957142857143,Audi,Automatic 5-spd,4.0,1.8
6382,Compact Cars,Premium,Front-Wheel Drive,13.73375,Audi,Manual 5-spd,4.0,1.8
6383,Compact Cars,Premium,Front-Wheel Drive,17.3478947368421,Audi,Automatic 5-spd,6.0,2.8
6384,Compact Cars,Premium,Front-Wheel Drive,15.6957142857143,Audi,Manual 5-spd,6.0,2.8
6385,Compact Cars,Premium,4-Wheel or All-Wheel Drive,16.4805,Audi,Automatic 5-spd,4.0,1.8
6386,Compact Cars,Premium,4-Wheel or All-Wheel Drive,14.9822727272727,Audi,Manual 5-spd,4.0,1.8
6387,Compact Cars,Premium,4-Wheel or All-Wheel Drive,18.3116666666667,Audi,Automatic 5-spd,6.0,2.8
6388,Compact Cars,Premium,4-Wheel or All-Wheel Drive,17.3478947368421,Audi,Manual 5-spd,6.0,2.8
6389,Vans,Regular,Rear-Wheel Drive,25.3546153846154,Dodge,Automatic 3-spd,6.0,3.7
6390,Compact Cars,Premium,4-Wheel or All-Wheel Drive,18.3116666666667,Audi,Automatic 5-spd,6.0,2.7
6391,Compact Cars,Premium,4-Wheel or All-Wheel Drive,18.3116666666667,Audi,Manual 6-spd,6.0,2.7
6392,Compact Cars,Premium,Rear-Wheel Drive,27.4675,Bentley,Automatic 4-spd,8.0,6.7
6393,Compact Cars,Premium,Rear-Wheel Drive,16.4805,BMW,Automatic 5-spd,6.0,2.5
6394,Compact Cars,Premium,Rear-Wheel Drive,17.3478947368421,BMW,Automatic 5-spd,6.0,2.5
6395,Compact Cars,Premium,Rear-Wheel Drive,15.6957142857143,BMW,Manual 5-spd,6.0,2.5
6396,Compact Cars,Premium,Rear-Wheel Drive,16.4805,BMW,Automatic 5-spd,6.0,2.8
6397,Compact Cars,Premium,Rear-Wheel Drive,17.3478947368421,BMW,Automatic 5-spd,6.0,2.8
6398,Compact Cars,Premium,Rear-Wheel Drive,15.6957142857143,BMW,Manual 5-spd,6.0,2.8
6399,Compact Cars,Premium,Rear-Wheel Drive,17.3478947368421,BMW,Automatic 4-spd,6.0,2.8
6400,Vans,Regular,Rear-Wheel Drive,23.5435714285714,Dodge,Manual 4-spd,6.0,3.7
6401,Compact Cars,Premium,Rear-Wheel Drive,17.3478947368421,BMW,Automatic 5-spd,6.0,2.8
6402,Compact Cars,Premium,Rear-Wheel Drive,15.6957142857143,BMW,Manual 5-spd,6.0,2.8
6403,Compact Cars,Premium,Rear-Wheel Drive,18.3116666666667,BMW,Automatic 5-spd,8.0,4.4
6404,Compact Cars,Premium,Rear-Wheel Drive,20.600625,BMW,Automatic 5-spd,8.0,4.4
6405,Compact Cars,Premium,Rear-Wheel Drive,20.600625,BMW,Manual 6-spd,8.0,4.4
6406,Compact Cars,Premium,Rear-Wheel Drive,21.974,BMW,Manual 6-spd,8.0,4.9
6407,Compact Cars,Regular,Front-Wheel Drive,12.6773076923077,Chevrolet,Automatic 3-spd,4.0,1.8
6408,Compact Cars,Regular,Front-Wheel Drive,11.7717857142857,Chevrolet,Automatic 4-spd,4.0,1.8
6409,Compact Cars,Regular,Front-Wheel Drive,10.987,Chevrolet,Manual 5-spd,4.0,1.8
6410,Compact Cars,Regular,Front-Wheel Drive,16.4805,Chrysler,Automatic 4-spd,6.0,2.5
6411,Vans,Regular,Rear-Wheel Drive,25.3546153846154,Dodge,Automatic 3-spd,8.0,5.2
6412,Compact Cars,Regular,Front-Wheel Drive,16.4805,Chrysler,Automatic 4-spd,6.0,2.5
6413,Compact Cars,Regular,Front-Wheel Drive,17.3478947368421,Chrysler,Automatic 4-spd,6.0,2.5
6414,Compact Cars,Regular,Front-Wheel Drive,13.1844,Daewoo,Automatic 4-spd,4.0,1.5
6415,Compact Cars,Regular,Front-Wheel Drive,12.6773076923077,Daewoo,Manual 5-spd,4.0,1.5
6416,Compact Cars,Regular,Front-Wheel Drive,13.73375,Daewoo,Automatic 4-spd,4.0,1.6
6417,Compact Cars,Regular,Front-Wheel Drive,12.6773076923077,Daewoo,Manual 5-spd,4.0,1.6
6418,Compact Cars,Regular,Front-Wheel Drive,14.9822727272727,Daewoo,Automatic 4-spd,4.0,2.0
6419,Compact Cars,Regular,Front-Wheel Drive,14.3308695652174,Daewoo,Manual 5-spd,4.0,2.0
6420,Compact Cars,Regular,Front-Wheel Drive,16.4805,Dodge,Automatic 4-spd,6.0,2.5
6421,Compact Cars,Regular,Front-Wheel Drive,13.73375,Dodge,Automatic 3-spd,4.0,2.0
6422,Vans,Regular,Rear-Wheel Drive,25.3546153846154,Dodge,Automatic 3-spd,8.0,5.2
6423,Compact Cars,Regular,Front-Wheel Drive,12.2077777777778,Dodge,Manual 5-spd,4.0,2.0
6424,Compact Cars,Regular,Front-Wheel Drive,14.3308695652174,Ford,Automatic 4-spd,4.0,2.0
6425,Compact Cars,Regular,Front-Wheel Drive,13.1844,Ford,Manual 5-spd,4.0,2.0
6426,Compact Cars,Regular,Front-Wheel Drive,15.6957142857143,Ford,Automatic 4-spd,6.0,2.5
6427,Compact Cars,Regular,Front-Wheel Drive,15.6957142857143,Ford,Manual 5-spd,6.0,2.5
6428,Compact Cars,Regular,Front-Wheel Drive,12.6773076923077,Ford,Automatic 4-spd,4.0,2.0
6429,Compact Cars,Regular,Front-Wheel Drive,12.2077777777778,Ford,Manual 5-spd,4.0,2.0
6430,Compact Cars,Regular,Front-Wheel Drive,12.6773076923077,Ford,Automatic 4-spd,4.0,2.0
6431,Compact Cars,Regular,Front-Wheel Drive,13.73375,Ford,Automatic 4-spd,4.0,2.0
6432,Compact Cars,Regular,Front-Wheel Drive,12.2077777777778,Ford,Manual 5-spd,4.0,2.0
6433,Vans,Regular,Rear-Wheel Drive,23.5435714285714,Ford,Automatic 3-spd,6.0,4.9
6434,Compact Cars,Regular,Front-Wheel Drive,13.1844,Ford,Manual 5-spd,4.0,2.0
6435,Compact Cars,Regular,Front-Wheel Drive,12.6773076923077,Hyundai,Automatic 4-spd,4.0,1.5
6436,Compact Cars,Regular,Front-Wheel Drive,11.7717857142857,Hyundai,Manual 5-spd,4.0,1.5
6437,Compact Cars,Regular,Front-Wheel Drive,14.9822727272727,Hyundai,Automatic 4-spd,4.0,2.0
6438,Compact Cars,Regular,Front-Wheel Drive,13.73375,Hyundai,Manual 5-spd,4.0,2.0
6439,Compact Cars,Regular,Front-Wheel Drive,14.3308695652174,Infiniti,Automatic 4-spd,4.0,2.0
6440,Compact Cars,Regular,Front-Wheel Drive,13.73375,Infiniti,Manual 5-spd,4.0,2.0
6441,Compact Cars,Premium,Rear-Wheel Drive,18.3116666666667,Jaguar,Automatic 5-spd,8.0,4.0
6442,Compact Cars,Premium,Rear-Wheel Drive,20.600625,Jaguar,Automatic 5-spd,8.0,4.0
6443,Compact Cars,Regular,Front-Wheel Drive,14.3308695652174,Kia,Automatic 4-spd,4.0,1.8
6444,Subcompact Cars,Premium,Rear-Wheel Drive,23.5435714285714,Maserati,Manual 5-spd,6.0,2.5
6445,Vans,Regular,Rear-Wheel Drive,20.600625,Ford,Automatic 4-spd,6.0,4.9
6446,Compact Cars,Regular,Front-Wheel Drive,14.9822727272727,Kia,Manual 5-spd,4.0,1.8
6447,Compact Cars,Regular,Front-Wheel Drive,16.4805,Lexus,Automatic 4-spd,6.0,3.0
6448,Compact Cars,Regular,Front-Wheel Drive,13.1844,Mercury,Manual 5-spd,4.0,2.0
6449,Compact Cars,Regular,Front-Wheel Drive,15.6957142857143,Mercury,Automatic 4-spd,6.0,2.5
6450,Compact Cars,Regular,Front-Wheel Drive,15.6957142857143,Mercury,Manual 5-spd,6.0,2.5
6451,Compact Cars,Regular,Front-Wheel Drive,14.3308695652174,Mercury,Automatic 4-spd,4.0,2.0
6452,Compact Cars,Regular,Front-Wheel Drive,13.1844,Mercury,Manual 5-spd,4.0,2.0
6453,Compact Cars,Regular,Front-Wheel Drive,15.6957142857143,Mercury,Automatic 4-spd,6.0,2.5
6454,Compact Cars,Regular,Front-Wheel Drive,15.6957142857143,Mercury,Manual 5-spd,6.0,2.5
6455,Compact Cars,Premium,Front-Wheel Drive,16.4805,Mazda,Automatic 4-spd,6.0,2.3
6456,Vans,Regular,Rear-Wheel Drive,20.600625,Ford,Manual 3-spd,6.0,4.9
6457,Compact Cars,Premium,Front-Wheel Drive,16.4805,Mazda,Automatic 4-spd,6.0,2.5
6458,Compact Cars,Regular,Front-Wheel Drive,12.6773076923077,Mazda,Automatic 4-spd,4.0,1.6
6459,Compact Cars,Regular,Front-Wheel Drive,12.2077777777778,Mazda,Manual 5-spd,4.0,1.6
6460,Compact Cars,Regular,Front-Wheel Drive,14.3308695652174,Mazda,Automatic 4-spd,4.0,1.8
6461,Compact Cars,Regular,Front-Wheel Drive,13.1844,Mazda,Manual 5-spd,4.0,1.8
6462,Compact Cars,Premium,Rear-Wheel Drive,14.9822727272727,Mercedes-Benz,Automatic 5-spd,4.0,2.3
6463,Compact Cars,Premium,Rear-Wheel Drive,15.6957142857143,Mercedes-Benz,Automatic 5-spd,6.0,2.8
6464,Compact Cars,Premium,Rear-Wheel Drive,18.3116666666667,Mercedes-Benz,Automatic 5-spd,8.0,4.3
6465,Compact Cars,Premium,Rear-Wheel Drive,19.3888235294118,Mercedes-Benz,Automatic 5-spd,8.0,5.0
6466,Compact Cars,Regular,Front-Wheel Drive,15.6957142857143,Nissan,Automatic 4-spd,4.0,2.4
6467,Vans,Regular,Rear-Wheel Drive,19.3888235294118,Ford,Manual 4-spd,6.0,4.9
6468,Compact Cars,Regular,Front-Wheel Drive,13.73375,Nissan,Manual 5-spd,4.0,2.4
6469,Compact Cars,Regular,Front-Wheel Drive,12.6773076923077,Nissan,Automatic 4-spd,4.0,1.8
6470,Compact Cars,Regular,Front-Wheel Drive,12.6773076923077,Nissan,Manual 5-spd,4.0,1.8
6471,Compact Cars,Regular,Front-Wheel Drive,14.3308695652174,Nissan,Automatic 4-spd,4.0,2.0
6472,Compact Cars,Regular,Front-Wheel Drive,13.73375,Nissan,Manual 5-spd,4.0,2.0
6473,Compact Cars,Regular,Front-Wheel Drive,14.3308695652174,Oldsmobile,Automatic 4-spd,4.0,2.4
6474,Compact Cars,Regular,Front-Wheel Drive,14.3308695652174,Oldsmobile,Manual 5-spd,4.0,2.4
6475,Compact Cars,Regular,Front-Wheel Drive,15.6957142857143,Oldsmobile,Automatic 4-spd,6.0,3.4
6476,Compact Cars,Regular,Front-Wheel Drive,13.73375,Plymouth,Automatic 3-spd,4.0,2.0
6477,Compact Cars,Regular,Front-Wheel Drive,12.2077777777778,Plymouth,Manual 5-spd,4.0,2.0
6478,Vans,Regular,Rear-Wheel Drive,27.4675,Ford,Automatic 4-spd,8.0,5.0
6479,Compact Cars,Regular,Front-Wheel Drive,14.3308695652174,Pontiac,Automatic 4-spd,4.0,2.4
6480,Compact Cars,Regular,Front-Wheel Drive,14.3308695652174,Pontiac,Manual 5-spd,4.0,2.4
6481,Compact Cars,Regular,Front-Wheel Drive,15.6957142857143,Pontiac,Automatic 4-spd,6.0,3.4
6482,Compact Cars,Regular,Front-Wheel Drive,12.2077777777778,Saturn,Automatic 4-spd,4.0,1.9
6483,Compact Cars,Regular,Front-Wheel Drive,12.6773076923077,Saturn,Automatic 4-spd,4.0,1.9
6484,Compact Cars,Regular,Front-Wheel Drive,11.3658620689655,Saturn,Manual 5-spd,4.0,1.9
6485,Compact Cars,Regular,Front-Wheel Drive,12.2077777777778,Saturn,Manual 5-spd,4.0,1.9
6486,Compact Cars,Regular,4-Wheel or All-Wheel Drive,15.6957142857143,Subaru,Automatic 4-spd,4.0,2.5
6487,Compact Cars,Regular,4-Wheel or All-Wheel Drive,15.6957142857143,Subaru,Manual 5-spd,4.0,2.5
6488,Compact Cars,Regular,Front-Wheel Drive,14.3308695652174,Toyota,Automatic 4-spd,4.0,2.2
6489,Vans,Regular,Rear-Wheel Drive,32.961,Ford,Automatic 3-spd,8.0,5.8
6490,Compact Cars,Regular,Front-Wheel Drive,13.73375,Toyota,Manual 5-spd,4.0,2.2
6491,Compact Cars,Regular,Front-Wheel Drive,16.4805,Toyota,Automatic 4-spd,6.0,3.0
6492,Compact Cars,Regular,Front-Wheel Drive,15.6957142857143,Toyota,Manual 5-spd,6.0,3.0
6493,Compact Cars,Regular,Front-Wheel Drive,12.6773076923077,Toyota,Automatic 3-spd,4.0,1.8
6494,Compact Cars,Regular,Front-Wheel Drive,11.7717857142857,Toyota,Automatic 4-spd,4.0,1.8
6495,Compact Cars,Regular,Front-Wheel Drive,10.987,Toyota,Manual 5-spd,4.0,1.8
6496,Compact Cars,Regular,Front-Wheel Drive,10.987,Toyota,Automatic 4-spd,4.0,1.5
6497,Compact Cars,Regular,Front-Wheel Drive,10.3003125,Toyota,Manual 5-spd,4.0,1.5
6498,Compact Cars,Premium,Front-Wheel Drive,14.9822727272727,Volkswagen,Automatic 4-spd,4.0,1.8
6499,Compact Cars,Premium,Front-Wheel Drive,13.73375,Volkswagen,Manual 5-spd,4.0,1.8
6500,Vans,Regular,Rear-Wheel Drive,25.3546153846154,Ford,Automatic 4-spd,6.0,4.9
6501,Compact Cars,Diesel,Front-Wheel Drive,11.5813636363636,Volkswagen,Automatic 4-spd,4.0,1.9
6502,Compact Cars,Diesel,Front-Wheel Drive,10.0575,Volkswagen,Manual 5-spd,4.0,1.9
6503,Compact Cars,Regular,Front-Wheel Drive,14.9822727272727,Volkswagen,Automatic 4-spd,4.0,2.0
6504,Compact Cars,Regular,Front-Wheel Drive,13.73375,Volkswagen,Manual 5-spd,4.0,2.0
6505,Compact Cars,Premium,Front-Wheel Drive,14.9822727272727,Volkswagen,Automatic 4-spd,4.0,1.8
6506,Compact Cars,Premium,Front-Wheel Drive,13.73375,Volkswagen,Manual 5-spd,4.0,1.8
6507,Compact Cars,Regular,Front-Wheel Drive,14.9822727272727,Volkswagen,Automatic 4-spd,4.0,2.0
6508,Compact Cars,Regular,Front-Wheel Drive,13.73375,Volkswagen,Manual 5-spd,4.0,2.0
6509,Compact Cars,Regular,Front-Wheel Drive,15.6957142857143,Volkswagen,Manual 5-spd,6.0,2.8
6510,Compact Cars,Premium,Front-Wheel Drive,14.9822727272727,Volkswagen,Automatic 4-spd,4.0,1.8
6511,Vans,Regular,Rear-Wheel Drive,32.961,Ford,Automatic 3-spd,8.0,5.8
6512,Compact Cars,Premium,Front-Wheel Drive,13.73375,Volkswagen,Manual 5-spd,4.0,1.8
6513,Compact Cars,Diesel,Front-Wheel Drive,11.5813636363636,Volkswagen,Automatic 4-spd,4.0,1.9
6514,Compact Cars,Diesel,Front-Wheel Drive,10.0575,Volkswagen,Manual 5-spd,4.0,1.9
6515,Compact Cars,Regular,Front-Wheel Drive,14.9822727272727,Volkswagen,Automatic 4-spd,4.0,2.0
6516,Compact Cars,Regular,Front-Wheel Drive,13.73375,Volkswagen,Manual 5-spd,4.0,2.0
6517,Compact Cars,Regular,Front-Wheel Drive,17.3478947368421,Volkswagen,Automatic 4-spd,6.0,2.8
6518,Compact Cars,Regular,Front-Wheel Drive,16.4805,Volkswagen,Manual 5-spd,6.0,2.8
6519,Compact Cars,Premium,Front-Wheel Drive,16.4805,Volvo,Automatic 4-spd,5.0,2.3
6520,Compact Cars,Premium,Front-Wheel Drive,15.6957142857143,Volvo,Manual 5-spd,5.0,2.3
6521,Compact Cars,Premium,Front-Wheel Drive,16.4805,Volvo,Automatic 4-spd,5.0,2.4
6522,Vans,Regular,Rear-Wheel Drive,21.974,GMC,Automatic 4-spd,6.0,4.3
6523,Compact Cars,Premium,Front-Wheel Drive,15.6957142857143,Volvo,Automatic 4-spd,4.0,1.9
6524,Midsize Cars,Premium,Front-Wheel Drive,16.4805,Acura,Automatic 5-spd,6.0,3.2
6525,Midsize Cars,Premium,Front-Wheel Drive,18.3116666666667,Acura,Automatic 4-spd,6.0,3.5
6526,Midsize Cars,Premium,Front-Wheel Drive,18.3116666666667,Audi,Automatic 5-spd,6.0,2.8
6527,Midsize Cars,Premium,4-Wheel or All-Wheel Drive,18.3116666666667,Audi,Automatic 5-spd,6.0,2.7
6528,Midsize Cars,Premium,4-Wheel or All-Wheel Drive,18.3116666666667,Audi,Manual 6-spd,6.0,2.7
6529,Midsize Cars,Premium,4-Wheel or All-Wheel Drive,18.3116666666667,Audi,Automatic 5-spd,6.0,2.8
6530,Midsize Cars,Premium,4-Wheel or All-Wheel Drive,18.3116666666667,Audi,Manual 5-spd,6.0,2.8
6531,Midsize Cars,Premium,4-Wheel or All-Wheel Drive,18.3116666666667,Audi,Automatic 5-spd,8.0,4.2
6532,Midsize Cars,Premium,4-Wheel or All-Wheel Drive,18.3116666666667,Audi,Automatic 5-spd,8.0,4.2
6533,Vans,Regular,Rear-Wheel Drive,21.974,GMC,Manual 3-spd,6.0,4.3
6534,Midsize Cars,Premium,Rear-Wheel Drive,27.4675,Bentley,Automatic 5-spd,8.0,4.4
6535,Midsize Cars,Premium,Rear-Wheel Drive,27.4675,Bentley,Automatic 4-spd,8.0,6.7
6536,Midsize Cars,Premium,Rear-Wheel Drive,18.3116666666667,BMW,Automatic 5-spd,8.0,4.4
6537,Midsize Cars,Premium,Rear-Wheel Drive,20.600625,BMW,Automatic 5-spd,8.0,4.4
6538,Midsize Cars,Regular,Front-Wheel Drive,15.6957142857143,Buick,Automatic 4-spd,6.0,3.1
6539,Midsize Cars,Regular,Front-Wheel Drive,15.6957142857143,Buick,Automatic 4-spd,6.0,3.8
6540,Midsize Cars,Premium,Front-Wheel Drive,17.3478947368421,Buick,Automatic 4-spd,6.0,3.8
6541,Midsize Cars,Premium,Rear-Wheel Drive,18.3116666666667,Cadillac,Automatic 4-spd,6.0,3.0
6542,Midsize Cars,Premium,Front-Wheel Drive,17.3478947368421,Cadillac,Automatic 4-spd,8.0,4.6
6543,Midsize Cars,Premium,Front-Wheel Drive,17.3478947368421,Cadillac,Automatic 4-spd,8.0,4.6
6544,Vans,Regular,Rear-Wheel Drive,21.974,GMC,Manual 4-spd,6.0,4.3
6545,Midsize Cars,Regular,Front-Wheel Drive,15.6957142857143,Chevrolet,Automatic 4-spd,6.0,3.1
6546,Midsize Cars,Regular,Front-Wheel Drive,15.6957142857143,Chevrolet,Automatic 4-spd,6.0,3.4
6547,Midsize Cars,Regular,Front-Wheel Drive,15.6957142857143,Chevrolet,Automatic 4-spd,6.0,3.8
6548,Midsize Cars,Regular,Front-Wheel Drive,14.3308695652174,Chevrolet,Automatic 4-spd,4.0,2.4
6549,Midsize Cars,Regular,Front-Wheel Drive,15.6957142857143,Chevrolet,Automatic 4-spd,6.0,3.1
6550,Midsize Cars,Regular,Front-Wheel Drive,16.4805,Chrysler,Automatic 4-spd,4.0,2.4
6551,Midsize Cars,Regular,Front-Wheel Drive,16.4805,Chrysler,Automatic 4-spd,6.0,2.5
6552,Midsize Cars,Regular,Front-Wheel Drive,17.3478947368421,Chrysler,Automatic 4-spd,6.0,2.5
6553,Midsize Cars,Regular,Front-Wheel Drive,15.6957142857143,Daewoo,Automatic 4-spd,4.0,2.2
6554,Midsize Cars,Regular,Front-Wheel Drive,15.6957142857143,Daewoo,Manual 5-spd,4.0,2.2
6555,Subcompact Cars,Regular,Front-Wheel Drive,12.6773076923077,Mazda,Automatic 3-spd,4.0,1.5
6556,Vans,Regular,Rear-Wheel Drive,23.5435714285714,GMC,Automatic 4-spd,8.0,5.0
6557,Midsize Cars,Regular,Front-Wheel Drive,14.9822727272727,Dodge,Automatic 4-spd,4.0,2.0
6558,Midsize Cars,Regular,Front-Wheel Drive,16.4805,Dodge,Automatic 4-spd,4.0,2.4
6559,Midsize Cars,Regular,Front-Wheel Drive,16.4805,Dodge,Automatic 4-spd,6.0,2.5
6560,Midsize Cars,Regular,Front-Wheel Drive,17.3478947368421,Dodge,Automatic 4-spd,6.0,2.5
6561,Midsize Cars,Regular,Front-Wheel Drive,14.3308695652174,Honda,Automatic 4-spd,4.0,2.3
6562,Midsize Cars,Regular,Front-Wheel Drive,14.9822727272727,Honda,Automatic 4-spd,4.0,2.3
6563,Midsize Cars,Regular,Front-Wheel Drive,13.73375,Honda,Manual 5-spd,4.0,2.3
6564,Midsize Cars,Regular,Front-Wheel Drive,14.3308695652174,Honda,Manual 5-spd,4.0,2.3
6565,Midsize Cars,Regular,Front-Wheel Drive,15.6957142857143,Honda,Automatic 4-spd,6.0,3.0
6566,Midsize Cars,Regular,Front-Wheel Drive,15.6957142857143,Hyundai,Automatic 4-spd,4.0,2.4
6567,Vans,Regular,Rear-Wheel Drive,16.4805,GMC,Manual 4-spd,4.0,2.5
6568,Midsize Cars,Regular,Front-Wheel Drive,14.9822727272727,Hyundai,Manual 5-spd,4.0,2.4
6569,Midsize Cars,Regular,Front-Wheel Drive,16.4805,Hyundai,Automatic 4-spd,6.0,2.5
6570,Midsize Cars,Regular,Front-Wheel Drive,15.6957142857143,Hyundai,Manual 5-spd,6.0,2.5
6571,Midsize Cars,Regular,Front-Wheel Drive,16.4805,Infiniti,Automatic 4-spd,6.0,3.0
6572,Midsize Cars,Premium,Rear-Wheel Drive,18.3116666666667,Infiniti,Automatic 4-spd,8.0,4.1
6573,Midsize Cars,Premium,Rear-Wheel Drive,18.3116666666667,Jaguar,Automatic 5-spd,8.0,4.0
6574,Midsize Cars,Premium,Rear-Wheel Drive,20.600625,Jaguar,Automatic 5-spd,8.0,4.0
6575,Midsize Cars,Premium,Rear-Wheel Drive,17.3478947368421,Jaguar,Automatic 5-spd,6.0,3.0
6576,Midsize Cars,Premium,Rear-Wheel Drive,19.3888235294118,Jaguar,Automatic 5-spd,8.0,4.0
6577,Midsize Cars,Premium,Rear-Wheel Drive,18.3116666666667,Jaguar,Automatic 5-spd,8.0,4.0
6578,Vans,Regular,Rear-Wheel Drive,19.3888235294118,GMC,Automatic 4-spd,6.0,4.3
6579,Midsize Cars,Premium,Rear-Wheel Drive,17.3478947368421,Lexus,Automatic 5-spd,6.0,3.0
6580,Midsize Cars,Premium,Rear-Wheel Drive,18.3116666666667,Lexus,Automatic 5-spd,8.0,4.0
6581,Midsize Cars,Premium,Rear-Wheel Drive,17.3478947368421,Lexus,Automatic 5-spd,8.0,4.0
6582,Midsize Cars,Premium,Rear-Wheel Drive,18.3116666666667,Lincoln,Automatic 5-spd,6.0,3.0
6583,Midsize Cars,Premium,Rear-Wheel Drive,18.3116666666667,Lincoln,Automatic 5-spd,6.0,3.0
6584,Midsize Cars,Premium,Rear-Wheel Drive,18.3116666666667,Lincoln,Manual 5-spd,6.0,3.0
6585,Midsize Cars,Premium,Rear-Wheel Drive,19.3888235294118,Lincoln,Automatic 5-spd,8.0,3.9
6586,Midsize Cars,Premium,Rear-Wheel Drive,19.3888235294118,Lincoln,Automatic 5-spd,8.0,3.9
6587,Midsize Cars,Regular,Front-Wheel Drive,16.4805,Mercury,Automatic 4-spd,6.0,3.0
6588,Midsize Cars,Regular,Front-Wheel Drive,16.4805,Mercury,Automatic 4-spd,6.0,3.0
6589,Vans,Regular,Rear-Wheel Drive,20.600625,GMC,Manual 4-spd,6.0,4.3
6590,Midsize Cars,Regular,Front-Wheel Drive,14.9822727272727,Mazda,Automatic 4-spd,4.0,2.0
6591,Midsize Cars,Regular,Front-Wheel Drive,13.1844,Mazda,Manual 5-spd,4.0,2.0
6592,Midsize Cars,Premium,Front-Wheel Drive,16.4805,Mazda,Automatic 4-spd,6.0,2.5
6593,Midsize Cars,Premium,Front-Wheel Drive,15.6957142857143,Mazda,Manual 5-spd,6.0,2.5
6594,Midsize Cars,Premium,Rear-Wheel Drive,15.6957142857143,Mercedes-Benz,Automatic 5-spd,6.0,3.2
6595,Midsize Cars,Premium,4-Wheel or All-Wheel Drive,15.6957142857143,Mercedes-Benz,Automatic 5-spd,6.0,3.2
6596,Midsize Cars,Premium,Rear-Wheel Drive,18.3116666666667,Mercedes-Benz,Automatic 5-spd,8.0,4.3
6597,Midsize Cars,Premium,4-Wheel or All-Wheel Drive,18.3116666666667,Mercedes-Benz,Automatic 5-spd,8.0,4.3
6598,Midsize Cars,Premium,Rear-Wheel Drive,19.3888235294118,Mercedes-Benz,Automatic 5-spd,8.0,5.5
6599,Midsize Cars,Premium,Front-Wheel Drive,18.3116666666667,Mitsubishi,Automatic 4-spd,6.0,3.5
6600,Vans,Regular,Rear-Wheel Drive,19.3888235294118,GMC,Manual 5-spd,6.0,4.3
6601,Midsize Cars,Regular,Front-Wheel Drive,15.6957142857143,Mitsubishi,Automatic 4-spd,4.0,2.4
6602,Midsize Cars,Premium,Front-Wheel Drive,16.4805,Mitsubishi,Automatic 4-spd,6.0,3.0
6603,Midsize Cars,Regular,Front-Wheel Drive,16.4805,Nissan,Automatic 4-spd,6.0,3.0
6604,Midsize Cars,Regular,Front-Wheel Drive,15.6957142857143,Nissan,Manual 5-spd,6.0,3.0
6605,Midsize Cars,Regular,Front-Wheel Drive,16.4805,Oldsmobile,Automatic 4-spd,6.0,3.5
6606,Midsize Cars,Regular,Front-Wheel Drive,14.9822727272727,Plymouth,Automatic 4-spd,4.0,2.0
6607,Midsize Cars,Regular,Front-Wheel Drive,12.2077777777778,Plymouth,Manual 5-spd,4.0,2.0
6608,Midsize Cars,Regular,Front-Wheel Drive,16.4805,Plymouth,Automatic 4-spd,4.0,2.4
6609,Midsize Cars,Regular,Front-Wheel Drive,15.6957142857143,Pontiac,Automatic 4-spd,6.0,3.1
6610,Midsize Cars,Regular,Front-Wheel Drive,15.6957142857143,Pontiac,Automatic 4-spd,6.0,3.8
6611,Vans,Regular,Rear-Wheel Drive,16.4805,Chevrolet,Manual 4-spd,4.0,2.5
6612,Midsize Cars,Premium,Front-Wheel Drive,17.3478947368421,Pontiac,Automatic 4-spd,6.0,3.8
6613,Midsize Cars,Premium,Front-Wheel Drive,16.4805,Saab,Automatic 4-spd,4.0,2.0
6614,Midsize Cars,Regular,Front-Wheel Drive,16.4805,Saab,Automatic 4-spd,4.0,2.0
6615,Midsize Cars,Regular,Front-Wheel Drive,14.9822727272727,Saab,Manual 5-spd,4.0,2.0
6616,Midsize Cars,Premium,Front-Wheel Drive,14.9822727272727,Saab,Manual 5-spd,4.0,2.0
6617,Midsize Cars,Premium,Front-Wheel Drive,15.6957142857143,Saab,Manual 5-spd,4.0,2.3
6618,Midsize Cars,Regular,Front-Wheel Drive,16.4805,Saab,Automatic 4-spd,4.0,2.3
6619,Midsize Cars,Premium,Front-Wheel Drive,17.3478947368421,Saab,Automatic 4-spd,4.0,2.3
6620,Midsize Cars,Regular,Front-Wheel Drive,15.6957142857143,Saab,Manual 5-spd,4.0,2.3
6621,Midsize Cars,Premium,Front-Wheel Drive,16.4805,Saab,Manual 5-spd,4.0,2.3
6622,Vans,Regular,Rear-Wheel Drive,20.600625,Chevrolet,Automatic 4-spd,6.0,4.3
6623,Midsize Cars,Premium,Front-Wheel Drive,17.3478947368421,Saab,Automatic 4-spd,6.0,3.0
6624,Midsize Cars,Regular,Front-Wheel Drive,14.3308695652174,Saturn,Automatic 4-spd,4.0,2.2
6625,Midsize Cars,Regular,Front-Wheel Drive,13.73375,Saturn,Manual 5-spd,4.0,2.2
6626,Midsize Cars,Regular,Front-Wheel Drive,16.4805,Saturn,Automatic 4-spd,6.0,3.0
6627,Midsize Cars,Regular,Front-Wheel Drive,14.3308695652174,Toyota,Automatic 4-spd,4.0,2.2
6628,Midsize Cars,Regular,Front-Wheel Drive,13.73375,Toyota,Manual 5-spd,4.0,2.2
6629,Midsize Cars,Regular,Front-Wheel Drive,16.4805,Toyota,Automatic 4-spd,6.0,3.0
6630,Midsize Cars,Regular,Front-Wheel Drive,15.6957142857143,Toyota,Manual 5-spd,6.0,3.0
6631,Midsize Cars,Premium,Front-Wheel Drive,15.6957142857143,Volkswagen,Automatic 5-spd,4.0,1.8
6632,Midsize Cars,Premium,Front-Wheel Drive,13.73375,Volkswagen,Manual 5-spd,4.0,1.8
6633,Vans,Regular,Rear-Wheel Drive,21.974,Chevrolet,Manual 4-spd,6.0,4.3
6634,Midsize Cars,Premium,Front-Wheel Drive,17.3478947368421,Volkswagen,Automatic 5-spd,6.0,2.8
6635,Midsize Cars,Premium,Front-Wheel Drive,15.6957142857143,Volkswagen,Manual 5-spd,6.0,2.8
6636,Midsize Cars,Premium,4-Wheel or All-Wheel Drive,18.3116666666667,Volkswagen,Automatic 5-spd,6.0,2.8
6637,Midsize Cars,Premium,Front-Wheel Drive,16.4805,Volvo,Automatic 4-spd,5.0,2.3
6638,Midsize Cars,Premium,Front-Wheel Drive,15.6957142857143,Volvo,Manual 5-spd,5.0,2.3
6639,Midsize Cars,Premium,Front-Wheel Drive,16.4805,Volvo,Automatic 4-spd,5.0,2.4
6640,Midsize Cars,Premium,Front-Wheel Drive,15.6957142857143,Volvo,Automatic 5-spd,5.0,2.4
6641,Midsize Cars,Premium,Front-Wheel Drive,14.9822727272727,Volvo,Manual 5-spd,5.0,2.4
6642,Midsize Cars,Premium,4-Wheel or All-Wheel Drive,17.3478947368421,Volvo,Automatic 4-spd,5.0,2.4
6643,Midsize Cars,Premium,Front-Wheel Drive,18.3116666666667,Volvo,Automatic 4-spd,6.0,2.8
6644,Vans,Regular,Rear-Wheel Drive,20.600625,Chevrolet,Manual 5-spd,6.0,4.3
6645,Midsize Cars,Premium,Front-Wheel Drive,17.3478947368421,Volvo,Automatic 4-spd,6.0,2.9
6646,Large Cars,Premium,4-Wheel or All-Wheel Drive,18.3116666666667,Audi,Automatic 5-spd,8.0,4.2
6647,Large Cars,Premium,Rear-Wheel Drive,18.3116666666667,BMW,Automatic 5-spd,8.0,4.4
6648,Large Cars,Premium,Rear-Wheel Drive,23.5435714285714,BMW,Automatic 5-spd,12.0,5.4
6649,Large Cars,Regular,Front-Wheel Drive,16.4805,Buick,Automatic 4-spd,6.0,3.8
6650,Large Cars,Regular,Front-Wheel Drive,16.4805,Buick,Automatic 4-spd,6.0,3.8
6651,Large Cars,Premium,Front-Wheel Drive,17.3478947368421,Buick,Automatic 4-spd,6.0,3.8
6652,Large Cars,Premium,Front-Wheel Drive,17.3478947368421,Cadillac,Automatic 4-spd,8.0,4.6
6653,Large Cars,Regular,Front-Wheel Drive,15.6957142857143,Chevrolet,Automatic 4-spd,6.0,3.4
6654,Large Cars,Regular,Front-Wheel Drive,15.6957142857143,Chevrolet,Automatic 4-spd,6.0,3.8
6655,Vans,Regular,Rear-Wheel Drive,21.974,Chevrolet,Automatic 4-spd,6.0,4.3
6656,Large Cars,Regular,Front-Wheel Drive,15.6957142857143,Chevrolet,Automatic 4-spd,6.0,3.8
6657,Large Cars,Regular,Front-Wheel Drive,17.3478947368421,Chrysler,Automatic 4-spd,6.0,3.5
6658,Large Cars,Regular,Front-Wheel Drive,15.6957142857143,Chrysler,Automatic 4-spd,6.0,2.7
6659,Large Cars,Regular,Front-Wheel Drive,16.4805,Chrysler,Automatic 4-spd,6.0,3.2
6660,Large Cars,Regular,Front-Wheel Drive,17.3478947368421,Chrysler,Automatic 4-spd,6.0,3.5
6661,Large Cars,Regular,Front-Wheel Drive,15.6957142857143,Dodge,Automatic 4-spd,6.0,2.7
6662,Large Cars,Regular,Front-Wheel Drive,15.6957142857143,Dodge,Automatic 4-spd,6.0,2.7
6663,Large Cars,Regular,Front-Wheel Drive,16.4805,Dodge,Automatic 4-spd,6.0,3.2
6664,Large Cars,Regular,Front-Wheel Drive,17.3478947368421,Dodge,Automatic 4-spd,6.0,3.5
6665,Large Cars,Regular,Rear-Wheel Drive,18.3116666666667,Ford,Automatic 4-spd,8.0,4.6
6666,Two Seaters,Regular,Front-Wheel Drive,10.987,Honda,Manual 5-spd,4.0,1.5
6667,Subcompact Cars,Regular,Front-Wheel Drive,12.2077777777778,Mazda,Manual 4-spd,4.0,1.5
6668,Vans,Regular,Rear-Wheel Drive,23.5435714285714,Chevrolet,Manual 3-spd,6.0,4.3
6669,Large Cars,Regular,Front-Wheel Drive,16.4805,Ford,Automatic 4-spd,6.0,3.0
6670,Large Cars,Regular,Front-Wheel Drive,16.4805,Ford,Automatic 4-spd,6.0,3.0
6671,Large Cars,Premium,Front-Wheel Drive,18.3116666666667,Lincoln,Automatic 4-spd,8.0,4.6
6672,Large Cars,Regular,Rear-Wheel Drive,18.3116666666667,Mercury,Automatic 4-spd,8.0,4.6
6673,Large Cars,Regular,Rear-Wheel Drive,18.3116666666667,Lincoln,Automatic 4-spd,8.0,4.6
6674,Large Cars,Premium,Rear-Wheel Drive,18.3116666666667,Mercedes-Benz,Automatic 5-spd,8.0,4.3
6675,Large Cars,Premium,Rear-Wheel Drive,19.3888235294118,Mercedes-Benz,Automatic 5-spd,8.0,5.0
6676,Large Cars,Regular,Front-Wheel Drive,16.4805,Pontiac,Automatic 4-spd,6.0,3.8
6677,Large Cars,Premium,Front-Wheel Drive,17.3478947368421,Pontiac,Automatic 4-spd,6.0,3.8
6678,Large Cars,Regular,Front-Wheel Drive,14.9822727272727,Toyota,Automatic 4-spd,6.0,3.0
6679,Vans,Regular,Rear-Wheel Drive,27.4675,Chevrolet,Automatic 4-spd,8.0,5.7
6680,Small Station Wagons,Premium,Front-Wheel Drive,17.3478947368421,Audi,Automatic 5-spd,6.0,2.8
6681,Small Station Wagons,Premium,4-Wheel or All-Wheel Drive,16.4805,Audi,Automatic 5-spd,4.0,1.8
6682,Small Station Wagons,Premium,4-Wheel or All-Wheel Drive,14.9822727272727,Audi,Manual 5-spd,4.0,1.8
6683,Small Station Wagons,Premium,4-Wheel or All-Wheel Drive,18.3116666666667,Audi,Automatic 5-spd,6.0,2.8
6684,Small Station Wagons,Premium,4-Wheel or All-Wheel Drive,17.3478947368421,Audi,Manual 5-spd,6.0,2.8
6685,Small Station Wagons,Premium,Rear-Wheel Drive,17.3478947368421,BMW,Automatic 5-spd,6.0,2.5
6686,Small Station Wagons,Premium,Rear-Wheel Drive,15.6957142857143,BMW,Manual 5-spd,6.0,2.5
6687,Small Station Wagons,Premium,Rear-Wheel Drive,17.3478947368421,BMW,Automatic 4-spd,6.0,2.8
6688,Small Station Wagons,Premium,Rear-Wheel Drive,17.3478947368421,BMW,Automatic 5-spd,6.0,2.8
6689,Small Station Wagons,Premium,Rear-Wheel Drive,17.3478947368421,BMW,Manual 5-spd,6.0,2.8
6690,Vans,Diesel,Rear-Wheel Drive,21.2325,Chevrolet,Automatic 4-spd,8.0,6.2
6691,Small Station Wagons,Premium,Rear-Wheel Drive,20.600625,BMW,Automatic 5-spd,8.0,4.4
6692,Small Station Wagons,Regular,Front-Wheel Drive,14.9822727272727,Daewoo,Automatic 4-spd,4.0,2.0
6693,Small Station Wagons,Regular,Front-Wheel Drive,14.3308695652174,Daewoo,Manual 5-spd,4.0,2.0
6694,Small Station Wagons,Regular,Front-Wheel Drive,14.9822727272727,Hyundai,Automatic 4-spd,4.0,2.0
6695,Small Station Wagons,Regular,Front-Wheel Drive,13.73375,Hyundai,Manual 5-spd,4.0,2.0
6696,Small Station Wagons,Regular,Front-Wheel Drive,12.2077777777778,Saturn,Automatic 4-spd,4.0,1.9
6697,Small Station Wagons,Regular,Front-Wheel Drive,12.6773076923077,Saturn,Automatic 4-spd,4.0,1.9
6698,Small Station Wagons,Regular,Front-Wheel Drive,12.2077777777778,Saturn,Manual 5-spd,4.0,1.9
6699,Small Station Wagons,Regular,Front-Wheel Drive,12.6773076923077,Suzuki,Automatic 4-spd,4.0,1.6
6700,Small Station Wagons,Regular,Front-Wheel Drive,11.7717857142857,Suzuki,Manual 5-spd,4.0,1.6
6701,Vans,Regular,Rear-Wheel Drive,29.9645454545455,Chevrolet,Automatic 4-spd,8.0,5.7
6702,Small Station Wagons,Regular,Front-Wheel Drive,12.6773076923077,Suzuki,Automatic 4-spd,4.0,1.8
6703,Small Station Wagons,Regular,Front-Wheel Drive,12.6773076923077,Suzuki,Manual 5-spd,4.0,1.8
6704,Small Station Wagons,Premium,Front-Wheel Drive,15.6957142857143,Volvo,Automatic 4-spd,4.0,1.9
6705,Midsize Station Wagons,Premium,4-Wheel or All-Wheel Drive,18.3116666666667,Audi,Automatic 5-spd,6.0,2.8
6706,Midsize Station Wagons,Regular,Front-Wheel Drive,12.6773076923077,Ford,Automatic 4-spd,4.0,2.0
6707,Midsize Station Wagons,Regular,Front-Wheel Drive,13.1844,Ford,Automatic 4-spd,4.0,2.0
6708,Midsize Station Wagons,Regular,Front-Wheel Drive,17.3478947368421,Ford,Automatic 4-spd,6.0,3.0
6709,Midsize Station Wagons,Regular,Front-Wheel Drive,16.4805,Ford,Automatic 4-spd,6.0,3.0
6710,Midsize Station Wagons,Regular,Front-Wheel Drive,17.3478947368421,Lexus,Automatic 4-spd,6.0,3.0
6711,Midsize Station Wagons,Regular,4-Wheel or All-Wheel Drive,18.3116666666667,Lexus,Automatic 4-spd,6.0,3.0
6712,Vans,Regular,Rear-Wheel Drive,25.3546153846154,Dodge,Automatic 3-spd,6.0,3.7
6713,Midsize Station Wagons,Regular,Front-Wheel Drive,16.4805,Mercury,Automatic 4-spd,6.0,3.0
6714,Midsize Station Wagons,Regular,Front-Wheel Drive,17.3478947368421,Mercury,Automatic 4-spd,6.0,3.0
6715,Midsize Station Wagons,Premium,Rear-Wheel Drive,16.4805,Mercedes-Benz,Automatic 5-spd,6.0,3.2
6716,Midsize Station Wagons,Premium,4-Wheel or All-Wheel Drive,16.4805,Mercedes-Benz,Automatic 5-spd,6.0,3.2
6717,Midsize Station Wagons,Premium,Front-Wheel Drive,16.4805,Saab,Automatic 4-spd,4.0,2.3
6718,Midsize Station Wagons,Regular,Front-Wheel Drive,17.3478947368421,Saab,Automatic 4-spd,4.0,2.3
6719,Midsize Station Wagons,Regular,Front-Wheel Drive,15.6957142857143,Saab,Manual 5-spd,4.0,2.3
6720,Midsize Station Wagons,Premium,Front-Wheel Drive,16.4805,Saab,Manual 5-spd,4.0,2.3
6721,Midsize Station Wagons,Premium,Front-Wheel Drive,17.3478947368421,Saab,Automatic 4-spd,6.0,3.0
6722,Midsize Station Wagons,Regular,Front-Wheel Drive,14.3308695652174,Saturn,Automatic 4-spd,4.0,2.2
6723,Vans,Regular,Rear-Wheel Drive,25.3546153846154,Dodge,Automatic 3-spd,8.0,5.2
6724,Midsize Station Wagons,Regular,Front-Wheel Drive,16.4805,Saturn,Automatic 4-spd,6.0,3.0
6725,Midsize Station Wagons,Regular,4-Wheel or All-Wheel Drive,15.6957142857143,Subaru,Automatic 4-spd,4.0,2.5
6726,Midsize Station Wagons,Regular,4-Wheel or All-Wheel Drive,15.6957142857143,Subaru,Manual 5-spd,4.0,2.5
6727,Midsize Station Wagons,Premium,Front-Wheel Drive,15.6957142857143,Volkswagen,Automatic 5-spd,4.0,1.8
6728,Midsize Station Wagons,Premium,Front-Wheel Drive,13.73375,Volkswagen,Manual 5-spd,4.0,1.8
6729,Midsize Station Wagons,Premium,Front-Wheel Drive,17.3478947368421,Volkswagen,Automatic 5-spd,6.0,2.8
6730,Midsize Station Wagons,Premium,Front-Wheel Drive,15.6957142857143,Volkswagen,Manual 5-spd,6.0,2.8
6731,Midsize Station Wagons,Premium,4-Wheel or All-Wheel Drive,18.3116666666667,Volkswagen,Automatic 5-spd,6.0,2.8
6732,Midsize Station Wagons,Premium,Front-Wheel Drive,16.4805,Volvo,Automatic 4-spd,5.0,2.3
6733,Midsize Station Wagons,Premium,Front-Wheel Drive,15.6957142857143,Volvo,Manual 5-spd,5.0,2.3
6734,Vans,Regular,Rear-Wheel Drive,25.3546153846154,Ford,Automatic 4-spd,6.0,4.9
6735,Midsize Station Wagons,Premium,Front-Wheel Drive,16.4805,Volvo,Automatic 4-spd,5.0,2.4
6736,Midsize Station Wagons,Premium,Front-Wheel Drive,15.6957142857143,Volvo,Automatic 5-spd,5.0,2.4
6737,Midsize Station Wagons,Premium,Front-Wheel Drive,14.9822727272727,Volvo,Manual 5-spd,5.0,2.4
6738,Midsize Station Wagons,Premium,4-Wheel or All-Wheel Drive,17.3478947368421,Volvo,Automatic 4-spd,5.0,2.4
6739,Midsize Station Wagons,Premium,4-Wheel or All-Wheel Drive,18.3116666666667,Volvo,Automatic 5-spd,5.0,2.4
6740,Small Pickup Trucks 2WD,Regular,Rear-Wheel Drive,17.3478947368421,Chevrolet,Automatic 4-spd,4.0,2.2
6741,Small Pickup Trucks 2WD,Regular,Rear-Wheel Drive,17.3478947368421,Chevrolet,Automatic 4-spd,4.0,2.2
6742,Small Pickup Trucks 2WD,Regular,Rear-Wheel Drive,14.3308695652174,Chevrolet,Manual 5-spd,4.0,2.2
6743,Small Pickup Trucks 2WD,Regular,Rear-Wheel Drive,14.9822727272727,Chevrolet,Manual 5-spd,4.0,2.2
6744,Small Pickup Trucks 2WD,Regular,Rear-Wheel Drive,19.3888235294118,Chevrolet,Automatic 4-spd,6.0,4.3
6745,Vans,Regular,Rear-Wheel Drive,23.5435714285714,Ford,Manual 4-spd,6.0,4.9
6746,Small Pickup Trucks 2WD,Regular,Rear-Wheel Drive,18.3116666666667,Chevrolet,Manual 5-spd,6.0,4.3
6747,Small Pickup Trucks 2WD,Regular,Rear-Wheel Drive,17.3478947368421,GMC,Automatic 4-spd,4.0,2.2
6748,Small Pickup Trucks 2WD,Regular,Rear-Wheel Drive,17.3478947368421,GMC,Automatic 4-spd,4.0,2.2
6749,Small Pickup Trucks 2WD,Regular,Rear-Wheel Drive,14.3308695652174,GMC,Manual 5-spd,4.0,2.2
6750,Small Pickup Trucks 2WD,Regular,Rear-Wheel Drive,14.9822727272727,GMC,Manual 5-spd,4.0,2.2
6751,Small Pickup Trucks 2WD,Regular,Rear-Wheel Drive,19.3888235294118,GMC,Automatic 4-spd,6.0,4.3
6752,Small Pickup Trucks 2WD,Regular,Rear-Wheel Drive,18.3116666666667,GMC,Manual 5-spd,6.0,4.3
6753,Small Pickup Trucks 2WD,Regular,Rear-Wheel Drive,17.3478947368421,Isuzu,Automatic 4-spd,4.0,2.2
6754,Small Pickup Trucks 2WD,Regular,Rear-Wheel Drive,17.3478947368421,Isuzu,Automatic 4-spd,4.0,2.2
6755,Small Pickup Trucks 2WD,Regular,Rear-Wheel Drive,14.3308695652174,Isuzu,Manual 5-spd,4.0,2.2
6756,Vans,Regular,Rear-Wheel Drive,32.961,Ford,Automatic 3-spd,8.0,5.8
6757,Small Pickup Trucks 2WD,Regular,Rear-Wheel Drive,14.9822727272727,Isuzu,Manual 5-spd,4.0,2.2
6758,Small Pickup Trucks 2WD,Regular,Rear-Wheel Drive,19.3888235294118,Isuzu,Automatic 4-spd,6.0,4.3
6759,Standard Pickup Trucks 2WD,Regular,Rear-Wheel Drive,20.600625,Chevrolet,Automatic 4-spd,6.0,4.3
6760,Standard Pickup Trucks 2WD,Regular,Rear-Wheel Drive,19.3888235294118,Chevrolet,Manual 5-spd,6.0,4.3
6761,Standard Pickup Trucks 2WD,Regular,Rear-Wheel Drive,20.600625,Chevrolet,Automatic 4-spd,8.0,4.8
6762,Standard Pickup Trucks 2WD,Regular,Rear-Wheel Drive,20.600625,Chevrolet,Manual 5-spd,8.0,4.8
6763,Standard Pickup Trucks 2WD,Regular,Rear-Wheel Drive,20.600625,Chevrolet,Automatic 4-spd,8.0,5.3
6764,Standard Pickup Trucks 2WD,Regular,Rear-Wheel Drive,21.974,Chevrolet,Automatic 4-spd,8.0,5.3
6765,Standard Pickup Trucks 2WD,Regular,Rear-Wheel Drive,27.4675,Chevrolet,Automatic 4-spd,8.0,6.0
6766,Standard Pickup Trucks 2WD,Regular,Rear-Wheel Drive,16.4805,Dodge,Manual 5-spd,4.0,2.5
6767,Vans,Regular,Rear-Wheel Drive,21.974,GMC,Automatic 4-spd,6.0,4.3
6768,Standard Pickup Trucks 2WD,Regular,Rear-Wheel Drive,20.600625,Dodge,Automatic 4-spd,6.0,3.9
6769,Standard Pickup Trucks 2WD,Regular,Rear-Wheel Drive,19.3888235294118,Dodge,Manual 5-spd,6.0,3.9
6770,Standard Pickup Trucks 2WD,Regular,Rear-Wheel Drive,21.974,Dodge,Automatic 4-spd,8.0,4.7
6771,Standard Pickup Trucks 2WD,Regular,Rear-Wheel Drive,21.974,Dodge,Manual 5-spd,8.0,4.7
6772,Standard Pickup Trucks 2WD,Regular,Rear-Wheel Drive,25.3546153846154,Dodge,Automatic 4-spd,8.0,5.9
6773,Standard Pickup Trucks 2WD,Regular,Rear-Wheel Drive,20.600625,Dodge,Automatic 4-spd,6.0,3.9
6774,Standard Pickup Trucks 2WD,Regular,Rear-Wheel Drive,21.974,Dodge,Manual 5-spd,6.0,3.9
6775,Standard Pickup Trucks 2WD,Regular,Rear-Wheel Drive,23.5435714285714,Dodge,Automatic 4-spd,8.0,5.2
6776,Standard Pickup Trucks 2WD,Regular,Rear-Wheel Drive,23.5435714285714,Dodge,Manual 5-spd,8.0,5.2
6777,Standard Pickup Trucks 2WD,Regular,Rear-Wheel Drive,25.3546153846154,Dodge,Automatic 4-spd,8.0,5.9
6778,Subcompact Cars,Regular,Front-Wheel Drive,10.987,Mazda,Manual 5-spd,4.0,1.5
6779,Vans,Regular,Rear-Wheel Drive,23.5435714285714,GMC,Manual 3-spd,6.0,4.3
6780,Standard Pickup Trucks 2WD,Regular,Rear-Wheel Drive,20.600625,Ford,Automatic 4-spd,6.0,4.2
6781,Standard Pickup Trucks 2WD,Regular,Rear-Wheel Drive,20.600625,Ford,Manual 5-spd,6.0,4.2
6782,Standard Pickup Trucks 2WD,Regular,Rear-Wheel Drive,20.600625,Ford,Automatic 4-spd,8.0,4.6
6783,Standard Pickup Trucks 2WD,Regular,Rear-Wheel Drive,21.974,Ford,Manual 5-spd,8.0,4.6
6784,Standard Pickup Trucks 2WD,Regular,Rear-Wheel Drive,21.974,Ford,Automatic 4-spd,8.0,5.4
6785,Standard Pickup Trucks 2WD,Premium,Rear-Wheel Drive,25.3546153846154,Ford,Automatic 4-spd,8.0,5.4
6786,Standard Pickup Trucks 2WD,Regular,Rear-Wheel Drive,16.4805,Ford,Automatic 4-spd,4.0,2.5
6787,Standard Pickup Trucks 2WD,Regular,Rear-Wheel Drive,14.9822727272727,Ford,Manual 5-spd,4.0,2.5
6788,Standard Pickup Trucks 2WD,Regular,Rear-Wheel Drive,20.600625,Ford,Automatic 5-spd,6.0,4.0
6789,Standard Pickup Trucks 2WD,Regular,Rear-Wheel Drive,18.3116666666667,Ford,Manual 5-spd,6.0,4.0
6790,Vans,Regular,Rear-Wheel Drive,27.4675,GMC,Automatic 4-spd,8.0,5.7
6791,Standard Pickup Trucks 2WD,Regular,Rear-Wheel Drive,20.600625,GMC,Automatic 4-spd,6.0,4.3
6792,Standard Pickup Trucks 2WD,Regular,Rear-Wheel Drive,18.3116666666667,GMC,Manual 5-spd,6.0,4.3
6793,Standard Pickup Trucks 2WD,Regular,Rear-Wheel Drive,20.600625,GMC,Automatic 4-spd,8.0,4.8
6794,Standard Pickup Trucks 2WD,Regular,Rear-Wheel Drive,20.600625,GMC,Manual 5-spd,8.0,4.8
6795,Standard Pickup Trucks 2WD,Regular,Rear-Wheel Drive,20.600625,GMC,Automatic 4-spd,8.0,5.3
6796,Standard Pickup Trucks 2WD,Regular,Rear-Wheel Drive,21.974,GMC,Automatic 4-spd,8.0,5.3
6797,Standard Pickup Trucks 2WD,Regular,Rear-Wheel Drive,27.4675,GMC,Automatic 4-spd,8.0,6.0
6798,Standard Pickup Trucks 2WD,Regular,Rear-Wheel Drive,16.4805,Mazda,Automatic 4-spd,4.0,2.5
6799,Standard Pickup Trucks 2WD,Regular,Rear-Wheel Drive,14.9822727272727,Mazda,Manual 5-spd,4.0,2.5
6800,Standard Pickup Trucks 2WD,Regular,Rear-Wheel Drive,20.600625,Mazda,Automatic 5-spd,6.0,4.0
6801,Vans,Diesel,Rear-Wheel Drive,21.2325,GMC,Automatic 4-spd,8.0,6.2
6802,Standard Pickup Trucks 2WD,Regular,Rear-Wheel Drive,18.3116666666667,Mazda,Manual 5-spd,6.0,4.0
6803,Standard Pickup Trucks 2WD,Regular,Rear-Wheel Drive,17.3478947368421,Nissan,Automatic 4-spd,4.0,2.4
6804,Standard Pickup Trucks 2WD,Regular,Rear-Wheel Drive,15.6957142857143,Nissan,Manual 5-spd,4.0,2.4
6805,Standard Pickup Trucks 2WD,Regular,Rear-Wheel Drive,21.974,Nissan,Automatic 4-spd,6.0,3.3
6806,Standard Pickup Trucks 2WD,Regular,Rear-Wheel Drive,20.600625,Nissan,Manual 5-spd,6.0,3.3
6807,Standard Pickup Trucks 2WD,Regular,Rear-Wheel Drive,16.4805,Toyota,Automatic 4-spd,4.0,2.4
6808,Standard Pickup Trucks 2WD,Regular,Rear-Wheel Drive,15.6957142857143,Toyota,Manual 5-spd,4.0,2.4
6809,Standard Pickup Trucks 2WD,Regular,Rear-Wheel Drive,18.3116666666667,Toyota,Automatic 4-spd,4.0,2.7
6810,Standard Pickup Trucks 2WD,Regular,Rear-Wheel Drive,19.3888235294118,Toyota,Automatic 4-spd,6.0,3.4
6811,Standard Pickup Trucks 2WD,Regular,Rear-Wheel Drive,17.3478947368421,Toyota,Manual 5-spd,6.0,3.4
6812,Vans,Regular,Rear-Wheel Drive,29.9645454545455,GMC,Automatic 4-spd,8.0,5.7
6813,Standard Pickup Trucks 2WD,Regular,Rear-Wheel Drive,20.600625,Toyota,Automatic 4-spd,6.0,3.4
6814,Standard Pickup Trucks 2WD,Regular,Rear-Wheel Drive,20.600625,Toyota,Manual 5-spd,6.0,3.4
6815,Standard Pickup Trucks 2WD,Regular,Rear-Wheel Drive,21.974,Toyota,Automatic 4-spd,8.0,4.7
6816,Standard Pickup Trucks 4WD,Regular,4-Wheel or All-Wheel Drive,20.600625,Chevrolet,Automatic 4-spd,6.0,4.3
6817,Standard Pickup Trucks 4WD,Regular,4-Wheel or All-Wheel Drive,21.974,Chevrolet,Manual 5-spd,6.0,4.3
6818,Standard Pickup Trucks 4WD,Regular,4-Wheel or All-Wheel Drive,21.974,Chevrolet,Automatic 4-spd,8.0,4.8
6819,Standard Pickup Trucks 4WD,Regular,4-Wheel or All-Wheel Drive,21.974,Chevrolet,Manual 5-spd,8.0,4.8
6820,Standard Pickup Trucks 4WD,Regular,4-Wheel or All-Wheel Drive,23.5435714285714,Chevrolet,Automatic 4-spd,8.0,5.3
6821,Standard Pickup Trucks 4WD,Regular,4-Wheel or All-Wheel Drive,20.600625,Chevrolet,Automatic 4-spd,6.0,4.3
6822,Standard Pickup Trucks 4WD,Regular,4-Wheel or All-Wheel Drive,19.3888235294118,Chevrolet,Manual 5-spd,6.0,4.3
6823,Vans,Regular,Rear-Wheel Drive,16.4805,GMC,Manual 4-spd,4.0,2.5
6824,Standard Pickup Trucks 4WD,Regular,4-Wheel or All-Wheel Drive,23.5435714285714,Dodge,Automatic 4-spd,6.0,3.9
6825,Standard Pickup Trucks 4WD,Regular,4-Wheel or All-Wheel Drive,21.974,Dodge,Manual 5-spd,6.0,3.9
6826,Standard Pickup Trucks 4WD,Regular,4-Wheel or All-Wheel Drive,23.5435714285714,Dodge,Automatic 4-spd,8.0,4.7
6827,Standard Pickup Trucks 4WD,Regular,4-Wheel or All-Wheel Drive,23.5435714285714,Dodge,Manual 5-spd,8.0,4.7
6828,Standard Pickup Trucks 4WD,Regular,4-Wheel or All-Wheel Drive,27.4675,Dodge,Automatic 4-spd,8.0,5.9
6829,Standard Pickup Trucks 4WD,Regular,4-Wheel or All-Wheel Drive,25.3546153846154,Dodge,Automatic 4-spd,8.0,5.2
6830,Standard Pickup Trucks 4WD,Regular,4-Wheel or All-Wheel Drive,25.3546153846154,Dodge,Manual 5-spd,8.0,5.2
6831,Standard Pickup Trucks 4WD,Regular,4-Wheel or All-Wheel Drive,25.3546153846154,Dodge,Automatic 4-spd,8.0,5.9
6832,Standard Pickup Trucks 4WD,Regular,4-Wheel or All-Wheel Drive,21.974,Ford,Automatic 4-spd,6.0,4.2
6833,Standard Pickup Trucks 4WD,Regular,4-Wheel or All-Wheel Drive,21.974,Ford,Manual 5-spd,6.0,4.2
6834,Vans,Regular,Rear-Wheel Drive,20.600625,GMC,Automatic 4-spd,6.0,4.3
6835,Standard Pickup Trucks 4WD,Regular,4-Wheel or All-Wheel Drive,23.5435714285714,Ford,Automatic 4-spd,8.0,4.6
6836,Standard Pickup Trucks 4WD,Regular,4-Wheel or All-Wheel Drive,23.5435714285714,Ford,Manual 5-spd,8.0,4.6
6837,Standard Pickup Trucks 4WD,Regular,4-Wheel or All-Wheel Drive,23.5435714285714,Ford,Automatic 4-spd,8.0,5.4
6838,Standard Pickup Trucks 4WD,Regular,4-Wheel or All-Wheel Drive,21.974,Ford,Automatic 5-spd,6.0,4.0
6839,Standard Pickup Trucks 4WD,Regular,4-Wheel or All-Wheel Drive,20.600625,Ford,Manual 5-spd,6.0,4.0
6840,Standard Pickup Trucks 4WD,Regular,4-Wheel or All-Wheel Drive,20.600625,GMC,Automatic 4-spd,6.0,4.3
6841,Standard Pickup Trucks 4WD,Regular,4-Wheel or All-Wheel Drive,21.974,GMC,Manual 5-spd,6.0,4.3
6842,Standard Pickup Trucks 4WD,Regular,4-Wheel or All-Wheel Drive,21.974,GMC,Automatic 4-spd,8.0,4.8
6843,Standard Pickup Trucks 4WD,Regular,4-Wheel or All-Wheel Drive,21.974,GMC,Manual 5-spd,8.0,4.8
6844,Standard Pickup Trucks 4WD,Regular,4-Wheel or All-Wheel Drive,23.5435714285714,GMC,Automatic 4-spd,8.0,5.3
6845,Vans,Regular,Rear-Wheel Drive,21.974,GMC,Manual 4-spd,6.0,4.3
6846,Standard Pickup Trucks 4WD,Regular,4-Wheel or All-Wheel Drive,20.600625,GMC,Automatic 4-spd,6.0,4.3
6847,Standard Pickup Trucks 4WD,Regular,4-Wheel or All-Wheel Drive,19.3888235294118,GMC,Manual 5-spd,6.0,4.3
6848,Standard Pickup Trucks 4WD,Regular,4-Wheel or All-Wheel Drive,20.600625,Isuzu,Automatic 4-spd,6.0,4.3
6849,Standard Pickup Trucks 4WD,Regular,4-Wheel or All-Wheel Drive,19.3888235294118,Isuzu,Manual 5-spd,6.0,4.3
6850,Standard Pickup Trucks 4WD,Regular,4-Wheel or All-Wheel Drive,21.974,Mazda,Automatic 5-spd,6.0,4.0
6851,Standard Pickup Trucks 4WD,Regular,4-Wheel or All-Wheel Drive,20.600625,Mazda,Manual 5-spd,6.0,4.0
6852,Standard Pickup Trucks 4WD,Regular,4-Wheel or All-Wheel Drive,19.3888235294118,Nissan,Manual 5-spd,4.0,2.4
6853,Standard Pickup Trucks 4WD,Regular,4-Wheel or All-Wheel Drive,21.974,Nissan,Automatic 4-spd,6.0,3.3
6854,Standard Pickup Trucks 4WD,Regular,4-Wheel or All-Wheel Drive,21.974,Nissan,Manual 5-spd,6.0,3.3
6855,Standard Pickup Trucks 4WD,Regular,4-Wheel or All-Wheel Drive,18.3116666666667,Toyota,Automatic 4-spd,4.0,2.7
6856,Vans,Regular,Rear-Wheel Drive,20.600625,GMC,Manual 5-spd,6.0,4.3
6857,Standard Pickup Trucks 4WD,Regular,4-Wheel or All-Wheel Drive,19.3888235294118,Toyota,Manual 5-spd,4.0,2.7
6858,Standard Pickup Trucks 4WD,Regular,4-Wheel or All-Wheel Drive,20.600625,Toyota,Automatic 4-spd,6.0,3.4
6859,Standard Pickup Trucks 4WD,Regular,4-Wheel or All-Wheel Drive,20.600625,Toyota,Manual 5-spd,6.0,3.4
6860,Standard Pickup Trucks 4WD,Regular,4-Wheel or All-Wheel Drive,21.974,Toyota,Automatic 4-spd,6.0,3.4
6861,Standard Pickup Trucks 4WD,Regular,4-Wheel or All-Wheel Drive,21.974,Toyota,Manual 5-spd,6.0,3.4
6862,Standard Pickup Trucks 4WD,Regular,4-Wheel or All-Wheel Drive,23.5435714285714,Toyota,Automatic 4-spd,8.0,4.7
6863,"Vans, Cargo Type",Regular,Rear-Wheel Drive,19.3888235294118,Chevrolet,Automatic 4-spd,6.0,4.3
6864,"Vans, Cargo Type",Regular,4-Wheel or All-Wheel Drive,20.600625,Chevrolet,Automatic 4-spd,6.0,4.3
6865,"Vans, Cargo Type",Regular,Rear-Wheel Drive,21.974,Chevrolet,Automatic 4-spd,6.0,4.3
6866,"Vans, Cargo Type",Regular,Rear-Wheel Drive,21.974,Chevrolet,Automatic 4-spd,8.0,5.0
6867,Vans,Regular,Rear-Wheel Drive,21.974,Volkswagen,Automatic 3-spd,4.0,1.9
6868,"Vans, Cargo Type",Regular,Rear-Wheel Drive,23.5435714285714,Chevrolet,Automatic 4-spd,8.0,5.7
6869,"Vans, Cargo Type",Regular,Rear-Wheel Drive,23.5435714285714,Dodge,Automatic 3-spd,6.0,3.9
6870,"Vans, Cargo Type",Regular,Rear-Wheel Drive,23.5435714285714,Dodge,Automatic 4-spd,8.0,5.2
6871,"Vans, Cargo Type",Regular,Rear-Wheel Drive,25.3546153846154,Dodge,Automatic 4-spd,8.0,5.9
6872,"Vans, Cargo Type",Regular,Rear-Wheel Drive,23.5435714285714,Dodge,Automatic 4-spd,8.0,5.2
6873,"Vans, Cargo Type",Regular,Rear-Wheel Drive,25.3546153846154,Dodge,Automatic 4-spd,8.0,5.9
6874,"Vans, Cargo Type",Regular,Rear-Wheel Drive,23.5435714285714,Ford,Automatic 4-spd,6.0,4.2
6875,"Vans, Cargo Type",Regular,Rear-Wheel Drive,21.974,Ford,Automatic 4-spd,8.0,4.6
6876,"Vans, Cargo Type",Regular,Rear-Wheel Drive,21.974,Ford,Automatic 4-spd,8.0,5.4
6877,"Vans, Cargo Type",Regular,Rear-Wheel Drive,23.5435714285714,Ford,Automatic 4-spd,6.0,4.2
6878,Vans,Regular,Rear-Wheel Drive,20.600625,Volkswagen,Manual 4-spd,4.0,1.9
6879,"Vans, Cargo Type",Regular,Rear-Wheel Drive,25.3546153846154,Ford,Automatic 4-spd,8.0,5.4
6880,"Vans, Cargo Type",Regular,Rear-Wheel Drive,21.974,GMC,Automatic 4-spd,6.0,4.3
6881,"Vans, Cargo Type",Regular,Rear-Wheel Drive,21.974,GMC,Automatic 4-spd,8.0,5.0
6882,"Vans, Cargo Type",Regular,Rear-Wheel Drive,23.5435714285714,GMC,Automatic 4-spd,8.0,5.7
6883,"Vans, Cargo Type",Regular,Rear-Wheel Drive,19.3888235294118,GMC,Automatic 4-spd,6.0,4.3
6884,"Vans, Cargo Type",Regular,4-Wheel or All-Wheel Drive,20.600625,GMC,Automatic 4-spd,6.0,4.3
6885,"Vans, Passenger Type",Regular,Rear-Wheel Drive,20.600625,Chevrolet,Automatic 4-spd,6.0,4.3
6886,"Vans, Passenger Type",Regular,4-Wheel or All-Wheel Drive,21.974,Chevrolet,Automatic 4-spd,6.0,4.3
6887,"Vans, Passenger Type",Regular,Rear-Wheel Drive,23.5435714285714,Chevrolet,Automatic 4-spd,6.0,4.3
6888,"Vans, Passenger Type",Regular,Rear-Wheel Drive,23.5435714285714,Chevrolet,Automatic 4-spd,8.0,5.0
6889,Subcompact Cars,Diesel,Rear-Wheel Drive,14.155,Mercedes-Benz,Automatic 4-spd,4.0,2.2
6890,Special Purpose Vehicle 2WD,Regular,Rear-Wheel Drive,27.4675,Chevrolet,Automatic 4-spd,8.0,5.7
6891,"Vans, Passenger Type",Regular,Rear-Wheel Drive,23.5435714285714,Chevrolet,Automatic 4-spd,8.0,5.7
6892,"Vans, Passenger Type",Regular,Rear-Wheel Drive,23.5435714285714,Dodge,Automatic 3-spd,6.0,3.9
6893,"Vans, Passenger Type",Regular,Rear-Wheel Drive,23.5435714285714,Dodge,Automatic 4-spd,8.0,5.2
6894,"Vans, Passenger Type",Regular,Rear-Wheel Drive,27.4675,Dodge,Automatic 4-spd,8.0,5.2
6895,"Vans, Passenger Type",Regular,Rear-Wheel Drive,25.3546153846154,Dodge,Automatic 4-spd,8.0,5.9
6896,"Vans, Passenger Type",Regular,Rear-Wheel Drive,23.5435714285714,Ford,Automatic 4-spd,6.0,4.2
6897,"Vans, Passenger Type",Regular,Rear-Wheel Drive,21.974,Ford,Automatic 4-spd,8.0,4.6
6898,"Vans, Passenger Type",Regular,Rear-Wheel Drive,25.3546153846154,Ford,Automatic 4-spd,8.0,5.4
6899,"Vans, Passenger Type",Regular,Rear-Wheel Drive,23.5435714285714,GMC,Automatic 4-spd,6.0,4.3
6900,"Vans, Passenger Type",Regular,Rear-Wheel Drive,23.5435714285714,GMC,Automatic 4-spd,8.0,5.0
6901,Special Purpose Vehicle 2WD,Diesel,Rear-Wheel Drive,21.2325,Chevrolet,Automatic 4-spd,8.0,6.2
6902,"Vans, Passenger Type",Regular,Rear-Wheel Drive,23.5435714285714,GMC,Automatic 4-spd,8.0,5.7
6903,"Vans, Passenger Type",Regular,Rear-Wheel Drive,20.600625,GMC,Automatic 4-spd,6.0,4.3
6904,"Vans, Passenger Type",Regular,4-Wheel or All-Wheel Drive,21.974,GMC,Automatic 4-spd,6.0,4.3
6905,Minivan - 2WD,Regular,Rear-Wheel Drive,21.974,Ford,Automatic 5-spd,6.0,4.0
6906,Minivan - 2WD,Regular,Front-Wheel Drive,23.5435714285714,Volkswagen,Automatic 4-spd,6.0,2.8
6907,Minivan - 2WD,Regular,Front-Wheel Drive,17.3478947368421,Chevrolet,Automatic 4-spd,6.0,3.4
6908,Minivan - 2WD,Regular,Front-Wheel Drive,18.3116666666667,Chrysler,Automatic 4-spd,6.0,3.3
6909,Minivan - 2WD,Regular,Front-Wheel Drive,18.3116666666667,Chrysler,Automatic 4-spd,6.0,3.8
6910,Minivan - 2WD,Regular,Front-Wheel Drive,16.4805,Dodge,Automatic 3-spd,4.0,2.4
6911,Minivan - 2WD,Regular,Front-Wheel Drive,17.3478947368421,Dodge,Automatic 4-spd,6.0,3.0
6912,Special Purpose Vehicle 2WD,Regular,Rear-Wheel Drive,16.4805,Chevrolet,Manual 4-spd,4.0,2.5
6913,Minivan - 2WD,Regular,Front-Wheel Drive,17.3478947368421,Dodge,Automatic 4-spd,6.0,3.3
6914,Minivan - 2WD,Regular,Front-Wheel Drive,18.3116666666667,Dodge,Automatic 4-spd,6.0,3.8
6915,Minivan - 2WD,Regular,Front-Wheel Drive,18.3116666666667,Dodge,Automatic 4-spd,6.0,3.8
6916,Minivan - 2WD,Regular,Front-Wheel Drive,19.3888235294118,Ford,Automatic 4-spd,6.0,3.0
6917,Minivan - 2WD,Regular,Front-Wheel Drive,18.3116666666667,Ford,Automatic 4-spd,6.0,3.8
6918,Minivan - 2WD,Regular,Front-Wheel Drive,19.3888235294118,Ford,Automatic 4-spd,6.0,3.0
6919,Minivan - 2WD,Regular,Front-Wheel Drive,19.3888235294118,Ford,Automatic 4-spd,6.0,3.8
6920,Minivan - 2WD,Regular,Front-Wheel Drive,17.3478947368421,Honda,Automatic 4-spd,6.0,3.5
6921,Minivan - 2WD,Regular,Front-Wheel Drive,18.3116666666667,Mazda,Automatic 4-spd,6.0,2.5
6922,Minivan - 2WD,Regular,Front-Wheel Drive,18.3116666666667,Mercury,Automatic 4-spd,6.0,3.3
6923,Special Purpose Vehicle 2WD,Regular,Rear-Wheel Drive,17.3478947368421,Chevrolet,Automatic 4-spd,6.0,2.8
6924,Minivan - 2WD,Regular,Front-Wheel Drive,18.3116666666667,Nissan,Automatic 4-spd,6.0,3.3
6925,Minivan - 2WD,Regular,Front-Wheel Drive,17.3478947368421,Oldsmobile,Automatic 4-spd,6.0,3.4
6926,Minivan - 2WD,Regular,Front-Wheel Drive,16.4805,Plymouth,Automatic 3-spd,4.0,2.4
6927,Minivan - 2WD,Regular,Front-Wheel Drive,17.3478947368421,Plymouth,Automatic 4-spd,6.0,3.0
6928,Minivan - 2WD,Regular,Front-Wheel Drive,17.3478947368421,Plymouth,Automatic 4-spd,6.0,3.3
6929,Minivan - 2WD,Regular,Front-Wheel Drive,18.3116666666667,Plymouth,Automatic 4-spd,6.0,3.8
6930,Minivan - 2WD,Regular,Front-Wheel Drive,17.3478947368421,Pontiac,Automatic 4-spd,6.0,3.4
6931,Minivan - 2WD,Regular,Front-Wheel Drive,17.3478947368421,Toyota,Automatic 4-spd,6.0,3.0
6932,Minivan - 2WD,Regular,Front-Wheel Drive,21.974,Volkswagen,Automatic 4-spd,6.0,2.8
6933,Minivan - 4WD,Regular,4-Wheel or All-Wheel Drive,19.3888235294118,Chrysler,Automatic 4-spd,6.0,3.8
6934,Special Purpose Vehicle 2WD,Regular,Rear-Wheel Drive,17.3478947368421,Chevrolet,Manual 4-spd,6.0,2.8
6935,Minivan - 4WD,Regular,4-Wheel or All-Wheel Drive,19.3888235294118,Dodge,Automatic 4-spd,6.0,3.8
6936,Minivan - 4WD,Regular,4-Wheel or All-Wheel Drive,19.3888235294118,Dodge,Automatic 4-spd,6.0,3.8
6937,Sport Utility Vehicle - 2WD,Regular,Rear-Wheel Drive,19.3888235294118,Chevrolet,Automatic 4-spd,6.0,4.3
6938,Sport Utility Vehicle - 2WD,Regular,Rear-Wheel Drive,18.3116666666667,Chevrolet,Manual 5-spd,6.0,4.3
6939,Sport Utility Vehicle - 2WD,Regular,Rear-Wheel Drive,23.5435714285714,Chevrolet,Automatic 4-spd,8.0,5.7
6940,Sport Utility Vehicle - 2WD,Regular,Rear-Wheel Drive,21.974,Chevrolet,Automatic 4-spd,8.0,4.8
6941,Sport Utility Vehicle - 2WD,Regular,Rear-Wheel Drive,23.5435714285714,Chevrolet,Automatic 4-spd,8.0,4.8
6942,Sport Utility Vehicle - 2WD,Regular,Rear-Wheel Drive,23.5435714285714,Chevrolet,Automatic 4-spd,8.0,5.7
6943,Sport Utility Vehicle - 2WD,Regular,Rear-Wheel Drive,13.73375,Chevrolet,Manual 5-spd,4.0,1.6
6944,Sport Utility Vehicle - 2WD,Regular,Rear-Wheel Drive,14.9822727272727,Chevrolet,Automatic 4-spd,4.0,2.0
6945,Special Purpose Vehicle 2WD,Regular,Rear-Wheel Drive,17.3478947368421,Chevrolet,Manual 5-spd,6.0,2.8
6946,Sport Utility Vehicle - 2WD,Regular,Rear-Wheel Drive,15.6957142857143,Chevrolet,Manual 5-spd,4.0,2.0
6947,Sport Utility Vehicle - 2WD,Regular,Rear-Wheel Drive,14.9822727272727,Chevrolet,Automatic 4-spd,4.0,2.0
6948,Sport Utility Vehicle - 2WD,Regular,Rear-Wheel Drive,15.6957142857143,Chevrolet,Manual 5-spd,4.0,2.0
6949,Sport Utility Vehicle - 2WD,Regular,Rear-Wheel Drive,21.974,Dodge,Automatic 4-spd,8.0,4.7
6950,Sport Utility Vehicle - 2WD,Regular,Rear-Wheel Drive,23.5435714285714,Dodge,Automatic 4-spd,8.0,5.2
6951,Sport Utility Vehicle - 2WD,Regular,Rear-Wheel Drive,25.3546153846154,Dodge,Automatic 4-spd,8.0,5.9
6952,Sport Utility Vehicle - 2WD,Regular,Rear-Wheel Drive,21.974,Ford,Automatic 4-spd,8.0,4.6
6953,Sport Utility Vehicle - 2WD,Regular,Rear-Wheel Drive,25.3546153846154,Ford,Automatic 4-spd,8.0,5.4
6954,Sport Utility Vehicle - 2WD,Regular,Rear-Wheel Drive,20.600625,Ford,Automatic 5-spd,6.0,4.0
6955,Sport Utility Vehicle - 2WD,Regular,Rear-Wheel Drive,20.600625,Ford,Automatic 5-spd,6.0,4.0
6956,Special Purpose Vehicle 2WD,Regular,Rear-Wheel Drive,25.3546153846154,Dodge,Automatic 3-spd,8.0,5.2
6957,Sport Utility Vehicle - 2WD,Regular,Rear-Wheel Drive,18.3116666666667,Ford,Manual 5-spd,6.0,4.0
6958,Sport Utility Vehicle - 2WD,Regular,Rear-Wheel Drive,21.974,Ford,Automatic 4-spd,8.0,5.0
6959,Sport Utility Vehicle - 2WD,Regular,Rear-Wheel Drive,21.974,GMC,Automatic 4-spd,8.0,4.8
6960,Sport Utility Vehicle - 2WD,Regular,Rear-Wheel Drive,23.5435714285714,GMC,Automatic 4-spd,8.0,4.8
6961,Sport Utility Vehicle - 2WD,Regular,Rear-Wheel Drive,23.5435714285714,GMC,Automatic 4-spd,8.0,5.7
6962,Sport Utility Vehicle - 2WD,Regular,Rear-Wheel Drive,23.5435714285714,GMC,Automatic 4-spd,8.0,5.7
6963,Sport Utility Vehicle - 2WD,Regular,Rear-Wheel Drive,19.3888235294118,GMC,Automatic 4-spd,6.0,4.3
6964,Sport Utility Vehicle - 2WD,Regular,Rear-Wheel Drive,18.3116666666667,GMC,Manual 5-spd,6.0,4.3
6965,Sport Utility Vehicle - 2WD,Regular,Front-Wheel Drive,15.6957142857143,Honda,Automatic 4-spd,4.0,2.0
6966,Sport Utility Vehicle - 2WD,Regular,Rear-Wheel Drive,20.600625,Honda,Automatic 4-spd,6.0,3.2
6967,Special Purpose Vehicle 2WD,Regular,Front-Wheel Drive,19.3888235294118,Dodge,Automatic 3-spd,4.0,2.2
6968,Sport Utility Vehicle - 2WD,Regular,Rear-Wheel Drive,20.600625,Honda,Manual 5-spd,6.0,3.2
6969,Sport Utility Vehicle - 2WD,Regular,Rear-Wheel Drive,17.3478947368421,Isuzu,Manual 5-spd,4.0,2.2
6970,Sport Utility Vehicle - 2WD,Regular,Rear-Wheel Drive,20.600625,Isuzu,Automatic 4-spd,6.0,3.2
6971,Sport Utility Vehicle - 2WD,Regular,Rear-Wheel Drive,17.3478947368421,Isuzu,Manual 5-spd,4.0,2.2
6972,Sport Utility Vehicle - 2WD,Regular,Rear-Wheel Drive,20.600625,Isuzu,Automatic 4-spd,6.0,3.2
6973,Sport Utility Vehicle - 2WD,Regular,Rear-Wheel Drive,20.600625,Isuzu,Manual 5-spd,6.0,3.2
6974,Sport Utility Vehicle - 2WD,Regular,Rear-Wheel Drive,21.974,Isuzu,Automatic 4-spd,6.0,3.5
6975,Sport Utility Vehicle - 2WD,Regular,Rear-Wheel Drive,18.3116666666667,Jeep,Automatic 3-spd,4.0,2.5
6976,Sport Utility Vehicle - 2WD,Regular,Rear-Wheel Drive,16.4805,Jeep,Manual 5-spd,4.0,2.5
6977,Sport Utility Vehicle - 2WD,Regular,Rear-Wheel Drive,19.3888235294118,Jeep,Automatic 4-spd,6.0,4.0
6978,Special Purpose Vehicle 2WD,Regular,Front-Wheel Drive,14.9822727272727,Dodge,Manual 4-spd,4.0,2.2
6979,Sport Utility Vehicle - 2WD,Regular,Rear-Wheel Drive,18.3116666666667,Jeep,Manual 5-spd,6.0,4.0
6980,Sport Utility Vehicle - 2WD,Regular,Rear-Wheel Drive,19.3888235294118,Jeep,Automatic 4-spd,6.0,4.0
6981,Sport Utility Vehicle - 2WD,Regular,Rear-Wheel Drive,21.974,Jeep,Automatic 4-spd,8.0,4.7
6982,Sport Utility Vehicle - 2WD,Regular,Rear-Wheel Drive,18.3116666666667,Kia,Automatic 4-spd,4.0,2.0
6983,Sport Utility Vehicle - 2WD,Regular,Rear-Wheel Drive,17.3478947368421,Kia,Manual 5-spd,4.0,2.0
6984,Sport Utility Vehicle - 2WD,Premium,Rear-Wheel Drive,25.3546153846154,Lincoln,Automatic 4-spd,8.0,5.4
6985,Sport Utility Vehicle - 2WD,Regular,Rear-Wheel Drive,20.600625,Mercury,Automatic 5-spd,6.0,4.0
6986,Sport Utility Vehicle - 2WD,Regular,Rear-Wheel Drive,21.974,Mercury,Automatic 4-spd,8.0,5.0
6987,Sport Utility Vehicle - 2WD,Regular,Rear-Wheel Drive,19.3888235294118,Mitsubishi,Automatic 4-spd,6.0,3.0
6988,Sport Utility Vehicle - 2WD,Regular,Rear-Wheel Drive,20.600625,Mitsubishi,Automatic 4-spd,6.0,3.5
6989,Special Purpose Vehicle 2WD,Regular,Front-Wheel Drive,19.3888235294118,Dodge,Automatic 3-spd,4.0,2.6
6990,Sport Utility Vehicle - 2WD,Regular,Rear-Wheel Drive,17.3478947368421,Mitsubishi,Automatic 4-spd,4.0,2.4
6991,Sport Utility Vehicle - 2WD,Regular,Rear-Wheel Drive,16.4805,Mitsubishi,Manual 5-spd,4.0,2.4
6992,Sport Utility Vehicle - 2WD,Regular,Rear-Wheel Drive,19.3888235294118,Mitsubishi,Automatic 4-spd,6.0,3.0
6993,Sport Utility Vehicle - 2WD,Regular,Rear-Wheel Drive,21.974,Nissan,Automatic 4-spd,6.0,3.3
6994,Sport Utility Vehicle - 2WD,Regular,Rear-Wheel Drive,20.600625,Nissan,Manual 5-spd,6.0,3.3
6995,Sport Utility Vehicle - 2WD,Regular,Rear-Wheel Drive,17.3478947368421,Nissan,Manual 5-spd,4.0,2.4
6996,Sport Utility Vehicle - 2WD,Regular,Rear-Wheel Drive,20.600625,Nissan,Automatic 4-spd,6.0,3.3
6997,Sport Utility Vehicle - 2WD,Regular,Rear-Wheel Drive,20.600625,Nissan,Manual 5-spd,6.0,3.3
6998,Sport Utility Vehicle - 2WD,Regular,Rear-Wheel Drive,18.3116666666667,Suzuki,Automatic 4-spd,6.0,2.5
6999,Sport Utility Vehicle - 2WD,Regular,Rear-Wheel Drive,18.3116666666667,Suzuki,Manual 5-spd,6.0,2.5
7000,Subcompact Cars,Diesel,Rear-Wheel Drive,12.7395,Mercedes-Benz,Manual 5-spd,4.0,2.2
7001,Special Purpose Vehicle 2WD,Regular,Rear-Wheel Drive,27.4675,GMC,Automatic 4-spd,8.0,5.7
7002,Sport Utility Vehicle - 2WD,Regular,Rear-Wheel Drive,14.3308695652174,Suzuki,Automatic 4-spd,4.0,1.6
7003,Sport Utility Vehicle - 2WD,Regular,Rear-Wheel Drive,13.73375,Suzuki,Manual 5-spd,4.0,1.6
7004,Sport Utility Vehicle - 2WD,Regular,Rear-Wheel Drive,15.6957142857143,Suzuki,Automatic 4-spd,4.0,2.0
7005,Sport Utility Vehicle - 2WD,Regular,Rear-Wheel Drive,15.6957142857143,Suzuki,Manual 5-spd,4.0,2.0
7006,Sport Utility Vehicle - 2WD,Regular,Rear-Wheel Drive,15.6957142857143,Suzuki,Automatic 4-spd,4.0,2.0
7007,Sport Utility Vehicle - 2WD,Regular,Rear-Wheel Drive,15.6957142857143,Suzuki,Manual 5-spd,4.0,2.0
7008,Sport Utility Vehicle - 2WD,Regular,Rear-Wheel Drive,17.3478947368421,Toyota,Automatic 4-spd,4.0,2.7
7009,Sport Utility Vehicle - 2WD,Regular,Rear-Wheel Drive,18.3116666666667,Toyota,Manual 5-spd,4.0,2.7
7010,Sport Utility Vehicle - 2WD,Regular,Rear-Wheel Drive,19.3888235294118,Toyota,Automatic 4-spd,6.0,3.4
7011,Sport Utility Vehicle - 2WD,Regular,Front-Wheel Drive,14.3308695652174,Toyota,Automatic 4-spd,4.0,2.0
7012,Special Purpose Vehicle 2WD,Diesel,Rear-Wheel Drive,21.2325,GMC,Automatic 4-spd,8.0,6.2
7013,Sport Utility Vehicle - 2WD,Regular,Front-Wheel Drive,14.3308695652174,Toyota,Manual 5-spd,4.0,2.0
7014,Sport Utility Vehicle - 2WD,Regular,Front-Wheel Drive,14.3308695652174,Toyota,Automatic 4-spd,4.0,2.0
7015,Sport Utility Vehicle - 2WD,Regular,Front-Wheel Drive,14.3308695652174,Toyota,Manual 5-spd,4.0,2.0
7016,Sport Utility Vehicle - 4WD,Premium,Rear-Wheel Drive,23.5435714285714,BMW,Automatic 5-spd,8.0,4.4
7017,Sport Utility Vehicle - 4WD,Regular,4-Wheel or All-Wheel Drive,25.3546153846154,Cadillac,Automatic 4-spd,8.0,5.7
7018,Sport Utility Vehicle - 4WD,Regular,4-Wheel or All-Wheel Drive,20.600625,Chevrolet,Automatic 4-spd,6.0,4.3
7019,Sport Utility Vehicle - 4WD,Regular,4-Wheel or All-Wheel Drive,21.974,Chevrolet,Manual 5-spd,6.0,4.3
7020,Sport Utility Vehicle - 4WD,Regular,4-Wheel or All-Wheel Drive,25.3546153846154,Chevrolet,Automatic 4-spd,8.0,5.3
7021,Sport Utility Vehicle - 4WD,Regular,4-Wheel or All-Wheel Drive,23.5435714285714,Chevrolet,Automatic 4-spd,8.0,4.8
7022,Sport Utility Vehicle - 4WD,Regular,4-Wheel or All-Wheel Drive,23.5435714285714,Chevrolet,Automatic 4-spd,8.0,5.3
7023,Special Purpose Vehicle 2WD,Regular,Rear-Wheel Drive,16.4805,GMC,Manual 4-spd,4.0,2.5
7024,Sport Utility Vehicle - 4WD,Regular,4-Wheel or All-Wheel Drive,25.3546153846154,Chevrolet,Automatic 4-spd,8.0,5.7
7025,Sport Utility Vehicle - 4WD,Regular,4-Wheel or All-Wheel Drive,14.3308695652174,Chevrolet,Manual 5-spd,4.0,1.6
7026,Sport Utility Vehicle - 4WD,Regular,4-Wheel or All-Wheel Drive,15.6957142857143,Chevrolet,Automatic 4-spd,4.0,2.0
7027,Sport Utility Vehicle - 4WD,Regular,4-Wheel or All-Wheel Drive,15.6957142857143,Chevrolet,Manual 5-spd,4.0,2.0
7028,Sport Utility Vehicle - 4WD,Regular,4-Wheel or All-Wheel Drive,15.6957142857143,Chevrolet,Automatic 4-spd,4.0,2.0
7029,Sport Utility Vehicle - 4WD,Regular,4-Wheel or All-Wheel Drive,15.6957142857143,Chevrolet,Manual 5-spd,4.0,2.0
7030,Sport Utility Vehicle - 4WD,Regular,4-Wheel or All-Wheel Drive,23.5435714285714,Dodge,Automatic 4-spd,8.0,4.7
7031,Sport Utility Vehicle - 4WD,Regular,4-Wheel or All-Wheel Drive,27.4675,Dodge,Automatic 4-spd,8.0,5.9
7032,Sport Utility Vehicle - 4WD,Regular,4-Wheel or All-Wheel Drive,23.5435714285714,Ford,Automatic 4-spd,8.0,4.6
7033,Sport Utility Vehicle - 4WD,Regular,4-Wheel or All-Wheel Drive,25.3546153846154,Ford,Automatic 4-spd,8.0,5.4
7034,Special Purpose Vehicle 2WD,Regular,Rear-Wheel Drive,17.3478947368421,GMC,Automatic 4-spd,6.0,2.8
7035,Sport Utility Vehicle - 4WD,Regular,4-Wheel or All-Wheel Drive,20.600625,Ford,Automatic 5-spd,6.0,4.0
7036,Sport Utility Vehicle - 4WD,Regular,4-Wheel or All-Wheel Drive,21.974,Ford,Automatic 5-spd,6.0,4.0
7037,Sport Utility Vehicle - 4WD,Regular,4-Wheel or All-Wheel Drive,20.600625,Ford,Manual 5-spd,6.0,4.0
7038,Sport Utility Vehicle - 4WD,Regular,4-Wheel or All-Wheel Drive,21.974,Ford,Automatic 4-spd,8.0,5.0
7039,Sport Utility Vehicle - 4WD,Regular,4-Wheel or All-Wheel Drive,20.600625,GMC,Automatic 4-spd,6.0,4.3
7040,Sport Utility Vehicle - 4WD,Regular,4-Wheel or All-Wheel Drive,21.974,GMC,Manual 5-spd,6.0,4.3
7041,Sport Utility Vehicle - 4WD,Regular,4-Wheel or All-Wheel Drive,23.5435714285714,GMC,Automatic 4-spd,8.0,4.8
7042,Sport Utility Vehicle - 4WD,Regular,4-Wheel or All-Wheel Drive,23.5435714285714,GMC,Automatic 4-spd,8.0,5.3
7043,Sport Utility Vehicle - 4WD,Regular,4-Wheel or All-Wheel Drive,25.3546153846154,GMC,Automatic 4-spd,8.0,5.7
7044,Sport Utility Vehicle - 4WD,Regular,4-Wheel or All-Wheel Drive,25.3546153846154,GMC,Automatic 4-spd,8.0,5.3
7045,Special Purpose Vehicle 2WD,Regular,Rear-Wheel Drive,17.3478947368421,GMC,Manual 4-spd,6.0,2.8
7046,Sport Utility Vehicle - 4WD,Regular,4-Wheel or All-Wheel Drive,15.6957142857143,Honda,Automatic 4-spd,4.0,2.0
7047,Sport Utility Vehicle - 4WD,Regular,4-Wheel or All-Wheel Drive,15.6957142857143,Honda,Manual 5-spd,4.0,2.0
7048,Sport Utility Vehicle - 4WD,Regular,4-Wheel or All-Wheel Drive,20.600625,Honda,Automatic 4-spd,6.0,3.2
7049,Sport Utility Vehicle - 4WD,Regular,4-Wheel or All-Wheel Drive,20.600625,Honda,Manual 5-spd,6.0,3.2
7050,Sport Utility Vehicle - 4WD,Regular,4-Wheel or All-Wheel Drive,21.974,Infiniti,Automatic 4-spd,6.0,3.3
7051,Sport Utility Vehicle - 4WD,Regular,4-Wheel or All-Wheel Drive,20.600625,Isuzu,Automatic 4-spd,6.0,3.2
7052,Sport Utility Vehicle - 4WD,Regular,4-Wheel or All-Wheel Drive,20.600625,Isuzu,Manual 5-spd,6.0,3.2
7053,Sport Utility Vehicle - 4WD,Regular,4-Wheel or All-Wheel Drive,20.600625,Isuzu,Automatic 4-spd,6.0,3.2
7054,Sport Utility Vehicle - 4WD,Regular,4-Wheel or All-Wheel Drive,20.600625,Isuzu,Manual 5-spd,6.0,3.2
7055,Sport Utility Vehicle - 4WD,Regular,4-Wheel or All-Wheel Drive,21.974,Isuzu,Automatic 4-spd,6.0,3.5
7056,Special Purpose Vehicle 2WD,Regular,Rear-Wheel Drive,17.3478947368421,GMC,Manual 5-spd,6.0,2.8
7057,Sport Utility Vehicle - 4WD,Regular,4-Wheel or All-Wheel Drive,21.974,Isuzu,Manual 5-spd,6.0,3.5
7058,Sport Utility Vehicle - 4WD,Regular,4-Wheel or All-Wheel Drive,21.974,Isuzu,Automatic 4-spd,6.0,3.5
7059,Sport Utility Vehicle - 4WD,Regular,4-Wheel or All-Wheel Drive,19.3888235294118,Jeep,Manual 5-spd,4.0,2.5
7060,Sport Utility Vehicle - 4WD,Regular,4-Wheel or All-Wheel Drive,20.600625,Jeep,Automatic 4-spd,6.0,4.0
7061,Sport Utility Vehicle - 4WD,Regular,4-Wheel or All-Wheel Drive,19.3888235294118,Jeep,Manual 5-spd,6.0,4.0
7062,Sport Utility Vehicle - 4WD,Regular,4-Wheel or All-Wheel Drive,20.600625,Jeep,Automatic 4-spd,6.0,4.0
7063,Sport Utility Vehicle - 4WD,Regular,4-Wheel or All-Wheel Drive,21.974,Jeep,Automatic 4-spd,8.0,4.7
7064,Sport Utility Vehicle - 4WD,Regular,4-Wheel or All-Wheel Drive,20.600625,Jeep,Automatic 3-spd,4.0,2.5
7065,Sport Utility Vehicle - 4WD,Regular,4-Wheel or All-Wheel Drive,19.3888235294118,Jeep,Manual 5-spd,4.0,2.5
7066,Sport Utility Vehicle - 4WD,Regular,4-Wheel or All-Wheel Drive,21.974,Jeep,Automatic 3-spd,6.0,4.0
7067,Special Purpose Vehicle 2WD,Regular,Rear-Wheel Drive,15.6957142857143,Jeep,Manual 4-spd,4.0,2.5
7068,Sport Utility Vehicle - 4WD,Regular,4-Wheel or All-Wheel Drive,20.600625,Jeep,Manual 5-spd,6.0,4.0
7069,Sport Utility Vehicle - 4WD,Regular,4-Wheel or All-Wheel Drive,18.3116666666667,Kia,Automatic 4-spd,4.0,2.0
7070,Sport Utility Vehicle - 4WD,Regular,4-Wheel or All-Wheel Drive,17.3478947368421,Kia,Manual 5-spd,4.0,2.0
7071,Sport Utility Vehicle - 4WD,Premium,4-Wheel or All-Wheel Drive,25.3546153846154,Land Rover,Automatic 4-spd,8.0,4.0
7072,Sport Utility Vehicle - 4WD,Premium,4-Wheel or All-Wheel Drive,25.3546153846154,Land Rover,Automatic 4-spd,8.0,4.0
7073,Sport Utility Vehicle - 4WD,Premium,4-Wheel or All-Wheel Drive,27.4675,Land Rover,Automatic 4-spd,8.0,4.6
7074,Sport Utility Vehicle - 4WD,Regular,4-Wheel or All-Wheel Drive,25.3546153846154,Lexus,Automatic 4-spd,6.0,4.7
7075,Sport Utility Vehicle - 4WD,Premium,4-Wheel or All-Wheel Drive,25.3546153846154,Lincoln,Automatic 4-spd,8.0,5.4
7076,Sport Utility Vehicle - 4WD,Premium,4-Wheel or All-Wheel Drive,20.600625,Mercedes-Benz,Automatic 5-spd,6.0,3.2
7077,Sport Utility Vehicle - 4WD,Premium,4-Wheel or All-Wheel Drive,21.974,Mercedes-Benz,Automatic 5-spd,8.0,4.3
7078,Special Purpose Vehicle 2WD,Regular,Rear-Wheel Drive,16.4805,Jeep,Manual 4-spd,4.0,2.5
7079,Sport Utility Vehicle - 4WD,Premium,4-Wheel or All-Wheel Drive,23.5435714285714,Mercedes-Benz,Automatic 5-spd,8.0,5.5
7080,Sport Utility Vehicle - 4WD,Regular,4-Wheel or All-Wheel Drive,20.600625,Mercury,Automatic 5-spd,6.0,4.0
7081,Sport Utility Vehicle - 4WD,Regular,4-Wheel or All-Wheel Drive,21.974,Mercury,Automatic 4-spd,8.0,5.0
7082,Sport Utility Vehicle - 4WD,Regular,4-Wheel or All-Wheel Drive,20.600625,Mitsubishi,Automatic 4-spd,6.0,3.0
7083,Sport Utility Vehicle - 4WD,Regular,4-Wheel or All-Wheel Drive,21.974,Mitsubishi,Manual 5-spd,6.0,3.0
7084,Sport Utility Vehicle - 4WD,Regular,4-Wheel or All-Wheel Drive,20.600625,Mitsubishi,Automatic 4-spd,6.0,3.5
7085,Sport Utility Vehicle - 4WD,Regular,4-Wheel or All-Wheel Drive,19.3888235294118,Mitsubishi,Automatic 4-spd,6.0,3.0
7086,Sport Utility Vehicle - 4WD,Regular,4-Wheel or All-Wheel Drive,21.974,Mitsubishi,Automatic 4-spd,6.0,3.5
7087,Sport Utility Vehicle - 4WD,Regular,4-Wheel or All-Wheel Drive,19.3888235294118,Mitsubishi,Automatic 4-spd,6.0,3.0
7088,Sport Utility Vehicle - 4WD,Regular,4-Wheel or All-Wheel Drive,21.974,Nissan,Automatic 4-spd,6.0,3.3
7089,Special Purpose Vehicle 2WD,Regular,Rear-Wheel Drive,16.4805,Jeep,Manual 5-spd,4.0,2.5
7090,Sport Utility Vehicle - 4WD,Regular,4-Wheel or All-Wheel Drive,21.974,Nissan,Manual 5-spd,6.0,3.3
7091,Sport Utility Vehicle - 4WD,Regular,4-Wheel or All-Wheel Drive,21.974,Nissan,Automatic 4-spd,6.0,3.3
7092,Sport Utility Vehicle - 4WD,Regular,4-Wheel or All-Wheel Drive,21.974,Nissan,Manual 5-spd,6.0,3.3
7093,Sport Utility Vehicle - 4WD,Regular,4-Wheel or All-Wheel Drive,20.600625,Oldsmobile,Automatic 4-spd,6.0,4.3
7094,Sport Utility Vehicle - 4WD,Regular,4-Wheel or All-Wheel Drive,15.6957142857143,Subaru,Automatic 4-spd,4.0,2.5
7095,Sport Utility Vehicle - 4WD,Regular,4-Wheel or All-Wheel Drive,15.6957142857143,Subaru,Manual 5-spd,4.0,2.5
7096,Sport Utility Vehicle - 4WD,Regular,4-Wheel or All-Wheel Drive,19.3888235294118,Suzuki,Automatic 4-spd,6.0,2.5
7097,Sport Utility Vehicle - 4WD,Regular,4-Wheel or All-Wheel Drive,18.3116666666667,Suzuki,Manual 5-spd,6.0,2.5
7098,Sport Utility Vehicle - 4WD,Regular,4-Wheel or All-Wheel Drive,14.9822727272727,Suzuki,Automatic 4-spd,4.0,1.6
7099,Sport Utility Vehicle - 4WD,Regular,4-Wheel or All-Wheel Drive,14.3308695652174,Suzuki,Manual 5-spd,4.0,1.6
7100,Special Purpose Vehicle 2WD,Regular,Rear-Wheel Drive,19.3888235294118,Jeep,Automatic 3-spd,6.0,2.8
7101,Sport Utility Vehicle - 4WD,Regular,4-Wheel or All-Wheel Drive,15.6957142857143,Suzuki,Automatic 4-spd,4.0,2.0
7102,Sport Utility Vehicle - 4WD,Regular,4-Wheel or All-Wheel Drive,15.6957142857143,Suzuki,Manual 5-spd,4.0,2.0
7103,Sport Utility Vehicle - 4WD,Regular,4-Wheel or All-Wheel Drive,15.6957142857143,Suzuki,Automatic 4-spd,4.0,2.0
7104,Sport Utility Vehicle - 4WD,Regular,4-Wheel or All-Wheel Drive,15.6957142857143,Suzuki,Manual 5-spd,4.0,2.0
7105,Sport Utility Vehicle - 4WD,Regular,4-Wheel or All-Wheel Drive,18.3116666666667,Toyota,Automatic 4-spd,4.0,2.7
7106,Sport Utility Vehicle - 4WD,Regular,4-Wheel or All-Wheel Drive,19.3888235294118,Toyota,Manual 5-spd,4.0,2.7
7107,Sport Utility Vehicle - 4WD,Regular,4-Wheel or All-Wheel Drive,20.600625,Toyota,Automatic 4-spd,6.0,3.4
7108,Sport Utility Vehicle - 4WD,Regular,4-Wheel or All-Wheel Drive,20.600625,Toyota,Manual 5-spd,6.0,3.4
7109,Sport Utility Vehicle - 4WD,Regular,4-Wheel or All-Wheel Drive,25.3546153846154,Toyota,Automatic 4-spd,8.0,4.7
7110,Sport Utility Vehicle - 4WD,Regular,4-Wheel or All-Wheel Drive,15.6957142857143,Toyota,Automatic 4-spd,4.0,2.0
7111,Subcompact Cars,Regular,Rear-Wheel Drive,18.3116666666667,Mercedes-Benz,Automatic 4-spd,4.0,2.3
7112,Special Purpose Vehicle 2WD,Regular,Rear-Wheel Drive,19.3888235294118,Jeep,Manual 5-spd,6.0,2.8
7113,Sport Utility Vehicle - 4WD,Regular,4-Wheel or All-Wheel Drive,15.6957142857143,Toyota,Manual 5-spd,4.0,2.0
7114,Sport Utility Vehicle - 4WD,Regular,4-Wheel or All-Wheel Drive,14.9822727272727,Toyota,Automatic 4-spd,4.0,2.0
7115,Sport Utility Vehicle - 4WD,Regular,4-Wheel or All-Wheel Drive,15.6957142857143,Toyota,Manual 5-spd,4.0,2.0
7116,Subcompact Cars,Gasoline or natural gas,Front-Wheel Drive,14.9822727272727,Chevrolet,Automatic 3-spd,4.0,2.2
7117,Subcompact Cars,CNG,Front-Wheel Drive,0.0688888888888888,Honda,Automatic 4-spd,4.0,1.6
7118,Compact Cars,CNG,Front-Wheel Drive,0.0845454545454545,Toyota,Automatic 4-spd,4.0,2.2
7119,Large Cars,CNG,Rear-Wheel Drive,0.11625,Ford,Automatic 4-spd,8.0,4.6
7120,Standard Pickup Trucks 2WD,CNG,Rear-Wheel Drive,0.143076923076923,Ford,Automatic 4-spd,8.0,5.4
7121,"Vans, Cargo Type",CNG,Rear-Wheel Drive,0.155,Ford,Automatic 4-spd,8.0,5.4
7122,Large Cars,Gasoline or E85,Front-Wheel Drive,16.4805,Ford,Automatic 4-spd,6.0,3.0
7123,Special Purpose Vehicle 2WD,Regular,Front-Wheel Drive,19.3888235294118,Plymouth,Automatic 3-spd,4.0,2.6
7124,Midsize Station Wagons,Gasoline or E85,Front-Wheel Drive,16.4805,Ford,Automatic 4-spd,6.0,3.0
7125,Standard Pickup Trucks 2WD,Gasoline or E85,Rear-Wheel Drive,19.3888235294118,Ford,Automatic 4-spd,6.0,3.0
7126,Standard Pickup Trucks 2WD,Gasoline or E85,Rear-Wheel Drive,18.3116666666667,Ford,Manual 5-spd,6.0,3.0
7127,Standard Pickup Trucks 2WD,Gasoline or E85,Rear-Wheel Drive,19.3888235294118,Mazda,Automatic 4-spd,6.0,3.0
7128,Standard Pickup Trucks 2WD,Gasoline or E85,Rear-Wheel Drive,18.3116666666667,Mazda,Manual 5-spd,6.0,3.0
7129,Standard Pickup Trucks 4WD,Gasoline or E85,4-Wheel or All-Wheel Drive,21.974,Mazda,Automatic 4-spd,6.0,3.0
7130,Standard Pickup Trucks 4WD,Gasoline or E85,4-Wheel or All-Wheel Drive,19.3888235294118,Mazda,Manual 5-spd,6.0,3.0
7131,Sport Utility Vehicle - 2WD,Gasoline or E85,Rear-Wheel Drive,21.974,Ford,Automatic 5-spd,6.0,4.0
7132,Standard Pickup Trucks 4WD,Gasoline or E85,4-Wheel or All-Wheel Drive,21.974,Ford,Automatic 4-spd,6.0,3.0
7133,Standard Pickup Trucks 4WD,Gasoline or E85,4-Wheel or All-Wheel Drive,19.3888235294118,Ford,Manual 5-spd,6.0,3.0
7134,Special Purpose Vehicles,Regular,4-Wheel or All-Wheel Drive,19.3888235294118,American Motors Corporation,Manual 5-spd,6.0,4.2
7135,Minivan - 2WD,Gasoline or E85,Front-Wheel Drive,17.3478947368421,Plymouth,Automatic 4-spd,6.0,3.3
7136,Minivan - 2WD,Gasoline or E85,Front-Wheel Drive,17.3478947368421,Dodge,Automatic 4-spd,6.0,3.3
7137,Minivan - 2WD,Gasoline or E85,Front-Wheel Drive,18.3116666666667,Chrysler,Automatic 4-spd,6.0,3.3
7138,Midsize Station Wagons,Electricity,,0.24,Nissan,,,
7139,Sport Utility Vehicle - 2WD,Electricity,2-Wheel Drive,0.282,Toyota,,,
7140,Two Seaters,Premium,Rear-Wheel Drive,18.3116666666667,Acura,Automatic (S4),6.0,3.0
7141,Two Seaters,Premium,Rear-Wheel Drive,18.3116666666667,Acura,Manual 6-spd,6.0,3.2
7142,Two Seaters,Premium,Front-Wheel Drive,14.9822727272727,Audi,Manual 5-spd,4.0,1.8
7143,Two Seaters,Premium,4-Wheel or All-Wheel Drive,15.6957142857143,Audi,Manual 6-spd,4.0,1.8
7144,Two Seaters,Premium,Rear-Wheel Drive,18.3116666666667,BMW,Manual 5-spd,6.0,3.2
7145,Special Purpose Vehicles,Regular,4-Wheel or All-Wheel Drive,27.4675,Chevrolet,Automatic 4-spd,8.0,5.7
7146,Two Seaters,Premium,Rear-Wheel Drive,18.3116666666667,BMW,Manual 5-spd,6.0,3.2
7147,Two Seaters,Premium,Rear-Wheel Drive,15.6957142857143,BMW,Manual 5-spd,6.0,3.0
7148,Two Seaters,Premium,Rear-Wheel Drive,16.4805,BMW,Automatic (S5),6.0,3.0
7149,Two Seaters,Premium,Rear-Wheel Drive,16.4805,BMW,Automatic 5-spd,6.0,2.5
7150,Two Seaters,Premium,Rear-Wheel Drive,16.4805,BMW,Manual 5-spd,6.0,2.5
7151,Two Seaters,Premium,Rear-Wheel Drive,15.6957142857143,BMW,Manual 5-spd,6.0,3.0
7152,Two Seaters,Premium,Rear-Wheel Drive,17.3478947368421,BMW,Automatic (S5),6.0,3.0
7153,Two Seaters,Premium,Rear-Wheel Drive,21.974,BMW,Manual 6-spd,8.0,4.9
7154,Two Seaters,Premium,Rear-Wheel Drive,17.3478947368421,Chevrolet,Automatic 4-spd,8.0,5.7
7155,Two Seaters,Premium,Rear-Wheel Drive,16.4805,Chevrolet,Manual 6-spd,8.0,5.7
7156,Special Purpose Vehicles,Diesel,4-Wheel or All-Wheel Drive,23.8865625,Chevrolet,Automatic 4-spd,8.0,6.2
7157,Two Seaters,Premium,Rear-Wheel Drive,25.3546153846154,Dodge,Manual 6-spd,10.0,8.0
7158,Two Seaters,Premium,Rear-Wheel Drive,25.3546153846154,Dodge,Manual 6-spd,10.0,8.0
7159,Two Seaters,Premium,Rear-Wheel Drive,29.9645454545455,Ferrari,Manual 6-spd,8.0,3.6
7160,Two Seaters,Premium,Rear-Wheel Drive,29.9645454545455,Ferrari,Automatic (S6),8.0,3.6
7161,Two Seaters,Premium,Rear-Wheel Drive,36.6233333333333,Ferrari,Manual 6-spd,12.0,5.5
7162,Two Seaters,Regular,Front-Wheel Drive,7.01297872340426,Honda,Automatic (variable gear ratios),3.0,1.0
7163,Two Seaters,Regular,Front-Wheel Drive,7.01297872340426,Honda,Automatic (variable gear ratios),3.0,1.0
7164,Two Seaters,Regular,Front-Wheel Drive,6.21905660377359,Honda,Manual 5-spd,3.0,1.0
7165,Two Seaters,Premium,Rear-Wheel Drive,16.4805,Honda,Manual 6-spd,4.0,2.0
7166,Two Seaters,Premium,4-Wheel or All-Wheel Drive,29.9645454545455,Lamborghini,Manual 5-spd,12.0,6.0
7167,Special Purpose Vehicles,Regular,4-Wheel or All-Wheel Drive,27.4675,Chevrolet,Automatic 4-spd,8.0,5.7
7168,Two Seaters,Premium,Rear-Wheel Drive,17.3478947368421,Lotus,Manual 5-spd,8.0,3.5
7169,Two Seaters,Premium,Rear-Wheel Drive,14.9822727272727,Mazda,Automatic 4-spd,4.0,1.8
7170,Two Seaters,Premium,Rear-Wheel Drive,14.3308695652174,Mazda,Manual 5-spd,4.0,1.8
7171,Two Seaters,Premium,Rear-Wheel Drive,14.9822727272727,Mazda,Manual 6-spd,4.0,1.8
7172,Two Seaters,Premium,Rear-Wheel Drive,19.3888235294118,Mercedes-Benz,Automatic 5-spd,8.0,5.0
7173,Two Seaters,Premium,Rear-Wheel Drive,23.5435714285714,Mercedes-Benz,Automatic 5-spd,12.0,6.0
7174,Two Seaters,Premium,Rear-Wheel Drive,14.3308695652174,Mercedes-Benz,Automatic 5-spd,4.0,2.3
7175,Two Seaters,Premium,Rear-Wheel Drive,15.6957142857143,Mercedes-Benz,Manual 6-spd,4.0,2.3
7176,Two Seaters,Premium,Rear-Wheel Drive,15.6957142857143,Mercedes-Benz,Automatic 5-spd,6.0,3.2
7177,Two Seaters,Premium,Rear-Wheel Drive,17.3478947368421,Mercedes-Benz,Manual 6-spd,6.0,3.2
7178,Special Purpose Vehicles,Diesel,4-Wheel or All-Wheel Drive,23.8865625,Chevrolet,Automatic 4-spd,8.0,6.2
7179,Two Seaters,Premium,Rear-Wheel Drive,19.3888235294118,Plymouth,Automatic (S4),6.0,3.5
7180,Two Seaters,Premium,Rear-Wheel Drive,16.4805,Porsche,Manual 5-spd,6.0,2.7
7181,Two Seaters,Premium,Rear-Wheel Drive,18.3116666666667,Porsche,Automatic (S5),6.0,2.7
7182,Two Seaters,Premium,Rear-Wheel Drive,18.3116666666667,Porsche,Automatic 5-spd,6.0,3.2
7183,Two Seaters,Premium,Rear-Wheel Drive,18.3116666666667,Porsche,Manual 6-spd,6.0,3.2
7184,Two Seaters,Regular,Rear-Wheel Drive,13.73375,Toyota,Manual 5-spd,4.0,1.8
7185,Minicompact Cars,Premium,Front-Wheel Drive,14.3308695652174,Audi,Manual 5-spd,4.0,1.8
7186,Minicompact Cars,Premium,4-Wheel or All-Wheel Drive,15.6957142857143,Audi,Manual 5-spd,4.0,1.8
7187,Minicompact Cars,Premium,4-Wheel or All-Wheel Drive,15.6957142857143,Audi,Manual 6-spd,4.0,1.8
7188,Minicompact Cars,Premium,Rear-Wheel Drive,17.3478947368421,BMW,Automatic 5-spd,6.0,2.5
7189,Special Purpose Vehicles,Regular,4-Wheel or All-Wheel Drive,19.3888235294118,Chevrolet,Automatic 4-spd,6.0,2.8
7190,Minicompact Cars,Premium,Rear-Wheel Drive,16.4805,BMW,Manual 5-spd,6.0,2.5
7191,Minicompact Cars,Premium,Rear-Wheel Drive,16.4805,BMW,Manual 5-spd,6.0,3.0
7192,Minicompact Cars,Premium,Rear-Wheel Drive,17.3478947368421,BMW,Automatic (S5),6.0,3.0
7193,Minicompact Cars,Premium,Rear-Wheel Drive,19.3888235294118,BMW,Manual 6-spd,6.0,3.2
7194,Minicompact Cars,Premium,Rear-Wheel Drive,18.3116666666667,Jaguar,Automatic 5-spd,8.0,4.0
7195,Minicompact Cars,Premium,Rear-Wheel Drive,19.3888235294118,Jaguar,Automatic 5-spd,8.0,4.0
7196,Minicompact Cars,Premium,Rear-Wheel Drive,16.4805,Mercedes-Benz,Automatic 5-spd,6.0,3.2
7197,Minicompact Cars,Premium,Rear-Wheel Drive,18.3116666666667,Mercedes-Benz,Automatic 5-spd,8.0,4.3
7198,Minicompact Cars,Regular,Front-Wheel Drive,14.3308695652174,Mitsubishi,Manual 5-spd,4.0,2.4
7199,Minicompact Cars,Regular,Front-Wheel Drive,15.6957142857143,Mitsubishi,Automatic (S4),4.0,2.4
7200,Special Purpose Vehicles,Regular,4-Wheel or All-Wheel Drive,20.600625,Chevrolet,Manual 4-spd,6.0,2.8
7201,Minicompact Cars,Premium,Front-Wheel Drive,16.4805,Mitsubishi,Manual 5-spd,6.0,3.0
7202,Minicompact Cars,Premium,Front-Wheel Drive,17.3478947368421,Mitsubishi,Automatic (S4),6.0,3.0
7203,Minicompact Cars,Premium,Rear-Wheel Drive,18.3116666666667,Porsche,Manual 6-spd,6.0,3.4
7204,Minicompact Cars,Premium,4-Wheel or All-Wheel Drive,19.3888235294118,Porsche,Manual 6-spd,6.0,3.4
7205,Minicompact Cars,Premium,Rear-Wheel Drive,18.3116666666667,Porsche,Automatic (S5),6.0,3.4
7206,Minicompact Cars,Premium,4-Wheel or All-Wheel Drive,19.3888235294118,Porsche,Automatic (S5),6.0,3.4
7207,Minicompact Cars,Premium,4-Wheel or All-Wheel Drive,20.600625,Porsche,Manual 6-spd,6.0,3.6
7208,Minicompact Cars,Premium,4-Wheel or All-Wheel Drive,20.600625,Porsche,Automatic (S5),6.0,3.6
7209,Subcompact Cars,Regular,Front-Wheel Drive,14.3308695652174,Acura,Automatic 4-spd,4.0,1.8
7210,Subcompact Cars,Regular,Front-Wheel Drive,13.73375,Acura,Manual 5-spd,4.0,1.8
7211,Special Purpose Vehicles,Regular,4-Wheel or All-Wheel Drive,19.3888235294118,Chevrolet,Manual 5-spd,6.0,2.8
7212,Subcompact Cars,Premium,Front-Wheel Drive,13.73375,Acura,Manual 5-spd,4.0,1.8
7213,Subcompact Cars,Premium,Rear-Wheel Drive,27.4675,Bentley,Automatic 4-spd,8.0,6.8
7214,Subcompact Cars,Premium,Rear-Wheel Drive,27.4675,Bentley,Automatic 4-spd,8.0,6.8
7215,Subcompact Cars,Premium,Rear-Wheel Drive,27.4675,Bentley,Automatic 4-spd,8.0,6.8
7216,Subcompact Cars,Premium,Rear-Wheel Drive,16.4805,BMW,Automatic 5-spd,6.0,2.5
7217,Subcompact Cars,Premium,Rear-Wheel Drive,15.6957142857143,BMW,Manual 5-spd,6.0,2.5
7218,Subcompact Cars,Premium,Rear-Wheel Drive,15.6957142857143,BMW,Manual 5-spd,6.0,3.0
7219,Subcompact Cars,Premium,Rear-Wheel Drive,16.4805,BMW,Automatic (S5),6.0,3.0
7220,Subcompact Cars,Premium,Rear-Wheel Drive,19.3888235294118,BMW,Manual 6-spd,6.0,3.2
7221,Subcompact Cars,Regular,Rear-Wheel Drive,15.6957142857143,Chevrolet,Automatic 4-spd,6.0,3.8
7222,Subcompact Cars,Regular,Rear-Wheel Drive,16.4805,Mercedes-Benz,Manual 5-spd,4.0,2.3
7223,Special Purpose Vehicles,Regular,4-Wheel or All-Wheel Drive,20.600625,Ford,Automatic 4-spd,6.0,2.8
7224,Subcompact Cars,Regular,Rear-Wheel Drive,15.6957142857143,Chevrolet,Manual 5-spd,6.0,3.8
7225,Subcompact Cars,Premium,Rear-Wheel Drive,17.3478947368421,Chevrolet,Automatic 4-spd,8.0,5.7
7226,Subcompact Cars,Premium,Rear-Wheel Drive,16.4805,Chevrolet,Manual 6-spd,8.0,5.7
7227,Subcompact Cars,Regular,Front-Wheel Drive,11.7717857142857,Chevrolet,Automatic 3-spd,4.0,1.3
7228,Subcompact Cars,Premium,Rear-Wheel Drive,29.9645454545455,Ferrari,Automatic 4-spd,12.0,5.5
7229,Subcompact Cars,Premium,Rear-Wheel Drive,29.9645454545455,Ferrari,Manual 6-spd,12.0,5.5
7230,Subcompact Cars,Regular,Front-Wheel Drive,13.1844,Ford,Automatic 4-spd,4.0,2.0
7231,Subcompact Cars,Regular,Front-Wheel Drive,12.6773076923077,Ford,Manual 5-spd,4.0,2.0
7232,Subcompact Cars,Regular,Rear-Wheel Drive,16.4805,Ford,Automatic 4-spd,6.0,3.8
7233,Subcompact Cars,Regular,Rear-Wheel Drive,16.4805,Ford,Manual 5-spd,6.0,3.8
7234,Special Purpose Vehicles,Regular,4-Wheel or All-Wheel Drive,19.3888235294118,Ford,Manual 5-spd,6.0,2.8
7235,Subcompact Cars,Regular,Rear-Wheel Drive,18.3116666666667,Ford,Automatic 4-spd,8.0,4.6
7236,Subcompact Cars,Regular,Rear-Wheel Drive,18.3116666666667,Ford,Manual 5-spd,8.0,4.6
7237,Subcompact Cars,Premium,Rear-Wheel Drive,18.3116666666667,Ford,Manual 5-spd,8.0,4.6
7238,Subcompact Cars,Regular,Front-Wheel Drive,10.3003125,Honda,Automatic (variable gear ratios),4.0,1.7
7239,Subcompact Cars,Regular,Front-Wheel Drive,9.69441176470588,Honda,Manual 5-spd,4.0,1.7
7240,Subcompact Cars,Premium,Front-Wheel Drive,14.9822727272727,Honda,Manual 5-spd,4.0,2.2
7241,Subcompact Cars,Premium,Front-Wheel Drive,15.6957142857143,Honda,Automatic (S4),4.0,2.2
7242,Subcompact Cars,Regular,Front-Wheel Drive,14.9822727272727,Hyundai,Automatic 4-spd,4.0,2.0
7243,Subcompact Cars,Regular,Front-Wheel Drive,13.73375,Hyundai,Manual 5-spd,4.0,2.0
7244,Subcompact Cars,Premium,Rear-Wheel Drive,18.3116666666667,Jaguar,Automatic 5-spd,8.0,4.0
7245,Special Purpose Vehicles,Regular,4-Wheel or All-Wheel Drive,27.4675,Ford,Automatic 3-spd,6.0,4.9
7246,Subcompact Cars,Premium,Rear-Wheel Drive,19.3888235294118,Jaguar,Automatic 5-spd,8.0,4.0
7247,Subcompact Cars,Premium,Rear-Wheel Drive,18.3116666666667,Lexus,Automatic (S5),6.0,3.0
7248,Subcompact Cars,Premium,Rear-Wheel Drive,15.6957142857143,Mercedes-Benz,Automatic 5-spd,6.0,3.2
7249,Subcompact Cars,Premium,Rear-Wheel Drive,17.3478947368421,Mercedes-Benz,Automatic 5-spd,8.0,4.3
7250,Subcompact Cars,Premium,Rear-Wheel Drive,18.3116666666667,Mercedes-Benz,Automatic 5-spd,8.0,5.4
7251,Subcompact Cars,Regular,Front-Wheel Drive,15.6957142857143,Mitsubishi,Automatic 4-spd,4.0,2.4
7252,Subcompact Cars,Regular,Front-Wheel Drive,14.3308695652174,Mitsubishi,Manual 5-spd,4.0,2.4
7253,Subcompact Cars,Regular,Front-Wheel Drive,16.4805,Mitsubishi,Automatic (S4),4.0,2.4
7254,Subcompact Cars,Premium,Front-Wheel Drive,15.6957142857143,Mitsubishi,Manual 5-spd,6.0,3.0
7255,Subcompact Cars,Premium,Front-Wheel Drive,16.4805,Mitsubishi,Automatic (S4),6.0,3.0
7256,Special Purpose Vehicles,Regular,4-Wheel or All-Wheel Drive,23.5435714285714,Ford,Manual 4-spd,6.0,4.9
7257,Subcompact Cars,Regular,Rear-Wheel Drive,15.6957142857143,Pontiac,Automatic 4-spd,6.0,3.8
7258,Subcompact Cars,Regular,Rear-Wheel Drive,15.6957142857143,Pontiac,Manual 5-spd,6.0,3.8
7259,Subcompact Cars,Premium,Rear-Wheel Drive,17.3478947368421,Pontiac,Automatic 4-spd,8.0,5.7
7260,Subcompact Cars,Premium,Rear-Wheel Drive,16.4805,Pontiac,Manual 6-spd,8.0,5.7
7261,Subcompact Cars,Premium,Rear-Wheel Drive,27.4675,Rolls-Royce,Automatic 4-spd,8.0,6.8
7262,Subcompact Cars,Premium,Rear-Wheel Drive,18.3116666666667,Roush Performance,Automatic 4-spd,8.0,4.6
7263,Subcompact Cars,Premium,Rear-Wheel Drive,18.3116666666667,Roush Performance,Manual 5-spd,8.0,4.6
7264,Subcompact Cars,Regular,Front-Wheel Drive,15.6957142857143,Saab,Automatic 4-spd,4.0,2.0
7265,Subcompact Cars,Premium,Front-Wheel Drive,15.6957142857143,Saab,Automatic 4-spd,4.0,2.0
7266,Subcompact Cars,Premium,Front-Wheel Drive,14.9822727272727,Saab,Manual 5-spd,4.0,2.0
7267,Special Purpose Vehicles,Regular,4-Wheel or All-Wheel Drive,25.3546153846154,Ford,Manual 4-spd,6.0,4.9
7268,Subcompact Cars,Regular,Front-Wheel Drive,14.9822727272727,Saab,Manual 5-spd,4.0,2.0
7269,Subcompact Cars,Premium,Front-Wheel Drive,14.9822727272727,Saab,Manual 5-spd,4.0,2.3
7270,Subcompact Cars,Regular,Front-Wheel Drive,12.6773076923077,Saturn,Automatic 4-spd,4.0,1.9
7271,Subcompact Cars,Regular,Front-Wheel Drive,12.6773076923077,Saturn,Automatic 4-spd,4.0,1.9
7272,Subcompact Cars,Regular,Front-Wheel Drive,11.3658620689655,Saturn,Manual 5-spd,4.0,1.9
7273,Subcompact Cars,Regular,Front-Wheel Drive,12.2077777777778,Saturn,Manual 5-spd,4.0,1.9
7274,Subcompact Cars,Regular,4-Wheel or All-Wheel Drive,14.3308695652174,Subaru,Automatic 4-spd,4.0,2.2
7275,Subcompact Cars,Regular,4-Wheel or All-Wheel Drive,14.9822727272727,Subaru,Manual 5-spd,4.0,2.2
7276,Subcompact Cars,Regular,4-Wheel or All-Wheel Drive,14.9822727272727,Subaru,Automatic 4-spd,4.0,2.5
7277,Subcompact Cars,Regular,4-Wheel or All-Wheel Drive,15.6957142857143,Subaru,Manual 5-spd,4.0,2.5
7278,Special Purpose Vehicles,Regular,4-Wheel or All-Wheel Drive,25.3546153846154,Ford,Automatic 4-spd,8.0,5.0
7279,Subcompact Cars,Regular,Front-Wheel Drive,12.6773076923077,Suzuki,Automatic 4-spd,4.0,1.6
7280,Subcompact Cars,Regular,Front-Wheel Drive,11.3658620689655,Suzuki,Manual 5-spd,4.0,1.6
7281,Subcompact Cars,Regular,Front-Wheel Drive,12.6773076923077,Suzuki,Automatic 4-spd,4.0,1.8
7282,Subcompact Cars,Regular,Front-Wheel Drive,12.2077777777778,Suzuki,Manual 5-spd,4.0,1.8
7283,Subcompact Cars,Regular,Front-Wheel Drive,11.7717857142857,Suzuki,Automatic 3-spd,4.0,1.3
7284,Subcompact Cars,Regular,Front-Wheel Drive,9.69441176470588,Suzuki,Manual 5-spd,4.0,1.3
7285,Subcompact Cars,Regular,Front-Wheel Drive,14.9822727272727,Toyota,Automatic 4-spd,4.0,2.2
7286,Subcompact Cars,Regular,Front-Wheel Drive,17.3478947368421,Toyota,Automatic 4-spd,6.0,3.0
7287,Subcompact Cars,Regular,Front-Wheel Drive,11.7717857142857,Toyota,Automatic 4-spd,4.0,1.8
7288,Subcompact Cars,Regular,Front-Wheel Drive,12.2077777777778,Toyota,Manual 5-spd,4.0,1.8
7289,Special Purpose Vehicles,Regular,4-Wheel or All-Wheel Drive,27.4675,GMC,Automatic 4-spd,8.0,5.7
7290,Subcompact Cars,Premium,Front-Wheel Drive,14.3308695652174,Toyota,Manual 6-spd,4.0,1.8
7291,Subcompact Cars,Premium,Front-Wheel Drive,14.3308695652174,Toyota,Automatic (S4),4.0,1.8
7292,Subcompact Cars,Regular,Front-Wheel Drive,14.9822727272727,Volkswagen,Automatic 4-spd,4.0,2.0
7293,Subcompact Cars,Regular,Front-Wheel Drive,13.73375,Volkswagen,Manual 5-spd,4.0,2.0
7294,Subcompact Cars,Premium,Front-Wheel Drive,14.9822727272727,Volkswagen,Automatic 4-spd,4.0,1.8
7295,Subcompact Cars,Premium,Front-Wheel Drive,13.73375,Volkswagen,Manual 5-spd,4.0,1.8
7296,Subcompact Cars,Diesel,Front-Wheel Drive,11.5813636363636,Volkswagen,Automatic 4-spd,4.0,1.9
7297,Subcompact Cars,Diesel,Front-Wheel Drive,10.0575,Volkswagen,Manual 5-spd,4.0,1.9
7298,Subcompact Cars,Regular,Front-Wheel Drive,14.9822727272727,Volkswagen,Automatic 4-spd,4.0,2.0
7299,Subcompact Cars,Regular,Front-Wheel Drive,13.73375,Volkswagen,Manual 5-spd,4.0,2.0
7300,Special Purpose Vehicles,Diesel,4-Wheel or All-Wheel Drive,23.8865625,GMC,Automatic 4-spd,8.0,6.2
7301,Subcompact Cars,Premium,Front-Wheel Drive,16.4805,Volvo,Automatic 5-spd,5.0,2.3
7302,Subcompact Cars,Premium,Front-Wheel Drive,15.6957142857143,Volvo,Manual 5-spd,5.0,2.3
7303,Subcompact Cars,Premium,Front-Wheel Drive,16.4805,Volvo,Automatic 5-spd,5.0,2.4
7304,Compact Cars,Premium,Front-Wheel Drive,16.4805,Acura,Automatic (S5),6.0,3.2
7305,Compact Cars,Premium,Front-Wheel Drive,14.3308695652174,Audi,Manual 5-spd,4.0,1.8
7306,Compact Cars,Premium,Front-Wheel Drive,15.6957142857143,Audi,Automatic (S5),4.0,1.8
7307,Compact Cars,Premium,Front-Wheel Drive,17.3478947368421,Audi,Automatic (S5),6.0,2.8
7308,Compact Cars,Premium,4-Wheel or All-Wheel Drive,14.9822727272727,Audi,Manual 5-spd,4.0,1.8
7309,Compact Cars,Premium,4-Wheel or All-Wheel Drive,16.4805,Audi,Automatic (S5),4.0,1.8
7310,Compact Cars,Premium,4-Wheel or All-Wheel Drive,17.3478947368421,Audi,Manual 5-spd,6.0,2.8
7311,Special Purpose Vehicles,Regular,4-Wheel or All-Wheel Drive,27.4675,GMC,Automatic 4-spd,8.0,5.7
7312,Compact Cars,Premium,4-Wheel or All-Wheel Drive,18.3116666666667,Audi,Automatic (S5),6.0,2.8
7313,Compact Cars,Premium,4-Wheel or All-Wheel Drive,18.3116666666667,Audi,Manual 6-spd,6.0,2.7
7314,Compact Cars,Premium,4-Wheel or All-Wheel Drive,18.3116666666667,Audi,Automatic (S5),6.0,2.7
7315,Compact Cars,Premium,Rear-Wheel Drive,27.4675,Bentley,Automatic 4-spd,8.0,6.8
7316,Compact Cars,Premium,Rear-Wheel Drive,16.4805,BMW,Automatic 5-spd,6.0,2.5
7317,Compact Cars,Premium,Rear-Wheel Drive,15.6957142857143,BMW,Manual 5-spd,6.0,2.5
7318,Compact Cars,Premium,4-Wheel or All-Wheel Drive,17.3478947368421,BMW,Automatic 5-spd,6.0,2.5
7319,Compact Cars,Premium,4-Wheel or All-Wheel Drive,16.4805,BMW,Manual 5-spd,6.0,2.5
7320,Compact Cars,Premium,Rear-Wheel Drive,15.6957142857143,BMW,Manual 5-spd,6.0,3.0
7321,Compact Cars,Premium,Rear-Wheel Drive,16.4805,BMW,Automatic (S5),6.0,3.0
7322,Special Purpose Vehicles,Diesel,4-Wheel or All-Wheel Drive,23.8865625,GMC,Automatic 4-spd,8.0,6.2
7323,Compact Cars,Premium,Rear-Wheel Drive,16.4805,BMW,Manual 5-spd,6.0,3.0
7324,Compact Cars,Premium,Rear-Wheel Drive,18.3116666666667,BMW,Automatic (S5),6.0,3.0
7325,Compact Cars,Premium,Rear-Wheel Drive,16.4805,BMW,Automatic 5-spd,6.0,2.5
7326,Compact Cars,Premium,Rear-Wheel Drive,15.6957142857143,BMW,Manual 5-spd,6.0,2.5
7327,Compact Cars,Premium,Rear-Wheel Drive,15.6957142857143,BMW,Manual 5-spd,6.0,3.0
7328,Compact Cars,Premium,Rear-Wheel Drive,17.3478947368421,BMW,Automatic (S5),6.0,3.0
7329,Compact Cars,Premium,Rear-Wheel Drive,18.3116666666667,BMW,Automatic 5-spd,8.0,4.4
7330,Compact Cars,Premium,Rear-Wheel Drive,20.600625,BMW,Manual 6-spd,8.0,4.4
7331,Compact Cars,Premium,Rear-Wheel Drive,20.600625,BMW,Automatic (S5),8.0,4.4
7332,Compact Cars,Premium,Rear-Wheel Drive,21.974,BMW,Manual 6-spd,8.0,4.9
7333,Subcompact Cars,Premium,Front-Wheel Drive,14.3308695652174,Mitsubishi,Manual 5-spd,4.0,1.8
7334,Special Purpose Vehicles,Regular,4-Wheel or All-Wheel Drive,19.3888235294118,GMC,Automatic 4-spd,6.0,2.8
7335,Compact Cars,Regular,Front-Wheel Drive,14.3308695652174,Chevrolet,Automatic 3-spd,4.0,2.2
7336,Compact Cars,Regular,Front-Wheel Drive,13.73375,Chevrolet,Automatic 4-spd,4.0,2.2
7337,Compact Cars,Regular,Front-Wheel Drive,13.73375,Chevrolet,Manual 5-spd,4.0,2.2
7338,Compact Cars,Regular,Front-Wheel Drive,15.6957142857143,Chevrolet,Automatic 4-spd,4.0,2.4
7339,Compact Cars,Regular,Front-Wheel Drive,14.3308695652174,Chevrolet,Manual 5-spd,4.0,2.4
7340,Compact Cars,Regular,Front-Wheel Drive,12.2077777777778,Chevrolet,Automatic 3-spd,4.0,1.8
7341,Compact Cars,Regular,Front-Wheel Drive,10.987,Chevrolet,Automatic 4-spd,4.0,1.8
7342,Compact Cars,Regular,Front-Wheel Drive,10.6325806451613,Chevrolet,Manual 5-spd,4.0,1.8
7343,Compact Cars,Regular,Front-Wheel Drive,15.6957142857143,Chrysler,Automatic 4-spd,4.0,2.4
7344,Compact Cars,Regular,Front-Wheel Drive,14.3308695652174,Chrysler,Manual 5-spd,4.0,2.4
7345,Special Purpose Vehicles,Regular,4-Wheel or All-Wheel Drive,20.600625,GMC,Manual 4-spd,6.0,2.8
7346,Compact Cars,Regular,Front-Wheel Drive,16.4805,Chrysler,Automatic 4-spd,6.0,3.0
7347,Compact Cars,Regular,Front-Wheel Drive,15.6957142857143,Chrysler,Manual 5-spd,6.0,3.0
7348,Compact Cars,Regular,Front-Wheel Drive,16.4805,Chrysler,Automatic (S4),6.0,3.0
7349,Compact Cars,Regular,Front-Wheel Drive,16.4805,Chrysler,Automatic 4-spd,6.0,2.7
7350,Compact Cars,Regular,Front-Wheel Drive,15.6957142857143,Chrysler,Automatic (S4),6.0,2.7
7351,Compact Cars,Regular,Front-Wheel Drive,13.1844,Daewoo,Automatic 4-spd,4.0,1.5
7352,Compact Cars,Regular,Front-Wheel Drive,12.6773076923077,Daewoo,Manual 5-spd,4.0,1.5
7353,Compact Cars,Regular,Front-Wheel Drive,14.3308695652174,Daewoo,Automatic 4-spd,4.0,1.6
7354,Compact Cars,Regular,Front-Wheel Drive,13.1844,Daewoo,Manual 5-spd,4.0,1.6
7355,Compact Cars,Regular,Front-Wheel Drive,14.9822727272727,Daewoo,Automatic 4-spd,4.0,2.0
7356,Special Purpose Vehicles,Regular,4-Wheel or All-Wheel Drive,19.3888235294118,GMC,Manual 5-spd,6.0,2.8
7357,Compact Cars,Regular,Front-Wheel Drive,14.3308695652174,Daewoo,Manual 5-spd,4.0,2.0
7358,Compact Cars,Regular,Front-Wheel Drive,13.73375,Dodge,Automatic 3-spd,4.0,2.0
7359,Compact Cars,Regular,Front-Wheel Drive,12.6773076923077,Dodge,Manual 5-spd,4.0,2.0
7360,Compact Cars,Regular,Front-Wheel Drive,15.6957142857143,Dodge,Automatic 4-spd,4.0,2.4
7361,Compact Cars,Regular,Front-Wheel Drive,14.3308695652174,Dodge,Manual 5-spd,4.0,2.4
7362,Compact Cars,Regular,Front-Wheel Drive,16.4805,Dodge,Automatic 4-spd,6.0,3.0
7363,Compact Cars,Regular,Front-Wheel Drive,15.6957142857143,Dodge,Manual 5-spd,6.0,3.0
7364,Compact Cars,Regular,Front-Wheel Drive,16.4805,Dodge,Automatic (S4),6.0,3.0
7365,Compact Cars,Regular,Front-Wheel Drive,12.6773076923077,Ford,Automatic 4-spd,4.0,2.0
7366,Compact Cars,Regular,Front-Wheel Drive,13.1844,Ford,Automatic 4-spd,4.0,2.0
7367,Special Purpose Vehicles,Regular,4-Wheel or All-Wheel Drive,19.3888235294118,Jeep,Automatic 3-spd,4.0,2.5
7368,Compact Cars,Regular,Front-Wheel Drive,13.73375,Ford,Automatic 4-spd,4.0,2.0
7369,Compact Cars,Regular,Front-Wheel Drive,11.7717857142857,Ford,Manual 5-spd,4.0,2.0
7370,Compact Cars,Regular,Front-Wheel Drive,13.1844,Ford,Manual 5-spd,4.0,2.0
7371,Compact Cars,Regular,Front-Wheel Drive,11.3658620689655,Honda,Automatic 4-spd,4.0,1.7
7372,Compact Cars,Regular,Front-Wheel Drive,11.3658620689655,Honda,Automatic 4-spd,4.0,1.7
7373,Compact Cars,Regular,Front-Wheel Drive,10.6325806451613,Honda,Manual 5-spd,4.0,1.7
7374,Compact Cars,Regular,Front-Wheel Drive,10.987,Honda,Manual 5-spd,4.0,1.7
7375,Compact Cars,Regular,Front-Wheel Drive,13.1844,Hyundai,Automatic 4-spd,4.0,1.5
7376,Compact Cars,Regular,Front-Wheel Drive,11.7717857142857,Hyundai,Manual 5-spd,4.0,1.5
7377,Compact Cars,Regular,Front-Wheel Drive,13.1844,Hyundai,Automatic 4-spd,4.0,1.6
7378,Special Purpose Vehicles,Regular,4-Wheel or All-Wheel Drive,17.3478947368421,Jeep,Manual 4-spd,4.0,2.5
7379,Compact Cars,Regular,Front-Wheel Drive,12.2077777777778,Hyundai,Manual 5-spd,4.0,1.6
7380,Compact Cars,Regular,Front-Wheel Drive,13.1844,Hyundai,Automatic 4-spd,4.0,2.0
7381,Compact Cars,Regular,Front-Wheel Drive,13.1844,Hyundai,Manual 5-spd,4.0,2.0
7382,Compact Cars,Regular,Front-Wheel Drive,14.3308695652174,Infiniti,Automatic 4-spd,4.0,2.0
7383,Compact Cars,Regular,Front-Wheel Drive,13.73375,Infiniti,Manual 5-spd,4.0,2.0
7384,Compact Cars,Premium,Rear-Wheel Drive,18.3116666666667,Jaguar,Automatic 5-spd,8.0,4.0
7385,Compact Cars,Premium,Rear-Wheel Drive,20.600625,Jaguar,Automatic 5-spd,8.0,4.0
7386,Compact Cars,Regular,Front-Wheel Drive,13.1844,Kia,Automatic 4-spd,4.0,1.5
7387,Compact Cars,Regular,Front-Wheel Drive,12.6773076923077,Kia,Manual 5-spd,4.0,1.5
7388,Compact Cars,Regular,Front-Wheel Drive,14.3308695652174,Kia,Automatic 4-spd,4.0,1.8
7389,Special Purpose Vehicles,Regular,4-Wheel or All-Wheel Drive,19.3888235294118,Jeep,Manual 4-spd,4.0,2.5
7390,Compact Cars,Regular,Front-Wheel Drive,13.73375,Kia,Manual 5-spd,4.0,1.8
7391,Compact Cars,Regular,Front-Wheel Drive,16.4805,Lexus,Automatic 4-spd,6.0,3.0
7392,Compact Cars,Regular,Front-Wheel Drive,13.73375,Mercury,Manual 5-spd,4.0,2.0
7393,Compact Cars,Regular,Front-Wheel Drive,15.6957142857143,Mercury,Automatic 4-spd,6.0,2.5
7394,Compact Cars,Regular,Front-Wheel Drive,15.6957142857143,Mercury,Manual 5-spd,6.0,2.5
7395,Compact Cars,Premium,Front-Wheel Drive,16.4805,Mazda,Automatic 4-spd,6.0,2.3
7396,Compact Cars,Premium,Front-Wheel Drive,16.4805,Mazda,Automatic 4-spd,6.0,2.5
7397,Compact Cars,Regular,Front-Wheel Drive,12.6773076923077,Mazda,Automatic 4-spd,4.0,1.6
7398,Compact Cars,Regular,Front-Wheel Drive,11.7717857142857,Mazda,Manual 5-spd,4.0,1.6
7399,Compact Cars,Regular,Front-Wheel Drive,13.73375,Mazda,Automatic 4-spd,4.0,2.0
7400,Special Purpose Vehicles,Regular,4-Wheel or All-Wheel Drive,18.3116666666667,Jeep,Manual 5-spd,4.0,2.5
7401,Compact Cars,Regular,Front-Wheel Drive,13.73375,Mazda,Manual 5-spd,4.0,2.0
7402,Compact Cars,Premium,Rear-Wheel Drive,16.4805,Mercedes-Benz,Automatic 5-spd,6.0,2.6
7403,Compact Cars,Premium,Rear-Wheel Drive,17.3478947368421,Mercedes-Benz,Manual 6-spd,6.0,2.6
7404,Compact Cars,Premium,Rear-Wheel Drive,17.3478947368421,Mercedes-Benz,Automatic 5-spd,6.0,3.2
7405,Compact Cars,Premium,Rear-Wheel Drive,19.3888235294118,Mercedes-Benz,Automatic 5-spd,8.0,5.0
7406,Compact Cars,Premium,Rear-Wheel Drive,19.3888235294118,Mercedes-Benz,Automatic 5-spd,8.0,5.4
7407,Compact Cars,Premium,Rear-Wheel Drive,20.600625,Mercedes-Benz,Automatic 5-spd,12.0,5.8
7408,Compact Cars,Regular,Front-Wheel Drive,12.2077777777778,Mitsubishi,Automatic 4-spd,4.0,1.5
7409,Compact Cars,Regular,Front-Wheel Drive,10.987,Mitsubishi,Manual 5-spd,4.0,1.5
7410,Compact Cars,Regular,Front-Wheel Drive,13.1844,Mitsubishi,Automatic 4-spd,4.0,1.8
7411,Special Purpose Vehicles,Regular,4-Wheel or All-Wheel Drive,20.600625,Jeep,Manual 5-spd,6.0,2.8
7412,Compact Cars,Regular,Front-Wheel Drive,11.7717857142857,Mitsubishi,Manual 5-spd,4.0,1.8
7413,Compact Cars,Regular,Front-Wheel Drive,15.6957142857143,Nissan,Automatic 4-spd,4.0,2.4
7414,Compact Cars,Regular,Front-Wheel Drive,14.3308695652174,Nissan,Manual 5-spd,4.0,2.4
7415,Compact Cars,Regular,Front-Wheel Drive,12.6773076923077,Nissan,Automatic 4-spd,4.0,1.8
7416,Compact Cars,Regular,Front-Wheel Drive,12.6773076923077,Nissan,Manual 5-spd,4.0,1.8
7417,Compact Cars,Regular,Front-Wheel Drive,14.3308695652174,Nissan,Automatic 4-spd,4.0,2.0
7418,Compact Cars,Regular,Front-Wheel Drive,13.73375,Nissan,Manual 5-spd,4.0,2.0
7419,Compact Cars,Regular,Front-Wheel Drive,14.9822727272727,Oldsmobile,Automatic 4-spd,4.0,2.4
7420,Compact Cars,Regular,Front-Wheel Drive,14.3308695652174,Oldsmobile,Manual 5-spd,4.0,2.4
7421,Compact Cars,Regular,Front-Wheel Drive,14.9822727272727,Oldsmobile,Automatic 4-spd,6.0,3.4
7422,Special Purpose Vehicles,Regular,4-Wheel or All-Wheel Drive,19.3888235294118,Jeep,Manual 4-spd,4.0,2.5
7423,Compact Cars,Regular,Front-Wheel Drive,13.73375,Plymouth,Automatic 3-spd,4.0,2.0
7424,Compact Cars,Regular,Front-Wheel Drive,12.6773076923077,Plymouth,Manual 5-spd,4.0,2.0
7425,Compact Cars,Regular,Front-Wheel Drive,14.9822727272727,Pontiac,Automatic 4-spd,4.0,2.4
7426,Compact Cars,Regular,Front-Wheel Drive,14.3308695652174,Pontiac,Manual 5-spd,4.0,2.4
7427,Compact Cars,Regular,Front-Wheel Drive,14.9822727272727,Pontiac,Automatic 4-spd,6.0,3.4
7428,Compact Cars,Regular,Front-Wheel Drive,14.3308695652174,Pontiac,Automatic 3-spd,4.0,2.2
7429,Compact Cars,Regular,Front-Wheel Drive,13.73375,Pontiac,Automatic 4-spd,4.0,2.2
7430,Compact Cars,Regular,Front-Wheel Drive,14.3308695652174,Pontiac,Manual 5-spd,4.0,2.2
7431,Compact Cars,Regular,Front-Wheel Drive,15.6957142857143,Pontiac,Automatic 4-spd,4.0,2.4
7432,Compact Cars,Regular,Front-Wheel Drive,14.3308695652174,Pontiac,Manual 5-spd,4.0,2.4
7433,Special Purpose Vehicles,Regular,4-Wheel or All-Wheel Drive,19.3888235294118,Jeep,Manual 5-spd,4.0,2.5
7434,Compact Cars,Regular,Front-Wheel Drive,12.2077777777778,Saturn,Automatic 4-spd,4.0,1.9
7435,Compact Cars,Regular,Front-Wheel Drive,12.6773076923077,Saturn,Automatic 4-spd,4.0,1.9
7436,Compact Cars,Regular,Front-Wheel Drive,11.3658620689655,Saturn,Manual 5-spd,4.0,1.9
7437,Compact Cars,Regular,Front-Wheel Drive,12.2077777777778,Saturn,Manual 5-spd,4.0,1.9
7438,Compact Cars,Regular,4-Wheel or All-Wheel Drive,15.6957142857143,Subaru,Automatic 4-spd,4.0,2.5
7439,Compact Cars,Regular,4-Wheel or All-Wheel Drive,15.6957142857143,Subaru,Manual 5-spd,4.0,2.5
7440,Compact Cars,Regular,Front-Wheel Drive,13.73375,Toyota,Automatic 4-spd,4.0,2.2
7441,Compact Cars,Regular,Front-Wheel Drive,13.73375,Toyota,Manual 5-spd,4.0,2.2
7442,Compact Cars,Regular,Front-Wheel Drive,16.4805,Toyota,Automatic 4-spd,6.0,3.0
7443,Compact Cars,Regular,Front-Wheel Drive,16.4805,Toyota,Manual 5-spd,6.0,3.0
7444,Subcompact Cars,Premium,Front-Wheel Drive,14.3308695652174,Mitsubishi,Manual 5-spd,4.0,1.8
7445,Special Purpose Vehicles,Regular,4-Wheel or All-Wheel Drive,20.600625,Jeep,Automatic 3-spd,6.0,4.2
7446,Compact Cars,Regular,Front-Wheel Drive,12.2077777777778,Toyota,Automatic 3-spd,4.0,1.8
7447,Compact Cars,Regular,Front-Wheel Drive,10.987,Toyota,Automatic 4-spd,4.0,1.8
7448,Compact Cars,Regular,Front-Wheel Drive,10.6325806451613,Toyota,Manual 5-spd,4.0,1.8
7449,Compact Cars,Regular,Front-Wheel Drive,10.987,Toyota,Automatic 4-spd,4.0,1.5
7450,Compact Cars,Regular,Front-Wheel Drive,10.3003125,Toyota,Manual 5-spd,4.0,1.5
7451,Compact Cars,Regular,Front-Wheel Drive,8.03926829268293,Toyota,Automatic (variable gear ratios),4.0,1.5
7452,Compact Cars,Premium,Front-Wheel Drive,14.9822727272727,Volkswagen,Automatic 4-spd,4.0,1.8
7453,Compact Cars,Premium,Front-Wheel Drive,13.73375,Volkswagen,Manual 5-spd,4.0,1.8
7454,Compact Cars,Diesel,Front-Wheel Drive,11.5813636363636,Volkswagen,Automatic 4-spd,4.0,1.9
7455,Compact Cars,Diesel,Front-Wheel Drive,10.0575,Volkswagen,Manual 5-spd,4.0,1.9
7456,Special Purpose Vehicles,Regular,4-Wheel or All-Wheel Drive,19.3888235294118,Jeep,Manual 5-spd,6.0,4.2
7457,Compact Cars,Regular,Front-Wheel Drive,14.9822727272727,Volkswagen,Automatic 4-spd,4.0,2.0
7458,Compact Cars,Regular,Front-Wheel Drive,13.73375,Volkswagen,Manual 5-spd,4.0,2.0
7459,Compact Cars,Premium,Front-Wheel Drive,14.9822727272727,Volkswagen,Automatic 4-spd,4.0,1.8
7460,Compact Cars,Premium,Front-Wheel Drive,13.73375,Volkswagen,Manual 5-spd,4.0,1.8
7461,Compact Cars,Regular,Front-Wheel Drive,15.6957142857143,Volkswagen,Manual 5-spd,6.0,2.8
7462,Compact Cars,Premium,Front-Wheel Drive,14.9822727272727,Volkswagen,Automatic 4-spd,4.0,1.8
7463,Compact Cars,Premium,Front-Wheel Drive,13.73375,Volkswagen,Manual 5-spd,4.0,1.8
7464,Compact Cars,Diesel,Front-Wheel Drive,11.5813636363636,Volkswagen,Automatic 4-spd,4.0,1.9
7465,Compact Cars,Diesel,Front-Wheel Drive,10.0575,Volkswagen,Manual 5-spd,4.0,1.9
7466,Compact Cars,Regular,Front-Wheel Drive,14.9822727272727,Volkswagen,Automatic 4-spd,4.0,2.0
7467,Special Purpose Vehicles,Regular,4-Wheel or All-Wheel Drive,23.5435714285714,Jeep,Automatic 3-spd,6.0,4.2
7468,Compact Cars,Regular,Front-Wheel Drive,13.73375,Volkswagen,Manual 5-spd,4.0,2.0
7469,Compact Cars,Regular,Front-Wheel Drive,17.3478947368421,Volkswagen,Automatic 4-spd,6.0,2.8
7470,Compact Cars,Regular,Front-Wheel Drive,16.4805,Volkswagen,Manual 5-spd,6.0,2.8
7471,Compact Cars,Premium,4-Wheel or All-Wheel Drive,18.3116666666667,Volkswagen,Automatic 5-spd,6.0,2.8
7472,Compact Cars,Premium,Front-Wheel Drive,16.4805,Volvo,Automatic 5-spd,5.0,2.3
7473,Compact Cars,Premium,Front-Wheel Drive,15.6957142857143,Volvo,Manual 5-spd,5.0,2.3
7474,Compact Cars,Premium,Front-Wheel Drive,15.6957142857143,Volvo,Automatic 5-spd,5.0,2.4
7475,Compact Cars,Premium,Front-Wheel Drive,14.3308695652174,Volvo,Automatic 5-spd,4.0,1.9
7476,Compact Cars,Premium,Front-Wheel Drive,15.6957142857143,Volvo,Manual 5-spd,5.0,2.3
7477,Compact Cars,Premium,Front-Wheel Drive,16.4805,Volvo,Automatic (S5),5.0,2.3
7478,Special Purpose Vehicles,Regular,4-Wheel or All-Wheel Drive,16.4805,Subaru,Automatic 3-spd,4.0,1.8
7479,Compact Cars,Premium,Front-Wheel Drive,15.6957142857143,Volvo,Automatic 5-spd,5.0,2.4
7480,Compact Cars,Premium,Front-Wheel Drive,15.6957142857143,Volvo,Automatic 5-spd,5.0,2.4
7481,Compact Cars,Premium,Front-Wheel Drive,15.6957142857143,Volvo,Manual 5-spd,5.0,2.4
7482,Compact Cars,Premium,Front-Wheel Drive,15.6957142857143,Volvo,Automatic (S5),5.0,2.4
7483,Midsize Cars,Premium,Front-Wheel Drive,16.4805,Acura,Automatic (S5),6.0,3.2
7484,Midsize Cars,Premium,Front-Wheel Drive,18.3116666666667,Acura,Automatic 4-spd,6.0,3.5
7485,Midsize Cars,Premium,Front-Wheel Drive,18.3116666666667,Audi,Automatic (S5),6.0,2.8
7486,Midsize Cars,Premium,4-Wheel or All-Wheel Drive,18.3116666666667,Audi,Manual 6-spd,6.0,2.7
7487,Midsize Cars,Premium,4-Wheel or All-Wheel Drive,18.3116666666667,Audi,Automatic (S5),6.0,2.7
7488,Midsize Cars,Premium,4-Wheel or All-Wheel Drive,18.3116666666667,Audi,Automatic (S5),6.0,2.8
7489,Special Purpose Vehicles,Regular,4-Wheel or All-Wheel Drive,13.1844,Subaru,Manual 4-spd,4.0,1.8
7490,Midsize Cars,Premium,4-Wheel or All-Wheel Drive,18.3116666666667,Audi,Automatic (S5),8.0,4.2
7491,Midsize Cars,Premium,4-Wheel or All-Wheel Drive,18.3116666666667,Audi,Automatic (S5),8.0,4.2
7492,Midsize Cars,Premium,4-Wheel or All-Wheel Drive,21.974,Audi,Automatic 5-spd,8.0,4.2
7493,Midsize Cars,Premium,Rear-Wheel Drive,27.4675,Bentley,Automatic 4-spd,8.0,6.8
7494,Midsize Cars,Premium,Rear-Wheel Drive,18.3116666666667,BMW,Automatic 5-spd,8.0,4.4
7495,Midsize Cars,Premium,Rear-Wheel Drive,20.600625,BMW,Automatic (S5),8.0,4.4
7496,Midsize Cars,Regular,Front-Wheel Drive,15.6957142857143,Buick,Automatic 4-spd,6.0,3.1
7497,Midsize Cars,Regular,Front-Wheel Drive,15.6957142857143,Buick,Automatic 4-spd,6.0,3.8
7498,Midsize Cars,Premium,Front-Wheel Drive,16.4805,Buick,Automatic 4-spd,6.0,3.8
7499,Midsize Cars,Regular,Rear-Wheel Drive,18.3116666666667,Cadillac,Automatic 4-spd,6.0,3.0
7500,Special Purpose Vehicles,Regular,4-Wheel or All-Wheel Drive,13.1844,Subaru,Manual 4-spd,4.0,1.8
7501,Midsize Cars,Premium,Front-Wheel Drive,18.3116666666667,Cadillac,Automatic 4-spd,8.0,4.6
7502,Midsize Cars,Premium,Front-Wheel Drive,18.3116666666667,Cadillac,Automatic 4-spd,8.0,4.6
7503,Midsize Cars,Regular,Front-Wheel Drive,15.6957142857143,Chevrolet,Automatic 4-spd,6.0,3.1
7504,Midsize Cars,Regular,Front-Wheel Drive,15.6957142857143,Chevrolet,Automatic 4-spd,6.0,3.1
7505,Midsize Cars,Regular,Front-Wheel Drive,14.9822727272727,Chevrolet,Automatic 4-spd,6.0,3.4
7506,Midsize Cars,Regular,Front-Wheel Drive,15.6957142857143,Chevrolet,Automatic 4-spd,6.0,3.8
7507,Midsize Cars,Regular,Front-Wheel Drive,15.6957142857143,Chrysler,Automatic 4-spd,4.0,2.4
7508,Midsize Cars,Regular,Front-Wheel Drive,16.4805,Chrysler,Automatic 4-spd,6.0,2.7
7509,Midsize Cars,Regular,Front-Wheel Drive,15.6957142857143,Chrysler,Automatic (S4),6.0,2.7
7510,Midsize Cars,Regular,Front-Wheel Drive,16.4805,Daewoo,Automatic 4-spd,4.0,2.2
7511,Special Purpose Vehicles,Regular,4-Wheel or All-Wheel Drive,14.9822727272727,Subaru,Automatic 3-spd,4.0,1.8
7512,Midsize Cars,Regular,Front-Wheel Drive,15.6957142857143,Daewoo,Manual 5-spd,4.0,2.2
7513,Midsize Cars,Regular,Front-Wheel Drive,15.6957142857143,Dodge,Automatic 4-spd,4.0,2.4
7514,Midsize Cars,Regular,Front-Wheel Drive,16.4805,Dodge,Automatic 4-spd,6.0,2.7
7515,Midsize Cars,Regular,Front-Wheel Drive,15.6957142857143,Dodge,Automatic (S4),6.0,2.7
7516,Midsize Cars,Regular,Front-Wheel Drive,14.3308695652174,Honda,Automatic 4-spd,4.0,2.3
7517,Midsize Cars,Regular,Front-Wheel Drive,14.3308695652174,Honda,Automatic 4-spd,4.0,2.3
7518,Midsize Cars,Regular,Front-Wheel Drive,13.1844,Honda,Manual 5-spd,4.0,2.3
7519,Midsize Cars,Regular,Front-Wheel Drive,13.73375,Honda,Manual 5-spd,4.0,2.3
7520,Midsize Cars,Regular,Front-Wheel Drive,15.6957142857143,Honda,Automatic 4-spd,6.0,3.0
7521,Midsize Cars,Regular,Front-Wheel Drive,15.6957142857143,Hyundai,Automatic 4-spd,4.0,2.4
7522,Special Purpose Vehicles,Regular,4-Wheel or All-Wheel Drive,14.9822727272727,Subaru,Automatic 3-spd,4.0,1.8
7523,Midsize Cars,Regular,Front-Wheel Drive,14.9822727272727,Hyundai,Manual 5-spd,4.0,2.4
7524,Midsize Cars,Regular,Front-Wheel Drive,16.4805,Hyundai,Automatic 4-spd,6.0,2.5
7525,Midsize Cars,Regular,Front-Wheel Drive,15.6957142857143,Hyundai,Manual 5-spd,6.0,2.5
7526,Midsize Cars,Regular,Front-Wheel Drive,16.4805,Hyundai,Automatic 5-spd,6.0,3.0
7527,Midsize Cars,Regular,Front-Wheel Drive,16.4805,Infiniti,Automatic 4-spd,6.0,3.0
7528,Midsize Cars,Premium,Rear-Wheel Drive,18.3116666666667,Infiniti,Automatic 4-spd,8.0,4.1
7529,Midsize Cars,Premium,Rear-Wheel Drive,18.3116666666667,Jaguar,Automatic 5-spd,6.0,3.0
7530,Midsize Cars,Premium,Rear-Wheel Drive,18.3116666666667,Jaguar,Automatic 5-spd,8.0,4.0
7531,Midsize Cars,Premium,Rear-Wheel Drive,18.3116666666667,Jaguar,Automatic 5-spd,8.0,4.0
7532,Midsize Cars,Premium,Rear-Wheel Drive,20.600625,Jaguar,Automatic 5-spd,8.0,4.0
7533,Special Purpose Vehicles,Regular,4-Wheel or All-Wheel Drive,16.4805,Subaru,Automatic 3-spd,4.0,1.8
7534,Midsize Cars,Premium,Rear-Wheel Drive,18.3116666666667,Jaguar,Automatic 5-spd,8.0,4.0
7535,Midsize Cars,Regular,Front-Wheel Drive,16.4805,Kia,Automatic 4-spd,4.0,2.4
7536,Midsize Cars,Regular,Front-Wheel Drive,15.6957142857143,Kia,Manual 5-spd,4.0,2.4
7537,Midsize Cars,Regular,Front-Wheel Drive,17.3478947368421,Kia,Automatic 4-spd,6.0,2.5
7538,Midsize Cars,Regular,Front-Wheel Drive,15.6957142857143,Kia,Manual 5-spd,6.0,2.5
7539,Midsize Cars,Premium,Rear-Wheel Drive,18.3116666666667,Lexus,Automatic (S5),6.0,3.0
7540,Midsize Cars,Premium,Rear-Wheel Drive,18.3116666666667,Lexus,Automatic 5-spd,8.0,4.3
7541,Midsize Cars,Premium,Rear-Wheel Drive,17.3478947368421,Lincoln,Automatic 5-spd,6.0,3.0
7542,Midsize Cars,Premium,Rear-Wheel Drive,17.3478947368421,Lincoln,Manual 5-spd,6.0,3.0
7543,Midsize Cars,Premium,Rear-Wheel Drive,18.3116666666667,Lincoln,Automatic (S5),6.0,3.0
7544,Special Purpose Vehicles,Regular,4-Wheel or All-Wheel Drive,15.6957142857143,Subaru,Automatic 3-spd,4.0,1.8
7545,Midsize Cars,Premium,Rear-Wheel Drive,19.3888235294118,Lincoln,Automatic 5-spd,8.0,3.9
7546,Midsize Cars,Premium,Rear-Wheel Drive,19.3888235294118,Lincoln,Automatic (S5),8.0,3.9
7547,Midsize Cars,Regular,Front-Wheel Drive,16.4805,Mercury,Automatic 4-spd,6.0,3.0
7548,Midsize Cars,Regular,Front-Wheel Drive,17.3478947368421,Mercury,Automatic 4-spd,6.0,3.0
7549,Midsize Cars,Regular,Front-Wheel Drive,14.9822727272727,Mazda,Automatic 4-spd,4.0,2.0
7550,Midsize Cars,Regular,Front-Wheel Drive,13.1844,Mazda,Manual 5-spd,4.0,2.0
7551,Midsize Cars,Premium,Front-Wheel Drive,16.4805,Mazda,Automatic 4-spd,6.0,2.5
7552,Midsize Cars,Premium,Front-Wheel Drive,15.6957142857143,Mazda,Manual 5-spd,6.0,2.5
7553,Midsize Cars,Premium,Rear-Wheel Drive,15.6957142857143,Mercedes-Benz,Automatic 5-spd,6.0,3.2
7554,Midsize Cars,Premium,4-Wheel or All-Wheel Drive,16.4805,Mercedes-Benz,Automatic 5-spd,6.0,3.2
7555,Subcompact Cars,Regular,Front-Wheel Drive,14.9822727272727,Mitsubishi,Automatic 3-spd,4.0,2.0
7556,Special Purpose Vehicles,Regular,4-Wheel or All-Wheel Drive,14.3308695652174,Subaru,Manual 5-spd,4.0,1.8
7557,Midsize Cars,Premium,Rear-Wheel Drive,17.3478947368421,Mercedes-Benz,Automatic 5-spd,8.0,4.3
7558,Midsize Cars,Premium,4-Wheel or All-Wheel Drive,18.3116666666667,Mercedes-Benz,Automatic 5-spd,8.0,4.3
7559,Midsize Cars,Premium,Rear-Wheel Drive,18.3116666666667,Mercedes-Benz,Automatic 5-spd,8.0,5.4
7560,Midsize Cars,Premium,Front-Wheel Drive,18.3116666666667,Mitsubishi,Automatic 4-spd,6.0,3.5
7561,Midsize Cars,Regular,Front-Wheel Drive,15.6957142857143,Mitsubishi,Automatic 4-spd,4.0,2.4
7562,Midsize Cars,Premium,Front-Wheel Drive,16.4805,Mitsubishi,Automatic 4-spd,6.0,3.0
7563,Midsize Cars,Regular,Front-Wheel Drive,16.4805,Nissan,Automatic 4-spd,6.0,3.0
7564,Midsize Cars,Regular,Front-Wheel Drive,14.9822727272727,Nissan,Manual 5-spd,6.0,3.0
7565,Midsize Cars,Regular,Front-Wheel Drive,16.4805,Oldsmobile,Automatic 4-spd,6.0,3.5
7566,Midsize Cars,Premium,Front-Wheel Drive,18.3116666666667,Oldsmobile,Automatic 4-spd,8.0,4.0
7567,Special Purpose Vehicles,Regular,4-Wheel or All-Wheel Drive,14.3308695652174,Subaru,Manual 5-spd,4.0,1.8
7568,Midsize Cars,Regular,Front-Wheel Drive,16.4805,Oldsmobile,Automatic 4-spd,6.0,3.5
7569,Midsize Cars,Regular,Front-Wheel Drive,15.6957142857143,Pontiac,Automatic 4-spd,6.0,3.1
7570,Midsize Cars,Regular,Front-Wheel Drive,15.6957142857143,Pontiac,Automatic 4-spd,6.0,3.8
7571,Midsize Cars,Premium,Front-Wheel Drive,16.4805,Pontiac,Automatic 4-spd,6.0,3.8
7572,Midsize Cars,Premium,Rear-Wheel Drive,25.3546153846154,Rolls-Royce,Automatic 5-spd,12.0,5.4
7573,Midsize Cars,Premium,Front-Wheel Drive,15.6957142857143,Saab,Automatic 4-spd,4.0,2.0
7574,Midsize Cars,Regular,Front-Wheel Drive,15.6957142857143,Saab,Automatic 4-spd,4.0,2.0
7575,Midsize Cars,Premium,Front-Wheel Drive,14.9822727272727,Saab,Manual 5-spd,4.0,2.0
7576,Midsize Cars,Regular,Front-Wheel Drive,14.9822727272727,Saab,Manual 5-spd,4.0,2.0
7577,Midsize Cars,Premium,Front-Wheel Drive,14.9822727272727,Saab,Manual 5-spd,4.0,2.3
7578,Special Purpose Vehicles,Regular,4-Wheel or All-Wheel Drive,16.4805,Subaru,Automatic 3-spd,4.0,1.8
7579,Midsize Cars,Regular,Front-Wheel Drive,15.6957142857143,Saab,Automatic 4-spd,4.0,2.3
7580,Midsize Cars,Premium,Front-Wheel Drive,17.3478947368421,Saab,Automatic 4-spd,4.0,2.3
7581,Midsize Cars,Regular,Front-Wheel Drive,14.9822727272727,Saab,Manual 5-spd,4.0,2.3
7582,Midsize Cars,Premium,Front-Wheel Drive,15.6957142857143,Saab,Manual 5-spd,4.0,2.3
7583,Midsize Cars,Premium,Front-Wheel Drive,17.3478947368421,Saab,Automatic 4-spd,6.0,3.0
7584,Midsize Cars,Regular,Front-Wheel Drive,13.73375,Saturn,Automatic 4-spd,4.0,2.2
7585,Midsize Cars,Regular,Front-Wheel Drive,13.1844,Saturn,Manual 5-spd,4.0,2.2
7586,Midsize Cars,Regular,Front-Wheel Drive,16.4805,Saturn,Automatic 4-spd,6.0,3.0
7587,Midsize Cars,Regular,Front-Wheel Drive,13.73375,Toyota,Automatic 4-spd,4.0,2.2
7588,Midsize Cars,Regular,Front-Wheel Drive,13.73375,Toyota,Manual 5-spd,4.0,2.2
7589,Special Purpose Vehicles,Regular,4-Wheel or All-Wheel Drive,16.4805,Subaru,Automatic 3-spd,4.0,1.8
7590,Midsize Cars,Regular,Front-Wheel Drive,16.4805,Toyota,Automatic 4-spd,6.0,3.0
7591,Midsize Cars,Regular,Front-Wheel Drive,16.4805,Toyota,Manual 5-spd,6.0,3.0
7592,Midsize Cars,Premium,Front-Wheel Drive,15.6957142857143,Volkswagen,Automatic 5-spd,4.0,1.8
7593,Midsize Cars,Premium,Front-Wheel Drive,14.3308695652174,Volkswagen,Manual 5-spd,4.0,1.8
7594,Midsize Cars,Premium,Front-Wheel Drive,17.3478947368421,Volkswagen,Automatic 5-spd,6.0,2.8
7595,Midsize Cars,Premium,Front-Wheel Drive,15.6957142857143,Volkswagen,Manual 5-spd,6.0,2.8
7596,Midsize Cars,Premium,Front-Wheel Drive,17.3478947368421,Volvo,Automatic (S4),6.0,2.8
7597,Midsize Cars,Premium,Front-Wheel Drive,16.4805,Volvo,Automatic 4-spd,6.0,2.9
7598,Large Cars,Premium,4-Wheel or All-Wheel Drive,18.3116666666667,Audi,Automatic (S5),8.0,4.2
7599,Large Cars,Premium,Rear-Wheel Drive,18.3116666666667,BMW,Automatic 5-spd,8.0,4.4
7600,Special Purpose Vehicle 2WD,Regular,Rear-Wheel Drive,23.5435714285714,Chevrolet,Automatic 4-spd,6.0,2.8
7601,Large Cars,Premium,Rear-Wheel Drive,23.5435714285714,BMW,Automatic 5-spd,12.0,5.4
7602,Large Cars,Regular,Front-Wheel Drive,16.4805,Buick,Automatic 4-spd,6.0,3.8
7603,Large Cars,Regular,Front-Wheel Drive,16.4805,Buick,Automatic 4-spd,6.0,3.8
7604,Large Cars,Premium,Front-Wheel Drive,16.4805,Buick,Automatic 4-spd,6.0,3.8
7605,Large Cars,Premium,Front-Wheel Drive,18.3116666666667,Cadillac,Automatic 4-spd,8.0,4.6
7606,Large Cars,Regular,Front-Wheel Drive,14.9822727272727,Chevrolet,Automatic 4-spd,6.0,3.4
7607,Large Cars,Regular,Front-Wheel Drive,15.6957142857143,Chevrolet,Automatic 4-spd,6.0,3.8
7608,Large Cars,Regular,Front-Wheel Drive,17.3478947368421,Chrysler,Automatic (S4),6.0,3.5
7609,Large Cars,Regular,Front-Wheel Drive,16.4805,Chrysler,Automatic 4-spd,6.0,2.7
7610,Large Cars,Regular,Front-Wheel Drive,16.4805,Chrysler,Automatic 4-spd,6.0,3.2
7611,Special Purpose Vehicle 2WD,Regular,Rear-Wheel Drive,25.3546153846154,Nissan,Manual 5-spd,4.0,2.4
7612,Large Cars,Regular,Front-Wheel Drive,17.3478947368421,Chrysler,Automatic 4-spd,6.0,3.5
7613,Large Cars,Regular,Front-Wheel Drive,16.4805,Dodge,Automatic 4-spd,6.0,2.7
7614,Large Cars,Regular,Front-Wheel Drive,15.6957142857143,Dodge,Automatic (S4),6.0,2.7
7615,Large Cars,Regular,Front-Wheel Drive,17.3478947368421,Dodge,Automatic (S4),6.0,3.2
7616,Large Cars,Regular,Front-Wheel Drive,17.3478947368421,Dodge,Automatic (S4),6.0,3.5
7617,Large Cars,Regular,Rear-Wheel Drive,18.3116666666667,Ford,Automatic 4-spd,8.0,4.6
7618,Large Cars,Regular,Front-Wheel Drive,16.4805,Ford,Automatic 4-spd,6.0,3.0
7619,Large Cars,Regular,Front-Wheel Drive,17.3478947368421,Ford,Automatic 4-spd,6.0,3.0
7620,Large Cars,Premium,Rear-Wheel Drive,17.3478947368421,Lexus,Automatic 5-spd,8.0,4.3
7621,Large Cars,Premium,Front-Wheel Drive,18.3116666666667,Lincoln,Automatic 4-spd,8.0,4.6
7622,Special Purpose Vehicle 2WD,Regular,Rear-Wheel Drive,16.4805,Ford,Manual 5-spd,4.0,2.3
7623,Large Cars,Regular,Rear-Wheel Drive,18.3116666666667,Mercury,Automatic 4-spd,8.0,4.6
7624,Large Cars,Regular,Rear-Wheel Drive,18.3116666666667,Lincoln,Automatic 4-spd,8.0,4.6
7625,Large Cars,Premium,Rear-Wheel Drive,18.3116666666667,Mercedes-Benz,Automatic 5-spd,8.0,4.3
7626,Large Cars,Premium,Rear-Wheel Drive,19.3888235294118,Mercedes-Benz,Automatic 5-spd,8.0,5.0
7627,Large Cars,Premium,Rear-Wheel Drive,19.3888235294118,Mercedes-Benz,Automatic 5-spd,8.0,5.4
7628,Large Cars,Premium,Rear-Wheel Drive,20.600625,Mercedes-Benz,Automatic 5-spd,12.0,5.8
7629,Large Cars,Regular,Front-Wheel Drive,16.4805,Pontiac,Automatic 4-spd,6.0,3.8
7630,Large Cars,Premium,Front-Wheel Drive,16.4805,Pontiac,Automatic 4-spd,6.0,3.8
7631,Large Cars,Premium,Rear-Wheel Drive,25.3546153846154,Rolls-Royce,Automatic 5-spd,12.0,5.4
7632,Large Cars,Regular,Front-Wheel Drive,15.6957142857143,Toyota,Automatic 4-spd,6.0,3.0
7633,Special Purpose Vehicle 2WD,Regular,Rear-Wheel Drive,21.974,Ford,Automatic 4-spd,6.0,2.8
7634,Small Station Wagons,Premium,4-Wheel or All-Wheel Drive,14.9822727272727,Audi,Manual 5-spd,4.0,1.8
7635,Small Station Wagons,Premium,4-Wheel or All-Wheel Drive,16.4805,Audi,Automatic (S5),4.0,1.8
7636,Small Station Wagons,Premium,4-Wheel or All-Wheel Drive,17.3478947368421,Audi,Manual 5-spd,6.0,2.8
7637,Small Station Wagons,Premium,4-Wheel or All-Wheel Drive,18.3116666666667,Audi,Automatic (S5),6.0,2.8
7638,Small Station Wagons,Premium,4-Wheel or All-Wheel Drive,18.3116666666667,Audi,Manual 6-spd,6.0,2.7
7639,Small Station Wagons,Premium,4-Wheel or All-Wheel Drive,18.3116666666667,Audi,Automatic (S5),6.0,2.7
7640,Small Station Wagons,Premium,Rear-Wheel Drive,16.4805,BMW,Automatic 5-spd,6.0,2.5
7641,Small Station Wagons,Premium,Rear-Wheel Drive,15.6957142857143,BMW,Manual 5-spd,6.0,2.5
7642,Small Station Wagons,Premium,4-Wheel or All-Wheel Drive,17.3478947368421,BMW,Automatic 5-spd,6.0,2.5
7643,Small Station Wagons,Premium,4-Wheel or All-Wheel Drive,16.4805,BMW,Manual 5-spd,6.0,2.5
7644,Special Purpose Vehicle 2WD,Regular,Rear-Wheel Drive,23.5435714285714,GMC,Automatic 4-spd,6.0,2.8
7645,Small Station Wagons,Premium,Rear-Wheel Drive,17.3478947368421,BMW,Automatic 5-spd,6.0,2.5
7646,Small Station Wagons,Premium,Rear-Wheel Drive,16.4805,BMW,Manual 5-spd,6.0,2.5
7647,Small Station Wagons,Premium,Rear-Wheel Drive,20.600625,BMW,Automatic (S5),8.0,4.4
7648,Small Station Wagons,Regular,Front-Wheel Drive,14.9822727272727,Daewoo,Automatic 4-spd,4.0,2.0
7649,Small Station Wagons,Regular,Front-Wheel Drive,14.3308695652174,Daewoo,Manual 5-spd,4.0,2.0
7650,Small Station Wagons,Regular,Front-Wheel Drive,12.6773076923077,Saturn,Automatic 4-spd,4.0,1.9
7651,Small Station Wagons,Regular,Front-Wheel Drive,12.6773076923077,Saturn,Automatic 4-spd,4.0,1.9
7652,Small Station Wagons,Regular,Front-Wheel Drive,12.2077777777778,Saturn,Manual 5-spd,4.0,1.9
7653,Small Station Wagons,Regular,4-Wheel or All-Wheel Drive,14.3308695652174,Subaru,Automatic 4-spd,4.0,2.2
7654,Small Station Wagons,Regular,4-Wheel or All-Wheel Drive,14.9822727272727,Subaru,Manual 5-spd,4.0,2.2
7655,Two Seaters,Regular,Rear-Wheel Drive,15.6957142857143,Alfa Romeo,Manual 5-spd,4.0,2.0
7656,Small Station Wagons,Regular,Front-Wheel Drive,12.6773076923077,Suzuki,Automatic 4-spd,4.0,1.8
7657,Small Station Wagons,Regular,Front-Wheel Drive,12.6773076923077,Suzuki,Manual 5-spd,4.0,1.8
7658,Small Station Wagons,Regular,Front-Wheel Drive,14.9822727272727,Volkswagen,Automatic 4-spd,4.0,2.0
7659,Small Station Wagons,Regular,Front-Wheel Drive,13.73375,Volkswagen,Manual 5-spd,4.0,2.0
7660,Small Station Wagons,Regular,Front-Wheel Drive,17.3478947368421,Volkswagen,Automatic 4-spd,6.0,2.8
7661,Small Station Wagons,Regular,Front-Wheel Drive,16.4805,Volkswagen,Manual 5-spd,6.0,2.8
7662,Small Station Wagons,Premium,Front-Wheel Drive,14.3308695652174,Volvo,Automatic 5-spd,4.0,1.9
7663,Midsize Station Wagons,Premium,4-Wheel or All-Wheel Drive,18.3116666666667,Audi,Automatic (S5),6.0,2.8
7664,Midsize Station Wagons,Regular,Front-Wheel Drive,13.1844,Ford,Automatic 4-spd,4.0,2.0
7665,Midsize Station Wagons,Regular,Front-Wheel Drive,13.73375,Ford,Automatic 4-spd,4.0,2.0
7666,Subcompact Cars,Regular,Front-Wheel Drive,13.1844,Mitsubishi,Manual 5-spd,4.0,2.0
7667,Two Seaters,Regular,Rear-Wheel Drive,19.3888235294118,Autokraft Limited,Manual 5-spd,8.0,4.9
7668,Midsize Station Wagons,Regular,Front-Wheel Drive,11.7717857142857,Ford,Manual 5-spd,4.0,2.0
7669,Midsize Station Wagons,Regular,Front-Wheel Drive,13.1844,Ford,Manual 5-spd,4.0,2.0
7670,Midsize Station Wagons,Regular,Front-Wheel Drive,17.3478947368421,Ford,Automatic 4-spd,6.0,3.0
7671,Midsize Station Wagons,Regular,Front-Wheel Drive,17.3478947368421,Ford,Automatic 4-spd,6.0,3.0
7672,Midsize Station Wagons,Regular,4-Wheel or All-Wheel Drive,18.3116666666667,Lexus,Automatic 4-spd,6.0,3.0
7673,Midsize Station Wagons,Regular,Front-Wheel Drive,18.3116666666667,Lexus,Automatic 4-spd,6.0,3.0
7674,Midsize Station Wagons,Regular,Front-Wheel Drive,17.3478947368421,Mercury,Automatic 4-spd,6.0,3.0
7675,Midsize Station Wagons,Regular,Front-Wheel Drive,17.3478947368421,Mercury,Automatic 4-spd,6.0,3.0
7676,Midsize Station Wagons,Premium,Rear-Wheel Drive,16.4805,Mercedes-Benz,Automatic 5-spd,6.0,3.2
7677,Midsize Station Wagons,Premium,4-Wheel or All-Wheel Drive,16.4805,Mercedes-Benz,Automatic 5-spd,6.0,3.2
7678,Two Seaters,Regular,Rear-Wheel Drive,14.9822727272727,Bertone,Manual 5-spd,4.0,1.5
7679,Midsize Station Wagons,Regular,Front-Wheel Drive,16.4805,Saab,Automatic 4-spd,4.0,2.3
7680,Midsize Station Wagons,Premium,Front-Wheel Drive,17.3478947368421,Saab,Automatic 4-spd,4.0,2.3
7681,Midsize Station Wagons,Regular,Front-Wheel Drive,15.6957142857143,Saab,Manual 5-spd,4.0,2.3
7682,Midsize Station Wagons,Premium,Front-Wheel Drive,16.4805,Saab,Manual 5-spd,4.0,2.3
7683,Midsize Station Wagons,Premium,Front-Wheel Drive,17.3478947368421,Saab,Automatic 4-spd,6.0,3.0
7684,Midsize Station Wagons,Regular,Front-Wheel Drive,13.73375,Saturn,Automatic 4-spd,4.0,2.2
7685,Midsize Station Wagons,Regular,Front-Wheel Drive,13.73375,Saturn,Manual 5-spd,4.0,2.2
7686,Midsize Station Wagons,Regular,Front-Wheel Drive,16.4805,Saturn,Automatic 4-spd,6.0,3.0
7687,Midsize Station Wagons,Regular,4-Wheel or All-Wheel Drive,15.6957142857143,Subaru,Automatic 4-spd,4.0,2.5
7688,Midsize Station Wagons,Regular,4-Wheel or All-Wheel Drive,15.6957142857143,Subaru,Manual 5-spd,4.0,2.5
7689,Two Seaters,Regular,Rear-Wheel Drive,18.3116666666667,Chevrolet,Automatic 4-spd,8.0,5.7
7690,Midsize Station Wagons,Premium,4-Wheel or All-Wheel Drive,16.4805,Subaru,Automatic 4-spd,6.0,3.0
7691,Midsize Station Wagons,Premium,Front-Wheel Drive,15.6957142857143,Volkswagen,Automatic 5-spd,4.0,1.8
7692,Midsize Station Wagons,Premium,Front-Wheel Drive,14.3308695652174,Volkswagen,Manual 5-spd,4.0,1.8
7693,Midsize Station Wagons,Premium,Front-Wheel Drive,17.3478947368421,Volkswagen,Automatic 5-spd,6.0,2.8
7694,Midsize Station Wagons,Premium,Front-Wheel Drive,15.6957142857143,Volkswagen,Manual 5-spd,6.0,2.8
7695,Midsize Station Wagons,Premium,4-Wheel or All-Wheel Drive,18.3116666666667,Volkswagen,Automatic 5-spd,6.0,2.8
7696,Midsize Station Wagons,Premium,Front-Wheel Drive,15.6957142857143,Volvo,Manual 5-spd,5.0,2.3
7697,Midsize Station Wagons,Premium,Front-Wheel Drive,16.4805,Volvo,Automatic (S5),5.0,2.3
7698,Midsize Station Wagons,Premium,Front-Wheel Drive,15.6957142857143,Volvo,Automatic 5-spd,5.0,2.4
7699,Midsize Station Wagons,Premium,Front-Wheel Drive,16.4805,Volvo,Automatic 5-spd,5.0,2.4
7700,Two Seaters,Regular,Rear-Wheel Drive,18.3116666666667,Chevrolet,Manual 4-spd,8.0,5.7
7701,Midsize Station Wagons,Premium,Front-Wheel Drive,15.6957142857143,Volvo,Manual 5-spd,5.0,2.4
7702,Midsize Station Wagons,Premium,Front-Wheel Drive,16.4805,Volvo,Automatic (S5),5.0,2.4
7703,Midsize Station Wagons,Premium,4-Wheel or All-Wheel Drive,17.3478947368421,Volvo,Automatic (S5),5.0,2.4
7704,Small Pickup Trucks 2WD,Regular,Rear-Wheel Drive,19.3888235294118,Chevrolet,Automatic 4-spd,6.0,4.3
7705,Small Pickup Trucks 2WD,Regular,Rear-Wheel Drive,20.600625,Chevrolet,Manual 5-spd,6.0,4.3
7706,Small Pickup Trucks 2WD,Regular,Rear-Wheel Drive,19.3888235294118,GMC,Automatic 4-spd,6.0,4.3
7707,Small Pickup Trucks 2WD,Regular,Rear-Wheel Drive,20.600625,GMC,Manual 5-spd,6.0,4.3
7708,Small Pickup Trucks 2WD,Regular,Rear-Wheel Drive,19.3888235294118,Isuzu,Automatic 4-spd,6.0,4.3
7709,Standard Pickup Trucks 2WD,Regular,Rear-Wheel Drive,19.3888235294118,Chevrolet,Automatic 4-spd,6.0,4.3
7710,Standard Pickup Trucks 2WD,Regular,Rear-Wheel Drive,20.600625,Chevrolet,Manual 5-spd,6.0,4.3
7711,Two Seaters,Regular,Rear-Wheel Drive,18.3116666666667,Chevrolet,Automatic 4-spd,8.0,5.7
7712,Standard Pickup Trucks 2WD,Regular,Rear-Wheel Drive,20.600625,Chevrolet,Automatic 4-spd,8.0,4.8
7713,Standard Pickup Trucks 2WD,Regular,Rear-Wheel Drive,20.600625,Chevrolet,Manual 5-spd,8.0,4.8
7714,Standard Pickup Trucks 2WD,Regular,Rear-Wheel Drive,21.974,Chevrolet,Automatic 4-spd,8.0,5.3
7715,Standard Pickup Trucks 2WD,Regular,Rear-Wheel Drive,16.4805,Dodge,Manual 5-spd,4.0,2.5
7716,Standard Pickup Trucks 2WD,Regular,Rear-Wheel Drive,20.600625,Dodge,Automatic 4-spd,6.0,3.9
7717,Standard Pickup Trucks 2WD,Regular,Rear-Wheel Drive,20.600625,Dodge,Manual 5-spd,6.0,3.9
7718,Standard Pickup Trucks 2WD,Regular,Rear-Wheel Drive,23.5435714285714,Dodge,Automatic 4-spd,8.0,4.7
7719,Standard Pickup Trucks 2WD,Regular,Rear-Wheel Drive,21.974,Dodge,Manual 5-spd,8.0,4.7
7720,Standard Pickup Trucks 2WD,Regular,Rear-Wheel Drive,25.3546153846154,Dodge,Automatic 4-spd,8.0,5.9
7721,Standard Pickup Trucks 2WD,Regular,Rear-Wheel Drive,20.600625,Dodge,Automatic 4-spd,6.0,3.9
7722,Two Seaters,Regular,Rear-Wheel Drive,18.3116666666667,Chevrolet,Manual 4-spd,8.0,5.7
7723,Standard Pickup Trucks 2WD,Regular,Rear-Wheel Drive,21.974,Dodge,Manual 5-spd,6.0,3.9
7724,Standard Pickup Trucks 2WD,Regular,Rear-Wheel Drive,23.5435714285714,Dodge,Automatic 4-spd,8.0,5.2
7725,Standard Pickup Trucks 2WD,Regular,Rear-Wheel Drive,23.5435714285714,Dodge,Manual 5-spd,8.0,5.2
7726,Standard Pickup Trucks 2WD,Regular,Rear-Wheel Drive,25.3546153846154,Dodge,Automatic 4-spd,8.0,5.9
7727,Standard Pickup Trucks 2WD,Regular,Rear-Wheel Drive,20.600625,Ford,Automatic 5-spd,6.0,4.0
7728,Standard Pickup Trucks 2WD,Regular,Rear-Wheel Drive,19.3888235294118,Ford,Manual 5-spd,6.0,4.0
7729,Standard Pickup Trucks 2WD,Regular,Rear-Wheel Drive,20.600625,Ford,Automatic 4-spd,6.0,4.2
7730,Standard Pickup Trucks 2WD,Regular,Rear-Wheel Drive,20.600625,Ford,Manual 5-spd,6.0,4.2
7731,Standard Pickup Trucks 2WD,Regular,Rear-Wheel Drive,20.600625,Ford,Automatic 4-spd,8.0,4.6
7732,Standard Pickup Trucks 2WD,Regular,Rear-Wheel Drive,21.974,Ford,Manual 5-spd,8.0,4.6
7733,Two Seaters,Regular,Rear-Wheel Drive,17.3478947368421,Nissan,Automatic 4-spd,6.0,3.0
7734,Standard Pickup Trucks 2WD,Regular,Rear-Wheel Drive,21.974,Ford,Automatic 4-spd,8.0,5.4
7735,Standard Pickup Trucks 2WD,Premium,Rear-Wheel Drive,25.3546153846154,Ford,Automatic 4-spd,8.0,5.4
7736,Standard Pickup Trucks 2WD,Regular,Rear-Wheel Drive,16.4805,Ford,Automatic 5-spd,4.0,2.3
7737,Standard Pickup Trucks 2WD,Regular,Rear-Wheel Drive,14.3308695652174,Ford,Manual 5-spd,4.0,2.3
7738,Standard Pickup Trucks 2WD,Regular,Rear-Wheel Drive,17.3478947368421,Ford,Automatic 4-spd,4.0,2.5
7739,Standard Pickup Trucks 2WD,Regular,Rear-Wheel Drive,15.6957142857143,Ford,Manual 5-spd,4.0,2.5
7740,Standard Pickup Trucks 2WD,Regular,Rear-Wheel Drive,19.3888235294118,Ford,Automatic 5-spd,6.0,3.0
7741,Standard Pickup Trucks 2WD,Regular,Rear-Wheel Drive,19.3888235294118,Ford,Manual 5-spd,6.0,3.0
7742,Standard Pickup Trucks 2WD,Regular,Rear-Wheel Drive,19.3888235294118,Ford,Automatic 5-spd,6.0,4.0
7743,Standard Pickup Trucks 2WD,Regular,Rear-Wheel Drive,18.3116666666667,Ford,Manual 5-spd,6.0,4.0
7744,Two Seaters,Regular,Rear-Wheel Drive,18.3116666666667,Nissan,Automatic 4-spd,6.0,3.0
7745,Standard Pickup Trucks 2WD,Regular,Rear-Wheel Drive,19.3888235294118,GMC,Automatic 4-spd,6.0,4.3
7746,Standard Pickup Trucks 2WD,Regular,Rear-Wheel Drive,20.600625,GMC,Manual 5-spd,6.0,4.3
7747,Standard Pickup Trucks 2WD,Regular,Rear-Wheel Drive,20.600625,GMC,Automatic 4-spd,8.0,4.8
7748,Standard Pickup Trucks 2WD,Regular,Rear-Wheel Drive,20.600625,GMC,Manual 5-spd,8.0,4.8
7749,Standard Pickup Trucks 2WD,Regular,Rear-Wheel Drive,21.974,GMC,Automatic 4-spd,8.0,5.3
7750,Standard Pickup Trucks 2WD,Regular,Rear-Wheel Drive,16.4805,Mazda,Automatic 5-spd,4.0,2.3
7751,Standard Pickup Trucks 2WD,Regular,Rear-Wheel Drive,14.3308695652174,Mazda,Manual 5-spd,4.0,2.3
7752,Standard Pickup Trucks 2WD,Regular,Rear-Wheel Drive,17.3478947368421,Mazda,Automatic 4-spd,4.0,2.5
7753,Standard Pickup Trucks 2WD,Regular,Rear-Wheel Drive,15.6957142857143,Mazda,Manual 5-spd,4.0,2.5
7754,Standard Pickup Trucks 2WD,Regular,Rear-Wheel Drive,19.3888235294118,Mazda,Automatic 5-spd,6.0,3.0
7755,Two Seaters,Regular,Rear-Wheel Drive,17.3478947368421,Nissan,Manual 5-spd,6.0,3.0
7756,Standard Pickup Trucks 2WD,Regular,Rear-Wheel Drive,19.3888235294118,Mazda,Manual 5-spd,6.0,3.0
7757,Standard Pickup Trucks 2WD,Regular,Rear-Wheel Drive,19.3888235294118,Mazda,Automatic 5-spd,6.0,4.0
7758,Standard Pickup Trucks 2WD,Regular,Rear-Wheel Drive,18.3116666666667,Mazda,Manual 5-spd,6.0,4.0
7759,Standard Pickup Trucks 2WD,Regular,Rear-Wheel Drive,17.3478947368421,Nissan,Automatic 4-spd,4.0,2.4
7760,Standard Pickup Trucks 2WD,Regular,Rear-Wheel Drive,15.6957142857143,Nissan,Manual 5-spd,4.0,2.4
7761,Standard Pickup Trucks 2WD,Regular,Rear-Wheel Drive,20.600625,Nissan,Automatic 4-spd,6.0,3.3
7762,Standard Pickup Trucks 2WD,Premium,Rear-Wheel Drive,21.974,Nissan,Automatic 4-spd,6.0,3.3
7763,Standard Pickup Trucks 2WD,Regular,Rear-Wheel Drive,20.600625,Nissan,Manual 5-spd,6.0,3.3
7764,Standard Pickup Trucks 2WD,Premium,Rear-Wheel Drive,21.974,Nissan,Manual 5-spd,6.0,3.3
7765,Standard Pickup Trucks 2WD,Regular,Rear-Wheel Drive,16.4805,Toyota,Automatic 4-spd,4.0,2.4
7766,Two Seaters,Regular,Rear-Wheel Drive,17.3478947368421,Nissan,Manual 5-spd,6.0,3.0
7767,Standard Pickup Trucks 2WD,Regular,Rear-Wheel Drive,15.6957142857143,Toyota,Manual 5-spd,4.0,2.4
7768,Standard Pickup Trucks 2WD,Regular,Rear-Wheel Drive,18.3116666666667,Toyota,Automatic 4-spd,4.0,2.7
7769,Standard Pickup Trucks 2WD,Regular,Rear-Wheel Drive,19.3888235294118,Toyota,Automatic 4-spd,6.0,3.4
7770,Standard Pickup Trucks 2WD,Regular,Rear-Wheel Drive,18.3116666666667,Toyota,Manual 5-spd,6.0,3.4
7771,Standard Pickup Trucks 2WD,Regular,Rear-Wheel Drive,20.600625,Toyota,Automatic 4-spd,6.0,3.4
7772,Standard Pickup Trucks 2WD,Regular,Rear-Wheel Drive,20.600625,Toyota,Manual 5-spd,6.0,3.4
7773,Standard Pickup Trucks 2WD,Regular,Rear-Wheel Drive,21.974,Toyota,Automatic 4-spd,8.0,4.7
7774,Standard Pickup Trucks 4WD,Regular,4-Wheel or All-Wheel Drive,21.974,Chevrolet,Automatic 4-spd,6.0,4.3
7775,Standard Pickup Trucks 4WD,Regular,4-Wheel or All-Wheel Drive,23.5435714285714,Chevrolet,Manual 5-spd,6.0,4.3
7776,Standard Pickup Trucks 4WD,Regular,4-Wheel or All-Wheel Drive,23.5435714285714,Chevrolet,Automatic 4-spd,8.0,4.8
7777,Two Seaters,Regular,Front-Wheel Drive,11.3658620689655,Honda,Manual 5-spd,4.0,1.5
7778,Subcompact Cars,Regular,Front-Wheel Drive,12.2077777777778,Mitsubishi,Automatic 3-spd,4.0,1.5
7779,Two Seaters,Regular,Rear-Wheel Drive,29.9645454545455,Ferrari,Manual 5-spd,12.0,4.9
7780,Standard Pickup Trucks 4WD,Regular,4-Wheel or All-Wheel Drive,23.5435714285714,Chevrolet,Manual 5-spd,8.0,4.8
7781,Standard Pickup Trucks 4WD,Regular,4-Wheel or All-Wheel Drive,23.5435714285714,Chevrolet,Automatic 4-spd,8.0,5.3
7782,Standard Pickup Trucks 4WD,Regular,4-Wheel or All-Wheel Drive,21.974,Chevrolet,Automatic 4-spd,6.0,4.3
7783,Standard Pickup Trucks 4WD,Regular,4-Wheel or All-Wheel Drive,23.5435714285714,Chevrolet,Manual 5-spd,6.0,4.3
7784,Standard Pickup Trucks 4WD,Regular,4-Wheel or All-Wheel Drive,23.5435714285714,Dodge,Automatic 4-spd,6.0,3.9
7785,Standard Pickup Trucks 4WD,Regular,4-Wheel or All-Wheel Drive,21.974,Dodge,Manual 5-spd,6.0,3.9
7786,Standard Pickup Trucks 4WD,Regular,4-Wheel or All-Wheel Drive,23.5435714285714,Dodge,Automatic 4-spd,8.0,4.7
7787,Standard Pickup Trucks 4WD,Regular,4-Wheel or All-Wheel Drive,21.974,Dodge,Manual 5-spd,8.0,4.7
7788,Standard Pickup Trucks 4WD,Regular,4-Wheel or All-Wheel Drive,25.3546153846154,Dodge,Automatic 4-spd,8.0,5.9
7789,Standard Pickup Trucks 4WD,Regular,4-Wheel or All-Wheel Drive,25.3546153846154,Dodge,Automatic 4-spd,8.0,5.2
7790,Two Seaters,Regular,Rear-Wheel Drive,25.3546153846154,Ferrari,Manual 5-spd,8.0,3.2
7791,Standard Pickup Trucks 4WD,Regular,4-Wheel or All-Wheel Drive,25.3546153846154,Dodge,Manual 5-spd,8.0,5.2
7792,Standard Pickup Trucks 4WD,Regular,4-Wheel or All-Wheel Drive,25.3546153846154,Dodge,Automatic 4-spd,8.0,5.9
7793,Standard Pickup Trucks 4WD,Regular,4-Wheel or All-Wheel Drive,21.974,Ford,Automatic 5-spd,6.0,4.0
7794,Standard Pickup Trucks 4WD,Regular,4-Wheel or All-Wheel Drive,20.600625,Ford,Manual 5-spd,6.0,4.0
7795,Standard Pickup Trucks 4WD,Regular,4-Wheel or All-Wheel Drive,21.974,Ford,Automatic 4-spd,6.0,4.2
7796,Standard Pickup Trucks 4WD,Regular,4-Wheel or All-Wheel Drive,21.974,Ford,Manual 5-spd,6.0,4.2
7797,Standard Pickup Trucks 4WD,Regular,4-Wheel or All-Wheel Drive,21.974,Ford,Automatic 4-spd,8.0,4.6
7798,Standard Pickup Trucks 4WD,Regular,4-Wheel or All-Wheel Drive,23.5435714285714,Ford,Manual 5-spd,8.0,4.6
7799,Standard Pickup Trucks 4WD,Regular,4-Wheel or All-Wheel Drive,23.5435714285714,Ford,Automatic 4-spd,8.0,5.4
7800,Standard Pickup Trucks 4WD,Regular,4-Wheel or All-Wheel Drive,21.974,Ford,Automatic 5-spd,6.0,3.0
7801,Two Seaters,Regular,Front-Wheel Drive,14.3308695652174,Ford,Automatic 3-spd,4.0,1.9
7802,Standard Pickup Trucks 4WD,Regular,4-Wheel or All-Wheel Drive,20.600625,Ford,Manual 5-spd,6.0,3.0
7803,Standard Pickup Trucks 4WD,Regular,4-Wheel or All-Wheel Drive,21.974,Ford,Automatic 5-spd,6.0,4.0
7804,Standard Pickup Trucks 4WD,Regular,4-Wheel or All-Wheel Drive,20.600625,Ford,Manual 5-spd,6.0,4.0
7805,Standard Pickup Trucks 4WD,Regular,4-Wheel or All-Wheel Drive,21.974,GMC,Automatic 4-spd,6.0,4.3
7806,Standard Pickup Trucks 4WD,Regular,4-Wheel or All-Wheel Drive,23.5435714285714,GMC,Manual 5-spd,6.0,4.3
7807,Standard Pickup Trucks 4WD,Regular,4-Wheel or All-Wheel Drive,23.5435714285714,GMC,Automatic 4-spd,8.0,4.8
7808,Standard Pickup Trucks 4WD,Regular,4-Wheel or All-Wheel Drive,23.5435714285714,GMC,Manual 5-spd,8.0,4.8
7809,Standard Pickup Trucks 4WD,Regular,4-Wheel or All-Wheel Drive,23.5435714285714,GMC,Automatic 4-spd,8.0,5.3
7810,Standard Pickup Trucks 4WD,Regular,4-Wheel or All-Wheel Drive,29.9645454545455,GMC,Automatic 4-spd,8.0,6.0
7811,Standard Pickup Trucks 4WD,Regular,4-Wheel or All-Wheel Drive,21.974,GMC,Automatic 4-spd,6.0,4.3
7812,Two Seaters,Regular,Front-Wheel Drive,12.6773076923077,Ford,Manual 5-spd,4.0,1.9
7813,Standard Pickup Trucks 4WD,Regular,4-Wheel or All-Wheel Drive,23.5435714285714,GMC,Manual 5-spd,6.0,4.3
7814,Standard Pickup Trucks 4WD,Regular,4-Wheel or All-Wheel Drive,23.5435714285714,Isuzu,Automatic 4-spd,6.0,4.3
7815,Standard Pickup Trucks 4WD,Regular,4-Wheel or All-Wheel Drive,21.974,Mazda,Automatic 5-spd,6.0,3.0
7816,Standard Pickup Trucks 4WD,Regular,4-Wheel or All-Wheel Drive,20.600625,Mazda,Manual 5-spd,6.0,3.0
7817,Standard Pickup Trucks 4WD,Regular,4-Wheel or All-Wheel Drive,21.974,Mazda,Automatic 5-spd,6.0,4.0
7818,Standard Pickup Trucks 4WD,Regular,4-Wheel or All-Wheel Drive,20.600625,Mazda,Manual 5-spd,6.0,4.0
7819,Standard Pickup Trucks 4WD,Regular,4-Wheel or All-Wheel Drive,21.974,Nissan,Automatic 4-spd,6.0,3.3
7820,Standard Pickup Trucks 4WD,Premium,4-Wheel or All-Wheel Drive,21.974,Nissan,Automatic 4-spd,6.0,3.3
7821,Standard Pickup Trucks 4WD,Regular,4-Wheel or All-Wheel Drive,20.600625,Nissan,Manual 5-spd,6.0,3.3
7822,Standard Pickup Trucks 4WD,Premium,4-Wheel or All-Wheel Drive,21.974,Nissan,Manual 5-spd,6.0,3.3
7823,Two Seaters,Regular,Front-Wheel Drive,14.9822727272727,Ford,Automatic 3-spd,4.0,1.9
7824,Standard Pickup Trucks 4WD,Regular,4-Wheel or All-Wheel Drive,18.3116666666667,Toyota,Automatic 4-spd,4.0,2.7
7825,Standard Pickup Trucks 4WD,Regular,4-Wheel or All-Wheel Drive,18.3116666666667,Toyota,Manual 5-spd,4.0,2.7
7826,Standard Pickup Trucks 4WD,Regular,4-Wheel or All-Wheel Drive,20.600625,Toyota,Automatic 4-spd,6.0,3.4
7827,Standard Pickup Trucks 4WD,Regular,4-Wheel or All-Wheel Drive,19.3888235294118,Toyota,Manual 5-spd,6.0,3.4
7828,Standard Pickup Trucks 4WD,Regular,4-Wheel or All-Wheel Drive,21.974,Toyota,Automatic 4-spd,6.0,3.4
7829,Standard Pickup Trucks 4WD,Regular,4-Wheel or All-Wheel Drive,21.974,Toyota,Manual 5-spd,6.0,3.4
7830,Standard Pickup Trucks 4WD,Regular,4-Wheel or All-Wheel Drive,23.5435714285714,Toyota,Automatic 4-spd,8.0,4.7
7831,"Vans, Cargo Type",Regular,Rear-Wheel Drive,19.3888235294118,Chevrolet,Automatic 4-spd,6.0,4.3
7832,"Vans, Cargo Type",Regular,4-Wheel or All-Wheel Drive,21.974,Chevrolet,Automatic 4-spd,6.0,4.3
7833,"Vans, Cargo Type",Regular,Rear-Wheel Drive,21.974,Chevrolet,Automatic 4-spd,6.0,4.3
7834,Two Seaters,Regular,Front-Wheel Drive,13.1844,Ford,Manual 5-spd,4.0,1.9
7835,"Vans, Cargo Type",Regular,Rear-Wheel Drive,21.974,Chevrolet,Automatic 4-spd,8.0,5.0
7836,"Vans, Cargo Type",Regular,Rear-Wheel Drive,23.5435714285714,Chevrolet,Automatic 4-spd,8.0,5.7
7837,"Vans, Cargo Type",Regular,Rear-Wheel Drive,23.5435714285714,Dodge,Automatic 3-spd,6.0,3.9
7838,"Vans, Cargo Type",Regular,Rear-Wheel Drive,23.5435714285714,Dodge,Automatic 4-spd,8.0,5.2
7839,"Vans, Cargo Type",Regular,Rear-Wheel Drive,25.3546153846154,Dodge,Automatic 4-spd,8.0,5.9
7840,"Vans, Cargo Type",Regular,Rear-Wheel Drive,23.5435714285714,Dodge,Automatic 3-spd,6.0,3.9
7841,"Vans, Cargo Type",Regular,Rear-Wheel Drive,23.5435714285714,Dodge,Automatic 4-spd,8.0,5.2
7842,"Vans, Cargo Type",Regular,Rear-Wheel Drive,25.3546153846154,Dodge,Automatic 4-spd,8.0,5.9
7843,"Vans, Cargo Type",Regular,Rear-Wheel Drive,23.5435714285714,Ford,Automatic 4-spd,6.0,4.2
7844,"Vans, Cargo Type",Regular,Rear-Wheel Drive,20.600625,Ford,Automatic 4-spd,8.0,4.6
7845,Two Seaters,Regular,Front-Wheel Drive,11.7717857142857,Honda,Automatic 4-spd,4.0,1.5
7846,"Vans, Cargo Type",Regular,Rear-Wheel Drive,21.974,Ford,Automatic 4-spd,8.0,5.4
7847,"Vans, Cargo Type",Regular,Rear-Wheel Drive,23.5435714285714,Ford,Automatic 4-spd,6.0,4.2
7848,"Vans, Cargo Type",Regular,Rear-Wheel Drive,23.5435714285714,Ford,Automatic 4-spd,8.0,5.4
7849,"Vans, Cargo Type",Regular,Rear-Wheel Drive,21.974,GMC,Automatic 4-spd,6.0,4.3
7850,"Vans, Cargo Type",Regular,Rear-Wheel Drive,21.974,GMC,Automatic 4-spd,8.0,5.0
7851,"Vans, Cargo Type",Regular,Rear-Wheel Drive,23.5435714285714,GMC,Automatic 4-spd,8.0,5.7
7852,"Vans, Cargo Type",Regular,Rear-Wheel Drive,19.3888235294118,GMC,Automatic 4-spd,6.0,4.3
7853,"Vans, Cargo Type",Regular,4-Wheel or All-Wheel Drive,21.974,GMC,Automatic 4-spd,6.0,4.3
7854,"Vans, Passenger Type",Regular,Rear-Wheel Drive,19.3888235294118,Chevrolet,Automatic 4-spd,6.0,4.3
7855,"Vans, Passenger Type",Regular,4-Wheel or All-Wheel Drive,21.974,Chevrolet,Automatic 4-spd,6.0,4.3
7856,Two Seaters,Regular,Front-Wheel Drive,11.3658620689655,Honda,Manual 5-spd,4.0,1.5
7857,"Vans, Passenger Type",Regular,Rear-Wheel Drive,23.5435714285714,Chevrolet,Automatic 4-spd,6.0,4.3
7858,"Vans, Passenger Type",Regular,Rear-Wheel Drive,23.5435714285714,Chevrolet,Automatic 4-spd,8.0,5.0
7859,"Vans, Passenger Type",Regular,Rear-Wheel Drive,25.3546153846154,Chevrolet,Automatic 4-spd,8.0,5.7
7860,"Vans, Passenger Type",Regular,Rear-Wheel Drive,23.5435714285714,Dodge,Automatic 3-spd,6.0,3.9
7861,"Vans, Passenger Type",Regular,Rear-Wheel Drive,23.5435714285714,Dodge,Automatic 4-spd,8.0,5.2
7862,"Vans, Passenger Type",Regular,Rear-Wheel Drive,27.4675,Dodge,Automatic 4-spd,8.0,5.2
7863,"Vans, Passenger Type",Regular,Rear-Wheel Drive,25.3546153846154,Dodge,Automatic 4-spd,8.0,5.9
7864,"Vans, Passenger Type",Regular,Rear-Wheel Drive,23.5435714285714,Ford,Automatic 4-spd,6.0,4.2
7865,"Vans, Passenger Type",Regular,Rear-Wheel Drive,21.974,Ford,Automatic 4-spd,8.0,4.6
7866,"Vans, Passenger Type",Regular,Rear-Wheel Drive,25.3546153846154,Ford,Automatic 4-spd,8.0,5.4
7867,Two Seaters,Regular,Front-Wheel Drive,12.2077777777778,Honda,Manual 5-spd,4.0,1.5
7868,"Vans, Passenger Type",Regular,Rear-Wheel Drive,23.5435714285714,GMC,Automatic 4-spd,6.0,4.3
7869,"Vans, Passenger Type",Regular,Rear-Wheel Drive,23.5435714285714,GMC,Automatic 4-spd,8.0,5.0
7870,"Vans, Passenger Type",Regular,Rear-Wheel Drive,25.3546153846154,GMC,Automatic 4-spd,8.0,5.7
7871,"Vans, Passenger Type",Regular,Rear-Wheel Drive,19.3888235294118,GMC,Automatic 4-spd,6.0,4.3
7872,"Vans, Passenger Type",Regular,4-Wheel or All-Wheel Drive,21.974,GMC,Automatic 4-spd,6.0,4.3
7873,Minivan - 2WD,Regular,Front-Wheel Drive,20.600625,Volkswagen,Automatic 4-spd,6.0,2.8
7874,Minivan - 2WD,Regular,Front-Wheel Drive,16.4805,Chevrolet,Automatic 4-spd,6.0,3.4
7875,Minivan - 2WD,Regular,Front-Wheel Drive,17.3478947368421,Chrysler,Automatic 3-spd,4.0,2.4
7876,Minivan - 2WD,Regular,Front-Wheel Drive,18.3116666666667,Chrysler,Automatic 4-spd,6.0,3.3
7877,Minivan - 2WD,Regular,Front-Wheel Drive,18.3116666666667,Chrysler,Automatic 4-spd,6.0,3.8
7878,Two Seaters,Regular,Front-Wheel Drive,7.1654347826087,Honda,Manual 5-spd,4.0,1.5
7879,Minivan - 2WD,Regular,Front-Wheel Drive,17.3478947368421,Dodge,Automatic 3-spd,4.0,2.4
7880,Minivan - 2WD,Regular,Front-Wheel Drive,18.3116666666667,Dodge,Automatic 4-spd,6.0,3.3
7881,Minivan - 2WD,Regular,Front-Wheel Drive,18.3116666666667,Dodge,Automatic 4-spd,6.0,3.8
7882,Minivan - 2WD,Regular,Front-Wheel Drive,18.3116666666667,Dodge,Automatic (S4),6.0,3.8
7883,Minivan - 2WD,Regular,Front-Wheel Drive,18.3116666666667,Ford,Automatic 4-spd,6.0,3.8
7884,Minivan - 2WD,Regular,Front-Wheel Drive,18.3116666666667,Ford,Automatic 4-spd,6.0,3.8
7885,Minivan - 2WD,Regular,Front-Wheel Drive,18.3116666666667,Honda,Automatic 4-spd,6.0,3.5
7886,Minivan - 2WD,Regular,Front-Wheel Drive,18.3116666666667,Mazda,Automatic 4-spd,6.0,2.5
7887,Minivan - 2WD,Regular,Front-Wheel Drive,19.3888235294118,Mercury,Automatic 4-spd,6.0,3.3
7888,Minivan - 2WD,Regular,Front-Wheel Drive,19.3888235294118,Nissan,Automatic 4-spd,6.0,3.3
7889,Subcompact Cars,Regular,Front-Wheel Drive,9.69441176470588,Mitsubishi,Manual 4-spd,4.0,1.5
7890,Two Seaters,Regular,Front-Wheel Drive,8.24025,Honda,Manual 5-spd,4.0,1.5
7891,Minivan - 2WD,Regular,Front-Wheel Drive,16.4805,Oldsmobile,Automatic 4-spd,6.0,3.4
7892,Minivan - 2WD,Regular,Front-Wheel Drive,16.4805,Pontiac,Automatic 4-spd,6.0,3.4
7893,Minivan - 2WD,Regular,Front-Wheel Drive,17.3478947368421,Toyota,Automatic 4-spd,6.0,3.0
7894,Minivan - 2WD,Regular,Front-Wheel Drive,20.600625,Volkswagen,Automatic 4-spd,6.0,2.8
7895,Minivan - 4WD,Regular,4-Wheel or All-Wheel Drive,19.3888235294118,Chrysler,Automatic 4-spd,6.0,3.8
7896,Minivan - 4WD,Regular,4-Wheel or All-Wheel Drive,18.3116666666667,Dodge,Automatic 4-spd,6.0,3.8
7897,Minivan - 4WD,Regular,4-Wheel or All-Wheel Drive,19.3888235294118,Dodge,Automatic (S4),6.0,3.8
7898,Sport Utility Vehicle - 2WD,Regular,Rear-Wheel Drive,19.3888235294118,Chevrolet,Automatic 4-spd,6.0,4.3
7899,Sport Utility Vehicle - 2WD,Regular,Rear-Wheel Drive,20.600625,Chevrolet,Manual 5-spd,6.0,4.3
7900,Sport Utility Vehicle - 2WD,Regular,Rear-Wheel Drive,23.5435714285714,Chevrolet,Automatic 4-spd,8.0,5.3
7901,Two Seaters,Premium,Rear-Wheel Drive,47.0871428571429,Lamborghini,Manual 5-spd,12.0,5.2
7902,Sport Utility Vehicle - 2WD,Regular,Rear-Wheel Drive,21.974,Chevrolet,Automatic 4-spd,8.0,4.8
7903,Sport Utility Vehicle - 2WD,Regular,Rear-Wheel Drive,23.5435714285714,Chevrolet,Automatic 4-spd,8.0,5.3
7904,Sport Utility Vehicle - 2WD,Regular,Rear-Wheel Drive,14.9822727272727,Chevrolet,Automatic 4-spd,4.0,2.0
7905,Sport Utility Vehicle - 2WD,Regular,Rear-Wheel Drive,15.6957142857143,Chevrolet,Manual 5-spd,4.0,2.0
7906,Sport Utility Vehicle - 2WD,Regular,Rear-Wheel Drive,14.9822727272727,Chevrolet,Automatic 4-spd,4.0,2.0
7907,Sport Utility Vehicle - 2WD,Regular,Rear-Wheel Drive,15.6957142857143,Chevrolet,Manual 5-spd,4.0,2.0
7908,Sport Utility Vehicle - 2WD,Regular,Rear-Wheel Drive,18.3116666666667,Chevrolet,Automatic 4-spd,6.0,2.5
7909,Sport Utility Vehicle - 2WD,Regular,Front-Wheel Drive,16.4805,Chrysler,Automatic 4-spd,4.0,2.4
7910,Sport Utility Vehicle - 2WD,Regular,Front-Wheel Drive,16.4805,Chrysler,Manual 5-spd,4.0,2.4
7911,Sport Utility Vehicle - 2WD,Regular,Rear-Wheel Drive,23.5435714285714,Dodge,Automatic 4-spd,8.0,4.7
7912,Two Seaters,Regular,Rear-Wheel Drive,25.3546153846154,Maserati,Automatic 3-spd,6.0,2.5
7913,Sport Utility Vehicle - 2WD,Regular,Rear-Wheel Drive,25.3546153846154,Dodge,Automatic 4-spd,8.0,5.9
7914,Sport Utility Vehicle - 2WD,Regular,Front-Wheel Drive,14.3308695652174,Ford,Manual 5-spd,4.0,2.0
7915,Sport Utility Vehicle - 2WD,Regular,Front-Wheel Drive,18.3116666666667,Ford,Automatic 4-spd,6.0,3.0
7916,Sport Utility Vehicle - 2WD,Regular,Rear-Wheel Drive,20.600625,Ford,Automatic 4-spd,8.0,4.6
7917,Sport Utility Vehicle - 2WD,Regular,Rear-Wheel Drive,23.5435714285714,Ford,Automatic 4-spd,8.0,5.4
7918,Sport Utility Vehicle - 2WD,Regular,Rear-Wheel Drive,19.3888235294118,Ford,Automatic 5-spd,6.0,4.0
7919,Sport Utility Vehicle - 2WD,Regular,Rear-Wheel Drive,21.974,Ford,Automatic 4-spd,8.0,5.0
7920,Sport Utility Vehicle - 2WD,Regular,Rear-Wheel Drive,19.3888235294118,Ford,Automatic 5-spd,6.0,4.0
7921,Sport Utility Vehicle - 2WD,Regular,Rear-Wheel Drive,18.3116666666667,Ford,Manual 5-spd,6.0,4.0
7922,Sport Utility Vehicle - 2WD,Regular,Rear-Wheel Drive,19.3888235294118,Ford,Automatic 5-spd,6.0,4.0
7923,Two Seaters,Premium,Rear-Wheel Drive,23.5435714285714,Mercedes-Benz,Automatic 4-spd,8.0,5.6
7924,Sport Utility Vehicle - 2WD,Regular,Rear-Wheel Drive,21.974,GMC,Automatic 4-spd,8.0,4.8
7925,Sport Utility Vehicle - 2WD,Regular,Rear-Wheel Drive,23.5435714285714,GMC,Automatic 4-spd,8.0,5.3
7926,Sport Utility Vehicle - 2WD,Regular,Rear-Wheel Drive,23.5435714285714,GMC,Automatic 4-spd,8.0,5.3
7927,Sport Utility Vehicle - 2WD,Regular,Rear-Wheel Drive,19.3888235294118,GMC,Automatic 4-spd,6.0,4.3
7928,Sport Utility Vehicle - 2WD,Regular,Rear-Wheel Drive,20.600625,GMC,Manual 5-spd,6.0,4.3
7929,Sport Utility Vehicle - 2WD,Regular,Front-Wheel Drive,15.6957142857143,Honda,Automatic 4-spd,4.0,2.0
7930,Sport Utility Vehicle - 2WD,Regular,Rear-Wheel Drive,19.3888235294118,Honda,Automatic 4-spd,6.0,3.2
7931,Sport Utility Vehicle - 2WD,Regular,Rear-Wheel Drive,19.3888235294118,Honda,Manual 5-spd,6.0,3.2
7932,Sport Utility Vehicle - 2WD,Regular,Front-Wheel Drive,16.4805,Hyundai,Automatic 4-spd,4.0,2.4
7933,Sport Utility Vehicle - 2WD,Regular,Front-Wheel Drive,15.6957142857143,Hyundai,Manual 5-spd,4.0,2.4
7934,Two Seaters,Regular,Rear-Wheel Drive,16.4805,Panther Car Company Limited,Automatic 3-spd,4.0,2.3
7935,Sport Utility Vehicle - 2WD,Regular,Front-Wheel Drive,16.4805,Hyundai,Automatic 4-spd,6.0,2.7
7936,Sport Utility Vehicle - 2WD,Regular,Rear-Wheel Drive,21.974,Infiniti,Automatic 4-spd,6.0,3.5
7937,Sport Utility Vehicle - 2WD,Regular,Rear-Wheel Drive,19.3888235294118,Isuzu,Automatic 4-spd,4.0,2.2
7938,Sport Utility Vehicle - 2WD,Regular,Rear-Wheel Drive,18.3116666666667,Isuzu,Manual 5-spd,4.0,2.2
7939,Sport Utility Vehicle - 2WD,Regular,Rear-Wheel Drive,19.3888235294118,Isuzu,Automatic 4-spd,6.0,3.2
7940,Sport Utility Vehicle - 2WD,Regular,Rear-Wheel Drive,19.3888235294118,Isuzu,Manual 5-spd,6.0,3.2
7941,Sport Utility Vehicle - 2WD,Regular,Rear-Wheel Drive,19.3888235294118,Isuzu,Automatic 4-spd,4.0,2.2
7942,Sport Utility Vehicle - 2WD,Regular,Rear-Wheel Drive,18.3116666666667,Isuzu,Manual 5-spd,4.0,2.2
7943,Sport Utility Vehicle - 2WD,Regular,Rear-Wheel Drive,20.600625,Isuzu,Automatic 4-spd,6.0,3.2
7944,Sport Utility Vehicle - 2WD,Regular,Rear-Wheel Drive,21.974,Isuzu,Automatic 4-spd,6.0,3.5
7945,Two Seaters,Regular,Rear-Wheel Drive,15.6957142857143,Panther Car Company Limited,Manual 4-spd,4.0,2.3
7946,Sport Utility Vehicle - 2WD,Regular,Rear-Wheel Drive,20.600625,Jeep,Automatic 4-spd,6.0,4.0
7947,Sport Utility Vehicle - 2WD,Regular,Rear-Wheel Drive,18.3116666666667,Jeep,Manual 5-spd,6.0,4.0
7948,Sport Utility Vehicle - 2WD,Regular,Rear-Wheel Drive,20.600625,Jeep,Automatic 4-spd,6.0,4.0
7949,Sport Utility Vehicle - 2WD,Regular,Rear-Wheel Drive,21.974,Jeep,Automatic 5-spd,8.0,4.7
7950,Sport Utility Vehicle - 2WD,Regular,Rear-Wheel Drive,18.3116666666667,Kia,Automatic 4-spd,4.0,2.0
7951,Sport Utility Vehicle - 2WD,Regular,Rear-Wheel Drive,19.3888235294118,Kia,Automatic 4-spd,4.0,2.0
7952,Sport Utility Vehicle - 2WD,Regular,Rear-Wheel Drive,17.3478947368421,Kia,Manual 5-spd,4.0,2.0
7953,Sport Utility Vehicle - 2WD,Regular,Rear-Wheel Drive,18.3116666666667,Kia,Manual 5-spd,4.0,2.0
7954,Sport Utility Vehicle - 2WD,Premium,Rear-Wheel Drive,27.4675,Lincoln,Automatic 4-spd,8.0,5.4
7955,Sport Utility Vehicle - 2WD,Regular,Front-Wheel Drive,14.3308695652174,Mazda,Manual 5-spd,4.0,2.0
7956,Two Seaters,Regular,Rear-Wheel Drive,13.1844,Pontiac,Automatic 3-spd,4.0,2.5
7957,Sport Utility Vehicle - 2WD,Regular,Front-Wheel Drive,18.3116666666667,Mazda,Automatic 4-spd,6.0,3.0
7958,Sport Utility Vehicle - 2WD,Regular,Rear-Wheel Drive,19.3888235294118,Mercury,Automatic 5-spd,6.0,4.0
7959,Sport Utility Vehicle - 2WD,Regular,Rear-Wheel Drive,21.974,Mercury,Automatic 4-spd,8.0,5.0
7960,Sport Utility Vehicle - 2WD,Regular,Rear-Wheel Drive,18.3116666666667,Mitsubishi,Automatic 4-spd,6.0,3.0
7961,Sport Utility Vehicle - 2WD,Regular,Rear-Wheel Drive,19.3888235294118,Mitsubishi,Automatic 4-spd,6.0,3.5
7962,Sport Utility Vehicle - 2WD,Regular,Rear-Wheel Drive,17.3478947368421,Mitsubishi,Automatic 4-spd,4.0,2.4
7963,Sport Utility Vehicle - 2WD,Regular,Rear-Wheel Drive,16.4805,Mitsubishi,Manual 5-spd,4.0,2.4
7964,Sport Utility Vehicle - 2WD,Regular,Rear-Wheel Drive,18.3116666666667,Mitsubishi,Automatic 4-spd,6.0,3.0
7965,Sport Utility Vehicle - 2WD,Regular,Rear-Wheel Drive,20.600625,Nissan,Automatic 4-spd,6.0,3.3
7966,Sport Utility Vehicle - 2WD,Regular,Rear-Wheel Drive,20.600625,Nissan,Automatic 4-spd,6.0,3.5
7967,Two Seaters,Regular,Rear-Wheel Drive,13.1844,Pontiac,Manual 5-spd,4.0,2.5
7968,Sport Utility Vehicle - 2WD,Regular,Rear-Wheel Drive,20.600625,Nissan,Manual 5-spd,6.0,3.5
7969,Sport Utility Vehicle - 2WD,Regular,Rear-Wheel Drive,17.3478947368421,Nissan,Manual 5-spd,4.0,2.4
7970,Sport Utility Vehicle - 2WD,Regular,Rear-Wheel Drive,20.600625,Nissan,Automatic 4-spd,6.0,3.3
7971,Sport Utility Vehicle - 2WD,Regular,Rear-Wheel Drive,20.600625,Nissan,Manual 5-spd,6.0,3.3
7972,Sport Utility Vehicle - 2WD,Regular,Front-Wheel Drive,16.4805,Pontiac,Automatic 4-spd,6.0,3.4
7973,Sport Utility Vehicle - 2WD,Regular,Rear-Wheel Drive,18.3116666666667,Suzuki,Automatic 4-spd,6.0,2.5
7974,Sport Utility Vehicle - 2WD,Regular,Rear-Wheel Drive,18.3116666666667,Suzuki,Manual 5-spd,6.0,2.5
7975,Sport Utility Vehicle - 2WD,Regular,Rear-Wheel Drive,19.3888235294118,Suzuki,Automatic 4-spd,6.0,2.7
7976,Sport Utility Vehicle - 2WD,Regular,Rear-Wheel Drive,19.3888235294118,Suzuki,Manual 5-spd,6.0,2.7
7977,Sport Utility Vehicle - 2WD,Regular,Rear-Wheel Drive,14.3308695652174,Suzuki,Automatic 4-spd,4.0,1.6
7978,Two Seaters,Regular,Rear-Wheel Drive,17.3478947368421,Pontiac,Automatic 3-spd,6.0,2.8
7979,Sport Utility Vehicle - 2WD,Regular,Rear-Wheel Drive,14.3308695652174,Suzuki,Manual 5-spd,4.0,1.6
7980,Sport Utility Vehicle - 2WD,Regular,Rear-Wheel Drive,15.6957142857143,Suzuki,Automatic 4-spd,4.0,2.0
7981,Sport Utility Vehicle - 2WD,Regular,Rear-Wheel Drive,15.6957142857143,Suzuki,Manual 5-spd,4.0,2.0
7982,Sport Utility Vehicle - 2WD,Regular,Rear-Wheel Drive,15.6957142857143,Suzuki,Automatic 4-spd,4.0,2.0
7983,Sport Utility Vehicle - 2WD,Regular,Rear-Wheel Drive,15.6957142857143,Suzuki,Manual 5-spd,4.0,2.0
7984,Sport Utility Vehicle - 2WD,Regular,Rear-Wheel Drive,19.3888235294118,Toyota,Automatic 4-spd,6.0,3.4
7985,Sport Utility Vehicle - 2WD,Regular,Front-Wheel Drive,14.9822727272727,Toyota,Automatic 4-spd,4.0,2.4
7986,Sport Utility Vehicle - 2WD,Regular,Front-Wheel Drive,18.3116666666667,Toyota,Automatic 4-spd,6.0,3.0
7987,Sport Utility Vehicle - 2WD,Regular,Front-Wheel Drive,14.3308695652174,Toyota,Automatic 4-spd,4.0,2.0
7988,Sport Utility Vehicle - 2WD,Regular,Front-Wheel Drive,13.73375,Toyota,Manual 5-spd,4.0,2.0
7989,Two Seaters,Regular,Rear-Wheel Drive,16.4805,Pontiac,Manual 4-spd,6.0,2.8
7990,Sport Utility Vehicle - 2WD,Regular,Rear-Wheel Drive,23.5435714285714,Toyota,Automatic 4-spd,8.0,4.7
7991,Sport Utility Vehicle - 4WD,Premium,4-Wheel or All-Wheel Drive,19.3888235294118,Acura,Automatic 5-spd,6.0,3.5
7992,Sport Utility Vehicle - 4WD,Premium,4-Wheel or All-Wheel Drive,20.600625,Audi,Manual 6-spd,6.0,2.7
7993,Sport Utility Vehicle - 4WD,Premium,4-Wheel or All-Wheel Drive,20.600625,Audi,Automatic (S5),6.0,2.7
7994,Sport Utility Vehicle - 4WD,Premium,4-Wheel or All-Wheel Drive,20.600625,BMW,Manual 5-spd,6.0,3.0
7995,Sport Utility Vehicle - 4WD,Premium,4-Wheel or All-Wheel Drive,20.600625,BMW,Manual 5-spd,6.0,3.0
7996,Sport Utility Vehicle - 4WD,Premium,4-Wheel or All-Wheel Drive,20.600625,BMW,Automatic (S5),6.0,3.0
7997,Sport Utility Vehicle - 4WD,Premium,4-Wheel or All-Wheel Drive,20.600625,BMW,Automatic (S5),6.0,3.0
7998,Sport Utility Vehicle - 4WD,Premium,4-Wheel or All-Wheel Drive,23.5435714285714,BMW,Automatic (S5),8.0,4.4
7999,Sport Utility Vehicle - 4WD,Regular,4-Wheel or All-Wheel Drive,21.974,Chevrolet,Automatic 4-spd,6.0,4.3
8000,Subcompact Cars,Regular,Front-Wheel Drive,10.987,Mitsubishi,Manual 5-spd,4.0,1.5
8001,Two Seaters,Regular,Rear-Wheel Drive,17.3478947368421,Pontiac,Manual 5-spd,6.0,2.8
8002,Sport Utility Vehicle - 4WD,Regular,4-Wheel or All-Wheel Drive,23.5435714285714,Chevrolet,Manual 5-spd,6.0,4.3
8003,Sport Utility Vehicle - 4WD,Regular,4-Wheel or All-Wheel Drive,25.3546153846154,Chevrolet,Automatic 4-spd,8.0,5.3
8004,Sport Utility Vehicle - 4WD,Regular,4-Wheel or All-Wheel Drive,23.5435714285714,Chevrolet,Automatic 4-spd,8.0,4.8
8005,Sport Utility Vehicle - 4WD,Regular,4-Wheel or All-Wheel Drive,23.5435714285714,Chevrolet,Automatic 4-spd,8.0,5.3
8006,Sport Utility Vehicle - 4WD,Regular,4-Wheel or All-Wheel Drive,15.6957142857143,Chevrolet,Automatic 4-spd,4.0,2.0
8007,Sport Utility Vehicle - 4WD,Regular,4-Wheel or All-Wheel Drive,15.6957142857143,Chevrolet,Manual 5-spd,4.0,2.0
8008,Sport Utility Vehicle - 4WD,Regular,4-Wheel or All-Wheel Drive,15.6957142857143,Chevrolet,Automatic 4-spd,4.0,2.0
8009,Sport Utility Vehicle - 4WD,Regular,4-Wheel or All-Wheel Drive,15.6957142857143,Chevrolet,Manual 5-spd,4.0,2.0
8010,Sport Utility Vehicle - 4WD,Regular,4-Wheel or All-Wheel Drive,19.3888235294118,Chevrolet,Automatic 4-spd,6.0,2.5
8011,Sport Utility Vehicle - 4WD,Regular,4-Wheel or All-Wheel Drive,19.3888235294118,Chevrolet,Automatic 4-spd,6.0,2.5
8012,Two Seaters,Regular,Front-Wheel Drive,13.1844,Subaru,Manual 5-spd,4.0,1.8
8013,Sport Utility Vehicle - 4WD,Regular,4-Wheel or All-Wheel Drive,15.6957142857143,Chevrolet,Automatic 4-spd,4.0,2.0
8014,Sport Utility Vehicle - 4WD,Regular,4-Wheel or All-Wheel Drive,15.6957142857143,Chevrolet,Manual 5-spd,4.0,2.0
8015,Sport Utility Vehicle - 4WD,Regular,4-Wheel or All-Wheel Drive,25.3546153846154,Dodge,Automatic 4-spd,8.0,4.7
8016,Sport Utility Vehicle - 4WD,Regular,4-Wheel or All-Wheel Drive,25.3546153846154,Dodge,Automatic 4-spd,8.0,5.9
8017,Sport Utility Vehicle - 4WD,Regular,4-Wheel or All-Wheel Drive,15.6957142857143,Ford,Manual 5-spd,4.0,2.0
8018,Sport Utility Vehicle - 4WD,Regular,4-Wheel or All-Wheel Drive,18.3116666666667,Ford,Automatic 4-spd,6.0,3.0
8019,Sport Utility Vehicle - 4WD,Regular,4-Wheel or All-Wheel Drive,23.5435714285714,Ford,Automatic 4-spd,8.0,4.6
8020,Sport Utility Vehicle - 4WD,Regular,4-Wheel or All-Wheel Drive,25.3546153846154,Ford,Automatic 4-spd,8.0,5.4
8021,Sport Utility Vehicle - 4WD,Regular,4-Wheel or All-Wheel Drive,21.974,Ford,Automatic 5-spd,6.0,4.0
8022,Sport Utility Vehicle - 4WD,Regular,4-Wheel or All-Wheel Drive,21.974,Ford,Automatic 4-spd,8.0,5.0
8023,Two Seaters,Regular,Rear-Wheel Drive,27.4675,Texas Coach Company,Automatic 4-spd,8.0,5.0
8024,Sport Utility Vehicle - 4WD,Regular,4-Wheel or All-Wheel Drive,21.974,Ford,Automatic 5-spd,6.0,4.0
8025,Sport Utility Vehicle - 4WD,Regular,4-Wheel or All-Wheel Drive,20.600625,Ford,Manual 5-spd,6.0,4.0
8026,Sport Utility Vehicle - 4WD,Regular,4-Wheel or All-Wheel Drive,21.974,Ford,Automatic 5-spd,6.0,4.0
8027,Sport Utility Vehicle - 4WD,Regular,4-Wheel or All-Wheel Drive,21.974,GMC,Automatic 4-spd,6.0,4.3
8028,Sport Utility Vehicle - 4WD,Regular,4-Wheel or All-Wheel Drive,23.5435714285714,GMC,Manual 5-spd,6.0,4.3
8029,Sport Utility Vehicle - 4WD,Regular,4-Wheel or All-Wheel Drive,23.5435714285714,GMC,Automatic 4-spd,8.0,4.8
8030,Sport Utility Vehicle - 4WD,Regular,4-Wheel or All-Wheel Drive,25.3546153846154,GMC,Automatic 4-spd,8.0,5.3
8031,Sport Utility Vehicle - 4WD,Regular,4-Wheel or All-Wheel Drive,27.4675,GMC,Automatic 4-spd,8.0,6.0
8032,Sport Utility Vehicle - 4WD,Regular,4-Wheel or All-Wheel Drive,25.3546153846154,GMC,Automatic 4-spd,8.0,5.3
8033,Sport Utility Vehicle - 4WD,Regular,4-Wheel or All-Wheel Drive,27.4675,GMC,Automatic 4-spd,8.0,6.0
8034,Two Seaters,Regular,Rear-Wheel Drive,13.1844,Toyota,Automatic 4-spd,4.0,1.6
8035,Sport Utility Vehicle - 4WD,Regular,4-Wheel or All-Wheel Drive,15.6957142857143,Honda,Automatic 4-spd,4.0,2.0
8036,Sport Utility Vehicle - 4WD,Regular,4-Wheel or All-Wheel Drive,15.6957142857143,Honda,Manual 5-spd,4.0,2.0
8037,Sport Utility Vehicle - 4WD,Regular,4-Wheel or All-Wheel Drive,20.600625,Honda,Automatic 4-spd,6.0,3.2
8038,Sport Utility Vehicle - 4WD,Regular,4-Wheel or All-Wheel Drive,19.3888235294118,Honda,Manual 5-spd,6.0,3.2
8039,Sport Utility Vehicle - 4WD,Regular,4-Wheel or All-Wheel Drive,18.3116666666667,Hyundai,Automatic 4-spd,6.0,2.7
8040,Sport Utility Vehicle - 4WD,Regular,4-Wheel or All-Wheel Drive,21.974,Infiniti,Automatic 4-spd,6.0,3.5
8041,Sport Utility Vehicle - 4WD,Regular,4-Wheel or All-Wheel Drive,20.600625,Isuzu,Automatic 4-spd,6.0,3.2
8042,Sport Utility Vehicle - 4WD,Regular,4-Wheel or All-Wheel Drive,19.3888235294118,Isuzu,Manual 5-spd,6.0,3.2
8043,Sport Utility Vehicle - 4WD,Regular,4-Wheel or All-Wheel Drive,20.600625,Isuzu,Automatic 4-spd,6.0,3.2
8044,Sport Utility Vehicle - 4WD,Regular,4-Wheel or All-Wheel Drive,20.600625,Isuzu,Manual 5-spd,6.0,3.2
8045,Two Seaters,Regular,Rear-Wheel Drive,13.1844,Toyota,Manual 5-spd,4.0,1.6
8046,Sport Utility Vehicle - 4WD,Regular,4-Wheel or All-Wheel Drive,21.974,Isuzu,Automatic 4-spd,6.0,3.5
8047,Sport Utility Vehicle - 4WD,Regular,4-Wheel or All-Wheel Drive,21.974,Isuzu,Manual 5-spd,6.0,3.5
8048,Sport Utility Vehicle - 4WD,Regular,4-Wheel or All-Wheel Drive,21.974,Isuzu,Automatic 4-spd,6.0,3.5
8049,Sport Utility Vehicle - 4WD,Regular,4-Wheel or All-Wheel Drive,21.974,Jeep,Automatic 4-spd,6.0,4.0
8050,Sport Utility Vehicle - 4WD,Regular,4-Wheel or All-Wheel Drive,19.3888235294118,Jeep,Manual 5-spd,6.0,4.0
8051,Sport Utility Vehicle - 4WD,Regular,4-Wheel or All-Wheel Drive,20.600625,Jeep,Automatic 4-spd,6.0,4.0
8052,Sport Utility Vehicle - 4WD,Regular,4-Wheel or All-Wheel Drive,21.974,Jeep,Automatic 5-spd,8.0,4.7
8053,Sport Utility Vehicle - 4WD,Regular,4-Wheel or All-Wheel Drive,21.974,Jeep,Automatic 3-spd,4.0,2.5
8054,Sport Utility Vehicle - 4WD,Regular,4-Wheel or All-Wheel Drive,19.3888235294118,Jeep,Manual 5-spd,4.0,2.5
8055,Sport Utility Vehicle - 4WD,Regular,4-Wheel or All-Wheel Drive,21.974,Jeep,Automatic 3-spd,6.0,4.0
8056,Two Seaters,Premium,Rear-Wheel Drive,18.3116666666667,TVR Engineering Ltd,Automatic (S4),6.0,2.8
8057,Sport Utility Vehicle - 4WD,Regular,4-Wheel or All-Wheel Drive,21.974,Jeep,Manual 5-spd,6.0,4.0
8058,Sport Utility Vehicle - 4WD,Regular,4-Wheel or All-Wheel Drive,18.3116666666667,Kia,Automatic 4-spd,4.0,2.0
8059,Sport Utility Vehicle - 4WD,Regular,4-Wheel or All-Wheel Drive,19.3888235294118,Kia,Automatic 4-spd,4.0,2.0
8060,Sport Utility Vehicle - 4WD,Regular,4-Wheel or All-Wheel Drive,17.3478947368421,Kia,Manual 5-spd,4.0,2.0
8061,Sport Utility Vehicle - 4WD,Regular,4-Wheel or All-Wheel Drive,18.3116666666667,Kia,Manual 5-spd,4.0,2.0
8062,Sport Utility Vehicle - 4WD,Premium,4-Wheel or All-Wheel Drive,25.3546153846154,Land Rover,Automatic 4-spd,8.0,4.0
8063,Sport Utility Vehicle - 4WD,Premium,4-Wheel or All-Wheel Drive,25.3546153846154,Land Rover,Automatic 4-spd,8.0,4.0
8064,Sport Utility Vehicle - 4WD,Premium,4-Wheel or All-Wheel Drive,27.4675,Land Rover,Automatic 4-spd,8.0,4.6
8065,Sport Utility Vehicle - 4WD,Regular,4-Wheel or All-Wheel Drive,25.3546153846154,Lexus,Automatic 4-spd,8.0,4.7
8066,Sport Utility Vehicle - 4WD,Premium,4-Wheel or All-Wheel Drive,27.4675,Lincoln,Automatic 4-spd,8.0,5.4
8067,Two Seaters,Premium,Rear-Wheel Drive,18.3116666666667,TVR Engineering Ltd,Automatic (S4),6.0,2.8
8068,Sport Utility Vehicle - 4WD,Regular,4-Wheel or All-Wheel Drive,15.6957142857143,Mazda,Manual 5-spd,4.0,2.0
8069,Sport Utility Vehicle - 4WD,Regular,4-Wheel or All-Wheel Drive,18.3116666666667,Mazda,Automatic 4-spd,6.0,3.0
8070,Sport Utility Vehicle - 4WD,Premium,4-Wheel or All-Wheel Drive,19.3888235294118,Mercedes-Benz,Automatic 5-spd,6.0,3.2
8071,Sport Utility Vehicle - 4WD,Premium,4-Wheel or All-Wheel Drive,20.600625,Mercedes-Benz,Automatic 5-spd,8.0,4.3
8072,Sport Utility Vehicle - 4WD,Premium,4-Wheel or All-Wheel Drive,23.5435714285714,Mercedes-Benz,Automatic 5-spd,8.0,5.5
8073,Sport Utility Vehicle - 4WD,Regular,4-Wheel or All-Wheel Drive,21.974,Mercury,Automatic 5-spd,6.0,4.0
8074,Sport Utility Vehicle - 4WD,Regular,4-Wheel or All-Wheel Drive,21.974,Mercury,Automatic 4-spd,8.0,5.0
8075,Sport Utility Vehicle - 4WD,Premium,4-Wheel or All-Wheel Drive,23.5435714285714,Mitsubishi,Automatic 4-spd,6.0,3.5
8076,Sport Utility Vehicle - 4WD,Premium,4-Wheel or All-Wheel Drive,23.5435714285714,Mitsubishi,Automatic (S5),6.0,3.5
8077,Sport Utility Vehicle - 4WD,Regular,4-Wheel or All-Wheel Drive,19.3888235294118,Mitsubishi,Automatic 4-spd,6.0,3.0
8078,Minicompact Cars,Regular,Rear-Wheel Drive,17.3478947368421,Alfa Romeo,Manual 5-spd,6.0,2.5
8079,Sport Utility Vehicle - 4WD,Regular,4-Wheel or All-Wheel Drive,20.600625,Mitsubishi,Automatic 4-spd,6.0,3.5
8080,Sport Utility Vehicle - 4WD,Regular,4-Wheel or All-Wheel Drive,19.3888235294118,Mitsubishi,Automatic 4-spd,6.0,3.0
8081,Sport Utility Vehicle - 4WD,Regular,4-Wheel or All-Wheel Drive,21.974,Nissan,Automatic 4-spd,6.0,3.5
8082,Sport Utility Vehicle - 4WD,Regular,4-Wheel or All-Wheel Drive,21.974,Nissan,Manual 5-spd,6.0,3.5
8083,Sport Utility Vehicle - 4WD,Regular,4-Wheel or All-Wheel Drive,21.974,Nissan,Automatic 4-spd,6.0,3.3
8084,Sport Utility Vehicle - 4WD,Regular,4-Wheel or All-Wheel Drive,20.600625,Nissan,Manual 5-spd,6.0,3.3
8085,Sport Utility Vehicle - 4WD,Regular,4-Wheel or All-Wheel Drive,21.974,Oldsmobile,Automatic 4-spd,6.0,4.3
8086,Sport Utility Vehicle - 4WD,Regular,4-Wheel or All-Wheel Drive,17.3478947368421,Pontiac,Automatic 4-spd,6.0,3.4
8087,Sport Utility Vehicle - 4WD,Regular,4-Wheel or All-Wheel Drive,15.6957142857143,Subaru,Automatic 4-spd,4.0,2.5
8088,Sport Utility Vehicle - 4WD,Regular,4-Wheel or All-Wheel Drive,15.6957142857143,Subaru,Manual 5-spd,4.0,2.5
8089,Minicompact Cars,Regular,Front-Wheel Drive,9.41742857142857,Chevrolet,Automatic 3-spd,3.0,1.0
8090,Sport Utility Vehicle - 4WD,Regular,4-Wheel or All-Wheel Drive,19.3888235294118,Suzuki,Automatic 4-spd,6.0,2.5
8091,Sport Utility Vehicle - 4WD,Regular,4-Wheel or All-Wheel Drive,18.3116666666667,Suzuki,Manual 5-spd,6.0,2.5
8092,Sport Utility Vehicle - 4WD,Regular,4-Wheel or All-Wheel Drive,20.600625,Suzuki,Automatic 4-spd,6.0,2.7
8093,Sport Utility Vehicle - 4WD,Regular,4-Wheel or All-Wheel Drive,19.3888235294118,Suzuki,Manual 5-spd,6.0,2.7
8094,Sport Utility Vehicle - 4WD,Regular,4-Wheel or All-Wheel Drive,14.9822727272727,Suzuki,Automatic 4-spd,4.0,1.6
8095,Sport Utility Vehicle - 4WD,Regular,4-Wheel or All-Wheel Drive,14.3308695652174,Suzuki,Manual 5-spd,4.0,1.6
8096,Sport Utility Vehicle - 4WD,Regular,4-Wheel or All-Wheel Drive,15.6957142857143,Suzuki,Automatic 4-spd,4.0,2.0
8097,Sport Utility Vehicle - 4WD,Regular,4-Wheel or All-Wheel Drive,15.6957142857143,Suzuki,Manual 5-spd,4.0,2.0
8098,Sport Utility Vehicle - 4WD,Regular,4-Wheel or All-Wheel Drive,15.6957142857143,Suzuki,Automatic 4-spd,4.0,2.0
8099,Sport Utility Vehicle - 4WD,Regular,4-Wheel or All-Wheel Drive,15.6957142857143,Suzuki,Manual 5-spd,4.0,2.0
8100,Minicompact Cars,Regular,Front-Wheel Drive,8.24025,Chevrolet,Manual 5-spd,3.0,1.0
8101,Sport Utility Vehicle - 4WD,Regular,4-Wheel or All-Wheel Drive,20.600625,Toyota,Automatic 4-spd,6.0,3.4
8102,Sport Utility Vehicle - 4WD,Regular,4-Wheel or All-Wheel Drive,17.3478947368421,Toyota,Automatic 4-spd,4.0,2.4
8103,Sport Utility Vehicle - 4WD,Regular,4-Wheel or All-Wheel Drive,18.3116666666667,Toyota,Automatic 4-spd,6.0,3.0
8104,Sport Utility Vehicle - 4WD,Regular,4-Wheel or All-Wheel Drive,25.3546153846154,Toyota,Automatic 4-spd,8.0,4.7
8105,Sport Utility Vehicle - 4WD,Regular,4-Wheel or All-Wheel Drive,14.9822727272727,Toyota,Automatic 4-spd,4.0,2.0
8106,Sport Utility Vehicle - 4WD,Regular,4-Wheel or All-Wheel Drive,14.9822727272727,Toyota,Manual 5-spd,4.0,2.0
8107,Sport Utility Vehicle - 4WD,Regular,4-Wheel or All-Wheel Drive,23.5435714285714,Toyota,Automatic 4-spd,8.0,4.7
8108,Sport Utility Vehicle - 4WD,Premium,4-Wheel or All-Wheel Drive,18.3116666666667,Volvo,Automatic (S5),5.0,2.4
8109,Subcompact Cars,Gasoline or natural gas,Front-Wheel Drive,14.3308695652174,Chevrolet,Automatic 4-spd,4.0,2.2
8110,Compact Cars,CNG,Front-Wheel Drive,0.0845454545454545,Toyota,Automatic 4-spd,4.0,2.2
8111,Subcompact Cars,Premium,Front-Wheel Drive,14.9822727272727,Mitsubishi,Automatic 3-spd,4.0,1.6
8112,Minicompact Cars,Regular,Front-Wheel Drive,6.866875,Chevrolet,Manual 5-spd,3.0,1.0
8113,Large Cars,CNG,Rear-Wheel Drive,0.11625,Ford,Automatic 4-spd,8.0,4.6
8114,Standard Pickup Trucks 2WD,CNG,Rear-Wheel Drive,0.143076923076923,Ford,Automatic 4-spd,8.0,5.4
8115,"Vans, Cargo Type",CNG,Rear-Wheel Drive,0.155,Dodge,Automatic 4-spd,8.0,5.2
8116,"Vans, Cargo Type",CNG,Rear-Wheel Drive,0.155,Ford,Automatic 4-spd,8.0,5.4
8117,"Vans, Passenger Type",CNG,Rear-Wheel Drive,0.155,Dodge,Automatic 4-spd,8.0,5.2
8118,Midsize Station Wagons,Gasoline or E85,Front-Wheel Drive,17.3478947368421,Ford,Automatic 4-spd,6.0,3.0
8119,Small Pickup Trucks 2WD,Gasoline or E85,Rear-Wheel Drive,17.3478947368421,Chevrolet,Automatic 4-spd,4.0,2.2
8120,Small Pickup Trucks 2WD,Gasoline or E85,Rear-Wheel Drive,14.9822727272727,Chevrolet,Manual 5-spd,4.0,2.2
8121,Small Pickup Trucks 2WD,Gasoline or E85,Rear-Wheel Drive,17.3478947368421,GMC,Automatic 4-spd,4.0,2.2
8122,Small Pickup Trucks 2WD,Gasoline or E85,Rear-Wheel Drive,14.9822727272727,GMC,Manual 5-spd,4.0,2.2
8123,Minicompact Cars,Regular,Rear-Wheel Drive,25.3546153846154,Ferrari,Manual 5-spd,8.0,3.2
8124,Small Pickup Trucks 2WD,Gasoline or E85,Rear-Wheel Drive,17.3478947368421,Isuzu,Automatic 4-spd,4.0,2.2
8125,Small Pickup Trucks 2WD,Gasoline or E85,Rear-Wheel Drive,14.9822727272727,Isuzu,Manual 5-spd,4.0,2.2
8126,Sport Utility Vehicle - 4WD,Gasoline or E85,4-Wheel or All-Wheel Drive,21.974,Ford,Automatic 5-spd,6.0,4.0
8127,Standard Pickup Trucks 2WD,Gasoline or natural gas,Rear-Wheel Drive,29.9645454545455,Ford,Automatic 4-spd,8.0,5.4
8128,Standard Pickup Trucks 4WD,Gasoline or natural gas,4-Wheel or All-Wheel Drive,29.9645454545455,Ford,Automatic 4-spd,8.0,5.4
8129,Standard Pickup Trucks 2WD,Gasoline or propane,Rear-Wheel Drive,27.4675,Ford,Automatic 4-spd,8.0,5.4
8130,Standard Pickup Trucks 4WD,Gasoline or propane,4-Wheel or All-Wheel Drive,27.4675,Ford,Automatic 4-spd,8.0,5.4
8131,Large Cars,Gasoline or E85,Front-Wheel Drive,17.3478947368421,Ford,Automatic 4-spd,6.0,3.0
8132,Midsize Cars,Gasoline or E85,Front-Wheel Drive,17.3478947368421,Mercury,Automatic 4-spd,6.0,3.0
8133,Midsize Station Wagons,Gasoline or E85,Front-Wheel Drive,17.3478947368421,Mercury,Automatic 4-spd,6.0,3.0
8134,Minicompact Cars,Regular,Rear-Wheel Drive,25.3546153846154,Maserati,Automatic 3-spd,6.0,2.5
8135,Sport Utility Vehicle - 2WD,Gasoline or E85,Rear-Wheel Drive,19.3888235294118,Ford,Automatic 5-spd,6.0,4.0
8136,Sport Utility Vehicle - 2WD,Gasoline or E85,Rear-Wheel Drive,19.3888235294118,Ford,Automatic 5-spd,6.0,4.0
8137,Sport Utility Vehicle - 4WD,Gasoline or E85,4-Wheel or All-Wheel Drive,21.974,Ford,Automatic 5-spd,6.0,4.0
8138,Compact Cars,CNG,Front-Wheel Drive,0.0664285714285714,Honda,Automatic (variable gear ratios),4.0,1.7
8139,Standard Pickup Trucks 2WD,Gasoline or E85,Rear-Wheel Drive,19.3888235294118,Mazda,Automatic 5-spd,6.0,3.0
8140,Standard Pickup Trucks 2WD,Gasoline or E85,Rear-Wheel Drive,19.3888235294118,Ford,Automatic 5-spd,6.0,3.0
8141,Minivan - 2WD,Gasoline or E85,Front-Wheel Drive,18.3116666666667,Chrysler,Automatic 4-spd,6.0,3.3
8142,Minivan - 2WD,Gasoline or E85,Front-Wheel Drive,18.3116666666667,Dodge,Automatic 4-spd,6.0,3.3
8143,Sport Utility Vehicle - 2WD,Electricity,2-Wheel Drive,0.282,Toyota,,,
8144,Two Seaters,Electricity,,0.312,Ford,,,
8145,Minicompact Cars,Regular,Rear-Wheel Drive,18.3116666666667,Mazda,Automatic 4-spd,2.0,1.3
8146,Sport Utility Vehicle - 2WD,Electricity,2-Wheel Drive,0.522,Ford,,,
8147,Two Seaters,Electricity,,0.27,Nissan,,,
8148,Two Seaters,Premium,Rear-Wheel Drive,18.3116666666667,Acura,Automatic (S4),6.0,3.0
8149,Two Seaters,Premium,Rear-Wheel Drive,18.3116666666667,Acura,Manual 6-spd,6.0,3.2
8150,Two Seaters,Premium,Rear-Wheel Drive,25.3546153846154,Aston Martin,Automatic (S6),12.0,5.9
8151,Two Seaters,Premium,Front-Wheel Drive,14.3308695652174,Audi,Manual 5-spd,4.0,1.8
8152,Two Seaters,Premium,4-Wheel or All-Wheel Drive,15.6957142857143,Audi,Manual 6-spd,4.0,1.8
8153,Two Seaters,Premium,Rear-Wheel Drive,16.4805,BMW,Automatic 5-spd,6.0,3.0
8154,Two Seaters,Premium,Rear-Wheel Drive,15.6957142857143,BMW,Manual 5-spd,6.0,3.0
8155,Two Seaters,Premium,Rear-Wheel Drive,16.4805,BMW,Manual 5-spd,6.0,2.5
8156,Minicompact Cars,Regular,Front-Wheel Drive,9.41742857142857,Pontiac,Automatic 3-spd,3.0,1.0
8157,Two Seaters,Premium,Rear-Wheel Drive,16.4805,BMW,Automatic (S5),6.0,2.5
8158,Two Seaters,Premium,Rear-Wheel Drive,17.3478947368421,BMW,Automatic 5-spd,6.0,3.0
8159,Two Seaters,Premium,Rear-Wheel Drive,15.6957142857143,BMW,Manual 5-spd,6.0,3.0
8160,Two Seaters,Premium,Rear-Wheel Drive,21.974,BMW,Manual 6-spd,8.0,4.9
8161,Two Seaters,Premium,Rear-Wheel Drive,17.3478947368421,Chevrolet,Automatic 4-spd,8.0,5.7
8162,Two Seaters,Premium,Rear-Wheel Drive,16.4805,Chevrolet,Manual 6-spd,8.0,5.7
8163,Two Seaters,Regular,Rear-Wheel Drive,18.3116666666667,Chrysler,Automatic (S4),6.0,3.5
8164,Two Seaters,Premium,Rear-Wheel Drive,25.3546153846154,Dodge,Manual 6-spd,10.0,8.0
8165,Two Seaters,Premium,Rear-Wheel Drive,25.3546153846154,Dodge,Manual 6-spd,10.0,8.0
8166,Two Seaters,Premium,Rear-Wheel Drive,29.9645454545455,Ferrari,Manual 6-spd,8.0,3.6
8167,Minicompact Cars,Regular,Front-Wheel Drive,8.24025,Pontiac,Manual 5-spd,3.0,1.0
8168,Two Seaters,Premium,Rear-Wheel Drive,29.9645454545455,Ferrari,Automatic (S6),8.0,3.6
8169,Two Seaters,Premium,Rear-Wheel Drive,29.9645454545455,Ferrari,Manual 6-spd,12.0,5.7
8170,Two Seaters,Premium,Rear-Wheel Drive,29.9645454545455,Ferrari,Automatic (S6),12.0,5.7
8171,Two Seaters,Premium,Rear-Wheel Drive,19.3888235294118,Ford,Automatic 5-spd,8.0,3.9
8172,Two Seaters,Regular,Front-Wheel Drive,7.01297872340426,Honda,Automatic (variable gear ratios),3.0,1.0
8173,Two Seaters,Regular,Front-Wheel Drive,6.21905660377359,Honda,Manual 5-spd,3.0,1.0
8174,Two Seaters,Premium,Rear-Wheel Drive,16.4805,Honda,Manual 6-spd,4.0,2.0
8175,Two Seaters,Premium,4-Wheel or All-Wheel Drive,32.961,Lamborghini,Manual 6-spd,12.0,6.0
8176,Two Seaters,Premium,4-Wheel or All-Wheel Drive,32.961,Lamborghini,Manual 6-spd,12.0,6.2
8177,Two Seaters,Premium,Rear-Wheel Drive,27.4675,Maserati,Manual 6-spd,8.0,4.2
8178,Minicompact Cars,Regular,Rear-Wheel Drive,18.3116666666667,Porsche,Manual 5-spd,6.0,3.2
8179,Two Seaters,Premium,Rear-Wheel Drive,27.4675,Maserati,Automatic (S6),8.0,4.2
8180,Two Seaters,Premium,Rear-Wheel Drive,14.9822727272727,Mazda,Automatic 4-spd,4.0,1.8
8181,Two Seaters,Premium,Rear-Wheel Drive,14.3308695652174,Mazda,Manual 5-spd,4.0,1.8
8182,Two Seaters,Premium,Rear-Wheel Drive,14.9822727272727,Mazda,Manual 6-spd,4.0,1.8
8183,Two Seaters,Premium,Rear-Wheel Drive,19.3888235294118,Mercedes-Benz,Automatic 5-spd,8.0,5.0
8184,Two Seaters,Premium,Rear-Wheel Drive,23.5435714285714,Mercedes-Benz,Automatic 5-spd,12.0,6.0
8185,Two Seaters,Premium,Rear-Wheel Drive,14.3308695652174,Mercedes-Benz,Automatic 5-spd,4.0,2.3
8186,Two Seaters,Premium,Rear-Wheel Drive,15.6957142857143,Mercedes-Benz,Manual 6-spd,4.0,2.3
8187,Two Seaters,Premium,Rear-Wheel Drive,18.3116666666667,Mercedes-Benz,Automatic 5-spd,6.0,3.2
8188,Two Seaters,Premium,Rear-Wheel Drive,16.4805,Mercedes-Benz,Automatic 5-spd,6.0,3.2
8189,Minicompact Cars,Premium,Rear-Wheel Drive,19.3888235294118,Porsche,Manual 4-spd,6.0,3.3
8190,Two Seaters,Premium,Rear-Wheel Drive,18.3116666666667,Mercedes-Benz,Manual 6-spd,6.0,3.2
8191,Two Seaters,Premium,Rear-Wheel Drive,19.3888235294118,Morgan,Manual 5-spd,8.0,4.0
8192,Two Seaters,Premium,Rear-Wheel Drive,20.600625,Porsche,Manual 6-spd,6.0,3.6
8193,Two Seaters,Premium,Rear-Wheel Drive,16.4805,Porsche,Manual 5-spd,6.0,2.7
8194,Two Seaters,Premium,Rear-Wheel Drive,18.3116666666667,Porsche,Automatic (S5),6.0,2.7
8195,Two Seaters,Premium,Rear-Wheel Drive,18.3116666666667,Porsche,Manual 6-spd,6.0,3.2
8196,Two Seaters,Premium,Rear-Wheel Drive,18.3116666666667,Porsche,Automatic (S5),6.0,3.2
8197,Two Seaters,Regular,Rear-Wheel Drive,13.73375,Toyota,Manual 5-spd,4.0,1.8
8198,Minicompact Cars,Premium,Front-Wheel Drive,14.3308695652174,Audi,Manual 5-spd,4.0,1.8
8199,Minicompact Cars,Premium,4-Wheel or All-Wheel Drive,15.6957142857143,Audi,Manual 5-spd,4.0,1.8
8200,Minicompact Cars,Premium,Rear-Wheel Drive,19.3888235294118,Porsche,Automatic 4-spd,8.0,5.0
8201,Minicompact Cars,Premium,4-Wheel or All-Wheel Drive,15.6957142857143,Audi,Manual 6-spd,4.0,1.8
8202,Minicompact Cars,Premium,Rear-Wheel Drive,17.3478947368421,BMW,Manual 5-spd,6.0,2.5
8203,Minicompact Cars,Premium,Rear-Wheel Drive,17.3478947368421,BMW,Automatic (S5),6.0,2.5
8204,Minicompact Cars,Premium,Rear-Wheel Drive,17.3478947368421,BMW,Automatic 5-spd,6.0,3.0
8205,Minicompact Cars,Premium,Rear-Wheel Drive,16.4805,BMW,Manual 5-spd,6.0,3.0
8206,Minicompact Cars,Premium,Rear-Wheel Drive,20.600625,BMW,Automatic (S6),6.0,3.2
8207,Minicompact Cars,Premium,Front-Wheel Drive,13.1844,MINI,Automatic (variable gear ratios),4.0,1.6
8208,Minicompact Cars,Premium,Rear-Wheel Drive,18.3116666666667,Jaguar,Automatic 5-spd,8.0,4.0
8209,Minicompact Cars,Premium,Rear-Wheel Drive,19.3888235294118,Jaguar,Automatic 5-spd,8.0,4.0
8210,Minicompact Cars,Premium,Rear-Wheel Drive,18.3116666666667,Lexus,Automatic 5-spd,8.0,4.3
8211,Minicompact Cars,Premium,Rear-Wheel Drive,19.3888235294118,Porsche,Manual 5-spd,8.0,5.0
8212,Minicompact Cars,Regular,Front-Wheel Drive,14.9822727272727,Mitsubishi,Manual 5-spd,4.0,2.4
8213,Minicompact Cars,Regular,Front-Wheel Drive,16.4805,Mitsubishi,Automatic (S4),4.0,2.4
8214,Minicompact Cars,Premium,Front-Wheel Drive,15.6957142857143,Mitsubishi,Manual 5-spd,6.0,3.0
8215,Minicompact Cars,Premium,Front-Wheel Drive,16.4805,Mitsubishi,Automatic (S4),6.0,3.0
8216,Minicompact Cars,Premium,Rear-Wheel Drive,17.3478947368421,Porsche,Manual 6-spd,6.0,3.6
8217,Minicompact Cars,Premium,Rear-Wheel Drive,17.3478947368421,Porsche,Automatic (S5),6.0,3.6
8218,Minicompact Cars,Premium,4-Wheel or All-Wheel Drive,18.3116666666667,Porsche,Manual 6-spd,6.0,3.6
8219,Minicompact Cars,Premium,4-Wheel or All-Wheel Drive,19.3888235294118,Porsche,Automatic (S5),6.0,3.6
8220,Minicompact Cars,Premium,4-Wheel or All-Wheel Drive,18.3116666666667,Porsche,Manual 6-spd,6.0,3.6
8221,Minicompact Cars,Premium,4-Wheel or All-Wheel Drive,19.3888235294118,Porsche,Automatic (S5),6.0,3.6
8222,Subcompact Cars,Premium,Front-Wheel Drive,14.9822727272727,Mitsubishi,Automatic 3-spd,4.0,1.6
8223,Minicompact Cars,Regular,Rear-Wheel Drive,17.3478947368421,Porsche,Automatic 3-spd,4.0,2.5
8224,Minicompact Cars,Premium,Rear-Wheel Drive,17.3478947368421,Porsche,Manual 6-spd,6.0,3.6
8225,Minicompact Cars,Premium,Rear-Wheel Drive,17.3478947368421,Porsche,Automatic (S5),6.0,3.6
8226,Minicompact Cars,Premium,Rear-Wheel Drive,17.3478947368421,Porsche,Manual 6-spd,6.0,3.6
8227,Minicompact Cars,Premium,Rear-Wheel Drive,17.3478947368421,Porsche,Automatic (S5),6.0,3.6
8228,Minicompact Cars,Premium,4-Wheel or All-Wheel Drive,20.600625,Porsche,Manual 6-spd,6.0,3.6
8229,Minicompact Cars,Premium,4-Wheel or All-Wheel Drive,20.600625,Porsche,Automatic (S5),6.0,3.6
8230,Subcompact Cars,Regular,Front-Wheel Drive,12.6773076923077,Acura,Manual 5-spd,4.0,2.0
8231,Subcompact Cars,Premium,Front-Wheel Drive,13.73375,Acura,Manual 6-spd,4.0,2.0
8232,Subcompact Cars,Regular,Front-Wheel Drive,13.73375,Acura,Automatic (S5),4.0,2.0
8233,Subcompact Cars,Premium,Rear-Wheel Drive,15.6957142857143,BMW,Manual 5-spd,6.0,2.5
8234,Minicompact Cars,Regular,Rear-Wheel Drive,16.4805,Porsche,Manual 5-spd,4.0,2.5
8235,Subcompact Cars,Premium,Rear-Wheel Drive,16.4805,BMW,Automatic (S5),6.0,2.5
8236,Subcompact Cars,Premium,Rear-Wheel Drive,16.4805,BMW,Automatic 5-spd,6.0,3.0
8237,Subcompact Cars,Premium,Rear-Wheel Drive,14.9822727272727,BMW,Manual 5-spd,6.0,3.0
8238,Subcompact Cars,Premium,Rear-Wheel Drive,19.3888235294118,BMW,Automatic (S6),6.0,3.2
8239,Subcompact Cars,Regular,Rear-Wheel Drive,15.6957142857143,Chevrolet,Automatic 4-spd,6.0,3.8
8240,Subcompact Cars,Regular,Rear-Wheel Drive,15.6957142857143,Chevrolet,Manual 5-spd,6.0,3.8
8241,Subcompact Cars,Premium,Rear-Wheel Drive,17.3478947368421,Chevrolet,Automatic 4-spd,8.0,5.7
8242,Subcompact Cars,Premium,Rear-Wheel Drive,16.4805,Chevrolet,Manual 6-spd,8.0,5.7
8243,Subcompact Cars,Premium,Rear-Wheel Drive,29.9645454545455,Ferrari,Automatic 4-spd,12.0,5.5
8244,Subcompact Cars,Premium,Rear-Wheel Drive,29.9645454545455,Ferrari,Manual 6-spd,12.0,5.5
8245,Minicompact Cars,Premium,Rear-Wheel Drive,16.4805,Porsche,Manual 5-spd,4.0,2.5
8246,Subcompact Cars,Regular,Front-Wheel Drive,13.1844,Ford,Automatic 4-spd,4.0,2.0
8247,Subcompact Cars,Regular,Front-Wheel Drive,12.6773076923077,Ford,Manual 5-spd,4.0,2.0
8248,Subcompact Cars,Regular,Rear-Wheel Drive,16.4805,Ford,Automatic 4-spd,6.0,3.8
8249,Subcompact Cars,Regular,Rear-Wheel Drive,15.6957142857143,Ford,Manual 5-spd,6.0,3.8
8250,Subcompact Cars,Regular,Rear-Wheel Drive,18.3116666666667,Ford,Automatic 4-spd,8.0,4.6
8251,Subcompact Cars,Regular,Rear-Wheel Drive,17.3478947368421,Ford,Manual 5-spd,8.0,4.6
8252,Subcompact Cars,Regular,Front-Wheel Drive,10.3003125,Honda,Automatic (variable gear ratios),4.0,1.7
8253,Subcompact Cars,Regular,Front-Wheel Drive,9.69441176470588,Honda,Manual 5-spd,4.0,1.7
8254,Subcompact Cars,Regular,Front-Wheel Drive,14.3308695652174,Hyundai,Automatic 4-spd,4.0,2.0
8255,Subcompact Cars,Regular,Front-Wheel Drive,14.3308695652174,Hyundai,Manual 5-spd,4.0,2.0
8256,Minicompact Cars,Regular,Front-Wheel Drive,15.6957142857143,Volkswagen,Automatic 3-spd,4.0,1.8
8257,Subcompact Cars,Regular,Front-Wheel Drive,16.4805,Hyundai,Automatic 4-spd,6.0,2.7
8258,Subcompact Cars,Regular,Front-Wheel Drive,17.3478947368421,Hyundai,Manual 6-spd,6.0,2.7
8259,Subcompact Cars,Premium,Rear-Wheel Drive,18.3116666666667,Jaguar,Automatic 5-spd,8.0,4.0
8260,Subcompact Cars,Premium,Rear-Wheel Drive,19.3888235294118,Jaguar,Automatic 5-spd,8.0,4.0
8261,Subcompact Cars,Premium,Rear-Wheel Drive,27.4675,Maserati,Manual 6-spd,8.0,4.2
8262,Subcompact Cars,Premium,Rear-Wheel Drive,27.4675,Maserati,Automatic (S6),8.0,4.2
8263,Subcompact Cars,Premium,Rear-Wheel Drive,16.4805,Mercedes-Benz,Automatic 5-spd,6.0,3.2
8264,Subcompact Cars,Premium,Rear-Wheel Drive,16.4805,Mercedes-Benz,Automatic 5-spd,6.0,3.2
8265,Subcompact Cars,Premium,Rear-Wheel Drive,18.3116666666667,Mercedes-Benz,Automatic 5-spd,8.0,4.3
8266,Subcompact Cars,Premium,Rear-Wheel Drive,18.3116666666667,Mercedes-Benz,Automatic 5-spd,8.0,4.3
8267,Minicompact Cars,Regular,Front-Wheel Drive,14.3308695652174,Volkswagen,Manual 5-spd,4.0,1.8
8268,Subcompact Cars,Premium,Rear-Wheel Drive,18.3116666666667,Mercedes-Benz,Automatic 5-spd,8.0,5.4
8269,Subcompact Cars,Premium,Rear-Wheel Drive,19.3888235294118,Mercedes-Benz,Automatic 5-spd,8.0,5.4
8270,Subcompact Cars,Regular,Front-Wheel Drive,15.6957142857143,Mitsubishi,Automatic 4-spd,4.0,2.4
8271,Subcompact Cars,Regular,Front-Wheel Drive,14.3308695652174,Mitsubishi,Manual 5-spd,4.0,2.4
8272,Subcompact Cars,Regular,Front-Wheel Drive,16.4805,Mitsubishi,Automatic (S4),4.0,2.4
8273,Subcompact Cars,Premium,Front-Wheel Drive,15.6957142857143,Mitsubishi,Manual 5-spd,6.0,3.0
8274,Subcompact Cars,Premium,Front-Wheel Drive,16.4805,Mitsubishi,Automatic (S4),6.0,3.0
8275,Subcompact Cars,Regular,Front-Wheel Drive,12.2077777777778,Mitsubishi,Automatic 4-spd,4.0,1.5
8276,Subcompact Cars,Regular,Front-Wheel Drive,10.987,Mitsubishi,Manual 5-spd,4.0,1.5
8277,Subcompact Cars,Regular,Front-Wheel Drive,13.1844,Mitsubishi,Automatic 4-spd,4.0,1.8
8278,Minicompact Cars,Regular,Front-Wheel Drive,13.1844,Yugo,Manual 4-spd,4.0,1.1
8279,Subcompact Cars,Regular,Front-Wheel Drive,11.7717857142857,Mitsubishi,Manual 5-spd,4.0,1.8
8280,Subcompact Cars,Regular,Rear-Wheel Drive,15.6957142857143,Pontiac,Automatic 4-spd,6.0,3.8
8281,Subcompact Cars,Regular,Rear-Wheel Drive,15.6957142857143,Pontiac,Manual 5-spd,6.0,3.8
8282,Subcompact Cars,Premium,Rear-Wheel Drive,17.3478947368421,Pontiac,Automatic 4-spd,8.0,5.7
8283,Subcompact Cars,Premium,Rear-Wheel Drive,16.4805,Pontiac,Manual 6-spd,8.0,5.7
8284,Subcompact Cars,Premium,Rear-Wheel Drive,18.3116666666667,Roush Performance,Automatic 4-spd,8.0,4.6
8285,Subcompact Cars,Premium,Rear-Wheel Drive,18.3116666666667,Roush Performance,Manual 5-spd,8.0,4.6
8286,Subcompact Cars,Premium,Front-Wheel Drive,15.6957142857143,Saab,Automatic 4-spd,4.0,2.0
8287,Subcompact Cars,Premium,Front-Wheel Drive,13.73375,Saab,Manual 5-spd,4.0,2.0
8288,Subcompact Cars,Premium,Front-Wheel Drive,16.4805,Saab,Manual 5-spd,4.0,2.3
8289,Subcompact Cars,Regular,Front-Wheel Drive,18.3116666666667,Audi,Automatic 3-spd,5.0,2.2
8290,Subcompact Cars,Regular,Front-Wheel Drive,12.6773076923077,Saturn,Automatic 4-spd,4.0,1.9
8291,Subcompact Cars,Regular,Front-Wheel Drive,12.6773076923077,Saturn,Automatic 4-spd,4.0,1.9
8292,Subcompact Cars,Regular,Front-Wheel Drive,12.2077777777778,Saturn,Manual 5-spd,4.0,1.9
8293,Subcompact Cars,Regular,Front-Wheel Drive,11.3658620689655,Saturn,Manual 5-spd,4.0,1.9
8294,Subcompact Cars,Regular,4-Wheel or All-Wheel Drive,15.6957142857143,Subaru,Automatic 4-spd,4.0,2.5
8295,Subcompact Cars,Regular,4-Wheel or All-Wheel Drive,15.6957142857143,Subaru,Manual 5-spd,4.0,2.5
8296,Subcompact Cars,Premium,4-Wheel or All-Wheel Drive,16.4805,Subaru,Automatic 4-spd,4.0,2.0
8297,Subcompact Cars,Premium,4-Wheel or All-Wheel Drive,15.6957142857143,Subaru,Manual 5-spd,4.0,2.0
8298,Subcompact Cars,Regular,Front-Wheel Drive,12.6773076923077,Suzuki,Automatic 4-spd,4.0,1.6
8299,Subcompact Cars,Regular,Front-Wheel Drive,12.6773076923077,Suzuki,Automatic 4-spd,4.0,1.8
8300,Subcompact Cars,Regular,Front-Wheel Drive,17.3478947368421,Audi,Manual 5-spd,5.0,2.2
8301,Subcompact Cars,Regular,Front-Wheel Drive,12.2077777777778,Suzuki,Manual 5-spd,4.0,1.8
8302,Subcompact Cars,Regular,Front-Wheel Drive,14.3308695652174,Toyota,Automatic 4-spd,4.0,2.4
8303,Subcompact Cars,Regular,Front-Wheel Drive,17.3478947368421,Toyota,Automatic 4-spd,6.0,3.0
8304,Subcompact Cars,Regular,Front-Wheel Drive,11.7717857142857,Toyota,Automatic 4-spd,4.0,1.8
8305,Subcompact Cars,Regular,Front-Wheel Drive,12.2077777777778,Toyota,Manual 5-spd,4.0,1.8
8306,Subcompact Cars,Premium,Front-Wheel Drive,14.3308695652174,Toyota,Manual 6-spd,4.0,1.8
8307,Subcompact Cars,Premium,Front-Wheel Drive,14.3308695652174,Toyota,Automatic (S4),4.0,1.8
8308,Subcompact Cars,Regular,Front-Wheel Drive,14.3308695652174,Volkswagen,Automatic 4-spd,4.0,2.0
8309,Subcompact Cars,Regular,Front-Wheel Drive,13.73375,Volkswagen,Manual 5-spd,4.0,2.0
8310,Subcompact Cars,Premium,Front-Wheel Drive,14.3308695652174,Volkswagen,Manual 6-spd,4.0,1.8
8311,Subcompact Cars,Regular,4-Wheel or All-Wheel Drive,18.3116666666667,Audi,Manual 5-spd,5.0,2.2
8312,Subcompact Cars,Premium,Front-Wheel Drive,14.3308695652174,Volkswagen,Automatic 4-spd,4.0,1.8
8313,Subcompact Cars,Premium,Front-Wheel Drive,13.73375,Volkswagen,Manual 5-spd,4.0,1.8
8314,Subcompact Cars,Diesel,Front-Wheel Drive,11.5813636363636,Volkswagen,Automatic 4-spd,4.0,1.9
8315,Subcompact Cars,Diesel,Front-Wheel Drive,10.0575,Volkswagen,Manual 5-spd,4.0,1.9
8316,Subcompact Cars,Regular,Front-Wheel Drive,14.3308695652174,Volkswagen,Automatic 4-spd,4.0,2.0
8317,Subcompact Cars,Regular,Front-Wheel Drive,13.73375,Volkswagen,Manual 5-spd,4.0,2.0
8318,Subcompact Cars,Premium,Front-Wheel Drive,16.4805,Volvo,Automatic 5-spd,5.0,2.3
8319,Subcompact Cars,Premium,Front-Wheel Drive,15.6957142857143,Volvo,Manual 5-spd,5.0,2.3
8320,Subcompact Cars,Premium,Front-Wheel Drive,15.6957142857143,Volvo,Automatic 5-spd,5.0,2.4
8321,Compact Cars,Premium,Front-Wheel Drive,15.6957142857143,Acura,Automatic (S5),6.0,3.2
8322,Subcompact Cars,Regular,Front-Wheel Drive,14.9822727272727,Audi,Automatic 3-spd,4.0,1.8
8323,Compact Cars,Premium,Front-Wheel Drive,15.6957142857143,Audi,Automatic (variable gear ratios),4.0,1.8
8324,Compact Cars,Premium,Front-Wheel Drive,14.3308695652174,Audi,Manual 5-spd,4.0,1.8
8325,Compact Cars,Premium,Front-Wheel Drive,17.3478947368421,Audi,Automatic (variable gear ratios),6.0,3.0
8326,Compact Cars,Premium,4-Wheel or All-Wheel Drive,16.4805,Audi,Automatic 5-spd,4.0,1.8
8327,Compact Cars,Premium,4-Wheel or All-Wheel Drive,15.6957142857143,Audi,Manual 5-spd,4.0,1.8
8328,Compact Cars,Premium,4-Wheel or All-Wheel Drive,18.3116666666667,Audi,Automatic 5-spd,6.0,3.0
8329,Compact Cars,Premium,4-Wheel or All-Wheel Drive,18.3116666666667,Audi,Manual 6-spd,6.0,3.0
8330,Compact Cars,Premium,4-Wheel or All-Wheel Drive,18.3116666666667,Audi,Manual 6-spd,6.0,2.7
8331,Compact Cars,Premium,4-Wheel or All-Wheel Drive,18.3116666666667,Audi,Automatic (S5),6.0,2.7
8332,Compact Cars,Premium,Rear-Wheel Drive,15.6957142857143,BMW,Manual 5-spd,6.0,2.5
8333,Subcompact Cars,Premium,Front-Wheel Drive,13.73375,Mitsubishi,Manual 5-spd,4.0,1.6
8334,Subcompact Cars,Regular,Front-Wheel Drive,13.73375,Audi,Manual 5-spd,4.0,1.8
8335,Compact Cars,Premium,Rear-Wheel Drive,16.4805,BMW,Automatic (S5),6.0,2.5
8336,Compact Cars,Premium,4-Wheel or All-Wheel Drive,16.4805,BMW,Manual 5-spd,6.0,2.5
8337,Compact Cars,Premium,4-Wheel or All-Wheel Drive,17.3478947368421,BMW,Automatic (S5),6.0,2.5
8338,Compact Cars,Premium,Rear-Wheel Drive,16.4805,BMW,Automatic 5-spd,6.0,3.0
8339,Compact Cars,Premium,Rear-Wheel Drive,14.9822727272727,BMW,Manual 5-spd,6.0,3.0
8340,Compact Cars,Premium,4-Wheel or All-Wheel Drive,18.3116666666667,BMW,Automatic 5-spd,6.0,3.0
8341,Compact Cars,Premium,4-Wheel or All-Wheel Drive,16.4805,BMW,Manual 5-spd,6.0,3.0
8342,Compact Cars,Premium,Rear-Wheel Drive,15.6957142857143,BMW,Manual 5-spd,6.0,2.5
8343,Compact Cars,Premium,Rear-Wheel Drive,16.4805,BMW,Automatic (S5),6.0,2.5
8344,Compact Cars,Premium,Rear-Wheel Drive,17.3478947368421,BMW,Automatic 5-spd,6.0,3.0
8345,Subcompact Cars,Regular,Rear-Wheel Drive,16.4805,BMW,Automatic 4-spd,6.0,2.7
8346,Compact Cars,Premium,Rear-Wheel Drive,14.9822727272727,BMW,Manual 5-spd,6.0,3.0
8347,Compact Cars,Premium,Rear-Wheel Drive,18.3116666666667,BMW,Automatic 5-spd,8.0,4.4
8348,Compact Cars,Premium,Rear-Wheel Drive,20.600625,BMW,Manual 6-spd,8.0,4.4
8349,Compact Cars,Premium,Rear-Wheel Drive,20.600625,BMW,Automatic (S5),8.0,4.4
8350,Compact Cars,Premium,Rear-Wheel Drive,21.974,BMW,Manual 6-spd,8.0,4.9
8351,Compact Cars,Regular,Front-Wheel Drive,13.73375,Chevrolet,Automatic 4-spd,4.0,2.2
8352,Compact Cars,Regular,Front-Wheel Drive,13.73375,Chevrolet,Automatic 4-spd,4.0,2.2
8353,Compact Cars,Regular,Front-Wheel Drive,13.1844,Chevrolet,Manual 5-spd,4.0,2.2
8354,Compact Cars,Regular,Front-Wheel Drive,13.73375,Chevrolet,Manual 5-spd,4.0,2.2
8355,Compact Cars,Regular,Front-Wheel Drive,15.6957142857143,Chevrolet,Automatic 4-spd,4.0,2.4
8356,Subcompact Cars,Regular,Rear-Wheel Drive,15.6957142857143,BMW,Manual 5-spd,6.0,2.7
8357,Compact Cars,Regular,Front-Wheel Drive,14.3308695652174,Chevrolet,Manual 5-spd,4.0,2.4
8358,Compact Cars,Regular,Front-Wheel Drive,12.2077777777778,Chevrolet,Automatic 3-spd,4.0,1.8
8359,Compact Cars,Regular,Front-Wheel Drive,10.987,Chevrolet,Automatic 4-spd,4.0,1.8
8360,Compact Cars,Regular,Front-Wheel Drive,10.6325806451613,Chevrolet,Manual 5-spd,4.0,1.8
8361,Compact Cars,Regular,Front-Wheel Drive,15.6957142857143,Chrysler,Automatic 4-spd,4.0,2.4
8362,Compact Cars,Regular,Front-Wheel Drive,14.9822727272727,Chrysler,Manual 5-spd,4.0,2.4
8363,Compact Cars,Regular,Front-Wheel Drive,16.4805,Chrysler,Automatic 4-spd,6.0,3.0
8364,Compact Cars,Regular,Front-Wheel Drive,15.6957142857143,Chrysler,Manual 5-spd,6.0,3.0
8365,Compact Cars,Regular,Front-Wheel Drive,16.4805,Chrysler,Automatic (S4),6.0,3.0
8366,Compact Cars,Regular,Front-Wheel Drive,14.9822727272727,Chrysler,Automatic 4-spd,4.0,2.4
8367,Subcompact Cars,Regular,Rear-Wheel Drive,20.600625,BMW,Automatic 4-spd,6.0,3.4
8368,Compact Cars,Regular,Front-Wheel Drive,16.4805,Chrysler,Automatic 4-spd,6.0,2.7
8369,Compact Cars,Regular,Front-Wheel Drive,16.4805,Chrysler,Manual 5-spd,6.0,2.7
8370,Compact Cars,Regular,Front-Wheel Drive,16.4805,Chrysler,Automatic (S4),6.0,2.7
8371,Compact Cars,Regular,Front-Wheel Drive,14.3308695652174,Daewoo,Automatic 4-spd,4.0,1.6
8372,Compact Cars,Regular,Front-Wheel Drive,13.1844,Daewoo,Manual 5-spd,4.0,1.6
8373,Compact Cars,Regular,Front-Wheel Drive,13.1844,Daewoo,Automatic 4-spd,4.0,1.5
8374,Compact Cars,Regular,Front-Wheel Drive,12.6773076923077,Daewoo,Manual 5-spd,4.0,1.5
8375,Compact Cars,Regular,Front-Wheel Drive,14.9822727272727,Daewoo,Automatic 4-spd,4.0,2.0
8376,Compact Cars,Regular,Front-Wheel Drive,14.3308695652174,Daewoo,Manual 5-spd,4.0,2.0
8377,Compact Cars,Regular,Front-Wheel Drive,13.73375,Dodge,Automatic 4-spd,4.0,2.0
8378,Subcompact Cars,Regular,Rear-Wheel Drive,19.3888235294118,BMW,Manual 5-spd,6.0,3.4
8379,Compact Cars,Regular,Front-Wheel Drive,12.2077777777778,Dodge,Manual 5-spd,4.0,2.0
8380,Compact Cars,Regular,Front-Wheel Drive,15.6957142857143,Dodge,Automatic 4-spd,4.0,2.4
8381,Compact Cars,Regular,Front-Wheel Drive,14.9822727272727,Dodge,Manual 5-spd,4.0,2.4
8382,Compact Cars,Regular,Front-Wheel Drive,16.4805,Dodge,Automatic 4-spd,6.0,3.0
8383,Compact Cars,Regular,Front-Wheel Drive,15.6957142857143,Dodge,Manual 5-spd,6.0,3.0
8384,Compact Cars,Regular,Front-Wheel Drive,16.4805,Dodge,Automatic (S4),6.0,3.0
8385,Compact Cars,Regular,Front-Wheel Drive,12.6773076923077,Ford,Automatic 4-spd,4.0,2.0
8386,Compact Cars,Regular,Front-Wheel Drive,13.1844,Ford,Automatic 4-spd,4.0,2.0
8387,Compact Cars,Regular,Front-Wheel Drive,13.1844,Ford,Automatic 4-spd,4.0,2.0
8388,Compact Cars,Premium,Front-Wheel Drive,16.4805,Ford,Manual 6-spd,4.0,2.0
8389,Subcompact Cars,Regular,Rear-Wheel Drive,13.73375,Chevrolet,Manual 5-spd,4.0,2.5
8390,Compact Cars,Regular,Front-Wheel Drive,11.7717857142857,Ford,Manual 5-spd,4.0,2.0
8391,Compact Cars,Regular,Front-Wheel Drive,13.1844,Ford,Manual 5-spd,4.0,2.0
8392,Compact Cars,Regular,Front-Wheel Drive,10.987,Honda,Automatic 4-spd,4.0,1.7
8393,Compact Cars,Regular,Front-Wheel Drive,11.3658620689655,Honda,Automatic 4-spd,4.0,1.7
8394,Compact Cars,Regular,Front-Wheel Drive,10.6325806451613,Honda,Manual 5-spd,4.0,1.7
8395,Compact Cars,Regular,Front-Wheel Drive,10.987,Honda,Manual 5-spd,4.0,1.7
8396,Compact Cars,Regular,Front-Wheel Drive,13.1844,Honda,Manual 5-spd,4.0,2.0
8397,Compact Cars,Regular,Front-Wheel Drive,13.1844,Hyundai,Automatic 4-spd,4.0,1.5
8398,Compact Cars,Regular,Front-Wheel Drive,11.7717857142857,Hyundai,Manual 5-spd,4.0,1.5
8399,Compact Cars,Regular,Front-Wheel Drive,13.1844,Hyundai,Automatic 4-spd,4.0,1.6
8400,Subcompact Cars,Regular,Rear-Wheel Drive,16.4805,Chevrolet,Automatic 4-spd,6.0,2.8
8401,Compact Cars,Regular,Front-Wheel Drive,12.2077777777778,Hyundai,Manual 5-spd,4.0,1.6
8402,Compact Cars,Regular,Front-Wheel Drive,13.1844,Hyundai,Automatic 4-spd,4.0,2.0
8403,Compact Cars,Regular,Front-Wheel Drive,13.1844,Hyundai,Manual 5-spd,4.0,2.0
8404,Compact Cars,Regular,Front-Wheel Drive,14.3308695652174,Infiniti,Automatic 4-spd,4.0,2.0
8405,Compact Cars,Regular,Front-Wheel Drive,13.73375,Infiniti,Manual 5-spd,4.0,2.0
8406,Compact Cars,Premium,4-Wheel or All-Wheel Drive,17.3478947368421,Jaguar,Automatic 5-spd,6.0,2.5
8407,Compact Cars,Premium,4-Wheel or All-Wheel Drive,16.4805,Jaguar,Manual 5-spd,6.0,2.5
8408,Compact Cars,Premium,4-Wheel or All-Wheel Drive,17.3478947368421,Jaguar,Automatic 5-spd,6.0,3.0
8409,Compact Cars,Premium,4-Wheel or All-Wheel Drive,17.3478947368421,Jaguar,Manual 5-spd,6.0,3.0
8410,Compact Cars,Premium,Rear-Wheel Drive,18.3116666666667,Jaguar,Automatic 5-spd,8.0,4.0
8411,Subcompact Cars,Regular,Rear-Wheel Drive,18.3116666666667,Chevrolet,Manual 5-spd,6.0,2.8
8412,Compact Cars,Premium,Rear-Wheel Drive,18.3116666666667,Jaguar,Automatic 5-spd,8.0,4.0
8413,Compact Cars,Premium,Rear-Wheel Drive,20.600625,Jaguar,Automatic 5-spd,8.0,4.0
8414,Compact Cars,Regular,Front-Wheel Drive,13.73375,Kia,Automatic 4-spd,4.0,1.5
8415,Compact Cars,Regular,Front-Wheel Drive,12.6773076923077,Kia,Manual 5-spd,4.0,1.5
8416,Compact Cars,Regular,Front-Wheel Drive,14.9822727272727,Kia,Automatic 4-spd,4.0,1.8
8417,Compact Cars,Regular,Front-Wheel Drive,13.73375,Kia,Manual 5-spd,4.0,1.8
8418,Compact Cars,Premium,Rear-Wheel Drive,17.3478947368421,Lexus,Manual 5-spd,6.0,3.0
8419,Compact Cars,Premium,Rear-Wheel Drive,18.3116666666667,Lexus,Automatic (S5),6.0,3.0
8420,Compact Cars,Regular,Front-Wheel Drive,13.73375,Mercury,Manual 5-spd,4.0,2.0
8421,Compact Cars,Regular,Front-Wheel Drive,15.6957142857143,Mercury,Automatic 4-spd,6.0,2.5
8422,Subcompact Cars,Regular,Rear-Wheel Drive,18.3116666666667,Chevrolet,Automatic 4-spd,8.0,5.0
8423,Compact Cars,Regular,Front-Wheel Drive,15.6957142857143,Mercury,Manual 5-spd,6.0,2.5
8424,Compact Cars,Premium,Front-Wheel Drive,16.4805,Mazda,Automatic 4-spd,6.0,2.3
8425,Compact Cars,Premium,Front-Wheel Drive,16.4805,Mazda,Automatic 4-spd,6.0,2.5
8426,Compact Cars,Regular,Front-Wheel Drive,13.73375,Mazda,Automatic 4-spd,4.0,2.0
8427,Compact Cars,Regular,Front-Wheel Drive,13.73375,Mazda,Manual 5-spd,4.0,2.0
8428,Compact Cars,Regular,Front-Wheel Drive,13.73375,Mazda,Automatic (S4),4.0,2.0
8429,Compact Cars,Premium,Rear-Wheel Drive,15.6957142857143,Mercedes-Benz,Automatic 5-spd,4.0,2.3
8430,Compact Cars,Premium,Rear-Wheel Drive,16.4805,Mercedes-Benz,Manual 6-spd,4.0,2.3
8431,Compact Cars,Premium,Rear-Wheel Drive,16.4805,Mercedes-Benz,Automatic 5-spd,6.0,2.6
8432,Compact Cars,Premium,Rear-Wheel Drive,18.3116666666667,Mercedes-Benz,Manual 6-spd,6.0,2.6
8433,Subcompact Cars,Regular,Rear-Wheel Drive,18.3116666666667,Chevrolet,Manual 5-spd,8.0,5.0
8434,Compact Cars,Premium,Rear-Wheel Drive,19.3888235294118,Mercedes-Benz,Automatic 5-spd,6.0,3.2
8435,Compact Cars,Premium,Rear-Wheel Drive,17.3478947368421,Mercedes-Benz,Automatic 5-spd,6.0,3.2
8436,Compact Cars,Premium,Rear-Wheel Drive,19.3888235294118,Mercedes-Benz,Automatic 5-spd,8.0,5.0
8437,Compact Cars,Premium,Rear-Wheel Drive,19.3888235294118,Mercedes-Benz,Automatic 5-spd,8.0,5.4
8438,Compact Cars,Premium,Rear-Wheel Drive,20.600625,Mercedes-Benz,Automatic 5-spd,12.0,5.8
8439,Compact Cars,Regular,Front-Wheel Drive,14.3308695652174,Mitsubishi,Automatic 4-spd,4.0,1.6
8440,Compact Cars,Regular,Front-Wheel Drive,12.6773076923077,Mitsubishi,Manual 5-spd,4.0,1.6
8441,Compact Cars,Regular,Front-Wheel Drive,14.3308695652174,Mitsubishi,Automatic 4-spd,4.0,2.0
8442,Compact Cars,Regular,Front-Wheel Drive,13.1844,Mitsubishi,Manual 5-spd,4.0,2.0
8443,Compact Cars,Regular,Front-Wheel Drive,14.9822727272727,Nissan,Automatic 4-spd,4.0,2.5
8444,Subcompact Cars,Premium,Front-Wheel Drive,13.73375,Mitsubishi,Manual 5-spd,4.0,1.6
8445,Subcompact Cars,Regular,Rear-Wheel Drive,18.3116666666667,Chevrolet,Automatic 4-spd,8.0,5.0
8446,Compact Cars,Regular,Front-Wheel Drive,14.3308695652174,Nissan,Manual 5-spd,4.0,2.5
8447,Compact Cars,Regular,Front-Wheel Drive,14.9822727272727,Nissan,Manual 6-spd,4.0,2.5
8448,Compact Cars,Regular,Front-Wheel Drive,12.6773076923077,Nissan,Automatic 4-spd,4.0,1.8
8449,Compact Cars,Regular,Front-Wheel Drive,12.2077777777778,Nissan,Manual 5-spd,4.0,1.8
8450,Compact Cars,Regular,Front-Wheel Drive,13.73375,Oldsmobile,Automatic 4-spd,4.0,2.2
8451,Compact Cars,Regular,Front-Wheel Drive,13.1844,Oldsmobile,Manual 5-spd,4.0,2.2
8452,Compact Cars,Regular,Front-Wheel Drive,15.6957142857143,Oldsmobile,Automatic 4-spd,6.0,3.4
8453,Compact Cars,Regular,Front-Wheel Drive,13.73375,Pontiac,Automatic 4-spd,4.0,2.2
8454,Compact Cars,Regular,Front-Wheel Drive,13.1844,Pontiac,Manual 5-spd,4.0,2.2
8455,Compact Cars,Regular,Front-Wheel Drive,15.6957142857143,Pontiac,Automatic 4-spd,6.0,3.4
8456,Subcompact Cars,Regular,Front-Wheel Drive,14.9822727272727,Chevrolet,Automatic 3-spd,4.0,2.0
8457,Compact Cars,Regular,Front-Wheel Drive,13.73375,Pontiac,Automatic 4-spd,4.0,2.2
8458,Compact Cars,Regular,Front-Wheel Drive,13.73375,Pontiac,Automatic 4-spd,4.0,2.2
8459,Compact Cars,Regular,Front-Wheel Drive,13.1844,Pontiac,Manual 5-spd,4.0,2.2
8460,Compact Cars,Regular,Front-Wheel Drive,13.73375,Pontiac,Manual 5-spd,4.0,2.2
8461,Compact Cars,Regular,Front-Wheel Drive,15.6957142857143,Pontiac,Automatic 4-spd,4.0,2.4
8462,Compact Cars,Regular,Front-Wheel Drive,14.3308695652174,Pontiac,Manual 5-spd,4.0,2.4
8463,Compact Cars,Regular,Front-Wheel Drive,12.2077777777778,Saturn,Automatic 4-spd,4.0,1.9
8464,Compact Cars,Regular,Front-Wheel Drive,12.6773076923077,Saturn,Automatic 4-spd,4.0,1.9
8465,Compact Cars,Regular,Front-Wheel Drive,12.2077777777778,Saturn,Manual 5-spd,4.0,1.9
8466,Compact Cars,Regular,Front-Wheel Drive,11.3658620689655,Saturn,Manual 5-spd,4.0,1.9
8467,Subcompact Cars,Regular,Front-Wheel Drive,13.1844,Chevrolet,Manual 4-spd,4.0,2.0
8468,Compact Cars,Regular,4-Wheel or All-Wheel Drive,15.6957142857143,Subaru,Manual 5-spd,4.0,2.5
8469,Compact Cars,Regular,4-Wheel or All-Wheel Drive,15.6957142857143,Subaru,Automatic 4-spd,4.0,2.5
8470,Compact Cars,Premium,4-Wheel or All-Wheel Drive,16.4805,Subaru,Automatic 4-spd,6.0,3.0
8471,Compact Cars,Regular,Front-Wheel Drive,13.1844,Suzuki,Automatic 4-spd,4.0,2.0
8472,Compact Cars,Regular,Front-Wheel Drive,12.6773076923077,Suzuki,Manual 5-spd,4.0,2.0
8473,Compact Cars,Regular,Front-Wheel Drive,13.73375,Toyota,Automatic 4-spd,4.0,2.4
8474,Compact Cars,Regular,Front-Wheel Drive,13.73375,Toyota,Manual 5-spd,4.0,2.4
8475,Compact Cars,Regular,Front-Wheel Drive,16.4805,Toyota,Automatic 4-spd,6.0,3.0
8476,Compact Cars,Regular,Front-Wheel Drive,16.4805,Toyota,Manual 5-spd,6.0,3.0
8477,Compact Cars,Regular,Front-Wheel Drive,12.2077777777778,Toyota,Automatic 3-spd,4.0,1.8
8478,Subcompact Cars,Regular,Front-Wheel Drive,13.73375,Chevrolet,Manual 5-spd,4.0,2.0
8479,Compact Cars,Regular,Front-Wheel Drive,10.987,Toyota,Automatic 4-spd,4.0,1.8
8480,Compact Cars,Regular,Front-Wheel Drive,10.6325806451613,Toyota,Manual 5-spd,4.0,1.8
8481,Compact Cars,Regular,Front-Wheel Drive,10.987,Toyota,Automatic 4-spd,4.0,1.5
8482,Compact Cars,Regular,Front-Wheel Drive,10.3003125,Toyota,Manual 5-spd,4.0,1.5
8483,Compact Cars,Regular,Front-Wheel Drive,8.03926829268293,Toyota,Automatic (variable gear ratios),4.0,1.5
8484,Compact Cars,Diesel,Front-Wheel Drive,11.5813636363636,Volkswagen,Automatic 4-spd,4.0,1.9
8485,Compact Cars,Diesel,Front-Wheel Drive,10.0575,Volkswagen,Manual 5-spd,4.0,1.9
8486,Compact Cars,Regular,Front-Wheel Drive,14.3308695652174,Volkswagen,Automatic 4-spd,4.0,2.0
8487,Compact Cars,Regular,Front-Wheel Drive,13.73375,Volkswagen,Manual 5-spd,4.0,2.0
8488,Compact Cars,Premium,Front-Wheel Drive,14.3308695652174,Volkswagen,Manual 6-spd,4.0,1.8
8489,Subcompact Cars,Regular,Front-Wheel Drive,17.3478947368421,Chevrolet,Automatic 3-spd,6.0,2.8
8490,Compact Cars,Regular,Front-Wheel Drive,14.9822727272727,Volkswagen,Manual 6-spd,6.0,2.8
8491,Compact Cars,Premium,Front-Wheel Drive,13.73375,Volkswagen,Manual 5-spd,4.0,1.8
8492,Compact Cars,Premium,Front-Wheel Drive,14.9822727272727,Volkswagen,Automatic (S5),4.0,1.8
8493,Compact Cars,Regular,Front-Wheel Drive,15.6957142857143,Volkswagen,Manual 5-spd,6.0,2.8
8494,Compact Cars,Regular,Front-Wheel Drive,14.9822727272727,Volkswagen,Automatic 5-spd,6.0,2.8
8495,Compact Cars,Regular,Front-Wheel Drive,14.9822727272727,Volkswagen,Manual 6-spd,6.0,2.8
8496,Compact Cars,Premium,Front-Wheel Drive,13.73375,Volkswagen,Manual 5-spd,4.0,1.8
8497,Compact Cars,Premium,Front-Wheel Drive,14.9822727272727,Volkswagen,Automatic (S5),4.0,1.8
8498,Compact Cars,Diesel,Front-Wheel Drive,11.5813636363636,Volkswagen,Automatic 4-spd,4.0,1.9
8499,Compact Cars,Diesel,Front-Wheel Drive,10.0575,Volkswagen,Manual 5-spd,4.0,1.9
8500,Subcompact Cars,Regular,Front-Wheel Drive,18.3116666666667,Chevrolet,Manual 4-spd,6.0,2.8
8501,Compact Cars,Regular,Front-Wheel Drive,14.3308695652174,Volkswagen,Automatic 4-spd,4.0,2.0
8502,Compact Cars,Regular,Front-Wheel Drive,13.73375,Volkswagen,Manual 5-spd,4.0,2.0
8503,Compact Cars,Regular,Front-Wheel Drive,17.3478947368421,Volkswagen,Automatic 4-spd,6.0,2.8
8504,Compact Cars,Regular,Front-Wheel Drive,16.4805,Volkswagen,Manual 5-spd,6.0,2.8
8505,Compact Cars,Premium,4-Wheel or All-Wheel Drive,17.3478947368421,Volkswagen,Automatic (S5),6.0,2.8
8506,Compact Cars,Premium,Front-Wheel Drive,15.6957142857143,Volvo,Automatic 5-spd,5.0,2.3
8507,Compact Cars,Premium,Front-Wheel Drive,16.4805,Volvo,Manual 5-spd,5.0,2.3
8508,Compact Cars,Premium,Front-Wheel Drive,14.9822727272727,Volvo,Automatic 5-spd,4.0,1.9
8509,Compact Cars,Premium,4-Wheel or All-Wheel Drive,16.4805,Volvo,Automatic (S5),5.0,2.4
8510,Compact Cars,Premium,Front-Wheel Drive,16.4805,Volvo,Manual 5-spd,5.0,2.3
8511,Subcompact Cars,Regular,Rear-Wheel Drive,13.73375,Chevrolet,Automatic 3-spd,4.0,1.6
8512,Compact Cars,Premium,Front-Wheel Drive,15.6957142857143,Volvo,Automatic (S5),5.0,2.3
8513,Compact Cars,Premium,Front-Wheel Drive,15.6957142857143,Volvo,Automatic 5-spd,5.0,2.4
8514,Compact Cars,Premium,Front-Wheel Drive,15.6957142857143,Volvo,Automatic 5-spd,5.0,2.4
8515,Compact Cars,Premium,Front-Wheel Drive,15.6957142857143,Volvo,Manual 5-spd,5.0,2.4
8516,Midsize Cars,Premium,Front-Wheel Drive,15.6957142857143,Acura,Automatic (S5),6.0,3.2
8517,Midsize Cars,Premium,Front-Wheel Drive,18.3116666666667,Acura,Automatic 4-spd,6.0,3.5
8518,Midsize Cars,Premium,Front-Wheel Drive,17.3478947368421,Audi,Automatic (variable gear ratios),6.0,3.0
8519,Midsize Cars,Premium,4-Wheel or All-Wheel Drive,18.3116666666667,Audi,Manual 6-spd,6.0,2.7
8520,Midsize Cars,Premium,4-Wheel or All-Wheel Drive,18.3116666666667,Audi,Automatic (S5),6.0,2.7
8521,Midsize Cars,Premium,4-Wheel or All-Wheel Drive,18.3116666666667,Audi,Automatic 5-spd,6.0,3.0
8522,Subcompact Cars,Regular,Rear-Wheel Drive,12.2077777777778,Chevrolet,Manual 4-spd,4.0,1.6
8523,Midsize Cars,Premium,4-Wheel or All-Wheel Drive,18.3116666666667,Audi,Automatic (S5),8.0,4.2
8524,Midsize Cars,Premium,4-Wheel or All-Wheel Drive,18.3116666666667,Audi,Automatic (S5),8.0,4.2
8525,Midsize Cars,Premium,4-Wheel or All-Wheel Drive,21.974,Audi,Automatic (S5),8.0,4.2
8526,Midsize Cars,Premium,Rear-Wheel Drive,29.9645454545455,Bentley,Automatic 4-spd,8.0,6.8
8527,Midsize Cars,Regular,Front-Wheel Drive,15.6957142857143,Buick,Automatic 4-spd,6.0,3.1
8528,Midsize Cars,Premium,Front-Wheel Drive,17.3478947368421,Buick,Automatic 4-spd,6.0,3.8
8529,Midsize Cars,Regular,Front-Wheel Drive,16.4805,Buick,Automatic 4-spd,6.0,3.8
8530,Midsize Cars,Regular,Front-Wheel Drive,17.3478947368421,Cadillac,Automatic 4-spd,8.0,4.6
8531,Midsize Cars,Regular,Front-Wheel Drive,17.3478947368421,Cadillac,Automatic 4-spd,8.0,4.6
8532,Midsize Cars,Regular,Front-Wheel Drive,15.6957142857143,Chevrolet,Automatic 4-spd,6.0,3.1
8533,Subcompact Cars,Regular,Rear-Wheel Drive,12.2077777777778,Chevrolet,Manual 5-spd,4.0,1.6
8534,Midsize Cars,Regular,Front-Wheel Drive,14.9822727272727,Chevrolet,Automatic 4-spd,6.0,3.4
8535,Midsize Cars,Regular,Front-Wheel Drive,16.4805,Chevrolet,Automatic 4-spd,6.0,3.8
8536,Midsize Cars,Regular,Front-Wheel Drive,14.9822727272727,Chrysler,Automatic 4-spd,4.0,2.4
8537,Midsize Cars,Regular,Front-Wheel Drive,15.6957142857143,Chrysler,Automatic 4-spd,6.0,2.7
8538,Midsize Cars,Regular,Front-Wheel Drive,15.6957142857143,Chrysler,Automatic (S4),6.0,2.7
8539,Midsize Cars,Regular,Front-Wheel Drive,16.4805,Daewoo,Automatic 4-spd,4.0,2.2
8540,Midsize Cars,Regular,Front-Wheel Drive,15.6957142857143,Daewoo,Manual 5-spd,4.0,2.2
8541,Midsize Cars,Regular,Front-Wheel Drive,14.9822727272727,Dodge,Automatic 4-spd,4.0,2.4
8542,Midsize Cars,Regular,Front-Wheel Drive,15.6957142857143,Dodge,Automatic 4-spd,6.0,2.7
8543,Midsize Cars,Regular,Front-Wheel Drive,16.4805,Dodge,Manual 5-spd,6.0,2.7
8544,Subcompact Cars,Diesel,Rear-Wheel Drive,10.61625,Chevrolet,Manual 5-spd,4.0,1.8
8545,Midsize Cars,Regular,Front-Wheel Drive,15.6957142857143,Dodge,Automatic (S4),6.0,2.7
8546,Midsize Cars,Regular,Front-Wheel Drive,14.3308695652174,Honda,Automatic 4-spd,4.0,2.3
8547,Midsize Cars,Regular,Front-Wheel Drive,14.3308695652174,Honda,Automatic 4-spd,4.0,2.3
8548,Midsize Cars,Regular,Front-Wheel Drive,13.1844,Honda,Manual 5-spd,4.0,2.3
8549,Midsize Cars,Regular,Front-Wheel Drive,13.73375,Honda,Manual 5-spd,4.0,2.3
8550,Midsize Cars,Regular,Front-Wheel Drive,15.6957142857143,Honda,Automatic 4-spd,6.0,3.0
8551,Midsize Cars,Regular,Front-Wheel Drive,14.9822727272727,Hyundai,Automatic 4-spd,4.0,2.4
8552,Midsize Cars,Regular,Front-Wheel Drive,14.3308695652174,Hyundai,Manual 5-spd,4.0,2.4
8553,Midsize Cars,Regular,Front-Wheel Drive,16.4805,Hyundai,Automatic 4-spd,6.0,2.7
8554,Midsize Cars,Regular,Front-Wheel Drive,16.4805,Hyundai,Manual 5-spd,6.0,2.7
8555,Subcompact Cars,Premium,Rear-Wheel Drive,17.3478947368421,Mitsubishi,Automatic 4-spd,4.0,2.6
8556,Subcompact Cars,Regular,Front-Wheel Drive,11.3658620689655,Chevrolet,Automatic 3-spd,4.0,1.5
8557,Midsize Cars,Regular,Front-Wheel Drive,17.3478947368421,Hyundai,Automatic 5-spd,6.0,3.5
8558,Midsize Cars,Regular,Front-Wheel Drive,16.4805,Infiniti,Automatic 4-spd,6.0,3.5
8559,Midsize Cars,Premium,Rear-Wheel Drive,18.3116666666667,Infiniti,Automatic (S5),8.0,4.5
8560,Midsize Cars,Premium,Rear-Wheel Drive,18.3116666666667,Jaguar,Automatic 5-spd,6.0,3.0
8561,Midsize Cars,Premium,Rear-Wheel Drive,18.3116666666667,Jaguar,Automatic 5-spd,8.0,4.0
8562,Midsize Cars,Premium,Rear-Wheel Drive,20.600625,Jaguar,Automatic 5-spd,8.0,4.0
8563,Midsize Cars,Premium,Rear-Wheel Drive,18.3116666666667,Jaguar,Automatic 5-spd,8.0,4.0
8564,Midsize Cars,Regular,Front-Wheel Drive,16.4805,Kia,Automatic 4-spd,4.0,2.4
8565,Midsize Cars,Regular,Front-Wheel Drive,15.6957142857143,Kia,Manual 5-spd,4.0,2.4
8566,Midsize Cars,Regular,Front-Wheel Drive,18.3116666666667,Kia,Automatic 4-spd,6.0,2.7
8567,Subcompact Cars,Regular,Front-Wheel Drive,9.69441176470588,Chevrolet,Manual 5-spd,4.0,1.5
8568,Midsize Cars,Regular,Front-Wheel Drive,17.3478947368421,Kia,Manual 5-spd,6.0,2.7
8569,Midsize Cars,Regular,Front-Wheel Drive,15.6957142857143,Lexus,Automatic 5-spd,6.0,3.0
8570,Midsize Cars,Premium,Rear-Wheel Drive,17.3478947368421,Lexus,Automatic (S5),6.0,3.0
8571,Midsize Cars,Premium,Rear-Wheel Drive,18.3116666666667,Lexus,Automatic 5-spd,8.0,4.3
8572,Midsize Cars,Premium,Rear-Wheel Drive,17.3478947368421,Lexus,Automatic 5-spd,8.0,4.3
8573,Midsize Cars,Premium,Rear-Wheel Drive,18.3116666666667,Lincoln,Automatic (S5),6.0,3.0
8574,Midsize Cars,Premium,Rear-Wheel Drive,19.3888235294118,Lincoln,Automatic (S5),8.0,3.9
8575,Midsize Cars,Premium,Rear-Wheel Drive,17.3478947368421,Lincoln,Automatic 5-spd,6.0,3.0
8576,Midsize Cars,Premium,Rear-Wheel Drive,17.3478947368421,Lincoln,Manual 5-spd,6.0,3.0
8577,Midsize Cars,Premium,Rear-Wheel Drive,19.3888235294118,Lincoln,Automatic 5-spd,8.0,3.9
8578,Subcompact Cars,Regular,Front-Wheel Drive,9.15583333333333,Chevrolet,Automatic 3-spd,3.0,1.0
8579,Midsize Cars,Regular,Front-Wheel Drive,15.6957142857143,Mercury,Automatic 4-spd,6.0,3.0
8580,Midsize Cars,Regular,Front-Wheel Drive,16.4805,Mercury,Automatic 4-spd,6.0,3.0
8581,Midsize Cars,Regular,Front-Wheel Drive,14.9822727272727,Mazda,Automatic 4-spd,4.0,2.0
8582,Midsize Cars,Regular,Front-Wheel Drive,13.1844,Mazda,Manual 5-spd,4.0,2.0
8583,Midsize Cars,Premium,Front-Wheel Drive,16.4805,Mazda,Automatic 4-spd,6.0,2.5
8584,Midsize Cars,Premium,Front-Wheel Drive,15.6957142857143,Mazda,Manual 5-spd,6.0,2.5
8585,Midsize Cars,Premium,Rear-Wheel Drive,15.6957142857143,Mercedes-Benz,Automatic 5-spd,6.0,3.2
8586,Midsize Cars,Premium,4-Wheel or All-Wheel Drive,16.4805,Mercedes-Benz,Automatic 5-spd,6.0,3.2
8587,Midsize Cars,Premium,Rear-Wheel Drive,18.3116666666667,Mercedes-Benz,Automatic 5-spd,8.0,4.3
8588,Midsize Cars,Premium,4-Wheel or All-Wheel Drive,18.3116666666667,Mercedes-Benz,Automatic 5-spd,8.0,4.3
8589,Subcompact Cars,Regular,Front-Wheel Drive,8.24025,Chevrolet,Manual 5-spd,3.0,1.0
8590,Midsize Cars,Premium,Rear-Wheel Drive,18.3116666666667,Mercedes-Benz,Automatic 5-spd,8.0,5.4
8591,Midsize Cars,Premium,Front-Wheel Drive,18.3116666666667,Mitsubishi,Automatic 4-spd,6.0,3.5
8592,Midsize Cars,Premium,Front-Wheel Drive,15.6957142857143,Mitsubishi,Automatic 4-spd,6.0,3.0
8593,Midsize Cars,Regular,Front-Wheel Drive,15.6957142857143,Mitsubishi,Automatic 4-spd,4.0,2.4
8594,Midsize Cars,Premium,Front-Wheel Drive,16.4805,Mitsubishi,Automatic 4-spd,6.0,3.0
8595,Midsize Cars,Regular,Front-Wheel Drive,14.3308695652174,Nissan,Automatic 4-spd,4.0,2.5
8596,Midsize Cars,Regular,Front-Wheel Drive,14.3308695652174,Nissan,Manual 5-spd,4.0,2.5
8597,Midsize Cars,Regular,Front-Wheel Drive,17.3478947368421,Nissan,Automatic 4-spd,6.0,3.5
8598,Midsize Cars,Regular,Front-Wheel Drive,15.6957142857143,Nissan,Manual 5-spd,6.0,3.5
8599,Midsize Cars,Regular,Front-Wheel Drive,16.4805,Nissan,Automatic 4-spd,6.0,3.5
8600,Subcompact Cars,Regular,Front-Wheel Drive,14.9822727272727,Chrysler,Automatic 3-spd,4.0,2.2
8601,Midsize Cars,Regular,Front-Wheel Drive,15.6957142857143,Nissan,Manual 6-spd,6.0,3.5
8602,Midsize Cars,Regular,Front-Wheel Drive,17.3478947368421,Oldsmobile,Automatic 4-spd,6.0,3.5
8603,Midsize Cars,Regular,Front-Wheel Drive,17.3478947368421,Oldsmobile,Automatic 4-spd,8.0,4.0
8604,Midsize Cars,Regular,Front-Wheel Drive,15.6957142857143,Oldsmobile,Automatic 4-spd,6.0,3.5
8605,Midsize Cars,Premium,Front-Wheel Drive,17.3478947368421,Pontiac,Automatic 4-spd,6.0,3.8
8606,Midsize Cars,Regular,Front-Wheel Drive,15.6957142857143,Pontiac,Automatic 4-spd,6.0,3.1
8607,Midsize Cars,Regular,Front-Wheel Drive,16.4805,Pontiac,Automatic 4-spd,6.0,3.8
8608,Midsize Cars,Premium,Rear-Wheel Drive,25.3546153846154,Rolls-Royce,Automatic 5-spd,12.0,5.4
8609,Midsize Cars,Premium,Front-Wheel Drive,15.6957142857143,Saab,Automatic 4-spd,4.0,2.0
8610,Midsize Cars,Premium,Front-Wheel Drive,13.73375,Saab,Manual 5-spd,4.0,2.0
8611,Subcompact Cars,Premium,Front-Wheel Drive,17.3478947368421,Chrysler,Automatic 3-spd,4.0,2.2
8612,Midsize Cars,Premium,Front-Wheel Drive,16.4805,Saab,Manual 5-spd,4.0,2.3
8613,Midsize Cars,Premium,Front-Wheel Drive,15.6957142857143,Saab,Automatic 5-spd,4.0,2.3
8614,Midsize Cars,Regular,Front-Wheel Drive,15.6957142857143,Saab,Automatic 5-spd,4.0,2.3
8615,Midsize Cars,Regular,Front-Wheel Drive,14.9822727272727,Saab,Manual 5-spd,4.0,2.3
8616,Midsize Cars,Premium,Front-Wheel Drive,14.9822727272727,Saab,Manual 5-spd,4.0,2.3
8617,Midsize Cars,Premium,Front-Wheel Drive,17.3478947368421,Saab,Automatic 5-spd,6.0,3.0
8618,Midsize Cars,Regular,Front-Wheel Drive,13.73375,Saturn,Automatic 4-spd,4.0,2.2
8619,Midsize Cars,Regular,Front-Wheel Drive,13.1844,Saturn,Manual 5-spd,4.0,2.2
8620,Midsize Cars,Regular,Front-Wheel Drive,15.6957142857143,Saturn,Automatic 4-spd,6.0,3.0
8621,Midsize Cars,Regular,Front-Wheel Drive,13.73375,Toyota,Automatic 4-spd,4.0,2.4
8622,Subcompact Cars,Regular,Front-Wheel Drive,12.6773076923077,Chrysler,Manual 5-spd,4.0,2.2
8623,Midsize Cars,Regular,Front-Wheel Drive,13.73375,Toyota,Manual 5-spd,4.0,2.4
8624,Midsize Cars,Regular,Front-Wheel Drive,15.6957142857143,Toyota,Automatic 4-spd,6.0,3.0
8625,Midsize Cars,Premium,Front-Wheel Drive,14.3308695652174,Volkswagen,Manual 5-spd,4.0,1.8
8626,Midsize Cars,Premium,Front-Wheel Drive,14.9822727272727,Volkswagen,Automatic (S5),4.0,1.8
8627,Midsize Cars,Premium,Front-Wheel Drive,15.6957142857143,Volkswagen,Manual 5-spd,6.0,2.8
8628,Midsize Cars,Premium,Front-Wheel Drive,16.4805,Volkswagen,Automatic (S5),6.0,2.8
8629,Midsize Cars,Premium,Front-Wheel Drive,17.3478947368421,Volvo,Automatic 4-spd,6.0,2.9
8630,Midsize Cars,Premium,Front-Wheel Drive,17.3478947368421,Volvo,Automatic (S4),6.0,2.9
8631,Large Cars,Premium,4-Wheel or All-Wheel Drive,18.3116666666667,Audi,Automatic (S5),8.0,4.2
8632,Large Cars,Premium,Rear-Wheel Drive,17.3478947368421,BMW,Automatic 6-spd,8.0,4.4
8633,Subcompact Cars,Premium,Front-Wheel Drive,16.4805,Chrysler,Manual 5-spd,4.0,2.2
8634,Large Cars,Premium,Rear-Wheel Drive,17.3478947368421,BMW,Automatic 6-spd,8.0,4.4
8635,Large Cars,Regular,Front-Wheel Drive,15.6957142857143,Buick,Automatic 4-spd,6.0,3.8
8636,Large Cars,Premium,Front-Wheel Drive,17.3478947368421,Buick,Automatic 4-spd,6.0,3.8
8637,Large Cars,Regular,Front-Wheel Drive,15.6957142857143,Buick,Automatic 4-spd,6.0,3.8
8638,Large Cars,Regular,Front-Wheel Drive,17.3478947368421,Cadillac,Automatic 4-spd,8.0,4.6
8639,Large Cars,Regular,Front-Wheel Drive,21.974,Cadillac,Automatic 4-spd,8.0,4.6
8640,Large Cars,Regular,Front-Wheel Drive,16.4805,Chevrolet,Automatic 4-spd,6.0,3.8
8641,Large Cars,Regular,Front-Wheel Drive,14.9822727272727,Chevrolet,Automatic 4-spd,6.0,3.4
8642,Large Cars,Regular,Front-Wheel Drive,16.4805,Chevrolet,Automatic 4-spd,6.0,3.8
8643,Large Cars,Regular,Front-Wheel Drive,17.3478947368421,Chrysler,Automatic (S4),6.0,3.5
8644,Subcompact Cars,Regular,Front-Wheel Drive,15.6957142857143,Chrysler,Automatic 3-spd,4.0,2.5
8645,Large Cars,Regular,Front-Wheel Drive,15.6957142857143,Chrysler,Automatic 4-spd,6.0,2.7
8646,Large Cars,Regular,Front-Wheel Drive,17.3478947368421,Chrysler,Automatic 4-spd,6.0,3.5
8647,Large Cars,Regular,Front-Wheel Drive,15.6957142857143,Dodge,Automatic 4-spd,6.0,2.7
8648,Large Cars,Regular,Front-Wheel Drive,15.6957142857143,Dodge,Automatic (S4),6.0,2.7
8649,Large Cars,Regular,Front-Wheel Drive,17.3478947368421,Dodge,Automatic 4-spd,6.0,3.5
8650,Large Cars,Regular,Front-Wheel Drive,17.3478947368421,Dodge,Automatic (S4),6.0,3.5
8651,Large Cars,Regular,Rear-Wheel Drive,18.3116666666667,Ford,Automatic 4-spd,8.0,4.6
8652,Large Cars,Regular,Front-Wheel Drive,15.6957142857143,Ford,Automatic 4-spd,6.0,3.0
8653,Large Cars,Regular,Front-Wheel Drive,16.4805,Ford,Automatic 4-spd,6.0,3.0
8654,Large Cars,Premium,Front-Wheel Drive,18.3116666666667,Lincoln,Automatic 4-spd,8.0,4.6
8655,Subcompact Cars,Regular,Front-Wheel Drive,13.73375,Chrysler,Manual 5-spd,4.0,2.5
8656,Large Cars,Regular,Rear-Wheel Drive,18.3116666666667,Mercury,Automatic 4-spd,8.0,4.6
8657,Large Cars,Regular,Rear-Wheel Drive,19.3888235294118,Lincoln,Automatic 4-spd,8.0,4.6
8658,Large Cars,Premium,Rear-Wheel Drive,18.3116666666667,Mercedes-Benz,Automatic 5-spd,8.0,4.3
8659,Large Cars,Premium,Rear-Wheel Drive,19.3888235294118,Mercedes-Benz,Automatic 5-spd,8.0,5.0
8660,Large Cars,Premium,Rear-Wheel Drive,19.3888235294118,Mercedes-Benz,Automatic 5-spd,8.0,5.4
8661,Large Cars,Premium,Rear-Wheel Drive,20.600625,Mercedes-Benz,Automatic 5-spd,12.0,5.8
8662,Large Cars,Premium,Front-Wheel Drive,17.3478947368421,Pontiac,Automatic 4-spd,6.0,3.8
8663,Large Cars,Regular,Front-Wheel Drive,15.6957142857143,Pontiac,Automatic 4-spd,6.0,3.8
8664,Large Cars,Premium,Rear-Wheel Drive,25.3546153846154,Rolls-Royce,Automatic 5-spd,12.0,5.4
8665,Large Cars,Regular,Front-Wheel Drive,14.9822727272727,Toyota,Automatic 4-spd,6.0,3.0
8666,Subcompact Cars,Premium,Rear-Wheel Drive,17.3478947368421,Mitsubishi,Automatic 4-spd,4.0,2.6
8667,Subcompact Cars,Regular,Front-Wheel Drive,14.9822727272727,Chrysler,Automatic 3-spd,4.0,2.2
8668,Small Station Wagons,Premium,4-Wheel or All-Wheel Drive,16.4805,Audi,Automatic 5-spd,4.0,1.8
8669,Small Station Wagons,Premium,4-Wheel or All-Wheel Drive,15.6957142857143,Audi,Manual 5-spd,4.0,1.8
8670,Small Station Wagons,Premium,4-Wheel or All-Wheel Drive,18.3116666666667,Audi,Automatic 5-spd,6.0,3.0
8671,Small Station Wagons,Premium,4-Wheel or All-Wheel Drive,18.3116666666667,Audi,Manual 6-spd,6.0,3.0
8672,Small Station Wagons,Premium,4-Wheel or All-Wheel Drive,18.3116666666667,Audi,Manual 6-spd,6.0,2.7
8673,Small Station Wagons,Premium,4-Wheel or All-Wheel Drive,18.3116666666667,Audi,Automatic (S5),6.0,2.7
8674,Small Station Wagons,Premium,Rear-Wheel Drive,15.6957142857143,BMW,Manual 5-spd,6.0,2.5
8675,Small Station Wagons,Premium,Rear-Wheel Drive,16.4805,BMW,Automatic (S5),6.0,2.5
8676,Small Station Wagons,Premium,4-Wheel or All-Wheel Drive,16.4805,BMW,Manual 5-spd,6.0,2.5
8677,Small Station Wagons,Premium,4-Wheel or All-Wheel Drive,17.3478947368421,BMW,Automatic (S5),6.0,2.5
8678,Subcompact Cars,Premium,Front-Wheel Drive,17.3478947368421,Chrysler,Automatic 3-spd,4.0,2.2
8679,Small Station Wagons,Premium,Rear-Wheel Drive,17.3478947368421,BMW,Manual 5-spd,6.0,2.5
8680,Small Station Wagons,Premium,Rear-Wheel Drive,17.3478947368421,BMW,Automatic (S5),6.0,2.5
8681,Small Station Wagons,Premium,Rear-Wheel Drive,20.600625,BMW,Automatic (S5),8.0,4.4
8682,Small Station Wagons,Regular,Front-Wheel Drive,14.9822727272727,Daewoo,Automatic 4-spd,4.0,2.0
8683,Small Station Wagons,Regular,Front-Wheel Drive,14.3308695652174,Daewoo,Manual 5-spd,4.0,2.0
8684,Small Station Wagons,Premium,Rear-Wheel Drive,17.3478947368421,Mercedes-Benz,Automatic 5-spd,6.0,3.2
8685,Small Station Wagons,Regular,4-Wheel or All-Wheel Drive,15.6957142857143,Subaru,Automatic 4-spd,4.0,2.5
8686,Small Station Wagons,Regular,4-Wheel or All-Wheel Drive,15.6957142857143,Subaru,Manual 5-spd,4.0,2.5
8687,Small Station Wagons,Premium,4-Wheel or All-Wheel Drive,16.4805,Subaru,Automatic 4-spd,4.0,2.0
8688,Small Station Wagons,Premium,4-Wheel or All-Wheel Drive,15.6957142857143,Subaru,Manual 5-spd,4.0,2.0
8689,Subcompact Cars,Premium,Front-Wheel Drive,15.6957142857143,Chrysler,Manual 5-spd,4.0,2.2
8690,Small Station Wagons,Regular,Front-Wheel Drive,13.1844,Suzuki,Automatic 4-spd,4.0,2.0
8691,Small Station Wagons,Regular,Front-Wheel Drive,13.1844,Suzuki,Manual 5-spd,4.0,2.0
8692,Small Station Wagons,Regular,Front-Wheel Drive,13.1844,Suzuki,Automatic 4-spd,4.0,1.6
8693,Small Station Wagons,Regular,Front-Wheel Drive,12.6773076923077,Suzuki,Automatic 4-spd,4.0,1.8
8694,Small Station Wagons,Regular,Front-Wheel Drive,12.6773076923077,Suzuki,Manual 5-spd,4.0,1.8
8695,Small Station Wagons,Premium,Front-Wheel Drive,13.73375,Volkswagen,Manual 5-spd,4.0,1.8
8696,Small Station Wagons,Premium,Front-Wheel Drive,14.9822727272727,Volkswagen,Automatic (S5),4.0,1.8
8697,Small Station Wagons,Diesel,Front-Wheel Drive,11.5813636363636,Volkswagen,Automatic 4-spd,4.0,1.9
8698,Small Station Wagons,Diesel,Front-Wheel Drive,9.79961538461539,Volkswagen,Manual 5-spd,4.0,1.9
8699,Small Station Wagons,Regular,Front-Wheel Drive,14.9822727272727,Volkswagen,Automatic 4-spd,4.0,2.0
8700,Subcompact Cars,Regular,Front-Wheel Drive,15.6957142857143,Chrysler,Automatic 3-spd,4.0,2.5
8701,Small Station Wagons,Regular,Front-Wheel Drive,13.73375,Volkswagen,Manual 5-spd,4.0,2.0
8702,Small Station Wagons,Regular,Front-Wheel Drive,17.3478947368421,Volkswagen,Automatic 4-spd,6.0,2.8
8703,Small Station Wagons,Regular,Front-Wheel Drive,16.4805,Volkswagen,Manual 5-spd,6.0,2.8
8704,Small Station Wagons,Premium,Front-Wheel Drive,14.9822727272727,Volvo,Automatic 5-spd,4.0,1.9
8705,Midsize Station Wagons,Premium,4-Wheel or All-Wheel Drive,18.3116666666667,Audi,Automatic 5-spd,6.0,3.0
8706,Midsize Station Wagons,Premium,4-Wheel or All-Wheel Drive,21.974,Audi,Automatic (S5),8.0,4.2
8707,Midsize Station Wagons,Regular,Front-Wheel Drive,13.1844,Ford,Automatic 4-spd,4.0,2.0
8708,Midsize Station Wagons,Regular,Front-Wheel Drive,13.1844,Ford,Automatic 4-spd,4.0,2.0
8709,Midsize Station Wagons,Regular,Front-Wheel Drive,11.7717857142857,Ford,Manual 5-spd,4.0,2.0
8710,Midsize Station Wagons,Regular,Front-Wheel Drive,13.1844,Ford,Manual 5-spd,4.0,2.0
8711,Subcompact Cars,Regular,Front-Wheel Drive,13.1844,Nissan,Automatic 3-spd,4.0,1.6
8712,Midsize Station Wagons,Regular,Front-Wheel Drive,16.4805,Ford,Automatic 4-spd,6.0,3.0
8713,Midsize Station Wagons,Regular,Front-Wheel Drive,17.3478947368421,Ford,Automatic 4-spd,6.0,3.0
8714,Midsize Station Wagons,Regular,Front-Wheel Drive,18.3116666666667,Lexus,Automatic 4-spd,6.0,3.0
8715,Midsize Station Wagons,Regular,4-Wheel or All-Wheel Drive,18.3116666666667,Lexus,Automatic 4-spd,6.0,3.0
8716,Midsize Station Wagons,Regular,Front-Wheel Drive,16.4805,Mercury,Automatic 4-spd,6.0,3.0
8717,Midsize Station Wagons,Regular,Front-Wheel Drive,17.3478947368421,Mercury,Automatic 4-spd,6.0,3.0
8718,Midsize Station Wagons,Premium,Rear-Wheel Drive,16.4805,Mercedes-Benz,Automatic 5-spd,6.0,3.2
8719,Midsize Station Wagons,Premium,4-Wheel or All-Wheel Drive,16.4805,Mercedes-Benz,Automatic 5-spd,6.0,3.2
8720,Midsize Station Wagons,Premium,Front-Wheel Drive,16.4805,Saab,Automatic 5-spd,4.0,2.3
8721,Midsize Station Wagons,Regular,Front-Wheel Drive,16.4805,Saab,Automatic 5-spd,4.0,2.3
8722,Subcompact Cars,Regular,Front-Wheel Drive,10.987,Nissan,Manual 5-spd,4.0,1.6
8723,Midsize Station Wagons,Premium,Front-Wheel Drive,14.9822727272727,Saab,Manual 5-spd,4.0,2.3
8724,Midsize Station Wagons,Regular,Front-Wheel Drive,14.9822727272727,Saab,Manual 5-spd,4.0,2.3
8725,Midsize Station Wagons,Premium,Front-Wheel Drive,17.3478947368421,Saab,Automatic 5-spd,6.0,3.0
8726,Midsize Station Wagons,Regular,Front-Wheel Drive,13.73375,Saturn,Automatic 4-spd,4.0,2.2
8727,Midsize Station Wagons,Regular,Front-Wheel Drive,13.73375,Saturn,Manual 5-spd,4.0,2.2
8728,Midsize Station Wagons,Regular,Front-Wheel Drive,15.6957142857143,Saturn,Automatic 4-spd,6.0,3.0
8729,Midsize Station Wagons,Regular,4-Wheel or All-Wheel Drive,15.6957142857143,Subaru,Automatic 4-spd,4.0,2.5
8730,Midsize Station Wagons,Regular,4-Wheel or All-Wheel Drive,15.6957142857143,Subaru,Manual 5-spd,4.0,2.5
8731,Midsize Station Wagons,Premium,4-Wheel or All-Wheel Drive,16.4805,Subaru,Automatic 4-spd,6.0,3.0
8732,Midsize Station Wagons,Premium,Front-Wheel Drive,14.3308695652174,Volkswagen,Manual 5-spd,4.0,1.8
8733,Subcompact Cars,Regular,Front-Wheel Drive,13.1844,Nissan,Automatic 3-spd,4.0,1.6
8734,Midsize Station Wagons,Premium,Front-Wheel Drive,14.9822727272727,Volkswagen,Automatic (S5),4.0,1.8
8735,Midsize Station Wagons,Premium,Front-Wheel Drive,15.6957142857143,Volkswagen,Manual 5-spd,6.0,2.8
8736,Midsize Station Wagons,Premium,Front-Wheel Drive,16.4805,Volkswagen,Automatic (S5),6.0,2.8
8737,Midsize Station Wagons,Premium,4-Wheel or All-Wheel Drive,17.3478947368421,Volkswagen,Automatic (S5),6.0,2.8
8738,Midsize Station Wagons,Premium,Front-Wheel Drive,15.6957142857143,Volvo,Manual 5-spd,5.0,2.3
8739,Midsize Station Wagons,Premium,Front-Wheel Drive,16.4805,Volvo,Automatic (S5),5.0,2.3
8740,Midsize Station Wagons,Premium,Front-Wheel Drive,15.6957142857143,Volvo,Automatic 5-spd,5.0,2.4
8741,Midsize Station Wagons,Premium,Front-Wheel Drive,15.6957142857143,Volvo,Automatic 5-spd,5.0,2.4
8742,Midsize Station Wagons,Premium,Front-Wheel Drive,15.6957142857143,Volvo,Manual 5-spd,5.0,2.4
8743,Midsize Station Wagons,Premium,4-Wheel or All-Wheel Drive,16.4805,Volvo,Automatic (S5),5.0,2.4
8744,Subcompact Cars,Regular,Front-Wheel Drive,10.987,Nissan,Manual 5-spd,4.0,1.6
8745,Small Pickup Trucks 2WD,Regular,Rear-Wheel Drive,20.600625,Chevrolet,Manual 5-spd,6.0,4.3
8746,Small Pickup Trucks 2WD,Regular,Rear-Wheel Drive,19.3888235294118,Chevrolet,Automatic 4-spd,6.0,4.3
8747,Small Pickup Trucks 2WD,Regular,Rear-Wheel Drive,20.600625,GMC,Manual 5-spd,6.0,4.3
8748,Small Pickup Trucks 2WD,Regular,Rear-Wheel Drive,19.3888235294118,GMC,Automatic 4-spd,6.0,4.3
8749,Standard Pickup Trucks 2WD,Regular,Rear-Wheel Drive,20.600625,Chevrolet,Manual 5-spd,6.0,4.3
8750,Standard Pickup Trucks 2WD,Regular,Rear-Wheel Drive,21.974,Chevrolet,Automatic 4-spd,8.0,5.3
8751,Standard Pickup Trucks 2WD,Regular,Rear-Wheel Drive,20.600625,Chevrolet,Automatic 4-spd,6.0,4.3
8752,Standard Pickup Trucks 2WD,Regular,Rear-Wheel Drive,21.974,Chevrolet,Automatic 4-spd,8.0,4.8
8753,Standard Pickup Trucks 2WD,Regular,Rear-Wheel Drive,20.600625,Chevrolet,Manual 5-spd,8.0,4.8
8754,Standard Pickup Trucks 2WD,Regular,Rear-Wheel Drive,21.974,Chevrolet,Automatic 4-spd,8.0,5.3
8755,Subcompact Cars,Diesel,Front-Wheel Drive,9.554625,Nissan,Manual 4-spd,4.0,1.7
8756,Standard Pickup Trucks 2WD,Regular,Rear-Wheel Drive,17.3478947368421,Dodge,Manual 5-spd,4.0,2.5
8757,Standard Pickup Trucks 2WD,Regular,Rear-Wheel Drive,19.3888235294118,Dodge,Automatic 4-spd,6.0,3.9
8758,Standard Pickup Trucks 2WD,Regular,Rear-Wheel Drive,20.600625,Dodge,Manual 5-spd,6.0,3.9
8759,Standard Pickup Trucks 2WD,Regular,Rear-Wheel Drive,21.974,Dodge,Automatic 4-spd,8.0,4.7
8760,Standard Pickup Trucks 2WD,Regular,Rear-Wheel Drive,21.974,Dodge,Manual 5-spd,8.0,4.7
8761,Standard Pickup Trucks 2WD,Regular,Rear-Wheel Drive,25.3546153846154,Dodge,Automatic 4-spd,8.0,5.9
8762,Standard Pickup Trucks 2WD,Regular,Rear-Wheel Drive,21.974,Dodge,Automatic 4-spd,6.0,3.7
8763,Standard Pickup Trucks 2WD,Regular,Rear-Wheel Drive,20.600625,Dodge,Manual 5-spd,6.0,3.7
8764,Standard Pickup Trucks 2WD,Regular,Rear-Wheel Drive,21.974,Dodge,Automatic 4-spd,8.0,4.7
8765,Standard Pickup Trucks 2WD,Regular,Rear-Wheel Drive,23.5435714285714,Dodge,Manual 5-spd,8.0,4.7
8766,Subcompact Cars,Regular,Rear-Wheel Drive,15.6957142857143,Nissan,Manual 5-spd,4.0,1.8
8767,Standard Pickup Trucks 2WD,Regular,Rear-Wheel Drive,27.4675,Dodge,Automatic 4-spd,8.0,5.9
8768,Standard Pickup Trucks 2WD,Regular,Rear-Wheel Drive,20.600625,Ford,Automatic 5-spd,6.0,4.0
8769,Standard Pickup Trucks 2WD,Regular,Rear-Wheel Drive,19.3888235294118,Ford,Manual 5-spd,6.0,4.0
8770,Standard Pickup Trucks 2WD,Regular,Rear-Wheel Drive,19.3888235294118,Ford,Manual 5-spd,6.0,4.2
8771,Standard Pickup Trucks 2WD,Regular,Rear-Wheel Drive,20.600625,Ford,Automatic 4-spd,8.0,4.6
8772,Standard Pickup Trucks 2WD,Premium,Rear-Wheel Drive,27.4675,Ford,Automatic 4-spd,8.0,5.4
8773,Standard Pickup Trucks 2WD,Regular,Rear-Wheel Drive,20.600625,Ford,Automatic 4-spd,6.0,4.2
8774,Standard Pickup Trucks 2WD,Regular,Rear-Wheel Drive,21.974,Ford,Manual 5-spd,8.0,4.6
8775,Standard Pickup Trucks 2WD,Regular,Rear-Wheel Drive,21.974,Ford,Automatic 4-spd,8.0,5.4
8776,Standard Pickup Trucks 2WD,Regular,Rear-Wheel Drive,16.4805,Ford,Automatic 5-spd,4.0,2.3
8777,Subcompact Cars,Premium,Rear-Wheel Drive,18.3116666666667,Mitsubishi,Manual 5-spd,4.0,2.6
8778,Subcompact Cars,Regular,Rear-Wheel Drive,14.9822727272727,Nissan,Automatic 4-spd,4.0,2.0
8779,Standard Pickup Trucks 2WD,Regular,Rear-Wheel Drive,14.3308695652174,Ford,Manual 5-spd,4.0,2.3
8780,Standard Pickup Trucks 2WD,Regular,Rear-Wheel Drive,19.3888235294118,Ford,Automatic 5-spd,6.0,3.0
8781,Standard Pickup Trucks 2WD,Regular,Rear-Wheel Drive,18.3116666666667,Ford,Manual 5-spd,6.0,3.0
8782,Standard Pickup Trucks 2WD,Regular,Rear-Wheel Drive,19.3888235294118,Ford,Automatic 5-spd,6.0,4.0
8783,Standard Pickup Trucks 2WD,Regular,Rear-Wheel Drive,19.3888235294118,Ford,Manual 5-spd,6.0,4.0
8784,Standard Pickup Trucks 2WD,Regular,Rear-Wheel Drive,20.600625,GMC,Manual 5-spd,6.0,4.3
8785,Standard Pickup Trucks 2WD,Regular,Rear-Wheel Drive,21.974,GMC,Automatic 4-spd,8.0,5.3
8786,Standard Pickup Trucks 2WD,Regular,Rear-Wheel Drive,20.600625,GMC,Automatic 4-spd,6.0,4.3
8787,Standard Pickup Trucks 2WD,Regular,Rear-Wheel Drive,21.974,GMC,Automatic 4-spd,8.0,4.8
8788,Standard Pickup Trucks 2WD,Regular,Rear-Wheel Drive,20.600625,GMC,Manual 5-spd,8.0,4.8
8789,Subcompact Cars,Regular,Rear-Wheel Drive,15.6957142857143,Nissan,Manual 5-spd,4.0,2.0
8790,Standard Pickup Trucks 2WD,Regular,Rear-Wheel Drive,21.974,GMC,Automatic 4-spd,8.0,5.3
8791,Standard Pickup Trucks 2WD,Premium,Rear-Wheel Drive,25.3546153846154,Lincoln,Automatic 4-spd,8.0,5.4
8792,Standard Pickup Trucks 2WD,Regular,Rear-Wheel Drive,16.4805,Mazda,Automatic 5-spd,4.0,2.3
8793,Standard Pickup Trucks 2WD,Regular,Rear-Wheel Drive,14.3308695652174,Mazda,Manual 5-spd,4.0,2.3
8794,Standard Pickup Trucks 2WD,Regular,Rear-Wheel Drive,19.3888235294118,Mazda,Automatic 5-spd,6.0,3.0
8795,Standard Pickup Trucks 2WD,Regular,Rear-Wheel Drive,18.3116666666667,Mazda,Manual 5-spd,6.0,3.0
8796,Standard Pickup Trucks 2WD,Regular,Rear-Wheel Drive,19.3888235294118,Mazda,Automatic 5-spd,6.0,4.0
8797,Standard Pickup Trucks 2WD,Regular,Rear-Wheel Drive,19.3888235294118,Mazda,Manual 5-spd,6.0,4.0
8798,Standard Pickup Trucks 2WD,Regular,Rear-Wheel Drive,17.3478947368421,Nissan,Automatic 4-spd,4.0,2.4
8799,Standard Pickup Trucks 2WD,Regular,Rear-Wheel Drive,15.6957142857143,Nissan,Manual 5-spd,4.0,2.4
8800,Subcompact Cars,Regular,Rear-Wheel Drive,18.3116666666667,Nissan,Automatic 4-spd,6.0,3.0
8801,Standard Pickup Trucks 2WD,Regular,Rear-Wheel Drive,20.600625,Nissan,Automatic 4-spd,6.0,3.3
8802,Standard Pickup Trucks 2WD,Premium,Rear-Wheel Drive,21.974,Nissan,Automatic 4-spd,6.0,3.3
8803,Standard Pickup Trucks 2WD,Regular,Rear-Wheel Drive,20.600625,Nissan,Manual 5-spd,6.0,3.3
8804,Standard Pickup Trucks 2WD,Premium,Rear-Wheel Drive,21.974,Nissan,Manual 5-spd,6.0,3.3
8805,Standard Pickup Trucks 2WD,Regular,Rear-Wheel Drive,15.6957142857143,Toyota,Automatic 4-spd,4.0,2.4
8806,Standard Pickup Trucks 2WD,Regular,Rear-Wheel Drive,14.9822727272727,Toyota,Manual 5-spd,4.0,2.4
8807,Standard Pickup Trucks 2WD,Regular,Rear-Wheel Drive,18.3116666666667,Toyota,Automatic 4-spd,4.0,2.7
8808,Standard Pickup Trucks 2WD,Regular,Rear-Wheel Drive,20.600625,Toyota,Automatic 4-spd,6.0,3.4
8809,Standard Pickup Trucks 2WD,Regular,Rear-Wheel Drive,18.3116666666667,Toyota,Manual 5-spd,6.0,3.4
8810,Standard Pickup Trucks 2WD,Regular,Rear-Wheel Drive,20.600625,Toyota,Automatic 4-spd,6.0,3.4
8811,Subcompact Cars,Regular,Rear-Wheel Drive,17.3478947368421,Nissan,Manual 5-spd,6.0,3.0
8812,Standard Pickup Trucks 2WD,Regular,Rear-Wheel Drive,20.600625,Toyota,Manual 5-spd,6.0,3.4
8813,Standard Pickup Trucks 2WD,Regular,Rear-Wheel Drive,21.974,Toyota,Automatic 4-spd,8.0,4.7
8814,Standard Pickup Trucks 4WD,Regular,4-Wheel or All-Wheel Drive,23.5435714285714,Chevrolet,Automatic 4-spd,8.0,5.3
8815,Standard Pickup Trucks 4WD,Regular,4-Wheel or All-Wheel Drive,21.974,Chevrolet,Automatic 4-spd,6.0,4.3
8816,Standard Pickup Trucks 4WD,Regular,4-Wheel or All-Wheel Drive,23.5435714285714,Chevrolet,Manual 5-spd,6.0,4.3
8817,Standard Pickup Trucks 4WD,Regular,4-Wheel or All-Wheel Drive,23.5435714285714,Chevrolet,Automatic 4-spd,8.0,4.8
8818,Standard Pickup Trucks 4WD,Regular,4-Wheel or All-Wheel Drive,23.5435714285714,Chevrolet,Manual 5-spd,8.0,4.8
8819,Standard Pickup Trucks 4WD,Regular,4-Wheel or All-Wheel Drive,23.5435714285714,Chevrolet,Automatic 4-spd,8.0,5.3
8820,Standard Pickup Trucks 4WD,Regular,4-Wheel or All-Wheel Drive,21.974,Chevrolet,Automatic 4-spd,6.0,4.3
8821,Standard Pickup Trucks 4WD,Regular,4-Wheel or All-Wheel Drive,23.5435714285714,Chevrolet,Manual 5-spd,6.0,4.3
8822,Subcompact Cars,Regular,Front-Wheel Drive,10.987,Dodge,Manual 4-spd,4.0,1.6
8823,Standard Pickup Trucks 4WD,Regular,4-Wheel or All-Wheel Drive,23.5435714285714,Dodge,Automatic 4-spd,6.0,3.9
8824,Standard Pickup Trucks 4WD,Regular,4-Wheel or All-Wheel Drive,21.974,Dodge,Manual 5-spd,6.0,3.9
8825,Standard Pickup Trucks 4WD,Regular,4-Wheel or All-Wheel Drive,23.5435714285714,Dodge,Automatic 4-spd,8.0,4.7
8826,Standard Pickup Trucks 4WD,Regular,4-Wheel or All-Wheel Drive,23.5435714285714,Dodge,Manual 5-spd,8.0,4.7
8827,Standard Pickup Trucks 4WD,Regular,4-Wheel or All-Wheel Drive,27.4675,Dodge,Automatic 4-spd,8.0,5.9
8828,Standard Pickup Trucks 4WD,Regular,4-Wheel or All-Wheel Drive,25.3546153846154,Dodge,Automatic 4-spd,8.0,4.7
8829,Standard Pickup Trucks 4WD,Regular,4-Wheel or All-Wheel Drive,23.5435714285714,Dodge,Manual 5-spd,8.0,4.7
8830,Standard Pickup Trucks 4WD,Regular,4-Wheel or All-Wheel Drive,27.4675,Dodge,Automatic 4-spd,8.0,5.9
8831,Standard Pickup Trucks 4WD,Regular,4-Wheel or All-Wheel Drive,21.974,Ford,Automatic 5-spd,6.0,4.0
8832,Standard Pickup Trucks 4WD,Regular,4-Wheel or All-Wheel Drive,20.600625,Ford,Manual 5-spd,6.0,4.0
8833,Subcompact Cars,Regular,Front-Wheel Drive,12.2077777777778,Dodge,Manual 4-spd,4.0,1.6
8834,Standard Pickup Trucks 4WD,Regular,4-Wheel or All-Wheel Drive,23.5435714285714,Ford,Automatic 4-spd,8.0,4.6
8835,Standard Pickup Trucks 4WD,Regular,4-Wheel or All-Wheel Drive,21.974,Ford,Automatic 4-spd,6.0,4.2
8836,Standard Pickup Trucks 4WD,Regular,4-Wheel or All-Wheel Drive,21.974,Ford,Manual 5-spd,6.0,4.2
8837,Standard Pickup Trucks 4WD,Regular,4-Wheel or All-Wheel Drive,23.5435714285714,Ford,Manual 5-spd,8.0,4.6
8838,Standard Pickup Trucks 4WD,Regular,4-Wheel or All-Wheel Drive,23.5435714285714,Ford,Automatic 4-spd,8.0,5.4
8839,Standard Pickup Trucks 4WD,Regular,4-Wheel or All-Wheel Drive,21.974,Ford,Automatic 5-spd,6.0,4.0
8840,Standard Pickup Trucks 4WD,Regular,4-Wheel or All-Wheel Drive,20.600625,Ford,Automatic 5-spd,6.0,3.0
8841,Standard Pickup Trucks 4WD,Regular,4-Wheel or All-Wheel Drive,19.3888235294118,Ford,Manual 5-spd,6.0,3.0
8842,Standard Pickup Trucks 4WD,Regular,4-Wheel or All-Wheel Drive,21.974,Ford,Manual 5-spd,6.0,4.0
8843,Standard Pickup Trucks 4WD,Regular,4-Wheel or All-Wheel Drive,23.5435714285714,GMC,Automatic 4-spd,8.0,5.3
8844,Subcompact Cars,Regular,Front-Wheel Drive,13.73375,Dodge,Automatic 3-spd,4.0,2.2
8845,Standard Pickup Trucks 4WD,Regular,4-Wheel or All-Wheel Drive,21.974,GMC,Automatic 4-spd,6.0,4.3
8846,Standard Pickup Trucks 4WD,Regular,4-Wheel or All-Wheel Drive,23.5435714285714,GMC,Manual 5-spd,6.0,4.3
8847,Standard Pickup Trucks 4WD,Regular,4-Wheel or All-Wheel Drive,23.5435714285714,GMC,Automatic 4-spd,8.0,4.8
8848,Standard Pickup Trucks 4WD,Regular,4-Wheel or All-Wheel Drive,23.5435714285714,GMC,Manual 5-spd,8.0,4.8
8849,Standard Pickup Trucks 4WD,Regular,4-Wheel or All-Wheel Drive,23.5435714285714,GMC,Automatic 4-spd,8.0,5.3
8850,Standard Pickup Trucks 4WD,Regular,4-Wheel or All-Wheel Drive,27.4675,GMC,Automatic 4-spd,8.0,6.0
8851,Standard Pickup Trucks 4WD,Regular,4-Wheel or All-Wheel Drive,21.974,GMC,Automatic 4-spd,6.0,4.3
8852,Standard Pickup Trucks 4WD,Regular,4-Wheel or All-Wheel Drive,23.5435714285714,GMC,Manual 5-spd,6.0,4.3
8853,Standard Pickup Trucks 4WD,Regular,4-Wheel or All-Wheel Drive,20.600625,Mazda,Automatic 5-spd,6.0,3.0
8854,Standard Pickup Trucks 4WD,Regular,4-Wheel or All-Wheel Drive,19.3888235294118,Mazda,Manual 5-spd,6.0,3.0
8855,Subcompact Cars,Regular,Front-Wheel Drive,12.6773076923077,Dodge,Manual 5-spd,4.0,2.2
8856,Standard Pickup Trucks 4WD,Regular,4-Wheel or All-Wheel Drive,21.974,Mazda,Automatic 5-spd,6.0,4.0
8857,Standard Pickup Trucks 4WD,Regular,4-Wheel or All-Wheel Drive,21.974,Mazda,Manual 5-spd,6.0,4.0
8858,Standard Pickup Trucks 4WD,Regular,4-Wheel or All-Wheel Drive,21.974,Nissan,Automatic 4-spd,6.0,3.3
8859,Standard Pickup Trucks 4WD,Premium,4-Wheel or All-Wheel Drive,21.974,Nissan,Automatic 4-spd,6.0,3.3
8860,Standard Pickup Trucks 4WD,Regular,4-Wheel or All-Wheel Drive,20.600625,Nissan,Manual 5-spd,6.0,3.3
8861,Standard Pickup Trucks 4WD,Premium,4-Wheel or All-Wheel Drive,21.974,Nissan,Manual 5-spd,6.0,3.3
8862,Standard Pickup Trucks 4WD,Regular,4-Wheel or All-Wheel Drive,18.3116666666667,Toyota,Automatic 4-spd,4.0,2.7
8863,Standard Pickup Trucks 4WD,Regular,4-Wheel or All-Wheel Drive,19.3888235294118,Toyota,Manual 5-spd,4.0,2.7
8864,Standard Pickup Trucks 4WD,Regular,4-Wheel or All-Wheel Drive,20.600625,Toyota,Automatic 4-spd,6.0,3.4
8865,Standard Pickup Trucks 4WD,Regular,4-Wheel or All-Wheel Drive,20.600625,Toyota,Manual 5-spd,6.0,3.4
8866,Subcompact Cars,Premium,Front-Wheel Drive,14.9822727272727,Dodge,Manual 5-spd,4.0,2.2
8867,Standard Pickup Trucks 4WD,Regular,4-Wheel or All-Wheel Drive,21.974,Toyota,Automatic 4-spd,6.0,3.4
8868,Standard Pickup Trucks 4WD,Regular,4-Wheel or All-Wheel Drive,21.974,Toyota,Manual 5-spd,6.0,3.4
8869,Standard Pickup Trucks 4WD,Regular,4-Wheel or All-Wheel Drive,23.5435714285714,Toyota,Automatic 4-spd,8.0,4.7
8870,"Vans, Cargo Type",Regular,Rear-Wheel Drive,19.3888235294118,Chevrolet,Automatic 4-spd,6.0,4.3
8871,"Vans, Cargo Type",Regular,4-Wheel or All-Wheel Drive,21.974,Chevrolet,Automatic 4-spd,6.0,4.3
8872,"Vans, Cargo Type",Regular,Rear-Wheel Drive,21.974,Chevrolet,Automatic 4-spd,6.0,4.3
8873,"Vans, Cargo Type",Regular,Rear-Wheel Drive,21.974,Chevrolet,Automatic 4-spd,8.0,5.0
8874,"Vans, Cargo Type",Regular,Rear-Wheel Drive,23.5435714285714,Chevrolet,Automatic 4-spd,8.0,5.7
8875,"Vans, Cargo Type",Regular,Rear-Wheel Drive,23.5435714285714,Dodge,Automatic 3-spd,6.0,3.9
8876,"Vans, Cargo Type",Regular,Rear-Wheel Drive,25.3546153846154,Dodge,Automatic 4-spd,8.0,5.9
8877,Subcompact Cars,Premium,Front-Wheel Drive,16.4805,Dodge,Manual 5-spd,4.0,2.2
8878,"Vans, Cargo Type",Regular,Rear-Wheel Drive,23.5435714285714,Dodge,Automatic 3-spd,6.0,3.9
8879,"Vans, Cargo Type",Regular,Rear-Wheel Drive,25.3546153846154,Dodge,Automatic 4-spd,8.0,5.9
8880,"Vans, Cargo Type",Regular,Rear-Wheel Drive,20.600625,Ford,Automatic 4-spd,8.0,4.6
8881,"Vans, Cargo Type",Regular,Rear-Wheel Drive,23.5435714285714,Ford,Automatic 4-spd,6.0,4.2
8882,"Vans, Cargo Type",Regular,Rear-Wheel Drive,21.974,Ford,Automatic 4-spd,8.0,5.4
8883,"Vans, Cargo Type",Regular,Rear-Wheel Drive,23.5435714285714,Ford,Automatic 4-spd,6.0,4.2
8884,"Vans, Cargo Type",Regular,Rear-Wheel Drive,25.3546153846154,Ford,Automatic 4-spd,8.0,5.4
8885,"Vans, Cargo Type",Regular,Rear-Wheel Drive,21.974,GMC,Automatic 4-spd,6.0,4.3
8886,"Vans, Cargo Type",Regular,Rear-Wheel Drive,21.974,GMC,Automatic 4-spd,8.0,5.0
8887,"Vans, Cargo Type",Regular,Rear-Wheel Drive,23.5435714285714,GMC,Automatic 4-spd,8.0,5.7
8888,Two Seaters,Regular,Front-Wheel Drive,7.6653488372093,Honda,Manual 5-spd,4.0,1.5
8889,Subcompact Cars,Premium,Rear-Wheel Drive,18.3116666666667,Mitsubishi,Manual 5-spd,4.0,2.6
8890,Subcompact Cars,Regular,Front-Wheel Drive,12.2077777777778,Dodge,Automatic 3-spd,4.0,1.5
8891,"Vans, Cargo Type",Regular,Rear-Wheel Drive,19.3888235294118,GMC,Automatic 4-spd,6.0,4.3
8892,"Vans, Cargo Type",Regular,4-Wheel or All-Wheel Drive,21.974,GMC,Automatic 4-spd,6.0,4.3
8893,"Vans, Passenger Type",Regular,Rear-Wheel Drive,20.600625,Chevrolet,Automatic 4-spd,6.0,4.3
8894,"Vans, Passenger Type",Regular,4-Wheel or All-Wheel Drive,21.974,Chevrolet,Automatic 4-spd,6.0,4.3
8895,"Vans, Passenger Type",Regular,Rear-Wheel Drive,23.5435714285714,Chevrolet,Automatic 4-spd,6.0,4.3
8896,"Vans, Passenger Type",Regular,Rear-Wheel Drive,21.974,Chevrolet,Automatic 4-spd,8.0,5.0
8897,"Vans, Passenger Type",Regular,Rear-Wheel Drive,23.5435714285714,Chevrolet,Automatic 4-spd,8.0,5.7
8898,"Vans, Passenger Type",Regular,Rear-Wheel Drive,23.5435714285714,Dodge,Automatic 3-spd,6.0,3.9
8899,"Vans, Passenger Type",Regular,Rear-Wheel Drive,27.4675,Dodge,Automatic 4-spd,8.0,5.9
8900,"Vans, Passenger Type",Regular,Rear-Wheel Drive,23.5435714285714,Ford,Automatic 4-spd,6.0,4.2
8901,Subcompact Cars,Regular,Front-Wheel Drive,9.98818181818182,Dodge,Manual 4-spd,4.0,1.5
8902,"Vans, Passenger Type",Regular,Rear-Wheel Drive,23.5435714285714,Ford,Automatic 4-spd,8.0,4.6
8903,"Vans, Passenger Type",Regular,Rear-Wheel Drive,25.3546153846154,Ford,Automatic 4-spd,8.0,5.4
8904,"Vans, Passenger Type",Regular,Rear-Wheel Drive,23.5435714285714,GMC,Automatic 4-spd,6.0,4.3
8905,"Vans, Passenger Type",Regular,Rear-Wheel Drive,21.974,GMC,Automatic 4-spd,8.0,5.0
8906,"Vans, Passenger Type",Regular,Rear-Wheel Drive,23.5435714285714,GMC,Automatic 4-spd,8.0,5.7
8907,"Vans, Passenger Type",Regular,Rear-Wheel Drive,20.600625,GMC,Automatic 4-spd,6.0,4.3
8908,"Vans, Passenger Type",Regular,4-Wheel or All-Wheel Drive,21.974,GMC,Automatic 4-spd,6.0,4.3
8909,Minivan - 2WD,Regular,Front-Wheel Drive,20.600625,Volkswagen,Automatic 4-spd,6.0,2.8
8910,Minivan - 2WD,Regular,Front-Wheel Drive,16.4805,Chevrolet,Automatic 4-spd,6.0,3.4
8911,Minivan - 2WD,Regular,Front-Wheel Drive,17.3478947368421,Chrysler,Automatic 3-spd,4.0,2.4
8912,Subcompact Cars,Regular,Front-Wheel Drive,10.6325806451613,Dodge,Manual 5-spd,4.0,1.5
8913,Minivan - 2WD,Regular,Front-Wheel Drive,16.4805,Chrysler,Automatic 4-spd,4.0,2.4
8914,Minivan - 2WD,Regular,Front-Wheel Drive,18.3116666666667,Chrysler,Automatic 4-spd,6.0,3.8
8915,Minivan - 2WD,Regular,Front-Wheel Drive,17.3478947368421,Dodge,Automatic 3-spd,4.0,2.4
8916,Minivan - 2WD,Regular,Front-Wheel Drive,16.4805,Dodge,Automatic 4-spd,4.0,2.4
8917,Minivan - 2WD,Regular,Front-Wheel Drive,18.3116666666667,Dodge,Automatic 4-spd,6.0,3.8
8918,Minivan - 2WD,Regular,Front-Wheel Drive,18.3116666666667,Dodge,Automatic (S4),6.0,3.8
8919,Minivan - 2WD,Regular,Front-Wheel Drive,18.3116666666667,Ford,Automatic 4-spd,6.0,3.8
8920,Minivan - 2WD,Regular,Front-Wheel Drive,18.3116666666667,Ford,Automatic 4-spd,6.0,3.8
8921,Minivan - 2WD,Regular,Front-Wheel Drive,17.3478947368421,Honda,Automatic 5-spd,6.0,3.5
8922,Minivan - 2WD,Regular,Front-Wheel Drive,20.600625,Kia,Automatic 5-spd,6.0,3.5
8923,Subcompact Cars,Premium,Front-Wheel Drive,14.9822727272727,Dodge,Automatic 3-spd,4.0,1.6
8924,Minivan - 2WD,Regular,Front-Wheel Drive,18.3116666666667,Mazda,Automatic 5-spd,6.0,3.0
8925,Minivan - 2WD,Regular,Front-Wheel Drive,19.3888235294118,Mercury,Automatic 4-spd,6.0,3.3
8926,Minivan - 2WD,Regular,Front-Wheel Drive,19.3888235294118,Nissan,Automatic 4-spd,6.0,3.3
8927,Minivan - 2WD,Regular,Front-Wheel Drive,16.4805,Oldsmobile,Automatic 4-spd,6.0,3.4
8928,Minivan - 2WD,Regular,Front-Wheel Drive,16.4805,Pontiac,Automatic 4-spd,6.0,3.4
8929,Minivan - 2WD,Regular,Front-Wheel Drive,17.3478947368421,Toyota,Automatic 4-spd,6.0,3.0
8930,Minivan - 2WD,Regular,Front-Wheel Drive,20.600625,Volkswagen,Automatic 4-spd,6.0,2.8
8931,Minivan - 4WD,Regular,4-Wheel or All-Wheel Drive,18.3116666666667,Chevrolet,Automatic 4-spd,6.0,3.4
8932,Minivan - 4WD,Regular,4-Wheel or All-Wheel Drive,19.3888235294118,Chrysler,Automatic 4-spd,6.0,3.8
8933,Minivan - 4WD,Regular,4-Wheel or All-Wheel Drive,18.3116666666667,Dodge,Automatic 4-spd,6.0,3.8
8934,Subcompact Cars,Premium,Front-Wheel Drive,13.73375,Dodge,Manual 5-spd,4.0,1.6
8935,Minivan - 4WD,Regular,4-Wheel or All-Wheel Drive,19.3888235294118,Dodge,Automatic (S4),6.0,3.8
8936,Minivan - 4WD,Regular,4-Wheel or All-Wheel Drive,18.3116666666667,Oldsmobile,Automatic 4-spd,6.0,3.4
8937,Minivan - 4WD,Regular,4-Wheel or All-Wheel Drive,18.3116666666667,Pontiac,Automatic 4-spd,6.0,3.4
8938,Sport Utility Vehicle - 2WD,Regular,Front-Wheel Drive,16.4805,Buick,Automatic 4-spd,6.0,3.4
8939,Sport Utility Vehicle - 2WD,Regular,Rear-Wheel Drive,23.5435714285714,Cadillac,Automatic 4-spd,8.0,5.3
8940,Sport Utility Vehicle - 2WD,Regular,Rear-Wheel Drive,20.600625,Chevrolet,Manual 5-spd,6.0,4.3
8941,Sport Utility Vehicle - 2WD,Regular,Rear-Wheel Drive,19.3888235294118,Chevrolet,Automatic 4-spd,6.0,4.3
8942,Sport Utility Vehicle - 2WD,Regular,Rear-Wheel Drive,23.5435714285714,Chevrolet,Automatic 4-spd,8.0,5.3
8943,Sport Utility Vehicle - 2WD,Regular,Rear-Wheel Drive,23.5435714285714,Chevrolet,Automatic 4-spd,8.0,5.3
8944,Sport Utility Vehicle - 2WD,Regular,Rear-Wheel Drive,21.974,Chevrolet,Automatic 4-spd,8.0,4.8
8945,Subcompact Cars,Premium,Rear-Wheel Drive,17.3478947368421,Dodge,Automatic 4-spd,4.0,2.6
8946,Sport Utility Vehicle - 2WD,Regular,Rear-Wheel Drive,23.5435714285714,Chevrolet,Automatic 4-spd,8.0,5.3
8947,Sport Utility Vehicle - 2WD,Regular,Rear-Wheel Drive,14.9822727272727,Chevrolet,Automatic 4-spd,4.0,2.0
8948,Sport Utility Vehicle - 2WD,Regular,Rear-Wheel Drive,14.9822727272727,Chevrolet,Manual 5-spd,4.0,2.0
8949,Sport Utility Vehicle - 2WD,Regular,Rear-Wheel Drive,14.9822727272727,Chevrolet,Automatic 4-spd,4.0,2.0
8950,Sport Utility Vehicle - 2WD,Regular,Rear-Wheel Drive,14.9822727272727,Chevrolet,Manual 5-spd,4.0,2.0
8951,Sport Utility Vehicle - 2WD,Regular,Rear-Wheel Drive,18.3116666666667,Chevrolet,Automatic 4-spd,6.0,2.5
8952,Sport Utility Vehicle - 2WD,Regular,Rear-Wheel Drive,20.600625,Chevrolet,Automatic 4-spd,6.0,4.2
8953,Sport Utility Vehicle - 2WD,Regular,Rear-Wheel Drive,20.600625,Chevrolet,Automatic 4-spd,6.0,4.2
8954,Sport Utility Vehicle - 2WD,Regular,Front-Wheel Drive,16.4805,Chrysler,Automatic 4-spd,4.0,2.4
8955,Sport Utility Vehicle - 2WD,Regular,Front-Wheel Drive,14.9822727272727,Chrysler,Manual 5-spd,4.0,2.4
8956,Subcompact Cars,Premium,Rear-Wheel Drive,18.3116666666667,Dodge,Manual 5-spd,4.0,2.6
8957,Sport Utility Vehicle - 2WD,Regular,Rear-Wheel Drive,21.974,Dodge,Automatic 4-spd,8.0,4.7
8958,Sport Utility Vehicle - 2WD,Regular,Rear-Wheel Drive,23.5435714285714,Dodge,Automatic 5-spd,8.0,4.7
8959,Sport Utility Vehicle - 2WD,Regular,Rear-Wheel Drive,25.3546153846154,Dodge,Automatic 4-spd,8.0,5.9
8960,Sport Utility Vehicle - 2WD,Regular,Front-Wheel Drive,14.9822727272727,Ford,Manual 5-spd,4.0,2.0
8961,Sport Utility Vehicle - 2WD,Regular,Front-Wheel Drive,17.3478947368421,Ford,Automatic 4-spd,6.0,3.0
8962,Sport Utility Vehicle - 2WD,Regular,Rear-Wheel Drive,20.600625,Ford,Automatic 4-spd,8.0,4.6
8963,Sport Utility Vehicle - 2WD,Regular,Rear-Wheel Drive,25.3546153846154,Ford,Automatic 4-spd,8.0,5.4
8964,Sport Utility Vehicle - 2WD,Regular,Rear-Wheel Drive,20.600625,Ford,Automatic 5-spd,6.0,4.0
8965,Sport Utility Vehicle - 2WD,Regular,Rear-Wheel Drive,19.3888235294118,Ford,Manual 5-spd,6.0,4.0
8966,Sport Utility Vehicle - 2WD,Regular,Rear-Wheel Drive,21.974,Ford,Automatic 5-spd,8.0,4.6
8967,Subcompact Cars,Regular,Front-Wheel Drive,14.9822727272727,Dodge,Automatic 3-spd,4.0,2.2
8968,Sport Utility Vehicle - 2WD,Regular,Rear-Wheel Drive,19.3888235294118,Ford,Automatic 5-spd,6.0,4.0
8969,Sport Utility Vehicle - 2WD,Regular,Rear-Wheel Drive,19.3888235294118,Ford,Manual 5-spd,6.0,4.0
8970,Sport Utility Vehicle - 2WD,Regular,Rear-Wheel Drive,21.974,GMC,Automatic 4-spd,8.0,4.8
8971,Sport Utility Vehicle - 2WD,Regular,Rear-Wheel Drive,23.5435714285714,GMC,Automatic 4-spd,8.0,5.3
8972,Sport Utility Vehicle - 2WD,Regular,Rear-Wheel Drive,23.5435714285714,GMC,Automatic 4-spd,8.0,5.3
8973,Sport Utility Vehicle - 2WD,Regular,Rear-Wheel Drive,20.600625,GMC,Automatic 4-spd,6.0,4.2
8974,Sport Utility Vehicle - 2WD,Regular,Rear-Wheel Drive,20.600625,GMC,Automatic 4-spd,6.0,4.2
8975,Sport Utility Vehicle - 2WD,Regular,Rear-Wheel Drive,20.600625,GMC,Manual 5-spd,6.0,4.3
8976,Sport Utility Vehicle - 2WD,Regular,Rear-Wheel Drive,19.3888235294118,GMC,Automatic 4-spd,6.0,4.3
8977,Sport Utility Vehicle - 2WD,Regular,Front-Wheel Drive,14.3308695652174,Honda,Automatic 4-spd,4.0,2.4
8978,Subcompact Cars,Premium,Front-Wheel Drive,17.3478947368421,Dodge,Automatic 3-spd,4.0,2.2
8979,Sport Utility Vehicle - 2WD,Regular,Rear-Wheel Drive,19.3888235294118,Honda,Automatic 4-spd,6.0,3.2
8980,Sport Utility Vehicle - 2WD,Regular,Rear-Wheel Drive,19.3888235294118,Honda,Manual 5-spd,6.0,3.2
8981,Sport Utility Vehicle - 2WD,Regular,Front-Wheel Drive,16.4805,Hyundai,Automatic 4-spd,4.0,2.4
8982,Sport Utility Vehicle - 2WD,Regular,Front-Wheel Drive,16.4805,Hyundai,Manual 5-spd,4.0,2.4
8983,Sport Utility Vehicle - 2WD,Regular,Front-Wheel Drive,17.3478947368421,Hyundai,Automatic 4-spd,6.0,2.7
8984,Sport Utility Vehicle - 2WD,Regular,Rear-Wheel Drive,21.974,Infiniti,Automatic 4-spd,6.0,3.5
8985,Sport Utility Vehicle - 2WD,Regular,Rear-Wheel Drive,20.600625,Isuzu,Automatic 4-spd,6.0,3.5
8986,Sport Utility Vehicle - 2WD,Regular,Rear-Wheel Drive,19.3888235294118,Isuzu,Automatic 4-spd,6.0,3.2
8987,Sport Utility Vehicle - 2WD,Regular,Rear-Wheel Drive,19.3888235294118,Isuzu,Manual 5-spd,6.0,3.2
8988,Sport Utility Vehicle - 2WD,Regular,Rear-Wheel Drive,19.3888235294118,Isuzu,Automatic 4-spd,4.0,2.2
8989,Subcompact Cars,Regular,Front-Wheel Drive,12.6773076923077,Dodge,Manual 5-spd,4.0,2.2
8990,Sport Utility Vehicle - 2WD,Regular,Rear-Wheel Drive,18.3116666666667,Isuzu,Manual 5-spd,4.0,2.2
8991,Sport Utility Vehicle - 2WD,Regular,Rear-Wheel Drive,19.3888235294118,Isuzu,Automatic 4-spd,6.0,3.2
8992,Sport Utility Vehicle - 2WD,Regular,Rear-Wheel Drive,19.3888235294118,Isuzu,Automatic 4-spd,4.0,2.2
8993,Sport Utility Vehicle - 2WD,Regular,Rear-Wheel Drive,18.3116666666667,Isuzu,Manual 5-spd,4.0,2.2
8994,Sport Utility Vehicle - 2WD,Regular,Rear-Wheel Drive,21.974,Isuzu,Automatic 4-spd,6.0,3.5
8995,Sport Utility Vehicle - 2WD,Regular,Rear-Wheel Drive,20.600625,Jeep,Automatic 4-spd,6.0,4.0
8996,Sport Utility Vehicle - 2WD,Regular,Rear-Wheel Drive,21.974,Jeep,Automatic 5-spd,8.0,4.7
8997,Sport Utility Vehicle - 2WD,Regular,Rear-Wheel Drive,20.600625,Jeep,Automatic 4-spd,6.0,3.7
8998,Sport Utility Vehicle - 2WD,Regular,Rear-Wheel Drive,19.3888235294118,Jeep,Manual 5-spd,6.0,3.7
8999,Sport Utility Vehicle - 2WD,Regular,Rear-Wheel Drive,18.3116666666667,Kia,Automatic 4-spd,4.0,2.0
9000,Subcompact Cars,Premium,Rear-Wheel Drive,17.3478947368421,Mitsubishi,Manual 5-spd,4.0,2.6
9001,Subcompact Cars,Premium,Front-Wheel Drive,16.4805,Dodge,Manual 5-spd,4.0,2.2
9002,Sport Utility Vehicle - 2WD,Regular,Rear-Wheel Drive,17.3478947368421,Kia,Manual 5-spd,4.0,2.0
9003,Sport Utility Vehicle - 2WD,Premium,Rear-Wheel Drive,25.3546153846154,Lincoln,Automatic 4-spd,8.0,5.4
9004,Sport Utility Vehicle - 2WD,Regular,Front-Wheel Drive,14.9822727272727,Mazda,Manual 5-spd,4.0,2.0
9005,Sport Utility Vehicle - 2WD,Regular,Front-Wheel Drive,17.3478947368421,Mazda,Automatic 4-spd,6.0,3.0
9006,Sport Utility Vehicle - 2WD,Regular,Rear-Wheel Drive,20.600625,Mercury,Automatic 5-spd,6.0,4.0
9007,Sport Utility Vehicle - 2WD,Regular,Rear-Wheel Drive,21.974,Mercury,Automatic 5-spd,8.0,4.6
9008,Sport Utility Vehicle - 2WD,Regular,Rear-Wheel Drive,18.3116666666667,Mitsubishi,Automatic 4-spd,6.0,3.0
9009,Sport Utility Vehicle - 2WD,Regular,Rear-Wheel Drive,19.3888235294118,Mitsubishi,Automatic 4-spd,6.0,3.5
9010,Sport Utility Vehicle - 2WD,Regular,Rear-Wheel Drive,18.3116666666667,Mitsubishi,Automatic 4-spd,4.0,2.4
9011,Sport Utility Vehicle - 2WD,Regular,Rear-Wheel Drive,16.4805,Mitsubishi,Manual 5-spd,4.0,2.4
9012,Subcompact Cars,Regular,Front-Wheel Drive,15.6957142857143,Dodge,Automatic 3-spd,4.0,2.5
9013,Sport Utility Vehicle - 2WD,Regular,Rear-Wheel Drive,18.3116666666667,Mitsubishi,Automatic 4-spd,6.0,3.0
9014,Sport Utility Vehicle - 2WD,Regular,Rear-Wheel Drive,20.600625,Nissan,Automatic 4-spd,6.0,3.3
9015,Sport Utility Vehicle - 2WD,Regular,Rear-Wheel Drive,20.600625,Nissan,Automatic 4-spd,6.0,3.5
9016,Sport Utility Vehicle - 2WD,Regular,Rear-Wheel Drive,20.600625,Nissan,Manual 5-spd,6.0,3.5
9017,Sport Utility Vehicle - 2WD,Regular,Rear-Wheel Drive,17.3478947368421,Nissan,Manual 5-spd,4.0,2.4
9018,Sport Utility Vehicle - 2WD,Regular,Rear-Wheel Drive,20.600625,Nissan,Automatic 4-spd,6.0,3.3
9019,Sport Utility Vehicle - 2WD,Premium,Rear-Wheel Drive,21.974,Nissan,Automatic 4-spd,6.0,3.3
9020,Sport Utility Vehicle - 2WD,Regular,Rear-Wheel Drive,20.600625,Nissan,Manual 5-spd,6.0,3.3
9021,Sport Utility Vehicle - 2WD,Premium,Rear-Wheel Drive,21.974,Nissan,Manual 5-spd,6.0,3.3
9022,Sport Utility Vehicle - 2WD,Regular,Rear-Wheel Drive,20.600625,Oldsmobile,Automatic 4-spd,6.0,4.2
9023,Subcompact Cars,Regular,Front-Wheel Drive,13.73375,Dodge,Manual 5-spd,4.0,2.5
9024,Sport Utility Vehicle - 2WD,Regular,Front-Wheel Drive,16.4805,Pontiac,Automatic 4-spd,6.0,3.4
9025,Sport Utility Vehicle - 2WD,Regular,Front-Wheel Drive,14.9822727272727,Saturn,Automatic (variable gear ratios),4.0,2.2
9026,Sport Utility Vehicle - 2WD,Regular,Front-Wheel Drive,14.9822727272727,Saturn,Manual 5-spd,4.0,2.2
9027,Sport Utility Vehicle - 2WD,Regular,Rear-Wheel Drive,18.3116666666667,Suzuki,Automatic 4-spd,6.0,2.5
9028,Sport Utility Vehicle - 2WD,Regular,Rear-Wheel Drive,18.3116666666667,Suzuki,Manual 5-spd,6.0,2.5
9029,Sport Utility Vehicle - 2WD,Regular,Rear-Wheel Drive,19.3888235294118,Suzuki,Automatic 4-spd,6.0,2.7
9030,Sport Utility Vehicle - 2WD,Regular,Rear-Wheel Drive,19.3888235294118,Suzuki,Manual 5-spd,6.0,2.7
9031,Sport Utility Vehicle - 2WD,Regular,Rear-Wheel Drive,15.6957142857143,Suzuki,Automatic 4-spd,4.0,2.0
9032,Sport Utility Vehicle - 2WD,Regular,Rear-Wheel Drive,14.9822727272727,Suzuki,Manual 5-spd,4.0,2.0
9033,Sport Utility Vehicle - 2WD,Regular,Rear-Wheel Drive,15.6957142857143,Suzuki,Automatic 4-spd,4.0,2.0
9034,Subcompact Cars,Regular,Front-Wheel Drive,14.9822727272727,Dodge,Automatic 3-spd,4.0,2.2
9035,Sport Utility Vehicle - 2WD,Regular,Rear-Wheel Drive,15.6957142857143,Suzuki,Manual 5-spd,4.0,2.0
9036,Sport Utility Vehicle - 2WD,Regular,Rear-Wheel Drive,20.600625,Toyota,Automatic 4-spd,6.0,3.4
9037,Sport Utility Vehicle - 2WD,Regular,Front-Wheel Drive,14.9822727272727,Toyota,Automatic 4-spd,4.0,2.4
9038,Sport Utility Vehicle - 2WD,Regular,Front-Wheel Drive,18.3116666666667,Toyota,Automatic 4-spd,6.0,3.0
9039,Sport Utility Vehicle - 2WD,Regular,Front-Wheel Drive,14.3308695652174,Toyota,Automatic 4-spd,4.0,2.0
9040,Sport Utility Vehicle - 2WD,Regular,Front-Wheel Drive,13.73375,Toyota,Manual 5-spd,4.0,2.0
9041,Sport Utility Vehicle - 2WD,Regular,Rear-Wheel Drive,23.5435714285714,Toyota,Automatic 4-spd,8.0,4.7
9042,Sport Utility Vehicle - 4WD,Premium,4-Wheel or All-Wheel Drive,19.3888235294118,Acura,Automatic 5-spd,6.0,3.5
9043,Sport Utility Vehicle - 4WD,Premium,4-Wheel or All-Wheel Drive,20.600625,Audi,Automatic 5-spd,6.0,2.7
9044,Sport Utility Vehicle - 4WD,Premium,4-Wheel or All-Wheel Drive,20.600625,Audi,Manual 6-spd,6.0,2.7
9045,Subcompact Cars,Premium,Front-Wheel Drive,17.3478947368421,Dodge,Automatic 3-spd,4.0,2.2
9046,Sport Utility Vehicle - 4WD,Premium,4-Wheel or All-Wheel Drive,20.600625,BMW,Manual 5-spd,6.0,3.0
9047,Sport Utility Vehicle - 4WD,Premium,4-Wheel or All-Wheel Drive,20.600625,BMW,Automatic (S5),6.0,3.0
9048,Sport Utility Vehicle - 4WD,Premium,4-Wheel or All-Wheel Drive,23.5435714285714,BMW,Automatic 5-spd,8.0,4.4
9049,Sport Utility Vehicle - 4WD,Premium,4-Wheel or All-Wheel Drive,25.3546153846154,BMW,Automatic (S5),8.0,4.6
9050,Sport Utility Vehicle - 4WD,Regular,4-Wheel or All-Wheel Drive,18.3116666666667,Buick,Automatic 4-spd,6.0,3.4
9051,Sport Utility Vehicle - 4WD,Regular,4-Wheel or All-Wheel Drive,27.4675,Cadillac,Automatic 4-spd,8.0,6.0
9052,Sport Utility Vehicle - 4WD,Regular,4-Wheel or All-Wheel Drive,27.4675,Cadillac,Automatic 4-spd,8.0,6.0
9053,Sport Utility Vehicle - 4WD,Regular,4-Wheel or All-Wheel Drive,21.974,Chevrolet,Automatic 4-spd,6.0,4.3
9054,Sport Utility Vehicle - 4WD,Regular,4-Wheel or All-Wheel Drive,23.5435714285714,Chevrolet,Manual 5-spd,6.0,4.3
9055,Sport Utility Vehicle - 4WD,Regular,4-Wheel or All-Wheel Drive,25.3546153846154,Chevrolet,Automatic 4-spd,8.0,5.3
9056,Subcompact Cars,Premium,Front-Wheel Drive,15.6957142857143,Dodge,Manual 5-spd,4.0,2.2
9057,Sport Utility Vehicle - 4WD,Regular,4-Wheel or All-Wheel Drive,25.3546153846154,Chevrolet,Automatic 4-spd,8.0,5.3
9058,Sport Utility Vehicle - 4WD,Regular,4-Wheel or All-Wheel Drive,23.5435714285714,Chevrolet,Automatic 4-spd,8.0,4.8
9059,Sport Utility Vehicle - 4WD,Regular,4-Wheel or All-Wheel Drive,23.5435714285714,Chevrolet,Automatic 4-spd,8.0,5.3
9060,Sport Utility Vehicle - 4WD,Regular,4-Wheel or All-Wheel Drive,15.6957142857143,Chevrolet,Automatic 4-spd,4.0,2.0
9061,Sport Utility Vehicle - 4WD,Regular,4-Wheel or All-Wheel Drive,15.6957142857143,Chevrolet,Manual 5-spd,4.0,2.0
9062,Sport Utility Vehicle - 4WD,Regular,4-Wheel or All-Wheel Drive,15.6957142857143,Chevrolet,Automatic 4-spd,4.0,2.0
9063,Sport Utility Vehicle - 4WD,Regular,4-Wheel or All-Wheel Drive,15.6957142857143,Chevrolet,Manual 5-spd,4.0,2.0
9064,Sport Utility Vehicle - 4WD,Regular,4-Wheel or All-Wheel Drive,19.3888235294118,Chevrolet,Automatic 4-spd,6.0,2.5
9065,Sport Utility Vehicle - 4WD,Regular,4-Wheel or All-Wheel Drive,19.3888235294118,Chevrolet,Automatic 4-spd,6.0,2.5
9066,Sport Utility Vehicle - 4WD,Regular,4-Wheel or All-Wheel Drive,15.6957142857143,Chevrolet,Automatic 4-spd,4.0,2.0
9067,Subcompact Cars,Regular,Front-Wheel Drive,15.6957142857143,Dodge,Automatic 3-spd,4.0,2.5
9068,Sport Utility Vehicle - 4WD,Regular,4-Wheel or All-Wheel Drive,15.6957142857143,Chevrolet,Manual 5-spd,4.0,2.0
9069,Sport Utility Vehicle - 4WD,Regular,4-Wheel or All-Wheel Drive,20.600625,Chevrolet,Automatic 4-spd,6.0,4.2
9070,Sport Utility Vehicle - 4WD,Regular,4-Wheel or All-Wheel Drive,21.974,Chevrolet,Automatic 4-spd,6.0,4.2
9071,Sport Utility Vehicle - 4WD,Regular,4-Wheel or All-Wheel Drive,23.5435714285714,Dodge,Automatic 4-spd,8.0,4.7
9072,Sport Utility Vehicle - 4WD,Regular,4-Wheel or All-Wheel Drive,23.5435714285714,Dodge,Automatic 5-spd,8.0,4.7
9073,Sport Utility Vehicle - 4WD,Regular,4-Wheel or All-Wheel Drive,27.4675,Dodge,Automatic 4-spd,8.0,5.9
9074,Sport Utility Vehicle - 4WD,Regular,4-Wheel or All-Wheel Drive,15.6957142857143,Ford,Manual 5-spd,4.0,2.0
9075,Sport Utility Vehicle - 4WD,Regular,4-Wheel or All-Wheel Drive,18.3116666666667,Ford,Automatic 4-spd,6.0,3.0
9076,Sport Utility Vehicle - 4WD,Regular,4-Wheel or All-Wheel Drive,23.5435714285714,Ford,Automatic 4-spd,8.0,4.6
9077,Sport Utility Vehicle - 4WD,Regular,4-Wheel or All-Wheel Drive,25.3546153846154,Ford,Automatic 4-spd,8.0,5.4
9078,Subcompact Cars,Regular,Front-Wheel Drive,13.73375,Ford,Automatic 3-spd,4.0,1.6
9079,Sport Utility Vehicle - 4WD,Regular,4-Wheel or All-Wheel Drive,21.974,Ford,Automatic 5-spd,6.0,4.0
9080,Sport Utility Vehicle - 4WD,Regular,4-Wheel or All-Wheel Drive,20.600625,Ford,Manual 5-spd,6.0,4.0
9081,Sport Utility Vehicle - 4WD,Regular,4-Wheel or All-Wheel Drive,23.5435714285714,Ford,Automatic 5-spd,8.0,4.6
9082,Sport Utility Vehicle - 4WD,Regular,4-Wheel or All-Wheel Drive,21.974,Ford,Automatic 5-spd,6.0,4.0
9083,Sport Utility Vehicle - 4WD,Regular,4-Wheel or All-Wheel Drive,21.974,Ford,Manual 5-spd,6.0,4.0
9084,Sport Utility Vehicle - 4WD,Regular,4-Wheel or All-Wheel Drive,20.600625,GMC,Automatic 4-spd,6.0,4.2
9085,Sport Utility Vehicle - 4WD,Regular,4-Wheel or All-Wheel Drive,21.974,GMC,Automatic 4-spd,6.0,4.2
9086,Sport Utility Vehicle - 4WD,Regular,4-Wheel or All-Wheel Drive,21.974,GMC,Automatic 4-spd,6.0,4.3
9087,Sport Utility Vehicle - 4WD,Regular,4-Wheel or All-Wheel Drive,23.5435714285714,GMC,Manual 5-spd,6.0,4.3
9088,Sport Utility Vehicle - 4WD,Regular,4-Wheel or All-Wheel Drive,23.5435714285714,GMC,Automatic 4-spd,8.0,4.8
9089,Subcompact Cars,Regular,Front-Wheel Drive,13.73375,Ford,Manual 4-spd,4.0,1.6
9090,Sport Utility Vehicle - 4WD,Regular,4-Wheel or All-Wheel Drive,25.3546153846154,GMC,Automatic 4-spd,8.0,5.3
9091,Sport Utility Vehicle - 4WD,Regular,4-Wheel or All-Wheel Drive,27.4675,GMC,Automatic 4-spd,8.0,6.0
9092,Sport Utility Vehicle - 4WD,Regular,4-Wheel or All-Wheel Drive,27.4675,GMC,Automatic 4-spd,8.0,6.0
9093,Sport Utility Vehicle - 4WD,Regular,4-Wheel or All-Wheel Drive,25.3546153846154,GMC,Automatic 4-spd,8.0,5.3
9094,Sport Utility Vehicle - 4WD,Regular,4-Wheel or All-Wheel Drive,15.6957142857143,Honda,Automatic 4-spd,4.0,2.4
9095,Sport Utility Vehicle - 4WD,Regular,4-Wheel or All-Wheel Drive,15.6957142857143,Honda,Manual 5-spd,4.0,2.4
9096,Sport Utility Vehicle - 4WD,Regular,4-Wheel or All-Wheel Drive,20.600625,Honda,Automatic 4-spd,6.0,3.2
9097,Sport Utility Vehicle - 4WD,Regular,4-Wheel or All-Wheel Drive,19.3888235294118,Honda,Manual 5-spd,6.0,3.2
9098,Sport Utility Vehicle - 4WD,Regular,4-Wheel or All-Wheel Drive,18.3116666666667,Hyundai,Automatic 4-spd,6.0,2.7
9099,Sport Utility Vehicle - 4WD,Regular,4-Wheel or All-Wheel Drive,21.974,Infiniti,Automatic 4-spd,6.0,3.5
9100,Subcompact Cars,Regular,Rear-Wheel Drive,16.4805,Ford,Automatic 3-spd,4.0,2.3
9101,Sport Utility Vehicle - 4WD,Regular,4-Wheel or All-Wheel Drive,20.600625,Isuzu,Automatic 4-spd,6.0,3.5
9102,Sport Utility Vehicle - 4WD,Regular,4-Wheel or All-Wheel Drive,20.600625,Isuzu,Automatic 4-spd,6.0,3.2
9103,Sport Utility Vehicle - 4WD,Regular,4-Wheel or All-Wheel Drive,19.3888235294118,Isuzu,Manual 5-spd,6.0,3.2
9104,Sport Utility Vehicle - 4WD,Regular,4-Wheel or All-Wheel Drive,20.600625,Isuzu,Automatic 4-spd,6.0,3.2
9105,Sport Utility Vehicle - 4WD,Regular,4-Wheel or All-Wheel Drive,19.3888235294118,Isuzu,Manual 5-spd,6.0,3.2
9106,Sport Utility Vehicle - 4WD,Regular,4-Wheel or All-Wheel Drive,21.974,Isuzu,Automatic 4-spd,6.0,3.5
9107,Sport Utility Vehicle - 4WD,Regular,4-Wheel or All-Wheel Drive,21.974,Isuzu,Manual 5-spd,6.0,3.5
9108,Sport Utility Vehicle - 4WD,Regular,4-Wheel or All-Wheel Drive,21.974,Jeep,Automatic 4-spd,6.0,4.0
9109,Sport Utility Vehicle - 4WD,Regular,4-Wheel or All-Wheel Drive,23.5435714285714,Jeep,Automatic 5-spd,8.0,4.7
9110,Sport Utility Vehicle - 4WD,Regular,4-Wheel or All-Wheel Drive,20.600625,Jeep,Automatic 4-spd,6.0,3.7
9111,Subcompact Cars,Premium,Rear-Wheel Drive,17.3478947368421,Mitsubishi,Manual 5-spd,4.0,2.6
9112,Subcompact Cars,Regular,Rear-Wheel Drive,14.3308695652174,Ford,Manual 4-spd,4.0,2.3
9113,Sport Utility Vehicle - 4WD,Regular,4-Wheel or All-Wheel Drive,19.3888235294118,Jeep,Manual 5-spd,6.0,3.7
9114,Sport Utility Vehicle - 4WD,Regular,4-Wheel or All-Wheel Drive,20.600625,Jeep,Automatic 3-spd,4.0,2.5
9115,Sport Utility Vehicle - 4WD,Regular,4-Wheel or All-Wheel Drive,19.3888235294118,Jeep,Manual 5-spd,4.0,2.5
9116,Sport Utility Vehicle - 4WD,Regular,4-Wheel or All-Wheel Drive,23.5435714285714,Jeep,Automatic 3-spd,6.0,4.0
9117,Sport Utility Vehicle - 4WD,Regular,4-Wheel or All-Wheel Drive,21.974,Jeep,Manual 5-spd,6.0,4.0
9118,Sport Utility Vehicle - 4WD,Regular,4-Wheel or All-Wheel Drive,18.3116666666667,Kia,Automatic 4-spd,4.0,2.0
9119,Sport Utility Vehicle - 4WD,Regular,4-Wheel or All-Wheel Drive,17.3478947368421,Kia,Manual 5-spd,4.0,2.0
9120,Sport Utility Vehicle - 4WD,Premium,4-Wheel or All-Wheel Drive,19.3888235294118,Land Rover,Automatic 5-spd,6.0,2.5
9121,Sport Utility Vehicle - 4WD,Premium,4-Wheel or All-Wheel Drive,25.3546153846154,Land Rover,Automatic 4-spd,8.0,4.0
9122,Sport Utility Vehicle - 4WD,Premium,4-Wheel or All-Wheel Drive,27.4675,Land Rover,Automatic 4-spd,8.0,4.6
9123,Subcompact Cars,Regular,Rear-Wheel Drive,16.4805,Ford,Manual 5-spd,4.0,2.3
9124,Sport Utility Vehicle - 4WD,Regular,4-Wheel or All-Wheel Drive,25.3546153846154,Lexus,Automatic 4-spd,8.0,4.7
9125,Sport Utility Vehicle - 4WD,Premium,4-Wheel or All-Wheel Drive,27.4675,Lincoln,Automatic 4-spd,8.0,5.4
9126,Sport Utility Vehicle - 4WD,Regular,4-Wheel or All-Wheel Drive,15.6957142857143,Mazda,Manual 5-spd,4.0,2.0
9127,Sport Utility Vehicle - 4WD,Regular,4-Wheel or All-Wheel Drive,18.3116666666667,Mazda,Automatic 4-spd,6.0,3.0
9128,Sport Utility Vehicle - 4WD,Premium,4-Wheel or All-Wheel Drive,27.4675,Mercedes-Benz,Automatic 5-spd,8.0,5.0
9129,Sport Utility Vehicle - 4WD,Premium,4-Wheel or All-Wheel Drive,21.974,Mercedes-Benz,Automatic 5-spd,6.0,3.2
9130,Sport Utility Vehicle - 4WD,Premium,4-Wheel or All-Wheel Drive,23.5435714285714,Mercedes-Benz,Automatic 5-spd,8.0,5.0
9131,Sport Utility Vehicle - 4WD,Premium,4-Wheel or All-Wheel Drive,23.5435714285714,Mercedes-Benz,Automatic 5-spd,8.0,5.5
9132,Sport Utility Vehicle - 4WD,Regular,4-Wheel or All-Wheel Drive,21.974,Mercury,Automatic 5-spd,6.0,4.0
9133,Sport Utility Vehicle - 4WD,Regular,4-Wheel or All-Wheel Drive,23.5435714285714,Mercury,Automatic 5-spd,8.0,4.6
9134,Subcompact Cars,Regular,Rear-Wheel Drive,18.3116666666667,Ford,Automatic 3-spd,6.0,3.8
9135,Sport Utility Vehicle - 4WD,Premium,4-Wheel or All-Wheel Drive,21.974,Mitsubishi,Automatic 4-spd,6.0,3.5
9136,Sport Utility Vehicle - 4WD,Premium,4-Wheel or All-Wheel Drive,23.5435714285714,Mitsubishi,Automatic (S5),6.0,3.5
9137,Sport Utility Vehicle - 4WD,Regular,4-Wheel or All-Wheel Drive,19.3888235294118,Mitsubishi,Automatic 4-spd,6.0,3.0
9138,Sport Utility Vehicle - 4WD,Regular,4-Wheel or All-Wheel Drive,21.974,Mitsubishi,Automatic 4-spd,6.0,3.5
9139,Sport Utility Vehicle - 4WD,Regular,4-Wheel or All-Wheel Drive,19.3888235294118,Mitsubishi,Automatic 4-spd,6.0,3.0
9140,Sport Utility Vehicle - 4WD,Regular,4-Wheel or All-Wheel Drive,21.974,Nissan,Automatic 4-spd,6.0,3.5
9141,Sport Utility Vehicle - 4WD,Regular,4-Wheel or All-Wheel Drive,20.600625,Nissan,Manual 5-spd,6.0,3.5
9142,Sport Utility Vehicle - 4WD,Regular,4-Wheel or All-Wheel Drive,21.974,Nissan,Automatic 4-spd,6.0,3.3
9143,Sport Utility Vehicle - 4WD,Premium,4-Wheel or All-Wheel Drive,21.974,Nissan,Automatic 4-spd,6.0,3.3
9144,Sport Utility Vehicle - 4WD,Regular,4-Wheel or All-Wheel Drive,20.600625,Nissan,Manual 5-spd,6.0,3.3
9145,Subcompact Cars,Regular,Rear-Wheel Drive,18.3116666666667,Ford,Automatic 4-spd,8.0,5.0
9146,Sport Utility Vehicle - 4WD,Premium,4-Wheel or All-Wheel Drive,21.974,Nissan,Manual 5-spd,6.0,3.3
9147,Sport Utility Vehicle - 4WD,Regular,4-Wheel or All-Wheel Drive,20.600625,Oldsmobile,Automatic 4-spd,6.0,4.2
9148,Sport Utility Vehicle - 4WD,Regular,4-Wheel or All-Wheel Drive,18.3116666666667,Pontiac,Automatic 4-spd,6.0,3.4
9149,Sport Utility Vehicle - 4WD,Regular,4-Wheel or All-Wheel Drive,15.6957142857143,Saturn,Automatic (variable gear ratios),4.0,2.2
9150,Sport Utility Vehicle - 4WD,Regular,4-Wheel or All-Wheel Drive,17.3478947368421,Saturn,Automatic 4-spd,6.0,3.0
9151,Sport Utility Vehicle - 4WD,Regular,4-Wheel or All-Wheel Drive,15.6957142857143,Subaru,Automatic 4-spd,4.0,2.5
9152,Sport Utility Vehicle - 4WD,Regular,4-Wheel or All-Wheel Drive,15.6957142857143,Subaru,Manual 5-spd,4.0,2.5
9153,Sport Utility Vehicle - 4WD,Regular,4-Wheel or All-Wheel Drive,19.3888235294118,Suzuki,Automatic 4-spd,6.0,2.5
9154,Sport Utility Vehicle - 4WD,Regular,4-Wheel or All-Wheel Drive,18.3116666666667,Suzuki,Manual 5-spd,6.0,2.5
9155,Sport Utility Vehicle - 4WD,Regular,4-Wheel or All-Wheel Drive,20.600625,Suzuki,Automatic 4-spd,6.0,2.7
9156,Subcompact Cars,Regular,Rear-Wheel Drive,18.3116666666667,Ford,Manual 5-spd,8.0,5.0
9157,Sport Utility Vehicle - 4WD,Regular,4-Wheel or All-Wheel Drive,19.3888235294118,Suzuki,Manual 5-spd,6.0,2.7
9158,Sport Utility Vehicle - 4WD,Regular,4-Wheel or All-Wheel Drive,15.6957142857143,Suzuki,Automatic 4-spd,4.0,2.0
9159,Sport Utility Vehicle - 4WD,Regular,4-Wheel or All-Wheel Drive,15.6957142857143,Suzuki,Manual 5-spd,4.0,2.0
9160,Sport Utility Vehicle - 4WD,Regular,4-Wheel or All-Wheel Drive,15.6957142857143,Suzuki,Automatic 4-spd,4.0,2.0
9161,Sport Utility Vehicle - 4WD,Regular,4-Wheel or All-Wheel Drive,15.6957142857143,Suzuki,Manual 5-spd,4.0,2.0
9162,Sport Utility Vehicle - 4WD,Regular,4-Wheel or All-Wheel Drive,20.600625,Toyota,Automatic 4-spd,6.0,3.4
9163,Sport Utility Vehicle - 4WD,Regular,4-Wheel or All-Wheel Drive,17.3478947368421,Toyota,Automatic 4-spd,4.0,2.4
9164,Sport Utility Vehicle - 4WD,Regular,4-Wheel or All-Wheel Drive,18.3116666666667,Toyota,Automatic 4-spd,6.0,3.0
9165,Sport Utility Vehicle - 4WD,Regular,4-Wheel or All-Wheel Drive,25.3546153846154,Toyota,Automatic 4-spd,8.0,4.7
9166,Sport Utility Vehicle - 4WD,Regular,4-Wheel or All-Wheel Drive,14.9822727272727,Toyota,Automatic 4-spd,4.0,2.0
9167,Subcompact Cars,Regular,Front-Wheel Drive,14.3308695652174,Honda,Automatic 4-spd,4.0,2.0
9168,Sport Utility Vehicle - 4WD,Regular,4-Wheel or All-Wheel Drive,14.9822727272727,Toyota,Manual 5-spd,4.0,2.0
9169,Sport Utility Vehicle - 4WD,Regular,4-Wheel or All-Wheel Drive,23.5435714285714,Toyota,Automatic 4-spd,8.0,4.7
9170,Sport Utility Vehicle - 4WD,Premium,4-Wheel or All-Wheel Drive,16.4805,Volvo,Automatic (S5),5.0,2.4
9171,Subcompact Cars,Gasoline or natural gas,Front-Wheel Drive,14.3308695652174,Chevrolet,Automatic 4-spd,4.0,2.2
9172,Large Cars,CNG,Rear-Wheel Drive,0.11625,Ford,Automatic 4-spd,8.0,4.6
9173,Standard Pickup Trucks 2WD,CNG,Rear-Wheel Drive,0.155,Ford,Automatic 4-spd,8.0,5.4
9174,"Vans, Cargo Type",CNG,Rear-Wheel Drive,0.143076923076923,Dodge,Automatic 4-spd,8.0,5.2
9175,"Vans, Passenger Type",CNG,Rear-Wheel Drive,0.143076923076923,Dodge,Automatic 4-spd,8.0,5.2
9176,Small Pickup Trucks 2WD,Gasoline or E85,Rear-Wheel Drive,17.3478947368421,Chevrolet,Automatic 4-spd,4.0,2.2
9177,Small Pickup Trucks 2WD,Gasoline or E85,Rear-Wheel Drive,14.9822727272727,Chevrolet,Manual 5-spd,4.0,2.2
9178,Subcompact Cars,Regular,Front-Wheel Drive,12.6773076923077,Honda,Manual 5-spd,4.0,2.0
9179,Small Pickup Trucks 2WD,Gasoline or E85,Rear-Wheel Drive,17.3478947368421,GMC,Automatic 4-spd,4.0,2.2
9180,Small Pickup Trucks 2WD,Gasoline or E85,Rear-Wheel Drive,14.9822727272727,GMC,Manual 5-spd,4.0,2.2
9181,Small Pickup Trucks 2WD,Gasoline or E85,Rear-Wheel Drive,17.3478947368421,Isuzu,Automatic 4-spd,4.0,2.2
9182,Small Pickup Trucks 2WD,Gasoline or E85,Rear-Wheel Drive,14.9822727272727,Isuzu,Manual 5-spd,4.0,2.2
9183,Standard Pickup Trucks 2WD,Gasoline or natural gas,Rear-Wheel Drive,29.9645454545455,Ford,Automatic 4-spd,8.0,5.4
9184,Standard Pickup Trucks 4WD,Gasoline or natural gas,4-Wheel or All-Wheel Drive,29.9645454545455,Ford,Automatic 4-spd,8.0,5.4
9185,Standard Pickup Trucks 2WD,Gasoline or propane,Rear-Wheel Drive,27.4675,Ford,Automatic 4-spd,8.0,5.4
9186,Standard Pickup Trucks 4WD,Gasoline or propane,4-Wheel or All-Wheel Drive,27.4675,Ford,Automatic 4-spd,8.0,5.4
9187,Compact Cars,CNG,Front-Wheel Drive,0.0664285714285714,Honda,Automatic (variable gear ratios),4.0,1.7
9188,Minivan - 2WD,Gasoline or E85,Front-Wheel Drive,18.3116666666667,Chrysler,Automatic 4-spd,6.0,3.3
9189,Subcompact Cars,Regular,Front-Wheel Drive,14.3308695652174,Honda,Automatic 4-spd,4.0,2.0
9190,Minivan - 2WD,Gasoline or E85,Front-Wheel Drive,18.3116666666667,Dodge,Automatic 4-spd,6.0,3.3
9191,Minivan - 2WD,Gasoline or E85,Front-Wheel Drive,18.3116666666667,Chrysler,Automatic 4-spd,6.0,3.3
9192,Sport Utility Vehicle - 2WD,Gasoline or E85,Rear-Wheel Drive,23.5435714285714,Chevrolet,Automatic 4-spd,8.0,5.3
9193,Sport Utility Vehicle - 2WD,Gasoline or E85,Rear-Wheel Drive,23.5435714285714,Chevrolet,Automatic 4-spd,8.0,5.3
9194,Sport Utility Vehicle - 2WD,Gasoline or E85,Rear-Wheel Drive,23.5435714285714,GMC,Automatic 4-spd,8.0,5.3
9195,Sport Utility Vehicle - 2WD,Gasoline or E85,Rear-Wheel Drive,23.5435714285714,GMC,Automatic 4-spd,8.0,5.3
9196,Sport Utility Vehicle - 4WD,Gasoline or E85,4-Wheel or All-Wheel Drive,23.5435714285714,Chevrolet,Automatic 4-spd,8.0,5.3
9197,Sport Utility Vehicle - 4WD,Gasoline or E85,4-Wheel or All-Wheel Drive,23.5435714285714,Chevrolet,Automatic 4-spd,8.0,5.3
9198,Sport Utility Vehicle - 4WD,Gasoline or E85,4-Wheel or All-Wheel Drive,23.5435714285714,GMC,Automatic 4-spd,8.0,5.3
9199,Sport Utility Vehicle - 4WD,Gasoline or E85,4-Wheel or All-Wheel Drive,23.5435714285714,GMC,Automatic 4-spd,8.0,5.3
9200,Subcompact Cars,Regular,Front-Wheel Drive,13.73375,Honda,Manual 5-spd,4.0,2.0
9201,Sport Utility Vehicle - 4WD,Gasoline or E85,4-Wheel or All-Wheel Drive,20.600625,Ford,Automatic 5-spd,6.0,4.0
9202,Sport Utility Vehicle - 4WD,Gasoline or E85,4-Wheel or All-Wheel Drive,21.974,Mercury,Automatic 5-spd,6.0,4.0
9203,Midsize Cars,Gasoline or E85,Front-Wheel Drive,15.6957142857143,Mercury,Automatic 4-spd,6.0,3.0
9204,Large Cars,Gasoline or E85,Front-Wheel Drive,15.6957142857143,Ford,Automatic 4-spd,6.0,3.0
9205,Midsize Station Wagons,Gasoline or E85,Front-Wheel Drive,17.3478947368421,Ford,Automatic 4-spd,6.0,3.0
9206,Midsize Station Wagons,Gasoline or E85,Front-Wheel Drive,17.3478947368421,Mercury,Automatic 4-spd,6.0,3.0
9207,Sport Utility Vehicle - 2WD,Gasoline or E85,Rear-Wheel Drive,20.600625,Ford,Automatic 5-spd,6.0,4.0
9208,Standard Pickup Trucks 2WD,Gasoline or E85,Rear-Wheel Drive,19.3888235294118,Ford,Automatic 5-spd,6.0,3.0
9209,Standard Pickup Trucks 2WD,Gasoline or E85,Rear-Wheel Drive,19.3888235294118,Mazda,Automatic 5-spd,6.0,3.0
9210,Sport Utility Vehicle - 2WD,Gasoline or E85,Rear-Wheel Drive,20.600625,Mercury,Automatic 5-spd,6.0,4.0
9211,Subcompact Cars,Regular,Front-Wheel Drive,9.69441176470588,Honda,Manual 4-spd,4.0,1.3
9212,Sport Utility Vehicle - 2WD,Electricity,2-Wheel Drive,0.258,Toyota,,,
9213,Sport Utility Vehicle - 2WD,Electricity,2-Wheel Drive,0.522,Ford,,,
9214,Two Seaters,Premium,Rear-Wheel Drive,18.3116666666667,Acura,Automatic (S4),6.0,3.0
9215,Two Seaters,Premium,Rear-Wheel Drive,18.3116666666667,Acura,Manual 6-spd,6.0,3.2
9216,Two Seaters,Premium,Rear-Wheel Drive,21.974,BMW Alpina,Automatic 5-spd,8.0,4.8
9217,Two Seaters,Premium,Front-Wheel Drive,15.6957142857143,Audi,Automatic (S6),4.0,1.8
9218,Two Seaters,Premium,4-Wheel or All-Wheel Drive,15.6957142857143,Audi,Manual 6-spd,4.0,1.8
9219,Two Seaters,Premium,Rear-Wheel Drive,15.6957142857143,BMW,Automatic (S5),6.0,2.5
9220,Two Seaters,Premium,Rear-Wheel Drive,15.6957142857143,BMW,Manual 5-spd,6.0,2.5
9221,Two Seaters,Premium,Rear-Wheel Drive,16.4805,BMW,Automatic (S5),6.0,3.0
9222,Subcompact Cars,Premium,Front-Wheel Drive,14.3308695652174,Mitsubishi,Manual 5-spd,4.0,1.8
9223,Subcompact Cars,Regular,Front-Wheel Drive,12.6773076923077,Honda,Automatic 4-spd,4.0,1.5
9224,Two Seaters,Premium,Rear-Wheel Drive,15.6957142857143,BMW,Manual 6-spd,6.0,3.0
9225,Two Seaters,Premium,Rear-Wheel Drive,21.974,BMW,Manual 6-spd,8.0,4.9
9226,Two Seaters,Premium,Rear-Wheel Drive,17.3478947368421,Chevrolet,Automatic 4-spd,8.0,5.7
9227,Two Seaters,Premium,Rear-Wheel Drive,16.4805,Chevrolet,Manual 6-spd,8.0,5.7
9228,Two Seaters,Premium,Rear-Wheel Drive,23.5435714285714,Dodge,Manual 6-spd,10.0,8.3
9229,Two Seaters,Premium,Rear-Wheel Drive,41.20125,Ferrari,Automatic (S6),12.0,6.0
9230,Two Seaters,Premium,Rear-Wheel Drive,29.9645454545455,Ferrari,Manual 6-spd,8.0,3.6
9231,Two Seaters,Premium,Rear-Wheel Drive,29.9645454545455,Ferrari,Automatic (S6),8.0,3.6
9232,Two Seaters,Premium,Rear-Wheel Drive,29.9645454545455,Ferrari,Manual 6-spd,12.0,5.7
9233,Two Seaters,Premium,Rear-Wheel Drive,29.9645454545455,Ferrari,Automatic (S6),12.0,5.7
9234,Subcompact Cars,Regular,Front-Wheel Drive,11.7717857142857,Honda,Manual 5-spd,4.0,1.5
9235,Two Seaters,Premium,Rear-Wheel Drive,18.3116666666667,Ford,Automatic 5-spd,8.0,3.9
9236,Two Seaters,Premium,Rear-Wheel Drive,18.3116666666667,Ford,Automatic 5-spd,8.0,3.9
9237,Two Seaters,Regular,Front-Wheel Drive,7.01297872340426,Honda,Automatic (variable gear ratios),3.0,1.0
9238,Two Seaters,Regular,Front-Wheel Drive,6.21905660377359,Honda,Manual 5-spd,3.0,1.0
9239,Two Seaters,Premium,Rear-Wheel Drive,16.4805,Honda,Manual 6-spd,4.0,2.0
9240,Two Seaters,Premium,4-Wheel or All-Wheel Drive,32.961,Lamborghini,Manual 6-spd,12.0,6.0
9241,Two Seaters,Premium,4-Wheel or All-Wheel Drive,32.961,Lamborghini,Manual 6-spd,12.0,6.2
9242,Two Seaters,Premium,Rear-Wheel Drive,20.600625,Lotus,Manual 5-spd,8.0,3.5
9243,Two Seaters,Premium,Rear-Wheel Drive,27.4675,Maserati,Manual 6-spd,8.0,4.2
9244,Two Seaters,Premium,Rear-Wheel Drive,27.4675,Maserati,Automatic (S6),8.0,4.2
9245,Subcompact Cars,Regular,Front-Wheel Drive,12.2077777777778,Honda,Manual 5-spd,4.0,1.5
9246,Two Seaters,Premium,Rear-Wheel Drive,14.9822727272727,Mazda,Automatic 4-spd,4.0,1.8
9247,Two Seaters,Premium,Rear-Wheel Drive,14.3308695652174,Mazda,Manual 5-spd,4.0,1.8
9248,Two Seaters,Premium,Rear-Wheel Drive,14.9822727272727,Mazda,Manual 6-spd,4.0,1.8
9249,Two Seaters,Premium,Rear-Wheel Drive,20.600625,Mercedes-Benz,Automatic 5-spd,8.0,5.0
9250,Two Seaters,Premium,Rear-Wheel Drive,23.5435714285714,Mercedes-Benz,Automatic 5-spd,8.0,5.5
9251,Two Seaters,Premium,Rear-Wheel Drive,14.9822727272727,Mercedes-Benz,Automatic 5-spd,4.0,2.3
9252,Two Seaters,Premium,Rear-Wheel Drive,16.4805,Mercedes-Benz,Manual 6-spd,4.0,2.3
9253,Two Seaters,Premium,Rear-Wheel Drive,19.3888235294118,Mercedes-Benz,Automatic 5-spd,6.0,3.2
9254,Two Seaters,Premium,Rear-Wheel Drive,16.4805,Mercedes-Benz,Automatic 5-spd,6.0,3.2
9255,Two Seaters,Premium,Rear-Wheel Drive,18.3116666666667,Mercedes-Benz,Manual 6-spd,6.0,3.2
9256,Subcompact Cars,Regular,Front-Wheel Drive,13.73375,Acura,Automatic 4-spd,4.0,1.6
9257,Two Seaters,Premium,Rear-Wheel Drive,19.3888235294118,Morgan,Manual 5-spd,8.0,4.0
9258,Two Seaters,Premium,Rear-Wheel Drive,16.4805,Nissan,Manual 6-spd,6.0,3.5
9259,Two Seaters,Premium,Rear-Wheel Drive,17.3478947368421,Nissan,Automatic (S5),6.0,3.5
9260,Two Seaters,Premium,Rear-Wheel Drive,15.6957142857143,Porsche,Manual 5-spd,6.0,2.7
9261,Two Seaters,Premium,Rear-Wheel Drive,17.3478947368421,Porsche,Automatic (S5),6.0,2.7
9262,Two Seaters,Premium,Rear-Wheel Drive,17.3478947368421,Porsche,Manual 6-spd,6.0,3.2
9263,Two Seaters,Premium,Rear-Wheel Drive,18.3116666666667,Porsche,Automatic (S5),6.0,3.2
9264,Two Seaters,Premium,Rear-Wheel Drive,20.600625,Porsche,Manual 6-spd,6.0,3.6
9265,Two Seaters,Regular,Rear-Wheel Drive,13.1844,Toyota,Manual 5-spd,4.0,1.8
9266,Two Seaters,Regular,Rear-Wheel Drive,13.1844,Toyota,Manual 6-spd,4.0,1.8
9267,Subcompact Cars,Regular,Front-Wheel Drive,13.1844,Acura,Manual 5-spd,4.0,1.6
9268,Minicompact Cars,Premium,Rear-Wheel Drive,25.3546153846154,Aston Martin,Automatic (S6),12.0,5.9
9269,Minicompact Cars,Premium,Rear-Wheel Drive,29.9645454545455,Aston Martin,Manual 6-spd,12.0,5.9
9270,Minicompact Cars,Premium,Rear-Wheel Drive,29.9645454545455,Aston Martin,Manual 6-spd,12.0,5.9
9271,Minicompact Cars,Premium,Rear-Wheel Drive,25.3546153846154,Aston Martin,Automatic 5-spd,12.0,5.9
9272,Minicompact Cars,Premium,Rear-Wheel Drive,27.4675,Aston Martin,Manual 6-spd,12.0,5.9
9273,Minicompact Cars,Premium,Rear-Wheel Drive,27.4675,Aston Martin,Automatic 5-spd,12.0,5.9
9274,Minicompact Cars,Premium,Rear-Wheel Drive,27.4675,Aston Martin,Manual 6-spd,12.0,5.9
9275,Minicompact Cars,Premium,Front-Wheel Drive,15.6957142857143,Audi,Automatic (S6),4.0,1.8
9276,Minicompact Cars,Premium,4-Wheel or All-Wheel Drive,15.6957142857143,Audi,Manual 6-spd,4.0,1.8
9277,Minicompact Cars,Premium,Rear-Wheel Drive,16.4805,BMW,Automatic (S5),6.0,2.5
9278,Subcompact Cars,Regular,Front-Wheel Drive,14.3308695652174,Honda,Automatic 4-spd,4.0,1.8
9279,Minicompact Cars,Premium,Rear-Wheel Drive,17.3478947368421,BMW,Manual 5-spd,6.0,2.5
9280,Minicompact Cars,Premium,Rear-Wheel Drive,16.4805,BMW,Automatic (S5),6.0,3.0
9281,Minicompact Cars,Premium,Rear-Wheel Drive,16.4805,BMW,Manual 5-spd,6.0,3.0
9282,Minicompact Cars,Premium,Rear-Wheel Drive,19.3888235294118,BMW,Manual 6-spd,6.0,3.2
9283,Minicompact Cars,Premium,Rear-Wheel Drive,20.600625,BMW,Automatic (S6),6.0,3.2
9284,Minicompact Cars,Premium,Rear-Wheel Drive,17.3478947368421,Jaguar,Automatic 6-spd,8.0,4.2
9285,Minicompact Cars,Premium,Rear-Wheel Drive,19.3888235294118,Jaguar,Automatic 6-spd,8.0,4.2
9286,Minicompact Cars,Premium,Rear-Wheel Drive,18.3116666666667,Lexus,Automatic 5-spd,8.0,4.3
9287,Minicompact Cars,Regular,Front-Wheel Drive,14.3308695652174,Mitsubishi,Manual 5-spd,4.0,2.4
9288,Minicompact Cars,Regular,Front-Wheel Drive,14.3308695652174,Mitsubishi,Manual 5-spd,4.0,2.4
9289,Subcompact Cars,Regular,Front-Wheel Drive,13.73375,Honda,Manual 5-spd,4.0,1.8
9290,Minicompact Cars,Regular,Front-Wheel Drive,16.4805,Mitsubishi,Automatic (S4),4.0,2.4
9291,Minicompact Cars,Regular,Front-Wheel Drive,16.4805,Mitsubishi,Automatic (S4),4.0,2.4
9292,Minicompact Cars,Premium,Front-Wheel Drive,15.6957142857143,Mitsubishi,Manual 5-spd,6.0,3.0
9293,Minicompact Cars,Premium,Front-Wheel Drive,16.4805,Mitsubishi,Automatic (S4),6.0,3.0
9294,Minicompact Cars,Premium,Rear-Wheel Drive,17.3478947368421,Porsche,Automatic 5-spd,6.0,3.6
9295,Minicompact Cars,Premium,Rear-Wheel Drive,17.3478947368421,Porsche,Manual 6-spd,6.0,3.6
9296,Minicompact Cars,Premium,Rear-Wheel Drive,17.3478947368421,Porsche,Automatic 5-spd,6.0,3.6
9297,Minicompact Cars,Premium,Rear-Wheel Drive,17.3478947368421,Porsche,Manual 6-spd,6.0,3.6
9298,Minicompact Cars,Premium,Rear-Wheel Drive,17.3478947368421,Porsche,Automatic 5-spd,6.0,3.6
9299,Minicompact Cars,Premium,Rear-Wheel Drive,17.3478947368421,Porsche,Manual 6-spd,6.0,3.6
9300,Subcompact Cars,Regular,Front-Wheel Drive,14.3308695652174,Honda,Automatic 4-spd,4.0,2.0
9301,Minicompact Cars,Premium,Rear-Wheel Drive,17.3478947368421,Porsche,Automatic 5-spd,6.0,3.6
9302,Minicompact Cars,Premium,Rear-Wheel Drive,17.3478947368421,Porsche,Manual 6-spd,6.0,3.6
9303,Minicompact Cars,Premium,4-Wheel or All-Wheel Drive,19.3888235294118,Porsche,Automatic 5-spd,6.0,3.6
9304,Minicompact Cars,Premium,4-Wheel or All-Wheel Drive,18.3116666666667,Porsche,Manual 6-spd,6.0,3.6
9305,Minicompact Cars,Premium,4-Wheel or All-Wheel Drive,19.3888235294118,Porsche,Automatic 5-spd,6.0,3.6
9306,Minicompact Cars,Premium,4-Wheel or All-Wheel Drive,18.3116666666667,Porsche,Manual 6-spd,6.0,3.6
9307,Minicompact Cars,Premium,4-Wheel or All-Wheel Drive,19.3888235294118,Porsche,Automatic 5-spd,6.0,3.6
9308,Minicompact Cars,Premium,4-Wheel or All-Wheel Drive,18.3116666666667,Porsche,Manual 6-spd,6.0,3.6
9309,Minicompact Cars,Premium,4-Wheel or All-Wheel Drive,19.3888235294118,Porsche,Automatic 5-spd,6.0,3.6
9310,Minicompact Cars,Premium,4-Wheel or All-Wheel Drive,18.3116666666667,Porsche,Manual 6-spd,6.0,3.6
9311,Subcompact Cars,Regular,Front-Wheel Drive,13.73375,Honda,Manual 5-spd,4.0,2.0
9312,Minicompact Cars,Premium,Rear-Wheel Drive,17.3478947368421,Porsche,Automatic 5-spd,6.0,3.6
9313,Minicompact Cars,Premium,Rear-Wheel Drive,17.3478947368421,Porsche,Manual 6-spd,6.0,3.6
9314,Minicompact Cars,Premium,Rear-Wheel Drive,17.3478947368421,Porsche,Automatic 5-spd,6.0,3.6
9315,Minicompact Cars,Premium,Rear-Wheel Drive,17.3478947368421,Porsche,Manual 6-spd,6.0,3.6
9316,Minicompact Cars,Premium,4-Wheel or All-Wheel Drive,20.600625,Porsche,Automatic 5-spd,6.0,3.6
9317,Minicompact Cars,Premium,4-Wheel or All-Wheel Drive,20.600625,Porsche,Manual 6-spd,6.0,3.6
9318,Minicompact Cars,Premium,4-Wheel or All-Wheel Drive,20.600625,Porsche,Automatic 5-spd,6.0,3.6
9319,Minicompact Cars,Premium,4-Wheel or All-Wheel Drive,20.600625,Porsche,Manual 6-spd,6.0,3.6
9320,Minicompact Cars,Regular,Front-Wheel Drive,14.3308695652174,Volkswagen,Manual 5-spd,4.0,2.0
9321,Minicompact Cars,Regular,Front-Wheel Drive,14.9822727272727,Volkswagen,Automatic (S6),4.0,2.0
9322,Subcompact Cars,Regular,Front-Wheel Drive,13.73375,Hyundai,Automatic 3-spd,4.0,1.5
9323,Subcompact Cars,Regular,Front-Wheel Drive,12.6773076923077,Acura,Manual 5-spd,4.0,2.0
9324,Subcompact Cars,Premium,Front-Wheel Drive,13.73375,Acura,Manual 6-spd,4.0,2.0
9325,Subcompact Cars,Regular,Front-Wheel Drive,13.1844,Acura,Automatic (S5),4.0,2.0
9326,Subcompact Cars,Premium,Front-Wheel Drive,14.3308695652174,Audi,Automatic (variable gear ratios),4.0,1.8
9327,Subcompact Cars,Premium,Front-Wheel Drive,15.6957142857143,Audi,Automatic (variable gear ratios),6.0,3.0
9328,Subcompact Cars,Premium,Rear-Wheel Drive,27.4675,Bentley,Automatic 4-spd,8.0,6.8
9329,Subcompact Cars,Premium,Rear-Wheel Drive,27.4675,Bentley,Automatic 4-spd,8.0,6.8
9330,Subcompact Cars,Premium,Rear-Wheel Drive,15.6957142857143,BMW,Automatic (S5),6.0,2.5
9331,Subcompact Cars,Premium,Rear-Wheel Drive,15.6957142857143,BMW,Manual 5-spd,6.0,2.5
9332,Subcompact Cars,Premium,Rear-Wheel Drive,16.4805,BMW,Automatic (S5),6.0,3.0
9333,Subcompact Cars,Premium,Front-Wheel Drive,14.3308695652174,Mitsubishi,Manual 5-spd,4.0,1.8
9334,Subcompact Cars,Regular,Front-Wheel Drive,12.6773076923077,Hyundai,Manual 4-spd,4.0,1.5
9335,Subcompact Cars,Premium,Rear-Wheel Drive,14.9822727272727,BMW,Manual 5-spd,6.0,3.0
9336,Subcompact Cars,Premium,Rear-Wheel Drive,19.3888235294118,BMW,Manual 6-spd,6.0,3.2
9337,Subcompact Cars,Premium,Rear-Wheel Drive,19.3888235294118,BMW,Automatic (S6),6.0,3.2
9338,Subcompact Cars,Premium,Rear-Wheel Drive,29.9645454545455,Ferrari,Automatic 4-spd,12.0,5.5
9339,Subcompact Cars,Premium,Rear-Wheel Drive,29.9645454545455,Ferrari,Manual 6-spd,12.0,5.5
9340,Subcompact Cars,Regular,Front-Wheel Drive,13.1844,Ford,Automatic 4-spd,4.0,2.0
9341,Subcompact Cars,Regular,Front-Wheel Drive,13.1844,Ford,Manual 5-spd,4.0,2.0
9342,Subcompact Cars,Regular,Rear-Wheel Drive,16.4805,Ford,Automatic 4-spd,6.0,3.8
9343,Subcompact Cars,Regular,Rear-Wheel Drive,15.6957142857143,Ford,Manual 5-spd,6.0,3.8
9344,Subcompact Cars,Regular,Rear-Wheel Drive,18.3116666666667,Ford,Automatic 4-spd,8.0,4.6
9345,Subcompact Cars,Regular,Front-Wheel Drive,12.2077777777778,Hyundai,Manual 5-spd,4.0,1.5
9346,Subcompact Cars,Regular,Rear-Wheel Drive,18.3116666666667,Ford,Automatic 4-spd,8.0,4.6
9347,Subcompact Cars,Regular,Rear-Wheel Drive,17.3478947368421,Ford,Manual 5-spd,8.0,4.6
9348,Subcompact Cars,Regular,Rear-Wheel Drive,18.3116666666667,Ford,Manual 5-spd,8.0,4.6
9349,Subcompact Cars,Premium,Rear-Wheel Drive,19.3888235294118,Ford,Manual 6-spd,8.0,4.6
9350,Subcompact Cars,Regular,Front-Wheel Drive,14.3308695652174,Hyundai,Automatic 4-spd,4.0,2.0
9351,Subcompact Cars,Regular,Front-Wheel Drive,14.3308695652174,Hyundai,Manual 5-spd,4.0,2.0
9352,Subcompact Cars,Regular,Front-Wheel Drive,14.9822727272727,Hyundai,Manual 6-spd,4.0,2.0
9353,Subcompact Cars,Regular,Front-Wheel Drive,16.4805,Hyundai,Automatic 4-spd,6.0,2.7
9354,Subcompact Cars,Regular,Front-Wheel Drive,16.4805,Hyundai,Manual 5-spd,6.0,2.7
9355,Subcompact Cars,Regular,Front-Wheel Drive,17.3478947368421,Hyundai,Manual 6-spd,6.0,2.7
9356,Subcompact Cars,Regular,Front-Wheel Drive,11.3658620689655,Isuzu,Automatic 3-spd,4.0,1.5
9357,Subcompact Cars,Premium,Rear-Wheel Drive,17.3478947368421,Jaguar,Automatic 6-spd,8.0,4.2
9358,Subcompact Cars,Premium,Rear-Wheel Drive,19.3888235294118,Jaguar,Automatic 6-spd,8.0,4.2
9359,Subcompact Cars,Premium,Rear-Wheel Drive,27.4675,Maserati,Manual 6-spd,8.0,4.2
9360,Subcompact Cars,Premium,Rear-Wheel Drive,27.4675,Maserati,Automatic (S6),8.0,4.2
9361,Subcompact Cars,Premium,Rear-Wheel Drive,16.4805,Mercedes-Benz,Automatic 5-spd,6.0,3.2
9362,Subcompact Cars,Premium,Rear-Wheel Drive,16.4805,Mercedes-Benz,Automatic 5-spd,6.0,3.2
9363,Subcompact Cars,Premium,Rear-Wheel Drive,18.3116666666667,Mercedes-Benz,Automatic 5-spd,8.0,4.3
9364,Subcompact Cars,Premium,Rear-Wheel Drive,19.3888235294118,Mercedes-Benz,Automatic 5-spd,8.0,5.0
9365,Subcompact Cars,Premium,Rear-Wheel Drive,20.600625,Mercedes-Benz,Automatic 5-spd,8.0,5.4
9366,Subcompact Cars,Regular,Front-Wheel Drive,15.6957142857143,Mitsubishi,Automatic 4-spd,4.0,2.4
9367,Subcompact Cars,Regular,Front-Wheel Drive,9.69441176470588,Isuzu,Manual 5-spd,4.0,1.5
9368,Subcompact Cars,Regular,Front-Wheel Drive,15.6957142857143,Mitsubishi,Automatic 4-spd,4.0,2.4
9369,Subcompact Cars,Regular,Front-Wheel Drive,14.3308695652174,Mitsubishi,Manual 5-spd,4.0,2.4
9370,Subcompact Cars,Regular,Front-Wheel Drive,13.73375,Mitsubishi,Manual 5-spd,4.0,2.4
9371,Subcompact Cars,Regular,Front-Wheel Drive,15.6957142857143,Mitsubishi,Automatic (S4),4.0,2.4
9372,Subcompact Cars,Regular,Front-Wheel Drive,15.6957142857143,Mitsubishi,Automatic (S4),4.0,2.4
9373,Subcompact Cars,Premium,Front-Wheel Drive,15.6957142857143,Mitsubishi,Manual 5-spd,6.0,3.0
9374,Subcompact Cars,Premium,Front-Wheel Drive,15.6957142857143,Mitsubishi,Automatic (S4),6.0,3.0
9375,Subcompact Cars,Premium,Rear-Wheel Drive,19.3888235294118,Roush Performance,Automatic 4-spd,8.0,4.6
9376,Subcompact Cars,Premium,Rear-Wheel Drive,18.3116666666667,Roush Performance,Manual 5-spd,8.0,4.6
9377,Subcompact Cars,Premium,Front-Wheel Drive,15.6957142857143,Saab,Automatic 4-spd,4.0,2.0
9378,Subcompact Cars,Regular,Front-Wheel Drive,10.3003125,Isuzu,Manual 5-spd,4.0,1.5
9379,Subcompact Cars,Premium,Front-Wheel Drive,14.3308695652174,Saab,Manual 5-spd,4.0,2.0
9380,Subcompact Cars,Premium,4-Wheel or All-Wheel Drive,16.4805,Subaru,Automatic 4-spd,4.0,2.0
9381,Subcompact Cars,Premium,4-Wheel or All-Wheel Drive,16.4805,Subaru,Manual 5-spd,4.0,2.0
9382,Subcompact Cars,Regular,4-Wheel or All-Wheel Drive,15.6957142857143,Subaru,Automatic 4-spd,4.0,2.5
9383,Subcompact Cars,Regular,4-Wheel or All-Wheel Drive,15.6957142857143,Subaru,Manual 5-spd,4.0,2.5
9384,Subcompact Cars,Regular,Front-Wheel Drive,14.3308695652174,Toyota,Automatic 4-spd,4.0,2.4
9385,Subcompact Cars,Regular,Front-Wheel Drive,17.3478947368421,Toyota,Automatic 4-spd,6.0,3.0
9386,Subcompact Cars,Regular,Front-Wheel Drive,11.7717857142857,Toyota,Automatic 4-spd,4.0,1.8
9387,Subcompact Cars,Regular,Front-Wheel Drive,12.6773076923077,Toyota,Manual 5-spd,4.0,1.8
9388,Subcompact Cars,Premium,Front-Wheel Drive,14.3308695652174,Toyota,Manual 6-spd,4.0,1.8
9389,Subcompact Cars,Regular,Rear-Wheel Drive,16.4805,Isuzu,Automatic 4-spd,4.0,1.9
9390,Subcompact Cars,Premium,Front-Wheel Drive,14.3308695652174,Toyota,Automatic (S4),4.0,1.8
9391,Subcompact Cars,Diesel,Front-Wheel Drive,11.5813636363636,Volkswagen,Automatic 4-spd,4.0,1.9
9392,Subcompact Cars,Diesel,Front-Wheel Drive,10.0575,Volkswagen,Manual 5-spd,4.0,1.9
9393,Subcompact Cars,Regular,Front-Wheel Drive,14.3308695652174,Volkswagen,Automatic 4-spd,4.0,2.0
9394,Subcompact Cars,Regular,Front-Wheel Drive,13.73375,Volkswagen,Manual 5-spd,4.0,2.0
9395,Subcompact Cars,Premium,Front-Wheel Drive,16.4805,Volvo,Automatic 5-spd,5.0,2.3
9396,Subcompact Cars,Premium,Front-Wheel Drive,16.4805,Volvo,Manual 5-spd,5.0,2.3
9397,Subcompact Cars,Premium,Front-Wheel Drive,16.4805,Volvo,Automatic 5-spd,5.0,2.4
9398,Compact Cars,Premium,Front-Wheel Drive,16.4805,Acura,Manual 6-spd,6.0,3.2
9399,Compact Cars,Premium,Front-Wheel Drive,15.6957142857143,Acura,Automatic (S5),6.0,3.2
9400,Subcompact Cars,Regular,Rear-Wheel Drive,15.6957142857143,Isuzu,Automatic 4-spd,4.0,1.9
9401,Compact Cars,Premium,Front-Wheel Drive,14.3308695652174,Audi,Automatic (variable gear ratios),4.0,1.8
9402,Compact Cars,Premium,Front-Wheel Drive,14.3308695652174,Audi,Manual 5-spd,4.0,1.8
9403,Compact Cars,Premium,Front-Wheel Drive,15.6957142857143,Audi,Automatic (variable gear ratios),6.0,3.0
9404,Compact Cars,Premium,4-Wheel or All-Wheel Drive,15.6957142857143,Audi,Manual 5-spd,4.0,1.8
9405,Compact Cars,Premium,4-Wheel or All-Wheel Drive,15.6957142857143,Audi,Automatic (S5),4.0,1.8
9406,Compact Cars,Premium,4-Wheel or All-Wheel Drive,18.3116666666667,Audi,Manual 6-spd,6.0,3.0
9407,Compact Cars,Premium,4-Wheel or All-Wheel Drive,17.3478947368421,Audi,Automatic (S5),6.0,3.0
9408,Compact Cars,Premium,Rear-Wheel Drive,27.4675,Bentley,Automatic 4-spd,8.0,6.8
9409,Compact Cars,Premium,Rear-Wheel Drive,15.6957142857143,BMW,Automatic (S5),6.0,2.5
9410,Compact Cars,Premium,Rear-Wheel Drive,15.6957142857143,BMW,Manual 5-spd,6.0,2.5
9411,Subcompact Cars,Regular,Rear-Wheel Drive,15.6957142857143,Isuzu,Manual 5-spd,4.0,1.9
9412,Compact Cars,Premium,4-Wheel or All-Wheel Drive,16.4805,BMW,Automatic (S5),6.0,2.5
9413,Compact Cars,Premium,4-Wheel or All-Wheel Drive,16.4805,BMW,Manual 5-spd,6.0,2.5
9414,Compact Cars,Premium,Rear-Wheel Drive,16.4805,BMW,Automatic (S5),6.0,3.0
9415,Compact Cars,Premium,Rear-Wheel Drive,14.9822727272727,BMW,Manual 5-spd,6.0,3.0
9416,Compact Cars,Premium,4-Wheel or All-Wheel Drive,17.3478947368421,BMW,Automatic (S5),6.0,3.0
9417,Compact Cars,Premium,4-Wheel or All-Wheel Drive,16.4805,BMW,Manual 5-spd,6.0,3.0
9418,Compact Cars,Premium,Rear-Wheel Drive,15.6957142857143,BMW,Automatic (S5),6.0,2.5
9419,Compact Cars,Premium,Rear-Wheel Drive,15.6957142857143,BMW,Manual 5-spd,6.0,2.5
9420,Compact Cars,Premium,Rear-Wheel Drive,16.4805,BMW,Automatic (S5),6.0,3.0
9421,Compact Cars,Premium,Rear-Wheel Drive,14.9822727272727,BMW,Manual 5-spd,6.0,3.0
9422,Subcompact Cars,Regular,Rear-Wheel Drive,14.9822727272727,Isuzu,Manual 5-spd,4.0,1.9
9423,Compact Cars,Premium,Rear-Wheel Drive,18.3116666666667,BMW,Automatic 5-spd,8.0,4.4
9424,Compact Cars,Premium,Rear-Wheel Drive,20.600625,BMW,Manual 6-spd,8.0,4.4
9425,Compact Cars,Premium,Rear-Wheel Drive,19.3888235294118,BMW,Automatic (S5),8.0,4.4
9426,Compact Cars,Premium,Rear-Wheel Drive,21.974,BMW,Manual 6-spd,8.0,4.9
9427,Compact Cars,Regular,Front-Wheel Drive,13.1844,Chevrolet,Automatic 4-spd,4.0,2.2
9428,Compact Cars,Regular,Front-Wheel Drive,13.1844,Chevrolet,Manual 5-spd,4.0,2.2
9429,Compact Cars,Regular,Front-Wheel Drive,15.6957142857143,Chrysler,Automatic 4-spd,4.0,2.4
9430,Compact Cars,Regular,Front-Wheel Drive,15.6957142857143,Chrysler,Automatic 4-spd,4.0,2.4
9431,Compact Cars,Regular,Front-Wheel Drive,13.73375,Chrysler,Manual 5-spd,4.0,2.4
9432,Compact Cars,Regular,Front-Wheel Drive,13.73375,Chrysler,Manual 5-spd,4.0,2.4
9433,Subcompact Cars,Regular,Rear-Wheel Drive,16.4805,Isuzu,Automatic 4-spd,4.0,2.0
9434,Compact Cars,Regular,Front-Wheel Drive,16.4805,Chrysler,Automatic 4-spd,6.0,3.0
9435,Compact Cars,Regular,Front-Wheel Drive,15.6957142857143,Chrysler,Manual 5-spd,6.0,3.0
9436,Compact Cars,Regular,Front-Wheel Drive,16.4805,Chrysler,Automatic (S4),6.0,3.0
9437,Compact Cars,Regular,Front-Wheel Drive,14.9822727272727,Chrysler,Automatic 4-spd,4.0,2.4
9438,Compact Cars,Regular,Front-Wheel Drive,15.6957142857143,Chrysler,Automatic 4-spd,6.0,2.7
9439,Compact Cars,Regular,Front-Wheel Drive,16.4805,Chrysler,Manual 5-spd,6.0,2.7
9440,Compact Cars,Regular,Front-Wheel Drive,15.6957142857143,Chrysler,Automatic (S4),6.0,2.7
9441,Compact Cars,Regular,Front-Wheel Drive,14.3308695652174,Daewoo,Automatic 4-spd,4.0,1.6
9442,Compact Cars,Regular,Front-Wheel Drive,13.73375,Daewoo,Manual 5-spd,4.0,1.6
9443,Compact Cars,Regular,Front-Wheel Drive,16.4805,Daewoo,Automatic 4-spd,4.0,2.0
9444,Subcompact Cars,Regular,Front-Wheel Drive,14.9822727272727,Mitsubishi,Automatic 3-spd,4.0,2.0
9445,Subcompact Cars,Regular,Rear-Wheel Drive,16.4805,Isuzu,Manual 5-spd,4.0,2.0
9446,Compact Cars,Regular,Front-Wheel Drive,14.9822727272727,Daewoo,Manual 5-spd,4.0,2.0
9447,Compact Cars,Regular,Front-Wheel Drive,13.1844,Dodge,Automatic 4-spd,4.0,2.0
9448,Compact Cars,Regular,Front-Wheel Drive,11.7717857142857,Dodge,Manual 5-spd,4.0,2.0
9449,Compact Cars,Premium,Front-Wheel Drive,14.9822727272727,Dodge,Manual 5-spd,4.0,2.4
9450,Compact Cars,Regular,Front-Wheel Drive,15.6957142857143,Dodge,Automatic 4-spd,4.0,2.4
9451,Compact Cars,Regular,Front-Wheel Drive,15.6957142857143,Dodge,Automatic 4-spd,4.0,2.4
9452,Compact Cars,Regular,Front-Wheel Drive,13.73375,Dodge,Manual 5-spd,4.0,2.4
9453,Compact Cars,Regular,Front-Wheel Drive,13.73375,Dodge,Manual 5-spd,4.0,2.4
9454,Compact Cars,Regular,Front-Wheel Drive,16.4805,Dodge,Automatic 4-spd,6.0,3.0
9455,Compact Cars,Regular,Front-Wheel Drive,15.6957142857143,Dodge,Manual 5-spd,6.0,3.0
9456,Subcompact Cars,Regular,Rear-Wheel Drive,25.3546153846154,Jaguar,Automatic 3-spd,12.0,5.3
9457,Compact Cars,Regular,Front-Wheel Drive,16.4805,Dodge,Automatic (S4),6.0,3.0
9458,Compact Cars,Regular,Front-Wheel Drive,12.6773076923077,Ford,Automatic 4-spd,4.0,2.0
9459,Compact Cars,Regular,Front-Wheel Drive,13.73375,Ford,Automatic 4-spd,4.0,2.0
9460,Compact Cars,Regular,Front-Wheel Drive,12.2077777777778,Ford,Manual 5-spd,4.0,2.0
9461,Compact Cars,Regular,Front-Wheel Drive,13.73375,Ford,Manual 5-spd,4.0,2.0
9462,Compact Cars,Regular,Front-Wheel Drive,16.4805,Ford,Manual 6-spd,4.0,2.0
9463,Compact Cars,Regular,Front-Wheel Drive,14.3308695652174,Ford,Automatic 4-spd,4.0,2.3
9464,Compact Cars,Regular,Front-Wheel Drive,13.1844,Ford,Manual 5-spd,4.0,2.3
9465,Compact Cars,Regular,Front-Wheel Drive,10.3003125,Honda,Automatic (variable gear ratios),4.0,1.7
9466,Compact Cars,Regular,Front-Wheel Drive,11.3658620689655,Honda,Automatic 4-spd,4.0,1.7
9467,Subcompact Cars,Regular,Rear-Wheel Drive,21.974,Jaguar,Automatic 3-spd,6.0,4.2
9468,Compact Cars,Regular,Front-Wheel Drive,11.3658620689655,Honda,Automatic 4-spd,4.0,1.7
9469,Compact Cars,Regular,Front-Wheel Drive,10.987,Honda,Manual 5-spd,4.0,1.7
9470,Compact Cars,Regular,Front-Wheel Drive,9.69441176470588,Honda,Manual 5-spd,4.0,1.7
9471,Compact Cars,Regular,Front-Wheel Drive,10.987,Honda,Manual 5-spd,4.0,1.7
9472,Compact Cars,Regular,Front-Wheel Drive,13.1844,Honda,Manual 5-spd,4.0,2.0
9473,Compact Cars,Regular,Front-Wheel Drive,8.03926829268293,Honda,Automatic (variable gear ratios),4.0,1.3
9474,Compact Cars,Regular,Front-Wheel Drive,8.03926829268293,Honda,Manual 5-spd,4.0,1.3
9475,Compact Cars,Regular,Front-Wheel Drive,12.6773076923077,Hyundai,Automatic 4-spd,4.0,1.5
9476,Compact Cars,Regular,Front-Wheel Drive,11.7717857142857,Hyundai,Manual 5-spd,4.0,1.5
9477,Compact Cars,Regular,Front-Wheel Drive,12.6773076923077,Hyundai,Automatic 4-spd,4.0,1.6
9478,Subcompact Cars,Regular,Rear-Wheel Drive,16.4805,Mercury,Automatic 3-spd,4.0,2.3
9479,Compact Cars,Regular,Front-Wheel Drive,12.2077777777778,Hyundai,Manual 5-spd,4.0,1.6
9480,Compact Cars,Regular,Front-Wheel Drive,13.1844,Hyundai,Automatic 4-spd,4.0,2.0
9481,Compact Cars,Regular,Front-Wheel Drive,13.1844,Hyundai,Automatic 4-spd,4.0,2.0
9482,Compact Cars,Regular,Front-Wheel Drive,13.1844,Hyundai,Manual 5-spd,4.0,2.0
9483,Compact Cars,Premium,Rear-Wheel Drive,16.4805,Infiniti,Manual 6-spd,6.0,3.5
9484,Compact Cars,Regular,Rear-Wheel Drive,17.3478947368421,Infiniti,Automatic (S5),6.0,3.5
9485,Compact Cars,Premium,Rear-Wheel Drive,17.3478947368421,Infiniti,Automatic (S5),6.0,3.5
9486,Compact Cars,Premium,Rear-Wheel Drive,18.3116666666667,Infiniti,Automatic (S5),8.0,4.5
9487,Compact Cars,Premium,4-Wheel or All-Wheel Drive,17.3478947368421,Jaguar,Automatic 5-spd,6.0,2.5
9488,Compact Cars,Premium,4-Wheel or All-Wheel Drive,16.4805,Jaguar,Manual 5-spd,6.0,2.5
9489,Subcompact Cars,Regular,Rear-Wheel Drive,14.3308695652174,Mercury,Manual 4-spd,4.0,2.3
9490,Compact Cars,Premium,4-Wheel or All-Wheel Drive,17.3478947368421,Jaguar,Automatic 5-spd,6.0,3.0
9491,Compact Cars,Premium,4-Wheel or All-Wheel Drive,17.3478947368421,Jaguar,Manual 5-spd,6.0,3.0
9492,Compact Cars,Premium,Rear-Wheel Drive,18.3116666666667,Jaguar,Automatic 5-spd,8.0,4.0
9493,Compact Cars,Premium,Rear-Wheel Drive,18.3116666666667,Jaguar,Automatic 5-spd,8.0,4.0
9494,Compact Cars,Premium,Rear-Wheel Drive,20.600625,Jaguar,Automatic 5-spd,8.0,4.0
9495,Compact Cars,Regular,Front-Wheel Drive,13.1844,Kia,Automatic 4-spd,4.0,1.6
9496,Compact Cars,Regular,Front-Wheel Drive,12.6773076923077,Kia,Manual 5-spd,4.0,1.6
9497,Compact Cars,Regular,Front-Wheel Drive,14.9822727272727,Kia,Automatic 4-spd,4.0,1.8
9498,Compact Cars,Regular,Front-Wheel Drive,13.73375,Kia,Manual 5-spd,4.0,1.8
9499,Compact Cars,Premium,Rear-Wheel Drive,18.3116666666667,Lexus,Manual 5-spd,6.0,3.0
9500,Subcompact Cars,Regular,Rear-Wheel Drive,17.3478947368421,Mercury,Automatic 3-spd,6.0,3.8
9501,Compact Cars,Premium,Rear-Wheel Drive,18.3116666666667,Lexus,Automatic (S5),6.0,3.0
9502,Compact Cars,Regular,Front-Wheel Drive,13.73375,Mazda,Automatic 4-spd,4.0,2.0
9503,Compact Cars,Premium,Front-Wheel Drive,14.3308695652174,Mazda,Manual 5-spd,4.0,2.0
9504,Compact Cars,Regular,Front-Wheel Drive,13.73375,Mazda,Manual 5-spd,4.0,2.0
9505,Compact Cars,Regular,Front-Wheel Drive,13.73375,Mazda,Automatic (S4),4.0,2.0
9506,Compact Cars,Premium,Rear-Wheel Drive,14.3308695652174,Mercedes-Benz,Automatic 5-spd,4.0,1.8
9507,Compact Cars,Premium,Rear-Wheel Drive,14.9822727272727,Mercedes-Benz,Manual 6-spd,4.0,1.8
9508,Compact Cars,Premium,Rear-Wheel Drive,13.73375,Mercedes-Benz,Automatic 5-spd,4.0,1.8
9509,Compact Cars,Premium,Rear-Wheel Drive,14.9822727272727,Mercedes-Benz,Manual 6-spd,4.0,1.8
9510,Compact Cars,Premium,Rear-Wheel Drive,17.3478947368421,Mercedes-Benz,Automatic 5-spd,6.0,2.6
9511,Subcompact Cars,Regular,Rear-Wheel Drive,18.3116666666667,Mercury,Automatic 4-spd,8.0,5.0
9512,Compact Cars,Premium,Rear-Wheel Drive,18.3116666666667,Mercedes-Benz,Manual 6-spd,6.0,2.6
9513,Compact Cars,Premium,4-Wheel or All-Wheel Drive,17.3478947368421,Mercedes-Benz,Automatic 5-spd,6.0,2.6
9514,Compact Cars,Premium,Rear-Wheel Drive,19.3888235294118,Mercedes-Benz,Automatic 5-spd,6.0,3.2
9515,Compact Cars,Premium,Rear-Wheel Drive,16.4805,Mercedes-Benz,Automatic 5-spd,6.0,3.2
9516,Compact Cars,Premium,Rear-Wheel Drive,18.3116666666667,Mercedes-Benz,Manual 6-spd,6.0,3.2
9517,Compact Cars,Premium,4-Wheel or All-Wheel Drive,17.3478947368421,Mercedes-Benz,Automatic 5-spd,6.0,3.2
9518,Compact Cars,Premium,Rear-Wheel Drive,17.3478947368421,Mercedes-Benz,Automatic 5-spd,6.0,3.2
9519,Compact Cars,Premium,Rear-Wheel Drive,18.3116666666667,Mercedes-Benz,Manual 6-spd,6.0,3.2
9520,Compact Cars,Premium,Rear-Wheel Drive,20.600625,Mercedes-Benz,Automatic 5-spd,8.0,5.0
9521,Compact Cars,Premium,Rear-Wheel Drive,21.974,Mercedes-Benz,Automatic 5-spd,8.0,5.0
9522,Subcompact Cars,Regular,Rear-Wheel Drive,18.3116666666667,Mercury,Manual 5-spd,8.0,5.0
9523,Compact Cars,Premium,Rear-Wheel Drive,23.5435714285714,Mercedes-Benz,Automatic 5-spd,12.0,5.5
9524,Compact Cars,Regular,Front-Wheel Drive,14.3308695652174,Mitsubishi,Automatic 4-spd,4.0,1.6
9525,Compact Cars,Regular,Front-Wheel Drive,12.6773076923077,Mitsubishi,Manual 5-spd,4.0,1.6
9526,Compact Cars,Regular,Front-Wheel Drive,13.73375,Mitsubishi,Automatic 4-spd,4.0,2.0
9527,Compact Cars,Regular,Front-Wheel Drive,12.6773076923077,Mitsubishi,Manual 5-spd,4.0,2.0
9528,Compact Cars,Premium,4-Wheel or All-Wheel Drive,17.3478947368421,Mitsubishi,Manual 5-spd,4.0,2.0
9529,Compact Cars,Regular,Front-Wheel Drive,12.2077777777778,Nissan,Automatic 4-spd,4.0,1.8
9530,Compact Cars,Regular,Front-Wheel Drive,11.7717857142857,Nissan,Manual 5-spd,4.0,1.8
9531,Compact Cars,Regular,Front-Wheel Drive,14.9822727272727,Nissan,Automatic 4-spd,4.0,2.5
9532,Compact Cars,Regular,Front-Wheel Drive,14.3308695652174,Nissan,Manual 5-spd,4.0,2.5
9533,Subcompact Cars,Regular,Rear-Wheel Drive,25.3546153846154,Maserati,Automatic 3-spd,6.0,2.5
9534,Compact Cars,Regular,Front-Wheel Drive,14.3308695652174,Nissan,Manual 6-spd,4.0,2.5
9535,Compact Cars,Regular,Front-Wheel Drive,13.1844,Oldsmobile,Automatic 4-spd,4.0,2.2
9536,Compact Cars,Regular,Front-Wheel Drive,13.1844,Oldsmobile,Manual 5-spd,4.0,2.2
9537,Compact Cars,Regular,Front-Wheel Drive,15.6957142857143,Oldsmobile,Automatic 4-spd,6.0,3.4
9538,Compact Cars,Regular,Front-Wheel Drive,13.1844,Pontiac,Automatic 4-spd,4.0,2.2
9539,Compact Cars,Regular,Front-Wheel Drive,13.1844,Pontiac,Manual 5-spd,4.0,2.2
9540,Compact Cars,Regular,Front-Wheel Drive,15.6957142857143,Pontiac,Automatic 4-spd,6.0,3.4
9541,Compact Cars,Regular,Front-Wheel Drive,13.1844,Pontiac,Automatic 4-spd,4.0,2.2
9542,Compact Cars,Regular,Front-Wheel Drive,13.1844,Pontiac,Manual 5-spd,4.0,2.2
9543,Compact Cars,Regular,Front-Wheel Drive,14.3308695652174,Saab,Automatic 5-spd,4.0,2.0
9544,Subcompact Cars,Regular,Rear-Wheel Drive,17.3478947368421,Mercedes-Benz,Automatic 4-spd,4.0,2.3
9545,Compact Cars,Regular,Front-Wheel Drive,14.3308695652174,Saab,Manual 5-spd,4.0,2.0
9546,Compact Cars,Regular,Front-Wheel Drive,13.73375,Saturn,Automatic (variable gear ratios),4.0,2.2
9547,Compact Cars,Regular,Front-Wheel Drive,13.73375,Saturn,Automatic 5-spd,4.0,2.2
9548,Compact Cars,Regular,Front-Wheel Drive,13.1844,Saturn,Manual 5-spd,4.0,2.2
9549,Compact Cars,Regular,4-Wheel or All-Wheel Drive,15.6957142857143,Subaru,Automatic 4-spd,4.0,2.5
9550,Compact Cars,Regular,4-Wheel or All-Wheel Drive,15.6957142857143,Subaru,Manual 5-spd,4.0,2.5
9551,Compact Cars,Regular,4-Wheel or All-Wheel Drive,15.6957142857143,Subaru,Automatic (S4),4.0,2.5
9552,Compact Cars,Premium,4-Wheel or All-Wheel Drive,17.3478947368421,Subaru,Automatic 4-spd,6.0,3.0
9553,Compact Cars,Regular,Front-Wheel Drive,13.1844,Suzuki,Automatic 4-spd,4.0,2.0
9554,Compact Cars,Regular,Front-Wheel Drive,13.1844,Suzuki,Manual 5-spd,4.0,2.0
9555,Subcompact Cars,Regular,Front-Wheel Drive,13.1844,Mitsubishi,Manual 5-spd,4.0,2.0
9556,Subcompact Cars,Premium,Rear-Wheel Drive,16.4805,Mercedes-Benz,Automatic 4-spd,4.0,2.3
9557,Compact Cars,Regular,4-Wheel or All-Wheel Drive,14.3308695652174,Suzuki,Automatic 4-spd,4.0,2.0
9558,Compact Cars,Regular,Front-Wheel Drive,13.73375,Toyota,Automatic 4-spd,4.0,2.4
9559,Compact Cars,Regular,Front-Wheel Drive,13.73375,Toyota,Manual 5-spd,4.0,2.4
9560,Compact Cars,Regular,Front-Wheel Drive,16.4805,Toyota,Automatic 4-spd,6.0,3.0
9561,Compact Cars,Regular,Front-Wheel Drive,11.7717857142857,Toyota,Automatic 4-spd,4.0,1.8
9562,Compact Cars,Regular,Front-Wheel Drive,10.6325806451613,Toyota,Manual 5-spd,4.0,1.8
9563,Compact Cars,Regular,Front-Wheel Drive,10.6325806451613,Toyota,Automatic 4-spd,4.0,1.5
9564,Compact Cars,Regular,Front-Wheel Drive,9.98818181818182,Toyota,Manual 5-spd,4.0,1.5
9565,Compact Cars,Regular,Front-Wheel Drive,8.03926829268293,Toyota,Automatic (variable gear ratios),4.0,1.5
9566,Compact Cars,Diesel,Front-Wheel Drive,11.5813636363636,Volkswagen,Automatic 4-spd,4.0,1.9
9567,Subcompact Cars,Regular,Rear-Wheel Drive,16.4805,Mercedes-Benz,Manual 5-spd,4.0,2.3
9568,Compact Cars,Diesel,Front-Wheel Drive,10.0575,Volkswagen,Manual 5-spd,4.0,1.9
9569,Compact Cars,Regular,Front-Wheel Drive,14.3308695652174,Volkswagen,Automatic 4-spd,4.0,2.0
9570,Compact Cars,Regular,Front-Wheel Drive,13.73375,Volkswagen,Manual 5-spd,4.0,2.0
9571,Compact Cars,Premium,Front-Wheel Drive,14.9822727272727,Volkswagen,Manual 6-spd,6.0,2.8
9572,Compact Cars,Diesel,Front-Wheel Drive,11.5813636363636,Volkswagen,Automatic 4-spd,4.0,1.9
9573,Compact Cars,Diesel,Front-Wheel Drive,10.0575,Volkswagen,Manual 5-spd,4.0,1.9
9574,Compact Cars,Regular,Front-Wheel Drive,14.3308695652174,Volkswagen,Automatic 4-spd,4.0,2.0
9575,Compact Cars,Regular,Front-Wheel Drive,13.73375,Volkswagen,Manual 5-spd,4.0,2.0
9576,Compact Cars,Premium,Front-Wheel Drive,14.9822727272727,Volkswagen,Manual 6-spd,6.0,2.8
9577,Compact Cars,Premium,Front-Wheel Drive,14.9822727272727,Volkswagen,Automatic (S5),6.0,2.8
9578,Subcompact Cars,Premium,Rear-Wheel Drive,17.3478947368421,Mercedes-Benz,Manual 5-spd,4.0,2.3
9579,Compact Cars,Premium,4-Wheel or All-Wheel Drive,17.3478947368421,Volkswagen,Automatic (S5),6.0,2.8
9580,Compact Cars,Premium,4-Wheel or All-Wheel Drive,18.3116666666667,Volkswagen,Automatic (S5),8.0,4.0
9581,Compact Cars,Premium,Front-Wheel Drive,14.9822727272727,Volvo,Automatic 5-spd,4.0,1.9
9582,Compact Cars,Premium,4-Wheel or All-Wheel Drive,17.3478947368421,Volvo,Automatic (S5),5.0,2.5
9583,Compact Cars,Premium,Front-Wheel Drive,15.6957142857143,Volvo,Manual 5-spd,5.0,2.3
9584,Compact Cars,Premium,Front-Wheel Drive,15.6957142857143,Volvo,Automatic (S5),5.0,2.3
9585,Compact Cars,Premium,Front-Wheel Drive,14.3308695652174,Volvo,Automatic 5-spd,5.0,2.4
9586,Compact Cars,Premium,Front-Wheel Drive,15.6957142857143,Volvo,Automatic 5-spd,5.0,2.4
9587,Compact Cars,Premium,Front-Wheel Drive,14.9822727272727,Volvo,Manual 5-spd,5.0,2.4
9588,Midsize Cars,Premium,Front-Wheel Drive,15.6957142857143,Acura,Automatic (S5),6.0,3.2
9589,Subcompact Cars,Diesel,Rear-Wheel Drive,13.6494642857143,Mercedes-Benz,Automatic 4-spd,5.0,2.5
9590,Midsize Cars,Premium,Front-Wheel Drive,18.3116666666667,Acura,Automatic 4-spd,6.0,3.5
9591,Midsize Cars,Premium,Front-Wheel Drive,15.6957142857143,Audi,Automatic (variable gear ratios),6.0,3.0
9592,Midsize Cars,Premium,4-Wheel or All-Wheel Drive,17.3478947368421,Audi,Manual 6-spd,6.0,2.7
9593,Midsize Cars,Premium,4-Wheel or All-Wheel Drive,17.3478947368421,Audi,Automatic (S5),6.0,2.7
9594,Midsize Cars,Premium,4-Wheel or All-Wheel Drive,17.3478947368421,Audi,Automatic (S5),6.0,3.0
9595,Midsize Cars,Premium,4-Wheel or All-Wheel Drive,18.3116666666667,Audi,Automatic (S5),8.0,4.2
9596,Midsize Cars,Premium,4-Wheel or All-Wheel Drive,18.3116666666667,Audi,Automatic (S5),8.0,4.2
9597,Midsize Cars,Premium,4-Wheel or All-Wheel Drive,20.600625,Audi,Automatic (S5),8.0,4.2
9598,Midsize Cars,Premium,Rear-Wheel Drive,29.9645454545455,Bentley,Automatic 4-spd,8.0,6.8
9599,Midsize Cars,Regular,Front-Wheel Drive,15.6957142857143,Buick,Automatic 4-spd,6.0,3.1
9600,Subcompact Cars,Diesel,Rear-Wheel Drive,13.6494642857143,Mercedes-Benz,Manual 5-spd,5.0,2.5
9601,Midsize Cars,Premium,Front-Wheel Drive,17.3478947368421,Buick,Automatic 4-spd,6.0,3.8
9602,Midsize Cars,Regular,Front-Wheel Drive,16.4805,Buick,Automatic 4-spd,6.0,3.8
9603,Midsize Cars,Premium,Rear-Wheel Drive,17.3478947368421,Cadillac,Automatic 5-spd,6.0,3.2
9604,Midsize Cars,Premium,Rear-Wheel Drive,17.3478947368421,Cadillac,Manual 5-spd,6.0,3.2
9605,Midsize Cars,Regular,Front-Wheel Drive,17.3478947368421,Cadillac,Automatic 4-spd,8.0,4.6
9606,Midsize Cars,Regular,Front-Wheel Drive,15.6957142857143,Chevrolet,Automatic 4-spd,6.0,3.1
9607,Midsize Cars,Regular,Front-Wheel Drive,14.9822727272727,Chevrolet,Automatic 4-spd,6.0,3.4
9608,Midsize Cars,Regular,Front-Wheel Drive,16.4805,Chevrolet,Automatic 4-spd,6.0,3.8
9609,Midsize Cars,Regular,Front-Wheel Drive,14.9822727272727,Chrysler,Automatic 4-spd,4.0,2.4
9610,Midsize Cars,Regular,Front-Wheel Drive,15.6957142857143,Chrysler,Automatic 4-spd,6.0,2.7
9611,Subcompact Cars,Premium,Front-Wheel Drive,14.9822727272727,Mitsubishi,Manual 5-spd,4.0,1.8
9612,Midsize Cars,Regular,Front-Wheel Drive,15.6957142857143,Chrysler,Automatic (S4),6.0,2.7
9613,Midsize Cars,Regular,Front-Wheel Drive,14.9822727272727,Dodge,Automatic 4-spd,4.0,2.4
9614,Midsize Cars,Regular,Front-Wheel Drive,15.6957142857143,Dodge,Automatic 4-spd,6.0,2.7
9615,Midsize Cars,Regular,Front-Wheel Drive,16.4805,Dodge,Manual 5-spd,6.0,2.7
9616,Midsize Cars,Regular,Front-Wheel Drive,15.6957142857143,Dodge,Automatic (S4),6.0,2.7
9617,Midsize Cars,Regular,Front-Wheel Drive,13.1844,Honda,Automatic 5-spd,4.0,2.4
9618,Midsize Cars,Regular,Front-Wheel Drive,12.6773076923077,Honda,Manual 5-spd,4.0,2.4
9619,Midsize Cars,Regular,Front-Wheel Drive,14.9822727272727,Honda,Automatic 5-spd,6.0,3.0
9620,Midsize Cars,Regular,Front-Wheel Drive,15.6957142857143,Honda,Manual 6-spd,6.0,3.0
9621,Midsize Cars,Regular,Front-Wheel Drive,14.9822727272727,Hyundai,Automatic 4-spd,4.0,2.4
9622,Subcompact Cars,Regular,Front-Wheel Drive,14.9822727272727,Mitsubishi,Automatic 3-spd,4.0,2.0
9623,Midsize Cars,Regular,Front-Wheel Drive,14.3308695652174,Hyundai,Manual 5-spd,4.0,2.4
9624,Midsize Cars,Regular,Front-Wheel Drive,16.4805,Hyundai,Automatic 4-spd,6.0,2.7
9625,Midsize Cars,Regular,Front-Wheel Drive,16.4805,Hyundai,Manual 5-spd,6.0,2.7
9626,Midsize Cars,Regular,Front-Wheel Drive,18.3116666666667,Hyundai,Automatic 5-spd,6.0,3.5
9627,Midsize Cars,Regular,Front-Wheel Drive,16.4805,Infiniti,Automatic 4-spd,6.0,3.5
9628,Midsize Cars,Premium,Rear-Wheel Drive,17.3478947368421,Jaguar,Automatic 6-spd,6.0,3.0
9629,Midsize Cars,Premium,Rear-Wheel Drive,17.3478947368421,Jaguar,Manual 5-spd,6.0,3.0
9630,Midsize Cars,Premium,Rear-Wheel Drive,18.3116666666667,Jaguar,Automatic 6-spd,8.0,4.2
9631,Midsize Cars,Premium,Rear-Wheel Drive,19.3888235294118,Jaguar,Automatic 6-spd,8.0,4.2
9632,Midsize Cars,Premium,Rear-Wheel Drive,20.600625,Jaguar,Automatic 5-spd,8.0,4.0
9633,Subcompact Cars,Regular,Front-Wheel Drive,13.1844,Mitsubishi,Manual 5-spd,4.0,2.0
9634,Midsize Cars,Premium,Rear-Wheel Drive,18.3116666666667,Jaguar,Automatic 5-spd,8.0,4.0
9635,Midsize Cars,Regular,Front-Wheel Drive,14.9822727272727,Kia,Automatic 4-spd,4.0,2.4
9636,Midsize Cars,Regular,Front-Wheel Drive,14.3308695652174,Kia,Manual 5-spd,4.0,2.4
9637,Midsize Cars,Regular,Front-Wheel Drive,15.6957142857143,Kia,Automatic 4-spd,6.0,2.7
9638,Midsize Cars,Regular,Front-Wheel Drive,15.6957142857143,Kia,Manual 5-spd,6.0,2.7
9639,Midsize Cars,Regular,Front-Wheel Drive,15.6957142857143,Lexus,Automatic 5-spd,6.0,3.0
9640,Midsize Cars,Premium,Rear-Wheel Drive,17.3478947368421,Lexus,Automatic (S5),6.0,3.0
9641,Midsize Cars,Premium,Rear-Wheel Drive,18.3116666666667,Lexus,Automatic 5-spd,8.0,4.3
9642,Midsize Cars,Premium,Rear-Wheel Drive,16.4805,Lincoln,Automatic 5-spd,6.0,3.0
9643,Midsize Cars,Premium,Rear-Wheel Drive,15.6957142857143,Lincoln,Automatic 5-spd,6.0,3.0
9644,Subcompact Cars,Regular,Front-Wheel Drive,12.2077777777778,Mitsubishi,Automatic 3-spd,4.0,1.5
9645,Midsize Cars,Premium,Rear-Wheel Drive,18.3116666666667,Lincoln,Automatic 5-spd,8.0,3.9
9646,Midsize Cars,Premium,Rear-Wheel Drive,18.3116666666667,Lincoln,Automatic 5-spd,8.0,3.9
9647,Midsize Cars,Regular,Front-Wheel Drive,15.6957142857143,Mercury,Automatic 4-spd,6.0,3.0
9648,Midsize Cars,Regular,Front-Wheel Drive,15.6957142857143,Mercury,Automatic 4-spd,6.0,3.0
9649,Midsize Cars,Regular,Front-Wheel Drive,13.73375,Mazda,Manual 5-spd,4.0,2.3
9650,Midsize Cars,Regular,Front-Wheel Drive,14.9822727272727,Mazda,Automatic (S4),4.0,2.3
9651,Midsize Cars,Regular,Front-Wheel Drive,16.4805,Mazda,Manual 5-spd,6.0,3.0
9652,Midsize Cars,Regular,Front-Wheel Drive,16.4805,Mazda,Automatic (S5),6.0,3.0
9653,Midsize Cars,Premium,Rear-Wheel Drive,16.4805,Mercedes-Benz,Automatic 5-spd,6.0,3.2
9654,Midsize Cars,Premium,Rear-Wheel Drive,19.3888235294118,Mercedes-Benz,Automatic 5-spd,8.0,5.0
9655,Subcompact Cars,Regular,Front-Wheel Drive,9.98818181818182,Mitsubishi,Manual 4-spd,4.0,1.5
9656,Midsize Cars,Premium,Front-Wheel Drive,18.3116666666667,Mitsubishi,Automatic 4-spd,6.0,3.5
9657,Midsize Cars,Regular,Front-Wheel Drive,15.6957142857143,Mitsubishi,Automatic 4-spd,4.0,2.4
9658,Midsize Cars,Regular,Front-Wheel Drive,15.6957142857143,Mitsubishi,Automatic 4-spd,4.0,2.4
9659,Midsize Cars,Premium,Front-Wheel Drive,15.6957142857143,Mitsubishi,Automatic 4-spd,6.0,3.0
9660,Midsize Cars,Regular,Front-Wheel Drive,14.3308695652174,Nissan,Automatic 4-spd,4.0,2.5
9661,Midsize Cars,Regular,Front-Wheel Drive,14.3308695652174,Nissan,Manual 5-spd,4.0,2.5
9662,Midsize Cars,Regular,Front-Wheel Drive,17.3478947368421,Nissan,Automatic 4-spd,6.0,3.5
9663,Midsize Cars,Regular,Front-Wheel Drive,15.6957142857143,Nissan,Manual 5-spd,6.0,3.5
9664,Midsize Cars,Regular,Front-Wheel Drive,16.4805,Nissan,Automatic 4-spd,6.0,3.5
9665,Midsize Cars,Regular,Front-Wheel Drive,15.6957142857143,Nissan,Manual 6-spd,6.0,3.5
9666,Subcompact Cars,Regular,Front-Wheel Drive,10.987,Plymouth,Manual 5-spd,4.0,1.5
9667,Subcompact Cars,Regular,Front-Wheel Drive,10.6325806451613,Mitsubishi,Manual 5-spd,4.0,1.5
9668,Midsize Cars,Regular,Front-Wheel Drive,18.3116666666667,Oldsmobile,Automatic 4-spd,8.0,4.0
9669,Midsize Cars,Regular,Front-Wheel Drive,15.6957142857143,Pontiac,Automatic 4-spd,6.0,3.1
9670,Midsize Cars,Premium,Front-Wheel Drive,17.3478947368421,Pontiac,Automatic 4-spd,6.0,3.8
9671,Midsize Cars,Regular,Front-Wheel Drive,16.4805,Pontiac,Automatic 4-spd,6.0,3.8
9672,Midsize Cars,Regular,Front-Wheel Drive,15.6957142857143,Saab,Automatic 5-spd,4.0,2.3
9673,Midsize Cars,Premium,Front-Wheel Drive,15.6957142857143,Saab,Automatic 5-spd,4.0,2.3
9674,Midsize Cars,Regular,Front-Wheel Drive,14.9822727272727,Saab,Manual 5-spd,4.0,2.3
9675,Midsize Cars,Premium,Front-Wheel Drive,14.9822727272727,Saab,Manual 5-spd,4.0,2.3
9676,Midsize Cars,Premium,Front-Wheel Drive,17.3478947368421,Saab,Automatic 5-spd,6.0,3.0
9677,Midsize Cars,Regular,Front-Wheel Drive,13.73375,Saturn,Automatic 4-spd,4.0,2.2
9678,Subcompact Cars,Premium,Front-Wheel Drive,14.9822727272727,Mitsubishi,Automatic 3-spd,4.0,1.6
9679,Midsize Cars,Regular,Front-Wheel Drive,13.73375,Saturn,Manual 5-spd,4.0,2.2
9680,Midsize Cars,Regular,Front-Wheel Drive,15.6957142857143,Saturn,Automatic 4-spd,6.0,3.0
9681,Midsize Cars,Regular,Front-Wheel Drive,13.73375,Toyota,Automatic 4-spd,4.0,2.4
9682,Midsize Cars,Regular,Front-Wheel Drive,13.73375,Toyota,Manual 5-spd,4.0,2.4
9683,Midsize Cars,Regular,Front-Wheel Drive,15.6957142857143,Toyota,Automatic 4-spd,6.0,3.0
9684,Midsize Cars,Premium,Front-Wheel Drive,14.3308695652174,Volkswagen,Manual 5-spd,4.0,1.8
9685,Midsize Cars,Premium,Front-Wheel Drive,14.9822727272727,Volkswagen,Automatic (S5),4.0,1.8
9686,Midsize Cars,Premium,Front-Wheel Drive,16.4805,Volkswagen,Manual 5-spd,6.0,2.8
9687,Midsize Cars,Premium,Front-Wheel Drive,16.4805,Volkswagen,Automatic (S5),6.0,2.8
9688,Midsize Cars,Premium,Front-Wheel Drive,16.4805,Volvo,Automatic 4-spd,6.0,2.9
9689,Subcompact Cars,Premium,Front-Wheel Drive,13.73375,Mitsubishi,Manual 5-spd,4.0,1.6
9690,Midsize Cars,Premium,Front-Wheel Drive,17.3478947368421,Volvo,Automatic (S4),6.0,2.9
9691,Large Cars,Premium,4-Wheel or All-Wheel Drive,18.3116666666667,Audi,Automatic (S5),8.0,4.2
9692,Large Cars,Premium,Rear-Wheel Drive,29.9645454545455,Bentley,Automatic 4-spd,8.0,6.8
9693,Large Cars,Premium,Rear-Wheel Drive,17.3478947368421,BMW,Automatic 6-spd,8.0,4.4
9694,Large Cars,Premium,Rear-Wheel Drive,17.3478947368421,BMW,Automatic 6-spd,8.0,4.4
9695,Large Cars,Regular,Front-Wheel Drive,15.6957142857143,Buick,Automatic 4-spd,6.0,3.8
9696,Large Cars,Premium,Front-Wheel Drive,17.3478947368421,Buick,Automatic 4-spd,6.0,3.8
9697,Large Cars,Regular,Front-Wheel Drive,15.6957142857143,Buick,Automatic 4-spd,6.0,3.8
9698,Large Cars,Regular,Front-Wheel Drive,17.3478947368421,Cadillac,Automatic 4-spd,8.0,4.6
9699,Large Cars,Regular,Front-Wheel Drive,23.5435714285714,Cadillac,Automatic 4-spd,8.0,4.6
9700,Subcompact Cars,Premium,Rear-Wheel Drive,17.3478947368421,Mitsubishi,Automatic 4-spd,4.0,2.6
9701,Large Cars,Regular,Front-Wheel Drive,21.974,Cadillac,Automatic 4-spd,8.0,4.6
9702,Large Cars,Regular,Front-Wheel Drive,14.9822727272727,Chevrolet,Automatic 4-spd,6.0,3.4
9703,Large Cars,Regular,Front-Wheel Drive,16.4805,Chevrolet,Automatic 4-spd,6.0,3.8
9704,Large Cars,Regular,Front-Wheel Drive,17.3478947368421,Chrysler,Automatic (S4),6.0,3.5
9705,Large Cars,Regular,Front-Wheel Drive,14.9822727272727,Chrysler,Automatic 4-spd,6.0,2.7
9706,Large Cars,Regular,Front-Wheel Drive,16.4805,Chrysler,Automatic 4-spd,6.0,3.5
9707,Large Cars,Regular,Front-Wheel Drive,14.9822727272727,Dodge,Automatic 4-spd,6.0,2.7
9708,Large Cars,Regular,Front-Wheel Drive,16.4805,Dodge,Automatic 4-spd,6.0,3.5
9709,Large Cars,Regular,Front-Wheel Drive,17.3478947368421,Dodge,Automatic (S4),6.0,3.5
9710,Large Cars,Regular,Rear-Wheel Drive,18.3116666666667,Ford,Automatic 4-spd,8.0,4.6
9711,Subcompact Cars,Premium,Rear-Wheel Drive,18.3116666666667,Mitsubishi,Manual 5-spd,4.0,2.6
9712,Large Cars,Regular,Front-Wheel Drive,15.6957142857143,Ford,Automatic 4-spd,6.0,3.0
9713,Large Cars,Regular,Front-Wheel Drive,15.6957142857143,Ford,Automatic 4-spd,6.0,3.0
9714,Large Cars,Premium,Rear-Wheel Drive,18.3116666666667,Infiniti,Automatic (S5),8.0,4.5
9715,Large Cars,Premium,Rear-Wheel Drive,17.3478947368421,Lexus,Automatic 5-spd,8.0,4.3
9716,Large Cars,Regular,Rear-Wheel Drive,18.3116666666667,Mercury,Automatic 4-spd,8.0,4.6
9717,Large Cars,Premium,Rear-Wheel Drive,19.3888235294118,Mercury,Automatic 4-spd,8.0,4.6
9718,Large Cars,Regular,Rear-Wheel Drive,18.3116666666667,Lincoln,Automatic 4-spd,8.0,4.6
9719,Large Cars,Premium,Rear-Wheel Drive,18.3116666666667,Mercedes-Benz,Automatic 5-spd,8.0,4.3
9720,Large Cars,Premium,4-Wheel or All-Wheel Drive,19.3888235294118,Mercedes-Benz,Automatic 5-spd,8.0,4.3
9721,Large Cars,Premium,Rear-Wheel Drive,20.600625,Mercedes-Benz,Automatic 5-spd,8.0,5.0
9722,Subcompact Cars,Premium,Front-Wheel Drive,14.9822727272727,Mitsubishi,Manual 5-spd,4.0,1.8
9723,Large Cars,Premium,4-Wheel or All-Wheel Drive,20.600625,Mercedes-Benz,Automatic 5-spd,8.0,5.0
9724,Large Cars,Premium,Rear-Wheel Drive,21.974,Mercedes-Benz,Automatic 5-spd,8.0,5.0
9725,Large Cars,Premium,Rear-Wheel Drive,23.5435714285714,Mercedes-Benz,Automatic 5-spd,12.0,5.5
9726,Large Cars,Premium,Front-Wheel Drive,17.3478947368421,Pontiac,Automatic 4-spd,6.0,3.8
9727,Large Cars,Regular,Front-Wheel Drive,15.6957142857143,Pontiac,Automatic 4-spd,6.0,3.8
9728,Large Cars,Regular,Front-Wheel Drive,14.9822727272727,Toyota,Automatic 4-spd,6.0,3.0
9729,Small Station Wagons,Premium,4-Wheel or All-Wheel Drive,15.6957142857143,Audi,Manual 5-spd,4.0,1.8
9730,Small Station Wagons,Premium,4-Wheel or All-Wheel Drive,15.6957142857143,Audi,Automatic (S5),4.0,1.8
9731,Small Station Wagons,Premium,4-Wheel or All-Wheel Drive,18.3116666666667,Audi,Manual 6-spd,6.0,3.0
9732,Small Station Wagons,Premium,4-Wheel or All-Wheel Drive,17.3478947368421,Audi,Automatic (S5),6.0,3.0
9733,Subcompact Cars,Regular,Front-Wheel Drive,14.9822727272727,Mitsubishi,Automatic 3-spd,4.0,2.0
9734,Small Station Wagons,Premium,Rear-Wheel Drive,15.6957142857143,BMW,Automatic (S5),6.0,2.5
9735,Small Station Wagons,Premium,Rear-Wheel Drive,15.6957142857143,BMW,Manual 5-spd,6.0,2.5
9736,Small Station Wagons,Premium,4-Wheel or All-Wheel Drive,16.4805,BMW,Automatic (S5),6.0,2.5
9737,Small Station Wagons,Premium,4-Wheel or All-Wheel Drive,16.4805,BMW,Manual 5-spd,6.0,2.5
9738,Small Station Wagons,Premium,Rear-Wheel Drive,16.4805,BMW,Automatic (S5),6.0,2.5
9739,Small Station Wagons,Premium,Rear-Wheel Drive,17.3478947368421,BMW,Manual 5-spd,6.0,2.5
9740,Small Station Wagons,Premium,Rear-Wheel Drive,19.3888235294118,BMW,Automatic (S5),8.0,4.4
9741,Small Station Wagons,Regular,Front-Wheel Drive,16.4805,Daewoo,Automatic 4-spd,4.0,2.0
9742,Small Station Wagons,Regular,Front-Wheel Drive,14.9822727272727,Daewoo,Manual 5-spd,4.0,2.0
9743,Small Station Wagons,Premium,Rear-Wheel Drive,17.3478947368421,Mercedes-Benz,Automatic 5-spd,6.0,2.6
9744,Subcompact Cars,Regular,Front-Wheel Drive,13.73375,Mitsubishi,Manual 5-spd,4.0,2.0
9745,Small Station Wagons,Premium,Rear-Wheel Drive,18.3116666666667,Mercedes-Benz,Manual 6-spd,6.0,2.6
9746,Small Station Wagons,Premium,4-Wheel or All-Wheel Drive,17.3478947368421,Mercedes-Benz,Automatic 5-spd,6.0,2.6
9747,Small Station Wagons,Premium,Rear-Wheel Drive,16.4805,Mercedes-Benz,Automatic 5-spd,6.0,3.2
9748,Small Station Wagons,Premium,Rear-Wheel Drive,18.3116666666667,Mercedes-Benz,Manual 6-spd,6.0,3.2
9749,Small Station Wagons,Premium,4-Wheel or All-Wheel Drive,17.3478947368421,Mercedes-Benz,Automatic 5-spd,6.0,3.2
9750,Small Station Wagons,Regular,Front-Wheel Drive,12.2077777777778,Pontiac,Automatic 4-spd,4.0,1.8
9751,Small Station Wagons,Regular,4-Wheel or All-Wheel Drive,13.1844,Pontiac,Automatic 4-spd,4.0,1.8
9752,Small Station Wagons,Premium,Front-Wheel Drive,13.1844,Pontiac,Automatic 4-spd,4.0,1.8
9753,Small Station Wagons,Regular,Front-Wheel Drive,11.7717857142857,Pontiac,Manual 5-spd,4.0,1.8
9754,Small Station Wagons,Premium,Front-Wheel Drive,13.73375,Pontiac,Manual 6-spd,4.0,1.8
9755,Subcompact Cars,Regular,Front-Wheel Drive,12.2077777777778,Plymouth,Automatic 3-spd,4.0,1.5
9756,Small Station Wagons,Premium,4-Wheel or All-Wheel Drive,16.4805,Subaru,Automatic 4-spd,4.0,2.0
9757,Small Station Wagons,Premium,4-Wheel or All-Wheel Drive,16.4805,Subaru,Manual 5-spd,4.0,2.0
9758,Small Station Wagons,Regular,4-Wheel or All-Wheel Drive,15.6957142857143,Subaru,Automatic 4-spd,4.0,2.5
9759,Small Station Wagons,Regular,4-Wheel or All-Wheel Drive,15.6957142857143,Subaru,Manual 5-spd,4.0,2.5
9760,Small Station Wagons,Regular,Front-Wheel Drive,13.1844,Suzuki,Automatic 4-spd,4.0,2.0
9761,Small Station Wagons,Regular,Front-Wheel Drive,13.1844,Suzuki,Manual 5-spd,4.0,2.0
9762,Small Station Wagons,Regular,4-Wheel or All-Wheel Drive,14.3308695652174,Suzuki,Automatic 4-spd,4.0,2.0
9763,Small Station Wagons,Regular,Front-Wheel Drive,12.2077777777778,Toyota,Automatic 4-spd,4.0,1.8
9764,Small Station Wagons,Regular,4-Wheel or All-Wheel Drive,13.1844,Toyota,Automatic 4-spd,4.0,1.8
9765,Small Station Wagons,Premium,Front-Wheel Drive,13.1844,Toyota,Automatic 4-spd,4.0,1.8
9766,Subcompact Cars,Regular,Front-Wheel Drive,9.98818181818182,Plymouth,Manual 4-spd,4.0,1.5
9767,Small Station Wagons,Regular,Front-Wheel Drive,11.7717857142857,Toyota,Manual 5-spd,4.0,1.8
9768,Small Station Wagons,Premium,Front-Wheel Drive,13.73375,Toyota,Manual 6-spd,4.0,1.8
9769,Small Station Wagons,Diesel,Front-Wheel Drive,11.5813636363636,Volkswagen,Automatic 4-spd,4.0,1.9
9770,Small Station Wagons,Diesel,Front-Wheel Drive,9.79961538461539,Volkswagen,Manual 5-spd,4.0,1.9
9771,Small Station Wagons,Regular,Front-Wheel Drive,14.9822727272727,Volkswagen,Automatic 4-spd,4.0,2.0
9772,Small Station Wagons,Regular,Front-Wheel Drive,14.3308695652174,Volkswagen,Manual 5-spd,4.0,2.0
9773,Small Station Wagons,Premium,Front-Wheel Drive,14.9822727272727,Volvo,Automatic 5-spd,4.0,1.9
9774,Midsize Station Wagons,Premium,4-Wheel or All-Wheel Drive,17.3478947368421,Audi,Automatic (S5),6.0,3.0
9775,Midsize Station Wagons,Premium,4-Wheel or All-Wheel Drive,21.974,Audi,Automatic (S5),8.0,4.2
9776,Midsize Station Wagons,Regular,Front-Wheel Drive,12.6773076923077,Ford,Automatic 4-spd,4.0,2.0
9777,Subcompact Cars,Premium,Front-Wheel Drive,14.9822727272727,Plymouth,Automatic 3-spd,4.0,1.6
9778,Subcompact Cars,Regular,Front-Wheel Drive,10.6325806451613,Plymouth,Manual 5-spd,4.0,1.5
9779,Midsize Station Wagons,Regular,Front-Wheel Drive,13.73375,Ford,Automatic 4-spd,4.0,2.0
9780,Midsize Station Wagons,Regular,Front-Wheel Drive,12.2077777777778,Ford,Manual 5-spd,4.0,2.0
9781,Midsize Station Wagons,Regular,Front-Wheel Drive,13.73375,Ford,Manual 5-spd,4.0,2.0
9782,Midsize Station Wagons,Regular,Front-Wheel Drive,14.3308695652174,Ford,Automatic 4-spd,4.0,2.3
9783,Midsize Station Wagons,Regular,Front-Wheel Drive,13.1844,Ford,Manual 5-spd,4.0,2.3
9784,Midsize Station Wagons,Regular,Front-Wheel Drive,17.3478947368421,Ford,Automatic 4-spd,6.0,3.0
9785,Midsize Station Wagons,Regular,Front-Wheel Drive,17.3478947368421,Ford,Automatic 4-spd,6.0,3.0
9786,Midsize Station Wagons,Regular,Front-Wheel Drive,18.3116666666667,Lexus,Automatic 4-spd,6.0,3.0
9787,Midsize Station Wagons,Regular,4-Wheel or All-Wheel Drive,18.3116666666667,Lexus,Automatic 4-spd,6.0,3.0
9788,Midsize Station Wagons,Regular,Front-Wheel Drive,17.3478947368421,Mercury,Automatic 4-spd,6.0,3.0
9789,Subcompact Cars,Premium,Front-Wheel Drive,14.9822727272727,Plymouth,Automatic 3-spd,4.0,1.6
9790,Midsize Station Wagons,Regular,Front-Wheel Drive,17.3478947368421,Mercury,Automatic 4-spd,6.0,3.0
9791,Midsize Station Wagons,Premium,Rear-Wheel Drive,16.4805,Mercedes-Benz,Automatic 5-spd,6.0,3.2
9792,Midsize Station Wagons,Premium,4-Wheel or All-Wheel Drive,16.4805,Mercedes-Benz,Automatic 5-spd,6.0,3.2
9793,Midsize Station Wagons,Regular,Front-Wheel Drive,16.4805,Saab,Automatic 5-spd,4.0,2.3
9794,Midsize Station Wagons,Premium,Front-Wheel Drive,16.4805,Saab,Automatic 5-spd,4.0,2.3
9795,Midsize Station Wagons,Regular,Front-Wheel Drive,14.9822727272727,Saab,Manual 5-spd,4.0,2.3
9796,Midsize Station Wagons,Premium,Front-Wheel Drive,14.9822727272727,Saab,Manual 5-spd,4.0,2.3
9797,Midsize Station Wagons,Premium,Front-Wheel Drive,17.3478947368421,Saab,Automatic 5-spd,6.0,3.0
9798,Midsize Station Wagons,Regular,Front-Wheel Drive,13.73375,Saturn,Automatic 4-spd,4.0,2.2
9799,Midsize Station Wagons,Regular,Front-Wheel Drive,13.73375,Saturn,Manual 5-spd,4.0,2.2
9800,Subcompact Cars,Premium,Front-Wheel Drive,13.73375,Plymouth,Manual 5-spd,4.0,1.6
9801,Midsize Station Wagons,Regular,Front-Wheel Drive,15.6957142857143,Saturn,Automatic 4-spd,6.0,3.0
9802,Midsize Station Wagons,Regular,4-Wheel or All-Wheel Drive,14.9822727272727,Subaru,Automatic 4-spd,4.0,2.5
9803,Midsize Station Wagons,Regular,4-Wheel or All-Wheel Drive,15.6957142857143,Subaru,Manual 5-spd,4.0,2.5
9804,Midsize Station Wagons,Regular,4-Wheel or All-Wheel Drive,16.4805,Subaru,Automatic (S4),4.0,2.5
9805,Midsize Station Wagons,Premium,4-Wheel or All-Wheel Drive,17.3478947368421,Subaru,Automatic 4-spd,6.0,3.0
9806,Midsize Station Wagons,Premium,Front-Wheel Drive,14.3308695652174,Volkswagen,Manual 5-spd,4.0,1.8
9807,Midsize Station Wagons,Premium,Front-Wheel Drive,14.9822727272727,Volkswagen,Automatic (S5),4.0,1.8
9808,Midsize Station Wagons,Premium,Front-Wheel Drive,16.4805,Volkswagen,Manual 5-spd,6.0,2.8
9809,Midsize Station Wagons,Premium,Front-Wheel Drive,16.4805,Volkswagen,Automatic (S5),6.0,2.8
9810,Midsize Station Wagons,Premium,4-Wheel or All-Wheel Drive,17.3478947368421,Volkswagen,Automatic (S5),6.0,2.8
9811,Subcompact Cars,Premium,Rear-Wheel Drive,17.3478947368421,Plymouth,Automatic 4-spd,4.0,2.6
9812,Midsize Station Wagons,Premium,4-Wheel or All-Wheel Drive,18.3116666666667,Volkswagen,Automatic (S5),8.0,4.0
9813,Midsize Station Wagons,Premium,4-Wheel or All-Wheel Drive,17.3478947368421,Volvo,Automatic (S5),5.0,2.5
9814,Midsize Station Wagons,Premium,Front-Wheel Drive,16.4805,Volvo,Manual 5-spd,5.0,2.3
9815,Midsize Station Wagons,Premium,Front-Wheel Drive,16.4805,Volvo,Automatic (S5),5.0,2.3
9816,Midsize Station Wagons,Premium,Front-Wheel Drive,14.9822727272727,Volvo,Automatic 5-spd,5.0,2.4
9817,Midsize Station Wagons,Premium,Front-Wheel Drive,16.4805,Volvo,Automatic 5-spd,5.0,2.4
9818,Midsize Station Wagons,Premium,Front-Wheel Drive,14.9822727272727,Volvo,Manual 5-spd,5.0,2.4
9819,Small Pickup Trucks 2WD,Regular,Rear-Wheel Drive,17.3478947368421,Chevrolet,Automatic 4-spd,4.0,2.2
9820,Small Pickup Trucks 2WD,Regular,Rear-Wheel Drive,14.9822727272727,Chevrolet,Manual 5-spd,4.0,2.2
9821,Small Pickup Trucks 2WD,Regular,Rear-Wheel Drive,18.3116666666667,Chevrolet,Automatic 4-spd,6.0,4.3
9822,Subcompact Cars,Premium,Rear-Wheel Drive,18.3116666666667,Plymouth,Manual 5-spd,4.0,2.6
9823,Small Pickup Trucks 2WD,Regular,Rear-Wheel Drive,19.3888235294118,Chevrolet,Manual 5-spd,6.0,4.3
9824,Small Pickup Trucks 2WD,Regular,Rear-Wheel Drive,17.3478947368421,GMC,Automatic 4-spd,4.0,2.2
9825,Small Pickup Trucks 2WD,Regular,Rear-Wheel Drive,14.9822727272727,GMC,Manual 5-spd,4.0,2.2
9826,Small Pickup Trucks 2WD,Regular,Rear-Wheel Drive,19.3888235294118,GMC,Automatic 4-spd,6.0,4.3
9827,Small Pickup Trucks 2WD,Regular,Rear-Wheel Drive,19.3888235294118,GMC,Manual 5-spd,6.0,4.3
9828,Standard Pickup Trucks 2WD,Regular,Rear-Wheel Drive,20.600625,Chevrolet,Automatic 4-spd,6.0,4.3
9829,Standard Pickup Trucks 2WD,Regular,Rear-Wheel Drive,20.600625,Chevrolet,Manual 5-spd,6.0,4.3
9830,Standard Pickup Trucks 2WD,Regular,Rear-Wheel Drive,21.974,Chevrolet,Automatic 4-spd,8.0,4.8
9831,Standard Pickup Trucks 2WD,Regular,Rear-Wheel Drive,20.600625,Chevrolet,Manual 5-spd,8.0,4.8
9832,Standard Pickup Trucks 2WD,Regular,Rear-Wheel Drive,21.974,Chevrolet,Automatic 4-spd,8.0,5.3
9833,Subcompact Cars,Regular,Front-Wheel Drive,10.987,Plymouth,Manual 4-spd,4.0,1.6
9834,Standard Pickup Trucks 2WD,Regular,Rear-Wheel Drive,21.974,Chevrolet,Automatic 4-spd,8.0,5.3
9835,Standard Pickup Trucks 2WD,Regular,Rear-Wheel Drive,19.3888235294118,Dodge,Automatic 4-spd,6.0,3.9
9836,Standard Pickup Trucks 2WD,Regular,Rear-Wheel Drive,20.600625,Dodge,Manual 5-spd,6.0,3.9
9837,Standard Pickup Trucks 2WD,Regular,Rear-Wheel Drive,20.600625,Dodge,Automatic 5-spd,8.0,4.7
9838,Standard Pickup Trucks 2WD,Regular,Rear-Wheel Drive,21.974,Dodge,Manual 5-spd,8.0,4.7
9839,Standard Pickup Trucks 2WD,Regular,Rear-Wheel Drive,23.5435714285714,Dodge,Automatic 4-spd,8.0,5.9
9840,Standard Pickup Trucks 2WD,Regular,Rear-Wheel Drive,20.600625,Dodge,Automatic 4-spd,6.0,3.7
9841,Standard Pickup Trucks 2WD,Regular,Rear-Wheel Drive,20.600625,Dodge,Manual 5-spd,6.0,3.7
9842,Standard Pickup Trucks 2WD,Regular,Rear-Wheel Drive,21.974,Dodge,Automatic 5-spd,8.0,4.7
9843,Standard Pickup Trucks 2WD,Regular,Rear-Wheel Drive,21.974,Dodge,Manual 5-spd,8.0,4.7
9844,Subcompact Cars,Regular,Front-Wheel Drive,12.2077777777778,Plymouth,Manual 4-spd,4.0,1.6
9845,Standard Pickup Trucks 2WD,Regular,Rear-Wheel Drive,23.5435714285714,Dodge,Automatic 5-spd,8.0,5.7
9846,Standard Pickup Trucks 2WD,Regular,Rear-Wheel Drive,25.3546153846154,Dodge,Automatic 4-spd,8.0,5.9
9847,Standard Pickup Trucks 2WD,Regular,Rear-Wheel Drive,20.600625,Ford,Automatic 5-spd,6.0,4.0
9848,Standard Pickup Trucks 2WD,Regular,Rear-Wheel Drive,19.3888235294118,Ford,Manual 5-spd,6.0,4.0
9849,Standard Pickup Trucks 2WD,Regular,Rear-Wheel Drive,20.600625,Ford,Automatic 4-spd,6.0,4.2
9850,Standard Pickup Trucks 2WD,Regular,Rear-Wheel Drive,20.600625,Ford,Manual 5-spd,6.0,4.2
9851,Standard Pickup Trucks 2WD,Regular,Rear-Wheel Drive,20.600625,Ford,Automatic 4-spd,8.0,4.6
9852,Standard Pickup Trucks 2WD,Regular,Rear-Wheel Drive,21.974,Ford,Manual 5-spd,8.0,4.6
9853,Standard Pickup Trucks 2WD,Regular,Rear-Wheel Drive,21.974,Ford,Automatic 4-spd,8.0,5.4
9854,Standard Pickup Trucks 2WD,Premium,Rear-Wheel Drive,25.3546153846154,Ford,Automatic 4-spd,8.0,5.4
9855,Subcompact Cars,Regular,Front-Wheel Drive,13.73375,Plymouth,Automatic 3-spd,4.0,2.2
9856,Standard Pickup Trucks 2WD,Regular,Rear-Wheel Drive,14.9822727272727,Ford,Automatic 5-spd,4.0,2.3
9857,Standard Pickup Trucks 2WD,Regular,Rear-Wheel Drive,14.3308695652174,Ford,Manual 5-spd,4.0,2.3
9858,Standard Pickup Trucks 2WD,Regular,Rear-Wheel Drive,19.3888235294118,Ford,Automatic 5-spd,6.0,3.0
9859,Standard Pickup Trucks 2WD,Regular,Rear-Wheel Drive,18.3116666666667,Ford,Manual 5-spd,6.0,3.0
9860,Standard Pickup Trucks 2WD,Regular,Rear-Wheel Drive,20.600625,Ford,Automatic 5-spd,6.0,4.0
9861,Standard Pickup Trucks 2WD,Regular,Rear-Wheel Drive,19.3888235294118,Ford,Manual 5-spd,6.0,4.0
9862,Standard Pickup Trucks 2WD,Regular,Rear-Wheel Drive,20.600625,GMC,Automatic 4-spd,6.0,4.3
9863,Standard Pickup Trucks 2WD,Regular,Rear-Wheel Drive,20.600625,GMC,Manual 5-spd,6.0,4.3
9864,Standard Pickup Trucks 2WD,Regular,Rear-Wheel Drive,21.974,GMC,Automatic 4-spd,8.0,4.8
9865,Standard Pickup Trucks 2WD,Regular,Rear-Wheel Drive,20.600625,GMC,Manual 5-spd,8.0,4.8
9866,Subcompact Cars,Regular,Front-Wheel Drive,12.6773076923077,Plymouth,Manual 5-spd,4.0,2.2
9867,Standard Pickup Trucks 2WD,Regular,Rear-Wheel Drive,21.974,GMC,Automatic 4-spd,8.0,5.3
9868,Standard Pickup Trucks 2WD,Premium,Rear-Wheel Drive,25.3546153846154,Lincoln,Automatic 4-spd,8.0,5.4
9869,Standard Pickup Trucks 2WD,Regular,Rear-Wheel Drive,14.9822727272727,Mazda,Automatic 5-spd,4.0,2.3
9870,Standard Pickup Trucks 2WD,Regular,Rear-Wheel Drive,14.3308695652174,Mazda,Manual 5-spd,4.0,2.3
9871,Standard Pickup Trucks 2WD,Regular,Rear-Wheel Drive,19.3888235294118,Mazda,Automatic 5-spd,6.0,3.0
9872,Standard Pickup Trucks 2WD,Regular,Rear-Wheel Drive,18.3116666666667,Mazda,Manual 5-spd,6.0,3.0
9873,Standard Pickup Trucks 2WD,Regular,Rear-Wheel Drive,20.600625,Mazda,Automatic 5-spd,6.0,4.0
9874,Standard Pickup Trucks 2WD,Regular,Rear-Wheel Drive,19.3888235294118,Mazda,Manual 5-spd,6.0,4.0
9875,Standard Pickup Trucks 2WD,Regular,Rear-Wheel Drive,17.3478947368421,Nissan,Automatic 4-spd,4.0,2.4
9876,Standard Pickup Trucks 2WD,Regular,Rear-Wheel Drive,15.6957142857143,Nissan,Manual 5-spd,4.0,2.4
9877,Subcompact Cars,Premium,Front-Wheel Drive,14.9822727272727,Plymouth,Manual 5-spd,4.0,2.2
9878,Standard Pickup Trucks 2WD,Premium,Rear-Wheel Drive,21.974,Nissan,Automatic 4-spd,6.0,3.3
9879,Standard Pickup Trucks 2WD,Regular,Rear-Wheel Drive,20.600625,Nissan,Automatic 4-spd,6.0,3.3
9880,Standard Pickup Trucks 2WD,Premium,Rear-Wheel Drive,21.974,Nissan,Manual 5-spd,6.0,3.3
9881,Standard Pickup Trucks 2WD,Regular,Rear-Wheel Drive,19.3888235294118,Nissan,Manual 5-spd,6.0,3.3
9882,Standard Pickup Trucks 2WD,Regular,Rear-Wheel Drive,15.6957142857143,Toyota,Automatic 4-spd,4.0,2.4
9883,Standard Pickup Trucks 2WD,Regular,Rear-Wheel Drive,14.9822727272727,Toyota,Manual 5-spd,4.0,2.4
9884,Standard Pickup Trucks 2WD,Regular,Rear-Wheel Drive,18.3116666666667,Toyota,Automatic 4-spd,4.0,2.7
9885,Standard Pickup Trucks 2WD,Regular,Rear-Wheel Drive,20.600625,Toyota,Automatic 4-spd,6.0,3.4
9886,Standard Pickup Trucks 2WD,Regular,Rear-Wheel Drive,17.3478947368421,Toyota,Manual 5-spd,6.0,3.4
9887,Standard Pickup Trucks 2WD,Regular,Rear-Wheel Drive,20.600625,Toyota,Automatic 4-spd,6.0,3.4
9888,Subcompact Cars,Premium,Front-Wheel Drive,14.9822727272727,Plymouth,Automatic 3-spd,4.0,1.6
9889,Subcompact Cars,Regular,Rear-Wheel Drive,13.73375,Pontiac,Manual 5-spd,4.0,2.5
9890,Standard Pickup Trucks 2WD,Regular,Rear-Wheel Drive,20.600625,Toyota,Manual 5-spd,6.0,3.4
9891,Standard Pickup Trucks 2WD,Regular,Rear-Wheel Drive,21.974,Toyota,Automatic 4-spd,8.0,4.7
9892,Standard Pickup Trucks 4WD,Regular,4-Wheel or All-Wheel Drive,23.5435714285714,Chevrolet,Automatic 4-spd,6.0,4.3
9893,Standard Pickup Trucks 4WD,Regular,4-Wheel or All-Wheel Drive,23.5435714285714,Chevrolet,Manual 5-spd,6.0,4.3
9894,Standard Pickup Trucks 4WD,Regular,4-Wheel or All-Wheel Drive,23.5435714285714,Chevrolet,Automatic 4-spd,8.0,4.8
9895,Standard Pickup Trucks 4WD,Regular,4-Wheel or All-Wheel Drive,23.5435714285714,Chevrolet,Manual 5-spd,8.0,4.8
9896,Standard Pickup Trucks 4WD,Regular,4-Wheel or All-Wheel Drive,23.5435714285714,Chevrolet,Automatic 4-spd,8.0,5.3
9897,Standard Pickup Trucks 4WD,Regular,4-Wheel or All-Wheel Drive,25.3546153846154,Chevrolet,Automatic 4-spd,8.0,6.0
9898,Standard Pickup Trucks 4WD,Regular,4-Wheel or All-Wheel Drive,21.974,Chevrolet,Automatic 4-spd,6.0,4.3
9899,Standard Pickup Trucks 4WD,Regular,4-Wheel or All-Wheel Drive,23.5435714285714,Chevrolet,Manual 5-spd,6.0,4.3
9900,Subcompact Cars,Regular,Rear-Wheel Drive,16.4805,Pontiac,Automatic 4-spd,6.0,2.8
9901,Standard Pickup Trucks 4WD,Regular,4-Wheel or All-Wheel Drive,23.5435714285714,Dodge,Automatic 4-spd,6.0,3.9
9902,Standard Pickup Trucks 4WD,Regular,4-Wheel or All-Wheel Drive,21.974,Dodge,Manual 5-spd,6.0,3.9
9903,Standard Pickup Trucks 4WD,Regular,4-Wheel or All-Wheel Drive,23.5435714285714,Dodge,Automatic 5-spd,8.0,4.7
9904,Standard Pickup Trucks 4WD,Regular,4-Wheel or All-Wheel Drive,21.974,Dodge,Manual 5-spd,8.0,4.7
9905,Standard Pickup Trucks 4WD,Regular,4-Wheel or All-Wheel Drive,25.3546153846154,Dodge,Automatic 4-spd,8.0,5.9
9906,Standard Pickup Trucks 4WD,Regular,4-Wheel or All-Wheel Drive,23.5435714285714,Dodge,Automatic 5-spd,8.0,4.7
9907,Standard Pickup Trucks 4WD,Regular,4-Wheel or All-Wheel Drive,23.5435714285714,Dodge,Manual 5-spd,8.0,4.7
9908,Standard Pickup Trucks 4WD,Regular,4-Wheel or All-Wheel Drive,25.3546153846154,Dodge,Automatic 5-spd,8.0,5.7
9909,Standard Pickup Trucks 4WD,Regular,4-Wheel or All-Wheel Drive,25.3546153846154,Dodge,Automatic 4-spd,8.0,5.9
9910,Standard Pickup Trucks 4WD,Regular,4-Wheel or All-Wheel Drive,21.974,Ford,Automatic 5-spd,6.0,4.0
9911,Subcompact Cars,Regular,Rear-Wheel Drive,18.3116666666667,Pontiac,Manual 5-spd,6.0,2.8
9912,Standard Pickup Trucks 4WD,Regular,4-Wheel or All-Wheel Drive,20.600625,Ford,Manual 5-spd,6.0,4.0
9913,Standard Pickup Trucks 4WD,Regular,4-Wheel or All-Wheel Drive,21.974,Ford,Automatic 4-spd,6.0,4.2
9914,Standard Pickup Trucks 4WD,Regular,4-Wheel or All-Wheel Drive,20.600625,Ford,Manual 5-spd,6.0,4.2
9915,Standard Pickup Trucks 4WD,Regular,4-Wheel or All-Wheel Drive,21.974,Ford,Automatic 4-spd,8.0,4.6
9916,Standard Pickup Trucks 4WD,Regular,4-Wheel or All-Wheel Drive,23.5435714285714,Ford,Manual 5-spd,8.0,4.6
9917,Standard Pickup Trucks 4WD,Regular,4-Wheel or All-Wheel Drive,23.5435714285714,Ford,Automatic 4-spd,8.0,5.4
9918,Standard Pickup Trucks 4WD,Regular,4-Wheel or All-Wheel Drive,20.600625,Ford,Automatic 5-spd,6.0,3.0
9919,Standard Pickup Trucks 4WD,Regular,4-Wheel or All-Wheel Drive,19.3888235294118,Ford,Manual 5-spd,6.0,3.0
9920,Standard Pickup Trucks 4WD,Regular,4-Wheel or All-Wheel Drive,21.974,Ford,Automatic 5-spd,6.0,4.0
9921,Standard Pickup Trucks 4WD,Regular,4-Wheel or All-Wheel Drive,21.974,Ford,Manual 5-spd,6.0,4.0
9922,Subcompact Cars,Regular,Rear-Wheel Drive,18.3116666666667,Pontiac,Automatic 4-spd,8.0,5.0
9923,Standard Pickup Trucks 4WD,Regular,4-Wheel or All-Wheel Drive,21.974,GMC,Automatic 4-spd,6.0,4.3
9924,Standard Pickup Trucks 4WD,Regular,4-Wheel or All-Wheel Drive,23.5435714285714,GMC,Manual 5-spd,6.0,4.3
9925,Standard Pickup Trucks 4WD,Regular,4-Wheel or All-Wheel Drive,23.5435714285714,GMC,Automatic 4-spd,8.0,4.8
9926,Standard Pickup Trucks 4WD,Regular,4-Wheel or All-Wheel Drive,23.5435714285714,GMC,Manual 5-spd,8.0,4.8
9927,Standard Pickup Trucks 4WD,Regular,4-Wheel or All-Wheel Drive,23.5435714285714,GMC,Automatic 4-spd,8.0,5.3
9928,Standard Pickup Trucks 4WD,Regular,4-Wheel or All-Wheel Drive,25.3546153846154,GMC,Automatic 4-spd,8.0,6.0
9929,Standard Pickup Trucks 4WD,Regular,4-Wheel or All-Wheel Drive,21.974,GMC,Automatic 4-spd,6.0,4.3
9930,Standard Pickup Trucks 4WD,Regular,4-Wheel or All-Wheel Drive,23.5435714285714,GMC,Manual 5-spd,6.0,4.3
9931,Standard Pickup Trucks 4WD,Regular,4-Wheel or All-Wheel Drive,20.600625,Mazda,Automatic 5-spd,6.0,3.0
9932,Standard Pickup Trucks 4WD,Regular,4-Wheel or All-Wheel Drive,19.3888235294118,Mazda,Manual 5-spd,6.0,3.0
9933,Subcompact Cars,Regular,Rear-Wheel Drive,18.3116666666667,Pontiac,Manual 5-spd,8.0,5.0
9934,Standard Pickup Trucks 4WD,Regular,4-Wheel or All-Wheel Drive,21.974,Mazda,Automatic 5-spd,6.0,4.0
9935,Standard Pickup Trucks 4WD,Regular,4-Wheel or All-Wheel Drive,21.974,Mazda,Manual 5-spd,6.0,4.0
9936,Standard Pickup Trucks 4WD,Premium,4-Wheel or All-Wheel Drive,21.974,Nissan,Automatic 4-spd,6.0,3.3
9937,Standard Pickup Trucks 4WD,Regular,4-Wheel or All-Wheel Drive,20.600625,Nissan,Automatic 4-spd,6.0,3.3
9938,Standard Pickup Trucks 4WD,Premium,4-Wheel or All-Wheel Drive,23.5435714285714,Nissan,Manual 5-spd,6.0,3.3
9939,Standard Pickup Trucks 4WD,Regular,4-Wheel or All-Wheel Drive,19.3888235294118,Nissan,Manual 5-spd,6.0,3.3
9940,Standard Pickup Trucks 4WD,Regular,4-Wheel or All-Wheel Drive,18.3116666666667,Toyota,Automatic 4-spd,4.0,2.7
9941,Standard Pickup Trucks 4WD,Regular,4-Wheel or All-Wheel Drive,19.3888235294118,Toyota,Manual 5-spd,4.0,2.7
9942,Standard Pickup Trucks 4WD,Regular,4-Wheel or All-Wheel Drive,20.600625,Toyota,Automatic 4-spd,6.0,3.4
9943,Standard Pickup Trucks 4WD,Regular,4-Wheel or All-Wheel Drive,20.600625,Toyota,Manual 5-spd,6.0,3.4
9944,Subcompact Cars,Regular,Rear-Wheel Drive,18.3116666666667,Pontiac,Automatic 4-spd,8.0,5.0
9945,Standard Pickup Trucks 4WD,Regular,4-Wheel or All-Wheel Drive,21.974,Toyota,Automatic 4-spd,6.0,3.4
9946,Standard Pickup Trucks 4WD,Regular,4-Wheel or All-Wheel Drive,20.600625,Toyota,Manual 5-spd,6.0,3.4
9947,Standard Pickup Trucks 4WD,Regular,4-Wheel or All-Wheel Drive,23.5435714285714,Toyota,Automatic 4-spd,8.0,4.7
9948,"Vans, Cargo Type",Regular,Rear-Wheel Drive,19.3888235294118,Chevrolet,Automatic 4-spd,6.0,4.3
9949,"Vans, Cargo Type",Regular,Rear-Wheel Drive,21.974,Chevrolet,Automatic 4-spd,6.0,4.3
9950,"Vans, Cargo Type",Regular,4-Wheel or All-Wheel Drive,21.974,Chevrolet,Automatic 4-spd,6.0,4.3
9951,"Vans, Cargo Type",Regular,4-Wheel or All-Wheel Drive,23.5435714285714,Chevrolet,Automatic 4-spd,6.0,4.3
9952,"Vans, Cargo Type",Regular,Rear-Wheel Drive,21.974,Chevrolet,Automatic 4-spd,6.0,4.3
9953,"Vans, Cargo Type",Regular,Rear-Wheel Drive,23.5435714285714,Chevrolet,Automatic 4-spd,8.0,5.3
9954,"Vans, Cargo Type",Regular,Rear-Wheel Drive,21.974,Chevrolet,Automatic 4-spd,6.0,4.3
9955,Subcompact Cars,Regular,Front-Wheel Drive,9.15583333333333,Pontiac,Automatic 3-spd,3.0,1.0
9956,"Vans, Cargo Type",Regular,Rear-Wheel Drive,23.5435714285714,Chevrolet,Automatic 4-spd,8.0,5.3
9957,"Vans, Cargo Type",Regular,4-Wheel or All-Wheel Drive,25.3546153846154,Chevrolet,Automatic 4-spd,8.0,5.3
9958,"Vans, Cargo Type",Regular,4-Wheel or All-Wheel Drive,23.5435714285714,Chevrolet,Automatic 4-spd,8.0,5.3
9959,"Vans, Cargo Type",Regular,Rear-Wheel Drive,23.5435714285714,Dodge,Automatic 3-spd,6.0,3.9
9960,"Vans, Cargo Type",Regular,Rear-Wheel Drive,23.5435714285714,Dodge,Automatic 4-spd,8.0,5.2
9961,"Vans, Cargo Type",Regular,Rear-Wheel Drive,23.5435714285714,Dodge,Automatic 4-spd,8.0,5.9
9962,"Vans, Cargo Type",Regular,Rear-Wheel Drive,25.3546153846154,Dodge,Automatic 3-spd,6.0,3.9
9963,"Vans, Cargo Type",Regular,Rear-Wheel Drive,23.5435714285714,Dodge,Automatic 4-spd,8.0,5.2
9964,"Vans, Cargo Type",Regular,Rear-Wheel Drive,25.3546153846154,Dodge,Automatic 4-spd,8.0,5.9
9965,"Vans, Cargo Type",Regular,Rear-Wheel Drive,21.974,Ford,Automatic 4-spd,6.0,4.2
9966,Subcompact Cars,Regular,Front-Wheel Drive,8.24025,Pontiac,Manual 5-spd,3.0,1.0
9967,"Vans, Cargo Type",Regular,Rear-Wheel Drive,20.600625,Ford,Automatic 4-spd,8.0,4.6
9968,"Vans, Cargo Type",Regular,Rear-Wheel Drive,25.3546153846154,Ford,Automatic 4-spd,8.0,5.4
9969,"Vans, Cargo Type",Regular,Rear-Wheel Drive,23.5435714285714,Ford,Automatic 4-spd,6.0,4.2
9970,"Vans, Cargo Type",Regular,Rear-Wheel Drive,23.5435714285714,Ford,Automatic 4-spd,8.0,4.6
9971,"Vans, Cargo Type",Regular,Rear-Wheel Drive,25.3546153846154,Ford,Automatic 4-spd,8.0,5.4
9972,"Vans, Cargo Type",Regular,Rear-Wheel Drive,21.974,GMC,Automatic 4-spd,6.0,4.3
9973,"Vans, Cargo Type",Regular,Rear-Wheel Drive,23.5435714285714,GMC,Automatic 4-spd,8.0,5.3
9974,"Vans, Cargo Type",Regular,Rear-Wheel Drive,21.974,GMC,Automatic 4-spd,6.0,4.3
9975,"Vans, Cargo Type",Regular,Rear-Wheel Drive,21.974,GMC,Automatic 4-spd,8.0,5.3
9976,"Vans, Cargo Type",Regular,4-Wheel or All-Wheel Drive,25.3546153846154,GMC,Automatic 4-spd,8.0,5.3
9977,Subcompact Cars,Premium,Front-Wheel Drive,16.4805,Pontiac,Automatic 3-spd,4.0,1.8
9978,"Vans, Cargo Type",Regular,4-Wheel or All-Wheel Drive,23.5435714285714,GMC,Automatic 4-spd,8.0,5.3
9979,"Vans, Cargo Type",Regular,Rear-Wheel Drive,19.3888235294118,GMC,Automatic 4-spd,6.0,4.3
9980,"Vans, Cargo Type",Regular,Rear-Wheel Drive,21.974,GMC,Automatic 4-spd,6.0,4.3
9981,"Vans, Cargo Type",Regular,4-Wheel or All-Wheel Drive,21.974,GMC,Automatic 4-spd,6.0,4.3
9982,"Vans, Cargo Type",Regular,4-Wheel or All-Wheel Drive,23.5435714285714,GMC,Automatic 4-spd,6.0,4.3
9983,"Vans, Passenger Type",Regular,Rear-Wheel Drive,20.600625,Chevrolet,Automatic 4-spd,6.0,4.3
9984,"Vans, Passenger Type",Regular,4-Wheel or All-Wheel Drive,23.5435714285714,Chevrolet,Automatic 4-spd,6.0,4.3
9985,"Vans, Passenger Type",Regular,Rear-Wheel Drive,21.974,Chevrolet,Automatic 4-spd,6.0,4.3
9986,"Vans, Passenger Type",Regular,Rear-Wheel Drive,23.5435714285714,Chevrolet,Automatic 4-spd,8.0,5.3
9987,"Vans, Passenger Type",Regular,4-Wheel or All-Wheel Drive,25.3546153846154,Chevrolet,Automatic 4-spd,8.0,5.3
9988,Subcompact Cars,Regular,Front-Wheel Drive,13.73375,Pontiac,Automatic 3-spd,4.0,1.8
9989,"Vans, Passenger Type",Regular,Rear-Wheel Drive,23.5435714285714,Ford,Automatic 4-spd,6.0,4.2
9990,"Vans, Passenger Type",Regular,Rear-Wheel Drive,23.5435714285714,Ford,Automatic 4-spd,8.0,4.6
9991,"Vans, Passenger Type",Regular,Rear-Wheel Drive,23.5435714285714,Ford,Automatic 4-spd,8.0,5.4
9992,"Vans, Passenger Type",Regular,Rear-Wheel Drive,21.974,GMC,Automatic 4-spd,6.0,4.3
9993,"Vans, Passenger Type",Regular,Rear-Wheel Drive,23.5435714285714,GMC,Automatic 4-spd,8.0,5.3
9994,"Vans, Passenger Type",Regular,4-Wheel or All-Wheel Drive,25.3546153846154,GMC,Automatic 4-spd,8.0,5.3
9995,"Vans, Passenger Type",Regular,Rear-Wheel Drive,20.600625,GMC,Automatic 4-spd,6.0,4.3
9996,"Vans, Passenger Type",Regular,4-Wheel or All-Wheel Drive,23.5435714285714,GMC,Automatic 4-spd,6.0,4.3
9997,Minivan - 2WD,Premium,Front-Wheel Drive,20.600625,Volkswagen,Automatic 4-spd,6.0,2.8
9998,Minivan - 2WD,Regular,Front-Wheel Drive,16.4805,Chevrolet,Automatic 4-spd,6.0,3.4
9999,Two Seaters,Regular,Rear-Wheel Drive,23.5435714285714,Mercedes-Benz,Automatic 4-spd,8.0,5.0
10000,Subcompact Cars,Premium,Front-Wheel Drive,13.73375,Plymouth,Manual 5-spd,4.0,1.6
10001,Subcompact Cars,Premium,Front-Wheel Drive,15.6957142857143,Pontiac,Manual 4-spd,4.0,1.8
10002,Minivan - 2WD,Regular,Front-Wheel Drive,15.6957142857143,Chrysler,Automatic 4-spd,4.0,2.4
10003,Minivan - 2WD,Regular,Front-Wheel Drive,17.3478947368421,Chrysler,Automatic 4-spd,6.0,3.8
10004,Minivan - 2WD,Regular,Front-Wheel Drive,15.6957142857143,Dodge,Automatic 4-spd,4.0,2.4
10005,Minivan - 2WD,Regular,Front-Wheel Drive,17.3478947368421,Dodge,Automatic 4-spd,6.0,3.8
10006,Minivan - 2WD,Regular,Front-Wheel Drive,18.3116666666667,Ford,Automatic 4-spd,6.0,3.8
10007,Minivan - 2WD,Regular,Front-Wheel Drive,18.3116666666667,Ford,Automatic 4-spd,6.0,3.8
10008,Minivan - 2WD,Regular,Front-Wheel Drive,17.3478947368421,Honda,Automatic 5-spd,6.0,3.5
10009,Minivan - 2WD,Regular,Front-Wheel Drive,20.600625,Kia,Automatic 5-spd,6.0,3.5
10010,Minivan - 2WD,Regular,Front-Wheel Drive,18.3116666666667,Mazda,Automatic 5-spd,6.0,3.0
10011,Minivan - 2WD,Regular,Front-Wheel Drive,16.4805,Oldsmobile,Automatic 4-spd,6.0,3.4
10012,Subcompact Cars,Regular,Front-Wheel Drive,12.6773076923077,Pontiac,Manual 5-spd,4.0,1.8
10013,Minivan - 2WD,Regular,Front-Wheel Drive,16.4805,Pontiac,Automatic 4-spd,6.0,3.4
10014,Minivan - 2WD,Regular,Front-Wheel Drive,17.3478947368421,Toyota,Automatic 4-spd,6.0,3.0
10015,Minivan - 2WD,Premium,Front-Wheel Drive,20.600625,Volkswagen,Automatic 4-spd,6.0,2.8
10016,Minivan - 4WD,Regular,4-Wheel or All-Wheel Drive,18.3116666666667,Chevrolet,Automatic 4-spd,6.0,3.4
10017,Minivan - 4WD,Regular,4-Wheel or All-Wheel Drive,19.3888235294118,Chrysler,Automatic 4-spd,6.0,3.8
10018,Minivan - 4WD,Regular,4-Wheel or All-Wheel Drive,19.3888235294118,Dodge,Automatic 4-spd,6.0,3.8
10019,Minivan - 4WD,Regular,4-Wheel or All-Wheel Drive,18.3116666666667,Oldsmobile,Automatic 4-spd,6.0,3.4
10020,Minivan - 4WD,Regular,4-Wheel or All-Wheel Drive,18.3116666666667,Pontiac,Automatic 4-spd,6.0,3.4
10021,Sport Utility Vehicle - 2WD,Regular,Front-Wheel Drive,16.4805,Buick,Automatic 4-spd,6.0,3.4
10022,Sport Utility Vehicle - 2WD,Regular,Rear-Wheel Drive,23.5435714285714,Cadillac,Automatic 4-spd,8.0,5.3
10023,Subcompact Cars,Regular,Front-Wheel Drive,11.3658620689655,Pontiac,Automatic 3-spd,4.0,1.5
10024,Sport Utility Vehicle - 2WD,Regular,Rear-Wheel Drive,19.3888235294118,Chevrolet,Automatic 4-spd,6.0,4.3
10025,Sport Utility Vehicle - 2WD,Regular,Rear-Wheel Drive,20.600625,Chevrolet,Manual 5-spd,6.0,4.3
10026,Sport Utility Vehicle - 2WD,Regular,Rear-Wheel Drive,23.5435714285714,Chevrolet,Automatic 4-spd,8.0,5.3
10027,Sport Utility Vehicle - 2WD,Regular,Rear-Wheel Drive,23.5435714285714,Chevrolet,Automatic 4-spd,8.0,5.3
10028,Sport Utility Vehicle - 2WD,Regular,Rear-Wheel Drive,23.5435714285714,Chevrolet,Automatic 4-spd,8.0,4.8
10029,Sport Utility Vehicle - 2WD,Regular,Rear-Wheel Drive,23.5435714285714,Chevrolet,Automatic 4-spd,8.0,5.3
10030,Sport Utility Vehicle - 2WD,Regular,Rear-Wheel Drive,14.9822727272727,Chevrolet,Automatic 4-spd,4.0,2.0
10031,Sport Utility Vehicle - 2WD,Regular,Rear-Wheel Drive,14.9822727272727,Chevrolet,Manual 5-spd,4.0,2.0
10032,Sport Utility Vehicle - 2WD,Regular,Rear-Wheel Drive,14.9822727272727,Chevrolet,Automatic 4-spd,4.0,2.0
10033,Sport Utility Vehicle - 2WD,Regular,Rear-Wheel Drive,14.9822727272727,Chevrolet,Manual 5-spd,4.0,2.0
10034,Subcompact Cars,Regular,Front-Wheel Drive,9.69441176470588,Pontiac,Manual 5-spd,4.0,1.5
10035,Sport Utility Vehicle - 2WD,Regular,Rear-Wheel Drive,18.3116666666667,Chevrolet,Automatic 4-spd,6.0,2.5
10036,Sport Utility Vehicle - 2WD,Regular,Rear-Wheel Drive,18.3116666666667,Chevrolet,Automatic 4-spd,6.0,2.5
10037,Sport Utility Vehicle - 2WD,Regular,Rear-Wheel Drive,20.600625,Chevrolet,Automatic 4-spd,6.0,4.2
10038,Sport Utility Vehicle - 2WD,Regular,Rear-Wheel Drive,20.600625,Chevrolet,Automatic 4-spd,6.0,4.2
10039,Sport Utility Vehicle - 2WD,Regular,Rear-Wheel Drive,21.974,Chevrolet,Automatic 4-spd,8.0,5.3
10040,Sport Utility Vehicle - 2WD,Premium,Front-Wheel Drive,17.3478947368421,Chrysler,Automatic 4-spd,4.0,2.4
10041,Sport Utility Vehicle - 2WD,Regular,Front-Wheel Drive,16.4805,Chrysler,Automatic 4-spd,4.0,2.4
10042,Sport Utility Vehicle - 2WD,Premium,Front-Wheel Drive,15.6957142857143,Chrysler,Manual 5-spd,4.0,2.4
10043,Sport Utility Vehicle - 2WD,Regular,Front-Wheel Drive,14.9822727272727,Chrysler,Manual 5-spd,4.0,2.4
10044,Sport Utility Vehicle - 2WD,Regular,Rear-Wheel Drive,21.974,Dodge,Automatic 5-spd,8.0,4.7
10045,Subcompact Cars,Regular,Rear-Wheel Drive,13.73375,Pontiac,Automatic 3-spd,4.0,1.6
10046,Sport Utility Vehicle - 2WD,Regular,Rear-Wheel Drive,25.3546153846154,Dodge,Automatic 4-spd,8.0,5.9
10047,Sport Utility Vehicle - 2WD,Regular,Front-Wheel Drive,14.9822727272727,Ford,Manual 5-spd,4.0,2.0
10048,Sport Utility Vehicle - 2WD,Regular,Front-Wheel Drive,17.3478947368421,Ford,Automatic 4-spd,6.0,3.0
10049,Sport Utility Vehicle - 2WD,Regular,Rear-Wheel Drive,23.5435714285714,Ford,Automatic 4-spd,8.0,4.6
10050,Sport Utility Vehicle - 2WD,Regular,Rear-Wheel Drive,23.5435714285714,Ford,Automatic 4-spd,8.0,5.4
10051,Sport Utility Vehicle - 2WD,Regular,Rear-Wheel Drive,21.974,Ford,Automatic 5-spd,8.0,4.6
10052,Sport Utility Vehicle - 2WD,Regular,Rear-Wheel Drive,20.600625,Ford,Automatic 5-spd,6.0,4.0
10053,Sport Utility Vehicle - 2WD,Regular,Rear-Wheel Drive,19.3888235294118,Ford,Manual 5-spd,6.0,4.0
10054,Sport Utility Vehicle - 2WD,Regular,Rear-Wheel Drive,23.5435714285714,GMC,Automatic 4-spd,8.0,4.8
10055,Sport Utility Vehicle - 2WD,Regular,Rear-Wheel Drive,23.5435714285714,GMC,Automatic 4-spd,8.0,5.3
10056,Subcompact Cars,Regular,Rear-Wheel Drive,12.2077777777778,Pontiac,Manual 4-spd,4.0,1.6
10057,Sport Utility Vehicle - 2WD,Regular,Rear-Wheel Drive,23.5435714285714,GMC,Automatic 4-spd,8.0,5.3
10058,Sport Utility Vehicle - 2WD,Regular,Rear-Wheel Drive,20.600625,GMC,Automatic 4-spd,6.0,4.2
10059,Sport Utility Vehicle - 2WD,Regular,Rear-Wheel Drive,20.600625,GMC,Automatic 4-spd,6.0,4.2
10060,Sport Utility Vehicle - 2WD,Regular,Rear-Wheel Drive,21.974,GMC,Automatic 4-spd,8.0,5.3
10061,Sport Utility Vehicle - 2WD,Regular,Rear-Wheel Drive,19.3888235294118,GMC,Automatic 4-spd,6.0,4.3
10062,Sport Utility Vehicle - 2WD,Regular,Rear-Wheel Drive,20.600625,GMC,Manual 5-spd,6.0,4.3
10063,Sport Utility Vehicle - 2WD,Regular,Front-Wheel Drive,14.9822727272727,Honda,Automatic 4-spd,4.0,2.4
10064,Sport Utility Vehicle - 2WD,Regular,Front-Wheel Drive,15.6957142857143,Honda,Automatic 4-spd,4.0,2.4
10065,Sport Utility Vehicle - 2WD,Regular,Front-Wheel Drive,15.6957142857143,Honda,Manual 5-spd,4.0,2.4
10066,Sport Utility Vehicle - 2WD,Regular,Front-Wheel Drive,16.4805,Hyundai,Automatic 4-spd,4.0,2.4
10067,Subcompact Cars,Regular,Rear-Wheel Drive,12.6773076923077,Pontiac,Manual 5-spd,4.0,1.6
10068,Sport Utility Vehicle - 2WD,Regular,Front-Wheel Drive,16.4805,Hyundai,Manual 5-spd,4.0,2.4
10069,Sport Utility Vehicle - 2WD,Regular,Front-Wheel Drive,16.4805,Hyundai,Automatic 4-spd,6.0,2.7
10070,Sport Utility Vehicle - 2WD,Regular,Front-Wheel Drive,19.3888235294118,Hyundai,Automatic 5-spd,6.0,3.5
10071,Sport Utility Vehicle - 2WD,Regular,Rear-Wheel Drive,19.3888235294118,Infiniti,Automatic (S5),6.0,3.5
10072,Sport Utility Vehicle - 2WD,Regular,Rear-Wheel Drive,20.600625,Infiniti,Automatic 4-spd,6.0,3.5
10073,Sport Utility Vehicle - 2WD,Regular,Rear-Wheel Drive,20.600625,Isuzu,Automatic 4-spd,6.0,4.2
10074,Sport Utility Vehicle - 2WD,Regular,Rear-Wheel Drive,21.974,Isuzu,Automatic 4-spd,8.0,5.3
10075,Sport Utility Vehicle - 2WD,Regular,Rear-Wheel Drive,20.600625,Isuzu,Automatic 4-spd,6.0,3.5
10076,Sport Utility Vehicle - 2WD,Regular,Rear-Wheel Drive,18.3116666666667,Isuzu,Automatic 4-spd,4.0,2.2
10077,Sport Utility Vehicle - 2WD,Regular,Rear-Wheel Drive,17.3478947368421,Isuzu,Manual 5-spd,4.0,2.2
10078,Subcompact Cars,Regular,Front-Wheel Drive,16.4805,Renault,Automatic 3-spd,4.0,1.7
10079,Sport Utility Vehicle - 2WD,Regular,Rear-Wheel Drive,19.3888235294118,Isuzu,Automatic 4-spd,6.0,3.2
10080,Sport Utility Vehicle - 2WD,Regular,Rear-Wheel Drive,18.3116666666667,Isuzu,Automatic 4-spd,4.0,2.2
10081,Sport Utility Vehicle - 2WD,Regular,Rear-Wheel Drive,17.3478947368421,Isuzu,Manual 5-spd,4.0,2.2
10082,Sport Utility Vehicle - 2WD,Regular,Rear-Wheel Drive,19.3888235294118,Isuzu,Automatic 4-spd,6.0,3.2
10083,Sport Utility Vehicle - 2WD,Regular,Rear-Wheel Drive,20.600625,Jeep,Automatic 4-spd,6.0,4.0
10084,Sport Utility Vehicle - 2WD,Regular,Rear-Wheel Drive,20.600625,Jeep,Automatic 5-spd,8.0,4.7
10085,Sport Utility Vehicle - 2WD,Regular,Rear-Wheel Drive,17.3478947368421,Jeep,Manual 5-spd,4.0,2.4
10086,Sport Utility Vehicle - 2WD,Regular,Rear-Wheel Drive,19.3888235294118,Jeep,Automatic 4-spd,6.0,3.7
10087,Sport Utility Vehicle - 2WD,Regular,Rear-Wheel Drive,19.3888235294118,Jeep,Manual 5-spd,6.0,3.7
10088,Sport Utility Vehicle - 2WD,Regular,Rear-Wheel Drive,21.974,Kia,Automatic 4-spd,6.0,3.5
10089,Subcompact Cars,Regular,Front-Wheel Drive,12.6773076923077,Renault,Manual 5-spd,4.0,1.7
10090,Sport Utility Vehicle - 2WD,Regular,Rear-Wheel Drive,23.5435714285714,Lincoln,Automatic 5-spd,8.0,4.6
10091,Sport Utility Vehicle - 2WD,Premium,Rear-Wheel Drive,25.3546153846154,Lincoln,Automatic 4-spd,8.0,5.4
10092,Sport Utility Vehicle - 2WD,Regular,Front-Wheel Drive,14.9822727272727,Mazda,Manual 5-spd,4.0,2.0
10093,Sport Utility Vehicle - 2WD,Regular,Front-Wheel Drive,17.3478947368421,Mazda,Automatic 4-spd,6.0,3.0
10094,Sport Utility Vehicle - 2WD,Regular,Rear-Wheel Drive,21.974,Mercury,Automatic 5-spd,8.0,4.6
10095,Sport Utility Vehicle - 2WD,Regular,Rear-Wheel Drive,18.3116666666667,Mitsubishi,Automatic 4-spd,6.0,3.0
10096,Sport Utility Vehicle - 2WD,Regular,Rear-Wheel Drive,19.3888235294118,Mitsubishi,Automatic 4-spd,6.0,3.5
10097,Sport Utility Vehicle - 2WD,Regular,Rear-Wheel Drive,18.3116666666667,Mitsubishi,Automatic 4-spd,6.0,3.0
10098,Sport Utility Vehicle - 2WD,Regular,Front-Wheel Drive,15.6957142857143,Mitsubishi,Automatic (S4),4.0,2.4
10099,Sport Utility Vehicle - 2WD,Regular,Front-Wheel Drive,16.4805,Nissan,Automatic (variable gear ratios),6.0,3.5
10100,Subcompact Cars,Regular,Front-Wheel Drive,17.3478947368421,Renault,Automatic 3-spd,4.0,2.2
10101,Sport Utility Vehicle - 2WD,Regular,Rear-Wheel Drive,20.600625,Nissan,Automatic 4-spd,6.0,3.5
10102,Sport Utility Vehicle - 2WD,Regular,Rear-Wheel Drive,20.600625,Nissan,Manual 5-spd,6.0,3.5
10103,Sport Utility Vehicle - 2WD,Regular,Rear-Wheel Drive,17.3478947368421,Nissan,Manual 5-spd,4.0,2.4
10104,Sport Utility Vehicle - 2WD,Premium,Rear-Wheel Drive,21.974,Nissan,Automatic 4-spd,6.0,3.3
10105,Sport Utility Vehicle - 2WD,Regular,Rear-Wheel Drive,20.600625,Nissan,Automatic 4-spd,6.0,3.3
10106,Sport Utility Vehicle - 2WD,Premium,Rear-Wheel Drive,21.974,Nissan,Manual 5-spd,6.0,3.3
10107,Sport Utility Vehicle - 2WD,Regular,Rear-Wheel Drive,19.3888235294118,Nissan,Manual 5-spd,6.0,3.3
10108,Sport Utility Vehicle - 2WD,Regular,Rear-Wheel Drive,20.600625,Oldsmobile,Automatic 4-spd,6.0,4.2
10109,Sport Utility Vehicle - 2WD,Regular,Front-Wheel Drive,16.4805,Pontiac,Automatic 4-spd,6.0,3.4
10110,Sport Utility Vehicle - 2WD,Regular,Front-Wheel Drive,14.9822727272727,Saturn,Automatic (variable gear ratios),4.0,2.2
10111,Subcompact Cars,Premium,Front-Wheel Drive,13.73375,Plymouth,Manual 5-spd,4.0,1.6
10112,Subcompact Cars,Regular,Front-Wheel Drive,14.3308695652174,Renault,Manual 5-spd,4.0,2.2
10113,Sport Utility Vehicle - 2WD,Regular,Front-Wheel Drive,14.9822727272727,Saturn,Manual 5-spd,4.0,2.2
10114,Sport Utility Vehicle - 2WD,Regular,Front-Wheel Drive,16.4805,Saturn,Automatic 5-spd,6.0,3.0
10115,Sport Utility Vehicle - 2WD,Regular,Rear-Wheel Drive,18.3116666666667,Suzuki,Automatic 4-spd,6.0,2.5
10116,Sport Utility Vehicle - 2WD,Regular,Rear-Wheel Drive,18.3116666666667,Suzuki,Manual 5-spd,6.0,2.5
10117,Sport Utility Vehicle - 2WD,Regular,Rear-Wheel Drive,19.3888235294118,Suzuki,Automatic 4-spd,6.0,2.7
10118,Sport Utility Vehicle - 2WD,Regular,Rear-Wheel Drive,19.3888235294118,Suzuki,Manual 5-spd,6.0,2.7
10119,Sport Utility Vehicle - 2WD,Regular,Rear-Wheel Drive,15.6957142857143,Suzuki,Automatic 4-spd,4.0,2.0
10120,Sport Utility Vehicle - 2WD,Regular,Rear-Wheel Drive,14.9822727272727,Suzuki,Manual 5-spd,4.0,2.0
10121,Sport Utility Vehicle - 2WD,Regular,Rear-Wheel Drive,15.6957142857143,Suzuki,Automatic 4-spd,4.0,2.0
10122,Sport Utility Vehicle - 2WD,Regular,Rear-Wheel Drive,15.6957142857143,Suzuki,Manual 5-spd,4.0,2.0
10123,Subcompact Cars,Regular,Rear-Wheel Drive,41.20125,Rolls-Royce,Automatic 3-spd,8.0,6.8
10124,Sport Utility Vehicle - 2WD,Regular,Rear-Wheel Drive,18.3116666666667,Toyota,Automatic 4-spd,6.0,4.0
10125,Sport Utility Vehicle - 2WD,Regular,Rear-Wheel Drive,20.600625,Toyota,Automatic 5-spd,8.0,4.7
10126,Sport Utility Vehicle - 2WD,Regular,Front-Wheel Drive,14.9822727272727,Toyota,Automatic 4-spd,4.0,2.4
10127,Sport Utility Vehicle - 2WD,Regular,Front-Wheel Drive,18.3116666666667,Toyota,Automatic 4-spd,6.0,3.0
10128,Sport Utility Vehicle - 2WD,Regular,Front-Wheel Drive,14.3308695652174,Toyota,Automatic 4-spd,4.0,2.0
10129,Sport Utility Vehicle - 2WD,Regular,Front-Wheel Drive,13.73375,Toyota,Manual 5-spd,4.0,2.0
10130,Sport Utility Vehicle - 2WD,Regular,Rear-Wheel Drive,23.5435714285714,Toyota,Automatic 4-spd,8.0,4.7
10131,Sport Utility Vehicle - 2WD,Premium,Front-Wheel Drive,18.3116666666667,Volvo,Automatic (S5),5.0,2.5
10132,Sport Utility Vehicle - 4WD,Premium,4-Wheel or All-Wheel Drive,19.3888235294118,Acura,Automatic 5-spd,6.0,3.5
10133,Sport Utility Vehicle - 4WD,Premium,4-Wheel or All-Wheel Drive,19.3888235294118,Audi,Manual 6-spd,6.0,2.7
10134,Subcompact Cars,Regular,Front-Wheel Drive,11.3658620689655,Subaru,Manual 4-spd,4.0,1.6
10135,Sport Utility Vehicle - 4WD,Premium,4-Wheel or All-Wheel Drive,19.3888235294118,Audi,Automatic (S5),6.0,2.7
10136,Sport Utility Vehicle - 4WD,Premium,4-Wheel or All-Wheel Drive,20.600625,BMW,Automatic 5-spd,6.0,3.0
10137,Sport Utility Vehicle - 4WD,Premium,4-Wheel or All-Wheel Drive,20.600625,BMW,Manual 5-spd,6.0,3.0
10138,Sport Utility Vehicle - 4WD,Premium,4-Wheel or All-Wheel Drive,23.5435714285714,BMW,Automatic 5-spd,8.0,4.4
10139,Sport Utility Vehicle - 4WD,Premium,4-Wheel or All-Wheel Drive,23.5435714285714,BMW,Automatic 5-spd,8.0,4.6
10140,Sport Utility Vehicle - 4WD,Regular,4-Wheel or All-Wheel Drive,18.3116666666667,Buick,Automatic 4-spd,6.0,3.4
10141,Sport Utility Vehicle - 4WD,Regular,4-Wheel or All-Wheel Drive,25.3546153846154,Cadillac,Automatic 4-spd,8.0,6.0
10142,Sport Utility Vehicle - 4WD,Regular,4-Wheel or All-Wheel Drive,25.3546153846154,Cadillac,Automatic 4-spd,8.0,6.0
10143,Sport Utility Vehicle - 4WD,Regular,4-Wheel or All-Wheel Drive,25.3546153846154,Cadillac,Automatic 4-spd,8.0,6.0
10144,Sport Utility Vehicle - 4WD,Regular,4-Wheel or All-Wheel Drive,21.974,Chevrolet,Automatic 4-spd,6.0,4.3
10145,Subcompact Cars,Regular,Front-Wheel Drive,12.6773076923077,Subaru,Manual 5-spd,4.0,1.6
10146,Sport Utility Vehicle - 4WD,Regular,4-Wheel or All-Wheel Drive,21.974,Chevrolet,Manual 5-spd,6.0,4.3
10147,Sport Utility Vehicle - 4WD,Regular,4-Wheel or All-Wheel Drive,25.3546153846154,Chevrolet,Automatic 4-spd,8.0,5.3
10148,Sport Utility Vehicle - 4WD,Regular,4-Wheel or All-Wheel Drive,25.3546153846154,Chevrolet,Automatic 4-spd,8.0,5.3
10149,Sport Utility Vehicle - 4WD,Regular,4-Wheel or All-Wheel Drive,25.3546153846154,Chevrolet,Automatic 4-spd,8.0,5.3
10150,Sport Utility Vehicle - 4WD,Regular,4-Wheel or All-Wheel Drive,25.3546153846154,Chevrolet,Automatic 4-spd,8.0,5.3
10151,Sport Utility Vehicle - 4WD,Regular,4-Wheel or All-Wheel Drive,23.5435714285714,Chevrolet,Automatic 4-spd,8.0,4.8
10152,Sport Utility Vehicle - 4WD,Regular,4-Wheel or All-Wheel Drive,25.3546153846154,Chevrolet,Automatic 4-spd,8.0,5.3
10153,Sport Utility Vehicle - 4WD,Regular,4-Wheel or All-Wheel Drive,25.3546153846154,Chevrolet,Automatic 4-spd,8.0,5.3
10154,Sport Utility Vehicle - 4WD,Regular,4-Wheel or All-Wheel Drive,15.6957142857143,Chevrolet,Automatic 4-spd,4.0,2.0
10155,Sport Utility Vehicle - 4WD,Regular,4-Wheel or All-Wheel Drive,15.6957142857143,Chevrolet,Manual 5-spd,4.0,2.0
10156,Subcompact Cars,Regular,Front-Wheel Drive,14.9822727272727,Subaru,Automatic 3-spd,4.0,1.8
10157,Sport Utility Vehicle - 4WD,Regular,4-Wheel or All-Wheel Drive,15.6957142857143,Chevrolet,Automatic 4-spd,4.0,2.0
10158,Sport Utility Vehicle - 4WD,Regular,4-Wheel or All-Wheel Drive,15.6957142857143,Chevrolet,Manual 5-spd,4.0,2.0
10159,Sport Utility Vehicle - 4WD,Regular,4-Wheel or All-Wheel Drive,19.3888235294118,Chevrolet,Automatic 4-spd,6.0,2.5
10160,Sport Utility Vehicle - 4WD,Regular,4-Wheel or All-Wheel Drive,19.3888235294118,Chevrolet,Automatic 4-spd,6.0,2.5
10161,Sport Utility Vehicle - 4WD,Regular,4-Wheel or All-Wheel Drive,19.3888235294118,Chevrolet,Automatic 4-spd,6.0,2.5
10162,Sport Utility Vehicle - 4WD,Regular,4-Wheel or All-Wheel Drive,15.6957142857143,Chevrolet,Automatic 4-spd,4.0,2.0
10163,Sport Utility Vehicle - 4WD,Regular,4-Wheel or All-Wheel Drive,15.6957142857143,Chevrolet,Manual 5-spd,4.0,2.0
10164,Sport Utility Vehicle - 4WD,Regular,4-Wheel or All-Wheel Drive,21.974,Chevrolet,Automatic 4-spd,6.0,4.2
10165,Sport Utility Vehicle - 4WD,Regular,4-Wheel or All-Wheel Drive,21.974,Chevrolet,Automatic 4-spd,6.0,4.2
10166,Sport Utility Vehicle - 4WD,Regular,4-Wheel or All-Wheel Drive,23.5435714285714,Chevrolet,Automatic 4-spd,8.0,5.3
10167,Subcompact Cars,Regular,Front-Wheel Drive,13.1844,Subaru,Manual 5-spd,4.0,1.8
10168,Sport Utility Vehicle - 4WD,Regular,4-Wheel or All-Wheel Drive,23.5435714285714,Dodge,Automatic 5-spd,8.0,4.7
10169,Sport Utility Vehicle - 4WD,Regular,4-Wheel or All-Wheel Drive,25.3546153846154,Dodge,Automatic 4-spd,8.0,5.9
10170,Sport Utility Vehicle - 4WD,Regular,4-Wheel or All-Wheel Drive,15.6957142857143,Ford,Manual 5-spd,4.0,2.0
10171,Sport Utility Vehicle - 4WD,Regular,4-Wheel or All-Wheel Drive,18.3116666666667,Ford,Automatic 4-spd,6.0,3.0
10172,Sport Utility Vehicle - 4WD,Regular,4-Wheel or All-Wheel Drive,23.5435714285714,Ford,Automatic 4-spd,8.0,4.6
10173,Sport Utility Vehicle - 4WD,Regular,4-Wheel or All-Wheel Drive,23.5435714285714,Ford,Automatic 4-spd,8.0,5.4
10174,Sport Utility Vehicle - 4WD,Regular,4-Wheel or All-Wheel Drive,21.974,Ford,Automatic 5-spd,8.0,4.6
10175,Sport Utility Vehicle - 4WD,Regular,4-Wheel or All-Wheel Drive,21.974,Ford,Automatic 5-spd,6.0,4.0
10176,Sport Utility Vehicle - 4WD,Regular,4-Wheel or All-Wheel Drive,21.974,Ford,Manual 5-spd,6.0,4.0
10177,Sport Utility Vehicle - 4WD,Regular,4-Wheel or All-Wheel Drive,21.974,GMC,Automatic 4-spd,6.0,4.2
10178,Subcompact Cars,Regular,Front-Wheel Drive,15.6957142857143,Subaru,Automatic 3-spd,4.0,1.8
10179,Sport Utility Vehicle - 4WD,Regular,4-Wheel or All-Wheel Drive,21.974,GMC,Automatic 4-spd,6.0,4.2
10180,Sport Utility Vehicle - 4WD,Regular,4-Wheel or All-Wheel Drive,23.5435714285714,GMC,Automatic 4-spd,8.0,5.3
10181,Sport Utility Vehicle - 4WD,Regular,4-Wheel or All-Wheel Drive,21.974,GMC,Automatic 4-spd,6.0,4.3
10182,Sport Utility Vehicle - 4WD,Regular,4-Wheel or All-Wheel Drive,21.974,GMC,Manual 5-spd,6.0,4.3
10183,Sport Utility Vehicle - 4WD,Regular,4-Wheel or All-Wheel Drive,23.5435714285714,GMC,Automatic 4-spd,8.0,4.8
10184,Sport Utility Vehicle - 4WD,Regular,4-Wheel or All-Wheel Drive,25.3546153846154,GMC,Automatic 4-spd,8.0,5.3
10185,Sport Utility Vehicle - 4WD,Regular,4-Wheel or All-Wheel Drive,25.3546153846154,GMC,Automatic 4-spd,8.0,5.3
10186,Sport Utility Vehicle - 4WD,Regular,4-Wheel or All-Wheel Drive,25.3546153846154,GMC,Automatic 4-spd,8.0,6.0
10187,Sport Utility Vehicle - 4WD,Regular,4-Wheel or All-Wheel Drive,25.3546153846154,GMC,Automatic 4-spd,8.0,5.3
10188,Sport Utility Vehicle - 4WD,Regular,4-Wheel or All-Wheel Drive,25.3546153846154,GMC,Automatic 4-spd,8.0,5.3
10189,Subcompact Cars,Regular,Front-Wheel Drive,14.3308695652174,Subaru,Automatic 3-spd,4.0,1.8
10190,Sport Utility Vehicle - 4WD,Regular,4-Wheel or All-Wheel Drive,25.3546153846154,GMC,Automatic 4-spd,8.0,6.0
10191,Sport Utility Vehicle - 4WD,Regular,4-Wheel or All-Wheel Drive,15.6957142857143,Honda,Automatic 4-spd,4.0,2.4
10192,Sport Utility Vehicle - 4WD,Regular,4-Wheel or All-Wheel Drive,15.6957142857143,Honda,Manual 5-spd,4.0,2.4
10193,Sport Utility Vehicle - 4WD,Regular,4-Wheel or All-Wheel Drive,16.4805,Honda,Automatic 4-spd,4.0,2.4
10194,Sport Utility Vehicle - 4WD,Regular,4-Wheel or All-Wheel Drive,19.3888235294118,Honda,Automatic 5-spd,6.0,3.5
10195,Sport Utility Vehicle - 4WD,Regular,4-Wheel or All-Wheel Drive,18.3116666666667,Hyundai,Automatic 4-spd,6.0,2.7
10196,Sport Utility Vehicle - 4WD,Regular,4-Wheel or All-Wheel Drive,19.3888235294118,Hyundai,Automatic 5-spd,6.0,3.5
10197,Sport Utility Vehicle - 4WD,Regular,4-Wheel or All-Wheel Drive,19.3888235294118,Infiniti,Automatic (S5),6.0,3.5
10198,Sport Utility Vehicle - 4WD,Premium,4-Wheel or All-Wheel Drive,21.974,Infiniti,Automatic (S5),8.0,4.5
10199,Sport Utility Vehicle - 4WD,Regular,4-Wheel or All-Wheel Drive,21.974,Infiniti,Automatic 4-spd,6.0,3.5
10200,Subcompact Cars,Regular,Front-Wheel Drive,13.73375,Subaru,Manual 5-spd,4.0,1.8
10201,Sport Utility Vehicle - 4WD,Regular,4-Wheel or All-Wheel Drive,21.974,Isuzu,Automatic 4-spd,6.0,4.2
10202,Sport Utility Vehicle - 4WD,Regular,4-Wheel or All-Wheel Drive,23.5435714285714,Isuzu,Automatic 4-spd,8.0,5.3
10203,Sport Utility Vehicle - 4WD,Regular,4-Wheel or All-Wheel Drive,20.600625,Isuzu,Automatic 4-spd,6.0,3.5
10204,Sport Utility Vehicle - 4WD,Regular,4-Wheel or All-Wheel Drive,19.3888235294118,Isuzu,Automatic 4-spd,6.0,3.2
10205,Sport Utility Vehicle - 4WD,Regular,4-Wheel or All-Wheel Drive,19.3888235294118,Isuzu,Manual 5-spd,6.0,3.2
10206,Sport Utility Vehicle - 4WD,Regular,4-Wheel or All-Wheel Drive,19.3888235294118,Isuzu,Automatic 4-spd,6.0,3.2
10207,Sport Utility Vehicle - 4WD,Regular,4-Wheel or All-Wheel Drive,20.600625,Jeep,Automatic 4-spd,6.0,4.0
10208,Sport Utility Vehicle - 4WD,Regular,4-Wheel or All-Wheel Drive,20.600625,Jeep,Automatic 5-spd,8.0,4.7
10209,Sport Utility Vehicle - 4WD,Regular,4-Wheel or All-Wheel Drive,17.3478947368421,Jeep,Manual 5-spd,4.0,2.4
10210,Sport Utility Vehicle - 4WD,Regular,4-Wheel or All-Wheel Drive,19.3888235294118,Jeep,Automatic 4-spd,6.0,3.7
10211,Subcompact Cars,Regular,Front-Wheel Drive,13.1844,Subaru,Manual 5-spd,4.0,1.8
10212,Sport Utility Vehicle - 4WD,Regular,4-Wheel or All-Wheel Drive,19.3888235294118,Jeep,Manual 5-spd,6.0,3.7
10213,Sport Utility Vehicle - 4WD,Regular,4-Wheel or All-Wheel Drive,19.3888235294118,Jeep,Automatic 4-spd,4.0,2.4
10214,Sport Utility Vehicle - 4WD,Regular,4-Wheel or All-Wheel Drive,19.3888235294118,Jeep,Manual 5-spd,4.0,2.4
10215,Sport Utility Vehicle - 4WD,Regular,4-Wheel or All-Wheel Drive,20.600625,Jeep,Automatic 4-spd,6.0,4.0
10216,Sport Utility Vehicle - 4WD,Regular,4-Wheel or All-Wheel Drive,20.600625,Jeep,Manual 5-spd,6.0,4.0
10217,Sport Utility Vehicle - 4WD,Regular,4-Wheel or All-Wheel Drive,21.974,Kia,Automatic 4-spd,6.0,3.5
10218,Sport Utility Vehicle - 4WD,Regular,4-Wheel or All-Wheel Drive,19.3888235294118,Land Rover,Automatic 5-spd,6.0,2.5
10219,Sport Utility Vehicle - 4WD,Regular,4-Wheel or All-Wheel Drive,19.3888235294118,Land Rover,Automatic 5-spd,6.0,2.5
10220,Sport Utility Vehicle - 4WD,Premium,4-Wheel or All-Wheel Drive,27.4675,Land Rover,Automatic 4-spd,8.0,4.6
10221,Sport Utility Vehicle - 4WD,Premium,4-Wheel or All-Wheel Drive,25.3546153846154,Land Rover,Automatic 5-spd,8.0,4.4
10222,Subcompact Cars,Premium,Rear-Wheel Drive,17.3478947368421,Plymouth,Automatic 4-spd,4.0,2.6
10223,Subcompact Cars,Regular,Front-Wheel Drive,14.9822727272727,Toyota,Automatic 4-spd,4.0,2.0
10224,Sport Utility Vehicle - 4WD,Regular,4-Wheel or All-Wheel Drive,21.974,Lexus,Automatic 5-spd,8.0,4.7
10225,Sport Utility Vehicle - 4WD,Regular,4-Wheel or All-Wheel Drive,25.3546153846154,Lexus,Automatic 5-spd,8.0,4.7
10226,Sport Utility Vehicle - 4WD,Regular,4-Wheel or All-Wheel Drive,23.5435714285714,Lincoln,Automatic 5-spd,8.0,4.6
10227,Sport Utility Vehicle - 4WD,Regular,4-Wheel or All-Wheel Drive,15.6957142857143,Mazda,Manual 5-spd,4.0,2.0
10228,Sport Utility Vehicle - 4WD,Regular,4-Wheel or All-Wheel Drive,18.3116666666667,Mazda,Automatic 4-spd,6.0,3.0
10229,Sport Utility Vehicle - 4WD,Premium,4-Wheel or All-Wheel Drive,27.4675,Mercedes-Benz,Automatic 5-spd,8.0,5.0
10230,Sport Utility Vehicle - 4WD,Premium,4-Wheel or All-Wheel Drive,25.3546153846154,Mercedes-Benz,Automatic 5-spd,8.0,5.5
10231,Sport Utility Vehicle - 4WD,Premium,4-Wheel or All-Wheel Drive,21.974,Mercedes-Benz,Automatic 5-spd,6.0,3.2
10232,Sport Utility Vehicle - 4WD,Premium,4-Wheel or All-Wheel Drive,21.974,Mercedes-Benz,Automatic 5-spd,6.0,3.7
10233,Sport Utility Vehicle - 4WD,Premium,4-Wheel or All-Wheel Drive,23.5435714285714,Mercedes-Benz,Automatic 5-spd,8.0,5.0
10234,Subcompact Cars,Regular,Front-Wheel Drive,13.73375,Toyota,Automatic 4-spd,4.0,2.0
10235,Sport Utility Vehicle - 4WD,Premium,4-Wheel or All-Wheel Drive,23.5435714285714,Mercedes-Benz,Automatic 5-spd,8.0,5.5
10236,Sport Utility Vehicle - 4WD,Regular,4-Wheel or All-Wheel Drive,21.974,Mercury,Automatic 5-spd,8.0,4.6
10237,Sport Utility Vehicle - 4WD,Premium,Rear-Wheel Drive,21.974,Mitsubishi,Automatic 4-spd,6.0,3.8
10238,Sport Utility Vehicle - 4WD,Premium,Rear-Wheel Drive,21.974,Mitsubishi,Automatic (S5),6.0,3.8
10239,Sport Utility Vehicle - 4WD,Regular,4-Wheel or All-Wheel Drive,19.3888235294118,Mitsubishi,Automatic 4-spd,6.0,3.0
10240,Sport Utility Vehicle - 4WD,Regular,4-Wheel or All-Wheel Drive,21.974,Mitsubishi,Automatic 4-spd,6.0,3.5
10241,Sport Utility Vehicle - 4WD,Regular,4-Wheel or All-Wheel Drive,16.4805,Mitsubishi,Automatic (S4),4.0,2.4
10242,Sport Utility Vehicle - 4WD,Regular,4-Wheel or All-Wheel Drive,16.4805,Nissan,Automatic (variable gear ratios),6.0,3.5
10243,Sport Utility Vehicle - 4WD,Regular,4-Wheel or All-Wheel Drive,21.974,Nissan,Automatic 4-spd,6.0,3.5
10244,Sport Utility Vehicle - 4WD,Regular,4-Wheel or All-Wheel Drive,20.600625,Nissan,Manual 5-spd,6.0,3.5
10245,Subcompact Cars,Regular,Front-Wheel Drive,14.9822727272727,Toyota,Manual 5-spd,4.0,2.0
10246,Sport Utility Vehicle - 4WD,Premium,4-Wheel or All-Wheel Drive,21.974,Nissan,Automatic 4-spd,6.0,3.3
10247,Sport Utility Vehicle - 4WD,Regular,4-Wheel or All-Wheel Drive,20.600625,Nissan,Automatic 4-spd,6.0,3.3
10248,Sport Utility Vehicle - 4WD,Premium,4-Wheel or All-Wheel Drive,21.974,Nissan,Manual 5-spd,6.0,3.3
10249,Sport Utility Vehicle - 4WD,Regular,4-Wheel or All-Wheel Drive,20.600625,Nissan,Manual 5-spd,6.0,3.3
10250,Sport Utility Vehicle - 4WD,Regular,4-Wheel or All-Wheel Drive,21.974,Oldsmobile,Automatic 4-spd,6.0,4.2
10251,Sport Utility Vehicle - 4WD,Regular,4-Wheel or All-Wheel Drive,18.3116666666667,Pontiac,Automatic 4-spd,6.0,3.4
10252,Sport Utility Vehicle - 4WD,Regular,4-Wheel or All-Wheel Drive,15.6957142857143,Saturn,Automatic (variable gear ratios),4.0,2.2
10253,Sport Utility Vehicle - 4WD,Regular,4-Wheel or All-Wheel Drive,17.3478947368421,Saturn,Automatic 5-spd,6.0,3.0
10254,Sport Utility Vehicle - 4WD,Regular,4-Wheel or All-Wheel Drive,16.4805,Subaru,Automatic 4-spd,4.0,2.5
10255,Sport Utility Vehicle - 4WD,Regular,4-Wheel or All-Wheel Drive,16.4805,Subaru,Manual 5-spd,4.0,2.5
10256,Subcompact Cars,Regular,Front-Wheel Drive,13.73375,Toyota,Manual 5-spd,4.0,2.0
10257,Sport Utility Vehicle - 4WD,Regular,4-Wheel or All-Wheel Drive,15.6957142857143,Subaru,Automatic 4-spd,4.0,2.5
10258,Sport Utility Vehicle - 4WD,Regular,4-Wheel or All-Wheel Drive,15.6957142857143,Subaru,Manual 5-spd,4.0,2.5
10259,Sport Utility Vehicle - 4WD,Regular,4-Wheel or All-Wheel Drive,19.3888235294118,Suzuki,Automatic 4-spd,6.0,2.5
10260,Sport Utility Vehicle - 4WD,Regular,4-Wheel or All-Wheel Drive,18.3116666666667,Suzuki,Manual 5-spd,6.0,2.5
10261,Sport Utility Vehicle - 4WD,Regular,4-Wheel or All-Wheel Drive,20.600625,Suzuki,Automatic 4-spd,6.0,2.7
10262,Sport Utility Vehicle - 4WD,Regular,4-Wheel or All-Wheel Drive,19.3888235294118,Suzuki,Manual 5-spd,6.0,2.7
10263,Sport Utility Vehicle - 4WD,Regular,4-Wheel or All-Wheel Drive,15.6957142857143,Suzuki,Automatic 4-spd,4.0,2.0
10264,Sport Utility Vehicle - 4WD,Regular,4-Wheel or All-Wheel Drive,15.6957142857143,Suzuki,Manual 5-spd,4.0,2.0
10265,Sport Utility Vehicle - 4WD,Regular,4-Wheel or All-Wheel Drive,15.6957142857143,Suzuki,Automatic 4-spd,4.0,2.0
10266,Sport Utility Vehicle - 4WD,Regular,4-Wheel or All-Wheel Drive,15.6957142857143,Suzuki,Manual 5-spd,4.0,2.0
10267,Subcompact Cars,Premium,Rear-Wheel Drive,17.3478947368421,Toyota,Automatic 4-spd,6.0,2.8
10268,Sport Utility Vehicle - 4WD,Regular,4-Wheel or All-Wheel Drive,19.3888235294118,Toyota,Automatic 4-spd,6.0,4.0
10269,Sport Utility Vehicle - 4WD,Regular,4-Wheel or All-Wheel Drive,21.974,Toyota,Automatic 5-spd,8.0,4.7
10270,Sport Utility Vehicle - 4WD,Regular,4-Wheel or All-Wheel Drive,17.3478947368421,Toyota,Automatic 4-spd,4.0,2.4
10271,Sport Utility Vehicle - 4WD,Regular,4-Wheel or All-Wheel Drive,18.3116666666667,Toyota,Automatic 4-spd,6.0,3.0
10272,Sport Utility Vehicle - 4WD,Regular,4-Wheel or All-Wheel Drive,25.3546153846154,Toyota,Automatic 5-spd,8.0,4.7
10273,Sport Utility Vehicle - 4WD,Regular,4-Wheel or All-Wheel Drive,14.9822727272727,Toyota,Automatic 4-spd,4.0,2.0
10274,Sport Utility Vehicle - 4WD,Regular,4-Wheel or All-Wheel Drive,14.9822727272727,Toyota,Manual 5-spd,4.0,2.0
10275,Sport Utility Vehicle - 4WD,Regular,4-Wheel or All-Wheel Drive,23.5435714285714,Toyota,Automatic 4-spd,8.0,4.7
10276,Sport Utility Vehicle - 4WD,Premium,4-Wheel or All-Wheel Drive,17.3478947368421,Volvo,Automatic (S5),5.0,2.5
10277,Sport Utility Vehicle - 4WD,Premium,4-Wheel or All-Wheel Drive,18.3116666666667,Volvo,Automatic (S5),5.0,2.5
10278,Subcompact Cars,Premium,Rear-Wheel Drive,18.3116666666667,Toyota,Manual 5-spd,6.0,2.8
10279,Sport Utility Vehicle - 4WD,Premium,4-Wheel or All-Wheel Drive,20.600625,Volvo,Automatic (S4),6.0,2.9
10280,Standard Pickup Trucks 2WD,CNG,Rear-Wheel Drive,0.143076923076923,Ford,Automatic 4-spd,8.0,5.4
10281,"Vans, Cargo Type",CNG,Rear-Wheel Drive,0.143076923076923,Dodge,Automatic 4-spd,8.0,5.2
10282,Standard Pickup Trucks 2WD,Gasoline or propane,Rear-Wheel Drive,21.974,Ford,Automatic 4-spd,8.0,5.4
10283,Standard Pickup Trucks 4WD,Gasoline or propane,4-Wheel or All-Wheel Drive,21.974,Ford,Automatic 4-spd,8.0,5.4
10284,Minivan - 2WD,Gasoline or E85,Front-Wheel Drive,16.4805,Chrysler,Automatic 4-spd,6.0,3.3
10285,Minivan - 2WD,Gasoline or E85,Front-Wheel Drive,16.4805,Dodge,Automatic 4-spd,6.0,3.3
10286,Sport Utility Vehicle - 2WD,Gasoline or E85,Rear-Wheel Drive,23.5435714285714,Chevrolet,Automatic 4-spd,8.0,5.3
10287,Sport Utility Vehicle - 2WD,Gasoline or E85,Rear-Wheel Drive,21.974,Chevrolet,Automatic 4-spd,8.0,5.3
10288,Sport Utility Vehicle - 2WD,Gasoline or E85,Rear-Wheel Drive,21.974,GMC,Automatic 4-spd,8.0,5.3
10289,Subcompact Cars,Regular,Rear-Wheel Drive,12.6773076923077,Toyota,Automatic 4-spd,4.0,1.6
10290,Sport Utility Vehicle - 2WD,Gasoline or E85,Rear-Wheel Drive,23.5435714285714,GMC,Automatic 4-spd,8.0,5.3
10291,Sport Utility Vehicle - 4WD,Gasoline or E85,4-Wheel or All-Wheel Drive,20.600625,Ford,Automatic 5-spd,6.0,4.0
10292,Sport Utility Vehicle - 4WD,Gasoline or E85,4-Wheel or All-Wheel Drive,20.600625,Mercury,Automatic 5-spd,6.0,4.0
10293,Sport Utility Vehicle - 2WD,Gasoline or E85,Rear-Wheel Drive,20.600625,Ford,Automatic 5-spd,6.0,4.0
10294,Standard Pickup Trucks 2WD,Gasoline or E85,Rear-Wheel Drive,19.3888235294118,Ford,Automatic 5-spd,6.0,3.0
10295,Standard Pickup Trucks 2WD,Gasoline or E85,Rear-Wheel Drive,19.3888235294118,Mazda,Automatic 5-spd,6.0,3.0
10296,Sport Utility Vehicle - 2WD,Gasoline or E85,Rear-Wheel Drive,20.600625,Mercury,Automatic 5-spd,6.0,4.0
10297,Standard Pickup Trucks 2WD,Gasoline or E85,Rear-Wheel Drive,21.974,Chevrolet,Automatic 4-spd,8.0,5.3
10298,Standard Pickup Trucks 2WD,Gasoline or E85,Rear-Wheel Drive,21.974,GMC,Automatic 4-spd,8.0,5.3
10299,Sport Utility Vehicle - 2WD,Gasoline or E85,Rear-Wheel Drive,23.5435714285714,Chevrolet,Automatic 4-spd,8.0,5.3
10300,Subcompact Cars,Regular,Rear-Wheel Drive,12.2077777777778,Toyota,Manual 5-spd,4.0,1.6
10301,Compact Cars,Gasoline or E85,Front-Wheel Drive,15.6957142857143,Chrysler,Automatic 4-spd,6.0,2.7
10302,Midsize Cars,Gasoline or E85,Front-Wheel Drive,15.6957142857143,Chrysler,Automatic 4-spd,6.0,2.7
10303,Midsize Cars,Gasoline or E85,Front-Wheel Drive,15.6957142857143,Dodge,Automatic 4-spd,6.0,2.7
10304,Subcompact Cars,Gasoline or natural gas,Front-Wheel Drive,13.73375,Chevrolet,Automatic 4-spd,4.0,2.2
10305,Minivan - 2WD,Gasoline or E85,Front-Wheel Drive,17.3478947368421,Chrysler,Automatic 4-spd,6.0,3.3
10306,Sport Utility Vehicle - 4WD,Gasoline or E85,4-Wheel or All-Wheel Drive,23.5435714285714,GMC,Automatic 4-spd,8.0,5.3
10307,Sport Utility Vehicle - 4WD,Gasoline or E85,4-Wheel or All-Wheel Drive,23.5435714285714,GMC,Automatic 4-spd,8.0,5.3
10308,Sport Utility Vehicle - 4WD,Gasoline or E85,4-Wheel or All-Wheel Drive,23.5435714285714,GMC,Automatic 4-spd,8.0,5.3
10309,Sport Utility Vehicle - 4WD,Gasoline or E85,4-Wheel or All-Wheel Drive,23.5435714285714,GMC,Automatic 4-spd,8.0,5.3
10310,Standard Pickup Trucks 4WD,Gasoline or E85,4-Wheel or All-Wheel Drive,23.5435714285714,Chevrolet,Automatic 4-spd,8.0,5.3
10311,Subcompact Cars,Regular,Rear-Wheel Drive,13.1844,Toyota,Manual 5-spd,4.0,1.6
10312,Standard Pickup Trucks 4WD,Gasoline or E85,4-Wheel or All-Wheel Drive,23.5435714285714,GMC,Automatic 4-spd,8.0,5.3
10313,Sport Utility Vehicle - 4WD,Gasoline or E85,4-Wheel or All-Wheel Drive,23.5435714285714,Chevrolet,Automatic 4-spd,8.0,5.3
10314,Sport Utility Vehicle - 4WD,Gasoline or E85,4-Wheel or All-Wheel Drive,23.5435714285714,Chevrolet,Automatic 4-spd,8.0,5.3
10315,Sport Utility Vehicle - 4WD,Gasoline or E85,4-Wheel or All-Wheel Drive,23.5435714285714,Chevrolet,Automatic 4-spd,8.0,5.3
10316,Sport Utility Vehicle - 4WD,Gasoline or E85,4-Wheel or All-Wheel Drive,23.5435714285714,Chevrolet,Automatic 4-spd,8.0,5.3
10317,Sport Utility Vehicle - 4WD,Gasoline or E85,4-Wheel or All-Wheel Drive,23.5435714285714,Chevrolet,Automatic 4-spd,8.0,5.3
10318,Standard Pickup Trucks 2WD,Gasoline or natural gas,Rear-Wheel Drive,32.961,Chevrolet,Automatic 4-spd,8.0,6.0
10319,Midsize Cars,Gasoline or E85,Front-Wheel Drive,16.4805,Mercury,Automatic 4-spd,6.0,3.0
10320,Large Cars,Gasoline or E85,Front-Wheel Drive,16.4805,Ford,Automatic 4-spd,6.0,3.0
10321,Midsize Station Wagons,Gasoline or E85,Front-Wheel Drive,17.3478947368421,Ford,Automatic 4-spd,6.0,3.0
10322,Subcompact Cars,Premium,Rear-Wheel Drive,18.3116666666667,Toyota,Automatic 4-spd,6.0,3.0
10323,Midsize Station Wagons,Gasoline or E85,Front-Wheel Drive,17.3478947368421,Mercury,Automatic 4-spd,6.0,3.0
10324,Sport Utility Vehicle - 4WD,Gasoline or E85,4-Wheel or All-Wheel Drive,23.5435714285714,Chevrolet,Automatic 4-spd,8.0,5.3
10325,Compact Cars,CNG,Front-Wheel Drive,0.0664285714285714,Honda,Automatic (variable gear ratios),4.0,1.7
10326,Large Cars,CNG,Rear-Wheel Drive,0.132857142857143,Ford,Automatic 4-spd,8.0,4.6
10327,Standard Pickup Trucks 2WD,Gasoline or natural gas,Rear-Wheel Drive,25.3546153846154,Ford,Automatic 4-spd,8.0,5.4
10328,Standard Pickup Trucks 4WD,Gasoline or natural gas,4-Wheel or All-Wheel Drive,27.4675,Ford,Automatic 4-spd,8.0,5.4
10329,Sport Utility Vehicle - 2WD,Electricity,2-Wheel Drive,0.258,Toyota,,,
10330,Minicompact Cars,Premium,Front-Wheel Drive,13.1844,MINI,Manual 6-spd,4.0,1.6
10331,Minicompact Cars,Premium,Front-Wheel Drive,13.1844,MINI,Automatic (variable gear ratios),4.0,1.6
10332,Minicompact Cars,Premium,Front-Wheel Drive,11.7717857142857,MINI,Manual 5-spd,4.0,1.6
10333,Subcompact Cars,Premium,Rear-Wheel Drive,17.3478947368421,Plymouth,Automatic 4-spd,4.0,2.6
10334,Subcompact Cars,Premium,Rear-Wheel Drive,19.3888235294118,Toyota,Manual 5-spd,6.0,3.0
10335,Large Cars,Premium,Rear-Wheel Drive,20.600625,BMW,Automatic (S6),12.0,6.0
10336,Compact Cars,Regular,Front-Wheel Drive,8.24025,Honda,Automatic (variable gear ratios),4.0,1.3
10337,Compact Cars,Regular,Front-Wheel Drive,8.24025,Honda,Manual 5-spd,4.0,1.3
10338,Two Seaters,Premium,Rear-Wheel Drive,15.6957142857143,BMW,Automatic (S6),6.0,3.0
10339,Minicompact Cars,Premium,Front-Wheel Drive,13.73375,Volkswagen,Manual 5-spd,4.0,1.8
10340,Minicompact Cars,Premium,Front-Wheel Drive,14.9822727272727,Volkswagen,Automatic (S6),4.0,1.8
10341,Subcompact Cars,Premium,Front-Wheel Drive,14.3308695652174,Volkswagen,Automatic 4-spd,4.0,1.8
10342,Subcompact Cars,Premium,Front-Wheel Drive,13.73375,Volkswagen,Manual 5-spd,4.0,1.8
10343,Subcompact Cars,Premium,Front-Wheel Drive,14.3308695652174,Volkswagen,Manual 6-spd,4.0,1.8
10344,Compact Cars,Premium,Rear-Wheel Drive,15.6957142857143,BMW,Manual 6-spd,6.0,3.0
10345,Subcompact Cars,Regular,Front-Wheel Drive,12.2077777777778,Toyota,Automatic 3-spd,4.0,1.5
10346,Compact Cars,Premium,4-Wheel or All-Wheel Drive,15.6957142857143,BMW,Manual 6-spd,6.0,3.0
10347,Compact Cars,Premium,Front-Wheel Drive,15.6957142857143,Saab,Automatic 5-spd,4.0,2.0
10348,Compact Cars,Premium,Front-Wheel Drive,14.9822727272727,Saab,Manual 6-spd,4.0,2.0
10349,Compact Cars,Premium,Front-Wheel Drive,13.73375,Volkswagen,Manual 5-spd,4.0,1.8
10350,Compact Cars,Premium,Front-Wheel Drive,14.3308695652174,Volkswagen,Manual 6-spd,4.0,1.8
10351,Compact Cars,Premium,Front-Wheel Drive,14.9822727272727,Volkswagen,Automatic (S5),4.0,1.8
10352,Compact Cars,Premium,Front-Wheel Drive,13.73375,Volkswagen,Manual 5-spd,4.0,1.8
10353,Compact Cars,Premium,Front-Wheel Drive,14.9822727272727,Volkswagen,Automatic (S5),4.0,1.8
10354,Compact Cars,Premium,4-Wheel or All-Wheel Drive,18.3116666666667,Volkswagen,Manual 6-spd,8.0,4.0
10355,Midsize Cars,Regular,Front-Wheel Drive,15.6957142857143,Toyota,Automatic 5-spd,6.0,3.0
10356,Subcompact Cars,Regular,Front-Wheel Drive,10.3003125,Toyota,Manual 4-spd,4.0,1.5
10357,Small Station Wagons,Premium,Front-Wheel Drive,13.73375,Volkswagen,Manual 5-spd,4.0,1.8
10358,Small Station Wagons,Premium,Front-Wheel Drive,14.9822727272727,Volkswagen,Automatic (S5),4.0,1.8
10359,Special Purpose Vehicles,Premium,4-Wheel or All-Wheel Drive,23.5435714285714,Porsche,Automatic 5-spd,8.0,4.5
10360,Special Purpose Vehicles,Premium,4-Wheel or All-Wheel Drive,23.5435714285714,Porsche,Automatic 5-spd,8.0,4.5
10361,Two Seaters,Premium,Rear-Wheel Drive,27.4675,Aston Martin,Automatic 5-spd,12.0,5.9
10362,Two Seaters,Premium,Rear-Wheel Drive,29.9645454545455,Aston Martin,Manual 6-spd,12.0,5.9
10363,Two Seaters,Premium,Rear-Wheel Drive,15.6957142857143,BMW,Automatic (S6),6.0,2.5
10364,Two Seaters,Premium,Rear-Wheel Drive,27.4675,Ferrari,Automatic (S6),8.0,3.6
10365,Midsize Cars,Premium,4-Wheel or All-Wheel Drive,20.600625,Audi,Automatic (S5),8.0,4.2
10366,Midsize Cars,Premium,Rear-Wheel Drive,21.974,Mercedes-Benz,Automatic 5-spd,8.0,5.4
10367,Subcompact Cars,Regular,Front-Wheel Drive,11.3658620689655,Toyota,Manual 5-spd,4.0,1.5
10368,Sport Utility Vehicle - 4WD,Regular,4-Wheel or All-Wheel Drive,16.4805,Honda,Manual 5-spd,4.0,2.4
10369,Midsize Station Wagons,Premium,4-Wheel or All-Wheel Drive,18.3116666666667,Volkswagen,Manual 6-spd,8.0,4.0
10370,Two Seaters,Premium,Rear-Wheel Drive,18.3116666666667,Acura,Automatic (S4),6.0,3.0
10371,Two Seaters,Premium,Rear-Wheel Drive,18.3116666666667,Acura,Manual 6-spd,6.0,3.2
10372,Two Seaters,Premium,Front-Wheel Drive,15.6957142857143,Audi,Automatic (S6),4.0,1.8
10373,Two Seaters,Premium,4-Wheel or All-Wheel Drive,15.6957142857143,Audi,Manual 6-spd,4.0,1.8
10374,Two Seaters,Premium,4-Wheel or All-Wheel Drive,15.6957142857143,Audi,Automatic (S6),6.0,3.2
10375,Two Seaters,Premium,Rear-Wheel Drive,15.6957142857143,BMW,Manual 5-spd,6.0,2.5
10376,Two Seaters,Premium,Rear-Wheel Drive,15.6957142857143,BMW,Automatic (S5),6.0,2.5
10377,Two Seaters,Premium,Rear-Wheel Drive,15.6957142857143,BMW,Automatic (S6),6.0,2.5
10378,Subcompact Cars,Regular,Front-Wheel Drive,15.6957142857143,Volkswagen,Automatic 3-spd,4.0,1.8
10379,Two Seaters,Premium,Rear-Wheel Drive,15.6957142857143,BMW,Manual 6-spd,6.0,3.0
10380,Two Seaters,Premium,Rear-Wheel Drive,16.4805,BMW,Automatic (S5),6.0,3.0
10381,Two Seaters,Premium,Rear-Wheel Drive,15.6957142857143,BMW,Automatic (S6),6.0,3.0
10382,Two Seaters,Premium,Rear-Wheel Drive,18.3116666666667,Cadillac,Automatic 5-spd,8.0,4.6
10383,Two Seaters,Premium,Rear-Wheel Drive,17.3478947368421,Chevrolet,Automatic 4-spd,8.0,5.7
10384,Two Seaters,Premium,Rear-Wheel Drive,16.4805,Chevrolet,Manual 6-spd,8.0,5.7
10385,Two Seaters,Premium,Rear-Wheel Drive,15.6957142857143,Chrysler,Automatic 5-spd,6.0,3.2
10386,Two Seaters,Premium,Rear-Wheel Drive,18.3116666666667,Chrysler,Manual 6-spd,6.0,3.2
10387,Two Seaters,Premium,Rear-Wheel Drive,25.3546153846154,Dodge,Manual 6-spd,10.0,8.3
10388,Two Seaters,Premium,Rear-Wheel Drive,29.9645454545455,Ferrari,Manual 6-spd,8.0,3.6
10389,Subcompact Cars,Regular,Front-Wheel Drive,14.3308695652174,Volkswagen,Manual 5-spd,4.0,1.8
10390,Two Seaters,Premium,Rear-Wheel Drive,27.4675,Ferrari,Automatic (S6),8.0,3.6
10391,Two Seaters,Premium,Rear-Wheel Drive,29.9645454545455,Ferrari,Automatic (S6),8.0,3.6
10392,Two Seaters,Premium,Rear-Wheel Drive,29.9645454545455,Ferrari,Manual 6-spd,12.0,5.7
10393,Two Seaters,Premium,Rear-Wheel Drive,29.9645454545455,Ferrari,Automatic (S6),12.0,5.7
10394,Two Seaters,Premium,Rear-Wheel Drive,18.3116666666667,Ford,Automatic 5-spd,8.0,3.9
10395,Two Seaters,Premium,Rear-Wheel Drive,18.3116666666667,Ford,Automatic (S5),8.0,3.9
10396,Two Seaters,Regular,Front-Wheel Drive,7.01297872340426,Honda,Automatic (variable gear ratios),3.0,1.0
10397,Two Seaters,Regular,Front-Wheel Drive,6.33865384615385,Honda,Manual 5-spd,3.0,1.0
10398,Two Seaters,Premium,Rear-Wheel Drive,16.4805,Honda,Manual 6-spd,4.0,2.2
10399,Two Seaters,Premium,4-Wheel or All-Wheel Drive,32.961,Lamborghini,Manual 6-spd,10.0,5.0
10400,Subcompact Cars,Regular,Front-Wheel Drive,14.3308695652174,Volkswagen,Manual 5-spd,4.0,1.8
10401,Two Seaters,Premium,4-Wheel or All-Wheel Drive,29.9645454545455,Lamborghini,Automatic (S6),10.0,5.0
10402,Two Seaters,Premium,4-Wheel or All-Wheel Drive,32.961,Lamborghini,Manual 6-spd,12.0,6.2
10403,Two Seaters,Premium,4-Wheel or All-Wheel Drive,29.9645454545455,Lamborghini,Automatic (S6),12.0,6.2
10404,Two Seaters,Premium,Rear-Wheel Drive,20.600625,Lotus,Manual 5-spd,8.0,3.5
10405,Two Seaters,Premium,Rear-Wheel Drive,27.4675,Maserati,Manual 6-spd,8.0,4.2
10406,Two Seaters,Premium,Rear-Wheel Drive,27.4675,Maserati,Automatic (S6),8.0,4.2
10407,Two Seaters,Premium,Rear-Wheel Drive,14.9822727272727,Mazda,Automatic 4-spd,4.0,1.8
10408,Two Seaters,Premium,Rear-Wheel Drive,14.3308695652174,Mazda,Manual 5-spd,4.0,1.8
10409,Two Seaters,Premium,Rear-Wheel Drive,14.9822727272727,Mazda,Manual 6-spd,4.0,1.8
10410,Two Seaters,Premium,Rear-Wheel Drive,16.4805,Mazda,Manual 6-spd,4.0,1.8
10411,Compact Cars,Premium,Rear-Wheel Drive,20.600625,Bitter Gmbh and Co. Kg,Manual 5-spd,6.0,3.9
10412,Two Seaters,Premium,Rear-Wheel Drive,19.3888235294118,Mercedes-Benz,Automatic 7-spd,8.0,5.0
10413,Two Seaters,Premium,Rear-Wheel Drive,21.974,Mercedes-Benz,Automatic (S5),8.0,5.4
10414,Two Seaters,Premium,Rear-Wheel Drive,23.5435714285714,Mercedes-Benz,Automatic 5-spd,12.0,5.5
10415,Two Seaters,Premium,Rear-Wheel Drive,14.9822727272727,Mercedes-Benz,Automatic 5-spd,4.0,2.3
10416,Two Seaters,Premium,Rear-Wheel Drive,15.6957142857143,Mercedes-Benz,Manual 6-spd,4.0,2.3
10417,Two Seaters,Premium,Rear-Wheel Drive,19.3888235294118,Mercedes-Benz,Automatic 5-spd,6.0,3.2
10418,Two Seaters,Premium,Rear-Wheel Drive,16.4805,Mercedes-Benz,Automatic 5-spd,6.0,3.2
10419,Two Seaters,Premium,Rear-Wheel Drive,17.3478947368421,Mercedes-Benz,Manual 6-spd,6.0,3.2
10420,Two Seaters,Premium,Rear-Wheel Drive,16.4805,Nissan,Manual 6-spd,6.0,3.5
10421,Two Seaters,Premium,Rear-Wheel Drive,17.3478947368421,Nissan,Automatic (S5),6.0,3.5
10422,Compact Cars,Diesel,Rear-Wheel Drive,16.6167391304348,BMW,Automatic 4-spd,6.0,2.4
10423,Two Seaters,Premium,Rear-Wheel Drive,16.4805,Nissan,Manual 6-spd,6.0,3.5
10424,Two Seaters,Premium,Rear-Wheel Drive,17.3478947368421,Nissan,Automatic (S5),6.0,3.5
10425,Two Seaters,Premium,Rear-Wheel Drive,15.6957142857143,Porsche,Manual 5-spd,6.0,2.7
10426,Two Seaters,Premium,Rear-Wheel Drive,17.3478947368421,Porsche,Automatic (S5),6.0,2.7
10427,Two Seaters,Premium,Rear-Wheel Drive,17.3478947368421,Porsche,Manual 6-spd,6.0,3.2
10428,Two Seaters,Premium,Rear-Wheel Drive,18.3116666666667,Porsche,Automatic (S5),6.0,3.2
10429,Two Seaters,Premium,Rear-Wheel Drive,20.600625,Porsche,Manual 6-spd,6.0,3.6
10430,Two Seaters,Premium,Rear-Wheel Drive,29.9645454545455,Porsche,Manual 6-spd,10.0,5.7
10431,Two Seaters,Premium,Rear-Wheel Drive,20.600625,Porsche,Manual 6-spd,6.0,3.6
10432,Two Seaters,Regular,Rear-Wheel Drive,13.1844,Toyota,Manual 5-spd,4.0,1.8
10433,Compact Cars,Regular,Rear-Wheel Drive,18.3116666666667,BMW,Automatic 4-spd,6.0,2.7
10434,Two Seaters,Regular,Rear-Wheel Drive,12.6773076923077,Toyota,Manual 6-spd,4.0,1.8
10435,Minicompact Cars,Premium,Rear-Wheel Drive,25.3546153846154,Aston Martin,Automatic (S6),12.0,5.9
10436,Minicompact Cars,Premium,Front-Wheel Drive,15.6957142857143,Audi,Automatic (S6),4.0,1.8
10437,Minicompact Cars,Premium,4-Wheel or All-Wheel Drive,15.6957142857143,Audi,Manual 6-spd,4.0,1.8
10438,Minicompact Cars,Premium,4-Wheel or All-Wheel Drive,14.9822727272727,Audi,Automatic (S6),6.0,3.2
10439,Minicompact Cars,Premium,Rear-Wheel Drive,16.4805,BMW,Manual 5-spd,6.0,2.5
10440,Minicompact Cars,Premium,Rear-Wheel Drive,17.3478947368421,BMW,Automatic (S5),6.0,2.5
10441,Minicompact Cars,Premium,Rear-Wheel Drive,15.6957142857143,BMW,Automatic (S6),6.0,2.5
10442,Minicompact Cars,Premium,Rear-Wheel Drive,16.4805,BMW,Manual 6-spd,6.0,3.0
10443,Minicompact Cars,Premium,Rear-Wheel Drive,17.3478947368421,BMW,Automatic (S5),6.0,3.0
10444,Subcompact Cars,Premium,Rear-Wheel Drive,18.3116666666667,Plymouth,Manual 5-spd,4.0,2.6
10445,Compact Cars,Regular,Rear-Wheel Drive,16.4805,BMW,Manual 5-spd,6.0,2.7
10446,Minicompact Cars,Premium,Rear-Wheel Drive,16.4805,BMW,Automatic (S6),6.0,3.0
10447,Minicompact Cars,Premium,Rear-Wheel Drive,19.3888235294118,BMW,Manual 6-spd,6.0,3.2
10448,Minicompact Cars,Premium,Rear-Wheel Drive,20.600625,BMW,Automatic (S6),6.0,3.2
10449,Minicompact Cars,Premium,Rear-Wheel Drive,17.3478947368421,Jaguar,Automatic 6-spd,8.0,4.2
10450,Minicompact Cars,Premium,Rear-Wheel Drive,19.3888235294118,Jaguar,Automatic 6-spd,8.0,4.2
10451,Minicompact Cars,Premium,Rear-Wheel Drive,18.3116666666667,Lexus,Automatic 5-spd,8.0,4.3
10452,Minicompact Cars,Premium,Front-Wheel Drive,13.1844,MINI,Automatic (variable gear ratios),4.0,1.6
10453,Minicompact Cars,Premium,Front-Wheel Drive,11.7717857142857,MINI,Manual 5-spd,4.0,1.6
10454,Minicompact Cars,Premium,Front-Wheel Drive,13.1844,MINI,Manual 6-spd,4.0,1.6
10455,Minicompact Cars,Regular,Front-Wheel Drive,14.3308695652174,Mitsubishi,Manual 5-spd,4.0,2.4
10456,Compact Cars,Regular,Rear-Wheel Drive,20.600625,BMW,Automatic 4-spd,6.0,3.4
10457,Minicompact Cars,Regular,Front-Wheel Drive,16.4805,Mitsubishi,Automatic (S4),4.0,2.4
10458,Minicompact Cars,Premium,Front-Wheel Drive,15.6957142857143,Mitsubishi,Manual 5-spd,6.0,3.0
10459,Minicompact Cars,Premium,Front-Wheel Drive,15.6957142857143,Mitsubishi,Manual 5-spd,6.0,3.0
10460,Minicompact Cars,Premium,Front-Wheel Drive,15.6957142857143,Mitsubishi,Automatic (S4),6.0,3.0
10461,Minicompact Cars,Premium,Front-Wheel Drive,15.6957142857143,Mitsubishi,Automatic (S4),6.0,3.0
10462,Minicompact Cars,Premium,Rear-Wheel Drive,17.3478947368421,Porsche,Automatic 5-spd,6.0,3.6
10463,Minicompact Cars,Premium,Rear-Wheel Drive,17.3478947368421,Porsche,Manual 6-spd,6.0,3.6
10464,Minicompact Cars,Premium,Rear-Wheel Drive,17.3478947368421,Porsche,Manual 6-spd,6.0,3.6
10465,Minicompact Cars,Premium,Rear-Wheel Drive,17.3478947368421,Porsche,Automatic 5-spd,6.0,3.6
10466,Minicompact Cars,Premium,Rear-Wheel Drive,17.3478947368421,Porsche,Manual 6-spd,6.0,3.6
10467,Compact Cars,Regular,Rear-Wheel Drive,19.3888235294118,BMW,Manual 5-spd,6.0,3.4
10468,Minicompact Cars,Premium,Rear-Wheel Drive,17.3478947368421,Porsche,Manual 6-spd,6.0,3.6
10469,Minicompact Cars,Premium,4-Wheel or All-Wheel Drive,19.3888235294118,Porsche,Automatic 5-spd,6.0,3.6
10470,Minicompact Cars,Premium,4-Wheel or All-Wheel Drive,18.3116666666667,Porsche,Manual 6-spd,6.0,3.6
10471,Minicompact Cars,Premium,4-Wheel or All-Wheel Drive,18.3116666666667,Porsche,Manual 6-spd,6.0,3.6
10472,Minicompact Cars,Premium,4-Wheel or All-Wheel Drive,19.3888235294118,Porsche,Automatic 5-spd,6.0,3.6
10473,Minicompact Cars,Premium,4-Wheel or All-Wheel Drive,18.3116666666667,Porsche,Manual 6-spd,6.0,3.6
10474,Minicompact Cars,Premium,4-Wheel or All-Wheel Drive,18.3116666666667,Porsche,Manual 6-spd,6.0,3.6
10475,Minicompact Cars,Premium,4-Wheel or All-Wheel Drive,19.3888235294118,Porsche,Automatic 5-spd,6.0,3.6
10476,Minicompact Cars,Premium,4-Wheel or All-Wheel Drive,18.3116666666667,Porsche,Manual 6-spd,6.0,3.6
10477,Minicompact Cars,Premium,4-Wheel or All-Wheel Drive,18.3116666666667,Porsche,Manual 6-spd,6.0,3.6
10478,Compact Cars,Regular,Rear-Wheel Drive,21.974,BMW,Automatic 4-spd,6.0,3.4
10479,Minicompact Cars,Premium,Rear-Wheel Drive,17.3478947368421,Porsche,Automatic 5-spd,6.0,3.6
10480,Minicompact Cars,Premium,Rear-Wheel Drive,17.3478947368421,Porsche,Manual 6-spd,6.0,3.6
10481,Minicompact Cars,Premium,Rear-Wheel Drive,17.3478947368421,Porsche,Manual 6-spd,6.0,3.6
10482,Minicompact Cars,Premium,4-Wheel or All-Wheel Drive,20.600625,Porsche,Automatic 5-spd,6.0,3.6
10483,Minicompact Cars,Premium,4-Wheel or All-Wheel Drive,20.600625,Porsche,Manual 6-spd,6.0,3.6
10484,Minicompact Cars,Premium,4-Wheel or All-Wheel Drive,21.974,Porsche,Automatic 5-spd,6.0,3.6
10485,Minicompact Cars,Premium,4-Wheel or All-Wheel Drive,20.600625,Porsche,Manual 6-spd,6.0,3.6
10486,Minicompact Cars,Premium,4-Wheel or All-Wheel Drive,21.974,Porsche,Automatic 5-spd,6.0,3.6
10487,Minicompact Cars,Premium,4-Wheel or All-Wheel Drive,20.600625,Porsche,Manual 6-spd,6.0,3.6
10488,Minicompact Cars,Premium,4-Wheel or All-Wheel Drive,20.600625,Porsche,Automatic 5-spd,6.0,3.6
10489,Compact Cars,Regular,Rear-Wheel Drive,20.600625,BMW,Manual 5-spd,6.0,3.4
10490,Minicompact Cars,Premium,4-Wheel or All-Wheel Drive,20.600625,Porsche,Manual 6-spd,6.0,3.6
10491,Minicompact Cars,Premium,Front-Wheel Drive,13.73375,Volkswagen,Manual 5-spd,4.0,1.8
10492,Minicompact Cars,Premium,Front-Wheel Drive,14.9822727272727,Volkswagen,Automatic (S6),4.0,1.8
10493,Minicompact Cars,Regular,Front-Wheel Drive,13.73375,Volkswagen,Manual 5-spd,4.0,2.0
10494,Minicompact Cars,Regular,Front-Wheel Drive,14.9822727272727,Volkswagen,Automatic (S6),4.0,2.0
10495,Subcompact Cars,Regular,Front-Wheel Drive,12.6773076923077,Acura,Manual 5-spd,4.0,2.0
10496,Subcompact Cars,Premium,Front-Wheel Drive,13.73375,Acura,Manual 6-spd,4.0,2.0
10497,Subcompact Cars,Regular,Front-Wheel Drive,13.1844,Acura,Automatic (S5),4.0,2.0
10498,Subcompact Cars,Premium,Front-Wheel Drive,14.3308695652174,Audi,Automatic (variable gear ratios),4.0,1.8
10499,Subcompact Cars,Premium,Front-Wheel Drive,15.6957142857143,Audi,Automatic (variable gear ratios),6.0,3.0
10500,Compact Cars,Premium,Front-Wheel Drive,16.4805,Buick,Automatic 3-spd,4.0,1.8
10501,Subcompact Cars,Premium,4-Wheel or All-Wheel Drive,17.3478947368421,Audi,Automatic (S5),6.0,3.0
10502,Subcompact Cars,Premium,4-Wheel or All-Wheel Drive,20.600625,Audi,Manual 6-spd,8.0,4.2
10503,Subcompact Cars,Premium,4-Wheel or All-Wheel Drive,18.3116666666667,Audi,Automatic (S6),8.0,4.2
10504,Subcompact Cars,Premium,Rear-Wheel Drive,15.6957142857143,BMW,Manual 5-spd,6.0,2.5
10505,Subcompact Cars,Premium,Rear-Wheel Drive,16.4805,BMW,Automatic (S5),6.0,2.5
10506,Subcompact Cars,Premium,Rear-Wheel Drive,14.9822727272727,BMW,Automatic (S6),6.0,2.5
10507,Subcompact Cars,Premium,Rear-Wheel Drive,15.6957142857143,BMW,Manual 6-spd,6.0,3.0
10508,Subcompact Cars,Premium,Rear-Wheel Drive,16.4805,BMW,Automatic (S5),6.0,3.0
10509,Subcompact Cars,Premium,Rear-Wheel Drive,15.6957142857143,BMW,Automatic (S6),6.0,3.0
10510,Subcompact Cars,Premium,Rear-Wheel Drive,18.3116666666667,BMW,Manual 6-spd,8.0,4.4
10511,Compact Cars,Regular,Front-Wheel Drive,13.73375,Buick,Automatic 3-spd,4.0,1.8
10512,Subcompact Cars,Premium,Rear-Wheel Drive,17.3478947368421,BMW,Automatic (S6),8.0,4.4
10513,Subcompact Cars,Premium,Rear-Wheel Drive,19.3888235294118,BMW,Automatic (S6),8.0,4.4
10514,Subcompact Cars,Premium,Rear-Wheel Drive,20.600625,BMW,Manual 6-spd,8.0,4.4
10515,Subcompact Cars,Premium,Rear-Wheel Drive,17.3478947368421,BMW,Automatic (S6),8.0,4.4
10516,Subcompact Cars,Premium,Rear-Wheel Drive,20.600625,BMW,Automatic (S6),8.0,4.4
10517,Subcompact Cars,Premium,Rear-Wheel Drive,19.3888235294118,BMW,Manual 6-spd,6.0,3.2
10518,Subcompact Cars,Premium,Rear-Wheel Drive,19.3888235294118,BMW,Automatic (S6),6.0,3.2
10519,Subcompact Cars,Regular,Rear-Wheel Drive,16.4805,Ford,Automatic 4-spd,6.0,3.8
10520,Subcompact Cars,Regular,Rear-Wheel Drive,15.6957142857143,Ford,Manual 5-spd,6.0,3.8
10521,Subcompact Cars,Regular,Rear-Wheel Drive,16.4805,Ford,Automatic 4-spd,6.0,3.9
10522,Compact Cars,Premium,Front-Wheel Drive,15.6957142857143,Buick,Manual 4-spd,4.0,1.8
10523,Subcompact Cars,Regular,Rear-Wheel Drive,15.6957142857143,Ford,Manual 5-spd,6.0,3.9
10524,Subcompact Cars,Regular,Rear-Wheel Drive,18.3116666666667,Ford,Automatic 4-spd,8.0,4.6
10525,Subcompact Cars,Regular,Rear-Wheel Drive,19.3888235294118,Ford,Automatic 4-spd,8.0,4.6
10526,Subcompact Cars,Regular,Rear-Wheel Drive,18.3116666666667,Ford,Manual 5-spd,8.0,4.6
10527,Subcompact Cars,Regular,Rear-Wheel Drive,18.3116666666667,Ford,Manual 5-spd,8.0,4.6
10528,Subcompact Cars,Regular,Rear-Wheel Drive,19.3888235294118,Ford,Manual 6-spd,8.0,4.6
10529,Subcompact Cars,Regular,Front-Wheel Drive,14.9822727272727,Hyundai,Automatic 4-spd,4.0,2.0
10530,Subcompact Cars,Regular,Front-Wheel Drive,14.3308695652174,Hyundai,Manual 5-spd,4.0,2.0
10531,Subcompact Cars,Regular,Front-Wheel Drive,16.4805,Hyundai,Automatic 4-spd,6.0,2.7
10532,Subcompact Cars,Regular,Front-Wheel Drive,16.4805,Hyundai,Manual 5-spd,6.0,2.7
10533,Compact Cars,Regular,Front-Wheel Drive,12.2077777777778,Buick,Manual 5-spd,4.0,1.8
10534,Subcompact Cars,Regular,Front-Wheel Drive,17.3478947368421,Hyundai,Manual 6-spd,6.0,2.7
10535,Subcompact Cars,Premium,Rear-Wheel Drive,17.3478947368421,Jaguar,Automatic 6-spd,8.0,4.2
10536,Subcompact Cars,Premium,Rear-Wheel Drive,19.3888235294118,Jaguar,Automatic 6-spd,8.0,4.2
10537,Subcompact Cars,Premium,Rear-Wheel Drive,27.4675,Maserati,Manual 6-spd,8.0,4.2
10538,Subcompact Cars,Premium,Rear-Wheel Drive,27.4675,Maserati,Automatic (S6),8.0,4.2
10539,Subcompact Cars,Premium,Rear-Wheel Drive,18.3116666666667,Mazda,Manual 6-spd,2.0,1.3
10540,Subcompact Cars,Premium,Rear-Wheel Drive,18.3116666666667,Mazda,Automatic (S4),2.0,1.3
10541,Subcompact Cars,Premium,Rear-Wheel Drive,16.4805,Mercedes-Benz,Automatic 5-spd,6.0,3.2
10542,Subcompact Cars,Premium,Rear-Wheel Drive,16.4805,Mercedes-Benz,Automatic 5-spd,6.0,3.2
10543,Subcompact Cars,Premium,Rear-Wheel Drive,19.3888235294118,Mercedes-Benz,Automatic 5-spd,8.0,5.0
10544,Compact Cars,Regular,Front-Wheel Drive,14.9822727272727,Buick,Automatic 3-spd,4.0,2.0
10545,Subcompact Cars,Premium,Rear-Wheel Drive,19.3888235294118,Mercedes-Benz,Automatic 5-spd,8.0,5.0
10546,Subcompact Cars,Premium,Rear-Wheel Drive,20.600625,Mercedes-Benz,Automatic 5-spd,8.0,5.4
10547,Subcompact Cars,Premium,Rear-Wheel Drive,20.600625,Mercedes-Benz,Automatic 5-spd,8.0,5.4
10548,Subcompact Cars,Regular,Front-Wheel Drive,15.6957142857143,Mitsubishi,Automatic 4-spd,4.0,2.4
10549,Subcompact Cars,Regular,Front-Wheel Drive,14.3308695652174,Mitsubishi,Manual 5-spd,4.0,2.4
10550,Subcompact Cars,Regular,Front-Wheel Drive,15.6957142857143,Mitsubishi,Automatic (S4),4.0,2.4
10551,Subcompact Cars,Premium,Front-Wheel Drive,15.6957142857143,Mitsubishi,Manual 5-spd,6.0,3.0
10552,Subcompact Cars,Premium,Front-Wheel Drive,15.6957142857143,Mitsubishi,Manual 5-spd,6.0,3.0
10553,Subcompact Cars,Premium,Front-Wheel Drive,15.6957142857143,Mitsubishi,Automatic (S4),6.0,3.0
10554,Subcompact Cars,Premium,Front-Wheel Drive,15.6957142857143,Mitsubishi,Automatic (S4),6.0,3.0
10555,Subcompact Cars,Premium,Rear-Wheel Drive,17.3478947368421,Plymouth,Manual 5-spd,4.0,2.6
10556,Compact Cars,Regular,Front-Wheel Drive,13.1844,Buick,Manual 4-spd,4.0,2.0
10557,Subcompact Cars,Premium,Rear-Wheel Drive,18.3116666666667,Roush Performance,Manual 5-spd,8.0,4.6
10558,Subcompact Cars,Premium,Front-Wheel Drive,14.9822727272727,Saab,Manual 5-spd,4.0,2.0
10559,Subcompact Cars,Premium,Front-Wheel Drive,14.9822727272727,Saab,Manual 6-spd,4.0,2.0
10560,Subcompact Cars,Premium,Front-Wheel Drive,16.4805,Saab,Automatic (S5),4.0,2.0
10561,Subcompact Cars,Premium,4-Wheel or All-Wheel Drive,17.3478947368421,Subaru,Automatic 4-spd,4.0,2.0
10562,Subcompact Cars,Premium,4-Wheel or All-Wheel Drive,16.4805,Subaru,Manual 5-spd,4.0,2.0
10563,Subcompact Cars,Regular,4-Wheel or All-Wheel Drive,14.9822727272727,Subaru,Automatic 4-spd,4.0,2.5
10564,Subcompact Cars,Regular,4-Wheel or All-Wheel Drive,15.6957142857143,Subaru,Manual 5-spd,4.0,2.5
10565,Subcompact Cars,Premium,4-Wheel or All-Wheel Drive,18.3116666666667,Subaru,Manual 6-spd,4.0,2.5
10566,Compact Cars,Regular,Front-Wheel Drive,15.6957142857143,Toyota,Automatic (S5),6.0,3.3
10567,Compact Cars,Regular,Front-Wheel Drive,14.3308695652174,Buick,Automatic 3-spd,4.0,2.5
10568,Subcompact Cars,Regular,Front-Wheel Drive,11.7717857142857,Toyota,Automatic 4-spd,4.0,1.8
10569,Subcompact Cars,Regular,Front-Wheel Drive,12.6773076923077,Toyota,Manual 5-spd,4.0,1.8
10570,Subcompact Cars,Premium,Front-Wheel Drive,13.1844,Toyota,Manual 6-spd,4.0,1.8
10571,Subcompact Cars,Premium,Front-Wheel Drive,13.73375,Toyota,Automatic (S4),4.0,1.8
10572,Subcompact Cars,Regular,Front-Wheel Drive,10.987,Scion,Automatic 4-spd,4.0,1.5
10573,Subcompact Cars,Regular,Front-Wheel Drive,10.987,Scion,Manual 5-spd,4.0,1.5
10574,Subcompact Cars,Premium,Front-Wheel Drive,14.3308695652174,Volkswagen,Automatic 4-spd,4.0,1.8
10575,Subcompact Cars,Premium,Front-Wheel Drive,13.73375,Volkswagen,Manual 5-spd,4.0,1.8
10576,Subcompact Cars,Premium,Front-Wheel Drive,14.3308695652174,Volkswagen,Manual 6-spd,4.0,1.8
10577,Subcompact Cars,Diesel,Front-Wheel Drive,10.61625,Volkswagen,Manual 5-spd,4.0,1.9
10578,Compact Cars,Regular,Front-Wheel Drive,13.73375,Buick,Manual 5-spd,4.0,2.5
10579,Subcompact Cars,Diesel,Front-Wheel Drive,11.5813636363636,Volkswagen,Automatic (S6),4.0,1.9
10580,Subcompact Cars,Regular,Front-Wheel Drive,13.73375,Volkswagen,Automatic 4-spd,4.0,2.0
10581,Subcompact Cars,Regular,Front-Wheel Drive,13.73375,Volkswagen,Manual 5-spd,4.0,2.0
10582,Subcompact Cars,Premium,4-Wheel or All-Wheel Drive,17.3478947368421,Volkswagen,Manual 6-spd,6.0,3.2
10583,Subcompact Cars,Premium,Front-Wheel Drive,17.3478947368421,Volvo,Automatic 5-spd,5.0,2.3
10584,Subcompact Cars,Premium,Front-Wheel Drive,16.4805,Volvo,Manual 5-spd,5.0,2.3
10585,Subcompact Cars,Premium,Front-Wheel Drive,17.3478947368421,Volvo,Automatic 5-spd,5.0,2.4
10586,Compact Cars,Premium,Front-Wheel Drive,14.9822727272727,Acura,Manual 6-spd,4.0,2.4
10587,Compact Cars,Premium,Front-Wheel Drive,14.3308695652174,Acura,Automatic (S5),4.0,2.4
10588,Compact Cars,Premium,Front-Wheel Drive,14.3308695652174,Audi,Automatic (variable gear ratios),4.0,1.8
10589,Compact Cars,Regular,Front-Wheel Drive,16.4805,Buick,Automatic 3-spd,6.0,3.0
10590,Compact Cars,Premium,Front-Wheel Drive,14.3308695652174,Audi,Manual 5-spd,4.0,1.8
10591,Compact Cars,Premium,Front-Wheel Drive,15.6957142857143,Audi,Automatic (variable gear ratios),6.0,3.0
10592,Compact Cars,Premium,4-Wheel or All-Wheel Drive,14.9822727272727,Audi,Manual 6-spd,4.0,1.8
10593,Compact Cars,Premium,4-Wheel or All-Wheel Drive,15.6957142857143,Audi,Automatic (S5),4.0,1.8
10594,Compact Cars,Premium,4-Wheel or All-Wheel Drive,17.3478947368421,Audi,Manual 6-spd,6.0,3.0
10595,Compact Cars,Premium,4-Wheel or All-Wheel Drive,17.3478947368421,Audi,Automatic (S5),6.0,3.0
10596,Compact Cars,Premium,4-Wheel or All-Wheel Drive,20.600625,Audi,Manual 6-spd,8.0,4.2
10597,Compact Cars,Premium,4-Wheel or All-Wheel Drive,18.3116666666667,Audi,Automatic (S6),8.0,4.2
10598,Compact Cars,Premium,4-Wheel or All-Wheel Drive,27.4675,Bentley,Automatic (S6),12.0,6.0
10599,Compact Cars,Premium,Rear-Wheel Drive,15.6957142857143,BMW,Manual 5-spd,6.0,2.5
10600,Compact Cars,Regular,Front-Wheel Drive,15.6957142857143,Cadillac,Automatic 3-spd,4.0,2.0
10601,Compact Cars,Premium,Rear-Wheel Drive,16.4805,BMW,Automatic (S5),6.0,2.5
10602,Compact Cars,Premium,Rear-Wheel Drive,14.9822727272727,BMW,Automatic (S6),6.0,2.5
10603,Compact Cars,Premium,4-Wheel or All-Wheel Drive,16.4805,BMW,Manual 5-spd,6.0,2.5
10604,Compact Cars,Premium,4-Wheel or All-Wheel Drive,16.4805,BMW,Automatic (S5),6.0,2.5
10605,Compact Cars,Premium,Rear-Wheel Drive,15.6957142857143,BMW,Manual 6-spd,6.0,3.0
10606,Compact Cars,Premium,Rear-Wheel Drive,16.4805,BMW,Automatic (S5),6.0,3.0
10607,Compact Cars,Premium,Rear-Wheel Drive,15.6957142857143,BMW,Automatic (S6),6.0,3.0
10608,Compact Cars,Premium,4-Wheel or All-Wheel Drive,15.6957142857143,BMW,Manual 6-spd,6.0,3.0
10609,Compact Cars,Premium,4-Wheel or All-Wheel Drive,17.3478947368421,BMW,Automatic (S5),6.0,3.0
10610,Compact Cars,Regular,Front-Wheel Drive,12.6773076923077,Chevrolet,Automatic 4-spd,4.0,1.6
10611,Compact Cars,Regular,Front-Wheel Drive,13.73375,Cadillac,Manual 5-spd,4.0,2.0
10612,Compact Cars,Regular,Front-Wheel Drive,12.2077777777778,Chevrolet,Manual 5-spd,4.0,1.6
10613,Compact Cars,Regular,Front-Wheel Drive,13.1844,Chevrolet,Automatic 4-spd,4.0,2.2
10614,Compact Cars,Regular,Front-Wheel Drive,12.2077777777778,Chevrolet,Manual 5-spd,4.0,2.2
10615,Compact Cars,Regular,Front-Wheel Drive,14.9822727272727,Chevrolet,Automatic 4-spd,4.0,2.0
10616,Compact Cars,Regular,Front-Wheel Drive,14.9822727272727,Chevrolet,Manual 5-spd,4.0,2.0
10617,Compact Cars,Regular,Front-Wheel Drive,15.6957142857143,Chrysler,Automatic 4-spd,4.0,2.4
10618,Compact Cars,Regular,Front-Wheel Drive,13.73375,Chrysler,Manual 5-spd,4.0,2.4
10619,Compact Cars,Premium,Front-Wheel Drive,15.6957142857143,Chrysler,Automatic 4-spd,6.0,3.0
10620,Compact Cars,Premium,Front-Wheel Drive,15.6957142857143,Chrysler,Manual 5-spd,6.0,3.0
10621,Compact Cars,Premium,Front-Wheel Drive,15.6957142857143,Chrysler,Automatic (S4),6.0,3.0
10622,Compact Cars,Regular,Front-Wheel Drive,17.3478947368421,Cadillac,Automatic 3-spd,6.0,2.8
10623,Compact Cars,Regular,Front-Wheel Drive,14.9822727272727,Chrysler,Automatic 4-spd,4.0,2.4
10624,Compact Cars,Regular,Front-Wheel Drive,16.4805,Chrysler,Manual 5-spd,6.0,2.7
10625,Compact Cars,Regular,Front-Wheel Drive,12.6773076923077,Daewoo,Automatic 4-spd,4.0,1.6
10626,Compact Cars,Regular,Front-Wheel Drive,12.2077777777778,Daewoo,Manual 5-spd,4.0,1.6
10627,Compact Cars,Regular,Front-Wheel Drive,14.9822727272727,Daewoo,Automatic 4-spd,4.0,2.0
10628,Compact Cars,Regular,Front-Wheel Drive,14.9822727272727,Daewoo,Manual 5-spd,4.0,2.0
10629,Compact Cars,Regular,Front-Wheel Drive,13.1844,Dodge,Automatic 4-spd,4.0,2.0
10630,Compact Cars,Regular,Front-Wheel Drive,11.7717857142857,Dodge,Manual 5-spd,4.0,2.0
10631,Compact Cars,Premium,Front-Wheel Drive,14.9822727272727,Dodge,Manual 5-spd,4.0,2.4
10632,Compact Cars,Regular,Front-Wheel Drive,15.6957142857143,Dodge,Automatic 4-spd,4.0,2.4
10633,Compact Cars,Regular,Front-Wheel Drive,19.3888235294118,Cadillac,Manual 4-spd,6.0,2.8
10634,Compact Cars,Regular,Front-Wheel Drive,13.73375,Dodge,Manual 5-spd,4.0,2.4
10635,Compact Cars,Premium,Front-Wheel Drive,15.6957142857143,Dodge,Automatic 4-spd,6.0,3.0
10636,Compact Cars,Premium,Front-Wheel Drive,15.6957142857143,Dodge,Manual 5-spd,6.0,3.0
10637,Compact Cars,Premium,Front-Wheel Drive,15.6957142857143,Dodge,Automatic (S4),6.0,3.0
10638,Compact Cars,Regular,Front-Wheel Drive,13.1844,Ford,Automatic 4-spd,4.0,2.0
10639,Compact Cars,Regular,Front-Wheel Drive,13.73375,Ford,Automatic 4-spd,4.0,2.0
10640,Compact Cars,Regular,Front-Wheel Drive,12.2077777777778,Ford,Manual 5-spd,4.0,2.0
10641,Compact Cars,Regular,Front-Wheel Drive,13.1844,Ford,Manual 5-spd,4.0,2.0
10642,Compact Cars,Premium,Front-Wheel Drive,15.6957142857143,Ford,Manual 6-spd,4.0,2.0
10643,Compact Cars,Regular,Front-Wheel Drive,13.73375,Ford,Automatic 4-spd,4.0,2.3
10644,Compact Cars,Regular,Front-Wheel Drive,14.9822727272727,Chevrolet,Automatic 3-spd,4.0,2.0
10645,Compact Cars,Regular,Front-Wheel Drive,13.1844,Ford,Manual 5-spd,4.0,2.3
10646,Compact Cars,Regular,Front-Wheel Drive,10.3003125,Honda,Automatic (variable gear ratios),4.0,1.7
10647,Compact Cars,Regular,Front-Wheel Drive,11.3658620689655,Honda,Automatic 4-spd,4.0,1.7
10648,Compact Cars,Regular,Front-Wheel Drive,10.987,Honda,Automatic 4-spd,4.0,1.7
10649,Compact Cars,Regular,Front-Wheel Drive,10.987,Honda,Manual 5-spd,4.0,1.7
10650,Compact Cars,Regular,Front-Wheel Drive,10.987,Honda,Manual 5-spd,4.0,1.7
10651,Compact Cars,Regular,Front-Wheel Drive,9.69441176470588,Honda,Manual 5-spd,4.0,1.7
10652,Compact Cars,Regular,Front-Wheel Drive,13.1844,Honda,Manual 5-spd,4.0,2.0
10653,Compact Cars,Regular,Front-Wheel Drive,8.24025,Honda,Automatic (variable gear ratios),4.0,1.3
10654,Compact Cars,Regular,Front-Wheel Drive,8.03926829268293,Honda,Automatic (variable gear ratios),4.0,1.3
10655,Compact Cars,Regular,Front-Wheel Drive,13.1844,Chevrolet,Manual 4-spd,4.0,2.0
10656,Compact Cars,Regular,Front-Wheel Drive,8.24025,Honda,Manual 5-spd,4.0,1.3
10657,Compact Cars,Regular,Front-Wheel Drive,8.03926829268293,Honda,Manual 5-spd,4.0,1.3
10658,Compact Cars,Regular,Front-Wheel Drive,12.6773076923077,Hyundai,Automatic 4-spd,4.0,1.5
10659,Compact Cars,Regular,Front-Wheel Drive,11.7717857142857,Hyundai,Manual 5-spd,4.0,1.5
10660,Compact Cars,Regular,Front-Wheel Drive,12.6773076923077,Hyundai,Automatic 4-spd,4.0,1.6
10661,Compact Cars,Regular,Front-Wheel Drive,12.2077777777778,Hyundai,Manual 5-spd,4.0,1.6
10662,Compact Cars,Regular,Front-Wheel Drive,13.73375,Hyundai,Automatic 4-spd,4.0,2.0
10663,Compact Cars,Regular,Front-Wheel Drive,12.6773076923077,Hyundai,Manual 5-spd,4.0,2.0
10664,Compact Cars,Regular,Rear-Wheel Drive,16.4805,Infiniti,Manual 6-spd,6.0,3.5
10665,Compact Cars,Premium,Rear-Wheel Drive,16.4805,Infiniti,Manual 6-spd,6.0,3.5
10666,Subcompact Cars,Premium,Rear-Wheel Drive,18.3116666666667,Plymouth,Manual 5-spd,4.0,2.6
10667,Compact Cars,Regular,Front-Wheel Drive,13.73375,Chevrolet,Manual 5-spd,4.0,2.0
10668,Compact Cars,Regular,Rear-Wheel Drive,17.3478947368421,Infiniti,Automatic (S5),6.0,3.5
10669,Compact Cars,Regular,4-Wheel or All-Wheel Drive,18.3116666666667,Infiniti,Automatic (S5),6.0,3.5
10670,Compact Cars,Premium,Rear-Wheel Drive,17.3478947368421,Infiniti,Automatic (S5),6.0,3.5
10671,Compact Cars,Premium,Rear-Wheel Drive,18.3116666666667,Infiniti,Automatic (S5),8.0,4.5
10672,Compact Cars,Premium,4-Wheel or All-Wheel Drive,17.3478947368421,Jaguar,Automatic 5-spd,6.0,2.5
10673,Compact Cars,Premium,4-Wheel or All-Wheel Drive,18.3116666666667,Jaguar,Automatic 5-spd,6.0,3.0
10674,Compact Cars,Regular,Front-Wheel Drive,13.1844,Kia,Automatic 4-spd,4.0,1.6
10675,Compact Cars,Regular,Front-Wheel Drive,13.73375,Kia,Automatic 4-spd,4.0,1.6
10676,Compact Cars,Regular,Front-Wheel Drive,12.6773076923077,Kia,Manual 5-spd,4.0,1.6
10677,Compact Cars,Regular,Front-Wheel Drive,13.1844,Kia,Manual 5-spd,4.0,1.6
10678,Compact Cars,Regular,Front-Wheel Drive,17.3478947368421,Chevrolet,Automatic 3-spd,6.0,2.8
10679,Compact Cars,Regular,Front-Wheel Drive,14.9822727272727,Kia,Automatic 4-spd,4.0,1.8
10680,Compact Cars,Regular,Front-Wheel Drive,13.73375,Kia,Manual 5-spd,4.0,1.8
10681,Compact Cars,Premium,Rear-Wheel Drive,18.3116666666667,Lexus,Manual 5-spd,6.0,3.0
10682,Compact Cars,Premium,Rear-Wheel Drive,18.3116666666667,Lexus,Automatic (S5),6.0,3.0
10683,Compact Cars,Regular,Front-Wheel Drive,12.2077777777778,Mazda,Manual 5-spd,4.0,2.0
10684,Compact Cars,Regular,Front-Wheel Drive,12.6773076923077,Mazda,Automatic (S4),4.0,2.0
10685,Compact Cars,Regular,Front-Wheel Drive,12.6773076923077,Mazda,Automatic (S4),4.0,2.0
10686,Compact Cars,Regular,Front-Wheel Drive,13.1844,Mazda,Manual 5-spd,4.0,2.3
10687,Compact Cars,Regular,Front-Wheel Drive,14.3308695652174,Mazda,Automatic (S4),4.0,2.3
10688,Compact Cars,Premium,Rear-Wheel Drive,17.3478947368421,Mercedes-Benz,Manual 6-spd,6.0,2.6
10689,Compact Cars,Regular,Front-Wheel Drive,17.3478947368421,Chevrolet,Manual 4-spd,6.0,2.8
10690,Compact Cars,Premium,4-Wheel or All-Wheel Drive,16.4805,Mercedes-Benz,Automatic 5-spd,6.0,3.2
10691,Compact Cars,Premium,Rear-Wheel Drive,14.3308695652174,Mercedes-Benz,Automatic 5-spd,4.0,1.8
10692,Compact Cars,Premium,Rear-Wheel Drive,14.3308695652174,Mercedes-Benz,Manual 6-spd,4.0,1.8
10693,Compact Cars,Premium,Rear-Wheel Drive,14.3308695652174,Mercedes-Benz,Automatic 5-spd,4.0,1.8
10694,Compact Cars,Premium,Rear-Wheel Drive,14.3308695652174,Mercedes-Benz,Manual 6-spd,4.0,1.8
10695,Compact Cars,Premium,Rear-Wheel Drive,17.3478947368421,Mercedes-Benz,Automatic 5-spd,6.0,2.6
10696,Compact Cars,Premium,4-Wheel or All-Wheel Drive,17.3478947368421,Mercedes-Benz,Automatic 5-spd,6.0,2.6
10697,Compact Cars,Premium,Rear-Wheel Drive,20.600625,Mercedes-Benz,Automatic 5-spd,6.0,3.2
10698,Compact Cars,Premium,Rear-Wheel Drive,17.3478947368421,Mercedes-Benz,Manual 6-spd,6.0,3.2
10699,Compact Cars,Premium,Rear-Wheel Drive,17.3478947368421,Mercedes-Benz,Manual 6-spd,6.0,3.2
10700,Compact Cars,Regular,Front-Wheel Drive,12.6773076923077,Chevrolet,Automatic 3-spd,4.0,1.6
10701,Compact Cars,Premium,Rear-Wheel Drive,19.3888235294118,Mercedes-Benz,Automatic 7-spd,8.0,5.0
10702,Compact Cars,Premium,Rear-Wheel Drive,21.974,Mercedes-Benz,Automatic (S5),8.0,5.4
10703,Compact Cars,Premium,Rear-Wheel Drive,23.5435714285714,Mercedes-Benz,Automatic 5-spd,12.0,5.5
10704,Compact Cars,Regular,Front-Wheel Drive,13.73375,Mitsubishi,Automatic 4-spd,4.0,2.0
10705,Compact Cars,Regular,Front-Wheel Drive,12.2077777777778,Mitsubishi,Manual 5-spd,4.0,2.0
10706,Compact Cars,Regular,Front-Wheel Drive,14.9822727272727,Mitsubishi,Automatic 4-spd,4.0,2.4
10707,Compact Cars,Regular,Front-Wheel Drive,14.3308695652174,Mitsubishi,Manual 5-spd,4.0,2.4
10708,Compact Cars,Premium,4-Wheel or All-Wheel Drive,17.3478947368421,Mitsubishi,Manual 5-spd,4.0,2.0
10709,Compact Cars,Regular,Front-Wheel Drive,12.2077777777778,Nissan,Automatic 4-spd,4.0,1.8
10710,Compact Cars,Regular,Front-Wheel Drive,12.2077777777778,Nissan,Manual 5-spd,4.0,1.8
10711,Compact Cars,Regular,Front-Wheel Drive,11.3658620689655,Chevrolet,Manual 5-spd,4.0,1.6
10712,Compact Cars,Regular,Front-Wheel Drive,14.9822727272727,Nissan,Automatic 4-spd,4.0,2.5
10713,Compact Cars,Regular,Front-Wheel Drive,14.3308695652174,Nissan,Manual 6-spd,4.0,2.5
10714,Compact Cars,Regular,Front-Wheel Drive,13.1844,Oldsmobile,Automatic 4-spd,4.0,2.2
10715,Compact Cars,Regular,Front-Wheel Drive,12.2077777777778,Oldsmobile,Manual 5-spd,4.0,2.2
10716,Compact Cars,Regular,Front-Wheel Drive,15.6957142857143,Oldsmobile,Automatic 4-spd,6.0,3.4
10717,Compact Cars,Regular,Front-Wheel Drive,13.1844,Pontiac,Automatic 4-spd,4.0,2.2
10718,Compact Cars,Regular,Front-Wheel Drive,12.2077777777778,Pontiac,Manual 5-spd,4.0,2.2
10719,Compact Cars,Regular,Front-Wheel Drive,15.6957142857143,Pontiac,Automatic 4-spd,6.0,3.4
10720,Compact Cars,Premium,Rear-Wheel Drive,19.3888235294118,Pontiac,Automatic 4-spd,8.0,5.7
10721,Compact Cars,Premium,Rear-Wheel Drive,17.3478947368421,Pontiac,Manual 6-spd,8.0,5.7
10722,Compact Cars,Regular,Front-Wheel Drive,18.3116666666667,Nissan,Automatic 4-spd,6.0,3.0
10723,Compact Cars,Regular,Front-Wheel Drive,13.1844,Pontiac,Automatic 4-spd,4.0,2.2
10724,Compact Cars,Regular,Front-Wheel Drive,12.2077777777778,Pontiac,Manual 5-spd,4.0,2.2
10725,Compact Cars,Regular,Front-Wheel Drive,13.73375,Saab,Manual 5-spd,4.0,2.0
10726,Compact Cars,Premium,Front-Wheel Drive,14.9822727272727,Saab,Manual 5-spd,4.0,2.0
10727,Compact Cars,Premium,Front-Wheel Drive,15.6957142857143,Saab,Manual 6-spd,4.0,2.0
10728,Compact Cars,Regular,Front-Wheel Drive,14.9822727272727,Saab,Automatic (S5),4.0,2.0
10729,Compact Cars,Premium,Front-Wheel Drive,15.6957142857143,Saab,Automatic (S5),4.0,2.0
10730,Compact Cars,Premium,Front-Wheel Drive,14.3308695652174,Saturn,Manual 5-spd,4.0,2.0
10731,Compact Cars,Regular,Front-Wheel Drive,13.73375,Saturn,Automatic (variable gear ratios),4.0,2.2
10732,Compact Cars,Regular,Front-Wheel Drive,13.73375,Saturn,Automatic 5-spd,4.0,2.2
10733,Compact Cars,Regular,Front-Wheel Drive,17.3478947368421,Nissan,Manual 5-spd,6.0,3.0
10734,Compact Cars,Regular,Front-Wheel Drive,12.6773076923077,Saturn,Manual 5-spd,4.0,2.2
10735,Compact Cars,Regular,4-Wheel or All-Wheel Drive,15.6957142857143,Subaru,Automatic 4-spd,4.0,2.5
10736,Compact Cars,Regular,4-Wheel or All-Wheel Drive,15.6957142857143,Subaru,Manual 5-spd,4.0,2.5
10737,Compact Cars,Regular,4-Wheel or All-Wheel Drive,15.6957142857143,Subaru,Automatic (S4),4.0,2.5
10738,Compact Cars,Premium,4-Wheel or All-Wheel Drive,17.3478947368421,Subaru,Automatic 4-spd,6.0,3.0
10739,Compact Cars,Regular,Front-Wheel Drive,13.73375,Suzuki,Automatic 4-spd,4.0,2.3
10740,Compact Cars,Regular,Front-Wheel Drive,13.73375,Suzuki,Manual 5-spd,4.0,2.3
10741,Compact Cars,Regular,4-Wheel or All-Wheel Drive,14.3308695652174,Suzuki,Automatic 4-spd,4.0,2.3
10742,Compact Cars,Regular,Front-Wheel Drive,14.9822727272727,Suzuki,Automatic 4-spd,4.0,2.0
10743,Compact Cars,Regular,Front-Wheel Drive,14.9822727272727,Suzuki,Manual 5-spd,4.0,2.0
10744,Compact Cars,Regular,Front-Wheel Drive,15.6957142857143,Nissan,Automatic 3-spd,4.0,2.0
10745,Compact Cars,Regular,Front-Wheel Drive,12.6773076923077,Suzuki,Automatic 4-spd,4.0,1.6
10746,Compact Cars,Regular,Front-Wheel Drive,12.2077777777778,Suzuki,Manual 5-spd,4.0,1.6
10747,Compact Cars,Regular,Front-Wheel Drive,13.73375,Toyota,Automatic 4-spd,4.0,2.4
10748,Compact Cars,Regular,Front-Wheel Drive,13.73375,Toyota,Manual 5-spd,4.0,2.4
10749,Compact Cars,Regular,Front-Wheel Drive,15.6957142857143,Toyota,Automatic (S5),6.0,3.3
10750,Compact Cars,Regular,Front-Wheel Drive,11.7717857142857,Toyota,Automatic 4-spd,4.0,1.8
10751,Compact Cars,Regular,Front-Wheel Drive,10.6325806451613,Toyota,Manual 5-spd,4.0,1.8
10752,Compact Cars,Regular,Front-Wheel Drive,10.6325806451613,Toyota,Automatic 4-spd,4.0,1.5
10753,Compact Cars,Regular,Front-Wheel Drive,9.98818181818182,Toyota,Manual 5-spd,4.0,1.5
10754,Compact Cars,Diesel,Front-Wheel Drive,10.61625,Volkswagen,Manual 5-spd,4.0,1.9
10755,Compact Cars,Regular,Front-Wheel Drive,13.1844,Nissan,Manual 5-spd,4.0,2.0
10756,Compact Cars,Diesel,Front-Wheel Drive,11.94328125,Volkswagen,Automatic (S5),4.0,1.9
10757,Compact Cars,Regular,Front-Wheel Drive,13.73375,Volkswagen,Automatic 4-spd,4.0,2.0
10758,Compact Cars,Regular,Front-Wheel Drive,13.73375,Volkswagen,Manual 5-spd,4.0,2.0
10759,Compact Cars,Premium,Front-Wheel Drive,13.73375,Volkswagen,Manual 5-spd,4.0,1.8
10760,Compact Cars,Premium,Front-Wheel Drive,14.9822727272727,Volkswagen,Automatic (S5),4.0,1.8
10761,Compact Cars,Premium,Front-Wheel Drive,14.9822727272727,Volkswagen,Manual 6-spd,6.0,2.8
10762,Compact Cars,Premium,Front-Wheel Drive,13.73375,Volkswagen,Manual 5-spd,4.0,1.8
10763,Compact Cars,Premium,Front-Wheel Drive,14.9822727272727,Volkswagen,Manual 6-spd,4.0,1.8
10764,Compact Cars,Premium,Front-Wheel Drive,14.9822727272727,Volkswagen,Automatic (S5),4.0,1.8
10765,Compact Cars,Diesel,Front-Wheel Drive,10.61625,Volkswagen,Manual 5-spd,4.0,1.9
10766,Compact Cars,Regular,Front-Wheel Drive,10.987,Dodge,Manual 4-spd,4.0,1.6
10767,Compact Cars,Diesel,Front-Wheel Drive,11.94328125,Volkswagen,Automatic (S5),4.0,1.9
10768,Compact Cars,Regular,Front-Wheel Drive,13.73375,Volkswagen,Automatic 4-spd,4.0,2.0
10769,Compact Cars,Regular,Front-Wheel Drive,13.73375,Volkswagen,Manual 5-spd,4.0,2.0
10770,Compact Cars,Premium,Front-Wheel Drive,14.9822727272727,Volkswagen,Manual 6-spd,6.0,2.8
10771,Compact Cars,Premium,4-Wheel or All-Wheel Drive,14.9822727272727,Volkswagen,Manual 5-spd,4.0,1.8
10772,Compact Cars,Premium,4-Wheel or All-Wheel Drive,15.6957142857143,Volkswagen,Automatic (S5),4.0,1.8
10773,Compact Cars,Premium,4-Wheel or All-Wheel Drive,17.3478947368421,Volkswagen,Automatic (S5),6.0,2.8
10774,Compact Cars,Premium,4-Wheel or All-Wheel Drive,18.3116666666667,Volkswagen,Manual 6-spd,8.0,4.0
10775,Compact Cars,Premium,4-Wheel or All-Wheel Drive,18.3116666666667,Volkswagen,Automatic (S5),8.0,4.0
10776,Compact Cars,Premium,Front-Wheel Drive,14.9822727272727,Volvo,Automatic 5-spd,4.0,1.9
10777,Subcompact Cars,Premium,Rear-Wheel Drive,17.3478947368421,Plymouth,Manual 5-spd,4.0,2.6
10778,Compact Cars,Regular,Front-Wheel Drive,12.2077777777778,Dodge,Manual 4-spd,4.0,1.6
10779,Compact Cars,Premium,Front-Wheel Drive,14.9822727272727,Volvo,Automatic (S5),5.0,2.4
10780,Compact Cars,Premium,Front-Wheel Drive,14.3308695652174,Volvo,Automatic (S5),5.0,2.5
10781,Compact Cars,Premium,4-Wheel or All-Wheel Drive,16.4805,Volvo,Automatic 5-spd,5.0,2.5
10782,Compact Cars,Premium,Front-Wheel Drive,15.6957142857143,Volvo,Manual 5-spd,5.0,2.3
10783,Compact Cars,Premium,Front-Wheel Drive,15.6957142857143,Volvo,Automatic (S5),5.0,2.3
10784,Compact Cars,Premium,Front-Wheel Drive,14.9822727272727,Volvo,Automatic 5-spd,5.0,2.4
10785,Compact Cars,Premium,Front-Wheel Drive,14.9822727272727,Volvo,Manual 5-spd,5.0,2.4
10786,Compact Cars,Premium,Front-Wheel Drive,14.9822727272727,Volvo,Automatic 5-spd,5.0,2.5
10787,Compact Cars,Premium,4-Wheel or All-Wheel Drive,17.3478947368421,Volvo,Manual 6-spd,5.0,2.5
10788,Compact Cars,Premium,4-Wheel or All-Wheel Drive,17.3478947368421,Volvo,Automatic (S5),5.0,2.5
10789,Compact Cars,Regular,Front-Wheel Drive,14.3308695652174,Dodge,Automatic 3-spd,4.0,2.2
10790,Midsize Cars,Premium,Front-Wheel Drive,18.3116666666667,Acura,Automatic 4-spd,6.0,3.5
10791,Midsize Cars,Premium,Front-Wheel Drive,15.6957142857143,Acura,Manual 6-spd,6.0,3.2
10792,Midsize Cars,Premium,Front-Wheel Drive,15.6957142857143,Acura,Automatic (S5),6.0,3.2
10793,Midsize Cars,Premium,Front-Wheel Drive,15.6957142857143,Audi,Automatic (variable gear ratios),6.0,3.0
10794,Midsize Cars,Premium,4-Wheel or All-Wheel Drive,17.3478947368421,Audi,Manual 6-spd,6.0,2.7
10795,Midsize Cars,Premium,4-Wheel or All-Wheel Drive,17.3478947368421,Audi,Automatic (S5),6.0,2.7
10796,Midsize Cars,Premium,4-Wheel or All-Wheel Drive,17.3478947368421,Audi,Automatic (S5),6.0,3.0
10797,Midsize Cars,Premium,4-Wheel or All-Wheel Drive,18.3116666666667,Audi,Automatic (S5),8.0,4.2
10798,Midsize Cars,Premium,Rear-Wheel Drive,29.9645454545455,Bentley,Automatic 4-spd,8.0,6.8
10799,Midsize Cars,Premium,Rear-Wheel Drive,16.4805,BMW,Manual 6-spd,6.0,2.5
10800,Compact Cars,Regular,Front-Wheel Drive,12.6773076923077,Dodge,Manual 5-spd,4.0,2.2
10801,Midsize Cars,Premium,Rear-Wheel Drive,16.4805,BMW,Automatic (S6),6.0,2.5
10802,Midsize Cars,Premium,Rear-Wheel Drive,15.6957142857143,BMW,Manual 6-spd,6.0,3.0
10803,Midsize Cars,Premium,Rear-Wheel Drive,15.6957142857143,BMW,Automatic (S6),6.0,3.0
10804,Midsize Cars,Premium,Rear-Wheel Drive,16.4805,BMW,Automatic (S6),6.0,3.0
10805,Midsize Cars,Premium,Rear-Wheel Drive,18.3116666666667,BMW,Manual 6-spd,8.0,4.4
10806,Midsize Cars,Premium,Rear-Wheel Drive,17.3478947368421,BMW,Automatic (S6),8.0,4.4
10807,Midsize Cars,Premium,Rear-Wheel Drive,19.3888235294118,BMW,Automatic (S6),8.0,4.4
10808,Midsize Cars,Regular,Front-Wheel Drive,15.6957142857143,Buick,Automatic 4-spd,6.0,3.1
10809,Midsize Cars,Regular,Front-Wheel Drive,15.6957142857143,Buick,Automatic 4-spd,6.0,3.8
10810,Midsize Cars,Premium,Front-Wheel Drive,16.4805,Buick,Automatic 4-spd,6.0,3.8
10811,Compact Cars,Premium,Front-Wheel Drive,14.9822727272727,Dodge,Manual 5-spd,4.0,2.2
10812,Midsize Cars,Premium,Rear-Wheel Drive,17.3478947368421,Cadillac,Automatic 5-spd,6.0,3.2
10813,Midsize Cars,Premium,Rear-Wheel Drive,17.3478947368421,Cadillac,Manual 5-spd,6.0,3.2
10814,Midsize Cars,Regular,Rear-Wheel Drive,17.3478947368421,Cadillac,Automatic 5-spd,6.0,3.6
10815,Midsize Cars,Premium,Rear-Wheel Drive,19.3888235294118,Cadillac,Manual 6-spd,8.0,5.7
10816,Midsize Cars,Regular,Front-Wheel Drive,17.3478947368421,Cadillac,Automatic 4-spd,8.0,4.6
10817,Midsize Cars,Regular,Front-Wheel Drive,17.3478947368421,Cadillac,Automatic 4-spd,8.0,4.6
10818,Midsize Cars,Regular,Front-Wheel Drive,16.4805,Chevrolet,Automatic 4-spd,6.0,2.5
10819,Midsize Cars,Regular,Front-Wheel Drive,13.1844,Chevrolet,Automatic 4-spd,4.0,2.2
10820,Midsize Cars,Regular,Front-Wheel Drive,13.1844,Chevrolet,Automatic 4-spd,4.0,2.2
10821,Midsize Cars,Regular,Front-Wheel Drive,14.3308695652174,Chevrolet,Automatic 4-spd,6.0,3.5
10822,Compact Cars,Premium,Front-Wheel Drive,16.4805,Dodge,Manual 5-spd,4.0,2.2
10823,Midsize Cars,Regular,Front-Wheel Drive,14.9822727272727,Chevrolet,Automatic 4-spd,6.0,3.4
10824,Midsize Cars,Regular,Front-Wheel Drive,15.6957142857143,Chevrolet,Automatic 4-spd,6.0,3.8
10825,Midsize Cars,Premium,Front-Wheel Drive,16.4805,Chevrolet,Automatic 4-spd,6.0,3.8
10826,Midsize Cars,Regular,Front-Wheel Drive,14.9822727272727,Chrysler,Automatic 4-spd,4.0,2.4
10827,Midsize Cars,Regular,Front-Wheel Drive,16.4805,Daewoo,Automatic 4-spd,6.0,2.5
10828,Midsize Cars,Regular,Front-Wheel Drive,14.9822727272727,Dodge,Automatic 4-spd,4.0,2.4
10829,Midsize Cars,Regular,Front-Wheel Drive,16.4805,Dodge,Manual 5-spd,6.0,2.7
10830,Midsize Cars,Regular,Front-Wheel Drive,13.73375,Honda,Automatic 5-spd,4.0,2.4
10831,Midsize Cars,Regular,Front-Wheel Drive,12.6773076923077,Honda,Manual 5-spd,4.0,2.4
10832,Midsize Cars,Regular,Front-Wheel Drive,14.9822727272727,Honda,Automatic 5-spd,6.0,3.0
10833,Compact Cars,Regular,Front-Wheel Drive,14.3308695652174,Ford,Automatic 3-spd,4.0,1.9
10834,Midsize Cars,Regular,Front-Wheel Drive,15.6957142857143,Honda,Manual 6-spd,6.0,3.0
10835,Midsize Cars,Regular,Front-Wheel Drive,12.6773076923077,Hyundai,Manual 5-spd,4.0,2.0
10836,Midsize Cars,Regular,Front-Wheel Drive,14.9822727272727,Hyundai,Automatic 4-spd,4.0,2.4
10837,Midsize Cars,Regular,Front-Wheel Drive,14.3308695652174,Hyundai,Manual 5-spd,4.0,2.4
10838,Midsize Cars,Regular,Front-Wheel Drive,16.4805,Hyundai,Automatic 4-spd,6.0,2.7
10839,Midsize Cars,Regular,Front-Wheel Drive,16.4805,Hyundai,Manual 5-spd,6.0,2.7
10840,Midsize Cars,Regular,Front-Wheel Drive,18.3116666666667,Hyundai,Automatic 5-spd,6.0,3.5
10841,Midsize Cars,Regular,Front-Wheel Drive,16.4805,Infiniti,Automatic 4-spd,6.0,3.5
10842,Midsize Cars,Premium,Rear-Wheel Drive,18.3116666666667,Infiniti,Automatic (S5),8.0,4.5
10843,Midsize Cars,Premium,Rear-Wheel Drive,17.3478947368421,Jaguar,Automatic 6-spd,6.0,3.0
10844,Compact Cars,Regular,Front-Wheel Drive,11.3658620689655,Ford,Manual 4-spd,4.0,1.9
10845,Midsize Cars,Premium,Rear-Wheel Drive,17.3478947368421,Jaguar,Manual 5-spd,6.0,3.0
10846,Midsize Cars,Premium,Rear-Wheel Drive,17.3478947368421,Jaguar,Automatic 6-spd,8.0,4.2
10847,Midsize Cars,Premium,Rear-Wheel Drive,18.3116666666667,Jaguar,Automatic 6-spd,8.0,4.2
10848,Midsize Cars,Regular,Front-Wheel Drive,13.1844,Kia,Automatic 4-spd,4.0,2.0
10849,Midsize Cars,Regular,Front-Wheel Drive,13.1844,Kia,Manual 5-spd,4.0,2.0
10850,Midsize Cars,Regular,Front-Wheel Drive,14.9822727272727,Kia,Automatic 4-spd,4.0,2.4
10851,Midsize Cars,Regular,Front-Wheel Drive,14.3308695652174,Kia,Manual 5-spd,4.0,2.4
10852,Midsize Cars,Regular,Front-Wheel Drive,15.6957142857143,Kia,Automatic 4-spd,6.0,2.7
10853,Midsize Cars,Regular,Front-Wheel Drive,15.6957142857143,Kia,Manual 5-spd,6.0,2.7
10854,Midsize Cars,Regular,Front-Wheel Drive,15.6957142857143,Lexus,Automatic 5-spd,6.0,3.3
10855,Compact Cars,Regular,Front-Wheel Drive,12.6773076923077,Ford,Manual 5-spd,4.0,1.9
10856,Midsize Cars,Premium,Rear-Wheel Drive,17.3478947368421,Lexus,Automatic (S5),6.0,3.0
10857,Midsize Cars,Premium,Rear-Wheel Drive,18.3116666666667,Lexus,Automatic 5-spd,8.0,4.3
10858,Midsize Cars,Premium,Rear-Wheel Drive,16.4805,Lincoln,Automatic 5-spd,6.0,3.0
10859,Midsize Cars,Premium,Rear-Wheel Drive,15.6957142857143,Lincoln,Automatic (S5),6.0,3.0
10860,Midsize Cars,Premium,Rear-Wheel Drive,18.3116666666667,Lincoln,Automatic 5-spd,8.0,3.9
10861,Midsize Cars,Premium,Rear-Wheel Drive,18.3116666666667,Lincoln,Automatic (S5),8.0,3.9
10862,Midsize Cars,Regular,Front-Wheel Drive,16.4805,Mercury,Automatic 4-spd,6.0,3.0
10863,Midsize Cars,Regular,Front-Wheel Drive,16.4805,Mercury,Automatic 4-spd,6.0,3.0
10864,Midsize Cars,Regular,Front-Wheel Drive,13.73375,Mazda,Manual 5-spd,4.0,2.3
10865,Midsize Cars,Regular,Front-Wheel Drive,14.9822727272727,Mazda,Automatic (S4),4.0,2.3
10866,Compact Cars,Regular,Front-Wheel Drive,14.9822727272727,Ford,Automatic 3-spd,4.0,1.9
10867,Midsize Cars,Regular,Front-Wheel Drive,16.4805,Mazda,Manual 5-spd,6.0,3.0
10868,Midsize Cars,Regular,Front-Wheel Drive,17.3478947368421,Mazda,Automatic (S5),6.0,3.0
10869,Midsize Cars,Premium,Rear-Wheel Drive,16.4805,Mercedes-Benz,Automatic 5-spd,6.0,3.2
10870,Midsize Cars,Premium,4-Wheel or All-Wheel Drive,17.3478947368421,Mercedes-Benz,Automatic 5-spd,6.0,3.2
10871,Midsize Cars,Premium,Rear-Wheel Drive,19.3888235294118,Mercedes-Benz,Automatic 7-spd,8.0,5.0
10872,Midsize Cars,Premium,4-Wheel or All-Wheel Drive,20.600625,Mercedes-Benz,Automatic 5-spd,8.0,5.0
10873,Midsize Cars,Premium,Rear-Wheel Drive,21.974,Mercedes-Benz,Automatic (S5),8.0,5.4
10874,Midsize Cars,Premium,Front-Wheel Drive,18.3116666666667,Mitsubishi,Automatic 4-spd,6.0,3.5
10875,Midsize Cars,Premium,Front-Wheel Drive,18.3116666666667,Mitsubishi,Automatic (S4),6.0,3.5
10876,Midsize Cars,Regular,Front-Wheel Drive,14.3308695652174,Mitsubishi,Automatic 4-spd,4.0,2.4
10877,Compact Cars,Regular,Front-Wheel Drive,13.73375,Ford,Manual 5-spd,4.0,1.9
10878,Midsize Cars,Premium,Front-Wheel Drive,17.3478947368421,Mitsubishi,Automatic (S4),6.0,3.8
10879,Midsize Cars,Regular,Front-Wheel Drive,14.3308695652174,Nissan,Automatic 4-spd,4.0,2.5
10880,Midsize Cars,Regular,Front-Wheel Drive,14.3308695652174,Nissan,Manual 5-spd,4.0,2.5
10881,Midsize Cars,Regular,Front-Wheel Drive,16.4805,Nissan,Automatic 4-spd,6.0,3.5
10882,Midsize Cars,Regular,Front-Wheel Drive,15.6957142857143,Nissan,Manual 5-spd,6.0,3.5
10883,Midsize Cars,Regular,Front-Wheel Drive,15.6957142857143,Nissan,Automatic 4-spd,6.0,3.5
10884,Midsize Cars,Regular,Front-Wheel Drive,15.6957142857143,Nissan,Manual 6-spd,6.0,3.5
10885,Midsize Cars,Regular,Front-Wheel Drive,15.6957142857143,Nissan,Automatic (S5),6.0,3.5
10886,Midsize Cars,Regular,Front-Wheel Drive,15.6957142857143,Pontiac,Automatic 4-spd,6.0,3.8
10887,Midsize Cars,Premium,Front-Wheel Drive,17.3478947368421,Pontiac,Automatic 4-spd,6.0,3.8
10888,Subcompact Cars,Regular,Front-Wheel Drive,10.987,Plymouth,Manual 4-spd,4.0,1.6
10889,Compact Cars,Diesel,Front-Wheel Drive,11.2407352941176,Ford,Manual 5-spd,4.0,2.0
10890,Midsize Cars,Premium,Front-Wheel Drive,16.4805,Pontiac,Automatic 4-spd,6.0,3.8
10891,Midsize Cars,Premium,Rear-Wheel Drive,25.3546153846154,Rolls-Royce,Automatic (S6),12.0,6.7
10892,Midsize Cars,Regular,Front-Wheel Drive,15.6957142857143,Saab,Manual 5-spd,4.0,2.3
10893,Midsize Cars,Premium,Front-Wheel Drive,15.6957142857143,Saab,Manual 5-spd,4.0,2.3
10894,Midsize Cars,Regular,Front-Wheel Drive,16.4805,Saab,Automatic (S5),4.0,2.3
10895,Midsize Cars,Premium,Front-Wheel Drive,16.4805,Saab,Automatic (S5),4.0,2.3
10896,Midsize Cars,Regular,Front-Wheel Drive,13.1844,Saturn,Automatic 4-spd,4.0,2.2
10897,Midsize Cars,Regular,Front-Wheel Drive,15.6957142857143,Saturn,Automatic 4-spd,6.0,3.0
10898,Midsize Cars,Regular,Front-Wheel Drive,16.4805,Suzuki,Automatic 4-spd,6.0,2.5
10899,Midsize Cars,Regular,Front-Wheel Drive,13.73375,Toyota,Automatic 4-spd,4.0,2.4
10900,Compact Cars,Diesel,Front-Wheel Drive,10.0575,Ford,Manual 5-spd,4.0,2.0
10901,Midsize Cars,Regular,Front-Wheel Drive,13.73375,Toyota,Manual 5-spd,4.0,2.4
10902,Midsize Cars,Regular,Front-Wheel Drive,15.6957142857143,Toyota,Automatic 5-spd,6.0,3.0
10903,Midsize Cars,Regular,Front-Wheel Drive,15.6957142857143,Toyota,Automatic 5-spd,6.0,3.3
10904,Midsize Cars,Regular,Front-Wheel Drive,7.1654347826087,Toyota,Automatic (variable gear ratios),4.0,1.5
10905,Midsize Cars,Premium,Front-Wheel Drive,14.3308695652174,Volkswagen,Manual 5-spd,4.0,1.8
10906,Midsize Cars,Premium,Front-Wheel Drive,14.9822727272727,Volkswagen,Automatic (S5),4.0,1.8
10907,Midsize Cars,Premium,Front-Wheel Drive,16.4805,Volkswagen,Manual 5-spd,6.0,2.8
10908,Midsize Cars,Premium,Front-Wheel Drive,16.4805,Volkswagen,Automatic (S5),6.0,2.8
10909,Midsize Cars,Premium,4-Wheel or All-Wheel Drive,16.4805,Volvo,Automatic 5-spd,5.0,2.5
10910,Midsize Cars,Premium,Front-Wheel Drive,15.6957142857143,Volvo,Automatic 5-spd,5.0,2.5
10911,Compact Cars,Diesel,Front-Wheel Drive,11.2407352941176,Ford,Manual 5-spd,4.0,2.0
10912,Midsize Cars,Premium,Front-Wheel Drive,16.4805,Volvo,Automatic 4-spd,6.0,2.9
10913,Midsize Cars,Premium,Front-Wheel Drive,17.3478947368421,Volvo,Automatic (S4),6.0,2.9
10914,Large Cars,Premium,4-Wheel or All-Wheel Drive,18.3116666666667,Audi,Automatic (S6),8.0,4.2
10915,Large Cars,Premium,Rear-Wheel Drive,29.9645454545455,Bentley,Automatic 4-spd,8.0,6.8
10916,Large Cars,Premium,Rear-Wheel Drive,17.3478947368421,BMW,Automatic (S6),8.0,4.4
10917,Large Cars,Premium,Rear-Wheel Drive,17.3478947368421,BMW,Automatic (S6),8.0,4.4
10918,Large Cars,Premium,Rear-Wheel Drive,20.600625,BMW,Automatic (S6),12.0,6.0
10919,Large Cars,Regular,Front-Wheel Drive,15.6957142857143,Buick,Automatic 4-spd,6.0,3.8
10920,Large Cars,Regular,Front-Wheel Drive,15.6957142857143,Buick,Automatic 4-spd,6.0,3.8
10921,Large Cars,Premium,Front-Wheel Drive,16.4805,Buick,Automatic 4-spd,6.0,3.8
10922,Compact Cars,Regular,Front-Wheel Drive,13.1844,Ford,Manual 5-spd,4.0,2.3
10923,Large Cars,Regular,Front-Wheel Drive,21.974,Cadillac,Automatic 4-spd,8.0,4.6
10924,Large Cars,Regular,Front-Wheel Drive,17.3478947368421,Cadillac,Automatic 4-spd,8.0,4.6
10925,Large Cars,Regular,Front-Wheel Drive,17.3478947368421,Cadillac,Automatic 4-spd,8.0,4.6
10926,Large Cars,Regular,Front-Wheel Drive,21.974,Cadillac,Automatic 4-spd,8.0,4.6
10927,Large Cars,Regular,Front-Wheel Drive,20.600625,Cadillac,Automatic 4-spd,8.0,4.6
10928,Large Cars,Regular,Front-Wheel Drive,14.9822727272727,Chevrolet,Automatic 4-spd,6.0,3.4
10929,Large Cars,Regular,Front-Wheel Drive,15.6957142857143,Chevrolet,Automatic 4-spd,6.0,3.8
10930,Large Cars,Premium,Front-Wheel Drive,16.4805,Chevrolet,Automatic 4-spd,6.0,3.8
10931,Large Cars,Regular,Front-Wheel Drive,14.9822727272727,Chevrolet,Automatic 4-spd,6.0,3.5
10932,Large Cars,Regular,Front-Wheel Drive,17.3478947368421,Chrysler,Automatic 4-spd,6.0,3.5
10933,Compact Cars,Regular,Front-Wheel Drive,14.3308695652174,Ford,Automatic 3-spd,4.0,2.3
10934,Large Cars,Regular,Front-Wheel Drive,14.9822727272727,Chrysler,Automatic 4-spd,6.0,2.7
10935,Large Cars,Regular,Front-Wheel Drive,16.4805,Chrysler,Automatic 4-spd,6.0,3.5
10936,Large Cars,Regular,Front-Wheel Drive,14.9822727272727,Dodge,Automatic 4-spd,6.0,2.7
10937,Large Cars,Regular,Front-Wheel Drive,16.4805,Dodge,Automatic 4-spd,6.0,3.5
10938,Large Cars,Regular,Front-Wheel Drive,17.3478947368421,Dodge,Automatic 4-spd,6.0,3.5
10939,Large Cars,Regular,Rear-Wheel Drive,18.3116666666667,Ford,Automatic 4-spd,8.0,4.6
10940,Large Cars,Regular,Front-Wheel Drive,16.4805,Ford,Automatic 4-spd,6.0,3.0
10941,Large Cars,Regular,Front-Wheel Drive,16.4805,Ford,Automatic 4-spd,6.0,3.0
10942,Large Cars,Premium,Rear-Wheel Drive,17.3478947368421,Jaguar,Automatic 6-spd,8.0,4.2
10943,Large Cars,Premium,Rear-Wheel Drive,17.3478947368421,Jaguar,Automatic 6-spd,8.0,4.2
10944,Compact Cars,Regular,Front-Wheel Drive,14.3308695652174,Ford,Manual 5-spd,4.0,2.3
10945,Large Cars,Premium,Rear-Wheel Drive,18.3116666666667,Jaguar,Automatic 6-spd,8.0,4.2
10946,Large Cars,Regular,Front-Wheel Drive,18.3116666666667,Kia,Automatic 5-spd,6.0,3.5
10947,Large Cars,Premium,Rear-Wheel Drive,18.3116666666667,Lexus,Automatic (S6),8.0,4.3
10948,Large Cars,Regular,Rear-Wheel Drive,18.3116666666667,Mercury,Automatic 4-spd,8.0,4.6
10949,Large Cars,Premium,Rear-Wheel Drive,19.3888235294118,Mercury,Automatic 4-spd,8.0,4.6
10950,Large Cars,Regular,Rear-Wheel Drive,18.3116666666667,Lincoln,Automatic 4-spd,8.0,4.6
10951,Large Cars,Premium,Rear-Wheel Drive,25.3546153846154,Maybach,Automatic 5-spd,12.0,5.5
10952,Large Cars,Premium,Rear-Wheel Drive,25.3546153846154,Maybach,Automatic 5-spd,12.0,5.5
10953,Large Cars,Premium,Rear-Wheel Drive,17.3478947368421,Mercedes-Benz,Automatic 7-spd,8.0,4.3
10954,Large Cars,Premium,4-Wheel or All-Wheel Drive,19.3888235294118,Mercedes-Benz,Automatic 5-spd,8.0,4.3
10955,Compact Cars,Regular,Rear-Wheel Drive,18.3116666666667,Ford,Automatic 3-spd,4.0,2.3
10956,Large Cars,Premium,Rear-Wheel Drive,19.3888235294118,Mercedes-Benz,Automatic 7-spd,8.0,5.0
10957,Large Cars,Premium,4-Wheel or All-Wheel Drive,20.600625,Mercedes-Benz,Automatic 5-spd,8.0,5.0
10958,Large Cars,Premium,Rear-Wheel Drive,21.974,Mercedes-Benz,Automatic (S5),8.0,5.4
10959,Large Cars,Premium,Rear-Wheel Drive,25.3546153846154,Mercedes-Benz,Automatic 5-spd,12.0,5.5
10960,Large Cars,Regular,Front-Wheel Drive,15.6957142857143,Pontiac,Automatic 4-spd,6.0,3.8
10961,Large Cars,Premium,Front-Wheel Drive,16.4805,Pontiac,Automatic 4-spd,6.0,3.8
10962,Large Cars,Regular,Front-Wheel Drive,18.3116666666667,Pontiac,Automatic 4-spd,8.0,4.6
10963,Large Cars,Regular,Front-Wheel Drive,14.9822727272727,Toyota,Automatic 4-spd,6.0,3.0
10964,Large Cars,Premium,4-Wheel or All-Wheel Drive,20.600625,Volkswagen,Automatic (S6),8.0,4.2
10965,Large Cars,Premium,4-Wheel or All-Wheel Drive,25.3546153846154,Volkswagen,Automatic (S5),12.0,6.0
10966,Compact Cars,Regular,Rear-Wheel Drive,16.4805,Ford,Manual 5-spd,4.0,2.3
10967,Small Station Wagons,Premium,4-Wheel or All-Wheel Drive,14.9822727272727,Audi,Manual 6-spd,4.0,1.8
10968,Small Station Wagons,Premium,4-Wheel or All-Wheel Drive,15.6957142857143,Audi,Automatic (S5),4.0,1.8
10969,Small Station Wagons,Premium,4-Wheel or All-Wheel Drive,17.3478947368421,Audi,Manual 6-spd,6.0,3.0
10970,Small Station Wagons,Premium,4-Wheel or All-Wheel Drive,17.3478947368421,Audi,Automatic (S5),6.0,3.0
10971,Small Station Wagons,Premium,4-Wheel or All-Wheel Drive,20.600625,Audi,Manual 6-spd,8.0,4.2
10972,Small Station Wagons,Premium,4-Wheel or All-Wheel Drive,18.3116666666667,Audi,Automatic (S6),8.0,4.2
10973,Small Station Wagons,Premium,Rear-Wheel Drive,15.6957142857143,BMW,Manual 5-spd,6.0,2.5
10974,Small Station Wagons,Premium,Rear-Wheel Drive,16.4805,BMW,Automatic (S5),6.0,2.5
10975,Small Station Wagons,Premium,Rear-Wheel Drive,14.9822727272727,BMW,Automatic (S6),6.0,2.5
10976,Small Station Wagons,Premium,4-Wheel or All-Wheel Drive,16.4805,BMW,Manual 5-spd,6.0,2.5
10977,Compact Cars,Regular,Rear-Wheel Drive,18.3116666666667,Ford,Automatic 3-spd,6.0,3.8
10978,Small Station Wagons,Premium,4-Wheel or All-Wheel Drive,16.4805,BMW,Automatic (S5),6.0,2.5
10979,Small Station Wagons,Premium,Rear-Wheel Drive,18.3116666666667,Mercedes-Benz,Manual 6-spd,6.0,2.6
10980,Small Station Wagons,Premium,Rear-Wheel Drive,17.3478947368421,Mercedes-Benz,Automatic 5-spd,6.0,2.6
10981,Small Station Wagons,Premium,4-Wheel or All-Wheel Drive,17.3478947368421,Mercedes-Benz,Automatic 5-spd,6.0,2.6
10982,Small Station Wagons,Premium,4-Wheel or All-Wheel Drive,16.4805,Mercedes-Benz,Automatic 5-spd,6.0,3.2
10983,Small Station Wagons,Regular,Front-Wheel Drive,14.9822727272727,Mitsubishi,Automatic 4-spd,4.0,2.4
10984,Small Station Wagons,Regular,Front-Wheel Drive,12.2077777777778,Pontiac,Automatic 4-spd,4.0,1.8
10985,Small Station Wagons,Regular,4-Wheel or All-Wheel Drive,13.1844,Pontiac,Automatic 4-spd,4.0,1.8
10986,Small Station Wagons,Regular,Front-Wheel Drive,11.7717857142857,Pontiac,Manual 5-spd,4.0,1.8
10987,Small Station Wagons,Premium,Front-Wheel Drive,13.1844,Pontiac,Manual 6-spd,4.0,1.8
10988,Compact Cars,Regular,Rear-Wheel Drive,17.3478947368421,Ford,Automatic 4-spd,6.0,3.8
10989,Small Station Wagons,Premium,4-Wheel or All-Wheel Drive,17.3478947368421,Subaru,Automatic 4-spd,4.0,2.0
10990,Small Station Wagons,Premium,4-Wheel or All-Wheel Drive,16.4805,Subaru,Manual 5-spd,4.0,2.0
10991,Small Station Wagons,Regular,4-Wheel or All-Wheel Drive,14.9822727272727,Subaru,Automatic 4-spd,4.0,2.5
10992,Small Station Wagons,Regular,4-Wheel or All-Wheel Drive,15.6957142857143,Subaru,Manual 5-spd,4.0,2.5
10993,Small Station Wagons,Regular,Front-Wheel Drive,13.73375,Suzuki,Automatic 4-spd,4.0,2.3
10994,Small Station Wagons,Regular,Front-Wheel Drive,13.73375,Suzuki,Manual 5-spd,4.0,2.3
10995,Small Station Wagons,Regular,4-Wheel or All-Wheel Drive,14.3308695652174,Suzuki,Automatic 4-spd,4.0,2.3
10996,Small Station Wagons,Regular,Front-Wheel Drive,12.2077777777778,Toyota,Automatic 4-spd,4.0,1.8
10997,Small Station Wagons,Regular,4-Wheel or All-Wheel Drive,13.1844,Toyota,Automatic 4-spd,4.0,1.8
10998,Small Station Wagons,Regular,Front-Wheel Drive,11.7717857142857,Toyota,Manual 5-spd,4.0,1.8
10999,Subcompact Cars,Regular,Front-Wheel Drive,10.987,Plymouth,Manual 4-spd,4.0,1.6
11000,Compact Cars,Regular,Rear-Wheel Drive,17.3478947368421,Ford,Automatic 4-spd,8.0,5.0
11001,Small Station Wagons,Premium,Front-Wheel Drive,13.73375,Toyota,Manual 6-spd,4.0,1.8
11002,Small Station Wagons,Regular,Front-Wheel Drive,11.7717857142857,Scion,Automatic 4-spd,4.0,1.5
11003,Small Station Wagons,Regular,Front-Wheel Drive,11.3658620689655,Scion,Manual 5-spd,4.0,1.5
11004,Small Station Wagons,Premium,Front-Wheel Drive,13.73375,Volkswagen,Manual 5-spd,4.0,1.8
11005,Small Station Wagons,Premium,Front-Wheel Drive,14.9822727272727,Volkswagen,Automatic (S5),4.0,1.8
11006,Small Station Wagons,Diesel,Front-Wheel Drive,10.9195714285714,Volkswagen,Manual 5-spd,4.0,1.9
11007,Small Station Wagons,Diesel,Front-Wheel Drive,11.94328125,Volkswagen,Automatic (S5),4.0,1.9
11008,Small Station Wagons,Regular,Front-Wheel Drive,14.3308695652174,Volkswagen,Automatic 4-spd,4.0,2.0
11009,Small Station Wagons,Regular,Front-Wheel Drive,13.73375,Volkswagen,Manual 5-spd,4.0,2.0
11010,Small Station Wagons,Premium,Front-Wheel Drive,14.9822727272727,Volvo,Automatic 5-spd,4.0,1.9
11011,Compact Cars,Regular,Front-Wheel Drive,17.3478947368421,Acura,Automatic 4-spd,6.0,2.5
11012,Midsize Station Wagons,Premium,4-Wheel or All-Wheel Drive,17.3478947368421,Audi,Automatic (S5),6.0,3.0
11013,Midsize Station Wagons,Regular,Front-Wheel Drive,13.73375,Ford,Automatic 4-spd,4.0,2.0
11014,Midsize Station Wagons,Regular,Front-Wheel Drive,12.6773076923077,Ford,Manual 5-spd,4.0,2.0
11015,Midsize Station Wagons,Regular,Front-Wheel Drive,13.1844,Ford,Manual 5-spd,4.0,2.0
11016,Midsize Station Wagons,Regular,Front-Wheel Drive,13.73375,Ford,Automatic 4-spd,4.0,2.3
11017,Midsize Station Wagons,Regular,Front-Wheel Drive,13.1844,Ford,Manual 5-spd,4.0,2.3
11018,Midsize Station Wagons,Regular,Front-Wheel Drive,16.4805,Ford,Automatic 4-spd,6.0,3.0
11019,Midsize Station Wagons,Regular,Front-Wheel Drive,17.3478947368421,Ford,Automatic 4-spd,6.0,3.0
11020,Midsize Station Wagons,Regular,Front-Wheel Drive,16.4805,Mercury,Automatic 4-spd,6.0,3.0
11021,Midsize Station Wagons,Regular,Front-Wheel Drive,17.3478947368421,Mercury,Automatic 4-spd,6.0,3.0
11022,Compact Cars,Regular,Front-Wheel Drive,16.4805,Acura,Manual 5-spd,6.0,2.5
11023,Midsize Station Wagons,Regular,Front-Wheel Drive,16.4805,Mazda,Manual 5-spd,6.0,3.0
11024,Midsize Station Wagons,Regular,Front-Wheel Drive,17.3478947368421,Mazda,Automatic (S5),6.0,3.0
11025,Midsize Station Wagons,Premium,Rear-Wheel Drive,16.4805,Mercedes-Benz,Automatic 5-spd,6.0,3.2
11026,Midsize Station Wagons,Premium,4-Wheel or All-Wheel Drive,18.3116666666667,Mercedes-Benz,Automatic 5-spd,6.0,3.2
11027,Midsize Station Wagons,Premium,Rear-Wheel Drive,19.3888235294118,Mercedes-Benz,Automatic 7-spd,8.0,5.0
11028,Midsize Station Wagons,Premium,4-Wheel or All-Wheel Drive,20.600625,Mercedes-Benz,Automatic 5-spd,8.0,5.0
11029,Midsize Station Wagons,Regular,Front-Wheel Drive,15.6957142857143,Saab,Manual 5-spd,4.0,2.3
11030,Midsize Station Wagons,Premium,Front-Wheel Drive,15.6957142857143,Saab,Manual 5-spd,4.0,2.3
11031,Midsize Station Wagons,Regular,Front-Wheel Drive,14.9822727272727,Saab,Manual 5-spd,4.0,2.3
11032,Midsize Station Wagons,Regular,Front-Wheel Drive,16.4805,Saab,Automatic (S5),4.0,2.3
11033,Compact Cars,Regular,Rear-Wheel Drive,19.3888235294118,Lambda Control Systems,Automatic 4-spd,6.0,3.0
11034,Midsize Station Wagons,Premium,Front-Wheel Drive,16.4805,Saab,Automatic (S5),4.0,2.3
11035,Midsize Station Wagons,Regular,Front-Wheel Drive,16.4805,Saab,Automatic (S5),4.0,2.3
11036,Midsize Station Wagons,Regular,Front-Wheel Drive,13.1844,Saturn,Automatic 4-spd,4.0,2.2
11037,Midsize Station Wagons,Regular,Front-Wheel Drive,15.6957142857143,Saturn,Automatic 4-spd,6.0,3.0
11038,Midsize Station Wagons,Regular,4-Wheel or All-Wheel Drive,15.6957142857143,Subaru,Automatic 4-spd,4.0,2.5
11039,Midsize Station Wagons,Regular,4-Wheel or All-Wheel Drive,15.6957142857143,Subaru,Manual 5-spd,4.0,2.5
11040,Midsize Station Wagons,Regular,4-Wheel or All-Wheel Drive,16.4805,Subaru,Automatic (S4),4.0,2.5
11041,Midsize Station Wagons,Premium,4-Wheel or All-Wheel Drive,17.3478947368421,Subaru,Automatic 4-spd,6.0,3.0
11042,Midsize Station Wagons,Premium,Front-Wheel Drive,14.3308695652174,Volkswagen,Manual 5-spd,4.0,1.8
11043,Midsize Station Wagons,Premium,Front-Wheel Drive,14.9822727272727,Volkswagen,Automatic (S5),4.0,1.8
11044,Compact Cars,Regular,Rear-Wheel Drive,18.3116666666667,Mercury,Automatic 3-spd,4.0,2.3
11045,Midsize Station Wagons,Premium,Front-Wheel Drive,16.4805,Volkswagen,Manual 5-spd,6.0,2.8
11046,Midsize Station Wagons,Premium,Front-Wheel Drive,16.4805,Volkswagen,Automatic (S5),6.0,2.8
11047,Midsize Station Wagons,Premium,4-Wheel or All-Wheel Drive,14.9822727272727,Volkswagen,Manual 5-spd,4.0,1.8
11048,Midsize Station Wagons,Premium,4-Wheel or All-Wheel Drive,15.6957142857143,Volkswagen,Automatic (S5),4.0,1.8
11049,Midsize Station Wagons,Premium,4-Wheel or All-Wheel Drive,17.3478947368421,Volkswagen,Automatic (S5),6.0,2.8
11050,Midsize Station Wagons,Premium,4-Wheel or All-Wheel Drive,18.3116666666667,Volkswagen,Manual 6-spd,8.0,4.0
11051,Midsize Station Wagons,Premium,4-Wheel or All-Wheel Drive,18.3116666666667,Volkswagen,Automatic (S5),8.0,4.0
11052,Midsize Station Wagons,Premium,4-Wheel or All-Wheel Drive,16.4805,Volvo,Automatic 5-spd,5.0,2.5
11053,Midsize Station Wagons,Premium,Front-Wheel Drive,16.4805,Volvo,Manual 5-spd,5.0,2.3
11054,Midsize Station Wagons,Premium,Front-Wheel Drive,17.3478947368421,Volvo,Automatic (S5),5.0,2.3
11055,Compact Cars,Regular,Rear-Wheel Drive,16.4805,Mercury,Manual 5-spd,4.0,2.3
11056,Midsize Station Wagons,Premium,Front-Wheel Drive,14.9822727272727,Volvo,Automatic 5-spd,5.0,2.4
11057,Midsize Station Wagons,Premium,Front-Wheel Drive,14.9822727272727,Volvo,Manual 5-spd,5.0,2.4
11058,Midsize Station Wagons,Premium,Front-Wheel Drive,15.6957142857143,Volvo,Automatic 5-spd,5.0,2.5
11059,Midsize Station Wagons,Premium,4-Wheel or All-Wheel Drive,17.3478947368421,Volvo,Manual 6-spd,5.0,2.5
11060,Midsize Station Wagons,Premium,4-Wheel or All-Wheel Drive,17.3478947368421,Volvo,Automatic (S5),5.0,2.5
11061,Standard Pickup Trucks 2WD,Regular,Rear-Wheel Drive,20.600625,Chevrolet,Automatic 4-spd,8.0,5.3
11062,Standard Pickup Trucks 2WD,Regular,Rear-Wheel Drive,19.3888235294118,Chevrolet,Automatic 4-spd,8.0,5.3
11063,Standard Pickup Trucks 2WD,Regular,Rear-Wheel Drive,20.600625,Chevrolet,Automatic 4-spd,6.0,4.3
11064,Standard Pickup Trucks 2WD,Regular,Rear-Wheel Drive,20.600625,Chevrolet,Manual 5-spd,6.0,4.3
11065,Standard Pickup Trucks 2WD,Regular,Rear-Wheel Drive,20.600625,Chevrolet,Automatic 4-spd,8.0,4.8
11066,Compact Cars,Regular,Rear-Wheel Drive,18.3116666666667,Mercury,Automatic 3-spd,6.0,3.8
11067,Standard Pickup Trucks 2WD,Regular,Rear-Wheel Drive,20.600625,Chevrolet,Manual 5-spd,8.0,4.8
11068,Standard Pickup Trucks 2WD,Regular,Rear-Wheel Drive,20.600625,Chevrolet,Automatic 4-spd,8.0,5.3
11069,Standard Pickup Trucks 2WD,Regular,Rear-Wheel Drive,23.5435714285714,Chevrolet,Automatic 4-spd,8.0,6.0
11070,Standard Pickup Trucks 2WD,Regular,Rear-Wheel Drive,18.3116666666667,Chevrolet,Automatic 4-spd,4.0,2.8
11071,Standard Pickup Trucks 2WD,Regular,Rear-Wheel Drive,15.6957142857143,Chevrolet,Manual 5-spd,4.0,2.8
11072,Standard Pickup Trucks 2WD,Regular,Rear-Wheel Drive,18.3116666666667,Chevrolet,Automatic 4-spd,5.0,3.5
11073,Standard Pickup Trucks 2WD,Regular,Rear-Wheel Drive,17.3478947368421,Chevrolet,Manual 5-spd,5.0,3.5
11074,Standard Pickup Trucks 2WD,Regular,Rear-Wheel Drive,18.3116666666667,Chevrolet,Automatic 4-spd,4.0,2.8
11075,Standard Pickup Trucks 2WD,Regular,Rear-Wheel Drive,16.4805,Chevrolet,Manual 5-spd,4.0,2.8
11076,Standard Pickup Trucks 2WD,Regular,Rear-Wheel Drive,18.3116666666667,Chevrolet,Automatic 4-spd,5.0,3.5
11077,Compact Cars,Regular,Rear-Wheel Drive,17.3478947368421,Mercury,Automatic 4-spd,6.0,3.8
11078,Standard Pickup Trucks 2WD,Regular,Rear-Wheel Drive,19.3888235294118,Dodge,Automatic 4-spd,6.0,3.7
11079,Standard Pickup Trucks 2WD,Regular,Rear-Wheel Drive,19.3888235294118,Dodge,Manual 5-spd,6.0,3.7
11080,Standard Pickup Trucks 2WD,Regular,Rear-Wheel Drive,21.974,Dodge,Automatic 5-spd,8.0,4.7
11081,Standard Pickup Trucks 2WD,Regular,Rear-Wheel Drive,21.974,Dodge,Manual 5-spd,8.0,4.7
11082,Standard Pickup Trucks 2WD,Regular,Rear-Wheel Drive,20.600625,Dodge,Automatic 4-spd,6.0,3.7
11083,Standard Pickup Trucks 2WD,Regular,Rear-Wheel Drive,20.600625,Dodge,Manual 5-spd,6.0,3.7
11084,Standard Pickup Trucks 2WD,Regular,Rear-Wheel Drive,23.5435714285714,Dodge,Automatic 5-spd,8.0,4.7
11085,Standard Pickup Trucks 2WD,Regular,Rear-Wheel Drive,23.5435714285714,Dodge,Manual 5-spd,8.0,4.7
11086,Standard Pickup Trucks 2WD,Regular,Rear-Wheel Drive,23.5435714285714,Dodge,Automatic 5-spd,8.0,5.7
11087,Standard Pickup Trucks 2WD,Premium,Rear-Wheel Drive,32.961,Dodge,Manual 6-spd,10.0,8.3
11088,Compact Cars,Regular,Rear-Wheel Drive,17.3478947368421,Mercury,Automatic 4-spd,8.0,5.0
11089,Standard Pickup Trucks 2WD,Regular,Rear-Wheel Drive,20.600625,Ford,Automatic 4-spd,6.0,4.2
11090,Standard Pickup Trucks 2WD,Regular,Rear-Wheel Drive,20.600625,Ford,Manual 5-spd,6.0,4.2
11091,Standard Pickup Trucks 2WD,Regular,Rear-Wheel Drive,21.974,Ford,Automatic 4-spd,8.0,4.6
11092,Standard Pickup Trucks 2WD,Regular,Rear-Wheel Drive,21.974,Ford,Automatic 4-spd,8.0,5.4
11093,Standard Pickup Trucks 2WD,Premium,Rear-Wheel Drive,25.3546153846154,Ford,Automatic 4-spd,8.0,5.4
11094,Standard Pickup Trucks 2WD,Regular,Rear-Wheel Drive,15.6957142857143,Ford,Automatic 5-spd,4.0,2.3
11095,Standard Pickup Trucks 2WD,Regular,Rear-Wheel Drive,14.3308695652174,Ford,Manual 5-spd,4.0,2.3
11096,Standard Pickup Trucks 2WD,Regular,Rear-Wheel Drive,18.3116666666667,Ford,Automatic 5-spd,6.0,3.0
11097,Standard Pickup Trucks 2WD,Regular,Rear-Wheel Drive,18.3116666666667,Ford,Manual 5-spd,6.0,3.0
11098,Standard Pickup Trucks 2WD,Regular,Rear-Wheel Drive,19.3888235294118,Ford,Automatic 5-spd,6.0,4.0
11099,Compact Cars,Regular,Front-Wheel Drive,14.3308695652174,Mercury,Automatic 3-spd,4.0,1.9
11100,Standard Pickup Trucks 2WD,Regular,Rear-Wheel Drive,19.3888235294118,Ford,Automatic 5-spd,6.0,4.0
11101,Standard Pickup Trucks 2WD,Regular,Rear-Wheel Drive,19.3888235294118,Ford,Manual 5-spd,6.0,4.0
11102,Standard Pickup Trucks 2WD,Regular,Rear-Wheel Drive,19.3888235294118,GMC,Automatic 4-spd,8.0,5.3
11103,Standard Pickup Trucks 2WD,Regular,Rear-Wheel Drive,20.600625,GMC,Automatic 4-spd,6.0,4.3
11104,Standard Pickup Trucks 2WD,Regular,Rear-Wheel Drive,20.600625,GMC,Manual 5-spd,6.0,4.3
11105,Standard Pickup Trucks 2WD,Regular,Rear-Wheel Drive,20.600625,GMC,Automatic 4-spd,8.0,4.8
11106,Standard Pickup Trucks 2WD,Regular,Rear-Wheel Drive,20.600625,GMC,Manual 5-spd,8.0,4.8
11107,Standard Pickup Trucks 2WD,Regular,Rear-Wheel Drive,20.600625,GMC,Automatic 4-spd,8.0,5.3
11108,Standard Pickup Trucks 2WD,Regular,Rear-Wheel Drive,23.5435714285714,GMC,Automatic 4-spd,8.0,6.0
11109,Standard Pickup Trucks 2WD,Regular,Rear-Wheel Drive,18.3116666666667,GMC,Automatic 4-spd,4.0,2.8
11110,Two Seaters,Regular,Rear-Wheel Drive,14.9822727272727,Bertone,Manual 5-spd,4.0,1.5
11111,Two Seaters,Regular,Rear-Wheel Drive,23.5435714285714,Lotus,Manual 5-spd,4.0,2.2
11112,Subcompact Cars,Regular,Front-Wheel Drive,12.2077777777778,Plymouth,Manual 4-spd,4.0,1.6
11113,Compact Cars,Regular,Front-Wheel Drive,11.3658620689655,Mercury,Manual 4-spd,4.0,1.9
11114,Standard Pickup Trucks 2WD,Regular,Rear-Wheel Drive,15.6957142857143,GMC,Manual 5-spd,4.0,2.8
11115,Standard Pickup Trucks 2WD,Regular,Rear-Wheel Drive,18.3116666666667,GMC,Automatic 4-spd,5.0,3.5
11116,Standard Pickup Trucks 2WD,Regular,Rear-Wheel Drive,17.3478947368421,GMC,Manual 5-spd,5.0,3.5
11117,Standard Pickup Trucks 2WD,Regular,Rear-Wheel Drive,18.3116666666667,GMC,Automatic 4-spd,4.0,2.8
11118,Standard Pickup Trucks 2WD,Regular,Rear-Wheel Drive,16.4805,GMC,Manual 5-spd,4.0,2.8
11119,Standard Pickup Trucks 2WD,Regular,Rear-Wheel Drive,18.3116666666667,GMC,Automatic 4-spd,5.0,3.5
11120,Standard Pickup Trucks 2WD,Regular,Rear-Wheel Drive,15.6957142857143,Mazda,Automatic 5-spd,4.0,2.3
11121,Standard Pickup Trucks 2WD,Regular,Rear-Wheel Drive,14.3308695652174,Mazda,Manual 5-spd,4.0,2.3
11122,Standard Pickup Trucks 2WD,Regular,Rear-Wheel Drive,18.3116666666667,Mazda,Automatic 5-spd,6.0,3.0
11123,Standard Pickup Trucks 2WD,Regular,Rear-Wheel Drive,18.3116666666667,Mazda,Manual 5-spd,6.0,3.0
11124,Compact Cars,Regular,Front-Wheel Drive,12.6773076923077,Mercury,Manual 5-spd,4.0,1.9
11125,Standard Pickup Trucks 2WD,Regular,Rear-Wheel Drive,19.3888235294118,Mazda,Automatic 5-spd,6.0,4.0
11126,Standard Pickup Trucks 2WD,Regular,Rear-Wheel Drive,19.3888235294118,Mazda,Manual 5-spd,6.0,4.0
11127,Standard Pickup Trucks 2WD,Regular,Rear-Wheel Drive,17.3478947368421,Nissan,Automatic 4-spd,4.0,2.4
11128,Standard Pickup Trucks 2WD,Regular,Rear-Wheel Drive,14.9822727272727,Nissan,Manual 5-spd,4.0,2.4
11129,Standard Pickup Trucks 2WD,Premium,Rear-Wheel Drive,21.974,Nissan,Automatic 4-spd,6.0,3.3
11130,Standard Pickup Trucks 2WD,Regular,Rear-Wheel Drive,19.3888235294118,Nissan,Automatic 4-spd,6.0,3.3
11131,Standard Pickup Trucks 2WD,Premium,Rear-Wheel Drive,21.974,Nissan,Manual 5-spd,6.0,3.3
11132,Standard Pickup Trucks 2WD,Regular,Rear-Wheel Drive,19.3888235294118,Nissan,Manual 5-spd,6.0,3.3
11133,Standard Pickup Trucks 2WD,Regular,Rear-Wheel Drive,23.5435714285714,Nissan,Automatic 5-spd,8.0,5.6
11134,Standard Pickup Trucks 2WD,Regular,Rear-Wheel Drive,15.6957142857143,Toyota,Automatic 4-spd,4.0,2.4
11135,Compact Cars,Regular,Front-Wheel Drive,14.9822727272727,Mercury,Automatic 3-spd,4.0,1.9
11136,Standard Pickup Trucks 2WD,Regular,Rear-Wheel Drive,14.9822727272727,Toyota,Manual 5-spd,4.0,2.4
11137,Standard Pickup Trucks 2WD,Regular,Rear-Wheel Drive,18.3116666666667,Toyota,Automatic 4-spd,4.0,2.7
11138,Standard Pickup Trucks 2WD,Regular,Rear-Wheel Drive,20.600625,Toyota,Automatic 4-spd,6.0,3.4
11139,Standard Pickup Trucks 2WD,Regular,Rear-Wheel Drive,17.3478947368421,Toyota,Manual 5-spd,6.0,3.4
11140,Standard Pickup Trucks 2WD,Regular,Rear-Wheel Drive,20.600625,Toyota,Automatic 4-spd,6.0,3.4
11141,Standard Pickup Trucks 2WD,Regular,Rear-Wheel Drive,20.600625,Toyota,Manual 5-spd,6.0,3.4
11142,Standard Pickup Trucks 2WD,Regular,Rear-Wheel Drive,23.5435714285714,Toyota,Automatic 4-spd,8.0,4.7
11143,Standard Pickup Trucks 4WD,Regular,4-Wheel or All-Wheel Drive,18.3116666666667,Chevrolet,Automatic 4-spd,4.0,2.8
11144,Standard Pickup Trucks 4WD,Regular,4-Wheel or All-Wheel Drive,17.3478947368421,Chevrolet,Manual 5-spd,4.0,2.8
11145,Standard Pickup Trucks 4WD,Regular,4-Wheel or All-Wheel Drive,18.3116666666667,Chevrolet,Automatic 4-spd,5.0,3.5
11146,Compact Cars,Regular,Front-Wheel Drive,13.73375,Mercury,Manual 5-spd,4.0,1.9
11147,Standard Pickup Trucks 4WD,Regular,4-Wheel or All-Wheel Drive,18.3116666666667,Chevrolet,Manual 5-spd,5.0,3.5
11148,Standard Pickup Trucks 4WD,Regular,4-Wheel or All-Wheel Drive,18.3116666666667,Chevrolet,Automatic 4-spd,4.0,2.8
11149,Standard Pickup Trucks 4WD,Regular,4-Wheel or All-Wheel Drive,17.3478947368421,Chevrolet,Manual 5-spd,4.0,2.8
11150,Standard Pickup Trucks 4WD,Regular,4-Wheel or All-Wheel Drive,19.3888235294118,Chevrolet,Automatic 4-spd,5.0,3.5
11151,Standard Pickup Trucks 4WD,Regular,4-Wheel or All-Wheel Drive,20.600625,Chevrolet,Automatic 4-spd,8.0,5.3
11152,Standard Pickup Trucks 4WD,Regular,4-Wheel or All-Wheel Drive,21.974,Chevrolet,Automatic 4-spd,6.0,4.3
11153,Standard Pickup Trucks 4WD,Regular,4-Wheel or All-Wheel Drive,21.974,Chevrolet,Manual 5-spd,6.0,4.3
11154,Standard Pickup Trucks 4WD,Regular,4-Wheel or All-Wheel Drive,21.974,Chevrolet,Automatic 4-spd,8.0,4.8
11155,Standard Pickup Trucks 4WD,Regular,4-Wheel or All-Wheel Drive,23.5435714285714,Chevrolet,Manual 5-spd,8.0,4.8
11156,Standard Pickup Trucks 4WD,Regular,4-Wheel or All-Wheel Drive,21.974,Chevrolet,Automatic 4-spd,8.0,5.3
11157,Compact Cars,Diesel,Front-Wheel Drive,11.2407352941176,Mercury,Manual 5-spd,4.0,2.0
11158,Standard Pickup Trucks 4WD,Regular,4-Wheel or All-Wheel Drive,25.3546153846154,Chevrolet,Automatic 4-spd,8.0,6.0
11159,Standard Pickup Trucks 4WD,Regular,4-Wheel or All-Wheel Drive,21.974,Chevrolet,Automatic 4-spd,6.0,4.3
11160,Standard Pickup Trucks 4WD,Regular,4-Wheel or All-Wheel Drive,21.974,Dodge,Automatic 4-spd,6.0,3.7
11161,Standard Pickup Trucks 4WD,Regular,4-Wheel or All-Wheel Drive,20.600625,Dodge,Manual 5-spd,6.0,3.7
11162,Standard Pickup Trucks 4WD,Regular,4-Wheel or All-Wheel Drive,23.5435714285714,Dodge,Automatic 5-spd,8.0,4.7
11163,Standard Pickup Trucks 4WD,Regular,4-Wheel or All-Wheel Drive,21.974,Dodge,Manual 5-spd,8.0,4.7
11164,Standard Pickup Trucks 4WD,Regular,4-Wheel or All-Wheel Drive,23.5435714285714,Dodge,Automatic 5-spd,8.0,4.7
11165,Standard Pickup Trucks 4WD,Regular,4-Wheel or All-Wheel Drive,23.5435714285714,Dodge,Manual 5-spd,8.0,4.7
11166,Standard Pickup Trucks 4WD,Regular,4-Wheel or All-Wheel Drive,23.5435714285714,Dodge,Automatic 5-spd,8.0,5.7
11167,Standard Pickup Trucks 4WD,Regular,4-Wheel or All-Wheel Drive,21.974,Ford,Automatic 4-spd,6.0,4.2
11168,Compact Cars,Diesel,Front-Wheel Drive,11.2407352941176,Mercury,Manual 5-spd,4.0,2.0
11169,Standard Pickup Trucks 4WD,Regular,4-Wheel or All-Wheel Drive,21.974,Ford,Manual 5-spd,6.0,4.2
11170,Standard Pickup Trucks 4WD,Regular,4-Wheel or All-Wheel Drive,23.5435714285714,Ford,Automatic 4-spd,8.0,4.6
11171,Standard Pickup Trucks 4WD,Regular,4-Wheel or All-Wheel Drive,25.3546153846154,Ford,Automatic 4-spd,8.0,5.4
11172,Standard Pickup Trucks 4WD,Regular,4-Wheel or All-Wheel Drive,23.5435714285714,Ford,Automatic 4-spd,8.0,5.4
11173,Standard Pickup Trucks 4WD,Regular,4-Wheel or All-Wheel Drive,20.600625,Ford,Automatic 5-spd,6.0,3.0
11174,Standard Pickup Trucks 4WD,Regular,4-Wheel or All-Wheel Drive,19.3888235294118,Ford,Manual 5-spd,6.0,3.0
11175,Standard Pickup Trucks 4WD,Regular,4-Wheel or All-Wheel Drive,21.974,Ford,Automatic 5-spd,6.0,4.0
11176,Standard Pickup Trucks 4WD,Regular,4-Wheel or All-Wheel Drive,21.974,Ford,Manual 5-spd,6.0,4.0
11177,Standard Pickup Trucks 4WD,Regular,4-Wheel or All-Wheel Drive,18.3116666666667,GMC,Automatic 4-spd,4.0,2.8
11178,Standard Pickup Trucks 4WD,Regular,4-Wheel or All-Wheel Drive,17.3478947368421,GMC,Manual 5-spd,4.0,2.8
11179,Compact Cars,Regular,Front-Wheel Drive,13.1844,Mercury,Manual 5-spd,4.0,2.3
11180,Standard Pickup Trucks 4WD,Regular,4-Wheel or All-Wheel Drive,18.3116666666667,GMC,Automatic 4-spd,5.0,3.5
11181,Standard Pickup Trucks 4WD,Regular,4-Wheel or All-Wheel Drive,18.3116666666667,GMC,Manual 5-spd,5.0,3.5
11182,Standard Pickup Trucks 4WD,Regular,4-Wheel or All-Wheel Drive,18.3116666666667,GMC,Automatic 4-spd,4.0,2.8
11183,Standard Pickup Trucks 4WD,Regular,4-Wheel or All-Wheel Drive,17.3478947368421,GMC,Manual 5-spd,4.0,2.8
11184,Standard Pickup Trucks 4WD,Regular,4-Wheel or All-Wheel Drive,19.3888235294118,GMC,Automatic 4-spd,5.0,3.5
11185,Standard Pickup Trucks 4WD,Regular,4-Wheel or All-Wheel Drive,20.600625,GMC,Automatic 4-spd,8.0,5.3
11186,Standard Pickup Trucks 4WD,Regular,4-Wheel or All-Wheel Drive,23.5435714285714,GMC,Automatic 4-spd,6.0,4.3
11187,Standard Pickup Trucks 4WD,Regular,4-Wheel or All-Wheel Drive,23.5435714285714,GMC,Manual 5-spd,6.0,4.3
11188,Standard Pickup Trucks 4WD,Regular,4-Wheel or All-Wheel Drive,21.974,GMC,Automatic 4-spd,8.0,4.8
11189,Standard Pickup Trucks 4WD,Regular,4-Wheel or All-Wheel Drive,23.5435714285714,GMC,Manual 5-spd,8.0,4.8
11190,Compact Cars,Regular,Front-Wheel Drive,14.3308695652174,Mercury,Automatic 3-spd,4.0,2.3
11191,Standard Pickup Trucks 4WD,Regular,4-Wheel or All-Wheel Drive,21.974,GMC,Automatic 4-spd,8.0,5.3
11192,Standard Pickup Trucks 4WD,Regular,4-Wheel or All-Wheel Drive,25.3546153846154,GMC,Automatic 4-spd,8.0,6.0
11193,Standard Pickup Trucks 4WD,Regular,4-Wheel or All-Wheel Drive,21.974,Mazda,Automatic 5-spd,6.0,4.0
11194,Standard Pickup Trucks 4WD,Regular,4-Wheel or All-Wheel Drive,21.974,Mazda,Manual 5-spd,6.0,4.0
11195,Standard Pickup Trucks 4WD,Premium,4-Wheel or All-Wheel Drive,21.974,Nissan,Automatic 4-spd,6.0,3.3
11196,Standard Pickup Trucks 4WD,Regular,4-Wheel or All-Wheel Drive,20.600625,Nissan,Automatic 4-spd,6.0,3.3
11197,Standard Pickup Trucks 4WD,Premium,4-Wheel or All-Wheel Drive,21.974,Nissan,Manual 5-spd,6.0,3.3
11198,Standard Pickup Trucks 4WD,Regular,4-Wheel or All-Wheel Drive,19.3888235294118,Nissan,Manual 5-spd,6.0,3.3
11199,Standard Pickup Trucks 4WD,Regular,4-Wheel or All-Wheel Drive,23.5435714285714,Nissan,Automatic 5-spd,8.0,5.6
11200,Standard Pickup Trucks 4WD,Regular,4-Wheel or All-Wheel Drive,18.3116666666667,Toyota,Automatic 4-spd,4.0,2.7
11201,Compact Cars,Regular,Front-Wheel Drive,14.3308695652174,Mercury,Manual 5-spd,4.0,2.3
11202,Standard Pickup Trucks 4WD,Regular,4-Wheel or All-Wheel Drive,19.3888235294118,Toyota,Manual 5-spd,4.0,2.7
11203,Standard Pickup Trucks 4WD,Regular,4-Wheel or All-Wheel Drive,20.600625,Toyota,Automatic 4-spd,6.0,3.4
11204,Standard Pickup Trucks 4WD,Regular,4-Wheel or All-Wheel Drive,20.600625,Toyota,Manual 5-spd,6.0,3.4
11205,Standard Pickup Trucks 4WD,Regular,4-Wheel or All-Wheel Drive,21.974,Toyota,Automatic 4-spd,6.0,3.4
11206,Standard Pickup Trucks 4WD,Regular,4-Wheel or All-Wheel Drive,20.600625,Toyota,Manual 5-spd,6.0,3.4
11207,Standard Pickup Trucks 4WD,Regular,4-Wheel or All-Wheel Drive,23.5435714285714,Toyota,Automatic 4-spd,8.0,4.7
11208,"Vans, Cargo Type",Regular,Rear-Wheel Drive,20.600625,Chevrolet,Automatic 4-spd,6.0,4.3
11209,"Vans, Cargo Type",Regular,Rear-Wheel Drive,21.974,Chevrolet,Automatic 4-spd,6.0,4.3
11210,"Vans, Cargo Type",Regular,4-Wheel or All-Wheel Drive,21.974,Chevrolet,Automatic 4-spd,6.0,4.3
11211,"Vans, Cargo Type",Regular,4-Wheel or All-Wheel Drive,23.5435714285714,Chevrolet,Automatic 4-spd,6.0,4.3
11212,Compact Cars,Regular,Rear-Wheel Drive,18.3116666666667,Merkur,Automatic 3-spd,4.0,2.3
11213,"Vans, Cargo Type",Regular,Rear-Wheel Drive,21.974,Chevrolet,Automatic 4-spd,6.0,4.3
11214,"Vans, Cargo Type",Regular,Rear-Wheel Drive,21.974,Chevrolet,Automatic 4-spd,8.0,5.3
11215,"Vans, Cargo Type",Regular,Rear-Wheel Drive,21.974,Chevrolet,Automatic 4-spd,6.0,4.3
11216,"Vans, Cargo Type",Regular,Rear-Wheel Drive,21.974,Chevrolet,Automatic 4-spd,8.0,5.3
11217,"Vans, Cargo Type",Regular,4-Wheel or All-Wheel Drive,23.5435714285714,Chevrolet,Automatic 4-spd,8.0,5.3
11218,"Vans, Cargo Type",Regular,4-Wheel or All-Wheel Drive,23.5435714285714,Chevrolet,Automatic 4-spd,8.0,5.3
11219,"Vans, Cargo Type",Regular,Rear-Wheel Drive,21.974,Ford,Automatic 4-spd,8.0,4.6
11220,"Vans, Cargo Type",Regular,Rear-Wheel Drive,23.5435714285714,Ford,Automatic 4-spd,8.0,5.4
11221,"Vans, Cargo Type",Regular,Rear-Wheel Drive,21.974,Ford,Automatic 4-spd,8.0,4.6
11222,"Vans, Cargo Type",Regular,Rear-Wheel Drive,21.974,GMC,Automatic 4-spd,6.0,4.3
11223,Subcompact Cars,Regular,Front-Wheel Drive,14.3308695652174,Plymouth,Automatic 3-spd,4.0,2.2
11224,Compact Cars,Regular,Rear-Wheel Drive,17.3478947368421,Merkur,Manual 5-spd,4.0,2.3
11225,"Vans, Cargo Type",Regular,Rear-Wheel Drive,21.974,GMC,Automatic 4-spd,8.0,5.3
11226,"Vans, Cargo Type",Regular,Rear-Wheel Drive,21.974,GMC,Automatic 4-spd,6.0,4.3
11227,"Vans, Cargo Type",Regular,Rear-Wheel Drive,21.974,GMC,Automatic 4-spd,8.0,5.3
11228,"Vans, Cargo Type",Regular,4-Wheel or All-Wheel Drive,23.5435714285714,GMC,Automatic 4-spd,8.0,5.3
11229,"Vans, Cargo Type",Regular,4-Wheel or All-Wheel Drive,23.5435714285714,GMC,Automatic 4-spd,8.0,5.3
11230,"Vans, Cargo Type",Regular,Rear-Wheel Drive,20.600625,GMC,Automatic 4-spd,6.0,4.3
11231,"Vans, Cargo Type",Regular,Rear-Wheel Drive,21.974,GMC,Automatic 4-spd,6.0,4.3
11232,"Vans, Cargo Type",Regular,4-Wheel or All-Wheel Drive,21.974,GMC,Automatic 4-spd,6.0,4.3
11233,"Vans, Cargo Type",Regular,4-Wheel or All-Wheel Drive,23.5435714285714,GMC,Automatic 4-spd,6.0,4.3
11234,"Vans, Passenger Type",Regular,Rear-Wheel Drive,20.600625,Chevrolet,Automatic 4-spd,6.0,4.3
11235,Compact Cars,Regular,Front-Wheel Drive,13.73375,Mazda,Automatic 3-spd,4.0,1.6
11236,"Vans, Passenger Type",Regular,4-Wheel or All-Wheel Drive,23.5435714285714,Chevrolet,Automatic 4-spd,6.0,4.3
11237,"Vans, Passenger Type",Regular,Rear-Wheel Drive,21.974,Chevrolet,Automatic 4-spd,6.0,4.3
11238,"Vans, Passenger Type",Regular,Rear-Wheel Drive,21.974,Chevrolet,Automatic 4-spd,8.0,5.3
11239,"Vans, Passenger Type",Regular,4-Wheel or All-Wheel Drive,23.5435714285714,Chevrolet,Automatic 4-spd,8.0,5.3
11240,"Vans, Passenger Type",Regular,Rear-Wheel Drive,21.974,Ford,Automatic 4-spd,8.0,4.6
11241,"Vans, Passenger Type",Regular,Rear-Wheel Drive,23.5435714285714,Ford,Automatic 4-spd,8.0,5.4
11242,"Vans, Passenger Type",Regular,Rear-Wheel Drive,21.974,GMC,Automatic 4-spd,6.0,4.3
11243,"Vans, Passenger Type",Regular,Rear-Wheel Drive,21.974,GMC,Automatic 4-spd,8.0,5.3
11244,"Vans, Passenger Type",Regular,4-Wheel or All-Wheel Drive,23.5435714285714,GMC,Automatic 4-spd,8.0,5.3
11245,"Vans, Passenger Type",Regular,Rear-Wheel Drive,20.600625,GMC,Automatic 4-spd,6.0,4.3
11246,Compact Cars,Regular,Front-Wheel Drive,13.1844,Mazda,Manual 4-spd,4.0,1.6
11247,"Vans, Passenger Type",Regular,4-Wheel or All-Wheel Drive,23.5435714285714,GMC,Automatic 4-spd,6.0,4.3
11248,Minivan - 2WD,Regular,Front-Wheel Drive,16.4805,Chevrolet,Automatic 4-spd,6.0,3.4
11249,Minivan - 2WD,Regular,Front-Wheel Drive,16.4805,Chrysler,Automatic 4-spd,4.0,2.4
11250,Minivan - 2WD,Regular,Front-Wheel Drive,17.3478947368421,Chrysler,Automatic 4-spd,6.0,3.3
11251,Minivan - 2WD,Regular,Front-Wheel Drive,18.3116666666667,Chrysler,Automatic 4-spd,6.0,3.8
11252,Minivan - 2WD,Regular,Front-Wheel Drive,16.4805,Dodge,Automatic 4-spd,4.0,2.4
11253,Minivan - 2WD,Regular,Front-Wheel Drive,17.3478947368421,Dodge,Automatic 4-spd,6.0,3.3
11254,Minivan - 2WD,Regular,Front-Wheel Drive,18.3116666666667,Dodge,Automatic 4-spd,6.0,3.8
11255,Minivan - 2WD,Regular,Front-Wheel Drive,18.3116666666667,Ford,Automatic 4-spd,6.0,3.9
11256,Minivan - 2WD,Regular,Front-Wheel Drive,19.3888235294118,Ford,Automatic 4-spd,6.0,3.9
11257,Compact Cars,Regular,Front-Wheel Drive,12.2077777777778,Mazda,Manual 5-spd,4.0,1.6
11258,Minivan - 2WD,Regular,Front-Wheel Drive,19.3888235294118,Ford,Automatic 4-spd,6.0,4.2
11259,Minivan - 2WD,Regular,Front-Wheel Drive,17.3478947368421,Honda,Automatic 5-spd,6.0,3.5
11260,Minivan - 2WD,Regular,Front-Wheel Drive,20.600625,Kia,Automatic 5-spd,6.0,3.5
11261,Minivan - 2WD,Regular,Front-Wheel Drive,18.3116666666667,Mazda,Automatic 5-spd,6.0,3.0
11262,Minivan - 2WD,Regular,Front-Wheel Drive,19.3888235294118,Mercury,Automatic 4-spd,6.0,4.2
11263,Minivan - 2WD,Regular,Front-Wheel Drive,17.3478947368421,Nissan,Automatic 4-spd,6.0,3.5
11264,Minivan - 2WD,Regular,Front-Wheel Drive,18.3116666666667,Nissan,Automatic 5-spd,6.0,3.5
11265,Minivan - 2WD,Regular,Front-Wheel Drive,16.4805,Oldsmobile,Automatic 4-spd,6.0,3.4
11266,Minivan - 2WD,Regular,Front-Wheel Drive,16.4805,Pontiac,Automatic 4-spd,6.0,3.4
11267,Minivan - 2WD,Regular,Front-Wheel Drive,16.4805,Toyota,Automatic 5-spd,6.0,3.3
11268,Compact Cars,Regular,Front-Wheel Drive,14.3308695652174,Mazda,Automatic 3-spd,4.0,2.0
11269,Minivan - 4WD,Regular,4-Wheel or All-Wheel Drive,18.3116666666667,Chevrolet,Automatic 4-spd,6.0,3.4
11270,Minivan - 4WD,Regular,4-Wheel or All-Wheel Drive,19.3888235294118,Chrysler,Automatic 4-spd,6.0,3.8
11271,Minivan - 4WD,Regular,4-Wheel or All-Wheel Drive,19.3888235294118,Dodge,Automatic 4-spd,6.0,3.8
11272,Minivan - 4WD,Regular,4-Wheel or All-Wheel Drive,18.3116666666667,Oldsmobile,Automatic 4-spd,6.0,3.4
11273,Minivan - 4WD,Regular,4-Wheel or All-Wheel Drive,18.3116666666667,Pontiac,Automatic 4-spd,6.0,3.4
11274,Minivan - 4WD,Regular,4-Wheel or All-Wheel Drive,18.3116666666667,Toyota,Automatic 5-spd,6.0,3.3
11275,Sport Utility Vehicle - 2WD,Regular,Rear-Wheel Drive,20.600625,Buick,Automatic 4-spd,6.0,4.2
11276,Sport Utility Vehicle - 2WD,Regular,Rear-Wheel Drive,20.600625,Buick,Automatic 4-spd,8.0,5.3
11277,Sport Utility Vehicle - 2WD,Regular,Front-Wheel Drive,16.4805,Buick,Automatic 4-spd,6.0,3.4
11278,Sport Utility Vehicle - 2WD,Regular,Rear-Wheel Drive,23.5435714285714,Cadillac,Automatic 4-spd,8.0,5.3
11279,Compact Cars,Regular,Front-Wheel Drive,13.1844,Mazda,Manual 5-spd,4.0,2.0
11280,Sport Utility Vehicle - 2WD,Premium,Rear-Wheel Drive,19.3888235294118,Cadillac,Automatic 5-spd,6.0,3.6
11281,Sport Utility Vehicle - 2WD,Premium,Rear-Wheel Drive,20.600625,Cadillac,Automatic 5-spd,8.0,4.6
11282,Sport Utility Vehicle - 2WD,Regular,Rear-Wheel Drive,20.600625,Chevrolet,Automatic 4-spd,6.0,4.3
11283,Sport Utility Vehicle - 2WD,Regular,Rear-Wheel Drive,20.600625,Chevrolet,Manual 5-spd,6.0,4.3
11284,Sport Utility Vehicle - 2WD,Regular,Rear-Wheel Drive,21.974,Chevrolet,Automatic 4-spd,8.0,5.3
11285,Sport Utility Vehicle - 2WD,Regular,Rear-Wheel Drive,21.974,Chevrolet,Automatic 4-spd,8.0,5.3
11286,Sport Utility Vehicle - 2WD,Regular,Rear-Wheel Drive,21.974,Chevrolet,Automatic 4-spd,8.0,4.8
11287,Sport Utility Vehicle - 2WD,Regular,Rear-Wheel Drive,23.5435714285714,Chevrolet,Automatic 4-spd,8.0,5.3
11288,Sport Utility Vehicle - 2WD,Regular,Rear-Wheel Drive,18.3116666666667,Chevrolet,Automatic 4-spd,6.0,2.5
11289,Sport Utility Vehicle - 2WD,Regular,Rear-Wheel Drive,18.3116666666667,Chevrolet,Automatic 4-spd,6.0,2.5
11290,Compact Cars,Regular,Front-Wheel Drive,14.9822727272727,Mazda,Manual 5-spd,4.0,2.0
11291,Sport Utility Vehicle - 2WD,Regular,Rear-Wheel Drive,20.600625,Chevrolet,Automatic 4-spd,6.0,4.2
11292,Sport Utility Vehicle - 2WD,Regular,Rear-Wheel Drive,21.974,Chevrolet,Automatic 4-spd,6.0,4.2
11293,Sport Utility Vehicle - 2WD,Regular,Rear-Wheel Drive,20.600625,Chevrolet,Automatic 4-spd,8.0,5.3
11294,Sport Utility Vehicle - 2WD,Regular,Front-Wheel Drive,19.3888235294118,Chrysler,Automatic 4-spd,6.0,3.5
11295,Sport Utility Vehicle - 2WD,Premium,Front-Wheel Drive,17.3478947368421,Chrysler,Automatic 4-spd,4.0,2.4
11296,Sport Utility Vehicle - 2WD,Regular,Front-Wheel Drive,15.6957142857143,Chrysler,Automatic 4-spd,4.0,2.4
11297,Sport Utility Vehicle - 2WD,Premium,Front-Wheel Drive,15.6957142857143,Chrysler,Manual 5-spd,4.0,2.4
11298,Sport Utility Vehicle - 2WD,Regular,Front-Wheel Drive,14.9822727272727,Chrysler,Manual 5-spd,4.0,2.4
11299,Sport Utility Vehicle - 2WD,Regular,Rear-Wheel Drive,20.600625,Dodge,Automatic 4-spd,6.0,3.7
11300,Sport Utility Vehicle - 2WD,Regular,Rear-Wheel Drive,23.5435714285714,Dodge,Automatic 5-spd,8.0,4.7
11301,Compact Cars,Premium,Rear-Wheel Drive,18.3116666666667,Mercedes-Benz,Automatic 4-spd,6.0,3.0
11302,Sport Utility Vehicle - 2WD,Regular,Rear-Wheel Drive,23.5435714285714,Dodge,Automatic 5-spd,8.0,5.7
11303,Sport Utility Vehicle - 2WD,Regular,Front-Wheel Drive,14.9822727272727,Ford,Manual 5-spd,4.0,2.0
11304,Sport Utility Vehicle - 2WD,Regular,Front-Wheel Drive,17.3478947368421,Ford,Automatic 4-spd,6.0,3.0
11305,Sport Utility Vehicle - 2WD,Regular,Rear-Wheel Drive,21.974,Ford,Automatic 4-spd,8.0,4.6
11306,Sport Utility Vehicle - 2WD,Regular,Rear-Wheel Drive,23.5435714285714,Ford,Automatic 4-spd,8.0,5.4
11307,Sport Utility Vehicle - 2WD,Regular,Rear-Wheel Drive,21.974,Ford,Automatic 5-spd,8.0,4.6
11308,Sport Utility Vehicle - 2WD,Regular,Rear-Wheel Drive,21.974,GMC,Automatic 4-spd,8.0,4.8
11309,Sport Utility Vehicle - 2WD,Regular,Rear-Wheel Drive,23.5435714285714,GMC,Automatic 4-spd,8.0,5.3
11310,Sport Utility Vehicle - 2WD,Regular,Rear-Wheel Drive,21.974,GMC,Automatic 4-spd,8.0,5.3
11311,Sport Utility Vehicle - 2WD,Regular,Rear-Wheel Drive,20.600625,GMC,Automatic 4-spd,6.0,4.2
11312,Compact Cars,Premium,Rear-Wheel Drive,17.3478947368421,Mercedes-Benz,Manual 5-spd,6.0,3.0
11313,Sport Utility Vehicle - 2WD,Regular,Rear-Wheel Drive,21.974,GMC,Automatic 4-spd,6.0,4.2
11314,Sport Utility Vehicle - 2WD,Regular,Rear-Wheel Drive,20.600625,GMC,Automatic 4-spd,8.0,5.3
11315,Sport Utility Vehicle - 2WD,Regular,Rear-Wheel Drive,20.600625,GMC,Manual 5-spd,6.0,4.3
11316,Sport Utility Vehicle - 2WD,Regular,Front-Wheel Drive,14.9822727272727,Honda,Automatic 4-spd,4.0,2.4
11317,Sport Utility Vehicle - 2WD,Regular,Front-Wheel Drive,15.6957142857143,Honda,Automatic 4-spd,4.0,2.4
11318,Sport Utility Vehicle - 2WD,Regular,Front-Wheel Drive,15.6957142857143,Honda,Manual 5-spd,4.0,2.4
11319,Sport Utility Vehicle - 2WD,Regular,Front-Wheel Drive,16.4805,Hyundai,Automatic 4-spd,4.0,2.4
11320,Sport Utility Vehicle - 2WD,Regular,Front-Wheel Drive,16.4805,Hyundai,Manual 5-spd,4.0,2.4
11321,Sport Utility Vehicle - 2WD,Regular,Front-Wheel Drive,16.4805,Hyundai,Automatic 4-spd,6.0,2.7
11322,Sport Utility Vehicle - 2WD,Regular,Front-Wheel Drive,19.3888235294118,Hyundai,Automatic 5-spd,6.0,3.5
11323,Compact Cars,Premium,Rear-Wheel Drive,25.3546153846154,Mercedes-Benz,Automatic 4-spd,8.0,5.6
11324,Sport Utility Vehicle - 2WD,Regular,Rear-Wheel Drive,19.3888235294118,Infiniti,Automatic (S5),6.0,3.5
11325,Sport Utility Vehicle - 2WD,Regular,Rear-Wheel Drive,23.5435714285714,Infiniti,Automatic 5-spd,8.0,5.6
11326,Sport Utility Vehicle - 2WD,Regular,Rear-Wheel Drive,21.974,Isuzu,Automatic 4-spd,6.0,4.2
11327,Sport Utility Vehicle - 2WD,Regular,Rear-Wheel Drive,20.600625,Isuzu,Automatic 4-spd,8.0,5.3
11328,Sport Utility Vehicle - 2WD,Regular,Rear-Wheel Drive,20.600625,Isuzu,Automatic 4-spd,6.0,4.2
11329,Sport Utility Vehicle - 2WD,Regular,Rear-Wheel Drive,18.3116666666667,Isuzu,Automatic 4-spd,6.0,3.5
11330,Sport Utility Vehicle - 2WD,Regular,Rear-Wheel Drive,18.3116666666667,Isuzu,Automatic 4-spd,6.0,3.2
11331,Sport Utility Vehicle - 2WD,Regular,Rear-Wheel Drive,19.3888235294118,Isuzu,Manual 5-spd,6.0,3.2
11332,Sport Utility Vehicle - 2WD,Regular,Rear-Wheel Drive,18.3116666666667,Isuzu,Automatic 4-spd,6.0,3.5
11333,Sport Utility Vehicle - 2WD,Regular,Rear-Wheel Drive,20.600625,Jeep,Automatic 4-spd,6.0,4.0
11334,Subcompact Cars,Regular,Front-Wheel Drive,12.6773076923077,Plymouth,Manual 5-spd,4.0,2.2
11335,Compact Cars,Regular,Front-Wheel Drive,16.4805,Mitsubishi,Automatic 4-spd,4.0,2.4
11336,Sport Utility Vehicle - 2WD,Regular,Rear-Wheel Drive,20.600625,Jeep,Automatic 5-spd,8.0,4.7
11337,Sport Utility Vehicle - 2WD,Regular,Rear-Wheel Drive,17.3478947368421,Jeep,Manual 5-spd,4.0,2.4
11338,Sport Utility Vehicle - 2WD,Regular,Rear-Wheel Drive,19.3888235294118,Jeep,Automatic 4-spd,6.0,3.7
11339,Sport Utility Vehicle - 2WD,Regular,Rear-Wheel Drive,19.3888235294118,Jeep,Manual 5-spd,6.0,3.7
11340,Sport Utility Vehicle - 2WD,Regular,Rear-Wheel Drive,20.600625,Kia,Automatic 4-spd,6.0,3.5
11341,Sport Utility Vehicle - 2WD,Regular,Rear-Wheel Drive,20.600625,Kia,Manual 5-spd,6.0,3.5
11342,Sport Utility Vehicle - 2WD,Regular,Front-Wheel Drive,16.4805,Lexus,Automatic 5-spd,6.0,3.3
11343,Sport Utility Vehicle - 2WD,Regular,Front-Wheel Drive,16.4805,Lexus,Automatic (S5),6.0,3.3
11344,Sport Utility Vehicle - 2WD,Premium,Rear-Wheel Drive,23.5435714285714,Lincoln,Automatic 5-spd,8.0,4.6
11345,Sport Utility Vehicle - 2WD,Premium,Rear-Wheel Drive,25.3546153846154,Lincoln,Automatic 4-spd,8.0,5.4
11346,Compact Cars,Regular,Front-Wheel Drive,14.3308695652174,Oldsmobile,Automatic 3-spd,4.0,2.5
11347,Sport Utility Vehicle - 2WD,Regular,Front-Wheel Drive,14.9822727272727,Mazda,Manual 5-spd,4.0,2.0
11348,Sport Utility Vehicle - 2WD,Regular,Front-Wheel Drive,17.3478947368421,Mazda,Automatic 4-spd,6.0,3.0
11349,Sport Utility Vehicle - 2WD,Regular,Rear-Wheel Drive,21.974,Mercury,Automatic 5-spd,8.0,4.6
11350,Sport Utility Vehicle - 2WD,Premium,Front-Wheel Drive,18.3116666666667,Mitsubishi,Automatic (S4),6.0,3.8
11351,Sport Utility Vehicle - 2WD,Regular,Rear-Wheel Drive,19.3888235294118,Mitsubishi,Automatic 4-spd,6.0,3.5
11352,Sport Utility Vehicle - 2WD,Regular,Rear-Wheel Drive,19.3888235294118,Mitsubishi,Automatic 4-spd,6.0,3.5
11353,Sport Utility Vehicle - 2WD,Regular,Front-Wheel Drive,15.6957142857143,Mitsubishi,Automatic (S4),4.0,2.4
11354,Sport Utility Vehicle - 2WD,Regular,Front-Wheel Drive,16.4805,Nissan,Automatic (variable gear ratios),6.0,3.5
11355,Sport Utility Vehicle - 2WD,Regular,Rear-Wheel Drive,20.600625,Nissan,Automatic 4-spd,6.0,3.5
11356,Sport Utility Vehicle - 2WD,Regular,Rear-Wheel Drive,23.5435714285714,Nissan,Automatic 5-spd,8.0,5.6
11357,Compact Cars,Regular,Front-Wheel Drive,13.73375,Oldsmobile,Manual 5-spd,4.0,2.5
11358,Sport Utility Vehicle - 2WD,Regular,Rear-Wheel Drive,17.3478947368421,Nissan,Manual 5-spd,4.0,2.4
11359,Sport Utility Vehicle - 2WD,Premium,Rear-Wheel Drive,21.974,Nissan,Automatic 4-spd,6.0,3.3
11360,Sport Utility Vehicle - 2WD,Regular,Rear-Wheel Drive,19.3888235294118,Nissan,Automatic 4-spd,6.0,3.3
11361,Sport Utility Vehicle - 2WD,Regular,Rear-Wheel Drive,19.3888235294118,Nissan,Manual 5-spd,6.0,3.3
11362,Sport Utility Vehicle - 2WD,Regular,Rear-Wheel Drive,20.600625,Oldsmobile,Automatic 4-spd,6.0,4.2
11363,Sport Utility Vehicle - 2WD,Regular,Front-Wheel Drive,16.4805,Pontiac,Automatic 4-spd,6.0,3.4
11364,Sport Utility Vehicle - 2WD,Regular,Front-Wheel Drive,14.9822727272727,Saturn,Automatic (variable gear ratios),4.0,2.2
11365,Sport Utility Vehicle - 2WD,Regular,Front-Wheel Drive,14.3308695652174,Saturn,Manual 5-spd,4.0,2.2
11366,Sport Utility Vehicle - 2WD,Regular,Front-Wheel Drive,16.4805,Saturn,Automatic 5-spd,6.0,3.5
11367,Sport Utility Vehicle - 2WD,Regular,Rear-Wheel Drive,18.3116666666667,Suzuki,Automatic 4-spd,6.0,2.5
11368,Compact Cars,Regular,Front-Wheel Drive,16.4805,Oldsmobile,Automatic 3-spd,6.0,3.0
11369,Sport Utility Vehicle - 2WD,Regular,Rear-Wheel Drive,18.3116666666667,Suzuki,Manual 5-spd,6.0,2.5
11370,Sport Utility Vehicle - 2WD,Regular,Rear-Wheel Drive,18.3116666666667,Suzuki,Automatic 5-spd,6.0,2.7
11371,Sport Utility Vehicle - 2WD,Regular,Rear-Wheel Drive,19.3888235294118,Suzuki,Manual 5-spd,6.0,2.7
11372,Sport Utility Vehicle - 2WD,Regular,Rear-Wheel Drive,18.3116666666667,Suzuki,Automatic 4-spd,6.0,2.5
11373,Sport Utility Vehicle - 2WD,Regular,Rear-Wheel Drive,18.3116666666667,Suzuki,Manual 5-spd,6.0,2.5
11374,Sport Utility Vehicle - 2WD,Regular,Rear-Wheel Drive,18.3116666666667,Toyota,Automatic 4-spd,6.0,4.0
11375,Sport Utility Vehicle - 2WD,Regular,Rear-Wheel Drive,20.600625,Toyota,Automatic 5-spd,8.0,4.7
11376,Sport Utility Vehicle - 2WD,Regular,Front-Wheel Drive,14.9822727272727,Toyota,Automatic 4-spd,4.0,2.4
11377,Sport Utility Vehicle - 2WD,Regular,Front-Wheel Drive,17.3478947368421,Toyota,Automatic 5-spd,6.0,3.3
11378,Sport Utility Vehicle - 2WD,Regular,Front-Wheel Drive,14.3308695652174,Toyota,Automatic 4-spd,4.0,2.4
11379,Compact Cars,Regular,Front-Wheel Drive,13.73375,Oldsmobile,Automatic 3-spd,4.0,1.8
11380,Sport Utility Vehicle - 2WD,Regular,Front-Wheel Drive,14.3308695652174,Toyota,Manual 5-spd,4.0,2.4
11381,Sport Utility Vehicle - 2WD,Regular,Rear-Wheel Drive,23.5435714285714,Toyota,Automatic 4-spd,8.0,4.7
11382,Sport Utility Vehicle - 2WD,Premium,Front-Wheel Drive,17.3478947368421,Volvo,Automatic (S5),5.0,2.5
11383,Sport Utility Vehicle - 4WD,Premium,4-Wheel or All-Wheel Drive,19.3888235294118,Acura,Automatic 5-spd,6.0,3.5
11384,Sport Utility Vehicle - 4WD,Premium,4-Wheel or All-Wheel Drive,19.3888235294118,Audi,Manual 6-spd,6.0,2.7
11385,Sport Utility Vehicle - 4WD,Premium,4-Wheel or All-Wheel Drive,19.3888235294118,Audi,Automatic (S5),6.0,2.7
11386,Sport Utility Vehicle - 4WD,Premium,4-Wheel or All-Wheel Drive,20.600625,Audi,Automatic (S5),8.0,4.2
11387,Sport Utility Vehicle - 4WD,Premium,4-Wheel or All-Wheel Drive,18.3116666666667,BMW,Manual 6-spd,6.0,2.5
11388,Sport Utility Vehicle - 4WD,Premium,4-Wheel or All-Wheel Drive,19.3888235294118,BMW,Automatic (S5),6.0,2.5
11389,Sport Utility Vehicle - 4WD,Premium,4-Wheel or All-Wheel Drive,18.3116666666667,BMW,Manual 6-spd,6.0,3.0
11390,Compact Cars,Premium,Front-Wheel Drive,16.4805,Oldsmobile,Automatic 3-spd,4.0,1.8
11391,Sport Utility Vehicle - 4WD,Premium,4-Wheel or All-Wheel Drive,19.3888235294118,BMW,Automatic (S5),6.0,3.0
11392,Sport Utility Vehicle - 4WD,Premium,4-Wheel or All-Wheel Drive,20.600625,BMW,Manual 6-spd,6.0,3.0
11393,Sport Utility Vehicle - 4WD,Premium,4-Wheel or All-Wheel Drive,20.600625,BMW,Automatic (S5),6.0,3.0
11394,Sport Utility Vehicle - 4WD,Premium,4-Wheel or All-Wheel Drive,20.600625,BMW,Automatic (S6),8.0,4.4
11395,Sport Utility Vehicle - 4WD,Regular,4-Wheel or All-Wheel Drive,20.600625,Buick,Automatic 4-spd,6.0,4.2
11396,Sport Utility Vehicle - 4WD,Regular,4-Wheel or All-Wheel Drive,21.974,Buick,Automatic 4-spd,8.0,5.3
11397,Sport Utility Vehicle - 4WD,Regular,4-Wheel or All-Wheel Drive,18.3116666666667,Buick,Automatic 4-spd,6.0,3.4
11398,Sport Utility Vehicle - 4WD,Regular,4-Wheel or All-Wheel Drive,17.3478947368421,Buick,Automatic 4-spd,6.0,3.6
11399,Sport Utility Vehicle - 4WD,Regular,4-Wheel or All-Wheel Drive,25.3546153846154,Cadillac,Automatic 4-spd,8.0,6.0
11400,Sport Utility Vehicle - 4WD,Regular,4-Wheel or All-Wheel Drive,25.3546153846154,Cadillac,Automatic 4-spd,8.0,6.0
11401,Compact Cars,Premium,Front-Wheel Drive,15.6957142857143,Oldsmobile,Manual 4-spd,4.0,1.8
11402,Sport Utility Vehicle - 4WD,Regular,4-Wheel or All-Wheel Drive,25.3546153846154,Cadillac,Automatic 4-spd,8.0,6.0
11403,Sport Utility Vehicle - 4WD,Premium,4-Wheel or All-Wheel Drive,19.3888235294118,Cadillac,Automatic 5-spd,6.0,3.6
11404,Sport Utility Vehicle - 4WD,Premium,4-Wheel or All-Wheel Drive,21.974,Cadillac,Automatic 5-spd,8.0,4.6
11405,Sport Utility Vehicle - 4WD,Regular,4-Wheel or All-Wheel Drive,21.974,Chevrolet,Automatic 4-spd,6.0,4.3
11406,Sport Utility Vehicle - 4WD,Regular,4-Wheel or All-Wheel Drive,21.974,Chevrolet,Manual 5-spd,6.0,4.3
11407,Sport Utility Vehicle - 4WD,Regular,4-Wheel or All-Wheel Drive,23.5435714285714,Chevrolet,Automatic 4-spd,8.0,5.3
11408,Sport Utility Vehicle - 4WD,Regular,4-Wheel or All-Wheel Drive,23.5435714285714,Chevrolet,Automatic 4-spd,8.0,5.3
11409,Sport Utility Vehicle - 4WD,Regular,4-Wheel or All-Wheel Drive,23.5435714285714,Chevrolet,Automatic 4-spd,8.0,5.3
11410,Sport Utility Vehicle - 4WD,Regular,4-Wheel or All-Wheel Drive,21.974,Chevrolet,Automatic 4-spd,8.0,4.8
11411,Sport Utility Vehicle - 4WD,Regular,4-Wheel or All-Wheel Drive,23.5435714285714,Chevrolet,Automatic 4-spd,8.0,5.3
11412,Compact Cars,Regular,Front-Wheel Drive,12.2077777777778,Oldsmobile,Manual 5-spd,4.0,1.8
11413,Sport Utility Vehicle - 4WD,Regular,4-Wheel or All-Wheel Drive,23.5435714285714,Chevrolet,Automatic 4-spd,8.0,5.3
11414,Sport Utility Vehicle - 4WD,Regular,4-Wheel or All-Wheel Drive,18.3116666666667,Chevrolet,Automatic 4-spd,6.0,2.5
11415,Sport Utility Vehicle - 4WD,Regular,4-Wheel or All-Wheel Drive,18.3116666666667,Chevrolet,Automatic 4-spd,6.0,2.5
11416,Sport Utility Vehicle - 4WD,Regular,4-Wheel or All-Wheel Drive,18.3116666666667,Chevrolet,Automatic 4-spd,6.0,2.5
11417,Sport Utility Vehicle - 4WD,Regular,4-Wheel or All-Wheel Drive,20.600625,Chevrolet,Automatic 4-spd,6.0,4.2
11418,Sport Utility Vehicle - 4WD,Regular,4-Wheel or All-Wheel Drive,20.600625,Chevrolet,Automatic 4-spd,6.0,4.2
11419,Sport Utility Vehicle - 4WD,Regular,4-Wheel or All-Wheel Drive,21.974,Chevrolet,Automatic 4-spd,8.0,5.3
11420,Sport Utility Vehicle - 4WD,Regular,4-Wheel or All-Wheel Drive,19.3888235294118,Chrysler,Automatic 4-spd,6.0,3.5
11421,Sport Utility Vehicle - 4WD,Regular,4-Wheel or All-Wheel Drive,23.5435714285714,Dodge,Automatic 5-spd,8.0,4.7
11422,Sport Utility Vehicle - 4WD,Regular,4-Wheel or All-Wheel Drive,25.3546153846154,Dodge,Automatic 5-spd,8.0,5.7
11423,Compact Cars,Regular,Front-Wheel Drive,14.9822727272727,Oldsmobile,Automatic 3-spd,4.0,2.0
11424,Sport Utility Vehicle - 4WD,Regular,4-Wheel or All-Wheel Drive,18.3116666666667,Ford,Automatic 4-spd,6.0,3.0
11425,Sport Utility Vehicle - 4WD,Regular,4-Wheel or All-Wheel Drive,23.5435714285714,Ford,Automatic 4-spd,8.0,4.6
11426,Sport Utility Vehicle - 4WD,Regular,4-Wheel or All-Wheel Drive,25.3546153846154,Ford,Automatic 4-spd,8.0,5.4
11427,Sport Utility Vehicle - 4WD,Regular,4-Wheel or All-Wheel Drive,21.974,Ford,Automatic 5-spd,8.0,4.6
11428,Sport Utility Vehicle - 4WD,Regular,4-Wheel or All-Wheel Drive,20.600625,GMC,Automatic 4-spd,6.0,4.2
11429,Sport Utility Vehicle - 4WD,Regular,4-Wheel or All-Wheel Drive,21.974,GMC,Automatic 4-spd,6.0,4.2
11430,Sport Utility Vehicle - 4WD,Regular,4-Wheel or All-Wheel Drive,21.974,GMC,Automatic 4-spd,8.0,5.3
11431,Sport Utility Vehicle - 4WD,Regular,4-Wheel or All-Wheel Drive,21.974,GMC,Manual 5-spd,6.0,4.3
11432,Sport Utility Vehicle - 4WD,Regular,4-Wheel or All-Wheel Drive,21.974,GMC,Automatic 4-spd,8.0,4.8
11433,Sport Utility Vehicle - 4WD,Regular,4-Wheel or All-Wheel Drive,23.5435714285714,GMC,Automatic 4-spd,8.0,5.3
11434,Compact Cars,Regular,Front-Wheel Drive,13.1844,Oldsmobile,Manual 4-spd,4.0,2.0
11435,Sport Utility Vehicle - 4WD,Regular,4-Wheel or All-Wheel Drive,23.5435714285714,GMC,Automatic 4-spd,8.0,5.3
11436,Sport Utility Vehicle - 4WD,Regular,4-Wheel or All-Wheel Drive,25.3546153846154,GMC,Automatic 4-spd,8.0,6.0
11437,Sport Utility Vehicle - 4WD,Regular,4-Wheel or All-Wheel Drive,23.5435714285714,GMC,Automatic 4-spd,8.0,5.3
11438,Sport Utility Vehicle - 4WD,Regular,4-Wheel or All-Wheel Drive,23.5435714285714,GMC,Automatic 4-spd,8.0,5.3
11439,Sport Utility Vehicle - 4WD,Regular,4-Wheel or All-Wheel Drive,25.3546153846154,GMC,Automatic 4-spd,8.0,6.0
11440,Sport Utility Vehicle - 4WD,Regular,4-Wheel or All-Wheel Drive,15.6957142857143,Honda,Automatic 4-spd,4.0,2.4
11441,Sport Utility Vehicle - 4WD,Regular,4-Wheel or All-Wheel Drive,15.6957142857143,Honda,Manual 5-spd,4.0,2.4
11442,Sport Utility Vehicle - 4WD,Regular,4-Wheel or All-Wheel Drive,16.4805,Honda,Automatic 4-spd,4.0,2.4
11443,Sport Utility Vehicle - 4WD,Regular,4-Wheel or All-Wheel Drive,16.4805,Honda,Manual 5-spd,4.0,2.4
11444,Sport Utility Vehicle - 4WD,Regular,4-Wheel or All-Wheel Drive,19.3888235294118,Honda,Automatic 5-spd,6.0,3.5
11445,Subcompact Cars,Regular,Front-Wheel Drive,12.2077777777778,Plymouth,Manual 5-spd,4.0,2.2
11446,Compact Cars,Regular,Front-Wheel Drive,17.3478947368421,Oldsmobile,Automatic 3-spd,6.0,2.8
11447,Sport Utility Vehicle - 4WD,Regular,4-Wheel or All-Wheel Drive,18.3116666666667,Hyundai,Automatic 4-spd,6.0,2.7
11448,Sport Utility Vehicle - 4WD,Regular,4-Wheel or All-Wheel Drive,19.3888235294118,Hyundai,Automatic 5-spd,6.0,3.5
11449,Sport Utility Vehicle - 4WD,Regular,4-Wheel or All-Wheel Drive,19.3888235294118,Infiniti,Automatic (S5),6.0,3.5
11450,Sport Utility Vehicle - 4WD,Premium,4-Wheel or All-Wheel Drive,21.974,Infiniti,Automatic (S5),8.0,4.5
11451,Sport Utility Vehicle - 4WD,Regular,4-Wheel or All-Wheel Drive,23.5435714285714,Infiniti,Automatic 5-spd,8.0,5.6
11452,Sport Utility Vehicle - 4WD,Regular,4-Wheel or All-Wheel Drive,20.600625,Isuzu,Automatic 4-spd,6.0,4.2
11453,Sport Utility Vehicle - 4WD,Regular,4-Wheel or All-Wheel Drive,23.5435714285714,Isuzu,Automatic 4-spd,8.0,5.3
11454,Sport Utility Vehicle - 4WD,Regular,4-Wheel or All-Wheel Drive,20.600625,Isuzu,Automatic 4-spd,6.0,4.2
11455,Sport Utility Vehicle - 4WD,Regular,4-Wheel or All-Wheel Drive,19.3888235294118,Isuzu,Automatic 4-spd,6.0,3.5
11456,Sport Utility Vehicle - 4WD,Regular,4-Wheel or All-Wheel Drive,19.3888235294118,Isuzu,Automatic 4-spd,6.0,3.2
11457,Compact Cars,Regular,Front-Wheel Drive,17.3478947368421,Oldsmobile,Manual 4-spd,6.0,2.8
11458,Sport Utility Vehicle - 4WD,Regular,4-Wheel or All-Wheel Drive,19.3888235294118,Isuzu,Manual 5-spd,6.0,3.2
11459,Sport Utility Vehicle - 4WD,Regular,4-Wheel or All-Wheel Drive,19.3888235294118,Isuzu,Automatic 4-spd,6.0,3.5
11460,Sport Utility Vehicle - 4WD,Regular,4-Wheel or All-Wheel Drive,20.600625,Jeep,Automatic 4-spd,6.0,4.0
11461,Sport Utility Vehicle - 4WD,Regular,4-Wheel or All-Wheel Drive,21.974,Jeep,Automatic 5-spd,8.0,4.7
11462,Sport Utility Vehicle - 4WD,Regular,4-Wheel or All-Wheel Drive,17.3478947368421,Jeep,Manual 5-spd,4.0,2.4
11463,Sport Utility Vehicle - 4WD,Regular,4-Wheel or All-Wheel Drive,19.3888235294118,Jeep,Automatic 4-spd,6.0,3.7
11464,Sport Utility Vehicle - 4WD,Regular,4-Wheel or All-Wheel Drive,20.600625,Jeep,Manual 5-spd,6.0,3.7
11465,Sport Utility Vehicle - 4WD,Regular,4-Wheel or All-Wheel Drive,19.3888235294118,Jeep,Automatic 4-spd,4.0,2.4
11466,Sport Utility Vehicle - 4WD,Regular,4-Wheel or All-Wheel Drive,19.3888235294118,Jeep,Manual 5-spd,4.0,2.4
11467,Sport Utility Vehicle - 4WD,Regular,4-Wheel or All-Wheel Drive,20.600625,Jeep,Automatic 4-spd,6.0,4.0
11468,Compact Cars,Regular,Rear-Wheel Drive,17.3478947368421,Peugeot,Automatic 4-spd,4.0,2.0
11469,Sport Utility Vehicle - 4WD,Regular,4-Wheel or All-Wheel Drive,20.600625,Jeep,Manual 5-spd,6.0,4.0
11470,Sport Utility Vehicle - 4WD,Regular,4-Wheel or All-Wheel Drive,21.974,Kia,Automatic 4-spd,6.0,3.5
11471,Sport Utility Vehicle - 4WD,Regular,4-Wheel or All-Wheel Drive,21.974,Kia,Manual 5-spd,6.0,3.5
11472,Sport Utility Vehicle - 4WD,Regular,4-Wheel or All-Wheel Drive,19.3888235294118,Land Rover,Automatic 5-spd,6.0,2.5
11473,Sport Utility Vehicle - 4WD,Premium,4-Wheel or All-Wheel Drive,27.4675,Land Rover,Automatic 4-spd,8.0,4.6
11474,Sport Utility Vehicle - 4WD,Premium,4-Wheel or All-Wheel Drive,27.4675,Land Rover,Automatic 5-spd,8.0,4.4
11475,Sport Utility Vehicle - 4WD,Regular,4-Wheel or All-Wheel Drive,21.974,Lexus,Automatic 5-spd,8.0,4.7
11476,Sport Utility Vehicle - 4WD,Regular,4-Wheel or All-Wheel Drive,25.3546153846154,Lexus,Automatic 5-spd,8.0,4.7
11477,Sport Utility Vehicle - 4WD,Regular,4-Wheel or All-Wheel Drive,17.3478947368421,Lexus,Automatic 5-spd,6.0,3.3
11478,Sport Utility Vehicle - 4WD,Regular,4-Wheel or All-Wheel Drive,17.3478947368421,Lexus,Automatic (S5),6.0,3.3
11479,Compact Cars,Regular,Rear-Wheel Drive,17.3478947368421,Peugeot,Manual 5-spd,4.0,2.0
11480,Sport Utility Vehicle - 4WD,Premium,4-Wheel or All-Wheel Drive,25.3546153846154,Lincoln,Automatic 5-spd,8.0,4.6
11481,Sport Utility Vehicle - 4WD,Regular,4-Wheel or All-Wheel Drive,15.6957142857143,Mazda,Manual 5-spd,4.0,2.0
11482,Sport Utility Vehicle - 4WD,Regular,4-Wheel or All-Wheel Drive,18.3116666666667,Mazda,Automatic 4-spd,6.0,3.0
11483,Sport Utility Vehicle - 4WD,Premium,4-Wheel or All-Wheel Drive,27.4675,Mercedes-Benz,Automatic 5-spd,8.0,5.0
11484,Sport Utility Vehicle - 4WD,Premium,4-Wheel or All-Wheel Drive,25.3546153846154,Mercedes-Benz,Automatic 5-spd,8.0,5.4
11485,Sport Utility Vehicle - 4WD,Premium,4-Wheel or All-Wheel Drive,21.974,Mercedes-Benz,Automatic 5-spd,6.0,3.7
11486,Sport Utility Vehicle - 4WD,Premium,4-Wheel or All-Wheel Drive,23.5435714285714,Mercedes-Benz,Automatic 5-spd,8.0,5.0
11487,Sport Utility Vehicle - 4WD,Regular,4-Wheel or All-Wheel Drive,21.974,Mercury,Automatic 5-spd,8.0,4.6
11488,Sport Utility Vehicle - 4WD,Premium,4-Wheel or All-Wheel Drive,19.3888235294118,Mitsubishi,Automatic (S4),6.0,3.8
11489,Sport Utility Vehicle - 4WD,Premium,Rear-Wheel Drive,21.974,Mitsubishi,Automatic (S5),6.0,3.8
11490,Compact Cars,Premium,Rear-Wheel Drive,18.3116666666667,Peugeot,Automatic 4-spd,4.0,2.2
11491,Sport Utility Vehicle - 4WD,Regular,4-Wheel or All-Wheel Drive,21.974,Mitsubishi,Automatic 4-spd,6.0,3.5
11492,Sport Utility Vehicle - 4WD,Regular,4-Wheel or All-Wheel Drive,16.4805,Mitsubishi,Automatic (S4),4.0,2.4
11493,Sport Utility Vehicle - 4WD,Regular,4-Wheel or All-Wheel Drive,16.4805,Nissan,Automatic (variable gear ratios),6.0,3.5
11494,Sport Utility Vehicle - 4WD,Regular,4-Wheel or All-Wheel Drive,21.974,Nissan,Automatic 4-spd,6.0,3.5
11495,Sport Utility Vehicle - 4WD,Regular,4-Wheel or All-Wheel Drive,23.5435714285714,Nissan,Automatic 5-spd,8.0,5.6
11496,Sport Utility Vehicle - 4WD,Premium,4-Wheel or All-Wheel Drive,21.974,Nissan,Automatic 4-spd,6.0,3.3
11497,Sport Utility Vehicle - 4WD,Regular,4-Wheel or All-Wheel Drive,20.600625,Nissan,Automatic 4-spd,6.0,3.3
11498,Sport Utility Vehicle - 4WD,Regular,4-Wheel or All-Wheel Drive,20.600625,Nissan,Manual 5-spd,6.0,3.3
11499,Sport Utility Vehicle - 4WD,Regular,4-Wheel or All-Wheel Drive,20.600625,Oldsmobile,Automatic 4-spd,6.0,4.2
11500,Sport Utility Vehicle - 4WD,Regular,4-Wheel or All-Wheel Drive,18.3116666666667,Pontiac,Automatic 4-spd,6.0,3.4
11501,Compact Cars,Premium,Rear-Wheel Drive,17.3478947368421,Peugeot,Manual 5-spd,4.0,2.2
11502,Sport Utility Vehicle - 4WD,Premium,4-Wheel or All-Wheel Drive,21.974,Porsche,Automatic 5-spd,6.0,3.2
11503,Sport Utility Vehicle - 4WD,Premium,4-Wheel or All-Wheel Drive,23.5435714285714,Porsche,Automatic 5-spd,8.0,4.5
11504,Sport Utility Vehicle - 4WD,Premium,4-Wheel or All-Wheel Drive,23.5435714285714,Porsche,Automatic 5-spd,8.0,4.5
11505,Sport Utility Vehicle - 4WD,Regular,4-Wheel or All-Wheel Drive,15.6957142857143,Saturn,Automatic (variable gear ratios),4.0,2.2
11506,Sport Utility Vehicle - 4WD,Regular,4-Wheel or All-Wheel Drive,17.3478947368421,Saturn,Automatic 5-spd,6.0,3.5
11507,Sport Utility Vehicle - 4WD,Regular,4-Wheel or All-Wheel Drive,15.6957142857143,Subaru,Automatic 4-spd,4.0,2.5
11508,Sport Utility Vehicle - 4WD,Premium,4-Wheel or All-Wheel Drive,18.3116666666667,Subaru,Manual 5-spd,4.0,2.5
11509,Sport Utility Vehicle - 4WD,Regular,4-Wheel or All-Wheel Drive,15.6957142857143,Subaru,Manual 5-spd,4.0,2.5
11510,Sport Utility Vehicle - 4WD,Premium,4-Wheel or All-Wheel Drive,18.3116666666667,Subaru,Automatic (S4),4.0,2.5
11511,Sport Utility Vehicle - 4WD,Premium,4-Wheel or All-Wheel Drive,17.3478947368421,Subaru,Automatic 4-spd,4.0,2.5
11512,Compact Cars,Diesel,Rear-Wheel Drive,17.3720454545455,Peugeot,Automatic 4-spd,4.0,2.5
11513,Sport Utility Vehicle - 4WD,Regular,4-Wheel or All-Wheel Drive,15.6957142857143,Subaru,Automatic 4-spd,4.0,2.5
11514,Sport Utility Vehicle - 4WD,Premium,4-Wheel or All-Wheel Drive,18.3116666666667,Subaru,Manual 5-spd,4.0,2.5
11515,Sport Utility Vehicle - 4WD,Regular,4-Wheel or All-Wheel Drive,15.6957142857143,Subaru,Manual 5-spd,4.0,2.5
11516,Sport Utility Vehicle - 4WD,Regular,4-Wheel or All-Wheel Drive,18.3116666666667,Suzuki,Automatic 4-spd,6.0,2.5
11517,Sport Utility Vehicle - 4WD,Regular,4-Wheel or All-Wheel Drive,18.3116666666667,Suzuki,Manual 5-spd,6.0,2.5
11518,Sport Utility Vehicle - 4WD,Regular,4-Wheel or All-Wheel Drive,19.3888235294118,Suzuki,Automatic 5-spd,6.0,2.7
11519,Sport Utility Vehicle - 4WD,Regular,4-Wheel or All-Wheel Drive,19.3888235294118,Suzuki,Manual 5-spd,6.0,2.7
11520,Sport Utility Vehicle - 4WD,Regular,4-Wheel or All-Wheel Drive,18.3116666666667,Suzuki,Automatic 4-spd,6.0,2.5
11521,Sport Utility Vehicle - 4WD,Regular,4-Wheel or All-Wheel Drive,18.3116666666667,Suzuki,Manual 5-spd,6.0,2.5
11522,Sport Utility Vehicle - 4WD,Regular,4-Wheel or All-Wheel Drive,19.3888235294118,Toyota,Automatic 4-spd,6.0,4.0
11523,Compact Cars,Diesel,Rear-Wheel Drive,14.6994230769231,Peugeot,Manual 5-spd,4.0,2.5
11524,Sport Utility Vehicle - 4WD,Regular,4-Wheel or All-Wheel Drive,21.974,Toyota,Automatic 5-spd,8.0,4.7
11525,Sport Utility Vehicle - 4WD,Regular,4-Wheel or All-Wheel Drive,16.4805,Toyota,Automatic 4-spd,4.0,2.4
11526,Sport Utility Vehicle - 4WD,Regular,4-Wheel or All-Wheel Drive,17.3478947368421,Toyota,Automatic 5-spd,6.0,3.3
11527,Sport Utility Vehicle - 4WD,Regular,4-Wheel or All-Wheel Drive,25.3546153846154,Toyota,Automatic 5-spd,8.0,4.7
11528,Sport Utility Vehicle - 4WD,Regular,4-Wheel or All-Wheel Drive,14.9822727272727,Toyota,Automatic 4-spd,4.0,2.4
11529,Sport Utility Vehicle - 4WD,Regular,4-Wheel or All-Wheel Drive,15.6957142857143,Toyota,Manual 5-spd,4.0,2.4
11530,Sport Utility Vehicle - 4WD,Regular,4-Wheel or All-Wheel Drive,23.5435714285714,Toyota,Automatic 4-spd,8.0,4.7
11531,Sport Utility Vehicle - 4WD,Premium,4-Wheel or All-Wheel Drive,21.974,Volkswagen,Automatic (S6),6.0,3.2
11532,Sport Utility Vehicle - 4WD,Premium,4-Wheel or All-Wheel Drive,23.5435714285714,Volkswagen,Automatic (S6),8.0,4.2
11533,Sport Utility Vehicle - 4WD,Diesel,4-Wheel or All-Wheel Drive,21.2325,Volkswagen,Automatic (S6),10.0,5.0
11534,Compact Cars,Regular,Front-Wheel Drive,10.987,Plymouth,Manual 4-spd,4.0,1.6
11535,Sport Utility Vehicle - 4WD,Premium,4-Wheel or All-Wheel Drive,17.3478947368421,Volvo,Automatic (S5),5.0,2.5
11536,Sport Utility Vehicle - 4WD,Premium,4-Wheel or All-Wheel Drive,18.3116666666667,Volvo,Automatic (S5),5.0,2.5
11537,Sport Utility Vehicle - 4WD,Premium,4-Wheel or All-Wheel Drive,20.600625,Volvo,Automatic (S4),6.0,2.9
11538,Standard Pickup Trucks 2WD,CNG,Rear-Wheel Drive,0.143076923076923,Ford,Automatic 4-spd,8.0,5.4
11539,Standard Pickup Trucks 2WD,Gasoline or natural gas,Rear-Wheel Drive,27.4675,Ford,Automatic 4-spd,8.0,5.4
11540,Standard Pickup Trucks 4WD,Gasoline or natural gas,4-Wheel or All-Wheel Drive,27.4675,Ford,Automatic 4-spd,8.0,5.4
11541,Standard Pickup Trucks 4WD,Gasoline or E85,4-Wheel or All-Wheel Drive,23.5435714285714,Chevrolet,Automatic 4-spd,8.0,5.3
11542,Standard Pickup Trucks 2WD,Gasoline or E85,Rear-Wheel Drive,21.974,Chevrolet,Automatic 4-spd,8.0,5.3
11543,Standard Pickup Trucks 2WD,Gasoline or E85,Rear-Wheel Drive,21.974,GMC,Automatic 4-spd,8.0,5.3
11544,Standard Pickup Trucks 4WD,Gasoline or E85,4-Wheel or All-Wheel Drive,23.5435714285714,GMC,Automatic 4-spd,8.0,5.3
11545,Compact Cars,Regular,Front-Wheel Drive,12.2077777777778,Plymouth,Manual 4-spd,4.0,1.6
11546,Sport Utility Vehicle - 2WD,Gasoline or E85,Rear-Wheel Drive,23.5435714285714,Chevrolet,Automatic 4-spd,8.0,5.3
11547,Sport Utility Vehicle - 2WD,Gasoline or E85,Rear-Wheel Drive,23.5435714285714,Chevrolet,Automatic 4-spd,8.0,5.3
11548,Sport Utility Vehicle - 2WD,Gasoline or E85,Rear-Wheel Drive,21.974,Chevrolet,Automatic 4-spd,8.0,5.3
11549,Sport Utility Vehicle - 2WD,Gasoline or E85,Rear-Wheel Drive,21.974,GMC,Automatic 4-spd,8.0,5.3
11550,Sport Utility Vehicle - 2WD,Gasoline or E85,Rear-Wheel Drive,23.5435714285714,GMC,Automatic 4-spd,8.0,5.3
11551,Sport Utility Vehicle - 4WD,Gasoline or E85,4-Wheel or All-Wheel Drive,23.5435714285714,Chevrolet,Automatic 4-spd,8.0,5.3
11552,Sport Utility Vehicle - 4WD,Gasoline or E85,4-Wheel or All-Wheel Drive,23.5435714285714,Chevrolet,Automatic 4-spd,8.0,5.3
11553,Sport Utility Vehicle - 4WD,Gasoline or E85,4-Wheel or All-Wheel Drive,23.5435714285714,Chevrolet,Automatic 4-spd,8.0,5.3
11554,Sport Utility Vehicle - 4WD,Gasoline or E85,4-Wheel or All-Wheel Drive,23.5435714285714,Chevrolet,Automatic 4-spd,8.0,5.3
11555,Sport Utility Vehicle - 4WD,Gasoline or E85,4-Wheel or All-Wheel Drive,23.5435714285714,Chevrolet,Automatic 4-spd,8.0,5.3
11556,Subcompact Cars,Premium,Front-Wheel Drive,15.6957142857143,Plymouth,Manual 5-spd,4.0,2.2
11557,Compact Cars,Regular,Front-Wheel Drive,14.3308695652174,Plymouth,Automatic 3-spd,4.0,2.2
11558,Sport Utility Vehicle - 4WD,Gasoline or E85,4-Wheel or All-Wheel Drive,23.5435714285714,Chevrolet,Automatic 4-spd,8.0,5.3
11559,Sport Utility Vehicle - 4WD,Gasoline or E85,4-Wheel or All-Wheel Drive,23.5435714285714,GMC,Automatic 4-spd,8.0,5.3
11560,Sport Utility Vehicle - 4WD,Gasoline or E85,4-Wheel or All-Wheel Drive,23.5435714285714,GMC,Automatic 4-spd,8.0,5.3
11561,Sport Utility Vehicle - 4WD,Gasoline or E85,4-Wheel or All-Wheel Drive,23.5435714285714,GMC,Automatic 4-spd,8.0,5.3
11562,Sport Utility Vehicle - 4WD,Gasoline or E85,4-Wheel or All-Wheel Drive,23.5435714285714,GMC,Automatic 4-spd,8.0,5.3
11563,Subcompact Cars,Gasoline or natural gas,Front-Wheel Drive,13.73375,Chevrolet,Automatic 4-spd,4.0,2.2
11564,Compact Cars,CNG,Front-Wheel Drive,0.0664285714285714,Honda,Automatic (variable gear ratios),4.0,1.7
11565,Standard Pickup Trucks 2WD,CNG,Rear-Wheel Drive,0.186,Chevrolet,Automatic 4-spd,8.0,6.0
11566,Compact Cars,Gasoline or E85,Front-Wheel Drive,15.6957142857143,Chrysler,Automatic 4-spd,6.0,2.7
11567,Compact Cars,Gasoline or E85,Front-Wheel Drive,15.6957142857143,Chrysler,Automatic 4-spd,6.0,2.7
11568,Compact Cars,Regular,Front-Wheel Drive,12.6773076923077,Plymouth,Manual 5-spd,4.0,2.2
11569,Midsize Cars,Gasoline or E85,Front-Wheel Drive,15.6957142857143,Chrysler,Automatic 4-spd,6.0,2.7
11570,Midsize Cars,Gasoline or E85,Front-Wheel Drive,15.6957142857143,Dodge,Automatic 4-spd,6.0,2.7
11571,Midsize Cars,Gasoline or E85,Front-Wheel Drive,15.6957142857143,Chrysler,Automatic 4-spd,6.0,2.7
11572,Midsize Cars,Gasoline or E85,Front-Wheel Drive,15.6957142857143,Dodge,Automatic 4-spd,6.0,2.7
11573,Standard Pickup Trucks 2WD,Gasoline or E85,Rear-Wheel Drive,20.600625,Ford,Automatic 5-spd,6.0,4.0
11574,Standard Pickup Trucks 4WD,Gasoline or E85,4-Wheel or All-Wheel Drive,20.600625,Ford,Automatic 5-spd,6.0,4.0
11575,Sport Utility Vehicle - 4WD,Gasoline or E85,4-Wheel or All-Wheel Drive,20.600625,Ford,Automatic 5-spd,6.0,4.0
11576,Sport Utility Vehicle - 2WD,Gasoline or E85,Rear-Wheel Drive,20.600625,Ford,Automatic 5-spd,6.0,4.0
11577,Sport Utility Vehicle - 2WD,Gasoline or E85,Rear-Wheel Drive,20.600625,Mercury,Automatic 5-spd,6.0,4.0
11578,Compact Cars,Premium or E85,Rear-Wheel Drive,16.4805,Mercedes-Benz,Automatic 5-spd,6.0,2.6
11579,Compact Cars,Regular,Front-Wheel Drive,14.3308695652174,Pontiac,Automatic 3-spd,4.0,2.5
11580,Compact Cars,Premium or E85,Rear-Wheel Drive,16.4805,Mercedes-Benz,Automatic 5-spd,6.0,3.2
11581,Compact Cars,Premium or E85,Rear-Wheel Drive,16.4805,Mercedes-Benz,Automatic 5-spd,6.0,3.2
11582,Small Station Wagons,Premium or E85,Rear-Wheel Drive,16.4805,Mercedes-Benz,Automatic 5-spd,6.0,2.6
11583,Small Station Wagons,Premium or E85,Rear-Wheel Drive,16.4805,Mercedes-Benz,Automatic 5-spd,6.0,3.2
11584,Standard Pickup Trucks 2WD,Gasoline or propane,Rear-Wheel Drive,21.974,Ford,Automatic 4-spd,8.0,5.4
11585,Standard Pickup Trucks 4WD,Gasoline or propane,4-Wheel or All-Wheel Drive,21.974,Ford,Automatic 4-spd,8.0,5.4
11586,"Vans, Cargo Type",Gasoline or natural gas,Rear-Wheel Drive,27.4675,Chevrolet,Automatic 4-spd,8.0,6.0
11587,"Vans, Passenger Type",Gasoline or natural gas,Rear-Wheel Drive,27.4675,Chevrolet,Automatic 4-spd,8.0,6.0
11588,"Vans, Cargo Type",Gasoline or natural gas,Rear-Wheel Drive,27.4675,GMC,Automatic 4-spd,8.0,6.0
11589,"Vans, Passenger Type",Gasoline or natural gas,Rear-Wheel Drive,27.4675,GMC,Automatic 4-spd,8.0,6.0
11590,Compact Cars,Regular,Front-Wheel Drive,13.73375,Pontiac,Manual 5-spd,4.0,2.5
11591,"Vans, Cargo Type",CNG,Rear-Wheel Drive,0.155,Chevrolet,Automatic 4-spd,8.0,6.0
11592,"Vans, Passenger Type",CNG,Rear-Wheel Drive,0.155,Chevrolet,Automatic 4-spd,8.0,6.0
11593,"Vans, Cargo Type",CNG,Rear-Wheel Drive,0.155,GMC,Automatic 4-spd,8.0,6.0
11594,"Vans, Passenger Type",CNG,Rear-Wheel Drive,0.155,GMC,Automatic 4-spd,8.0,6.0
11595,Sport Utility Vehicle - 4WD,Gasoline or E85,4-Wheel or All-Wheel Drive,21.974,Mercury,Automatic 5-spd,6.0,4.0
11596,Large Cars,CNG,Rear-Wheel Drive,0.132857142857143,Ford,Automatic 4-spd,8.0,4.6
11597,Midsize Cars,Gasoline or E85,Front-Wheel Drive,16.4805,Mercury,Automatic 4-spd,6.0,3.0
11598,Midsize Station Wagons,Gasoline or E85,Front-Wheel Drive,17.3478947368421,Mercury,Automatic 4-spd,6.0,3.0
11599,Large Cars,Gasoline or E85,Front-Wheel Drive,16.4805,Ford,Automatic 4-spd,6.0,3.0
11600,Midsize Station Wagons,Gasoline or E85,Front-Wheel Drive,17.3478947368421,Ford,Automatic 4-spd,6.0,3.0
11601,Compact Cars,Regular,Front-Wheel Drive,16.4805,Pontiac,Automatic 3-spd,6.0,3.0
11602,Standard Pickup Trucks 2WD,Gasoline or E85,Rear-Wheel Drive,27.4675,Dodge,Automatic 5-spd,8.0,4.7
11603,Standard Pickup Trucks 4WD,Gasoline or E85,4-Wheel or All-Wheel Drive,27.4675,Dodge,Automatic 5-spd,8.0,4.7
11604,Midsize Cars,Premium,Rear-Wheel Drive,14.9822727272727,BMW,Automatic (S6),6.0,2.5
11605,Midsize Cars,Diesel,Front-Wheel Drive,14.155,Volkswagen,Automatic (S5),4.0,2.0
11606,Large Cars,Premium,Rear-Wheel Drive,20.600625,BMW,Automatic (S6),12.0,6.0
11607,Midsize Station Wagons,Diesel,Front-Wheel Drive,14.155,Volkswagen,Automatic (S5),4.0,2.0
11608,Sport Utility Vehicle - 2WD,Regular,Rear-Wheel Drive,20.600625,Ford,Automatic 5-spd,6.0,4.0
11609,Sport Utility Vehicle - 2WD,Regular,Rear-Wheel Drive,20.600625,Mercury,Automatic 5-spd,6.0,4.0
11610,Sport Utility Vehicle - 4WD,Premium,4-Wheel or All-Wheel Drive,20.600625,BMW,Automatic (S6),8.0,4.8
11611,Sport Utility Vehicle - 4WD,Regular,4-Wheel or All-Wheel Drive,20.600625,Ford,Automatic 5-spd,6.0,4.0
11612,Compact Cars,Regular,Front-Wheel Drive,13.73375,Pontiac,Automatic 3-spd,4.0,1.8
11613,Sport Utility Vehicle - 4WD,Regular,4-Wheel or All-Wheel Drive,21.974,Mercury,Automatic 5-spd,6.0,4.0
11614,Two Seaters,Premium,Rear-Wheel Drive,18.3116666666667,Acura,Automatic (S4),6.0,3.0
11615,Two Seaters,Premium,Rear-Wheel Drive,18.3116666666667,Acura,Manual 6-spd,6.0,3.2
11616,Two Seaters,Premium,Front-Wheel Drive,15.6957142857143,Audi,Automatic (S6),4.0,1.8
11617,Two Seaters,Premium,4-Wheel or All-Wheel Drive,15.6957142857143,Audi,Manual 6-spd,4.0,1.8
11618,Two Seaters,Premium,4-Wheel or All-Wheel Drive,17.3478947368421,Audi,Automatic (S6),6.0,3.2
11619,Two Seaters,Premium,Rear-Wheel Drive,15.6957142857143,BMW,Manual 5-spd,6.0,2.5
11620,Two Seaters,Premium,Rear-Wheel Drive,15.6957142857143,BMW,Automatic (S5),6.0,2.5
11621,Two Seaters,Premium,Rear-Wheel Drive,15.6957142857143,BMW,Manual 6-spd,6.0,3.0
11622,Two Seaters,Premium,Rear-Wheel Drive,16.4805,BMW,Automatic (S5),6.0,3.0
11623,Compact Cars,Premium,Front-Wheel Drive,16.4805,Pontiac,Automatic 3-spd,4.0,1.8
11624,Two Seaters,Premium,Rear-Wheel Drive,15.6957142857143,BMW,Automatic (S6),6.0,3.0
11625,Two Seaters,Premium,Rear-Wheel Drive,18.3116666666667,Cadillac,Automatic (S5),8.0,4.6
11626,Two Seaters,Premium,Rear-Wheel Drive,17.3478947368421,Chevrolet,Automatic 4-spd,8.0,6.0
11627,Two Seaters,Premium,Rear-Wheel Drive,17.3478947368421,Chevrolet,Manual 6-spd,8.0,6.0
11628,Two Seaters,Premium,Rear-Wheel Drive,15.6957142857143,Chrysler,Automatic 5-spd,6.0,3.2
11629,Two Seaters,Premium,Rear-Wheel Drive,18.3116666666667,Chrysler,Automatic 5-spd,6.0,3.2
11630,Two Seaters,Premium,Rear-Wheel Drive,18.3116666666667,Chrysler,Manual 6-spd,6.0,3.2
11631,Two Seaters,Premium,Rear-Wheel Drive,15.6957142857143,Chrysler,Automatic 5-spd,6.0,3.2
11632,Two Seaters,Premium,Rear-Wheel Drive,18.3116666666667,Chrysler,Automatic 5-spd,6.0,3.2
11633,Two Seaters,Premium,Rear-Wheel Drive,18.3116666666667,Chrysler,Manual 6-spd,6.0,3.2
11634,Compact Cars,Premium,Front-Wheel Drive,15.6957142857143,Pontiac,Manual 4-spd,4.0,1.8
11635,Two Seaters,Premium,Rear-Wheel Drive,25.3546153846154,Dodge,Manual 6-spd,10.0,8.3
11636,Two Seaters,Premium,Rear-Wheel Drive,29.9645454545455,Ferrari,Manual 6-spd,8.0,3.6
11637,Two Seaters,Premium,Rear-Wheel Drive,29.9645454545455,Ferrari,Automatic (S6),8.0,3.6
11638,Two Seaters,Premium,Rear-Wheel Drive,29.9645454545455,Ferrari,Manual 6-spd,12.0,5.7
11639,Two Seaters,Premium,Rear-Wheel Drive,29.9645454545455,Ferrari,Automatic (S6),12.0,5.7
11640,Two Seaters,Premium,Rear-Wheel Drive,23.5435714285714,Ford,Manual 6-spd,8.0,5.4
11641,Two Seaters,Premium,Rear-Wheel Drive,18.3116666666667,Ford,Automatic 5-spd,8.0,3.9
11642,Two Seaters,Premium,Rear-Wheel Drive,18.3116666666667,Ford,Automatic (S5),8.0,3.9
11643,Two Seaters,Regular,Front-Wheel Drive,7.01297872340426,Honda,Automatic (variable gear ratios),3.0,1.0
11644,Two Seaters,Regular,Front-Wheel Drive,6.33865384615385,Honda,Manual 5-spd,3.0,1.0
11645,Compact Cars,Regular,Front-Wheel Drive,12.2077777777778,Pontiac,Manual 5-spd,4.0,1.8
11646,Two Seaters,Premium,Rear-Wheel Drive,16.4805,Honda,Manual 6-spd,4.0,2.2
11647,Two Seaters,Premium,4-Wheel or All-Wheel Drive,32.961,Lamborghini,Manual 6-spd,10.0,5.0
11648,Two Seaters,Premium,4-Wheel or All-Wheel Drive,29.9645454545455,Lamborghini,Automatic (S6),10.0,5.0
11649,Two Seaters,Premium,4-Wheel or All-Wheel Drive,32.961,Lamborghini,Manual 6-spd,12.0,6.2
11650,Two Seaters,Premium,4-Wheel or All-Wheel Drive,29.9645454545455,Lamborghini,Automatic (S6),12.0,6.2
11651,Two Seaters,Premium,Rear-Wheel Drive,14.9822727272727,Lotus,Manual 6-spd,4.0,1.8
11652,Two Seaters,Premium,Rear-Wheel Drive,27.4675,Maserati,Manual 6-spd,8.0,4.2
11653,Two Seaters,Premium,Rear-Wheel Drive,27.4675,Maserati,Automatic (S6),8.0,4.2
11654,Two Seaters,Premium,Rear-Wheel Drive,14.9822727272727,Mazda,Automatic 4-spd,4.0,1.8
11655,Two Seaters,Premium,Rear-Wheel Drive,14.3308695652174,Mazda,Manual 5-spd,4.0,1.8
11656,Compact Cars,Regular,Front-Wheel Drive,13.1844,Pontiac,Manual 4-spd,4.0,2.0
11657,Two Seaters,Premium,Rear-Wheel Drive,14.9822727272727,Mazda,Manual 6-spd,4.0,1.8
11658,Two Seaters,Premium,Rear-Wheel Drive,16.4805,Mazda,Manual 6-spd,4.0,1.8
11659,Two Seaters,Premium,Rear-Wheel Drive,25.3546153846154,Mercedes-Benz,Automatic (S5),8.0,5.4
11660,Two Seaters,Premium,Rear-Wheel Drive,19.3888235294118,Mercedes-Benz,Automatic 7-spd,8.0,5.0
11661,Two Seaters,Premium,Rear-Wheel Drive,23.5435714285714,Mercedes-Benz,Automatic (S5),8.0,5.4
11662,Two Seaters,Premium,Rear-Wheel Drive,23.5435714285714,Mercedes-Benz,Automatic 5-spd,12.0,5.5
11663,Two Seaters,Premium,Rear-Wheel Drive,25.3546153846154,Mercedes-Benz,Automatic (S5),12.0,6.0
11664,Two Seaters,Premium,Rear-Wheel Drive,17.3478947368421,Mercedes-Benz,Automatic 7-spd,6.0,3.5
11665,Two Seaters,Premium,Rear-Wheel Drive,17.3478947368421,Mercedes-Benz,Manual 6-spd,6.0,3.5
11666,Two Seaters,Premium,Rear-Wheel Drive,20.600625,Mercedes-Benz,Automatic (S7),8.0,5.4
11667,Subcompact Cars,Regular,Rear-Wheel Drive,14.3308695652174,Pontiac,Automatic 4-spd,4.0,2.5
11668,Compact Cars,Regular,Front-Wheel Drive,13.1844,Renault,Automatic 3-spd,4.0,1.4
11669,Two Seaters,Premium,Rear-Wheel Drive,16.4805,Nissan,Manual 6-spd,6.0,3.5
11670,Two Seaters,Premium,Rear-Wheel Drive,16.4805,Nissan,Manual 6-spd,6.0,3.5
11671,Two Seaters,Premium,Rear-Wheel Drive,17.3478947368421,Nissan,Automatic (S5),6.0,3.5
11672,Two Seaters,Premium,Rear-Wheel Drive,16.4805,Nissan,Manual 6-spd,6.0,3.5
11673,Two Seaters,Premium,Rear-Wheel Drive,17.3478947368421,Nissan,Automatic (S5),6.0,3.5
11674,Two Seaters,Premium,Rear-Wheel Drive,20.600625,Porsche,Manual 6-spd,6.0,3.6
11675,Two Seaters,Premium,Rear-Wheel Drive,29.9645454545455,Porsche,Manual 6-spd,10.0,5.7
11676,Two Seaters,Premium,Rear-Wheel Drive,20.600625,Porsche,Manual 6-spd,6.0,3.6
11677,Two Seaters,Regular,Rear-Wheel Drive,13.1844,Toyota,Manual 5-spd,4.0,1.8
11678,Two Seaters,Regular,Rear-Wheel Drive,12.6773076923077,Toyota,Manual 6-spd,4.0,1.8
11679,Compact Cars,Regular,Front-Wheel Drive,9.98818181818182,Renault,Manual 4-spd,4.0,1.4
11680,Minicompact Cars,Premium,Rear-Wheel Drive,25.3546153846154,Aston Martin,Automatic (S6),12.0,5.9
11681,Minicompact Cars,Premium,Rear-Wheel Drive,25.3546153846154,Aston Martin,Automatic (S6),12.0,5.9
11682,Minicompact Cars,Premium,Rear-Wheel Drive,27.4675,Aston Martin,Automatic (S6),12.0,5.9
11683,Minicompact Cars,Premium,Front-Wheel Drive,15.6957142857143,Audi,Automatic (S6),4.0,1.8
11684,Minicompact Cars,Premium,4-Wheel or All-Wheel Drive,15.6957142857143,Audi,Manual 6-spd,4.0,1.8
11685,Minicompact Cars,Premium,4-Wheel or All-Wheel Drive,16.4805,Audi,Automatic (S6),6.0,3.2
11686,Minicompact Cars,Premium,Rear-Wheel Drive,16.4805,BMW,Manual 5-spd,6.0,2.5
11687,Minicompact Cars,Premium,Rear-Wheel Drive,17.3478947368421,BMW,Automatic (S5),6.0,2.5
11688,Minicompact Cars,Premium,Rear-Wheel Drive,16.4805,BMW,Manual 6-spd,6.0,3.0
11689,Minicompact Cars,Premium,Rear-Wheel Drive,17.3478947368421,BMW,Automatic (S5),6.0,3.0
11690,Compact Cars,Regular,Front-Wheel Drive,10.987,Renault,Manual 4-spd,4.0,1.4
11691,Minicompact Cars,Premium,Rear-Wheel Drive,16.4805,BMW,Automatic (S6),6.0,3.0
11692,Minicompact Cars,Premium,Rear-Wheel Drive,19.3888235294118,BMW,Manual 6-spd,6.0,3.2
11693,Minicompact Cars,Premium,Rear-Wheel Drive,20.600625,BMW,Automatic (S6),6.0,3.2
11694,Minicompact Cars,Premium,Rear-Wheel Drive,17.3478947368421,Jaguar,Automatic 6-spd,8.0,4.2
11695,Minicompact Cars,Premium,Rear-Wheel Drive,19.3888235294118,Jaguar,Automatic 6-spd,8.0,4.2
11696,Minicompact Cars,Premium,Rear-Wheel Drive,18.3116666666667,Lexus,Automatic 5-spd,8.0,4.3
11697,Minicompact Cars,Premium,Front-Wheel Drive,12.6773076923077,MINI,Automatic (variable gear ratios),4.0,1.6
11698,Minicompact Cars,Premium,Front-Wheel Drive,11.7717857142857,MINI,Manual 5-spd,4.0,1.6
11699,Minicompact Cars,Premium,Front-Wheel Drive,13.1844,MINI,Automatic (variable gear ratios),4.0,1.6
11700,Minicompact Cars,Premium,Front-Wheel Drive,12.2077777777778,MINI,Manual 5-spd,4.0,1.6
11701,Compact Cars,Regular,Front-Wheel Drive,10.6325806451613,Renault,Manual 5-spd,4.0,1.4
11702,Minicompact Cars,Premium,Front-Wheel Drive,13.73375,MINI,Manual 6-spd,4.0,1.6
11703,Minicompact Cars,Premium,Front-Wheel Drive,13.73375,MINI,Manual 6-spd,4.0,1.6
11704,Minicompact Cars,Regular,Front-Wheel Drive,14.3308695652174,Mitsubishi,Manual 5-spd,4.0,2.4
11705,Minicompact Cars,Regular,Front-Wheel Drive,16.4805,Mitsubishi,Automatic (S4),4.0,2.4
11706,Minicompact Cars,Premium,Front-Wheel Drive,15.6957142857143,Mitsubishi,Manual 5-spd,6.0,3.0
11707,Minicompact Cars,Premium,Front-Wheel Drive,15.6957142857143,Mitsubishi,Manual 5-spd,6.0,3.0
11708,Minicompact Cars,Premium,Front-Wheel Drive,15.6957142857143,Mitsubishi,Automatic (S4),6.0,3.0
11709,Minicompact Cars,Premium,Front-Wheel Drive,16.4805,Mitsubishi,Automatic (S4),6.0,3.0
11710,Minicompact Cars,Premium,Rear-Wheel Drive,17.3478947368421,Porsche,Automatic 5-spd,6.0,3.6
11711,Minicompact Cars,Premium,Rear-Wheel Drive,17.3478947368421,Porsche,Automatic 5-spd,6.0,3.6
11712,Compact Cars,Regular,Front-Wheel Drive,14.3308695652174,Renault,Automatic 3-spd,4.0,1.7
11713,Minicompact Cars,Premium,Rear-Wheel Drive,17.3478947368421,Porsche,Manual 6-spd,6.0,3.6
11714,Minicompact Cars,Premium,Rear-Wheel Drive,17.3478947368421,Porsche,Automatic 5-spd,6.0,3.6
11715,Minicompact Cars,Premium,Rear-Wheel Drive,17.3478947368421,Porsche,Manual 6-spd,6.0,3.6
11716,Minicompact Cars,Premium,Rear-Wheel Drive,17.3478947368421,Porsche,Automatic 5-spd,6.0,3.6
11717,Minicompact Cars,Premium,Rear-Wheel Drive,17.3478947368421,Porsche,Automatic 5-spd,6.0,3.6
11718,Minicompact Cars,Premium,Rear-Wheel Drive,17.3478947368421,Porsche,Manual 6-spd,6.0,3.6
11719,Minicompact Cars,Premium,Rear-Wheel Drive,17.3478947368421,Porsche,Automatic 5-spd,6.0,3.6
11720,Minicompact Cars,Premium,Rear-Wheel Drive,17.3478947368421,Porsche,Manual 6-spd,6.0,3.6
11721,Minicompact Cars,Premium,Rear-Wheel Drive,17.3478947368421,Porsche,Automatic 5-spd,6.0,3.8
11722,Minicompact Cars,Premium,Rear-Wheel Drive,17.3478947368421,Porsche,Manual 6-spd,6.0,3.8
11723,Compact Cars,Regular,Front-Wheel Drive,11.3658620689655,Renault,Manual 5-spd,4.0,1.7
11724,Minicompact Cars,Premium,Rear-Wheel Drive,17.3478947368421,Porsche,Automatic 5-spd,6.0,3.8
11725,Minicompact Cars,Premium,Rear-Wheel Drive,17.3478947368421,Porsche,Manual 6-spd,6.0,3.8
11726,Minicompact Cars,Premium,4-Wheel or All-Wheel Drive,18.3116666666667,Porsche,Automatic 5-spd,6.0,3.6
11727,Minicompact Cars,Premium,4-Wheel or All-Wheel Drive,18.3116666666667,Porsche,Manual 6-spd,6.0,3.6
11728,Minicompact Cars,Premium,4-Wheel or All-Wheel Drive,18.3116666666667,Porsche,Automatic 5-spd,6.0,3.6
11729,Minicompact Cars,Premium,4-Wheel or All-Wheel Drive,18.3116666666667,Porsche,Manual 6-spd,6.0,3.6
11730,Minicompact Cars,Premium,4-Wheel or All-Wheel Drive,18.3116666666667,Porsche,Automatic 5-spd,6.0,3.6
11731,Minicompact Cars,Premium,4-Wheel or All-Wheel Drive,18.3116666666667,Porsche,Manual 6-spd,6.0,3.6
11732,Minicompact Cars,Premium,4-Wheel or All-Wheel Drive,18.3116666666667,Porsche,Automatic 5-spd,6.0,3.6
11733,Minicompact Cars,Premium,4-Wheel or All-Wheel Drive,18.3116666666667,Porsche,Manual 6-spd,6.0,3.6
11734,Compact Cars,Regular,Rear-Wheel Drive,41.20125,Rolls-Royce,Automatic 3-spd,8.0,6.8
11735,Minicompact Cars,Premium,4-Wheel or All-Wheel Drive,19.3888235294118,Porsche,Automatic 5-spd,6.0,3.6
11736,Minicompact Cars,Premium,4-Wheel or All-Wheel Drive,18.3116666666667,Porsche,Manual 6-spd,6.0,3.6
11737,Minicompact Cars,Premium,4-Wheel or All-Wheel Drive,19.3888235294118,Porsche,Automatic 5-spd,6.0,3.6
11738,Minicompact Cars,Premium,4-Wheel or All-Wheel Drive,18.3116666666667,Porsche,Manual 6-spd,6.0,3.6
11739,Minicompact Cars,Premium,Rear-Wheel Drive,17.3478947368421,Porsche,Automatic 5-spd,6.0,3.6
11740,Minicompact Cars,Premium,Rear-Wheel Drive,17.3478947368421,Porsche,Manual 6-spd,6.0,3.6
11741,Minicompact Cars,Premium,Rear-Wheel Drive,17.3478947368421,Porsche,Automatic 5-spd,6.0,3.6
11742,Minicompact Cars,Premium,Rear-Wheel Drive,17.3478947368421,Porsche,Manual 6-spd,6.0,3.6
11743,Minicompact Cars,Premium,4-Wheel or All-Wheel Drive,20.600625,Porsche,Automatic 5-spd,6.0,3.6
11744,Minicompact Cars,Premium,4-Wheel or All-Wheel Drive,20.600625,Porsche,Manual 6-spd,6.0,3.6
11745,Compact Cars,Regular,Front-Wheel Drive,18.3116666666667,Saab,Automatic 3-spd,4.0,2.0
11746,Minicompact Cars,Premium,4-Wheel or All-Wheel Drive,21.974,Porsche,Automatic 5-spd,6.0,3.6
11747,Minicompact Cars,Premium,4-Wheel or All-Wheel Drive,20.600625,Porsche,Manual 6-spd,6.0,3.6
11748,Minicompact Cars,Premium,4-Wheel or All-Wheel Drive,21.974,Porsche,Automatic 5-spd,6.0,3.6
11749,Minicompact Cars,Premium,4-Wheel or All-Wheel Drive,20.600625,Porsche,Manual 6-spd,6.0,3.6
11750,Minicompact Cars,Premium,4-Wheel or All-Wheel Drive,21.974,Porsche,Automatic 5-spd,6.0,3.6
11751,Minicompact Cars,Premium,4-Wheel or All-Wheel Drive,20.600625,Porsche,Manual 6-spd,6.0,3.6
11752,Minicompact Cars,Premium,4-Wheel or All-Wheel Drive,20.600625,Porsche,Automatic 5-spd,6.0,3.6
11753,Minicompact Cars,Premium,4-Wheel or All-Wheel Drive,20.600625,Porsche,Manual 6-spd,6.0,3.6
11754,Minicompact Cars,Premium,4-Wheel or All-Wheel Drive,20.600625,Porsche,Automatic 5-spd,6.0,3.6
11755,Minicompact Cars,Premium,4-Wheel or All-Wheel Drive,20.600625,Porsche,Manual 6-spd,6.0,3.6
11756,Compact Cars,Regular,Front-Wheel Drive,18.3116666666667,Saab,Automatic 3-spd,4.0,2.0
11757,Minicompact Cars,Premium,Front-Wheel Drive,13.73375,Volkswagen,Manual 5-spd,4.0,1.8
11758,Minicompact Cars,Premium,Front-Wheel Drive,14.9822727272727,Volkswagen,Automatic (S6),4.0,1.8
11759,Minicompact Cars,Regular,Front-Wheel Drive,13.73375,Volkswagen,Manual 5-spd,4.0,2.0
11760,Minicompact Cars,Regular,Front-Wheel Drive,14.9822727272727,Volkswagen,Automatic (S6),4.0,2.0
11761,Subcompact Cars,Regular,Front-Wheel Drive,12.6773076923077,Acura,Manual 5-spd,4.0,2.0
11762,Subcompact Cars,Premium,Front-Wheel Drive,14.3308695652174,Acura,Manual 6-spd,4.0,2.0
11763,Subcompact Cars,Regular,Front-Wheel Drive,13.1844,Acura,Automatic (S5),4.0,2.0
11764,Subcompact Cars,Premium,Front-Wheel Drive,14.3308695652174,Audi,Automatic (variable gear ratios),4.0,1.8
11765,Subcompact Cars,Premium,Front-Wheel Drive,15.6957142857143,Audi,Automatic (variable gear ratios),6.0,3.0
11766,Subcompact Cars,Premium,4-Wheel or All-Wheel Drive,17.3478947368421,Audi,Automatic (S5),6.0,3.0
11767,Compact Cars,Regular,Front-Wheel Drive,17.3478947368421,Saab,Manual 5-spd,4.0,2.0
11768,Subcompact Cars,Premium,4-Wheel or All-Wheel Drive,20.600625,Audi,Manual 6-spd,8.0,4.2
11769,Subcompact Cars,Premium,4-Wheel or All-Wheel Drive,20.600625,Audi,Automatic (S6),8.0,4.2
11770,Subcompact Cars,Premium,Rear-Wheel Drive,15.6957142857143,BMW,Manual 5-spd,6.0,2.5
11771,Subcompact Cars,Premium,Rear-Wheel Drive,16.4805,BMW,Automatic (S5),6.0,2.5
11772,Subcompact Cars,Premium,Rear-Wheel Drive,15.6957142857143,BMW,Manual 6-spd,6.0,3.0
11773,Subcompact Cars,Premium,Rear-Wheel Drive,16.4805,BMW,Automatic (S5),6.0,3.0
11774,Subcompact Cars,Premium,Rear-Wheel Drive,15.6957142857143,BMW,Automatic (S6),6.0,3.0
11775,Subcompact Cars,Premium,Rear-Wheel Drive,18.3116666666667,BMW,Manual 6-spd,8.0,4.4
11776,Subcompact Cars,Premium,Rear-Wheel Drive,17.3478947368421,BMW,Automatic (S6),8.0,4.4
11777,Subcompact Cars,Premium,Rear-Wheel Drive,19.3888235294118,BMW,Automatic (S6),8.0,4.4
11778,Subcompact Cars,Regular,Rear-Wheel Drive,14.9822727272727,Pontiac,Manual 4-spd,4.0,2.5
11779,Compact Cars,Regular,Front-Wheel Drive,16.4805,Saab,Manual 5-spd,4.0,2.0
11780,Subcompact Cars,Premium,Rear-Wheel Drive,20.600625,BMW,Manual 6-spd,8.0,4.4
11781,Subcompact Cars,Premium,Rear-Wheel Drive,17.3478947368421,BMW,Automatic (S6),8.0,4.4
11782,Subcompact Cars,Premium,Rear-Wheel Drive,20.600625,BMW,Automatic (S6),8.0,4.4
11783,Subcompact Cars,Premium,Rear-Wheel Drive,19.3888235294118,BMW,Manual 6-spd,6.0,3.2
11784,Subcompact Cars,Premium,Rear-Wheel Drive,19.3888235294118,BMW,Automatic (S6),6.0,3.2
11785,Subcompact Cars,Premium,Front-Wheel Drive,14.3308695652174,Chevrolet,Manual 5-spd,4.0,2.0
11786,Subcompact Cars,Regular,Front-Wheel Drive,13.73375,Chevrolet,Automatic 4-spd,4.0,2.2
11787,Subcompact Cars,Regular,Front-Wheel Drive,13.1844,Chevrolet,Manual 5-spd,4.0,2.2
11788,Subcompact Cars,Regular,Rear-Wheel Drive,17.3478947368421,Ford,Automatic 5-spd,6.0,4.0
11789,Subcompact Cars,Regular,Rear-Wheel Drive,16.4805,Ford,Manual 5-spd,6.0,4.0
11790,Compact Cars,Regular,Front-Wheel Drive,15.6957142857143,Saab,Manual 5-spd,4.0,2.0
11791,Subcompact Cars,Regular,Rear-Wheel Drive,18.3116666666667,Ford,Automatic 5-spd,8.0,4.6
11792,Subcompact Cars,Regular,Rear-Wheel Drive,18.3116666666667,Ford,Manual 5-spd,8.0,4.6
11793,Subcompact Cars,Regular,Front-Wheel Drive,14.9822727272727,Hyundai,Automatic 4-spd,4.0,2.0
11794,Subcompact Cars,Regular,Front-Wheel Drive,14.3308695652174,Hyundai,Manual 5-spd,4.0,2.0
11795,Subcompact Cars,Regular,Front-Wheel Drive,17.3478947368421,Hyundai,Automatic 4-spd,6.0,2.7
11796,Subcompact Cars,Regular,Front-Wheel Drive,16.4805,Hyundai,Manual 5-spd,6.0,2.7
11797,Subcompact Cars,Regular,Front-Wheel Drive,17.3478947368421,Hyundai,Manual 6-spd,6.0,2.7
11798,Subcompact Cars,Premium,Rear-Wheel Drive,17.3478947368421,Jaguar,Automatic 6-spd,8.0,4.2
11799,Subcompact Cars,Premium,Rear-Wheel Drive,19.3888235294118,Jaguar,Automatic 6-spd,8.0,4.2
11800,Subcompact Cars,Premium,Rear-Wheel Drive,27.4675,Maserati,Manual 6-spd,8.0,4.2
11801,Compact Cars,Regular,Front-Wheel Drive,13.1844,Subaru,Manual 5-spd,4.0,1.8
11802,Subcompact Cars,Premium,Rear-Wheel Drive,27.4675,Maserati,Automatic (S6),8.0,4.2
11803,Subcompact Cars,Premium,Rear-Wheel Drive,18.3116666666667,Mazda,Manual 6-spd,2.0,1.3
11804,Subcompact Cars,Premium,Rear-Wheel Drive,18.3116666666667,Mazda,Automatic (S4),2.0,1.3
11805,Subcompact Cars,Premium,Rear-Wheel Drive,15.6957142857143,Mercedes-Benz,Automatic 5-spd,6.0,3.2
11806,Subcompact Cars,Premium,Rear-Wheel Drive,16.4805,Mercedes-Benz,Automatic 5-spd,6.0,3.2
11807,Subcompact Cars,Premium,Rear-Wheel Drive,18.3116666666667,Mercedes-Benz,Automatic 7-spd,8.0,5.0
11808,Subcompact Cars,Premium,Rear-Wheel Drive,18.3116666666667,Mercedes-Benz,Automatic 7-spd,8.0,5.0
11809,Subcompact Cars,Premium,Rear-Wheel Drive,19.3888235294118,Mercedes-Benz,Automatic (S5),8.0,5.4
11810,Subcompact Cars,Premium,Rear-Wheel Drive,20.600625,Mercedes-Benz,Automatic (S5),8.0,5.4
11811,Subcompact Cars,Regular,Front-Wheel Drive,15.6957142857143,Mitsubishi,Automatic 4-spd,4.0,2.4
11812,Compact Cars,Regular,Front-Wheel Drive,15.6957142857143,Subaru,Automatic 3-spd,4.0,1.8
11813,Subcompact Cars,Regular,Front-Wheel Drive,14.3308695652174,Mitsubishi,Manual 5-spd,4.0,2.4
11814,Subcompact Cars,Regular,Front-Wheel Drive,15.6957142857143,Mitsubishi,Automatic (S4),4.0,2.4
11815,Subcompact Cars,Premium,Front-Wheel Drive,15.6957142857143,Mitsubishi,Manual 5-spd,6.0,3.0
11816,Subcompact Cars,Premium,Front-Wheel Drive,15.6957142857143,Mitsubishi,Manual 5-spd,6.0,3.0
11817,Subcompact Cars,Premium,Front-Wheel Drive,15.6957142857143,Mitsubishi,Automatic (S4),6.0,3.0
11818,Subcompact Cars,Premium,Front-Wheel Drive,15.6957142857143,Mitsubishi,Automatic (S4),6.0,3.0
11819,Subcompact Cars,Premium,Front-Wheel Drive,14.9822727272727,Saab,Manual 5-spd,4.0,2.0
11820,Subcompact Cars,Premium,Front-Wheel Drive,17.3478947368421,Saab,Automatic (S5),4.0,2.0
11821,Subcompact Cars,Premium,4-Wheel or All-Wheel Drive,16.4805,Subaru,Automatic 4-spd,4.0,2.0
11822,Subcompact Cars,Premium,4-Wheel or All-Wheel Drive,16.4805,Subaru,Manual 5-spd,4.0,2.0
11823,Compact Cars,Regular,Front-Wheel Drive,14.3308695652174,Subaru,Automatic 3-spd,4.0,1.8
11824,Subcompact Cars,Regular,4-Wheel or All-Wheel Drive,14.9822727272727,Subaru,Automatic 4-spd,4.0,2.5
11825,Subcompact Cars,Regular,4-Wheel or All-Wheel Drive,14.3308695652174,Subaru,Manual 5-spd,4.0,2.5
11826,Subcompact Cars,Premium,4-Wheel or All-Wheel Drive,18.3116666666667,Subaru,Manual 6-spd,4.0,2.5
11827,Subcompact Cars,Regular,Front-Wheel Drive,11.7717857142857,Toyota,Automatic 4-spd,4.0,1.8
11828,Subcompact Cars,Regular,Front-Wheel Drive,12.6773076923077,Toyota,Manual 5-spd,4.0,1.8
11829,Subcompact Cars,Premium,Front-Wheel Drive,13.1844,Toyota,Manual 6-spd,4.0,1.8
11830,Subcompact Cars,Premium,Front-Wheel Drive,13.73375,Toyota,Automatic (S4),4.0,1.8
11831,Subcompact Cars,Regular,Front-Wheel Drive,14.3308695652174,Scion,Automatic 4-spd,4.0,2.4
11832,Subcompact Cars,Regular,Front-Wheel Drive,14.9822727272727,Scion,Manual 5-spd,4.0,2.4
11833,Subcompact Cars,Regular,Front-Wheel Drive,10.987,Scion,Automatic 4-spd,4.0,1.5
11834,Compact Cars,Regular,Front-Wheel Drive,13.73375,Subaru,Manual 5-spd,4.0,1.8
11835,Subcompact Cars,Regular,Front-Wheel Drive,10.987,Scion,Manual 5-spd,4.0,1.5
11836,Subcompact Cars,Premium,Front-Wheel Drive,13.73375,Volkswagen,Manual 5-spd,4.0,1.8
11837,Subcompact Cars,Premium,Front-Wheel Drive,14.9822727272727,Volkswagen,Automatic (S6),4.0,1.8
11838,Subcompact Cars,Diesel,Front-Wheel Drive,10.9195714285714,Volkswagen,Manual 5-spd,4.0,1.9
11839,Subcompact Cars,Diesel,Front-Wheel Drive,11.5813636363636,Volkswagen,Automatic (S6),4.0,1.9
11840,Subcompact Cars,Regular,Front-Wheel Drive,13.73375,Volkswagen,Manual 5-spd,4.0,2.0
11841,Subcompact Cars,Regular,Front-Wheel Drive,14.3308695652174,Volkswagen,Automatic (S6),4.0,2.0
11842,Compact Cars,Premium,Front-Wheel Drive,14.9822727272727,Acura,Manual 6-spd,4.0,2.4
11843,Compact Cars,Premium,Front-Wheel Drive,14.3308695652174,Acura,Automatic (S5),4.0,2.4
11844,Compact Cars,Premium,Front-Wheel Drive,14.3308695652174,Audi,Automatic (variable gear ratios),4.0,1.8
11845,Compact Cars,Regular,4-Wheel or All-Wheel Drive,14.3308695652174,Subaru,Manual 5-spd,4.0,1.8
11846,Compact Cars,Premium,Front-Wheel Drive,14.3308695652174,Audi,Manual 5-spd,4.0,1.8
11847,Compact Cars,Premium,Front-Wheel Drive,14.9822727272727,Audi,Automatic (variable gear ratios),6.0,3.0
11848,Compact Cars,Premium,4-Wheel or All-Wheel Drive,14.9822727272727,Audi,Manual 6-spd,4.0,1.8
11849,Compact Cars,Premium,4-Wheel or All-Wheel Drive,15.6957142857143,Audi,Automatic (S5),4.0,1.8
11850,Compact Cars,Premium,4-Wheel or All-Wheel Drive,17.3478947368421,Audi,Manual 6-spd,6.0,3.0
11851,Compact Cars,Premium,4-Wheel or All-Wheel Drive,17.3478947368421,Audi,Automatic (S5),6.0,3.0
11852,Compact Cars,Premium,4-Wheel or All-Wheel Drive,20.600625,Audi,Manual 6-spd,8.0,4.2
11853,Compact Cars,Premium,4-Wheel or All-Wheel Drive,20.600625,Audi,Automatic (S6),8.0,4.2
11854,Compact Cars,Premium,4-Wheel or All-Wheel Drive,27.4675,Bentley,Automatic (S6),12.0,6.0
11855,Compact Cars,Premium,Rear-Wheel Drive,15.6957142857143,BMW,Manual 5-spd,6.0,2.5
11856,Compact Cars,Regular,Rear-Wheel Drive,27.4675,Texas Coach Company,Automatic 4-spd,8.0,5.0
11857,Compact Cars,Premium,Rear-Wheel Drive,16.4805,BMW,Automatic (S5),6.0,2.5
11858,Compact Cars,Premium,4-Wheel or All-Wheel Drive,16.4805,BMW,Manual 5-spd,6.0,2.5
11859,Compact Cars,Premium,4-Wheel or All-Wheel Drive,16.4805,BMW,Automatic (S5),6.0,2.5
11860,Compact Cars,Premium,Rear-Wheel Drive,15.6957142857143,BMW,Manual 6-spd,6.0,3.0
11861,Compact Cars,Premium,Rear-Wheel Drive,16.4805,BMW,Automatic (S5),6.0,3.0
11862,Compact Cars,Premium,Rear-Wheel Drive,15.6957142857143,BMW,Automatic (S6),6.0,3.0
11863,Compact Cars,Premium,4-Wheel or All-Wheel Drive,15.6957142857143,BMW,Manual 6-spd,6.0,3.0
11864,Compact Cars,Premium,4-Wheel or All-Wheel Drive,17.3478947368421,BMW,Automatic (S5),6.0,3.0
11865,Compact Cars,Regular,Front-Wheel Drive,12.6773076923077,Chevrolet,Automatic 4-spd,4.0,1.6
11866,Compact Cars,Regular,Front-Wheel Drive,12.2077777777778,Chevrolet,Manual 5-spd,4.0,1.6
11867,Compact Cars,Diesel,Front-Wheel Drive,13.1787931034483,Toyota,Automatic 4-spd,4.0,2.0
11868,Compact Cars,Regular,Front-Wheel Drive,12.6773076923077,Chevrolet,Automatic 4-spd,4.0,1.6
11869,Compact Cars,Regular,Front-Wheel Drive,12.2077777777778,Chevrolet,Manual 5-spd,4.0,1.6
11870,Compact Cars,Regular,Front-Wheel Drive,13.1844,Chevrolet,Automatic 4-spd,4.0,2.2
11871,Compact Cars,Regular,Front-Wheel Drive,12.6773076923077,Chevrolet,Manual 5-spd,4.0,2.2
11872,Compact Cars,Regular,Front-Wheel Drive,14.9822727272727,Chevrolet,Automatic 4-spd,4.0,2.0
11873,Compact Cars,Regular,Front-Wheel Drive,14.9822727272727,Chevrolet,Manual 5-spd,4.0,2.0
11874,Compact Cars,Regular,Front-Wheel Drive,14.9822727272727,Chevrolet,Automatic 4-spd,4.0,2.0
11875,Compact Cars,Regular,Front-Wheel Drive,14.9822727272727,Chevrolet,Manual 5-spd,4.0,2.0
11876,Compact Cars,Regular,Front-Wheel Drive,15.6957142857143,Chrysler,Automatic 4-spd,4.0,2.4
11877,Compact Cars,Regular,Front-Wheel Drive,13.73375,Chrysler,Manual 5-spd,4.0,2.4
11878,Compact Cars,Regular,Front-Wheel Drive,13.1844,Toyota,Automatic 4-spd,4.0,2.0
11879,Compact Cars,Premium,Front-Wheel Drive,15.6957142857143,Chrysler,Automatic 4-spd,6.0,3.0
11880,Compact Cars,Premium,Front-Wheel Drive,15.6957142857143,Chrysler,Manual 5-spd,6.0,3.0
11881,Compact Cars,Premium,Front-Wheel Drive,15.6957142857143,Chrysler,Automatic (S4),6.0,3.0
11882,Compact Cars,Regular,Front-Wheel Drive,14.9822727272727,Chrysler,Automatic 4-spd,4.0,2.4
11883,Compact Cars,Regular,Front-Wheel Drive,13.1844,Dodge,Automatic 4-spd,4.0,2.0
11884,Compact Cars,Regular,Front-Wheel Drive,11.7717857142857,Dodge,Manual 5-spd,4.0,2.0
11885,Compact Cars,Premium,Front-Wheel Drive,14.9822727272727,Dodge,Manual 5-spd,4.0,2.4
11886,Compact Cars,Regular,Front-Wheel Drive,15.6957142857143,Dodge,Automatic 4-spd,4.0,2.4
11887,Compact Cars,Regular,Front-Wheel Drive,13.73375,Dodge,Manual 5-spd,4.0,2.4
11888,Compact Cars,Premium,Front-Wheel Drive,15.6957142857143,Dodge,Automatic 4-spd,6.0,3.0
11889,Subcompact Cars,Regular,Rear-Wheel Drive,13.73375,Pontiac,Manual 5-spd,4.0,2.5
11890,Compact Cars,Regular,Front-Wheel Drive,12.2077777777778,Toyota,Manual 5-spd,4.0,2.0
11891,Compact Cars,Premium,Front-Wheel Drive,15.6957142857143,Dodge,Manual 5-spd,6.0,3.0
11892,Compact Cars,Premium,Front-Wheel Drive,15.6957142857143,Dodge,Automatic (S4),6.0,3.0
11893,Compact Cars,Regular,Front-Wheel Drive,13.1844,Ford,Automatic 4-spd,4.0,2.0
11894,Compact Cars,Regular,Front-Wheel Drive,12.6773076923077,Ford,Manual 5-spd,4.0,2.0
11895,Compact Cars,Regular,Front-Wheel Drive,14.3308695652174,Ford,Manual 5-spd,4.0,2.3
11896,Compact Cars,Regular,Front-Wheel Drive,10.3003125,Honda,Automatic (variable gear ratios),4.0,1.7
11897,Compact Cars,Regular,Front-Wheel Drive,11.3658620689655,Honda,Automatic 4-spd,4.0,1.7
11898,Compact Cars,Regular,Front-Wheel Drive,10.987,Honda,Automatic 4-spd,4.0,1.7
11899,Compact Cars,Regular,Front-Wheel Drive,10.987,Honda,Manual 5-spd,4.0,1.7
11900,Compact Cars,Regular,Front-Wheel Drive,9.69441176470588,Honda,Manual 5-spd,4.0,1.7
11901,Compact Cars,Regular,Front-Wheel Drive,12.6773076923077,Toyota,Automatic 3-spd,4.0,1.6
11902,Compact Cars,Regular,Front-Wheel Drive,10.987,Honda,Manual 5-spd,4.0,1.7
11903,Compact Cars,Regular,Front-Wheel Drive,13.1844,Honda,Manual 5-spd,4.0,2.0
11904,Compact Cars,Regular,Front-Wheel Drive,8.24025,Honda,Automatic (variable gear ratios),4.0,1.3
11905,Compact Cars,Regular,Front-Wheel Drive,8.03926829268293,Honda,Automatic (variable gear ratios),4.0,1.3
11906,Compact Cars,Regular,Front-Wheel Drive,8.24025,Honda,Manual 5-spd,4.0,1.3
11907,Compact Cars,Regular,Front-Wheel Drive,8.03926829268293,Honda,Manual 5-spd,4.0,1.3
11908,Compact Cars,Regular,Front-Wheel Drive,12.6773076923077,Hyundai,Automatic 4-spd,4.0,1.5
11909,Compact Cars,Regular,Front-Wheel Drive,11.7717857142857,Hyundai,Manual 5-spd,4.0,1.5
11910,Compact Cars,Regular,Front-Wheel Drive,12.6773076923077,Hyundai,Automatic 4-spd,4.0,1.6
11911,Compact Cars,Regular,Front-Wheel Drive,12.2077777777778,Hyundai,Manual 5-spd,4.0,1.6
11912,Compact Cars,Regular,Front-Wheel Drive,12.2077777777778,Toyota,Automatic 4-spd,4.0,1.6
11913,Compact Cars,Premium,Rear-Wheel Drive,16.4805,Infiniti,Manual 6-spd,6.0,3.5
11914,Compact Cars,Regular,Rear-Wheel Drive,17.3478947368421,Infiniti,Automatic (S5),6.0,3.5
11915,Compact Cars,Regular,4-Wheel or All-Wheel Drive,18.3116666666667,Infiniti,Automatic (S5),6.0,3.5
11916,Compact Cars,Premium,Rear-Wheel Drive,17.3478947368421,Infiniti,Automatic (S5),6.0,3.5
11917,Compact Cars,Premium,4-Wheel or All-Wheel Drive,17.3478947368421,Jaguar,Automatic 5-spd,6.0,2.5
11918,Compact Cars,Premium,4-Wheel or All-Wheel Drive,16.4805,Jaguar,Manual 5-spd,6.0,2.5
11919,Compact Cars,Premium,4-Wheel or All-Wheel Drive,18.3116666666667,Jaguar,Automatic 5-spd,6.0,3.0
11920,Compact Cars,Premium,4-Wheel or All-Wheel Drive,17.3478947368421,Jaguar,Manual 5-spd,6.0,3.0
11921,Compact Cars,Regular,Front-Wheel Drive,13.73375,Kia,Automatic 4-spd,4.0,1.6
11922,Compact Cars,Regular,Front-Wheel Drive,13.1844,Kia,Manual 5-spd,4.0,1.6
11923,Compact Cars,Regular,Front-Wheel Drive,11.3658620689655,Toyota,Manual 5-spd,4.0,1.6
11924,Compact Cars,Premium,Rear-Wheel Drive,18.3116666666667,Lexus,Manual 5-spd,6.0,3.0
11925,Compact Cars,Premium,Rear-Wheel Drive,18.3116666666667,Lexus,Automatic (S5),6.0,3.0
11926,Compact Cars,Regular,Front-Wheel Drive,12.2077777777778,Mazda,Manual 5-spd,4.0,2.0
11927,Compact Cars,Regular,Front-Wheel Drive,12.6773076923077,Mazda,Automatic (S4),4.0,2.0
11928,Compact Cars,Regular,Front-Wheel Drive,13.1844,Mazda,Manual 5-spd,4.0,2.3
11929,Compact Cars,Regular,Front-Wheel Drive,14.3308695652174,Mazda,Automatic (S4),4.0,2.3
11930,Compact Cars,Premium,Rear-Wheel Drive,13.73375,Mercedes-Benz,Automatic 5-spd,4.0,1.8
11931,Compact Cars,Premium,Rear-Wheel Drive,14.3308695652174,Mercedes-Benz,Manual 6-spd,4.0,1.8
11932,Compact Cars,Premium,Rear-Wheel Drive,13.73375,Mercedes-Benz,Automatic 5-spd,4.0,1.8
11933,Compact Cars,Premium,Rear-Wheel Drive,14.3308695652174,Mercedes-Benz,Manual 6-spd,4.0,1.8
11934,Compact Cars,Premium,Rear-Wheel Drive,18.3116666666667,Toyota,Automatic 4-spd,6.0,2.8
11935,Compact Cars,Premium,4-Wheel or All-Wheel Drive,17.3478947368421,Mercedes-Benz,Automatic 5-spd,6.0,2.6
11936,Compact Cars,Premium,Rear-Wheel Drive,17.3478947368421,Mercedes-Benz,Manual 6-spd,6.0,3.2
11937,Compact Cars,Premium,4-Wheel or All-Wheel Drive,16.4805,Mercedes-Benz,Automatic 5-spd,6.0,3.2
11938,Compact Cars,Premium,Rear-Wheel Drive,18.3116666666667,Mercedes-Benz,Manual 6-spd,6.0,3.2
11939,Compact Cars,Premium,Rear-Wheel Drive,20.600625,Mercedes-Benz,Automatic (S5),8.0,5.4
11940,Compact Cars,Premium,Rear-Wheel Drive,19.3888235294118,Mercedes-Benz,Automatic 7-spd,8.0,5.0
11941,Compact Cars,Premium,Rear-Wheel Drive,21.974,Mercedes-Benz,Automatic (S5),8.0,5.4
11942,Compact Cars,Premium,Rear-Wheel Drive,23.5435714285714,Mercedes-Benz,Automatic 5-spd,12.0,5.5
11943,Compact Cars,Premium,Rear-Wheel Drive,25.3546153846154,Mercedes-Benz,Automatic (S5),12.0,6.0
11944,Compact Cars,Regular,Front-Wheel Drive,13.73375,Mitsubishi,Automatic 4-spd,4.0,2.0
11945,Compact Cars,Premium,Rear-Wheel Drive,17.3478947368421,Toyota,Manual 5-spd,6.0,2.8
11946,Compact Cars,Regular,Front-Wheel Drive,12.6773076923077,Mitsubishi,Manual 5-spd,4.0,2.0
11947,Compact Cars,Regular,Front-Wheel Drive,14.9822727272727,Mitsubishi,Automatic 4-spd,4.0,2.4
11948,Compact Cars,Regular,Front-Wheel Drive,14.3308695652174,Mitsubishi,Manual 5-spd,4.0,2.4
11949,Compact Cars,Premium,4-Wheel or All-Wheel Drive,17.3478947368421,Mitsubishi,Manual 5-spd,4.0,2.0
11950,Compact Cars,Premium,4-Wheel or All-Wheel Drive,17.3478947368421,Mitsubishi,Manual 6-spd,4.0,2.0
11951,Compact Cars,Regular,Front-Wheel Drive,12.2077777777778,Nissan,Automatic 4-spd,4.0,1.8
11952,Compact Cars,Regular,Front-Wheel Drive,12.2077777777778,Nissan,Manual 5-spd,4.0,1.8
11953,Compact Cars,Regular,Front-Wheel Drive,14.9822727272727,Nissan,Automatic 4-spd,4.0,2.5
11954,Compact Cars,Regular,Front-Wheel Drive,14.3308695652174,Nissan,Manual 6-spd,4.0,2.5
11955,Compact Cars,Regular,Front-Wheel Drive,14.3308695652174,Pontiac,Automatic 4-spd,6.0,3.5
11956,Compact Cars,Diesel,Front-Wheel Drive,10.9195714285714,Volkswagen,Manual 5-spd,4.0,1.6
11957,Compact Cars,Regular,Front-Wheel Drive,15.6957142857143,Pontiac,Automatic (S4),6.0,3.5
11958,Compact Cars,Regular,Front-Wheel Drive,13.1844,Pontiac,Automatic 4-spd,4.0,2.2
11959,Compact Cars,Regular,Front-Wheel Drive,15.6957142857143,Pontiac,Automatic 4-spd,6.0,3.4
11960,Compact Cars,Premium,Rear-Wheel Drive,18.3116666666667,Pontiac,Manual 6-spd,8.0,6.0
11961,Compact Cars,Regular,Front-Wheel Drive,13.1844,Pontiac,Automatic 4-spd,4.0,2.2
11962,Compact Cars,Regular,Front-Wheel Drive,12.6773076923077,Pontiac,Manual 5-spd,4.0,2.2
11963,Compact Cars,Regular,Front-Wheel Drive,12.6773076923077,Pontiac,Automatic 4-spd,4.0,1.6
11964,Compact Cars,Regular,Front-Wheel Drive,12.2077777777778,Pontiac,Manual 5-spd,4.0,1.6
11965,Compact Cars,Regular,Front-Wheel Drive,12.6773076923077,Pontiac,Automatic 4-spd,4.0,1.6
11966,Compact Cars,Regular,Front-Wheel Drive,12.2077777777778,Pontiac,Manual 5-spd,4.0,1.6
11967,Compact Cars,Regular,Front-Wheel Drive,14.9822727272727,Volkswagen,Automatic 3-spd,4.0,1.8
11968,Compact Cars,Premium,Front-Wheel Drive,14.3308695652174,Saab,Manual 5-spd,4.0,2.0
11969,Compact Cars,Regular,Front-Wheel Drive,14.9822727272727,Saab,Manual 5-spd,4.0,2.0
11970,Compact Cars,Premium,Front-Wheel Drive,14.9822727272727,Saab,Automatic (S5),4.0,2.0
11971,Compact Cars,Regular,Front-Wheel Drive,14.9822727272727,Saab,Automatic (S5),4.0,2.0
11972,Compact Cars,Premium,Front-Wheel Drive,14.3308695652174,Saturn,Manual 5-spd,4.0,2.0
11973,Compact Cars,Regular,Front-Wheel Drive,13.73375,Saturn,Automatic 4-spd,4.0,2.2
11974,Compact Cars,Regular,Front-Wheel Drive,12.6773076923077,Saturn,Manual 5-spd,4.0,2.2
11975,Compact Cars,Premium,4-Wheel or All-Wheel Drive,17.3478947368421,Subaru,Manual 5-spd,4.0,2.5
11976,Compact Cars,Regular,4-Wheel or All-Wheel Drive,14.3308695652174,Subaru,Manual 5-spd,4.0,2.5
11977,Compact Cars,Regular,4-Wheel or All-Wheel Drive,14.3308695652174,Subaru,Automatic (S4),4.0,2.5
11978,Compact Cars,Regular,Front-Wheel Drive,12.6773076923077,Volkswagen,Manual 5-spd,4.0,1.8
11979,Compact Cars,Premium,4-Wheel or All-Wheel Drive,17.3478947368421,Subaru,Automatic (S5),4.0,2.5
11980,Compact Cars,Regular,Front-Wheel Drive,13.73375,Suzuki,Automatic 4-spd,4.0,2.3
11981,Compact Cars,Regular,Front-Wheel Drive,13.73375,Suzuki,Manual 5-spd,4.0,2.3
11982,Compact Cars,Regular,4-Wheel or All-Wheel Drive,14.3308695652174,Suzuki,Automatic 4-spd,4.0,2.3
11983,Compact Cars,Regular,Front-Wheel Drive,14.9822727272727,Suzuki,Automatic 4-spd,4.0,2.0
11984,Compact Cars,Regular,Front-Wheel Drive,14.9822727272727,Suzuki,Manual 5-spd,4.0,2.0
11985,Compact Cars,Regular,Front-Wheel Drive,14.9822727272727,Suzuki,Automatic 4-spd,4.0,2.0
11986,Compact Cars,Regular,Front-Wheel Drive,14.9822727272727,Suzuki,Manual 5-spd,4.0,2.0
11987,Compact Cars,Regular,Front-Wheel Drive,12.6773076923077,Suzuki,Automatic 4-spd,4.0,1.6
11988,Compact Cars,Regular,Front-Wheel Drive,12.2077777777778,Suzuki,Manual 5-spd,4.0,1.6
11989,Compact Cars,Regular,Front-Wheel Drive,13.1844,Volkswagen,Manual 5-spd,4.0,1.8
11990,Compact Cars,Regular,Front-Wheel Drive,12.6773076923077,Suzuki,Automatic 4-spd,4.0,1.6
11991,Compact Cars,Regular,Front-Wheel Drive,12.2077777777778,Suzuki,Manual 5-spd,4.0,1.6
11992,Compact Cars,Regular,Front-Wheel Drive,13.73375,Toyota,Automatic 4-spd,4.0,2.4
11993,Compact Cars,Regular,Front-Wheel Drive,13.73375,Toyota,Manual 5-spd,4.0,2.4
11994,Compact Cars,Regular,Front-Wheel Drive,15.6957142857143,Toyota,Automatic (S5),6.0,3.3
11995,Compact Cars,Regular,Front-Wheel Drive,15.6957142857143,Toyota,Automatic (S5),6.0,3.3
11996,Compact Cars,Regular,Front-Wheel Drive,11.3658620689655,Toyota,Automatic 4-spd,4.0,1.8
11997,Compact Cars,Regular,Front-Wheel Drive,10.6325806451613,Toyota,Manual 5-spd,4.0,1.8
11998,Compact Cars,Premium,Front-Wheel Drive,13.1844,Toyota,Manual 6-spd,4.0,1.8
11999,Compact Cars,Regular,Front-Wheel Drive,10.6325806451613,Toyota,Automatic 4-spd,4.0,1.5
12000,Subcompact Cars,Regular,Rear-Wheel Drive,17.3478947368421,Pontiac,Automatic 4-spd,6.0,2.8
12001,Compact Cars,Diesel,Front-Wheel Drive,11.2407352941176,Volkswagen,Manual 5-spd,4.0,1.6
12002,Compact Cars,Regular,Front-Wheel Drive,9.98818181818182,Toyota,Manual 5-spd,4.0,1.5
12003,Compact Cars,Diesel,Front-Wheel Drive,10.9195714285714,Volkswagen,Manual 5-spd,4.0,1.9
12004,Compact Cars,Diesel,Front-Wheel Drive,11.94328125,Volkswagen,Automatic (S5),4.0,1.9
12005,Compact Cars,Regular,Front-Wheel Drive,13.73375,Volkswagen,Automatic 4-spd,4.0,2.0
12006,Compact Cars,Regular,Front-Wheel Drive,13.73375,Volkswagen,Manual 5-spd,4.0,2.0
12007,Compact Cars,Premium,Front-Wheel Drive,13.73375,Volkswagen,Manual 5-spd,4.0,1.8
12008,Compact Cars,Premium,Front-Wheel Drive,14.9822727272727,Volkswagen,Automatic (S5),4.0,1.8
12009,Compact Cars,Premium,Front-Wheel Drive,14.9822727272727,Volkswagen,Manual 6-spd,6.0,2.8
12010,Compact Cars,Premium,Front-Wheel Drive,13.73375,Volkswagen,Manual 5-spd,4.0,1.8
12011,Compact Cars,Premium,Front-Wheel Drive,14.9822727272727,Volkswagen,Manual 6-spd,4.0,1.8
12012,Compact Cars,Diesel,Front-Wheel Drive,10.9195714285714,Volkswagen,Manual 5-spd,4.0,1.6
12013,Compact Cars,Premium,Front-Wheel Drive,14.9822727272727,Volkswagen,Automatic (S5),4.0,1.8
12014,Compact Cars,Diesel,Front-Wheel Drive,10.9195714285714,Volkswagen,Manual 5-spd,4.0,1.9
12015,Compact Cars,Diesel,Front-Wheel Drive,11.94328125,Volkswagen,Automatic (S5),4.0,1.9
12016,Compact Cars,Regular,Front-Wheel Drive,13.73375,Volkswagen,Automatic 4-spd,4.0,2.0
12017,Compact Cars,Regular,Front-Wheel Drive,13.73375,Volkswagen,Manual 5-spd,4.0,2.0
12018,Compact Cars,Premium,4-Wheel or All-Wheel Drive,14.9822727272727,Volkswagen,Manual 5-spd,4.0,1.8
12019,Compact Cars,Premium,4-Wheel or All-Wheel Drive,15.6957142857143,Volkswagen,Automatic (S5),4.0,1.8
12020,Compact Cars,Premium,4-Wheel or All-Wheel Drive,17.3478947368421,Volkswagen,Automatic (S5),6.0,2.8
12021,Compact Cars,Premium,4-Wheel or All-Wheel Drive,16.4805,Volvo,Manual 6-spd,5.0,2.5
12022,Compact Cars,Premium,4-Wheel or All-Wheel Drive,16.4805,Volvo,Automatic (S5),5.0,2.5
12023,Compact Cars,Regular,Front-Wheel Drive,14.9822727272727,Volkswagen,Automatic 3-spd,4.0,1.8
12024,Compact Cars,Premium,Front-Wheel Drive,14.9822727272727,Volvo,Manual 5-spd,5.0,2.4
12025,Compact Cars,Premium,Front-Wheel Drive,14.9822727272727,Volvo,Automatic (S5),5.0,2.4
12026,Compact Cars,Premium,Front-Wheel Drive,14.9822727272727,Volvo,Manual 6-spd,5.0,2.5
12027,Compact Cars,Premium,Front-Wheel Drive,14.9822727272727,Volvo,Automatic (S5),5.0,2.5
12028,Compact Cars,Premium,4-Wheel or All-Wheel Drive,16.4805,Volvo,Automatic (S5),5.0,2.5
12029,Compact Cars,Premium,Front-Wheel Drive,14.9822727272727,Volvo,Automatic 5-spd,5.0,2.4
12030,Compact Cars,Premium,Front-Wheel Drive,14.9822727272727,Volvo,Manual 5-spd,5.0,2.4
12031,Compact Cars,Premium,Front-Wheel Drive,15.6957142857143,Volvo,Manual 6-spd,5.0,2.4
12032,Compact Cars,Premium,Front-Wheel Drive,15.6957142857143,Volvo,Automatic (S5),5.0,2.4
12033,Compact Cars,Premium,Front-Wheel Drive,14.9822727272727,Volvo,Automatic 5-spd,5.0,2.5
12034,Compact Cars,Regular,Front-Wheel Drive,12.6773076923077,Volkswagen,Manual 5-spd,4.0,1.8
12035,Compact Cars,Premium,4-Wheel or All-Wheel Drive,17.3478947368421,Volvo,Manual 6-spd,5.0,2.5
12036,Compact Cars,Premium,4-Wheel or All-Wheel Drive,18.3116666666667,Volvo,Automatic (S5),5.0,2.5
12037,Midsize Cars,Premium,4-Wheel or All-Wheel Drive,17.3478947368421,Acura,Automatic (S5),6.0,3.5
12038,Midsize Cars,Premium,Front-Wheel Drive,15.6957142857143,Acura,Manual 6-spd,6.0,3.2
12039,Midsize Cars,Premium,Front-Wheel Drive,15.6957142857143,Acura,Automatic (S5),6.0,3.2
12040,Midsize Cars,Premium,4-Wheel or All-Wheel Drive,18.3116666666667,Audi,Automatic (S6),8.0,4.2
12041,Midsize Cars,Premium,Rear-Wheel Drive,29.9645454545455,Bentley,Automatic 4-spd,8.0,6.8
12042,Midsize Cars,Premium,Rear-Wheel Drive,16.4805,BMW,Manual 6-spd,6.0,2.5
12043,Midsize Cars,Premium,Rear-Wheel Drive,16.4805,BMW,Automatic (S6),6.0,2.5
12044,Compact Cars,Regular,Front-Wheel Drive,14.9822727272727,Volkswagen,Automatic 3-spd,4.0,1.8
12045,Midsize Cars,Premium,Rear-Wheel Drive,15.6957142857143,BMW,Manual 6-spd,6.0,3.0
12046,Midsize Cars,Premium,Rear-Wheel Drive,15.6957142857143,BMW,Automatic (S6),6.0,3.0
12047,Midsize Cars,Premium,Rear-Wheel Drive,16.4805,BMW,Automatic (S6),6.0,3.0
12048,Midsize Cars,Premium,Rear-Wheel Drive,18.3116666666667,BMW,Manual 6-spd,8.0,4.4
12049,Midsize Cars,Premium,Rear-Wheel Drive,17.3478947368421,BMW,Automatic (S6),8.0,4.4
12050,Midsize Cars,Premium,Rear-Wheel Drive,19.3888235294118,BMW,Automatic (S6),8.0,4.4
12051,Midsize Cars,Regular,Front-Wheel Drive,15.6957142857143,Buick,Automatic 4-spd,6.0,3.1
12052,Midsize Cars,Regular,Front-Wheel Drive,16.4805,Buick,Automatic 4-spd,6.0,3.6
12053,Midsize Cars,Regular,Front-Wheel Drive,15.6957142857143,Buick,Automatic 4-spd,6.0,3.8
12054,Midsize Cars,Regular,Rear-Wheel Drive,17.3478947368421,Cadillac,Manual 6-spd,6.0,2.8
12055,Compact Cars,Regular,Front-Wheel Drive,13.1844,Volkswagen,Manual 5-spd,4.0,1.8
12056,Midsize Cars,Regular,Rear-Wheel Drive,17.3478947368421,Cadillac,Automatic 5-spd,6.0,3.6
12057,Midsize Cars,Regular,Rear-Wheel Drive,18.3116666666667,Cadillac,Manual 6-spd,6.0,3.6
12058,Midsize Cars,Premium,Rear-Wheel Drive,20.600625,Cadillac,Manual 6-spd,8.0,5.7
12059,Midsize Cars,Regular,Rear-Wheel Drive,18.3116666666667,Cadillac,Automatic (S5),6.0,3.6
12060,Midsize Cars,Premium,Rear-Wheel Drive,18.3116666666667,Cadillac,Automatic (S5),8.0,4.6
12061,Midsize Cars,Premium,4-Wheel or All-Wheel Drive,19.3888235294118,Cadillac,Automatic (S5),8.0,4.6
12062,Midsize Cars,Regular,Front-Wheel Drive,13.1844,Chevrolet,Automatic 4-spd,4.0,2.2
12063,Midsize Cars,Regular,Front-Wheel Drive,15.6957142857143,Chevrolet,Automatic 4-spd,6.0,2.5
12064,Midsize Cars,Regular,Front-Wheel Drive,13.1844,Chevrolet,Automatic 4-spd,4.0,2.2
12065,Midsize Cars,Regular,Front-Wheel Drive,14.3308695652174,Chevrolet,Automatic 4-spd,6.0,3.5
12066,Compact Cars,Regular,Front-Wheel Drive,18.3116666666667,Volkswagen,Automatic 3-spd,5.0,2.2
12067,Midsize Cars,Regular,Front-Wheel Drive,14.9822727272727,Chevrolet,Automatic 4-spd,6.0,3.4
12068,Midsize Cars,Premium,Front-Wheel Drive,16.4805,Chevrolet,Automatic 4-spd,6.0,3.8
12069,Midsize Cars,Regular,Front-Wheel Drive,15.6957142857143,Chevrolet,Automatic 4-spd,6.0,3.8
12070,Midsize Cars,Regular,Front-Wheel Drive,14.9822727272727,Chrysler,Automatic 4-spd,4.0,2.4
12071,Midsize Cars,Regular,Front-Wheel Drive,14.9822727272727,Dodge,Automatic 4-spd,4.0,2.4
12072,Midsize Cars,Premium,Rear-Wheel Drive,27.4675,Ferrari,Manual 6-spd,12.0,5.7
12073,Midsize Cars,Premium,Rear-Wheel Drive,29.9645454545455,Ferrari,Automatic (S6),12.0,5.7
12074,Midsize Cars,Regular,Front-Wheel Drive,13.73375,Honda,Automatic 5-spd,4.0,2.4
12075,Midsize Cars,Regular,Front-Wheel Drive,12.6773076923077,Honda,Manual 5-spd,4.0,2.4
12076,Midsize Cars,Regular,Front-Wheel Drive,14.9822727272727,Honda,Automatic 5-spd,6.0,3.0
12077,Compact Cars,Regular,Front-Wheel Drive,17.3478947368421,Volkswagen,Manual 5-spd,5.0,2.2
12078,Midsize Cars,Regular,Front-Wheel Drive,15.6957142857143,Honda,Manual 6-spd,6.0,3.0
12079,Midsize Cars,Regular,Front-Wheel Drive,13.73375,Hyundai,Automatic 4-spd,4.0,2.0
12080,Midsize Cars,Regular,Front-Wheel Drive,12.6773076923077,Hyundai,Manual 5-spd,4.0,2.0
12081,Midsize Cars,Regular,Front-Wheel Drive,14.9822727272727,Hyundai,Automatic 4-spd,4.0,2.4
12082,Midsize Cars,Regular,Front-Wheel Drive,14.3308695652174,Hyundai,Manual 5-spd,4.0,2.4
12083,Midsize Cars,Regular,Front-Wheel Drive,16.4805,Hyundai,Automatic 4-spd,6.0,2.7
12084,Midsize Cars,Regular,Front-Wheel Drive,16.4805,Hyundai,Manual 5-spd,6.0,2.7
12085,Midsize Cars,Regular,Front-Wheel Drive,17.3478947368421,Hyundai,Automatic 5-spd,6.0,3.5
12086,Midsize Cars,Premium,Rear-Wheel Drive,18.3116666666667,Infiniti,Automatic (S5),8.0,4.5
12087,Midsize Cars,Premium,Rear-Wheel Drive,17.3478947368421,Jaguar,Automatic 6-spd,6.0,3.0
12088,Compact Cars,Regular,Rear-Wheel Drive,16.4805,Volvo,Automatic 4-spd,4.0,2.3
12089,Midsize Cars,Premium,Rear-Wheel Drive,17.3478947368421,Jaguar,Manual 5-spd,6.0,3.0
12090,Midsize Cars,Premium,Rear-Wheel Drive,17.3478947368421,Jaguar,Automatic 6-spd,8.0,4.2
12091,Midsize Cars,Premium,Rear-Wheel Drive,18.3116666666667,Jaguar,Automatic 6-spd,8.0,4.2
12092,Midsize Cars,Premium,4-Wheel or All-Wheel Drive,17.3478947368421,Jaguar,Automatic 5-spd,6.0,2.5
12093,Midsize Cars,Premium,4-Wheel or All-Wheel Drive,16.4805,Jaguar,Manual 5-spd,6.0,2.5
12094,Midsize Cars,Premium,4-Wheel or All-Wheel Drive,18.3116666666667,Jaguar,Automatic 5-spd,6.0,3.0
12095,Midsize Cars,Premium,4-Wheel or All-Wheel Drive,17.3478947368421,Jaguar,Manual 5-spd,6.0,3.0
12096,Midsize Cars,Regular,Front-Wheel Drive,14.9822727272727,Kia,Automatic 4-spd,4.0,2.4
12097,Midsize Cars,Regular,Front-Wheel Drive,14.3308695652174,Kia,Manual 5-spd,4.0,2.4
12098,Midsize Cars,Regular,Front-Wheel Drive,15.6957142857143,Kia,Automatic 4-spd,6.0,2.7
12099,Compact Cars,Regular,Rear-Wheel Drive,14.9822727272727,Volvo,Manual 4-spd,4.0,2.3
12100,Midsize Cars,Regular,Front-Wheel Drive,15.6957142857143,Kia,Manual 5-spd,6.0,2.7
12101,Midsize Cars,Regular,Front-Wheel Drive,13.1844,Kia,Automatic 4-spd,4.0,2.0
12102,Midsize Cars,Regular,Front-Wheel Drive,13.1844,Kia,Manual 5-spd,4.0,2.0
12103,Midsize Cars,Regular,Front-Wheel Drive,15.6957142857143,Lexus,Automatic 5-spd,6.0,3.3
12104,Midsize Cars,Premium,Rear-Wheel Drive,17.3478947368421,Lexus,Automatic (S5),6.0,3.0
12105,Midsize Cars,Premium,Rear-Wheel Drive,18.3116666666667,Lexus,Automatic 5-spd,8.0,4.3
12106,Midsize Cars,Premium,Rear-Wheel Drive,16.4805,Lincoln,Automatic 5-spd,6.0,3.0
12107,Midsize Cars,Premium,Rear-Wheel Drive,16.4805,Lincoln,Automatic (S5),6.0,3.0
12108,Midsize Cars,Premium,Rear-Wheel Drive,18.3116666666667,Lincoln,Automatic 5-spd,8.0,3.9
12109,Midsize Cars,Premium,Rear-Wheel Drive,18.3116666666667,Lincoln,Automatic (S5),8.0,3.9
12110,Subcompact Cars,Regular,Rear-Wheel Drive,17.3478947368421,Pontiac,Manual 5-spd,6.0,2.8
12111,Compact Cars,Regular,Front-Wheel Drive,16.4805,Dodge,Manual 5-spd,4.0,2.2
12112,Midsize Cars,Regular,Front-Wheel Drive,16.4805,Mercury,Automatic 4-spd,6.0,3.0
12113,Midsize Cars,Regular,Front-Wheel Drive,16.4805,Mercury,Automatic 4-spd,6.0,3.0
12114,Midsize Cars,Regular,Front-Wheel Drive,14.3308695652174,Mazda,Manual 5-spd,4.0,2.3
12115,Midsize Cars,Regular,Front-Wheel Drive,14.9822727272727,Mazda,Automatic (S4),4.0,2.3
12116,Midsize Cars,Regular,Front-Wheel Drive,16.4805,Mazda,Manual 5-spd,6.0,3.0
12117,Midsize Cars,Regular,Front-Wheel Drive,16.4805,Mazda,Automatic (S6),6.0,3.0
12118,Midsize Cars,Premium,Rear-Wheel Drive,16.4805,Mercedes-Benz,Automatic 5-spd,6.0,3.2
12119,Midsize Cars,Premium,4-Wheel or All-Wheel Drive,17.3478947368421,Mercedes-Benz,Automatic 5-spd,6.0,3.2
12120,Midsize Cars,Diesel,Rear-Wheel Drive,14.155,Mercedes-Benz,Automatic 5-spd,6.0,3.2
12121,Midsize Cars,Premium,Rear-Wheel Drive,18.3116666666667,Mercedes-Benz,Automatic 7-spd,8.0,5.0
12122,Midsize Cars,Regular,4-Wheel or All-Wheel Drive,18.3116666666667,Audi,Manual 5-spd,5.0,2.2
12123,Midsize Cars,Premium,4-Wheel or All-Wheel Drive,20.600625,Mercedes-Benz,Automatic 5-spd,8.0,5.0
12124,Midsize Cars,Premium,Rear-Wheel Drive,21.974,Mercedes-Benz,Automatic (S5),8.0,5.4
12125,Midsize Cars,Premium,Front-Wheel Drive,18.3116666666667,Mitsubishi,Automatic 4-spd,6.0,3.5
12126,Midsize Cars,Regular,Front-Wheel Drive,14.3308695652174,Mitsubishi,Automatic 4-spd,4.0,2.4
12127,Midsize Cars,Premium,Front-Wheel Drive,17.3478947368421,Mitsubishi,Automatic (S4),6.0,3.8
12128,Midsize Cars,Regular,Front-Wheel Drive,14.3308695652174,Nissan,Automatic 4-spd,4.0,2.5
12129,Midsize Cars,Regular,Front-Wheel Drive,13.73375,Nissan,Manual 5-spd,4.0,2.5
12130,Midsize Cars,Regular,Front-Wheel Drive,15.6957142857143,Nissan,Manual 5-spd,6.0,3.5
12131,Midsize Cars,Regular,Front-Wheel Drive,15.6957142857143,Nissan,Manual 6-spd,6.0,3.5
12132,Midsize Cars,Regular,Front-Wheel Drive,15.6957142857143,Nissan,Automatic (S5),6.0,3.5
12133,Midsize Cars,Regular,Front-Wheel Drive,18.3116666666667,Audi,Automatic 3-spd,5.0,2.2
12134,Midsize Cars,Regular,Front-Wheel Drive,15.6957142857143,Nissan,Manual 6-spd,6.0,3.5
12135,Midsize Cars,Regular,Front-Wheel Drive,15.6957142857143,Nissan,Automatic (S5),6.0,3.5
12136,Midsize Cars,Premium,Front-Wheel Drive,16.4805,Pontiac,Automatic 4-spd,6.0,3.8
12137,Midsize Cars,Regular,Front-Wheel Drive,15.6957142857143,Pontiac,Automatic 4-spd,6.0,3.8
12138,Midsize Cars,Premium,Front-Wheel Drive,17.3478947368421,Pontiac,Automatic (S4),6.0,3.8
12139,Midsize Cars,Premium,Rear-Wheel Drive,25.3546153846154,Rolls-Royce,Automatic (S6),12.0,6.7
12140,Midsize Cars,Premium,Front-Wheel Drive,15.6957142857143,Saab,Manual 5-spd,4.0,2.3
12141,Midsize Cars,Premium,Front-Wheel Drive,16.4805,Saab,Automatic (S5),4.0,2.3
12142,Midsize Cars,Regular,Front-Wheel Drive,15.6957142857143,Saturn,Automatic 4-spd,6.0,3.0
12143,Midsize Cars,Regular,Front-Wheel Drive,15.6957142857143,Suzuki,Automatic 4-spd,6.0,2.5
12144,Midsize Cars,Regular,Front-Wheel Drive,18.3116666666667,Audi,Automatic 3-spd,5.0,2.2
12145,Midsize Cars,Regular,Front-Wheel Drive,13.1844,Toyota,Automatic 5-spd,4.0,2.4
12146,Midsize Cars,Regular,Front-Wheel Drive,13.73375,Toyota,Manual 5-spd,4.0,2.4
12147,Midsize Cars,Regular,Front-Wheel Drive,15.6957142857143,Toyota,Automatic 5-spd,6.0,3.0
12148,Midsize Cars,Regular,Front-Wheel Drive,15.6957142857143,Toyota,Automatic 5-spd,6.0,3.3
12149,Midsize Cars,Regular,Front-Wheel Drive,7.1654347826087,Toyota,Automatic (variable gear ratios),4.0,1.5
12150,Midsize Cars,Premium,Front-Wheel Drive,14.3308695652174,Volkswagen,Manual 5-spd,4.0,1.8
12151,Midsize Cars,Premium,Front-Wheel Drive,14.9822727272727,Volkswagen,Automatic (S5),4.0,1.8
12152,Midsize Cars,Diesel,Front-Wheel Drive,14.155,Volkswagen,Automatic (S5),4.0,2.0
12153,Midsize Cars,Premium,Front-Wheel Drive,16.4805,Volkswagen,Manual 5-spd,6.0,2.8
12154,Midsize Cars,Premium,Front-Wheel Drive,16.4805,Volkswagen,Automatic (S5),6.0,2.8
12155,Midsize Cars,Regular,Front-Wheel Drive,17.3478947368421,Audi,Manual 5-spd,5.0,2.2
12156,Midsize Cars,Premium,4-Wheel or All-Wheel Drive,16.4805,Volvo,Automatic 5-spd,5.0,2.5
12157,Midsize Cars,Premium,Front-Wheel Drive,14.9822727272727,Volvo,Automatic 5-spd,5.0,2.5
12158,Midsize Cars,Premium,Front-Wheel Drive,17.3478947368421,Volvo,Automatic (S4),6.0,2.9
12159,Large Cars,Premium,4-Wheel or All-Wheel Drive,18.3116666666667,Audi,Automatic (S6),8.0,4.2
12160,Large Cars,Premium,4-Wheel or All-Wheel Drive,21.974,Audi,Automatic (S6),12.0,6.0
12161,Large Cars,Premium,Rear-Wheel Drive,29.9645454545455,Bentley,Automatic 4-spd,8.0,6.8
12162,Large Cars,Premium,Rear-Wheel Drive,17.3478947368421,BMW,Automatic (S6),8.0,4.4
12163,Large Cars,Premium,Rear-Wheel Drive,17.3478947368421,BMW,Automatic (S6),8.0,4.4
12164,Large Cars,Premium,Rear-Wheel Drive,20.600625,BMW,Automatic (S6),12.0,6.0
12165,Large Cars,Premium,Rear-Wheel Drive,20.600625,BMW,Automatic (S6),12.0,6.0
12166,Midsize Cars,Regular,Front-Wheel Drive,17.3478947368421,Audi,Manual 5-spd,5.0,2.2
12167,Large Cars,Regular,Front-Wheel Drive,15.6957142857143,Buick,Automatic 4-spd,6.0,3.8
12168,Large Cars,Premium,Front-Wheel Drive,16.4805,Buick,Automatic 4-spd,6.0,3.8
12169,Large Cars,Regular,Front-Wheel Drive,15.6957142857143,Buick,Automatic 4-spd,6.0,3.8
12170,Large Cars,Regular,Front-Wheel Drive,21.974,Cadillac,Automatic 4-spd,8.0,4.6
12171,Large Cars,Regular,Front-Wheel Drive,18.3116666666667,Cadillac,Automatic 4-spd,8.0,4.6
12172,Large Cars,Regular,Front-Wheel Drive,17.3478947368421,Cadillac,Automatic 4-spd,8.0,4.6
12173,Large Cars,Regular,Front-Wheel Drive,21.974,Cadillac,Automatic 4-spd,8.0,4.6
12174,Large Cars,Regular,Front-Wheel Drive,20.600625,Cadillac,Automatic 4-spd,8.0,4.6
12175,Large Cars,Regular,Front-Wheel Drive,14.9822727272727,Chevrolet,Automatic 4-spd,6.0,3.4
12176,Large Cars,Premium,Front-Wheel Drive,16.4805,Chevrolet,Automatic 4-spd,6.0,3.8
12177,Midsize Cars,Regular,Front-Wheel Drive,14.3308695652174,Buick,Automatic 3-spd,4.0,2.5
12178,Large Cars,Regular,Front-Wheel Drive,15.6957142857143,Chevrolet,Automatic 4-spd,6.0,3.8
12179,Large Cars,Regular,Front-Wheel Drive,14.3308695652174,Chevrolet,Automatic 4-spd,6.0,3.5
12180,Large Cars,Regular,4-Wheel or All-Wheel Drive,18.3116666666667,Chrysler,Automatic 5-spd,6.0,3.5
12181,Large Cars,Regular,4-Wheel or All-Wheel Drive,18.3116666666667,Chrysler,Automatic 5-spd,8.0,5.7
12182,Large Cars,Regular,Rear-Wheel Drive,15.6957142857143,Chrysler,Automatic 4-spd,6.0,2.7
12183,Large Cars,Regular,Rear-Wheel Drive,16.4805,Chrysler,Automatic 4-spd,6.0,3.5
12184,Large Cars,Regular,Rear-Wheel Drive,18.3116666666667,Chrysler,Automatic 5-spd,8.0,5.7
12185,Large Cars,Regular,Rear-Wheel Drive,17.3478947368421,Ford,Automatic 4-spd,8.0,4.6
12186,Large Cars,Regular,4-Wheel or All-Wheel Drive,17.3478947368421,Ford,Automatic (variable gear ratios),6.0,3.0
12187,Large Cars,Regular,Front-Wheel Drive,16.4805,Ford,Automatic (variable gear ratios),6.0,3.0
12188,Midsize Cars,Regular,Front-Wheel Drive,17.3478947368421,Buick,Automatic 3-spd,6.0,2.8
12189,Large Cars,Regular,Front-Wheel Drive,15.6957142857143,Ford,Automatic 6-spd,6.0,3.0
12190,Large Cars,Regular,Front-Wheel Drive,16.4805,Ford,Automatic 4-spd,6.0,3.0
12191,Large Cars,Regular,Front-Wheel Drive,16.4805,Ford,Automatic 4-spd,6.0,3.0
12192,Large Cars,Premium,Rear-Wheel Drive,18.3116666666667,Jaguar,Automatic 6-spd,8.0,4.2
12193,Large Cars,Premium,Rear-Wheel Drive,17.3478947368421,Jaguar,Automatic 6-spd,8.0,4.2
12194,Large Cars,Premium,Rear-Wheel Drive,17.3478947368421,Jaguar,Automatic 6-spd,8.0,4.2
12195,Large Cars,Premium,Rear-Wheel Drive,17.3478947368421,Jaguar,Automatic 6-spd,8.0,4.2
12196,Large Cars,Premium,Rear-Wheel Drive,18.3116666666667,Jaguar,Automatic 6-spd,8.0,4.2
12197,Large Cars,Regular,Front-Wheel Drive,18.3116666666667,Kia,Automatic 5-spd,6.0,3.5
12198,Large Cars,Premium,Rear-Wheel Drive,18.3116666666667,Lexus,Automatic (S6),8.0,4.3
12199,Midsize Cars,Regular,Front-Wheel Drive,16.4805,Buick,Automatic 4-spd,6.0,2.8
12200,Large Cars,Regular,Rear-Wheel Drive,17.3478947368421,Mercury,Automatic 4-spd,8.0,4.6
12201,Large Cars,Regular,4-Wheel or All-Wheel Drive,17.3478947368421,Mercury,Automatic (variable gear ratios),6.0,3.0
12202,Large Cars,Regular,Front-Wheel Drive,16.4805,Mercury,Automatic (variable gear ratios),6.0,3.0
12203,Large Cars,Regular,Front-Wheel Drive,15.6957142857143,Mercury,Automatic 6-spd,6.0,3.0
12204,Large Cars,Regular,Rear-Wheel Drive,17.3478947368421,Lincoln,Automatic 4-spd,8.0,4.6
12205,Large Cars,Premium,Rear-Wheel Drive,27.4675,Maserati,Automatic 6-spd,8.0,4.2
12206,Large Cars,Premium,Rear-Wheel Drive,25.3546153846154,Maybach,Automatic 5-spd,12.0,5.5
12207,Large Cars,Premium,Rear-Wheel Drive,25.3546153846154,Maybach,Automatic 5-spd,12.0,5.5
12208,Large Cars,Premium,Rear-Wheel Drive,17.3478947368421,Mercedes-Benz,Automatic 7-spd,8.0,4.3
12209,Large Cars,Premium,4-Wheel or All-Wheel Drive,19.3888235294118,Mercedes-Benz,Automatic 5-spd,8.0,4.3
12210,Midsize Cars,Regular,Front-Wheel Drive,16.4805,Buick,Automatic 4-spd,6.0,3.8
12211,Large Cars,Premium,Rear-Wheel Drive,19.3888235294118,Mercedes-Benz,Automatic 7-spd,8.0,5.0
12212,Large Cars,Premium,4-Wheel or All-Wheel Drive,20.600625,Mercedes-Benz,Automatic 5-spd,8.0,5.0
12213,Large Cars,Premium,Rear-Wheel Drive,21.974,Mercedes-Benz,Automatic (S5),8.0,5.4
12214,Large Cars,Premium,Rear-Wheel Drive,25.3546153846154,Mercedes-Benz,Automatic 5-spd,12.0,5.5
12215,Large Cars,Regular,Front-Wheel Drive,15.6957142857143,Pontiac,Automatic 4-spd,6.0,3.8
12216,Large Cars,Regular,Front-Wheel Drive,18.3116666666667,Pontiac,Automatic 4-spd,8.0,4.6
12217,Large Cars,Premium,4-Wheel or All-Wheel Drive,20.600625,Volkswagen,Automatic (S6),8.0,4.2
12218,Large Cars,Premium,4-Wheel or All-Wheel Drive,25.3546153846154,Volkswagen,Automatic (S5),12.0,6.0
12219,Small Station Wagons,Premium,4-Wheel or All-Wheel Drive,14.9822727272727,Audi,Manual 6-spd,4.0,1.8
12220,Small Station Wagons,Premium,4-Wheel or All-Wheel Drive,15.6957142857143,Audi,Automatic (S5),4.0,1.8
12221,Two Seaters,Regular,Rear-Wheel Drive,19.3888235294118,Mazda,Automatic 4-spd,2.0,1.1
12222,Subcompact Cars,Regular,Rear-Wheel Drive,19.3888235294118,Pontiac,Automatic 4-spd,8.0,5.0
12223,Midsize Cars,Regular,Rear-Wheel Drive,18.3116666666667,Buick,Automatic 3-spd,6.0,3.8
12224,Small Station Wagons,Premium,4-Wheel or All-Wheel Drive,17.3478947368421,Audi,Manual 6-spd,6.0,3.0
12225,Small Station Wagons,Premium,4-Wheel or All-Wheel Drive,17.3478947368421,Audi,Automatic (S5),6.0,3.0
12226,Small Station Wagons,Premium,4-Wheel or All-Wheel Drive,20.600625,Audi,Manual 6-spd,8.0,4.2
12227,Small Station Wagons,Premium,4-Wheel or All-Wheel Drive,20.600625,Audi,Automatic (S6),8.0,4.2
12228,Small Station Wagons,Premium,Rear-Wheel Drive,15.6957142857143,BMW,Manual 5-spd,6.0,2.5
12229,Small Station Wagons,Premium,Rear-Wheel Drive,16.4805,BMW,Automatic (S5),6.0,2.5
12230,Small Station Wagons,Premium,4-Wheel or All-Wheel Drive,16.4805,BMW,Manual 5-spd,6.0,2.5
12231,Small Station Wagons,Premium,4-Wheel or All-Wheel Drive,16.4805,BMW,Automatic (S5),6.0,2.5
12232,Small Station Wagons,Regular,Front-Wheel Drive,15.6957142857143,Chevrolet,Automatic 4-spd,4.0,2.0
12233,Small Station Wagons,Regular,Front-Wheel Drive,15.6957142857143,Chevrolet,Manual 5-spd,4.0,2.0
12234,Midsize Cars,Premium,Rear-Wheel Drive,18.3116666666667,Buick,Automatic 4-spd,6.0,3.8
12235,Small Station Wagons,Premium,4-Wheel or All-Wheel Drive,17.3478947368421,Mercedes-Benz,Automatic 5-spd,6.0,2.6
12236,Small Station Wagons,Regular,Front-Wheel Drive,14.9822727272727,Mitsubishi,Automatic 4-spd,4.0,2.4
12237,Small Station Wagons,Regular,Front-Wheel Drive,12.2077777777778,Pontiac,Automatic 4-spd,4.0,1.8
12238,Small Station Wagons,Regular,4-Wheel or All-Wheel Drive,13.1844,Pontiac,Automatic 4-spd,4.0,1.8
12239,Small Station Wagons,Regular,Front-Wheel Drive,11.3658620689655,Pontiac,Manual 5-spd,4.0,1.8
12240,Small Station Wagons,Premium,Front-Wheel Drive,13.1844,Pontiac,Manual 6-spd,4.0,1.8
12241,Small Station Wagons,Premium,4-Wheel or All-Wheel Drive,17.3478947368421,Saab,Automatic 4-spd,4.0,2.0
12242,Small Station Wagons,Premium,4-Wheel or All-Wheel Drive,16.4805,Saab,Manual 5-spd,4.0,2.0
12243,Small Station Wagons,Regular,4-Wheel or All-Wheel Drive,14.3308695652174,Saab,Automatic 4-spd,4.0,2.5
12244,Small Station Wagons,Regular,4-Wheel or All-Wheel Drive,14.9822727272727,Saab,Manual 5-spd,4.0,2.5
12245,Midsize Cars,Regular,Rear-Wheel Drive,19.3888235294118,Buick,Automatic 3-spd,8.0,5.0
12246,Small Station Wagons,Premium,4-Wheel or All-Wheel Drive,16.4805,Subaru,Automatic 4-spd,4.0,2.0
12247,Small Station Wagons,Premium,4-Wheel or All-Wheel Drive,16.4805,Subaru,Manual 5-spd,4.0,2.0
12248,Small Station Wagons,Regular,4-Wheel or All-Wheel Drive,14.9822727272727,Subaru,Automatic 4-spd,4.0,2.5
12249,Small Station Wagons,Regular,4-Wheel or All-Wheel Drive,14.3308695652174,Subaru,Manual 5-spd,4.0,2.5
12250,Small Station Wagons,Regular,Front-Wheel Drive,13.73375,Suzuki,Automatic 4-spd,4.0,2.3
12251,Small Station Wagons,Regular,Front-Wheel Drive,13.73375,Suzuki,Manual 5-spd,4.0,2.3
12252,Small Station Wagons,Regular,4-Wheel or All-Wheel Drive,14.3308695652174,Suzuki,Automatic 4-spd,4.0,2.3
12253,Small Station Wagons,Regular,Front-Wheel Drive,15.6957142857143,Suzuki,Automatic 4-spd,4.0,2.0
12254,Small Station Wagons,Regular,Front-Wheel Drive,15.6957142857143,Suzuki,Manual 5-spd,4.0,2.0
12255,Small Station Wagons,Regular,Front-Wheel Drive,12.2077777777778,Toyota,Automatic 4-spd,4.0,1.8
12256,Midsize Cars,Regular,Rear-Wheel Drive,17.3478947368421,Buick,Automatic 4-spd,8.0,5.0
12257,Small Station Wagons,Regular,4-Wheel or All-Wheel Drive,13.1844,Toyota,Automatic 4-spd,4.0,1.8
12258,Small Station Wagons,Regular,Front-Wheel Drive,11.3658620689655,Toyota,Manual 5-spd,4.0,1.8
12259,Small Station Wagons,Premium,Front-Wheel Drive,13.1844,Toyota,Manual 6-spd,4.0,1.8
12260,Small Station Wagons,Regular,Front-Wheel Drive,11.3658620689655,Scion,Automatic 4-spd,4.0,1.5
12261,Small Station Wagons,Regular,Front-Wheel Drive,11.7717857142857,Scion,Manual 5-spd,4.0,1.5
12262,Small Station Wagons,Premium,Front-Wheel Drive,13.73375,Volkswagen,Manual 5-spd,4.0,1.8
12263,Small Station Wagons,Premium,Front-Wheel Drive,14.9822727272727,Volkswagen,Automatic (S5),4.0,1.8
12264,Small Station Wagons,Diesel,Front-Wheel Drive,11.2407352941176,Volkswagen,Manual 5-spd,4.0,1.9
12265,Small Station Wagons,Diesel,Front-Wheel Drive,11.94328125,Volkswagen,Automatic (S5),4.0,1.9
12266,Small Station Wagons,Regular,Front-Wheel Drive,14.3308695652174,Volkswagen,Automatic 4-spd,4.0,2.0
12267,Midsize Cars,Regular,Front-Wheel Drive,16.4805,Buick,Automatic 4-spd,6.0,3.8
12268,Small Station Wagons,Regular,Front-Wheel Drive,13.73375,Volkswagen,Manual 5-spd,4.0,2.0
12269,Small Station Wagons,Premium,4-Wheel or All-Wheel Drive,16.4805,Volvo,Manual 6-spd,5.0,2.5
12270,Small Station Wagons,Premium,4-Wheel or All-Wheel Drive,16.4805,Volvo,Automatic (S5),5.0,2.5
12271,Small Station Wagons,Premium,Front-Wheel Drive,14.9822727272727,Volvo,Manual 5-spd,5.0,2.4
12272,Small Station Wagons,Premium,Front-Wheel Drive,14.9822727272727,Volvo,Automatic (S5),5.0,2.4
12273,Small Station Wagons,Premium,Front-Wheel Drive,14.9822727272727,Volvo,Manual 6-spd,5.0,2.5
12274,Small Station Wagons,Premium,Front-Wheel Drive,14.9822727272727,Volvo,Automatic (S5),5.0,2.5
12275,Midsize Station Wagons,Regular,Front-Wheel Drive,13.1844,Ford,Automatic 4-spd,4.0,2.0
12276,Midsize Station Wagons,Regular,Front-Wheel Drive,12.6773076923077,Ford,Manual 5-spd,4.0,2.0
12277,Midsize Station Wagons,Regular,Front-Wheel Drive,17.3478947368421,Ford,Automatic 4-spd,6.0,3.0
12278,Midsize Cars,Regular,Front-Wheel Drive,18.3116666666667,Cadillac,Automatic 4-spd,8.0,4.1
12279,Midsize Station Wagons,Regular,Front-Wheel Drive,17.3478947368421,Ford,Automatic 4-spd,6.0,3.0
12280,Midsize Station Wagons,Regular,Front-Wheel Drive,17.3478947368421,Mercury,Automatic 4-spd,6.0,3.0
12281,Midsize Station Wagons,Regular,Front-Wheel Drive,17.3478947368421,Mercury,Automatic 4-spd,6.0,3.0
12282,Midsize Station Wagons,Regular,Front-Wheel Drive,16.4805,Mazda,Manual 5-spd,6.0,3.0
12283,Midsize Station Wagons,Regular,Front-Wheel Drive,16.4805,Mazda,Automatic (S6),6.0,3.0
12284,Midsize Station Wagons,Premium,Rear-Wheel Drive,16.4805,Mercedes-Benz,Automatic 5-spd,6.0,3.2
12285,Midsize Station Wagons,Premium,4-Wheel or All-Wheel Drive,17.3478947368421,Mercedes-Benz,Automatic 5-spd,6.0,3.2
12286,Midsize Station Wagons,Premium,4-Wheel or All-Wheel Drive,20.600625,Mercedes-Benz,Automatic 5-spd,8.0,5.0
12287,Midsize Station Wagons,Premium,Rear-Wheel Drive,21.974,Mercedes-Benz,Automatic (S5),8.0,5.4
12288,Midsize Station Wagons,Premium,Front-Wheel Drive,15.6957142857143,Saab,Manual 5-spd,4.0,2.3
12289,Midsize Cars,Regular,Front-Wheel Drive,18.3116666666667,Cadillac,Automatic 4-spd,8.0,4.1
12290,Midsize Station Wagons,Premium,Front-Wheel Drive,16.4805,Saab,Automatic (S5),4.0,2.3
12291,Midsize Station Wagons,Regular,Front-Wheel Drive,15.6957142857143,Saturn,Automatic 4-spd,6.0,3.0
12292,Midsize Station Wagons,Premium,4-Wheel or All-Wheel Drive,17.3478947368421,Subaru,Manual 5-spd,4.0,2.5
12293,Midsize Station Wagons,Regular,4-Wheel or All-Wheel Drive,14.3308695652174,Subaru,Manual 5-spd,4.0,2.5
12294,Midsize Station Wagons,Regular,4-Wheel or All-Wheel Drive,14.3308695652174,Subaru,Automatic (S4),4.0,2.5
12295,Midsize Station Wagons,Premium,4-Wheel or All-Wheel Drive,17.3478947368421,Subaru,Automatic (S5),4.0,2.5
12296,Midsize Station Wagons,Premium,Front-Wheel Drive,14.3308695652174,Volkswagen,Manual 5-spd,4.0,1.8
12297,Midsize Station Wagons,Premium,Front-Wheel Drive,14.9822727272727,Volkswagen,Automatic (S5),4.0,1.8
12298,Midsize Station Wagons,Diesel,Front-Wheel Drive,14.155,Volkswagen,Automatic (S5),4.0,2.0
12299,Midsize Station Wagons,Premium,Front-Wheel Drive,16.4805,Volkswagen,Manual 5-spd,6.0,2.8
12300,Midsize Cars,Regular,Front-Wheel Drive,14.3308695652174,Chevrolet,Automatic 3-spd,4.0,2.5
12301,Midsize Station Wagons,Premium,Front-Wheel Drive,16.4805,Volkswagen,Automatic (S5),6.0,2.8
12302,Midsize Station Wagons,Premium,4-Wheel or All-Wheel Drive,14.9822727272727,Volkswagen,Manual 5-spd,4.0,1.8
12303,Midsize Station Wagons,Premium,4-Wheel or All-Wheel Drive,15.6957142857143,Volkswagen,Automatic (S5),4.0,1.8
12304,Midsize Station Wagons,Premium,4-Wheel or All-Wheel Drive,17.3478947368421,Volkswagen,Automatic (S5),6.0,2.8
12305,Midsize Station Wagons,Premium,4-Wheel or All-Wheel Drive,16.4805,Volvo,Automatic (S5),5.0,2.5
12306,Midsize Station Wagons,Premium,Front-Wheel Drive,15.6957142857143,Volvo,Automatic 5-spd,5.0,2.4
12307,Midsize Station Wagons,Premium,Front-Wheel Drive,14.9822727272727,Volvo,Manual 5-spd,5.0,2.4
12308,Midsize Station Wagons,Premium,Front-Wheel Drive,16.4805,Volvo,Manual 6-spd,5.0,2.4
12309,Midsize Station Wagons,Premium,Front-Wheel Drive,16.4805,Volvo,Automatic (S5),5.0,2.4
12310,Midsize Station Wagons,Premium,Front-Wheel Drive,14.9822727272727,Volvo,Automatic (S5),5.0,2.5
12311,Midsize Cars,Regular,Front-Wheel Drive,13.73375,Chevrolet,Manual 4-spd,4.0,2.5
12312,Midsize Station Wagons,Premium,4-Wheel or All-Wheel Drive,17.3478947368421,Volvo,Manual 6-spd,5.0,2.5
12313,Midsize Station Wagons,Premium,4-Wheel or All-Wheel Drive,18.3116666666667,Volvo,Automatic (S5),5.0,2.5
12314,Standard Pickup Trucks 2WD,Regular,Rear-Wheel Drive,19.3888235294118,Chevrolet,Automatic 4-spd,8.0,5.3
12315,Standard Pickup Trucks 2WD,Regular,Rear-Wheel Drive,20.600625,Chevrolet,Automatic 4-spd,6.0,4.3
12316,Standard Pickup Trucks 2WD,Regular,Rear-Wheel Drive,20.600625,Chevrolet,Manual 5-spd,6.0,4.3
12317,Standard Pickup Trucks 2WD,Regular,Rear-Wheel Drive,19.3888235294118,Chevrolet,Automatic 4-spd,8.0,4.8
12318,Standard Pickup Trucks 2WD,Regular,Rear-Wheel Drive,20.600625,Chevrolet,Manual 5-spd,8.0,4.8
12319,Standard Pickup Trucks 2WD,Regular,Rear-Wheel Drive,20.600625,Chevrolet,Automatic 4-spd,8.0,5.3
12320,Standard Pickup Trucks 2WD,Premium,Rear-Wheel Drive,21.974,Chevrolet,Automatic 4-spd,8.0,6.0
12321,Standard Pickup Trucks 2WD,Regular,Rear-Wheel Drive,18.3116666666667,Chevrolet,Automatic 4-spd,4.0,2.8
12322,Midsize Cars,Regular,Front-Wheel Drive,17.3478947368421,Chevrolet,Automatic 3-spd,6.0,2.8
12323,Standard Pickup Trucks 2WD,Regular,Rear-Wheel Drive,15.6957142857143,Chevrolet,Manual 5-spd,4.0,2.8
12324,Standard Pickup Trucks 2WD,Regular,Rear-Wheel Drive,18.3116666666667,Chevrolet,Automatic 4-spd,5.0,3.5
12325,Standard Pickup Trucks 2WD,Regular,Rear-Wheel Drive,17.3478947368421,Chevrolet,Manual 5-spd,5.0,3.5
12326,Standard Pickup Trucks 2WD,Regular,Rear-Wheel Drive,18.3116666666667,Chevrolet,Automatic 4-spd,4.0,2.8
12327,Standard Pickup Trucks 2WD,Regular,Rear-Wheel Drive,15.6957142857143,Chevrolet,Manual 5-spd,4.0,2.8
12328,Standard Pickup Trucks 2WD,Regular,Rear-Wheel Drive,18.3116666666667,Chevrolet,Automatic 4-spd,5.0,3.5
12329,Standard Pickup Trucks 2WD,Premium,Rear-Wheel Drive,21.974,Chevrolet,Automatic 4-spd,8.0,6.0
12330,Standard Pickup Trucks 2WD,Premium,Rear-Wheel Drive,23.5435714285714,Chevrolet,Manual 6-spd,8.0,6.0
12331,Standard Pickup Trucks 2WD,Regular,Rear-Wheel Drive,19.3888235294118,Dodge,Automatic 4-spd,6.0,3.7
12332,Standard Pickup Trucks 2WD,Regular,Rear-Wheel Drive,20.600625,Dodge,Manual 6-spd,6.0,3.7
12333,Subcompact Cars,Regular,Rear-Wheel Drive,19.3888235294118,Pontiac,Manual 5-spd,8.0,5.0
12334,Midsize Cars,Regular,Front-Wheel Drive,16.4805,Chevrolet,Automatic 4-spd,6.0,2.8
12335,Standard Pickup Trucks 2WD,Regular,Rear-Wheel Drive,21.974,Dodge,Automatic 5-spd,8.0,4.7
12336,Standard Pickup Trucks 2WD,Regular,Rear-Wheel Drive,20.600625,Dodge,Automatic 4-spd,6.0,3.7
12337,Standard Pickup Trucks 2WD,Regular,Rear-Wheel Drive,20.600625,Dodge,Manual 6-spd,6.0,3.7
12338,Standard Pickup Trucks 2WD,Regular,Rear-Wheel Drive,23.5435714285714,Dodge,Automatic 5-spd,8.0,4.7
12339,Standard Pickup Trucks 2WD,Regular,Rear-Wheel Drive,23.5435714285714,Dodge,Automatic 5-spd,8.0,5.7
12340,Standard Pickup Trucks 2WD,Premium,Rear-Wheel Drive,36.6233333333333,Dodge,Automatic 4-spd,10.0,8.3
12341,Standard Pickup Trucks 2WD,Premium,Rear-Wheel Drive,32.961,Dodge,Manual 6-spd,10.0,8.3
12342,Standard Pickup Trucks 2WD,Regular,Rear-Wheel Drive,21.974,Ford,Automatic 4-spd,6.0,4.2
12343,Standard Pickup Trucks 2WD,Regular,Rear-Wheel Drive,21.974,Ford,Manual 5-spd,6.0,4.2
12344,Standard Pickup Trucks 2WD,Regular,Rear-Wheel Drive,21.974,Ford,Automatic 4-spd,8.0,4.6
12345,Midsize Cars,Regular,Front-Wheel Drive,17.3478947368421,Chevrolet,Automatic 3-spd,6.0,2.8
12346,Standard Pickup Trucks 2WD,Regular,Rear-Wheel Drive,21.974,Ford,Automatic 4-spd,8.0,5.4
12347,Standard Pickup Trucks 2WD,Regular,Rear-Wheel Drive,15.6957142857143,Ford,Automatic 5-spd,4.0,2.3
12348,Standard Pickup Trucks 2WD,Regular,Rear-Wheel Drive,14.3308695652174,Ford,Manual 5-spd,4.0,2.3
12349,Standard Pickup Trucks 2WD,Regular,Rear-Wheel Drive,18.3116666666667,Ford,Automatic 5-spd,6.0,3.0
12350,Standard Pickup Trucks 2WD,Regular,Rear-Wheel Drive,18.3116666666667,Ford,Manual 5-spd,6.0,3.0
12351,Standard Pickup Trucks 2WD,Regular,Rear-Wheel Drive,19.3888235294118,Ford,Automatic 5-spd,6.0,4.0
12352,Standard Pickup Trucks 2WD,Regular,Rear-Wheel Drive,18.3116666666667,Ford,Manual 5-spd,6.0,4.0
12353,Standard Pickup Trucks 2WD,Regular,Rear-Wheel Drive,19.3888235294118,GMC,Automatic 4-spd,8.0,5.3
12354,Standard Pickup Trucks 2WD,Regular,Rear-Wheel Drive,20.600625,GMC,Automatic 4-spd,6.0,4.3
12355,Standard Pickup Trucks 2WD,Regular,Rear-Wheel Drive,20.600625,GMC,Manual 5-spd,6.0,4.3
12356,Midsize Cars,Regular,Front-Wheel Drive,16.4805,Chevrolet,Automatic 4-spd,6.0,2.8
12357,Standard Pickup Trucks 2WD,Regular,Rear-Wheel Drive,19.3888235294118,GMC,Automatic 4-spd,8.0,4.8
12358,Standard Pickup Trucks 2WD,Regular,Rear-Wheel Drive,20.600625,GMC,Manual 5-spd,8.0,4.8
12359,Standard Pickup Trucks 2WD,Regular,Rear-Wheel Drive,20.600625,GMC,Automatic 4-spd,8.0,5.3
12360,Standard Pickup Trucks 2WD,Premium,Rear-Wheel Drive,21.974,GMC,Automatic 4-spd,8.0,6.0
12361,Standard Pickup Trucks 2WD,Regular,Rear-Wheel Drive,18.3116666666667,GMC,Automatic 4-spd,4.0,2.8
12362,Standard Pickup Trucks 2WD,Regular,Rear-Wheel Drive,15.6957142857143,GMC,Manual 5-spd,4.0,2.8
12363,Standard Pickup Trucks 2WD,Regular,Rear-Wheel Drive,18.3116666666667,GMC,Automatic 4-spd,5.0,3.5
12364,Standard Pickup Trucks 2WD,Regular,Rear-Wheel Drive,17.3478947368421,GMC,Manual 5-spd,5.0,3.5
12365,Standard Pickup Trucks 2WD,Regular,Rear-Wheel Drive,18.3116666666667,GMC,Automatic 4-spd,4.0,2.8
12366,Standard Pickup Trucks 2WD,Regular,Rear-Wheel Drive,15.6957142857143,GMC,Manual 5-spd,4.0,2.8
12367,Midsize Cars,Regular,Rear-Wheel Drive,18.3116666666667,Chevrolet,Automatic 3-spd,6.0,4.3
12368,Standard Pickup Trucks 2WD,Regular,Rear-Wheel Drive,18.3116666666667,GMC,Automatic 4-spd,5.0,3.5
12369,Standard Pickup Trucks 2WD,Regular,Rear-Wheel Drive,15.6957142857143,Mazda,Automatic 5-spd,4.0,2.3
12370,Standard Pickup Trucks 2WD,Regular,Rear-Wheel Drive,14.3308695652174,Mazda,Manual 5-spd,4.0,2.3
12371,Standard Pickup Trucks 2WD,Regular,Rear-Wheel Drive,18.3116666666667,Mazda,Automatic 5-spd,6.0,3.0
12372,Standard Pickup Trucks 2WD,Regular,Rear-Wheel Drive,18.3116666666667,Mazda,Manual 5-spd,6.0,3.0
12373,Standard Pickup Trucks 2WD,Regular,Rear-Wheel Drive,23.5435714285714,Nissan,Automatic 5-spd,8.0,5.6
12374,Standard Pickup Trucks 2WD,Regular,Rear-Wheel Drive,15.6957142857143,Toyota,Automatic 4-spd,4.0,2.7
12375,Standard Pickup Trucks 2WD,Regular,Rear-Wheel Drive,16.4805,Toyota,Manual 5-spd,4.0,2.7
12376,Standard Pickup Trucks 2WD,Regular,Rear-Wheel Drive,18.3116666666667,Toyota,Automatic 5-spd,6.0,4.0
12377,Standard Pickup Trucks 2WD,Regular,Rear-Wheel Drive,20.600625,Toyota,Manual 6-spd,6.0,4.0
12378,Midsize Cars,Regular,Rear-Wheel Drive,17.3478947368421,Chevrolet,Automatic 4-spd,6.0,4.3
12379,Standard Pickup Trucks 2WD,Regular,Rear-Wheel Drive,18.3116666666667,Toyota,Automatic 5-spd,6.0,4.0
12380,Standard Pickup Trucks 2WD,Regular,Rear-Wheel Drive,20.600625,Toyota,Manual 6-spd,6.0,4.0
12381,Standard Pickup Trucks 2WD,Regular,Rear-Wheel Drive,21.974,Toyota,Automatic 5-spd,8.0,4.7
12382,Standard Pickup Trucks 4WD,Regular,4-Wheel or All-Wheel Drive,19.3888235294118,Chevrolet,Automatic 4-spd,4.0,2.8
12383,Standard Pickup Trucks 4WD,Regular,4-Wheel or All-Wheel Drive,17.3478947368421,Chevrolet,Manual 5-spd,4.0,2.8
12384,Standard Pickup Trucks 4WD,Regular,4-Wheel or All-Wheel Drive,18.3116666666667,Chevrolet,Automatic 4-spd,5.0,3.5
12385,Standard Pickup Trucks 4WD,Regular,4-Wheel or All-Wheel Drive,17.3478947368421,Chevrolet,Manual 5-spd,5.0,3.5
12386,Standard Pickup Trucks 4WD,Regular,4-Wheel or All-Wheel Drive,19.3888235294118,Chevrolet,Automatic 4-spd,4.0,2.8
12387,Standard Pickup Trucks 4WD,Regular,4-Wheel or All-Wheel Drive,17.3478947368421,Chevrolet,Manual 5-spd,4.0,2.8
12388,Standard Pickup Trucks 4WD,Regular,4-Wheel or All-Wheel Drive,18.3116666666667,Chevrolet,Automatic 4-spd,5.0,3.5
12389,Midsize Cars,Regular,Rear-Wheel Drive,18.3116666666667,Chevrolet,Automatic 4-spd,8.0,5.0
12390,Standard Pickup Trucks 4WD,Regular,4-Wheel or All-Wheel Drive,20.600625,Chevrolet,Automatic 4-spd,8.0,5.3
12391,Standard Pickup Trucks 4WD,Regular,4-Wheel or All-Wheel Drive,23.5435714285714,Chevrolet,Automatic 4-spd,6.0,4.3
12392,Standard Pickup Trucks 4WD,Regular,4-Wheel or All-Wheel Drive,21.974,Chevrolet,Manual 5-spd,6.0,4.3
12393,Standard Pickup Trucks 4WD,Regular,4-Wheel or All-Wheel Drive,21.974,Chevrolet,Automatic 4-spd,8.0,4.8
12394,Standard Pickup Trucks 4WD,Regular,4-Wheel or All-Wheel Drive,21.974,Chevrolet,Manual 5-spd,8.0,4.8
12395,Standard Pickup Trucks 4WD,Regular,4-Wheel or All-Wheel Drive,21.974,Chevrolet,Automatic 4-spd,8.0,5.3
12396,Standard Pickup Trucks 4WD,Regular,4-Wheel or All-Wheel Drive,25.3546153846154,Chevrolet,Automatic 4-spd,8.0,6.0
12397,Standard Pickup Trucks 4WD,Regular,4-Wheel or All-Wheel Drive,21.974,Dodge,Automatic 4-spd,6.0,3.7
12398,Standard Pickup Trucks 4WD,Regular,4-Wheel or All-Wheel Drive,20.600625,Dodge,Manual 6-spd,6.0,3.7
12399,Standard Pickup Trucks 4WD,Regular,4-Wheel or All-Wheel Drive,23.5435714285714,Dodge,Automatic 5-spd,8.0,4.7
12400,Midsize Cars,Premium,Front-Wheel Drive,17.3478947368421,Chrysler,Automatic 3-spd,4.0,2.2
12401,Standard Pickup Trucks 4WD,Regular,4-Wheel or All-Wheel Drive,25.3546153846154,Dodge,Automatic 5-spd,8.0,5.7
12402,Standard Pickup Trucks 4WD,Regular,4-Wheel or All-Wheel Drive,23.5435714285714,Ford,Automatic 4-spd,8.0,4.6
12403,Standard Pickup Trucks 4WD,Regular,4-Wheel or All-Wheel Drive,23.5435714285714,Ford,Automatic 4-spd,8.0,5.4
12404,Standard Pickup Trucks 4WD,Regular,4-Wheel or All-Wheel Drive,20.600625,Ford,Automatic 5-spd,6.0,3.0
12405,Standard Pickup Trucks 4WD,Regular,4-Wheel or All-Wheel Drive,19.3888235294118,Ford,Manual 5-spd,6.0,3.0
12406,Standard Pickup Trucks 4WD,Regular,4-Wheel or All-Wheel Drive,20.600625,Ford,Automatic 5-spd,6.0,4.0
12407,Standard Pickup Trucks 4WD,Regular,4-Wheel or All-Wheel Drive,21.974,Ford,Manual 5-spd,6.0,4.0
12408,Standard Pickup Trucks 4WD,Regular,4-Wheel or All-Wheel Drive,19.3888235294118,GMC,Automatic 4-spd,4.0,2.8
12409,Standard Pickup Trucks 4WD,Regular,4-Wheel or All-Wheel Drive,17.3478947368421,GMC,Manual 5-spd,4.0,2.8
12410,Standard Pickup Trucks 4WD,Regular,4-Wheel or All-Wheel Drive,18.3116666666667,GMC,Automatic 4-spd,5.0,3.5
12411,Midsize Cars,Regular,Front-Wheel Drive,14.9822727272727,Chrysler,Automatic 3-spd,4.0,2.2
12412,Standard Pickup Trucks 4WD,Regular,4-Wheel or All-Wheel Drive,17.3478947368421,GMC,Manual 5-spd,5.0,3.5
12413,Standard Pickup Trucks 4WD,Regular,4-Wheel or All-Wheel Drive,19.3888235294118,GMC,Automatic 4-spd,4.0,2.8
12414,Standard Pickup Trucks 4WD,Regular,4-Wheel or All-Wheel Drive,17.3478947368421,GMC,Manual 5-spd,4.0,2.8
12415,Standard Pickup Trucks 4WD,Regular,4-Wheel or All-Wheel Drive,18.3116666666667,GMC,Automatic 4-spd,5.0,3.5
12416,Standard Pickup Trucks 4WD,Regular,4-Wheel or All-Wheel Drive,20.600625,GMC,Automatic 4-spd,8.0,5.3
12417,Standard Pickup Trucks 4WD,Regular,4-Wheel or All-Wheel Drive,21.974,GMC,Automatic 4-spd,6.0,4.3
12418,Standard Pickup Trucks 4WD,Regular,4-Wheel or All-Wheel Drive,21.974,GMC,Manual 5-spd,6.0,4.3
12419,Standard Pickup Trucks 4WD,Regular,4-Wheel or All-Wheel Drive,20.600625,GMC,Automatic 4-spd,8.0,4.8
12420,Standard Pickup Trucks 4WD,Regular,4-Wheel or All-Wheel Drive,21.974,GMC,Manual 5-spd,8.0,4.8
12421,Standard Pickup Trucks 4WD,Regular,4-Wheel or All-Wheel Drive,21.974,GMC,Automatic 4-spd,8.0,5.3
12422,Midsize Cars,Regular,Front-Wheel Drive,15.6957142857143,Chrysler,Automatic 3-spd,4.0,2.5
12423,Standard Pickup Trucks 4WD,Regular,4-Wheel or All-Wheel Drive,25.3546153846154,GMC,Automatic 4-spd,8.0,6.0
12424,Standard Pickup Trucks 4WD,Regular,4-Wheel or All-Wheel Drive,20.600625,Mazda,Automatic 5-spd,6.0,4.0
12425,Standard Pickup Trucks 4WD,Regular,4-Wheel or All-Wheel Drive,21.974,Mazda,Manual 5-spd,6.0,4.0
12426,Standard Pickup Trucks 4WD,Regular,4-Wheel or All-Wheel Drive,23.5435714285714,Nissan,Automatic 5-spd,8.0,5.6
12427,Standard Pickup Trucks 4WD,Regular,4-Wheel or All-Wheel Drive,18.3116666666667,Toyota,Manual 5-spd,4.0,2.7
12428,Standard Pickup Trucks 4WD,Regular,4-Wheel or All-Wheel Drive,19.3888235294118,Toyota,Automatic 5-spd,6.0,4.0
12429,Standard Pickup Trucks 4WD,Regular,4-Wheel or All-Wheel Drive,20.600625,Toyota,Manual 6-spd,6.0,4.0
12430,Standard Pickup Trucks 4WD,Regular,4-Wheel or All-Wheel Drive,21.974,Toyota,Automatic 5-spd,8.0,4.7
12431,"Vans, Cargo Type",Regular,Rear-Wheel Drive,19.3888235294118,Chevrolet,Automatic 4-spd,6.0,4.3
12432,"Vans, Cargo Type",Regular,Rear-Wheel Drive,20.600625,Chevrolet,Automatic 4-spd,6.0,4.3
12433,Midsize Cars,Regular,Front-Wheel Drive,14.9822727272727,Chrysler,Automatic 3-spd,4.0,2.2
12434,"Vans, Cargo Type",Regular,4-Wheel or All-Wheel Drive,21.974,Chevrolet,Automatic 4-spd,6.0,4.3
12435,"Vans, Cargo Type",Regular,4-Wheel or All-Wheel Drive,23.5435714285714,Chevrolet,Automatic 4-spd,6.0,4.3
12436,"Vans, Cargo Type",Regular,Rear-Wheel Drive,23.5435714285714,Chevrolet,Automatic 4-spd,6.0,4.3
12437,"Vans, Cargo Type",Regular,Rear-Wheel Drive,23.5435714285714,Chevrolet,Automatic 4-spd,8.0,5.3
12438,"Vans, Cargo Type",Regular,Rear-Wheel Drive,20.600625,Chevrolet,Automatic 4-spd,6.0,4.3
12439,"Vans, Cargo Type",Regular,Rear-Wheel Drive,21.974,Chevrolet,Automatic 4-spd,8.0,5.3
12440,"Vans, Cargo Type",Regular,4-Wheel or All-Wheel Drive,23.5435714285714,Chevrolet,Automatic 4-spd,8.0,5.3
12441,"Vans, Cargo Type",Regular,4-Wheel or All-Wheel Drive,23.5435714285714,Chevrolet,Automatic 4-spd,8.0,5.3
12442,"Vans, Cargo Type",Regular,Rear-Wheel Drive,21.974,Ford,Automatic 4-spd,8.0,4.6
12443,"Vans, Cargo Type",Regular,Rear-Wheel Drive,23.5435714285714,Ford,Automatic 4-spd,8.0,5.4
12444,Subcompact Cars,Regular,Rear-Wheel Drive,19.3888235294118,Pontiac,Automatic 4-spd,8.0,5.0
12445,Midsize Cars,Premium,Front-Wheel Drive,17.3478947368421,Chrysler,Automatic 3-spd,4.0,2.2
12446,"Vans, Cargo Type",Regular,Rear-Wheel Drive,21.974,Ford,Automatic 4-spd,8.0,4.6
12447,"Vans, Cargo Type",Regular,Rear-Wheel Drive,23.5435714285714,GMC,Automatic 4-spd,6.0,4.3
12448,"Vans, Cargo Type",Regular,Rear-Wheel Drive,23.5435714285714,GMC,Automatic 4-spd,8.0,5.3
12449,"Vans, Cargo Type",Regular,Rear-Wheel Drive,20.600625,GMC,Automatic 4-spd,6.0,4.3
12450,"Vans, Cargo Type",Regular,Rear-Wheel Drive,21.974,GMC,Automatic 4-spd,8.0,5.3
12451,"Vans, Cargo Type",Regular,4-Wheel or All-Wheel Drive,23.5435714285714,GMC,Automatic 4-spd,8.0,5.3
12452,"Vans, Cargo Type",Regular,4-Wheel or All-Wheel Drive,23.5435714285714,GMC,Automatic 4-spd,8.0,5.3
12453,"Vans, Cargo Type",Regular,Rear-Wheel Drive,19.3888235294118,GMC,Automatic 4-spd,6.0,4.3
12454,"Vans, Cargo Type",Regular,Rear-Wheel Drive,20.600625,GMC,Automatic 4-spd,6.0,4.3
12455,"Vans, Cargo Type",Regular,4-Wheel or All-Wheel Drive,21.974,GMC,Automatic 4-spd,6.0,4.3
12456,Midsize Cars,Regular,Front-Wheel Drive,12.6773076923077,Chrysler,Manual 5-spd,4.0,2.2
12457,"Vans, Cargo Type",Regular,4-Wheel or All-Wheel Drive,23.5435714285714,GMC,Automatic 4-spd,6.0,4.3
12458,"Vans, Passenger Type",Regular,Rear-Wheel Drive,20.600625,Chevrolet,Automatic 4-spd,6.0,4.3
12459,"Vans, Passenger Type",Regular,4-Wheel or All-Wheel Drive,23.5435714285714,Chevrolet,Automatic 4-spd,6.0,4.3
12460,"Vans, Passenger Type",Regular,Rear-Wheel Drive,21.974,Chevrolet,Automatic 4-spd,6.0,4.3
12461,"Vans, Passenger Type",Regular,Rear-Wheel Drive,23.5435714285714,Chevrolet,Automatic 4-spd,8.0,5.3
12462,"Vans, Passenger Type",Regular,4-Wheel or All-Wheel Drive,23.5435714285714,Chevrolet,Automatic 4-spd,8.0,5.3
12463,"Vans, Passenger Type",Regular,Rear-Wheel Drive,21.974,Ford,Automatic 4-spd,8.0,4.6
12464,"Vans, Passenger Type",Regular,Rear-Wheel Drive,25.3546153846154,Ford,Automatic 4-spd,8.0,5.4
12465,"Vans, Passenger Type",Regular,Rear-Wheel Drive,21.974,GMC,Automatic 4-spd,6.0,4.3
12466,"Vans, Passenger Type",Regular,Rear-Wheel Drive,23.5435714285714,GMC,Automatic 4-spd,8.0,5.3
12467,Midsize Cars,Premium,Front-Wheel Drive,16.4805,Chrysler,Manual 5-spd,4.0,2.2
12468,"Vans, Passenger Type",Regular,4-Wheel or All-Wheel Drive,23.5435714285714,GMC,Automatic 4-spd,8.0,5.3
12469,"Vans, Passenger Type",Regular,Rear-Wheel Drive,20.600625,GMC,Automatic 4-spd,6.0,4.3
12470,"Vans, Passenger Type",Regular,4-Wheel or All-Wheel Drive,23.5435714285714,GMC,Automatic 4-spd,6.0,4.3
12471,Minivan - 2WD,Regular,Front-Wheel Drive,18.3116666666667,Buick,Automatic 4-spd,6.0,3.5
12472,Minivan - 2WD,Regular,Front-Wheel Drive,18.3116666666667,Chevrolet,Automatic 4-spd,6.0,3.5
12473,Minivan - 2WD,Regular,Front-Wheel Drive,17.3478947368421,Chevrolet,Automatic 4-spd,6.0,3.4
12474,Minivan - 2WD,Regular,Front-Wheel Drive,17.3478947368421,Chrysler,Automatic 4-spd,6.0,3.3
12475,Minivan - 2WD,Regular,Front-Wheel Drive,18.3116666666667,Chrysler,Automatic 4-spd,6.0,3.8
12476,Minivan - 2WD,Regular,Front-Wheel Drive,16.4805,Dodge,Automatic 4-spd,4.0,2.4
12477,Minivan - 2WD,Regular,Front-Wheel Drive,16.4805,Dodge,Automatic 4-spd,6.0,3.3
12478,Midsize Cars,Regular,Front-Wheel Drive,15.6957142857143,Chrysler,Automatic 3-spd,4.0,2.5
12479,Minivan - 2WD,Regular,Front-Wheel Drive,18.3116666666667,Dodge,Automatic 4-spd,6.0,3.8
12480,Minivan - 2WD,Regular,Front-Wheel Drive,18.3116666666667,Ford,Automatic 4-spd,6.0,3.9
12481,Minivan - 2WD,Regular,Front-Wheel Drive,18.3116666666667,Ford,Automatic 4-spd,6.0,4.2
12482,Minivan - 2WD,Regular,Front-Wheel Drive,18.3116666666667,Ford,Automatic 4-spd,6.0,3.8
12483,Minivan - 2WD,Regular,Front-Wheel Drive,18.3116666666667,Ford,Automatic 4-spd,6.0,4.2
12484,Minivan - 2WD,Regular,Front-Wheel Drive,16.4805,Honda,Automatic 5-spd,6.0,3.5
12485,Minivan - 2WD,Regular,Front-Wheel Drive,17.3478947368421,Honda,Automatic 5-spd,6.0,3.5
12486,Minivan - 2WD,Regular,Front-Wheel Drive,19.3888235294118,Kia,Automatic 5-spd,6.0,3.5
12487,Minivan - 2WD,Regular,Front-Wheel Drive,17.3478947368421,Mazda,Automatic 5-spd,6.0,3.0
12488,Minivan - 2WD,Regular,Front-Wheel Drive,18.3116666666667,Mercury,Automatic 4-spd,6.0,4.2
12489,Midsize Cars,Regular,Front-Wheel Drive,13.73375,Chrysler,Manual 5-spd,4.0,2.5
12490,Minivan - 2WD,Regular,Front-Wheel Drive,17.3478947368421,Nissan,Automatic 4-spd,6.0,3.5
12491,Minivan - 2WD,Regular,Front-Wheel Drive,17.3478947368421,Nissan,Automatic 5-spd,6.0,3.5
12492,Minivan - 2WD,Regular,Front-Wheel Drive,17.3478947368421,Pontiac,Automatic 4-spd,6.0,3.4
12493,Minivan - 2WD,Regular,Front-Wheel Drive,18.3116666666667,Pontiac,Automatic 4-spd,6.0,3.5
12494,Minivan - 2WD,Regular,Front-Wheel Drive,18.3116666666667,Saturn,Automatic 4-spd,6.0,3.5
12495,Minivan - 2WD,Regular,Front-Wheel Drive,17.3478947368421,Toyota,Automatic 5-spd,6.0,3.3
12496,Minivan - 4WD,Regular,4-Wheel or All-Wheel Drive,19.3888235294118,Buick,Automatic 4-spd,6.0,3.5
12497,Minivan - 4WD,Regular,4-Wheel or All-Wheel Drive,19.3888235294118,Chevrolet,Automatic 4-spd,6.0,3.5
12498,Minivan - 4WD,Regular,4-Wheel or All-Wheel Drive,19.3888235294118,Pontiac,Automatic 4-spd,6.0,3.5
12499,Minivan - 4WD,Regular,4-Wheel or All-Wheel Drive,19.3888235294118,Saturn,Automatic 4-spd,6.0,3.5
12500,Midsize Cars,Premium,Front-Wheel Drive,17.3478947368421,Chrysler,Automatic 3-spd,4.0,2.2
12501,Minivan - 4WD,Regular,4-Wheel or All-Wheel Drive,18.3116666666667,Toyota,Automatic 5-spd,6.0,3.3
12502,Sport Utility Vehicle - 2WD,Regular,Rear-Wheel Drive,20.600625,Buick,Automatic 4-spd,6.0,4.2
12503,Sport Utility Vehicle - 2WD,Regular,Rear-Wheel Drive,20.600625,Buick,Automatic 4-spd,8.0,5.3
12504,Sport Utility Vehicle - 2WD,Regular,Front-Wheel Drive,17.3478947368421,Buick,Automatic 4-spd,6.0,3.4
12505,Sport Utility Vehicle - 2WD,Regular,Front-Wheel Drive,17.3478947368421,Buick,Automatic 4-spd,6.0,3.6
12506,Sport Utility Vehicle - 2WD,Regular,Rear-Wheel Drive,21.974,Cadillac,Automatic 4-spd,8.0,5.3
12507,Sport Utility Vehicle - 2WD,Premium,Rear-Wheel Drive,23.5435714285714,Cadillac,Automatic 4-spd,8.0,6.0
12508,Sport Utility Vehicle - 2WD,Regular,Rear-Wheel Drive,19.3888235294118,Cadillac,Automatic (S5),6.0,3.6
12509,Sport Utility Vehicle - 2WD,Premium,Rear-Wheel Drive,20.600625,Cadillac,Automatic (S5),8.0,4.6
12510,Sport Utility Vehicle - 2WD,Regular,Rear-Wheel Drive,19.3888235294118,Chevrolet,Automatic 4-spd,6.0,4.3
12511,Midsize Cars,Premium,Front-Wheel Drive,17.3478947368421,Chrysler,Automatic 3-spd,4.0,2.2
12512,Sport Utility Vehicle - 2WD,Regular,Rear-Wheel Drive,20.600625,Chevrolet,Manual 5-spd,6.0,4.3
12513,Sport Utility Vehicle - 2WD,Regular,Rear-Wheel Drive,20.600625,Chevrolet,Automatic 4-spd,8.0,4.8
12514,Sport Utility Vehicle - 2WD,Regular,Rear-Wheel Drive,21.974,Chevrolet,Automatic 4-spd,8.0,5.3
12515,Sport Utility Vehicle - 2WD,Regular,Front-Wheel Drive,17.3478947368421,Chevrolet,Automatic 5-spd,6.0,3.4
12516,Sport Utility Vehicle - 2WD,Regular,Rear-Wheel Drive,20.600625,Chevrolet,Automatic 4-spd,6.0,4.2
12517,Sport Utility Vehicle - 2WD,Regular,Rear-Wheel Drive,21.974,Chevrolet,Automatic 4-spd,6.0,4.2
12518,Sport Utility Vehicle - 2WD,Regular,Rear-Wheel Drive,21.974,Chevrolet,Automatic 4-spd,8.0,5.3
12519,Sport Utility Vehicle - 2WD,Regular,Front-Wheel Drive,19.3888235294118,Chrysler,Automatic 4-spd,6.0,3.5
12520,Sport Utility Vehicle - 2WD,Regular,Front-Wheel Drive,18.3116666666667,Chrysler,Automatic 4-spd,6.0,3.8
12521,Sport Utility Vehicle - 2WD,Premium,Front-Wheel Drive,17.3478947368421,Chrysler,Automatic 4-spd,4.0,2.4
12522,Midsize Cars,Regular,Front-Wheel Drive,15.6957142857143,Chrysler,Automatic 3-spd,4.0,2.5
12523,Sport Utility Vehicle - 2WD,Regular,Front-Wheel Drive,15.6957142857143,Chrysler,Automatic 4-spd,4.0,2.4
12524,Sport Utility Vehicle - 2WD,Premium,Front-Wheel Drive,15.6957142857143,Chrysler,Manual 5-spd,4.0,2.4
12525,Sport Utility Vehicle - 2WD,Regular,Front-Wheel Drive,14.9822727272727,Chrysler,Manual 5-spd,4.0,2.4
12526,Sport Utility Vehicle - 2WD,Premium,Front-Wheel Drive,17.3478947368421,Chrysler,Automatic 4-spd,4.0,2.4
12527,Sport Utility Vehicle - 2WD,Regular,Front-Wheel Drive,15.6957142857143,Chrysler,Automatic 4-spd,4.0,2.4
12528,Sport Utility Vehicle - 2WD,Premium,Front-Wheel Drive,15.6957142857143,Chrysler,Manual 5-spd,4.0,2.4
12529,Sport Utility Vehicle - 2WD,Regular,Front-Wheel Drive,14.9822727272727,Chrysler,Manual 5-spd,4.0,2.4
12530,Sport Utility Vehicle - 2WD,Regular,Rear-Wheel Drive,20.600625,Dodge,Automatic 4-spd,6.0,3.7
12531,Sport Utility Vehicle - 2WD,Regular,Rear-Wheel Drive,23.5435714285714,Dodge,Automatic 5-spd,8.0,4.7
12532,Sport Utility Vehicle - 2WD,Regular,Rear-Wheel Drive,23.5435714285714,Dodge,Automatic 5-spd,8.0,5.7
12533,Midsize Cars,Premium,Rear-Wheel Drive,20.600625,Chrysler,Automatic 3-spd,8.0,5.2
12534,Sport Utility Vehicle - 2WD,Regular,Rear-Wheel Drive,15.6957142857143,Dodge,Automatic 4-spd,6.0,2.7
12535,Sport Utility Vehicle - 2WD,Regular,Rear-Wheel Drive,16.4805,Dodge,Automatic 4-spd,6.0,3.5
12536,Sport Utility Vehicle - 2WD,Regular,Rear-Wheel Drive,18.3116666666667,Dodge,Automatic 5-spd,8.0,5.7
12537,Sport Utility Vehicle - 2WD,Regular,Front-Wheel Drive,15.6957142857143,Ford,Automatic 4-spd,4.0,2.3
12538,Sport Utility Vehicle - 2WD,Regular,Front-Wheel Drive,13.73375,Ford,Manual 5-spd,4.0,2.3
12539,Sport Utility Vehicle - 2WD,Regular,Front-Wheel Drive,17.3478947368421,Ford,Automatic 4-spd,6.0,3.0
12540,Sport Utility Vehicle - 2WD,Regular,Front-Wheel Drive,11.3658620689655,Ford,Automatic (variable gear ratios),4.0,2.3
12541,Sport Utility Vehicle - 2WD,Regular,Rear-Wheel Drive,23.5435714285714,Ford,Automatic 4-spd,8.0,5.4
12542,Sport Utility Vehicle - 2WD,Regular,Rear-Wheel Drive,20.600625,Ford,Automatic 5-spd,6.0,4.0
12543,Sport Utility Vehicle - 2WD,Regular,Rear-Wheel Drive,21.974,Ford,Automatic 5-spd,8.0,4.6
12544,Midsize Cars,Regular,Front-Wheel Drive,14.3308695652174,Dodge,Automatic 3-spd,4.0,2.2
12545,Sport Utility Vehicle - 2WD,Regular,Front-Wheel Drive,16.4805,Ford,Automatic (variable gear ratios),6.0,3.0
12546,Sport Utility Vehicle - 2WD,Regular,Rear-Wheel Drive,20.600625,GMC,Automatic 4-spd,8.0,4.8
12547,Sport Utility Vehicle - 2WD,Regular,Rear-Wheel Drive,21.974,GMC,Automatic 4-spd,8.0,5.3
12548,Sport Utility Vehicle - 2WD,Regular,Rear-Wheel Drive,20.600625,GMC,Automatic 4-spd,6.0,4.2
12549,Sport Utility Vehicle - 2WD,Regular,Rear-Wheel Drive,21.974,GMC,Automatic 4-spd,6.0,4.2
12550,Sport Utility Vehicle - 2WD,Regular,Rear-Wheel Drive,21.974,GMC,Automatic 4-spd,8.0,5.3
12551,Sport Utility Vehicle - 2WD,Regular,Rear-Wheel Drive,21.974,GMC,Automatic 4-spd,6.0,4.2
12552,Sport Utility Vehicle - 2WD,Regular,Rear-Wheel Drive,20.600625,GMC,Automatic 4-spd,8.0,5.3
12553,Sport Utility Vehicle - 2WD,Regular,Front-Wheel Drive,14.3308695652174,Honda,Automatic 5-spd,4.0,2.4
12554,Sport Utility Vehicle - 2WD,Regular,Front-Wheel Drive,16.4805,Hyundai,Automatic 4-spd,4.0,2.4
12555,Subcompact Cars,Premium,Front-Wheel Drive,16.4805,Pontiac,Automatic 3-spd,4.0,1.8
12556,Midsize Cars,Regular,Front-Wheel Drive,14.9822727272727,Dodge,Automatic 3-spd,4.0,2.2
12557,Sport Utility Vehicle - 2WD,Regular,Front-Wheel Drive,16.4805,Hyundai,Manual 5-spd,4.0,2.4
12558,Sport Utility Vehicle - 2WD,Regular,Front-Wheel Drive,17.3478947368421,Hyundai,Automatic 4-spd,6.0,2.7
12559,Sport Utility Vehicle - 2WD,Regular,Front-Wheel Drive,18.3116666666667,Hyundai,Automatic 5-spd,6.0,3.5
12560,Sport Utility Vehicle - 2WD,Regular,Front-Wheel Drive,14.9822727272727,Hyundai,Automatic 4-spd,4.0,2.0
12561,Sport Utility Vehicle - 2WD,Regular,Front-Wheel Drive,14.9822727272727,Hyundai,Manual 5-spd,4.0,2.0
12562,Sport Utility Vehicle - 2WD,Regular,Front-Wheel Drive,16.4805,Hyundai,Automatic 4-spd,6.0,2.7
12563,Sport Utility Vehicle - 2WD,Regular,Rear-Wheel Drive,18.3116666666667,Infiniti,Automatic (S5),6.0,3.5
12564,Sport Utility Vehicle - 2WD,Regular,Rear-Wheel Drive,23.5435714285714,Infiniti,Automatic 5-spd,8.0,5.6
12565,Sport Utility Vehicle - 2WD,Regular,Rear-Wheel Drive,20.600625,Isuzu,Automatic 4-spd,6.0,4.2
12566,Sport Utility Vehicle - 2WD,Regular,Rear-Wheel Drive,21.974,Isuzu,Automatic 4-spd,6.0,4.2
12567,Midsize Cars,Regular,Front-Wheel Drive,12.6773076923077,Dodge,Manual 5-spd,4.0,2.2
12568,Sport Utility Vehicle - 2WD,Regular,Rear-Wheel Drive,21.974,Isuzu,Automatic 4-spd,8.0,5.3
12569,Sport Utility Vehicle - 2WD,Regular,Rear-Wheel Drive,19.3888235294118,Jeep,Automatic 5-spd,6.0,3.7
12570,Sport Utility Vehicle - 2WD,Regular,Rear-Wheel Drive,21.974,Jeep,Automatic 5-spd,8.0,4.7
12571,Sport Utility Vehicle - 2WD,Regular,Rear-Wheel Drive,16.4805,Jeep,Manual 6-spd,4.0,2.4
12572,Sport Utility Vehicle - 2WD,Regular,Rear-Wheel Drive,19.3888235294118,Jeep,Automatic 4-spd,6.0,3.7
12573,Sport Utility Vehicle - 2WD,Regular,Rear-Wheel Drive,19.3888235294118,Jeep,Manual 6-spd,6.0,3.7
12574,Sport Utility Vehicle - 2WD,Regular,Rear-Wheel Drive,20.600625,Kia,Automatic 5-spd,6.0,3.5
12575,Sport Utility Vehicle - 2WD,Regular,Rear-Wheel Drive,20.600625,Kia,Manual 5-spd,6.0,3.5
12576,Sport Utility Vehicle - 2WD,Regular,Front-Wheel Drive,16.4805,Lexus,Automatic 5-spd,6.0,3.3
12577,Sport Utility Vehicle - 2WD,Regular,Front-Wheel Drive,17.3478947368421,Lexus,Automatic (S5),6.0,3.3
12578,Midsize Cars,Regular,Front-Wheel Drive,17.3478947368421,Dodge,Automatic 3-spd,4.0,2.5
12579,Sport Utility Vehicle - 2WD,Premium,Rear-Wheel Drive,25.3546153846154,Lincoln,Automatic 5-spd,8.0,4.6
12580,Sport Utility Vehicle - 2WD,Premium,Rear-Wheel Drive,25.3546153846154,Lincoln,Automatic 6-spd,8.0,5.4
12581,Sport Utility Vehicle - 2WD,Regular,Front-Wheel Drive,15.6957142857143,Mazda,Automatic 4-spd,4.0,2.3
12582,Sport Utility Vehicle - 2WD,Regular,Front-Wheel Drive,13.73375,Mazda,Manual 5-spd,4.0,2.3
12583,Sport Utility Vehicle - 2WD,Regular,Front-Wheel Drive,17.3478947368421,Mazda,Automatic 4-spd,6.0,3.0
12584,Sport Utility Vehicle - 2WD,Regular,Front-Wheel Drive,15.6957142857143,Mercury,Automatic 4-spd,4.0,2.3
12585,Sport Utility Vehicle - 2WD,Regular,Front-Wheel Drive,17.3478947368421,Mercury,Automatic 4-spd,6.0,3.0
12586,Sport Utility Vehicle - 2WD,Regular,Rear-Wheel Drive,20.600625,Mercury,Automatic 5-spd,6.0,4.0
12587,Sport Utility Vehicle - 2WD,Regular,Rear-Wheel Drive,21.974,Mercury,Automatic 5-spd,8.0,4.6
12588,Sport Utility Vehicle - 2WD,Premium,Front-Wheel Drive,18.3116666666667,Mitsubishi,Automatic (S4),6.0,3.8
12589,Midsize Cars,Regular,Front-Wheel Drive,15.6957142857143,Dodge,Automatic 3-spd,4.0,2.5
12590,Sport Utility Vehicle - 2WD,Regular,Front-Wheel Drive,14.9822727272727,Mitsubishi,Manual 5-spd,4.0,2.4
12591,Sport Utility Vehicle - 2WD,Regular,Front-Wheel Drive,15.6957142857143,Mitsubishi,Automatic (S4),4.0,2.4
12592,Sport Utility Vehicle - 2WD,Regular,Rear-Wheel Drive,23.5435714285714,Nissan,Automatic 5-spd,8.0,5.6
12593,Sport Utility Vehicle - 2WD,Regular,Front-Wheel Drive,16.4805,Nissan,Automatic (variable gear ratios),6.0,3.5
12594,Sport Utility Vehicle - 2WD,Regular,Rear-Wheel Drive,19.3888235294118,Nissan,Automatic 5-spd,6.0,4.0
12595,Sport Utility Vehicle - 2WD,Regular,Front-Wheel Drive,17.3478947368421,Pontiac,Automatic 4-spd,6.0,3.4
12596,Sport Utility Vehicle - 2WD,Regular,Front-Wheel Drive,14.9822727272727,Saturn,Automatic (variable gear ratios),4.0,2.2
12597,Sport Utility Vehicle - 2WD,Regular,Front-Wheel Drive,15.6957142857143,Saturn,Automatic 4-spd,4.0,2.2
12598,Sport Utility Vehicle - 2WD,Regular,Front-Wheel Drive,14.3308695652174,Saturn,Manual 5-spd,4.0,2.2
12599,Sport Utility Vehicle - 2WD,Regular,Front-Wheel Drive,16.4805,Saturn,Automatic 5-spd,6.0,3.5
12600,Midsize Cars,Regular,Rear-Wheel Drive,21.974,Dodge,Automatic 3-spd,8.0,5.2
12601,Sport Utility Vehicle - 2WD,Regular,Rear-Wheel Drive,18.3116666666667,Suzuki,Automatic 4-spd,6.0,2.5
12602,Sport Utility Vehicle - 2WD,Regular,Rear-Wheel Drive,18.3116666666667,Suzuki,Manual 5-spd,6.0,2.5
12603,Sport Utility Vehicle - 2WD,Regular,Rear-Wheel Drive,18.3116666666667,Suzuki,Automatic 5-spd,6.0,2.7
12604,Sport Utility Vehicle - 2WD,Regular,Rear-Wheel Drive,19.3888235294118,Suzuki,Manual 5-spd,6.0,2.7
12605,Sport Utility Vehicle - 2WD,Regular,Rear-Wheel Drive,18.3116666666667,Toyota,Automatic 5-spd,6.0,4.0
12606,Sport Utility Vehicle - 2WD,Regular,Front-Wheel Drive,14.9822727272727,Toyota,Automatic 4-spd,4.0,2.4
12607,Sport Utility Vehicle - 2WD,Regular,Front-Wheel Drive,17.3478947368421,Toyota,Automatic 5-spd,6.0,3.3
12608,Sport Utility Vehicle - 2WD,Regular,Front-Wheel Drive,14.3308695652174,Toyota,Automatic 4-spd,4.0,2.4
12609,Sport Utility Vehicle - 2WD,Regular,Front-Wheel Drive,14.3308695652174,Toyota,Manual 5-spd,4.0,2.4
12610,Sport Utility Vehicle - 2WD,Regular,Rear-Wheel Drive,21.974,Toyota,Automatic 5-spd,8.0,4.7
12611,Midsize Cars,Premium,Rear-Wheel Drive,20.600625,Dodge,Automatic 3-spd,8.0,5.2
12612,Sport Utility Vehicle - 2WD,Premium,Front-Wheel Drive,18.3116666666667,Volvo,Automatic (S5),5.0,2.5
12613,Sport Utility Vehicle - 4WD,Premium,4-Wheel or All-Wheel Drive,19.3888235294118,Acura,Automatic 5-spd,6.0,3.5
12614,Sport Utility Vehicle - 4WD,Premium,4-Wheel or All-Wheel Drive,19.3888235294118,Audi,Manual 6-spd,6.0,2.7
12615,Sport Utility Vehicle - 4WD,Premium,4-Wheel or All-Wheel Drive,19.3888235294118,Audi,Automatic (S5),6.0,2.7
12616,Sport Utility Vehicle - 4WD,Premium,4-Wheel or All-Wheel Drive,20.600625,Audi,Automatic (S5),8.0,4.2
12617,Sport Utility Vehicle - 4WD,Premium,4-Wheel or All-Wheel Drive,18.3116666666667,BMW,Manual 6-spd,6.0,2.5
12618,Sport Utility Vehicle - 4WD,Premium,4-Wheel or All-Wheel Drive,19.3888235294118,BMW,Automatic (S5),6.0,2.5
12619,Sport Utility Vehicle - 4WD,Premium,4-Wheel or All-Wheel Drive,18.3116666666667,BMW,Manual 6-spd,6.0,3.0
12620,Sport Utility Vehicle - 4WD,Premium,4-Wheel or All-Wheel Drive,19.3888235294118,BMW,Automatic (S5),6.0,3.0
12621,Sport Utility Vehicle - 4WD,Premium,4-Wheel or All-Wheel Drive,20.600625,BMW,Manual 6-spd,6.0,3.0
12622,Midsize Cars,Regular,Rear-Wheel Drive,27.4675,Dodge,Automatic 3-spd,8.0,5.2
12623,Sport Utility Vehicle - 4WD,Premium,4-Wheel or All-Wheel Drive,20.600625,BMW,Automatic (S5),6.0,3.0
12624,Sport Utility Vehicle - 4WD,Premium,4-Wheel or All-Wheel Drive,20.600625,BMW,Automatic (S6),8.0,4.4
12625,Sport Utility Vehicle - 4WD,Premium,4-Wheel or All-Wheel Drive,20.600625,BMW,Automatic (S6),8.0,4.8
12626,Sport Utility Vehicle - 4WD,Regular,4-Wheel or All-Wheel Drive,20.600625,Buick,Automatic 4-spd,6.0,4.2
12627,Sport Utility Vehicle - 4WD,Regular,4-Wheel or All-Wheel Drive,21.974,Buick,Automatic 4-spd,8.0,5.3
12628,Sport Utility Vehicle - 4WD,Regular,4-Wheel or All-Wheel Drive,18.3116666666667,Buick,Automatic 4-spd,6.0,3.4
12629,Sport Utility Vehicle - 4WD,Regular,4-Wheel or All-Wheel Drive,18.3116666666667,Buick,Automatic 4-spd,6.0,3.6
12630,Sport Utility Vehicle - 4WD,Premium,4-Wheel or All-Wheel Drive,25.3546153846154,Cadillac,Automatic 4-spd,8.0,6.0
12631,Sport Utility Vehicle - 4WD,Premium,4-Wheel or All-Wheel Drive,25.3546153846154,Cadillac,Automatic 4-spd,8.0,6.0
12632,Sport Utility Vehicle - 4WD,Premium,4-Wheel or All-Wheel Drive,25.3546153846154,Cadillac,Automatic 4-spd,8.0,6.0
12633,Midsize Cars,Premium,Front-Wheel Drive,17.3478947368421,Dodge,Automatic 3-spd,4.0,2.2
12634,Sport Utility Vehicle - 4WD,Regular,4-Wheel or All-Wheel Drive,19.3888235294118,Cadillac,Automatic (S5),6.0,3.6
12635,Sport Utility Vehicle - 4WD,Premium,4-Wheel or All-Wheel Drive,21.974,Cadillac,Automatic (S5),8.0,4.6
12636,Sport Utility Vehicle - 4WD,Regular,4-Wheel or All-Wheel Drive,21.974,Chevrolet,Automatic 4-spd,6.0,4.3
12637,Sport Utility Vehicle - 4WD,Regular,4-Wheel or All-Wheel Drive,21.974,Chevrolet,Manual 5-spd,6.0,4.3
12638,Sport Utility Vehicle - 4WD,Regular,4-Wheel or All-Wheel Drive,17.3478947368421,Chevrolet,Automatic 5-spd,6.0,3.4
12639,Sport Utility Vehicle - 4WD,Regular,4-Wheel or All-Wheel Drive,21.974,Chevrolet,Automatic 4-spd,8.0,5.3
12640,Sport Utility Vehicle - 4WD,Regular,4-Wheel or All-Wheel Drive,20.600625,Chevrolet,Automatic 4-spd,8.0,4.8
12641,Sport Utility Vehicle - 4WD,Regular,4-Wheel or All-Wheel Drive,21.974,Chevrolet,Automatic 4-spd,8.0,5.3
12642,Sport Utility Vehicle - 4WD,Regular,4-Wheel or All-Wheel Drive,21.974,Chevrolet,Automatic 4-spd,8.0,5.3
12643,Sport Utility Vehicle - 4WD,Regular,4-Wheel or All-Wheel Drive,20.600625,Chevrolet,Automatic 4-spd,6.0,4.2
12644,Midsize Cars,Regular,Front-Wheel Drive,14.9822727272727,Dodge,Automatic 3-spd,4.0,2.2
12645,Sport Utility Vehicle - 4WD,Regular,4-Wheel or All-Wheel Drive,23.5435714285714,Chevrolet,Automatic 4-spd,6.0,4.2
12646,Sport Utility Vehicle - 4WD,Regular,4-Wheel or All-Wheel Drive,21.974,Chevrolet,Automatic 4-spd,8.0,5.3
12647,Sport Utility Vehicle - 4WD,Regular,4-Wheel or All-Wheel Drive,19.3888235294118,Chrysler,Automatic 4-spd,6.0,3.5
12648,Sport Utility Vehicle - 4WD,Regular,4-Wheel or All-Wheel Drive,23.5435714285714,Dodge,Automatic 5-spd,8.0,4.7
12649,Sport Utility Vehicle - 4WD,Regular,4-Wheel or All-Wheel Drive,23.5435714285714,Dodge,Automatic 5-spd,8.0,5.7
12650,Sport Utility Vehicle - 4WD,Regular,4-Wheel or All-Wheel Drive,18.3116666666667,Dodge,Automatic 5-spd,6.0,3.5
12651,Sport Utility Vehicle - 4WD,Regular,4-Wheel or All-Wheel Drive,18.3116666666667,Dodge,Automatic 5-spd,8.0,5.7
12652,Sport Utility Vehicle - 4WD,Regular,4-Wheel or All-Wheel Drive,18.3116666666667,Ford,Automatic 4-spd,4.0,2.3
12653,Sport Utility Vehicle - 4WD,Regular,4-Wheel or All-Wheel Drive,15.6957142857143,Ford,Manual 5-spd,4.0,2.3
12654,Sport Utility Vehicle - 4WD,Regular,4-Wheel or All-Wheel Drive,19.3888235294118,Ford,Automatic 4-spd,6.0,3.0
12655,Midsize Cars,Regular,Front-Wheel Drive,12.6773076923077,Dodge,Manual 5-spd,4.0,2.2
12656,Sport Utility Vehicle - 4WD,Regular,4-Wheel or All-Wheel Drive,12.2077777777778,Ford,Automatic (variable gear ratios),4.0,2.3
12657,Sport Utility Vehicle - 4WD,Regular,4-Wheel or All-Wheel Drive,23.5435714285714,Ford,Automatic 4-spd,8.0,5.4
12658,Sport Utility Vehicle - 4WD,Regular,4-Wheel or All-Wheel Drive,21.974,Ford,Automatic 5-spd,6.0,4.0
12659,Sport Utility Vehicle - 4WD,Regular,4-Wheel or All-Wheel Drive,23.5435714285714,Ford,Automatic 5-spd,8.0,4.6
12660,Sport Utility Vehicle - 4WD,Regular,4-Wheel or All-Wheel Drive,17.3478947368421,Ford,Automatic (variable gear ratios),6.0,3.0
12661,Sport Utility Vehicle - 4WD,Regular,4-Wheel or All-Wheel Drive,20.600625,GMC,Automatic 4-spd,6.0,4.2
12662,Sport Utility Vehicle - 4WD,Regular,4-Wheel or All-Wheel Drive,23.5435714285714,GMC,Automatic 4-spd,6.0,4.2
12663,Sport Utility Vehicle - 4WD,Regular,4-Wheel or All-Wheel Drive,21.974,GMC,Automatic 4-spd,8.0,5.3
12664,Sport Utility Vehicle - 4WD,Regular,4-Wheel or All-Wheel Drive,23.5435714285714,GMC,Automatic 4-spd,6.0,4.2
12665,Sport Utility Vehicle - 4WD,Regular,4-Wheel or All-Wheel Drive,21.974,GMC,Automatic 4-spd,8.0,5.3
12666,Subcompact Cars,Regular,Front-Wheel Drive,14.3308695652174,Pontiac,Automatic 3-spd,4.0,1.8
12667,Midsize Cars,Premium,Front-Wheel Drive,16.4805,Dodge,Manual 5-spd,4.0,2.2
12668,Sport Utility Vehicle - 4WD,Regular,4-Wheel or All-Wheel Drive,20.600625,GMC,Automatic 4-spd,8.0,4.8
12669,Sport Utility Vehicle - 4WD,Regular,4-Wheel or All-Wheel Drive,21.974,GMC,Automatic 4-spd,8.0,5.3
12670,Sport Utility Vehicle - 4WD,Regular,4-Wheel or All-Wheel Drive,21.974,GMC,Automatic 4-spd,8.0,5.3
12671,Sport Utility Vehicle - 4WD,Premium,4-Wheel or All-Wheel Drive,25.3546153846154,GMC,Automatic 4-spd,8.0,6.0
12672,Sport Utility Vehicle - 4WD,Premium,4-Wheel or All-Wheel Drive,25.3546153846154,GMC,Automatic 4-spd,8.0,6.0
12673,Sport Utility Vehicle - 4WD,Regular,4-Wheel or All-Wheel Drive,14.9822727272727,Honda,Automatic 5-spd,4.0,2.4
12674,Sport Utility Vehicle - 4WD,Regular,4-Wheel or All-Wheel Drive,15.6957142857143,Honda,Manual 5-spd,4.0,2.4
12675,Sport Utility Vehicle - 4WD,Regular,4-Wheel or All-Wheel Drive,19.3888235294118,Honda,Automatic 5-spd,6.0,3.5
12676,Sport Utility Vehicle - 4WD,Regular,4-Wheel or All-Wheel Drive,18.3116666666667,Hyundai,Automatic 4-spd,6.0,2.7
12677,Sport Utility Vehicle - 4WD,Regular,4-Wheel or All-Wheel Drive,19.3888235294118,Hyundai,Automatic 5-spd,6.0,3.5
12678,Midsize Cars,Regular,Front-Wheel Drive,15.6957142857143,Dodge,Automatic 3-spd,4.0,2.5
12679,Sport Utility Vehicle - 4WD,Regular,4-Wheel or All-Wheel Drive,15.6957142857143,Hyundai,Manual 5-spd,4.0,2.0
12680,Sport Utility Vehicle - 4WD,Regular,4-Wheel or All-Wheel Drive,17.3478947368421,Hyundai,Automatic 4-spd,6.0,2.7
12681,Sport Utility Vehicle - 4WD,Regular,4-Wheel or All-Wheel Drive,19.3888235294118,Infiniti,Automatic (S5),6.0,3.5
12682,Sport Utility Vehicle - 4WD,Premium,4-Wheel or All-Wheel Drive,21.974,Infiniti,Automatic (S5),8.0,4.5
12683,Sport Utility Vehicle - 4WD,Regular,4-Wheel or All-Wheel Drive,23.5435714285714,Infiniti,Automatic 5-spd,8.0,5.6
12684,Sport Utility Vehicle - 4WD,Regular,4-Wheel or All-Wheel Drive,20.600625,Isuzu,Automatic 4-spd,6.0,4.2
12685,Sport Utility Vehicle - 4WD,Regular,4-Wheel or All-Wheel Drive,20.600625,Isuzu,Automatic 4-spd,6.0,4.2
12686,Sport Utility Vehicle - 4WD,Regular,4-Wheel or All-Wheel Drive,21.974,Isuzu,Automatic 4-spd,8.0,5.3
12687,Sport Utility Vehicle - 4WD,Regular,4-Wheel or All-Wheel Drive,19.3888235294118,Jeep,Automatic 5-spd,6.0,3.7
12688,Sport Utility Vehicle - 4WD,Regular,4-Wheel or All-Wheel Drive,23.5435714285714,Jeep,Automatic 5-spd,8.0,5.7
12689,Midsize Cars,Regular,Front-Wheel Drive,13.73375,Dodge,Manual 5-spd,4.0,2.5
12690,Sport Utility Vehicle - 4WD,Regular,4-Wheel or All-Wheel Drive,16.4805,Jeep,Manual 6-spd,4.0,2.4
12691,Sport Utility Vehicle - 4WD,Regular,4-Wheel or All-Wheel Drive,19.3888235294118,Jeep,Automatic 4-spd,6.0,3.7
12692,Sport Utility Vehicle - 4WD,Regular,4-Wheel or All-Wheel Drive,19.3888235294118,Jeep,Manual 6-spd,6.0,3.7
12693,Sport Utility Vehicle - 4WD,Regular,4-Wheel or All-Wheel Drive,19.3888235294118,Jeep,Manual 6-spd,4.0,2.4
12694,Sport Utility Vehicle - 4WD,Regular,4-Wheel or All-Wheel Drive,23.5435714285714,Jeep,Automatic 4-spd,6.0,4.0
12695,Sport Utility Vehicle - 4WD,Regular,4-Wheel or All-Wheel Drive,21.974,Jeep,Manual 6-spd,6.0,4.0
12696,Sport Utility Vehicle - 4WD,Regular,4-Wheel or All-Wheel Drive,21.974,Kia,Automatic 5-spd,6.0,3.5
12697,Sport Utility Vehicle - 4WD,Regular,4-Wheel or All-Wheel Drive,20.600625,Kia,Manual 5-spd,6.0,3.5
12698,Sport Utility Vehicle - 4WD,Regular,4-Wheel or All-Wheel Drive,19.3888235294118,Land Rover,Automatic (S5),6.0,2.5
12699,Sport Utility Vehicle - 4WD,Regular,4-Wheel or All-Wheel Drive,23.5435714285714,Land Rover,Automatic (S6),6.0,4.0
12700,Midsize Cars,Regular,Front-Wheel Drive,14.9822727272727,Dodge,Automatic 3-spd,4.0,2.2
12701,Sport Utility Vehicle - 4WD,Regular,4-Wheel or All-Wheel Drive,23.5435714285714,Land Rover,Automatic (S6),8.0,4.4
12702,Sport Utility Vehicle - 4WD,Premium,4-Wheel or All-Wheel Drive,27.4675,Land Rover,Automatic (S5),8.0,4.4
12703,Sport Utility Vehicle - 4WD,Regular,4-Wheel or All-Wheel Drive,25.3546153846154,Lexus,Automatic 5-spd,8.0,4.7
12704,Sport Utility Vehicle - 4WD,Regular,4-Wheel or All-Wheel Drive,17.3478947368421,Lexus,Automatic 5-spd,6.0,3.3
12705,Sport Utility Vehicle - 4WD,Regular,4-Wheel or All-Wheel Drive,18.3116666666667,Lexus,Automatic (S5),6.0,3.3
12706,Sport Utility Vehicle - 4WD,Premium,4-Wheel or All-Wheel Drive,25.3546153846154,Lincoln,Automatic 5-spd,8.0,4.6
12707,Sport Utility Vehicle - 4WD,Regular,4-Wheel or All-Wheel Drive,18.3116666666667,Mazda,Automatic 4-spd,4.0,2.3
12708,Sport Utility Vehicle - 4WD,Regular,4-Wheel or All-Wheel Drive,15.6957142857143,Mazda,Manual 5-spd,4.0,2.3
12709,Sport Utility Vehicle - 4WD,Regular,4-Wheel or All-Wheel Drive,19.3888235294118,Mazda,Automatic 4-spd,6.0,3.0
12710,Sport Utility Vehicle - 4WD,Premium,4-Wheel or All-Wheel Drive,27.4675,Mercedes-Benz,Automatic 5-spd,8.0,5.0
12711,Midsize Cars,Premium,Front-Wheel Drive,17.3478947368421,Dodge,Automatic 3-spd,4.0,2.2
12712,Sport Utility Vehicle - 4WD,Premium,4-Wheel or All-Wheel Drive,27.4675,Mercedes-Benz,Automatic 5-spd,8.0,5.4
12713,Sport Utility Vehicle - 4WD,Premium,4-Wheel or All-Wheel Drive,21.974,Mercedes-Benz,Automatic 5-spd,6.0,3.7
12714,Sport Utility Vehicle - 4WD,Premium,4-Wheel or All-Wheel Drive,23.5435714285714,Mercedes-Benz,Automatic 5-spd,8.0,5.0
12715,Sport Utility Vehicle - 4WD,Regular,4-Wheel or All-Wheel Drive,17.3478947368421,Mercury,Automatic 4-spd,4.0,2.3
12716,Sport Utility Vehicle - 4WD,Regular,4-Wheel or All-Wheel Drive,18.3116666666667,Mercury,Automatic 4-spd,6.0,3.0
12717,Sport Utility Vehicle - 4WD,Regular,4-Wheel or All-Wheel Drive,23.5435714285714,Mercury,Automatic 5-spd,6.0,4.0
12718,Sport Utility Vehicle - 4WD,Regular,4-Wheel or All-Wheel Drive,23.5435714285714,Mercury,Automatic 5-spd,8.0,4.6
12719,Sport Utility Vehicle - 4WD,Premium,4-Wheel or All-Wheel Drive,19.3888235294118,Mitsubishi,Automatic (S4),6.0,3.8
12720,Sport Utility Vehicle - 4WD,Premium,4-Wheel or All-Wheel Drive,21.974,Mitsubishi,Automatic (S5),6.0,3.8
12721,Sport Utility Vehicle - 4WD,Regular,4-Wheel or All-Wheel Drive,15.6957142857143,Mitsubishi,Manual 5-spd,4.0,2.4
12722,Midsize Cars,Regular,Front-Wheel Drive,15.6957142857143,Dodge,Automatic 3-spd,4.0,2.5
12723,Sport Utility Vehicle - 4WD,Regular,4-Wheel or All-Wheel Drive,16.4805,Mitsubishi,Automatic (S4),4.0,2.4
12724,Sport Utility Vehicle - 4WD,Regular,4-Wheel or All-Wheel Drive,23.5435714285714,Nissan,Automatic 5-spd,8.0,5.6
12725,Sport Utility Vehicle - 4WD,Regular,4-Wheel or All-Wheel Drive,16.4805,Nissan,Automatic (variable gear ratios),6.0,3.5
12726,Sport Utility Vehicle - 4WD,Regular,4-Wheel or All-Wheel Drive,20.600625,Nissan,Automatic 5-spd,6.0,4.0
12727,Sport Utility Vehicle - 4WD,Regular,4-Wheel or All-Wheel Drive,18.3116666666667,Pontiac,Automatic 4-spd,6.0,3.4
12728,Sport Utility Vehicle - 4WD,Premium,4-Wheel or All-Wheel Drive,21.974,Porsche,Automatic 5-spd,6.0,3.2
12729,Sport Utility Vehicle - 4WD,Premium,4-Wheel or All-Wheel Drive,21.974,Porsche,Manual 6-spd,6.0,3.2
12730,Sport Utility Vehicle - 4WD,Premium,4-Wheel or All-Wheel Drive,23.5435714285714,Porsche,Automatic 5-spd,8.0,4.5
12731,Sport Utility Vehicle - 4WD,Premium,4-Wheel or All-Wheel Drive,23.5435714285714,Porsche,Automatic 5-spd,8.0,4.5
12732,Sport Utility Vehicle - 4WD,Regular,4-Wheel or All-Wheel Drive,15.6957142857143,Saturn,Automatic (variable gear ratios),4.0,2.2
12733,Midsize Cars,Regular,Rear-Wheel Drive,16.4805,Ford,Automatic 3-spd,4.0,2.3
12734,Sport Utility Vehicle - 4WD,Regular,4-Wheel or All-Wheel Drive,17.3478947368421,Saturn,Automatic 5-spd,6.0,3.5
12735,Sport Utility Vehicle - 4WD,Regular,4-Wheel or All-Wheel Drive,15.6957142857143,Subaru,Automatic 4-spd,4.0,2.5
12736,Sport Utility Vehicle - 4WD,Premium,4-Wheel or All-Wheel Drive,17.3478947368421,Subaru,Manual 5-spd,4.0,2.5
12737,Sport Utility Vehicle - 4WD,Regular,4-Wheel or All-Wheel Drive,15.6957142857143,Subaru,Manual 5-spd,4.0,2.5
12738,Sport Utility Vehicle - 4WD,Premium,4-Wheel or All-Wheel Drive,18.3116666666667,Subaru,Automatic (S4),4.0,2.5
12739,Sport Utility Vehicle - 4WD,Premium,4-Wheel or All-Wheel Drive,17.3478947368421,Subaru,Automatic 4-spd,4.0,2.5
12740,Sport Utility Vehicle - 4WD,Regular,4-Wheel or All-Wheel Drive,14.9822727272727,Subaru,Automatic 4-spd,4.0,2.5
12741,Sport Utility Vehicle - 4WD,Premium,4-Wheel or All-Wheel Drive,17.3478947368421,Subaru,Manual 5-spd,4.0,2.5
12742,Sport Utility Vehicle - 4WD,Regular,4-Wheel or All-Wheel Drive,14.3308695652174,Subaru,Manual 5-spd,4.0,2.5
12743,Sport Utility Vehicle - 4WD,Premium,4-Wheel or All-Wheel Drive,16.4805,Subaru,Automatic (S5),6.0,3.0
12744,Midsize Cars,Regular,Rear-Wheel Drive,18.3116666666667,Ford,Automatic 3-spd,6.0,3.8
12745,Sport Utility Vehicle - 4WD,Premium,4-Wheel or All-Wheel Drive,17.3478947368421,Subaru,Manual 5-spd,4.0,2.5
12746,Sport Utility Vehicle - 4WD,Regular,4-Wheel or All-Wheel Drive,14.9822727272727,Subaru,Manual 5-spd,4.0,2.5
12747,Sport Utility Vehicle - 4WD,Regular,4-Wheel or All-Wheel Drive,14.9822727272727,Subaru,Automatic (S4),4.0,2.5
12748,Sport Utility Vehicle - 4WD,Premium,4-Wheel or All-Wheel Drive,17.3478947368421,Subaru,Automatic (S5),4.0,2.5
12749,Sport Utility Vehicle - 4WD,Premium,4-Wheel or All-Wheel Drive,16.4805,Subaru,Automatic (S5),6.0,3.0
12750,Sport Utility Vehicle - 4WD,Regular,4-Wheel or All-Wheel Drive,18.3116666666667,Suzuki,Automatic 4-spd,6.0,2.5
12751,Sport Utility Vehicle - 4WD,Regular,4-Wheel or All-Wheel Drive,18.3116666666667,Suzuki,Manual 5-spd,6.0,2.5
12752,Sport Utility Vehicle - 4WD,Regular,4-Wheel or All-Wheel Drive,19.3888235294118,Suzuki,Automatic 5-spd,6.0,2.7
12753,Sport Utility Vehicle - 4WD,Regular,4-Wheel or All-Wheel Drive,19.3888235294118,Suzuki,Manual 5-spd,6.0,2.7
12754,Sport Utility Vehicle - 4WD,Regular,4-Wheel or All-Wheel Drive,19.3888235294118,Toyota,Automatic 5-spd,6.0,4.0
12755,Midsize Cars,Regular,Front-Wheel Drive,16.4805,Ford,Automatic 3-spd,4.0,2.5
12756,Sport Utility Vehicle - 4WD,Regular,4-Wheel or All-Wheel Drive,15.6957142857143,Toyota,Automatic 4-spd,4.0,2.4
12757,Sport Utility Vehicle - 4WD,Regular,4-Wheel or All-Wheel Drive,17.3478947368421,Toyota,Automatic 5-spd,6.0,3.3
12758,Sport Utility Vehicle - 4WD,Regular,4-Wheel or All-Wheel Drive,25.3546153846154,Toyota,Automatic 5-spd,8.0,4.7
12759,Sport Utility Vehicle - 4WD,Regular,4-Wheel or All-Wheel Drive,14.9822727272727,Toyota,Automatic 4-spd,4.0,2.4
12760,Sport Utility Vehicle - 4WD,Regular,4-Wheel or All-Wheel Drive,15.6957142857143,Toyota,Manual 5-spd,4.0,2.4
12761,Sport Utility Vehicle - 4WD,Regular,4-Wheel or All-Wheel Drive,21.974,Toyota,Automatic 5-spd,8.0,4.7
12762,Sport Utility Vehicle - 4WD,Premium,4-Wheel or All-Wheel Drive,20.600625,Volkswagen,Automatic (S6),6.0,3.2
12763,Sport Utility Vehicle - 4WD,Premium,4-Wheel or All-Wheel Drive,23.5435714285714,Volkswagen,Automatic (S6),8.0,4.2
12764,Sport Utility Vehicle - 4WD,Premium,4-Wheel or All-Wheel Drive,17.3478947368421,Volvo,Automatic (S5),5.0,2.5
12765,Sport Utility Vehicle - 4WD,Premium,4-Wheel or All-Wheel Drive,19.3888235294118,Volvo,Automatic (S5),5.0,2.5
12766,Midsize Cars,Regular,Front-Wheel Drive,14.3308695652174,Ford,Manual 5-spd,4.0,2.5
12767,Sport Utility Vehicle - 4WD,Premium,4-Wheel or All-Wheel Drive,20.600625,Volvo,Automatic (S4),6.0,2.9
12768,Compact Cars,Premium or E85,Rear-Wheel Drive,16.4805,Mercedes-Benz,Automatic 5-spd,6.0,2.6
12769,Compact Cars,Premium or E85,Rear-Wheel Drive,16.4805,Mercedes-Benz,Automatic 5-spd,6.0,3.2
12770,Compact Cars,Premium or E85,Rear-Wheel Drive,17.3478947368421,Mercedes-Benz,Automatic 5-spd,6.0,3.2
12771,Small Station Wagons,Premium or E85,Rear-Wheel Drive,16.4805,Mercedes-Benz,Automatic 5-spd,6.0,2.6
12772,Compact Cars,Gasoline or E85,Front-Wheel Drive,15.6957142857143,Chrysler,Automatic 4-spd,6.0,2.7
12773,Compact Cars,Gasoline or E85,Front-Wheel Drive,15.6957142857143,Chrysler,Automatic 4-spd,6.0,2.7
12774,Midsize Cars,Gasoline or E85,Front-Wheel Drive,15.6957142857143,Chrysler,Automatic 4-spd,6.0,2.7
12775,Midsize Cars,Gasoline or E85,Front-Wheel Drive,15.6957142857143,Chrysler,Automatic 4-spd,6.0,2.7
12776,Midsize Cars,Gasoline or E85,Front-Wheel Drive,15.6957142857143,Dodge,Automatic 4-spd,6.0,2.7
12777,Subcompact Cars,Premium,Front-Wheel Drive,15.6957142857143,Pontiac,Manual 4-spd,4.0,1.8
12778,Midsize Cars,Regular,Front-Wheel Drive,16.4805,Ford,Automatic 4-spd,6.0,3.0
12779,Midsize Cars,Gasoline or E85,Front-Wheel Drive,15.6957142857143,Dodge,Automatic 4-spd,6.0,2.7
12780,Midsize Cars,Gasoline or E85,Front-Wheel Drive,16.4805,Mercury,Automatic 4-spd,6.0,3.0
12781,Midsize Station Wagons,Gasoline or E85,Front-Wheel Drive,17.3478947368421,Mercury,Automatic 4-spd,6.0,3.0
12782,Large Cars,Gasoline or E85,Front-Wheel Drive,16.4805,Ford,Automatic 4-spd,6.0,3.0
12783,Midsize Station Wagons,Gasoline or E85,Front-Wheel Drive,17.3478947368421,Ford,Automatic 4-spd,6.0,3.0
12784,Standard Pickup Trucks 2WD,Gasoline or E85,Rear-Wheel Drive,21.974,Ford,Automatic 5-spd,6.0,4.0
12785,Standard Pickup Trucks 4WD,Gasoline or E85,4-Wheel or All-Wheel Drive,21.974,Ford,Automatic 5-spd,6.0,4.0
12786,Sport Utility Vehicle - 4WD,Gasoline or E85,4-Wheel or All-Wheel Drive,21.974,Ford,Automatic 5-spd,6.0,4.0
12787,Sport Utility Vehicle - 2WD,Gasoline or E85,Rear-Wheel Drive,21.974,Ford,Automatic 5-spd,6.0,4.0
12788,Sport Utility Vehicle - 2WD,Gasoline or E85,Rear-Wheel Drive,21.974,Mercury,Automatic 5-spd,6.0,4.0
12789,Midsize Cars,Regular,Rear-Wheel Drive,17.3478947368421,Lincoln,Automatic 4-spd,8.0,5.0
12790,Sport Utility Vehicle - 4WD,Gasoline or E85,4-Wheel or All-Wheel Drive,23.5435714285714,Mercury,Automatic 5-spd,6.0,4.0
12791,Standard Pickup Trucks 4WD,Gasoline or E85,4-Wheel or All-Wheel Drive,21.974,Chevrolet,Automatic 4-spd,8.0,5.3
12792,Standard Pickup Trucks 2WD,Gasoline or E85,Rear-Wheel Drive,20.600625,Chevrolet,Automatic 4-spd,8.0,5.3
12793,Sport Utility Vehicle - 2WD,Gasoline or E85,Rear-Wheel Drive,21.974,Chevrolet,Automatic 4-spd,8.0,5.3
12794,Sport Utility Vehicle - 2WD,Gasoline or E85,Rear-Wheel Drive,21.974,Chevrolet,Automatic 4-spd,8.0,5.3
12795,Sport Utility Vehicle - 2WD,Gasoline or E85,Rear-Wheel Drive,21.974,Chevrolet,Automatic 4-spd,8.0,5.3
12796,Sport Utility Vehicle - 2WD,Gasoline or E85,Rear-Wheel Drive,21.974,GMC,Automatic 4-spd,8.0,5.3
12797,Sport Utility Vehicle - 2WD,Gasoline or E85,Rear-Wheel Drive,21.974,GMC,Automatic 4-spd,8.0,5.3
12798,Sport Utility Vehicle - 4WD,Gasoline or E85,4-Wheel or All-Wheel Drive,23.5435714285714,Chevrolet,Automatic 4-spd,8.0,5.3
12799,Sport Utility Vehicle - 4WD,Gasoline or E85,4-Wheel or All-Wheel Drive,23.5435714285714,Chevrolet,Automatic 4-spd,8.0,5.3
12800,Midsize Cars,Regular,Rear-Wheel Drive,17.3478947368421,Lincoln,Automatic 4-spd,8.0,5.0
12801,Sport Utility Vehicle - 4WD,Gasoline or E85,4-Wheel or All-Wheel Drive,23.5435714285714,Chevrolet,Automatic 4-spd,8.0,5.3
12802,Sport Utility Vehicle - 4WD,Gasoline or E85,4-Wheel or All-Wheel Drive,23.5435714285714,Chevrolet,Automatic 4-spd,8.0,5.3
12803,Sport Utility Vehicle - 4WD,Gasoline or E85,4-Wheel or All-Wheel Drive,23.5435714285714,Chevrolet,Automatic 4-spd,8.0,5.3
12804,Sport Utility Vehicle - 4WD,Gasoline or E85,4-Wheel or All-Wheel Drive,23.5435714285714,GMC,Automatic 4-spd,8.0,5.3
12805,Sport Utility Vehicle - 4WD,Gasoline or E85,4-Wheel or All-Wheel Drive,23.5435714285714,GMC,Automatic 4-spd,8.0,5.3
12806,Sport Utility Vehicle - 4WD,Gasoline or E85,4-Wheel or All-Wheel Drive,23.5435714285714,GMC,Automatic 4-spd,8.0,5.3
12807,Sport Utility Vehicle - 4WD,Gasoline or E85,4-Wheel or All-Wheel Drive,23.5435714285714,GMC,Automatic 4-spd,8.0,5.3
12808,Compact Cars,CNG,Front-Wheel Drive,0.0664285714285714,Honda,Automatic (variable gear ratios),4.0,1.7
12809,Standard Pickup Trucks 2WD,CNG,Rear-Wheel Drive,0.206666666666667,Chevrolet,Automatic 4-spd,8.0,6.0
12810,Standard Pickup Trucks 2WD,CNG,Rear-Wheel Drive,0.206666666666667,GMC,Automatic 4-spd,8.0,6.0
12811,Midsize Cars,Regular,Rear-Wheel Drive,16.4805,Mercury,Automatic 3-spd,4.0,2.3
12812,Standard Pickup Trucks 4WD,CNG,4-Wheel or All-Wheel Drive,0.206666666666667,Chevrolet,Automatic 4-spd,8.0,6.0
12813,Standard Pickup Trucks 4WD,CNG,4-Wheel or All-Wheel Drive,0.206666666666667,GMC,Automatic 4-spd,8.0,6.0
12814,Minivan - 2WD,Gasoline or E85,Front-Wheel Drive,17.3478947368421,Dodge,Automatic 4-spd,6.0,3.3
12815,Minivan - 2WD,Gasoline or E85,Front-Wheel Drive,17.3478947368421,Chrysler,Automatic 4-spd,6.0,3.3
12816,Standard Pickup Trucks 2WD,Gasoline or E85,Rear-Wheel Drive,27.4675,Dodge,Automatic 5-spd,8.0,4.7
12817,Standard Pickup Trucks 4WD,Gasoline or E85,4-Wheel or All-Wheel Drive,27.4675,Dodge,Automatic 5-spd,8.0,4.7
12818,Standard Pickup Trucks 4WD,Gasoline or E85,4-Wheel or All-Wheel Drive,21.974,GMC,Automatic 4-spd,8.0,5.3
12819,Midsize Cars,Regular,Front-Wheel Drive,11.7717857142857,Honda,Automatic 5-spd,6.0,3.0
12820,Midsize Cars,Regular,Rear-Wheel Drive,18.3116666666667,Mercury,Automatic 3-spd,6.0,3.8
12821,Sport Utility Vehicle - 2WD,Regular,Front-Wheel Drive,15.6957142857143,Honda,Automatic 4-spd,4.0,2.4
12822,Sport Utility Vehicle - 2WD,Regular,Front-Wheel Drive,15.6957142857143,Honda,Manual 5-spd,4.0,2.4
12823,Sport Utility Vehicle - 4WD,Regular,4-Wheel or All-Wheel Drive,16.4805,Honda,Automatic 4-spd,4.0,2.4
12824,Sport Utility Vehicle - 4WD,Regular,4-Wheel or All-Wheel Drive,16.4805,Honda,Manual 5-spd,4.0,2.4
12825,Two Seaters,Premium,Rear-Wheel Drive,27.4675,Ferrari,Automatic 6-spd,8.0,4.3
12826,Two Seaters,Premium,Rear-Wheel Drive,27.4675,Ferrari,Manual 6-spd,8.0,4.3
12827,Minicompact Cars,Premium,Front-Wheel Drive,13.73375,MINI,Automatic (S6),4.0,1.6
12828,Minicompact Cars,Premium,Front-Wheel Drive,13.73375,MINI,Automatic (S6),4.0,1.6
12829,Minicompact Cars,Premium,Rear-Wheel Drive,17.3478947368421,Porsche,Manual 6-spd,6.0,3.6
12830,Minicompact Cars,Premium,Rear-Wheel Drive,17.3478947368421,Porsche,Manual 6-spd,6.0,3.6
12831,Midsize Cars,Regular,Front-Wheel Drive,16.4805,Mercury,Automatic 3-spd,4.0,2.5
12832,Compact Cars,Premium,Front-Wheel Drive,13.73375,Audi,Automatic (variable gear ratios),4.0,2.0
12833,Compact Cars,Premium,Front-Wheel Drive,13.73375,Audi,Manual 6-spd,4.0,2.0
12834,Compact Cars,Premium,4-Wheel or All-Wheel Drive,14.3308695652174,Audi,Manual 6-spd,4.0,2.0
12835,Compact Cars,Premium,4-Wheel or All-Wheel Drive,14.9822727272727,Audi,Automatic (S6),4.0,2.0
12836,Compact Cars,Premium,4-Wheel or All-Wheel Drive,17.3478947368421,Audi,Automatic (S6),6.0,3.1
12837,Compact Cars,Premium,Rear-Wheel Drive,14.9822727272727,BMW,Automatic (S6),6.0,2.5
12838,Compact Cars,Premium,Rear-Wheel Drive,20.600625,Pontiac,Automatic 4-spd,8.0,6.0
12839,Compact Cars,Regular,Front-Wheel Drive,14.9822727272727,Volkswagen,Manual 5-spd,5.0,2.5
12840,Compact Cars,Regular,Front-Wheel Drive,14.9822727272727,Volkswagen,Automatic (S6),5.0,2.5
12841,Midsize Cars,Premium,4-Wheel or All-Wheel Drive,17.3478947368421,Audi,Automatic (S6),6.0,3.1
12842,Midsize Cars,Regular,Front-Wheel Drive,16.4805,Mercury,Automatic 4-spd,6.0,3.0
12843,Midsize Cars,Regular,Rear-Wheel Drive,17.3478947368421,Cadillac,Automatic 5-spd,6.0,2.8
12844,Small Station Wagons,Premium,4-Wheel or All-Wheel Drive,14.3308695652174,Audi,Manual 6-spd,4.0,2.0
12845,Small Station Wagons,Premium,4-Wheel or All-Wheel Drive,14.9822727272727,Audi,Automatic (S6),4.0,2.0
12846,Small Station Wagons,Premium,4-Wheel or All-Wheel Drive,17.3478947368421,Audi,Automatic (S6),6.0,3.1
12847,Standard Pickup Trucks 2WD,Regular,Rear-Wheel Drive,29.9645454545455,Chevrolet,Automatic 4-spd,8.0,6.0
12848,Standard Pickup Trucks 2WD,Regular,Rear-Wheel Drive,21.974,Dodge,Manual 6-spd,8.0,4.7
12849,Standard Pickup Trucks 2WD,Regular,Rear-Wheel Drive,23.5435714285714,Dodge,Manual 6-spd,8.0,4.7
12850,Standard Pickup Trucks 2WD,Regular,Rear-Wheel Drive,29.9645454545455,GMC,Automatic 4-spd,8.0,6.0
12851,Standard Pickup Trucks 2WD,Regular,Rear-Wheel Drive,19.3888235294118,Mazda,Automatic 5-spd,6.0,4.0
12852,Standard Pickup Trucks 2WD,Regular,Rear-Wheel Drive,18.3116666666667,Mazda,Manual 5-spd,6.0,4.0
12853,Midsize Cars,Regular,Rear-Wheel Drive,41.20125,Maserati,Automatic 3-spd,8.0,4.9
12854,Standard Pickup Trucks 2WD,Regular,Rear-Wheel Drive,17.3478947368421,Nissan,Automatic 5-spd,4.0,2.5
12855,Standard Pickup Trucks 2WD,Regular,Rear-Wheel Drive,15.6957142857143,Nissan,Manual 5-spd,4.0,2.5
12856,Standard Pickup Trucks 2WD,Regular,Rear-Wheel Drive,20.600625,Nissan,Automatic 5-spd,6.0,4.0
12857,Standard Pickup Trucks 2WD,Regular,Rear-Wheel Drive,19.3888235294118,Nissan,Manual 6-spd,6.0,4.0
12858,Standard Pickup Trucks 4WD,Regular,4-Wheel or All-Wheel Drive,21.974,Dodge,Automatic 5-spd,8.0,4.7
12859,Standard Pickup Trucks 4WD,Regular,4-Wheel or All-Wheel Drive,21.974,Dodge,Manual 6-spd,8.0,4.7
12860,Standard Pickup Trucks 4WD,Regular,4-Wheel or All-Wheel Drive,23.5435714285714,Dodge,Manual 6-spd,8.0,4.7
12861,Standard Pickup Trucks 4WD,Regular,4-Wheel or All-Wheel Drive,20.600625,Nissan,Automatic 5-spd,6.0,4.0
12862,Standard Pickup Trucks 4WD,Regular,4-Wheel or All-Wheel Drive,19.3888235294118,Nissan,Manual 6-spd,6.0,4.0
12863,Sport Utility Vehicle - 4WD,Regular,4-Wheel or All-Wheel Drive,20.600625,Saab,Automatic 4-spd,6.0,4.2
12864,Midsize Cars,Premium,Rear-Wheel Drive,21.974,Mercedes-Benz,Automatic 4-spd,8.0,4.2
12865,Sport Utility Vehicle - 4WD,Regular,4-Wheel or All-Wheel Drive,21.974,Saab,Automatic 4-spd,8.0,5.3
12866,Sport Utility Vehicle - 2WD,Regular,Rear-Wheel Drive,20.600625,GMC,Automatic 4-spd,8.0,5.3
12867,Sport Utility Vehicle - 2WD,Regular,Front-Wheel Drive,14.9822727272727,Kia,Automatic 4-spd,4.0,2.0
12868,Sport Utility Vehicle - 2WD,Regular,Front-Wheel Drive,14.9822727272727,Kia,Manual 5-spd,4.0,2.0
12869,Sport Utility Vehicle - 2WD,Regular,Front-Wheel Drive,16.4805,Kia,Automatic 4-spd,6.0,2.7
12870,Sport Utility Vehicle - 2WD,Regular,Rear-Wheel Drive,20.600625,Toyota,Automatic 5-spd,8.0,4.7
12871,Sport Utility Vehicle - 4WD,Regular,4-Wheel or All-Wheel Drive,21.974,GMC,Automatic 4-spd,8.0,5.3
12872,Sport Utility Vehicle - 4WD,Regular,4-Wheel or All-Wheel Drive,21.974,Jeep,Automatic 5-spd,8.0,4.7
12873,Sport Utility Vehicle - 4WD,Regular,4-Wheel or All-Wheel Drive,15.6957142857143,Kia,Manual 5-spd,4.0,2.0
12874,Sport Utility Vehicle - 4WD,Regular,4-Wheel or All-Wheel Drive,17.3478947368421,Kia,Automatic 4-spd,6.0,2.7
12875,Midsize Cars,Premium,Rear-Wheel Drive,25.3546153846154,Mercedes-Benz,Automatic 4-spd,8.0,5.5
12876,Sport Utility Vehicle - 4WD,Regular,4-Wheel or All-Wheel Drive,21.974,Lexus,Automatic 5-spd,8.0,4.7
12877,Sport Utility Vehicle - 4WD,Regular,4-Wheel or All-Wheel Drive,20.600625,Toyota,Automatic 5-spd,8.0,4.7
12878,Sport Utility Vehicle - 4WD,Premium,4-Wheel or All-Wheel Drive,21.974,Volvo,Automatic (S6),8.0,4.4
12879,Standard Pickup Trucks 2WD,Gasoline or E85,Rear-Wheel Drive,20.600625,GMC,Automatic 4-spd,8.0,5.3
12880,Standard Pickup Trucks 2WD,Gasoline or E85,Rear-Wheel Drive,23.5435714285714,Nissan,Automatic 5-spd,8.0,5.6
12881,Standard Pickup Trucks 4WD,Gasoline or E85,4-Wheel or All-Wheel Drive,23.5435714285714,Nissan,Automatic 5-spd,8.0,5.6
12882,Sport Utility Vehicle - 4WD,Diesel,4-Wheel or All-Wheel Drive,18.1992857142857,Jeep,Automatic 5-spd,4.0,2.8
12883,Large Cars,Regular,Front-Wheel Drive,14.9822727272727,Toyota,Automatic (S5),6.0,3.5
12884,Compact Cars,Diesel,Front-Wheel Drive,11.2407352941176,Volkswagen,Manual 5-spd,4.0,1.9
12885,Compact Cars,Diesel,Front-Wheel Drive,11.5813636363636,Volkswagen,Automatic (S6),4.0,1.9
12886,Subcompact Cars,Regular,Front-Wheel Drive,12.6773076923077,Pontiac,Manual 5-spd,4.0,1.8
12887,Midsize Cars,Regular,Front-Wheel Drive,14.3308695652174,Oldsmobile,Automatic 3-spd,4.0,2.5
12888,Midsize Cars,Regular,Front-Wheel Drive,17.3478947368421,Pontiac,Automatic (S4),8.0,5.3
12889,Large Cars,Premium,Rear-Wheel Drive,21.974,Chrysler,Automatic 5-spd,8.0,6.1
12890,Sport Utility Vehicle - 2WD,Regular,Rear-Wheel Drive,23.5435714285714,Jeep,Automatic 5-spd,8.0,5.7
12891,Sport Utility Vehicle - 2WD,Regular,Rear-Wheel Drive,20.600625,Nissan,Automatic 5-spd,6.0,4.0
12892,Sport Utility Vehicle - 2WD,Regular,Rear-Wheel Drive,19.3888235294118,Nissan,Manual 6-spd,6.0,4.0
12893,Sport Utility Vehicle - 4WD,Regular,4-Wheel or All-Wheel Drive,20.600625,Nissan,Automatic 5-spd,6.0,4.0
12894,Sport Utility Vehicle - 4WD,Regular,4-Wheel or All-Wheel Drive,19.3888235294118,Nissan,Manual 6-spd,6.0,4.0
12895,Sport Utility Vehicle - 2WD,Regular,Front-Wheel Drive,15.6957142857143,Honda,Automatic 4-spd,4.0,2.0
12896,Sport Utility Vehicle - 4WD,Regular,4-Wheel or All-Wheel Drive,15.6957142857143,Honda,Automatic 4-spd,4.0,2.0
12897,Sport Utility Vehicle - 4WD,Regular,4-Wheel or All-Wheel Drive,15.6957142857143,Honda,Manual 5-spd,4.0,2.0
12898,Midsize Cars,Regular,Front-Wheel Drive,17.3478947368421,Oldsmobile,Automatic 3-spd,6.0,2.8
12899,Minicompact Cars,Regular,Rear-Wheel Drive,21.974,Spyker,Manual 6-spd,8.0,4.2
12900,Two Seaters,Regular,Rear-Wheel Drive,21.974,Spyker,Manual 6-spd,8.0,4.2
12901,Two Seaters,Regular,Rear-Wheel Drive,21.974,Spyker,Manual 6-spd,8.0,4.2
12902,Minicompact Cars,Premium,Rear-Wheel Drive,27.4675,Aston Martin,Manual 6-spd,12.0,5.9
12903,Minicompact Cars,Premium,Rear-Wheel Drive,27.4675,Aston Martin,Manual 6-spd,12.0,5.9
12904,Two Seaters,Premium,Front-Wheel Drive,15.6957142857143,Audi,Automatic (S6),4.0,1.8
12905,Two Seaters,Premium,4-Wheel or All-Wheel Drive,15.6957142857143,Audi,Manual 6-spd,4.0,1.8
12906,Two Seaters,Premium,4-Wheel or All-Wheel Drive,17.3478947368421,Audi,Automatic (S6),6.0,3.2
12907,Two Seaters,Premium,Rear-Wheel Drive,18.3116666666667,Cadillac,Automatic (S5),8.0,4.6
12908,Two Seaters,Premium,Rear-Wheel Drive,17.3478947368421,Chevrolet,Manual 6-spd,8.0,6.0
12909,Midsize Cars,Regular,Front-Wheel Drive,16.4805,Oldsmobile,Automatic 4-spd,6.0,2.8
12910,Two Seaters,Premium,Rear-Wheel Drive,17.3478947368421,Chevrolet,Automatic (S6),8.0,6.0
12911,Two Seaters,Premium,Rear-Wheel Drive,18.3116666666667,Chevrolet,Manual 6-spd,8.0,7.0
12912,Two Seaters,Premium,Rear-Wheel Drive,15.6957142857143,Chrysler,Automatic 5-spd,6.0,3.2
12913,Two Seaters,Premium,Rear-Wheel Drive,18.3116666666667,Chrysler,Automatic 5-spd,6.0,3.2
12914,Two Seaters,Premium,Rear-Wheel Drive,18.3116666666667,Chrysler,Manual 6-spd,6.0,3.2
12915,Two Seaters,Premium,Rear-Wheel Drive,15.6957142857143,Chrysler,Automatic 5-spd,6.0,3.2
12916,Two Seaters,Premium,Rear-Wheel Drive,18.3116666666667,Chrysler,Automatic 5-spd,6.0,3.2
12917,Two Seaters,Premium,Rear-Wheel Drive,18.3116666666667,Chrysler,Manual 6-spd,6.0,3.2
12918,Two Seaters,Premium,Rear-Wheel Drive,25.3546153846154,Dodge,Manual 6-spd,10.0,8.3
12919,Two Seaters,Premium,Rear-Wheel Drive,25.3546153846154,Ferrari,Automatic 6-spd,8.0,4.3
12920,Midsize Cars,Regular,Front-Wheel Drive,17.3478947368421,Oldsmobile,Automatic 3-spd,6.0,2.8
12921,Two Seaters,Premium,Rear-Wheel Drive,25.3546153846154,Ferrari,Manual 6-spd,8.0,4.3
12922,Two Seaters,Regular,Front-Wheel Drive,7.01297872340426,Honda,Automatic (variable gear ratios),3.0,1.0
12923,Two Seaters,Regular,Front-Wheel Drive,6.33865384615385,Honda,Manual 5-spd,3.0,1.0
12924,Two Seaters,Premium,Rear-Wheel Drive,16.4805,Honda,Manual 6-spd,4.0,2.2
12925,Two Seaters,Premium,4-Wheel or All-Wheel Drive,27.4675,Lamborghini,Manual 6-spd,10.0,5.0
12926,Two Seaters,Premium,4-Wheel or All-Wheel Drive,27.4675,Lamborghini,Manual 6-spd,10.0,5.0
12927,Two Seaters,Premium,4-Wheel or All-Wheel Drive,25.3546153846154,Lamborghini,Automatic (S6),10.0,5.0
12928,Two Seaters,Premium,4-Wheel or All-Wheel Drive,27.4675,Lamborghini,Automatic (S6),10.0,5.0
12929,Two Seaters,Premium,4-Wheel or All-Wheel Drive,32.961,Lamborghini,Manual 6-spd,12.0,6.2
12930,Two Seaters,Premium,4-Wheel or All-Wheel Drive,29.9645454545455,Lamborghini,Automatic (S6),12.0,6.2
12931,Midsize Cars,Regular,Front-Wheel Drive,16.4805,Oldsmobile,Automatic 4-spd,6.0,2.8
12932,Two Seaters,Premium,Rear-Wheel Drive,13.73375,Mazda,Manual 5-spd,4.0,2.0
12933,Two Seaters,Premium,Rear-Wheel Drive,13.73375,Mazda,Manual 6-spd,4.0,2.0
12934,Two Seaters,Premium,Rear-Wheel Drive,14.3308695652174,Mazda,Automatic (S6),4.0,2.0
12935,Two Seaters,Premium,Rear-Wheel Drive,19.3888235294118,Mercedes-Benz,Automatic 7-spd,8.0,5.0
12936,Two Seaters,Premium,Rear-Wheel Drive,21.974,Mercedes-Benz,Automatic (S5),8.0,5.4
12937,Two Seaters,Premium,Rear-Wheel Drive,23.5435714285714,Mercedes-Benz,Automatic 5-spd,12.0,5.5
12938,Two Seaters,Premium,Rear-Wheel Drive,23.5435714285714,Mercedes-Benz,Automatic (S5),12.0,6.0
12939,Two Seaters,Premium,Rear-Wheel Drive,15.6957142857143,Mercedes-Benz,Automatic 7-spd,6.0,3.0
12940,Two Seaters,Premium,Rear-Wheel Drive,16.4805,Mercedes-Benz,Manual 6-spd,6.0,3.0
12941,Two Seaters,Premium,Rear-Wheel Drive,17.3478947368421,Mercedes-Benz,Automatic 7-spd,6.0,3.5
12942,Midsize Cars,Regular,Front-Wheel Drive,16.4805,Oldsmobile,Automatic 4-spd,6.0,3.8
12943,Two Seaters,Premium,Rear-Wheel Drive,17.3478947368421,Mercedes-Benz,Manual 6-spd,6.0,3.5
12944,Two Seaters,Premium,Rear-Wheel Drive,20.600625,Mercedes-Benz,Automatic (S7),8.0,5.4
12945,Two Seaters,Premium,Rear-Wheel Drive,25.3546153846154,Mercedes-Benz,Automatic (S5),8.0,5.4
12946,Two Seaters,Premium,Rear-Wheel Drive,17.3478947368421,Nissan,Manual 6-spd,6.0,3.5
12947,Two Seaters,Premium,Rear-Wheel Drive,17.3478947368421,Nissan,Automatic (S5),6.0,3.5
12948,Two Seaters,Premium,Rear-Wheel Drive,17.3478947368421,Nissan,Manual 6-spd,6.0,3.5
12949,Two Seaters,Premium,Rear-Wheel Drive,17.3478947368421,Nissan,Automatic (S5),6.0,3.5
12950,Two Seaters,Premium,Rear-Wheel Drive,15.6957142857143,Pontiac,Manual 5-spd,4.0,2.4
12951,Two Seaters,Premium,Rear-Wheel Drive,17.3478947368421,Porsche,Automatic 5-spd,6.0,2.7
12952,Two Seaters,Premium,Rear-Wheel Drive,15.6957142857143,Porsche,Manual 5-spd,6.0,2.7
12953,Midsize Cars,Regular,Rear-Wheel Drive,18.3116666666667,Oldsmobile,Automatic 3-spd,6.0,3.8
12954,Two Seaters,Premium,Rear-Wheel Drive,15.6957142857143,Porsche,Manual 6-spd,6.0,2.7
12955,Two Seaters,Premium,Rear-Wheel Drive,17.3478947368421,Porsche,Automatic 5-spd,6.0,3.2
12956,Two Seaters,Premium,Rear-Wheel Drive,16.4805,Porsche,Manual 6-spd,6.0,3.2
12957,Minicompact Cars,Premium,Rear-Wheel Drive,25.3546153846154,Aston Martin,Automatic (S6),12.0,5.9
12958,Minicompact Cars,Premium,Rear-Wheel Drive,27.4675,Aston Martin,Manual 6-spd,12.0,5.9
12959,Minicompact Cars,Premium,Rear-Wheel Drive,25.3546153846154,Aston Martin,Automatic (S6),12.0,5.9
12960,Minicompact Cars,Premium,Rear-Wheel Drive,27.4675,Aston Martin,Manual 6-spd,12.0,5.9
12961,Minicompact Cars,Premium,Rear-Wheel Drive,27.4675,Aston Martin,Automatic (S6),12.0,5.9
12962,Minicompact Cars,Premium,Front-Wheel Drive,15.6957142857143,Audi,Automatic (S6),4.0,1.8
12963,Minicompact Cars,Premium,4-Wheel or All-Wheel Drive,15.6957142857143,Audi,Manual 6-spd,4.0,1.8
12964,Midsize Cars,Regular,Rear-Wheel Drive,19.3888235294118,Oldsmobile,Automatic 3-spd,8.0,5.0
12965,Minicompact Cars,Premium,4-Wheel or All-Wheel Drive,16.4805,Audi,Automatic (S6),6.0,3.2
12966,Minicompact Cars,Premium,Rear-Wheel Drive,16.4805,BMW,Manual 5-spd,6.0,2.5
12967,Minicompact Cars,Premium,Rear-Wheel Drive,17.3478947368421,BMW,Automatic (S5),6.0,2.5
12968,Minicompact Cars,Premium,Rear-Wheel Drive,16.4805,BMW,Manual 6-spd,6.0,3.0
12969,Minicompact Cars,Premium,Rear-Wheel Drive,17.3478947368421,BMW,Automatic (S5),6.0,3.0
12970,Minicompact Cars,Premium,Rear-Wheel Drive,19.3888235294118,BMW,Manual 6-spd,6.0,3.2
12971,Minicompact Cars,Premium,Rear-Wheel Drive,20.600625,BMW,Automatic (S6),6.0,3.2
12972,Minicompact Cars,Premium,Rear-Wheel Drive,17.3478947368421,Jaguar,Automatic 6-spd,8.0,4.2
12973,Minicompact Cars,Premium,Rear-Wheel Drive,19.3888235294118,Jaguar,Automatic 6-spd,8.0,4.2
12974,Minicompact Cars,Premium,Rear-Wheel Drive,17.3478947368421,Lexus,Automatic (S6),8.0,4.3
12975,Midsize Cars,Regular,Rear-Wheel Drive,17.3478947368421,Oldsmobile,Automatic 4-spd,8.0,5.0
12976,Minicompact Cars,Premium,Front-Wheel Drive,12.6773076923077,MINI,Automatic (variable gear ratios),4.0,1.6
12977,Minicompact Cars,Premium,Front-Wheel Drive,11.7717857142857,MINI,Manual 5-spd,4.0,1.6
12978,Minicompact Cars,Premium,Front-Wheel Drive,13.1844,MINI,Automatic (variable gear ratios),4.0,1.6
12979,Minicompact Cars,Premium,Front-Wheel Drive,12.2077777777778,MINI,Manual 5-spd,4.0,1.6
12980,Minicompact Cars,Premium,Front-Wheel Drive,13.73375,MINI,Manual 6-spd,4.0,1.6
12981,Minicompact Cars,Premium,Front-Wheel Drive,13.73375,MINI,Automatic (S6),4.0,1.6
12982,Minicompact Cars,Premium,Front-Wheel Drive,13.73375,MINI,Manual 6-spd,4.0,1.6
12983,Minicompact Cars,Premium,Front-Wheel Drive,13.73375,MINI,Automatic (S6),4.0,1.6
12984,Minicompact Cars,Premium,Rear-Wheel Drive,17.3478947368421,Porsche,Automatic 5-spd,6.0,3.6
12985,Minicompact Cars,Premium,Rear-Wheel Drive,17.3478947368421,Porsche,Manual 6-spd,6.0,3.6
12986,Midsize Cars,Regular,Front-Wheel Drive,16.4805,Oldsmobile,Automatic 4-spd,6.0,3.8
12987,Minicompact Cars,Premium,Rear-Wheel Drive,17.3478947368421,Porsche,Automatic 5-spd,6.0,3.6
12988,Minicompact Cars,Premium,Rear-Wheel Drive,17.3478947368421,Porsche,Manual 6-spd,6.0,3.6
12989,Minicompact Cars,Premium,Rear-Wheel Drive,17.3478947368421,Porsche,Automatic 5-spd,6.0,3.8
12990,Minicompact Cars,Premium,Rear-Wheel Drive,17.3478947368421,Porsche,Manual 6-spd,6.0,3.8
12991,Minicompact Cars,Premium,Rear-Wheel Drive,17.3478947368421,Porsche,Automatic 5-spd,6.0,3.8
12992,Minicompact Cars,Premium,Rear-Wheel Drive,17.3478947368421,Porsche,Manual 6-spd,6.0,3.8
12993,Minicompact Cars,Premium,4-Wheel or All-Wheel Drive,17.3478947368421,Porsche,Automatic 5-spd,6.0,3.6
12994,Minicompact Cars,Premium,4-Wheel or All-Wheel Drive,17.3478947368421,Porsche,Manual 6-spd,6.0,3.6
12995,Minicompact Cars,Premium,4-Wheel or All-Wheel Drive,17.3478947368421,Porsche,Automatic 5-spd,6.0,3.6
12996,Minicompact Cars,Premium,4-Wheel or All-Wheel Drive,17.3478947368421,Porsche,Manual 6-spd,6.0,3.6
12997,Subcompact Cars,Regular,Rear-Wheel Drive,12.6773076923077,Pontiac,Automatic 3-spd,4.0,1.6
12998,Midsize Cars,Premium,Front-Wheel Drive,17.3478947368421,Plymouth,Automatic 3-spd,4.0,2.2
12999,Minicompact Cars,Premium,4-Wheel or All-Wheel Drive,17.3478947368421,Porsche,Automatic 5-spd,6.0,3.8
13000,Minicompact Cars,Premium,4-Wheel or All-Wheel Drive,18.3116666666667,Porsche,Manual 6-spd,6.0,3.8
13001,Minicompact Cars,Premium,4-Wheel or All-Wheel Drive,17.3478947368421,Porsche,Automatic 5-spd,6.0,3.8
13002,Minicompact Cars,Premium,4-Wheel or All-Wheel Drive,18.3116666666667,Porsche,Manual 6-spd,6.0,3.8
13003,Minicompact Cars,Regular,Front-Wheel Drive,14.9822727272727,Volkswagen,Manual 5-spd,5.0,2.5
13004,Minicompact Cars,Regular,Front-Wheel Drive,14.9822727272727,Volkswagen,Automatic (S6),5.0,2.5
13005,Subcompact Cars,Regular,Front-Wheel Drive,12.6773076923077,Acura,Manual 5-spd,4.0,2.0
13006,Subcompact Cars,Premium,Front-Wheel Drive,14.3308695652174,Acura,Manual 6-spd,4.0,2.0
13007,Subcompact Cars,Regular,Front-Wheel Drive,13.1844,Acura,Automatic (S5),4.0,2.0
13008,Subcompact Cars,Premium,Front-Wheel Drive,14.3308695652174,Audi,Automatic (variable gear ratios),4.0,1.8
13009,Midsize Cars,Regular,Front-Wheel Drive,14.9822727272727,Plymouth,Automatic 3-spd,4.0,2.2
13010,Subcompact Cars,Premium,4-Wheel or All-Wheel Drive,18.3116666666667,Audi,Automatic (S5),6.0,3.0
13011,Subcompact Cars,Premium,4-Wheel or All-Wheel Drive,20.600625,Audi,Manual 6-spd,8.0,4.2
13012,Subcompact Cars,Premium,4-Wheel or All-Wheel Drive,20.600625,Audi,Automatic (S6),8.0,4.2
13013,Subcompact Cars,Premium,Rear-Wheel Drive,15.6957142857143,BMW,Manual 5-spd,6.0,2.5
13014,Subcompact Cars,Premium,Rear-Wheel Drive,16.4805,BMW,Automatic (S5),6.0,2.5
13015,Subcompact Cars,Premium,Rear-Wheel Drive,15.6957142857143,BMW,Manual 6-spd,6.0,3.0
13016,Subcompact Cars,Premium,Rear-Wheel Drive,16.4805,BMW,Automatic (S5),6.0,3.0
13017,Subcompact Cars,Premium,Rear-Wheel Drive,20.600625,BMW,Manual 6-spd,8.0,4.8
13018,Subcompact Cars,Premium,Rear-Wheel Drive,18.3116666666667,BMW,Automatic (S6),8.0,4.8
13019,Subcompact Cars,Premium,Rear-Wheel Drive,20.600625,BMW,Automatic (S6),8.0,4.8
13020,Midsize Cars,Regular,Front-Wheel Drive,15.6957142857143,Plymouth,Automatic 3-spd,4.0,2.5
13021,Subcompact Cars,Premium,Rear-Wheel Drive,21.974,BMW,Manual 6-spd,8.0,4.8
13022,Subcompact Cars,Premium,Rear-Wheel Drive,18.3116666666667,BMW,Automatic (S6),8.0,4.8
13023,Subcompact Cars,Premium,Rear-Wheel Drive,21.974,BMW,Automatic (S6),8.0,4.8
13024,Subcompact Cars,Premium,Rear-Wheel Drive,19.3888235294118,BMW,Manual 6-spd,6.0,3.2
13025,Subcompact Cars,Premium,Rear-Wheel Drive,19.3888235294118,BMW,Automatic (S6),6.0,3.2
13026,Subcompact Cars,Regular,Front-Wheel Drive,13.1844,Chevrolet,Automatic 4-spd,4.0,1.6
13027,Subcompact Cars,Regular,Front-Wheel Drive,12.6773076923077,Chevrolet,Manual 5-spd,4.0,1.6
13028,Subcompact Cars,Premium,Front-Wheel Drive,14.3308695652174,Chevrolet,Manual 5-spd,4.0,2.0
13029,Subcompact Cars,Regular,Front-Wheel Drive,13.73375,Chevrolet,Automatic 4-spd,4.0,2.2
13030,Subcompact Cars,Regular,Front-Wheel Drive,13.1844,Chevrolet,Manual 5-spd,4.0,2.2
13031,Midsize Cars,Premium,Rear-Wheel Drive,20.600625,Plymouth,Automatic 3-spd,8.0,5.2
13032,Subcompact Cars,Premium,Front-Wheel Drive,13.73375,Chevrolet,Automatic 4-spd,4.0,2.4
13033,Subcompact Cars,Premium,Front-Wheel Drive,13.1844,Chevrolet,Manual 5-spd,4.0,2.4
13034,Subcompact Cars,Regular,Rear-Wheel Drive,17.3478947368421,Ford,Automatic 5-spd,6.0,4.0
13035,Subcompact Cars,Regular,Rear-Wheel Drive,16.4805,Ford,Manual 5-spd,6.0,4.0
13036,Subcompact Cars,Regular,Rear-Wheel Drive,18.3116666666667,Ford,Automatic 5-spd,8.0,4.6
13037,Subcompact Cars,Regular,Rear-Wheel Drive,18.3116666666667,Ford,Manual 5-spd,8.0,4.6
13038,Subcompact Cars,Regular,Front-Wheel Drive,10.987,Honda,Automatic 5-spd,4.0,1.8
13039,Subcompact Cars,Regular,Front-Wheel Drive,11.3658620689655,Honda,Manual 5-spd,4.0,1.8
13040,Subcompact Cars,Regular,Front-Wheel Drive,14.9822727272727,Hyundai,Automatic 4-spd,4.0,2.0
13041,Subcompact Cars,Regular,Front-Wheel Drive,14.3308695652174,Hyundai,Manual 5-spd,4.0,2.0
13042,Midsize Cars,Regular,Rear-Wheel Drive,21.974,Plymouth,Automatic 3-spd,8.0,5.2
13043,Subcompact Cars,Regular,Front-Wheel Drive,17.3478947368421,Hyundai,Automatic 4-spd,6.0,2.7
13044,Subcompact Cars,Regular,Front-Wheel Drive,16.4805,Hyundai,Manual 5-spd,6.0,2.7
13045,Subcompact Cars,Regular,Front-Wheel Drive,17.3478947368421,Hyundai,Manual 6-spd,6.0,2.7
13046,Subcompact Cars,Premium,Rear-Wheel Drive,17.3478947368421,Jaguar,Automatic 6-spd,8.0,4.2
13047,Subcompact Cars,Premium,Rear-Wheel Drive,19.3888235294118,Jaguar,Automatic 6-spd,8.0,4.2
13048,Subcompact Cars,Premium,Rear-Wheel Drive,15.6957142857143,Lexus,Manual 6-spd,6.0,2.5
13049,Subcompact Cars,Premium,Rear-Wheel Drive,13.73375,Lexus,Automatic (S6),6.0,2.5
13050,Subcompact Cars,Premium,4-Wheel or All-Wheel Drive,14.9822727272727,Lexus,Automatic (S6),6.0,2.5
13051,Subcompact Cars,Premium,Rear-Wheel Drive,15.6957142857143,Lexus,Automatic (S6),6.0,3.5
13052,Subcompact Cars,Premium,Rear-Wheel Drive,25.3546153846154,Maserati,Automatic 6-spd,8.0,4.2
13053,Midsize Cars,Regular,Rear-Wheel Drive,27.4675,Plymouth,Automatic 3-spd,8.0,5.2
13054,Subcompact Cars,Premium,Rear-Wheel Drive,23.5435714285714,Maserati,Manual 6-spd,8.0,4.2
13055,Subcompact Cars,Premium,Rear-Wheel Drive,18.3116666666667,Mazda,Manual 6-spd,2.0,1.3
13056,Subcompact Cars,Premium,Rear-Wheel Drive,17.3478947368421,Mazda,Automatic (S6),2.0,1.3
13057,Subcompact Cars,Premium,Rear-Wheel Drive,16.4805,Mercedes-Benz,Automatic 7-spd,6.0,3.5
13058,Subcompact Cars,Premium,Rear-Wheel Drive,17.3478947368421,Mercedes-Benz,Automatic 7-spd,6.0,3.5
13059,Subcompact Cars,Premium,Rear-Wheel Drive,18.3116666666667,Mercedes-Benz,Automatic 7-spd,8.0,5.0
13060,Subcompact Cars,Premium,Rear-Wheel Drive,18.3116666666667,Mercedes-Benz,Automatic 7-spd,8.0,5.0
13061,Subcompact Cars,Premium,Rear-Wheel Drive,19.3888235294118,Mercedes-Benz,Automatic (S5),8.0,5.4
13062,Subcompact Cars,Regular,Front-Wheel Drive,14.3308695652174,Mitsubishi,Manual 5-spd,4.0,2.4
13063,Subcompact Cars,Regular,Front-Wheel Drive,14.9822727272727,Mitsubishi,Automatic (S4),4.0,2.4
13064,Midsize Cars,Regular,Front-Wheel Drive,14.3308695652174,Plymouth,Automatic 3-spd,4.0,2.2
13065,Subcompact Cars,Premium,Front-Wheel Drive,17.3478947368421,Mitsubishi,Manual 6-spd,6.0,3.8
13066,Subcompact Cars,Premium,Front-Wheel Drive,16.4805,Mitsubishi,Automatic (S5),6.0,3.8
13067,Subcompact Cars,Regular,Front-Wheel Drive,13.1844,Pontiac,Automatic 4-spd,4.0,1.6
13068,Subcompact Cars,Regular,Front-Wheel Drive,12.6773076923077,Pontiac,Manual 5-spd,4.0,1.6
13069,Subcompact Cars,Premium,Front-Wheel Drive,15.6957142857143,Saab,Manual 5-spd,4.0,2.0
13070,Subcompact Cars,Premium,Front-Wheel Drive,16.4805,Saab,Automatic (S5),4.0,2.0
13071,Subcompact Cars,Premium,Front-Wheel Drive,17.3478947368421,Saab,Manual 6-spd,6.0,2.8
13072,Subcompact Cars,Premium,Front-Wheel Drive,17.3478947368421,Saab,Automatic (S6),6.0,2.8
13073,Subcompact Cars,Premium,4-Wheel or All-Wheel Drive,16.4805,Subaru,Automatic 4-spd,4.0,2.5
13074,Subcompact Cars,Regular,4-Wheel or All-Wheel Drive,14.9822727272727,Subaru,Automatic 4-spd,4.0,2.5
13075,Midsize Cars,Regular,Front-Wheel Drive,14.9822727272727,Plymouth,Automatic 3-spd,4.0,2.2
13076,Subcompact Cars,Premium,4-Wheel or All-Wheel Drive,16.4805,Subaru,Manual 5-spd,4.0,2.5
13077,Subcompact Cars,Regular,4-Wheel or All-Wheel Drive,14.9822727272727,Subaru,Manual 5-spd,4.0,2.5
13078,Subcompact Cars,Premium,4-Wheel or All-Wheel Drive,18.3116666666667,Subaru,Manual 6-spd,4.0,2.5
13079,Subcompact Cars,Regular,Front-Wheel Drive,13.1844,Suzuki,Automatic 4-spd,4.0,1.6
13080,Subcompact Cars,Regular,Front-Wheel Drive,12.6773076923077,Suzuki,Manual 5-spd,4.0,1.6
13081,Subcompact Cars,Regular,Front-Wheel Drive,14.3308695652174,Scion,Automatic 4-spd,4.0,2.4
13082,Subcompact Cars,Regular,Front-Wheel Drive,14.9822727272727,Scion,Manual 5-spd,4.0,2.4
13083,Subcompact Cars,Regular,Front-Wheel Drive,10.987,Scion,Automatic 4-spd,4.0,1.5
13084,Subcompact Cars,Regular,Front-Wheel Drive,10.987,Scion,Manual 5-spd,4.0,1.5
13085,Subcompact Cars,Diesel,Front-Wheel Drive,11.2407352941176,Volkswagen,Manual 5-spd,4.0,1.9
13086,Midsize Cars,Regular,Front-Wheel Drive,12.6773076923077,Plymouth,Manual 5-spd,4.0,2.2
13087,Subcompact Cars,Diesel,Front-Wheel Drive,11.5813636363636,Volkswagen,Automatic (S6),4.0,1.9
13088,Subcompact Cars,Regular,Front-Wheel Drive,14.3308695652174,Volkswagen,Manual 5-spd,5.0,2.5
13089,Subcompact Cars,Regular,Front-Wheel Drive,14.3308695652174,Volkswagen,Automatic (S6),5.0,2.5
13090,Compact Cars,Premium,Front-Wheel Drive,13.73375,Audi,Automatic (variable gear ratios),4.0,2.0
13091,Compact Cars,Premium,Front-Wheel Drive,13.73375,Audi,Manual 6-spd,4.0,2.0
13092,Compact Cars,Premium,Front-Wheel Drive,15.6957142857143,Audi,Automatic (variable gear ratios),6.0,3.1
13093,Compact Cars,Premium,4-Wheel or All-Wheel Drive,14.3308695652174,Audi,Manual 6-spd,4.0,2.0
13094,Compact Cars,Premium,4-Wheel or All-Wheel Drive,14.9822727272727,Audi,Automatic (S6),4.0,2.0
13095,Compact Cars,Premium,4-Wheel or All-Wheel Drive,17.3478947368421,Audi,Manual 6-spd,6.0,3.1
13096,Compact Cars,Premium,4-Wheel or All-Wheel Drive,16.4805,Audi,Automatic (S6),6.0,3.1
13097,Midsize Cars,Regular,Front-Wheel Drive,15.6957142857143,Plymouth,Automatic 3-spd,4.0,2.5
13098,Compact Cars,Premium,4-Wheel or All-Wheel Drive,20.600625,Audi,Manual 6-spd,8.0,4.2
13099,Compact Cars,Premium,4-Wheel or All-Wheel Drive,20.600625,Audi,Automatic (S6),8.0,4.2
13100,Compact Cars,Premium,4-Wheel or All-Wheel Drive,25.3546153846154,Bentley,Automatic (S6),12.0,6.0
13101,Compact Cars,Premium,Rear-Wheel Drive,15.6957142857143,BMW,Manual 6-spd,6.0,3.0
13102,Compact Cars,Premium,Rear-Wheel Drive,15.6957142857143,BMW,Automatic (S6),6.0,3.0
13103,Compact Cars,Premium,4-Wheel or All-Wheel Drive,16.4805,BMW,Manual 6-spd,6.0,3.0
13104,Compact Cars,Premium,4-Wheel or All-Wheel Drive,16.4805,BMW,Automatic (S6),6.0,3.0
13105,Compact Cars,Premium,Rear-Wheel Drive,15.6957142857143,BMW,Manual 6-spd,6.0,3.0
13106,Compact Cars,Premium,Rear-Wheel Drive,15.6957142857143,BMW,Automatic (S6),6.0,3.0
13107,Compact Cars,Premium,Rear-Wheel Drive,16.4805,BMW,Automatic (S6),6.0,3.0
13108,Subcompact Cars,Regular,Rear-Wheel Drive,12.2077777777778,Pontiac,Manual 4-spd,4.0,1.6
13109,Midsize Cars,Regular,Front-Wheel Drive,17.3478947368421,Plymouth,Automatic 3-spd,4.0,2.5
13110,Compact Cars,Premium,4-Wheel or All-Wheel Drive,16.4805,BMW,Manual 6-spd,6.0,3.0
13111,Compact Cars,Premium,4-Wheel or All-Wheel Drive,16.4805,BMW,Automatic (S6),6.0,3.0
13112,Compact Cars,Regular,Front-Wheel Drive,14.9822727272727,Chevrolet,Automatic 4-spd,4.0,2.0
13113,Compact Cars,Regular,Front-Wheel Drive,14.3308695652174,Chevrolet,Manual 5-spd,4.0,2.0
13114,Compact Cars,Regular,Front-Wheel Drive,14.9822727272727,Chevrolet,Automatic 4-spd,4.0,2.0
13115,Compact Cars,Regular,Front-Wheel Drive,14.3308695652174,Chevrolet,Manual 5-spd,4.0,2.0
13116,Compact Cars,Regular,Front-Wheel Drive,14.9822727272727,Chrysler,Automatic 4-spd,4.0,2.4
13117,Compact Cars,Regular,Front-Wheel Drive,13.1844,Ford,Automatic 4-spd,4.0,2.0
13118,Compact Cars,Regular,Front-Wheel Drive,12.6773076923077,Ford,Manual 5-spd,4.0,2.0
13119,Compact Cars,Regular,Front-Wheel Drive,14.3308695652174,Ford,Manual 5-spd,4.0,2.3
13120,Midsize Cars,Regular,Rear-Wheel Drive,18.3116666666667,Pontiac,Automatic 3-spd,6.0,3.8
13121,Compact Cars,Regular,Front-Wheel Drive,11.7717857142857,Hyundai,Automatic 4-spd,4.0,1.6
13122,Compact Cars,Regular,Front-Wheel Drive,11.3658620689655,Hyundai,Manual 5-spd,4.0,1.6
13123,Compact Cars,Premium,Rear-Wheel Drive,16.4805,Infiniti,Manual 6-spd,6.0,3.5
13124,Compact Cars,Regular,Rear-Wheel Drive,17.3478947368421,Infiniti,Automatic (S5),6.0,3.5
13125,Compact Cars,Regular,4-Wheel or All-Wheel Drive,18.3116666666667,Infiniti,Automatic (S5),6.0,3.5
13126,Compact Cars,Premium,Rear-Wheel Drive,17.3478947368421,Infiniti,Automatic (S5),6.0,3.5
13127,Compact Cars,Premium,4-Wheel or All-Wheel Drive,18.3116666666667,Jaguar,Automatic 5-spd,6.0,3.0
13128,Compact Cars,Premium,4-Wheel or All-Wheel Drive,17.3478947368421,Jaguar,Manual 5-spd,6.0,3.0
13129,Compact Cars,Regular,Front-Wheel Drive,11.3658620689655,Kia,Automatic 4-spd,4.0,1.6
13130,Compact Cars,Regular,Front-Wheel Drive,11.3658620689655,Kia,Manual 5-spd,4.0,1.6
13131,Midsize Cars,Regular,Rear-Wheel Drive,18.3116666666667,Pontiac,Automatic 3-spd,6.0,4.3
13132,Compact Cars,Regular,Front-Wheel Drive,12.2077777777778,Mazda,Manual 5-spd,4.0,2.0
13133,Compact Cars,Regular,Front-Wheel Drive,12.6773076923077,Mazda,Automatic (S4),4.0,2.0
13134,Compact Cars,Regular,Front-Wheel Drive,13.1844,Mazda,Manual 5-spd,4.0,2.3
13135,Compact Cars,Regular,Front-Wheel Drive,13.73375,Mazda,Automatic (S5),4.0,2.3
13136,Compact Cars,Premium,Rear-Wheel Drive,14.9822727272727,Mercedes-Benz,Automatic 7-spd,6.0,2.5
13137,Compact Cars,Premium,Rear-Wheel Drive,15.6957142857143,Mercedes-Benz,Manual 6-spd,6.0,2.5
13138,Compact Cars,Premium,Rear-Wheel Drive,15.6957142857143,Mercedes-Benz,Automatic 7-spd,6.0,3.0
13139,Compact Cars,Premium,4-Wheel or All-Wheel Drive,16.4805,Mercedes-Benz,Automatic 5-spd,6.0,3.0
13140,Compact Cars,Premium,Rear-Wheel Drive,15.6957142857143,Mercedes-Benz,Automatic 7-spd,6.0,3.5
13141,Compact Cars,Premium,Rear-Wheel Drive,15.6957142857143,Mercedes-Benz,Manual 6-spd,6.0,3.5
13142,Midsize Cars,Regular,Rear-Wheel Drive,17.3478947368421,Pontiac,Automatic 4-spd,6.0,4.3
13143,Compact Cars,Premium,4-Wheel or All-Wheel Drive,17.3478947368421,Mercedes-Benz,Automatic 5-spd,6.0,3.5
13144,Compact Cars,Premium,Rear-Wheel Drive,19.3888235294118,Mercedes-Benz,Automatic (S5),8.0,5.4
13145,Compact Cars,Premium,Rear-Wheel Drive,19.3888235294118,Mercedes-Benz,Automatic 7-spd,8.0,5.0
13146,Compact Cars,Premium,Rear-Wheel Drive,20.600625,Mercedes-Benz,Automatic (S5),8.0,5.4
13147,Compact Cars,Premium,Rear-Wheel Drive,23.5435714285714,Mercedes-Benz,Automatic 5-spd,12.0,5.5
13148,Compact Cars,Premium,Rear-Wheel Drive,23.5435714285714,Mercedes-Benz,Automatic (S5),12.0,6.0
13149,Compact Cars,Premium,Rear-Wheel Drive,20.600625,Mercedes-Benz,Automatic 7-spd,8.0,5.0
13150,Compact Cars,Premium,Rear-Wheel Drive,21.974,Mercedes-Benz,Automatic (S5),8.0,5.4
13151,Compact Cars,Regular,Front-Wheel Drive,13.1844,Mitsubishi,Automatic 4-spd,4.0,2.0
13152,Compact Cars,Regular,Front-Wheel Drive,12.6773076923077,Mitsubishi,Manual 5-spd,4.0,2.0
13153,Midsize Cars,Regular,Rear-Wheel Drive,18.3116666666667,Pontiac,Automatic 4-spd,8.0,5.0
13154,Compact Cars,Regular,Front-Wheel Drive,14.9822727272727,Mitsubishi,Automatic 4-spd,4.0,2.4
13155,Compact Cars,Regular,Front-Wheel Drive,14.3308695652174,Mitsubishi,Manual 5-spd,4.0,2.4
13156,Compact Cars,Premium,4-Wheel or All-Wheel Drive,17.3478947368421,Mitsubishi,Manual 5-spd,4.0,2.0
13157,Compact Cars,Premium,4-Wheel or All-Wheel Drive,18.3116666666667,Mitsubishi,Manual 6-spd,4.0,2.0
13158,Compact Cars,Regular,Front-Wheel Drive,12.2077777777778,Nissan,Automatic 4-spd,4.0,1.8
13159,Compact Cars,Regular,Front-Wheel Drive,12.2077777777778,Nissan,Manual 5-spd,4.0,1.8
13160,Compact Cars,Regular,Front-Wheel Drive,14.9822727272727,Nissan,Automatic 4-spd,4.0,2.5
13161,Compact Cars,Regular,Front-Wheel Drive,14.3308695652174,Nissan,Manual 6-spd,4.0,2.5
13162,Compact Cars,Regular,Front-Wheel Drive,13.73375,Pontiac,Automatic 4-spd,4.0,2.4
13163,Compact Cars,Regular,Front-Wheel Drive,14.3308695652174,Pontiac,Automatic 4-spd,6.0,3.5
13164,Midsize Cars,Regular,Rear-Wheel Drive,18.3116666666667,Pontiac,Automatic 3-spd,6.0,3.8
13165,Compact Cars,Regular,Front-Wheel Drive,15.6957142857143,Pontiac,Automatic (S4),6.0,3.5
13166,Compact Cars,Regular,Front-Wheel Drive,17.3478947368421,Pontiac,Manual 6-spd,6.0,3.9
13167,Compact Cars,Regular,Front-Wheel Drive,17.3478947368421,Pontiac,Automatic (S4),6.0,3.9
13168,Compact Cars,Regular,Front-Wheel Drive,16.4805,Pontiac,Automatic (S4),6.0,3.5
13169,Compact Cars,Regular,Front-Wheel Drive,17.3478947368421,Pontiac,Automatic (S4),6.0,3.9
13170,Compact Cars,Premium,Rear-Wheel Drive,20.600625,Pontiac,Automatic 4-spd,8.0,6.0
13171,Compact Cars,Premium,Rear-Wheel Drive,18.3116666666667,Pontiac,Manual 6-spd,8.0,6.0
13172,Compact Cars,Premium,Front-Wheel Drive,14.3308695652174,Saab,Manual 5-spd,4.0,2.0
13173,Compact Cars,Premium,Front-Wheel Drive,14.3308695652174,Saab,Automatic (S5),4.0,2.0
13174,Compact Cars,Premium,Front-Wheel Drive,17.3478947368421,Saab,Manual 6-spd,6.0,2.8
13175,Midsize Cars,Regular,Rear-Wheel Drive,18.3116666666667,Pontiac,Automatic 3-spd,6.0,4.3
13176,Compact Cars,Premium,Front-Wheel Drive,17.3478947368421,Saab,Automatic (S6),6.0,2.8
13177,Compact Cars,Premium,Front-Wheel Drive,14.3308695652174,Saturn,Manual 5-spd,4.0,2.0
13178,Compact Cars,Regular,Front-Wheel Drive,13.73375,Saturn,Automatic 4-spd,4.0,2.2
13179,Compact Cars,Regular,Front-Wheel Drive,12.6773076923077,Saturn,Manual 5-spd,4.0,2.2
13180,Compact Cars,Premium,Front-Wheel Drive,13.73375,Saturn,Automatic 4-spd,4.0,2.4
13181,Compact Cars,Premium,Front-Wheel Drive,13.1844,Saturn,Manual 5-spd,4.0,2.4
13182,Compact Cars,Premium,4-Wheel or All-Wheel Drive,16.4805,Subaru,Manual 5-spd,4.0,2.5
13183,Compact Cars,Regular,4-Wheel or All-Wheel Drive,14.9822727272727,Subaru,Manual 5-spd,4.0,2.5
13184,Compact Cars,Regular,4-Wheel or All-Wheel Drive,14.3308695652174,Subaru,Automatic (S4),4.0,2.5
13185,Compact Cars,Premium,4-Wheel or All-Wheel Drive,17.3478947368421,Subaru,Automatic (S5),4.0,2.5
13186,Midsize Cars,Regular,Rear-Wheel Drive,17.3478947368421,Pontiac,Automatic 4-spd,6.0,4.3
13187,Compact Cars,Regular,Front-Wheel Drive,13.73375,Suzuki,Automatic 4-spd,4.0,2.3
13188,Compact Cars,Regular,Front-Wheel Drive,13.73375,Suzuki,Manual 5-spd,4.0,2.3
13189,Compact Cars,Regular,4-Wheel or All-Wheel Drive,14.3308695652174,Suzuki,Automatic 4-spd,4.0,2.3
13190,Compact Cars,Regular,Front-Wheel Drive,14.9822727272727,Suzuki,Automatic 4-spd,4.0,2.0
13191,Compact Cars,Regular,Front-Wheel Drive,14.3308695652174,Suzuki,Manual 5-spd,4.0,2.0
13192,Compact Cars,Regular,Front-Wheel Drive,14.9822727272727,Suzuki,Automatic 4-spd,4.0,2.0
13193,Compact Cars,Regular,Front-Wheel Drive,14.3308695652174,Suzuki,Manual 5-spd,4.0,2.0
13194,Compact Cars,Regular,Front-Wheel Drive,13.73375,Toyota,Manual 5-spd,4.0,2.4
13195,Compact Cars,Regular,Front-Wheel Drive,13.73375,Toyota,Automatic (S5),4.0,2.4
13196,Compact Cars,Regular,Front-Wheel Drive,15.6957142857143,Toyota,Automatic (S5),6.0,3.3
13197,Midsize Cars,Regular,Rear-Wheel Drive,18.3116666666667,Pontiac,Automatic 4-spd,8.0,5.0
13198,Compact Cars,Regular,Front-Wheel Drive,15.6957142857143,Toyota,Automatic (S5),6.0,3.3
13199,Compact Cars,Regular,Front-Wheel Drive,11.3658620689655,Toyota,Automatic 4-spd,4.0,1.8
13200,Compact Cars,Regular,Front-Wheel Drive,10.6325806451613,Toyota,Manual 5-spd,4.0,1.8
13201,Compact Cars,Premium,Front-Wheel Drive,13.1844,Toyota,Manual 6-spd,4.0,1.8
13202,Compact Cars,Diesel,Front-Wheel Drive,11.2407352941176,Volkswagen,Manual 5-spd,4.0,1.9
13203,Compact Cars,Diesel,Front-Wheel Drive,11.94328125,Volkswagen,Automatic (S5),4.0,1.9
13204,Compact Cars,Regular,Front-Wheel Drive,13.73375,Volkswagen,Automatic 4-spd,4.0,2.0
13205,Compact Cars,Regular,Front-Wheel Drive,13.73375,Volkswagen,Manual 5-spd,4.0,2.0
13206,Compact Cars,Regular,Front-Wheel Drive,14.9822727272727,Volkswagen,Manual 5-spd,5.0,2.5
13207,Compact Cars,Regular,Front-Wheel Drive,14.9822727272727,Volkswagen,Automatic (S6),5.0,2.5
13208,Midsize Cars,Regular,Front-Wheel Drive,14.3308695652174,Pontiac,Automatic 3-spd,4.0,2.5
13209,Compact Cars,Premium,Front-Wheel Drive,13.73375,Volkswagen,Manual 5-spd,4.0,1.8
13210,Compact Cars,Premium,Front-Wheel Drive,14.9822727272727,Volkswagen,Automatic (S5),4.0,1.8
13211,Compact Cars,Diesel,Front-Wheel Drive,11.5813636363636,Volkswagen,Manual 5-spd,4.0,1.9
13212,Compact Cars,Diesel,Front-Wheel Drive,11.5813636363636,Volkswagen,Automatic (S6),4.0,1.9
13213,Compact Cars,Premium,Front-Wheel Drive,13.73375,Volkswagen,Manual 6-spd,4.0,2.0
13214,Compact Cars,Premium,Front-Wheel Drive,13.1844,Volkswagen,Automatic (S6),4.0,2.0
13215,Compact Cars,Regular,Front-Wheel Drive,14.9822727272727,Volkswagen,Manual 5-spd,5.0,2.5
13216,Compact Cars,Regular,Front-Wheel Drive,14.9822727272727,Volkswagen,Automatic (S6),5.0,2.5
13217,Compact Cars,Premium,4-Wheel or All-Wheel Drive,15.6957142857143,Volvo,Manual 6-spd,5.0,2.5
13218,Compact Cars,Premium,4-Wheel or All-Wheel Drive,16.4805,Volvo,Automatic (S5),5.0,2.5
13219,Subcompact Cars,Regular,Rear-Wheel Drive,12.2077777777778,Pontiac,Manual 5-spd,4.0,1.6
13220,Midsize Cars,Regular,Front-Wheel Drive,17.3478947368421,Pontiac,Automatic 3-spd,6.0,2.8
13221,Compact Cars,Premium,Front-Wheel Drive,14.9822727272727,Volvo,Manual 5-spd,5.0,2.4
13222,Compact Cars,Premium,Front-Wheel Drive,14.9822727272727,Volvo,Automatic (S5),5.0,2.4
13223,Compact Cars,Premium,Front-Wheel Drive,14.3308695652174,Volvo,Manual 6-spd,5.0,2.5
13224,Compact Cars,Premium,Front-Wheel Drive,14.9822727272727,Volvo,Automatic (S5),5.0,2.5
13225,Compact Cars,Premium,4-Wheel or All-Wheel Drive,16.4805,Volvo,Automatic 5-spd,5.0,2.5
13226,Compact Cars,Premium,4-Wheel or All-Wheel Drive,16.4805,Volvo,Automatic (S5),5.0,2.5
13227,Compact Cars,Premium,Front-Wheel Drive,14.9822727272727,Volvo,Automatic 5-spd,5.0,2.4
13228,Compact Cars,Premium,Front-Wheel Drive,14.9822727272727,Volvo,Manual 5-spd,5.0,2.4
13229,Compact Cars,Premium,Front-Wheel Drive,15.6957142857143,Volvo,Manual 6-spd,5.0,2.4
13230,Compact Cars,Premium,Front-Wheel Drive,15.6957142857143,Volvo,Automatic (S5),5.0,2.4
13231,Midsize Cars,Regular,Front-Wheel Drive,16.4805,Pontiac,Automatic 4-spd,6.0,2.8
13232,Compact Cars,Premium,Front-Wheel Drive,14.9822727272727,Volvo,Automatic 5-spd,5.0,2.5
13233,Compact Cars,Premium,Front-Wheel Drive,14.9822727272727,Volvo,Automatic (S5),5.0,2.5
13234,Compact Cars,Premium,4-Wheel or All-Wheel Drive,17.3478947368421,Volvo,Manual 6-spd,5.0,2.5
13235,Compact Cars,Premium,4-Wheel or All-Wheel Drive,18.3116666666667,Volvo,Automatic (S6),5.0,2.5
13236,Midsize Cars,Premium,4-Wheel or All-Wheel Drive,17.3478947368421,Acura,Automatic (S5),6.0,3.5
13237,Midsize Cars,Premium,Front-Wheel Drive,15.6957142857143,Acura,Manual 6-spd,6.0,3.2
13238,Midsize Cars,Premium,Front-Wheel Drive,15.6957142857143,Acura,Automatic (S5),6.0,3.2
13239,Midsize Cars,Premium,Front-Wheel Drive,15.6957142857143,Audi,Automatic (variable gear ratios),6.0,3.1
13240,Midsize Cars,Premium,4-Wheel or All-Wheel Drive,16.4805,Audi,Automatic (S6),6.0,3.1
13241,Midsize Cars,Premium,4-Wheel or All-Wheel Drive,18.3116666666667,Audi,Automatic (S6),8.0,4.2
13242,Midsize Cars,Regular,Front-Wheel Drive,18.3116666666667,Pontiac,Automatic 3-spd,6.0,2.8
13243,Midsize Cars,Premium,4-Wheel or All-Wheel Drive,18.3116666666667,Audi,Automatic (S6),8.0,4.2
13244,Midsize Cars,Premium,Rear-Wheel Drive,29.9645454545455,Bentley,Automatic 4-spd,8.0,6.8
13245,Midsize Cars,Premium,4-Wheel or All-Wheel Drive,27.4675,Bentley,Automatic (S6),12.0,6.0
13246,Midsize Cars,Premium,Rear-Wheel Drive,15.6957142857143,BMW,Manual 6-spd,6.0,3.0
13247,Midsize Cars,Premium,Rear-Wheel Drive,15.6957142857143,BMW,Automatic (S6),6.0,3.0
13248,Midsize Cars,Premium,4-Wheel or All-Wheel Drive,16.4805,BMW,Manual 6-spd,6.0,3.0
13249,Midsize Cars,Premium,4-Wheel or All-Wheel Drive,16.4805,BMW,Automatic (S6),6.0,3.0
13250,Midsize Cars,Premium,Rear-Wheel Drive,15.6957142857143,BMW,Manual 6-spd,6.0,3.0
13251,Midsize Cars,Premium,Rear-Wheel Drive,15.6957142857143,BMW,Automatic (S6),6.0,3.0
13252,Midsize Cars,Premium,Rear-Wheel Drive,16.4805,BMW,Automatic (S6),6.0,3.0
13253,Midsize Cars,Regular,Front-Wheel Drive,17.3478947368421,Pontiac,Automatic 4-spd,6.0,2.8
13254,Midsize Cars,Premium,4-Wheel or All-Wheel Drive,16.4805,BMW,Manual 6-spd,6.0,3.0
13255,Midsize Cars,Premium,4-Wheel or All-Wheel Drive,16.4805,BMW,Automatic (S6),6.0,3.0
13256,Midsize Cars,Premium,Rear-Wheel Drive,20.600625,BMW,Manual 6-spd,8.0,4.8
13257,Midsize Cars,Premium,Rear-Wheel Drive,18.3116666666667,BMW,Automatic (S6),8.0,4.8
13258,Midsize Cars,Premium,Rear-Wheel Drive,20.600625,BMW,Automatic (S6),8.0,4.8
13259,Midsize Cars,Premium,Rear-Wheel Drive,25.3546153846154,BMW,Automatic (S7),10.0,5.0
13260,Midsize Cars,Regular,Front-Wheel Drive,16.4805,Buick,Automatic 4-spd,6.0,3.6
13261,Midsize Cars,Regular,Front-Wheel Drive,15.6957142857143,Buick,Automatic 4-spd,6.0,3.8
13262,Midsize Cars,Regular,Rear-Wheel Drive,17.3478947368421,Cadillac,Manual 6-spd,6.0,2.8
13263,Midsize Cars,Regular,Rear-Wheel Drive,17.3478947368421,Cadillac,Automatic (S5),6.0,2.8
13264,Midsize Cars,Regular,Rear-Wheel Drive,36.6233333333333,Rolls-Royce,Automatic 3-spd,8.0,6.8
13265,Midsize Cars,Regular,Rear-Wheel Drive,18.3116666666667,Cadillac,Manual 6-spd,6.0,3.6
13266,Midsize Cars,Regular,Rear-Wheel Drive,17.3478947368421,Cadillac,Automatic (S5),6.0,3.6
13267,Midsize Cars,Premium,Rear-Wheel Drive,19.3888235294118,Cadillac,Manual 6-spd,8.0,6.0
13268,Midsize Cars,Regular,Rear-Wheel Drive,17.3478947368421,Cadillac,Automatic (S5),6.0,3.6
13269,Midsize Cars,Premium,Rear-Wheel Drive,18.3116666666667,Cadillac,Automatic (S5),8.0,4.6
13270,Midsize Cars,Regular,4-Wheel or All-Wheel Drive,18.3116666666667,Cadillac,Automatic (S5),6.0,3.6
13271,Midsize Cars,Premium,4-Wheel or All-Wheel Drive,19.3888235294118,Cadillac,Automatic (S5),8.0,4.6
13272,Midsize Cars,Regular,Front-Wheel Drive,16.4805,Chevrolet,Automatic 4-spd,6.0,2.5
13273,Midsize Cars,Regular,Front-Wheel Drive,13.73375,Chevrolet,Automatic 4-spd,4.0,2.2
13274,Midsize Cars,Regular,Front-Wheel Drive,14.3308695652174,Chevrolet,Automatic 4-spd,6.0,3.5
13275,Midsize Cars,Regular,Rear-Wheel Drive,27.4675,Texas Coach Company,Automatic 4-spd,8.0,5.0
13276,Midsize Cars,Regular,Front-Wheel Drive,17.3478947368421,Chevrolet,Automatic (S4),6.0,3.9
13277,Midsize Cars,Regular,Front-Wheel Drive,15.6957142857143,Chevrolet,Automatic 4-spd,6.0,3.9
13278,Midsize Cars,Premium,Front-Wheel Drive,17.3478947368421,Chevrolet,Automatic 4-spd,8.0,5.3
13279,Midsize Cars,Regular,Front-Wheel Drive,14.9822727272727,Chrysler,Automatic 4-spd,4.0,2.4
13280,Midsize Cars,Regular,Front-Wheel Drive,14.9822727272727,Dodge,Automatic 4-spd,4.0,2.4
13281,Midsize Cars,Premium,Rear-Wheel Drive,29.9645454545455,Ferrari,Automatic 6-spd,12.0,5.7
13282,Midsize Cars,Premium,Rear-Wheel Drive,27.4675,Ferrari,Manual 6-spd,12.0,5.7
13283,Midsize Cars,Regular,Front-Wheel Drive,13.73375,Ford,Automatic 5-spd,4.0,2.3
13284,Midsize Cars,Regular,Front-Wheel Drive,14.3308695652174,Ford,Manual 5-spd,4.0,2.3
13285,Midsize Cars,Regular,Front-Wheel Drive,15.6957142857143,Ford,Automatic 6-spd,6.0,3.0
13286,Midsize Cars,Regular,Rear-Wheel Drive,27.4675,Texas Coach Company,Automatic 4-spd,8.0,5.0
13287,Midsize Cars,Regular,Front-Wheel Drive,13.1844,Honda,Automatic 5-spd,4.0,2.4
13288,Midsize Cars,Regular,Front-Wheel Drive,12.6773076923077,Honda,Manual 5-spd,4.0,2.4
13289,Midsize Cars,Regular,Front-Wheel Drive,15.6957142857143,Honda,Automatic 5-spd,6.0,3.0
13290,Midsize Cars,Regular,Front-Wheel Drive,15.6957142857143,Honda,Manual 6-spd,6.0,3.0
13291,Midsize Cars,Regular,Front-Wheel Drive,13.73375,Hyundai,Automatic 4-spd,4.0,2.0
13292,Midsize Cars,Regular,Front-Wheel Drive,12.6773076923077,Hyundai,Manual 5-spd,4.0,2.0
13293,Midsize Cars,Premium,Rear-Wheel Drive,16.4805,Jaguar,Automatic 6-spd,6.0,3.0
13294,Midsize Cars,Premium,Rear-Wheel Drive,17.3478947368421,Jaguar,Automatic 6-spd,8.0,4.2
13295,Midsize Cars,Premium,Rear-Wheel Drive,19.3888235294118,Jaguar,Automatic 6-spd,8.0,4.2
13296,Midsize Cars,Premium,4-Wheel or All-Wheel Drive,19.3888235294118,Jaguar,Automatic 5-spd,6.0,3.0
13297,Midsize Cars,Regular,Rear-Wheel Drive,18.3116666666667,Volvo,Automatic 4-spd,4.0,2.3
13298,Midsize Cars,Premium,4-Wheel or All-Wheel Drive,17.3478947368421,Jaguar,Manual 5-spd,6.0,3.0
13299,Midsize Cars,Regular,Front-Wheel Drive,14.9822727272727,Kia,Automatic 4-spd,4.0,2.4
13300,Midsize Cars,Regular,Front-Wheel Drive,14.3308695652174,Kia,Manual 5-spd,4.0,2.4
13301,Midsize Cars,Regular,Front-Wheel Drive,15.6957142857143,Kia,Automatic 4-spd,6.0,2.7
13302,Midsize Cars,Regular,Front-Wheel Drive,13.1844,Kia,Automatic 4-spd,4.0,2.0
13303,Midsize Cars,Regular,Front-Wheel Drive,13.1844,Kia,Manual 5-spd,4.0,2.0
13304,Midsize Cars,Premium,Front-Wheel Drive,15.6957142857143,Lexus,Automatic 5-spd,6.0,3.3
13305,Midsize Cars,Premium,4-Wheel or All-Wheel Drive,15.6957142857143,Lexus,Automatic (S6),6.0,3.0
13306,Midsize Cars,Premium,Rear-Wheel Drive,14.9822727272727,Lexus,Automatic (S6),6.0,3.0
13307,Midsize Cars,Premium,Rear-Wheel Drive,17.3478947368421,Lexus,Automatic (S6),8.0,4.3
13308,Midsize Cars,Regular,Rear-Wheel Drive,15.6957142857143,Volvo,Automatic 4-spd,4.0,2.3
13309,Midsize Cars,Premium,Rear-Wheel Drive,18.3116666666667,Lincoln,Automatic 5-spd,8.0,3.9
13310,Midsize Cars,Premium,Rear-Wheel Drive,18.3116666666667,Lincoln,Automatic (S5),8.0,3.9
13311,Midsize Cars,Regular,Front-Wheel Drive,13.73375,Mercury,Automatic 5-spd,4.0,2.3
13312,Midsize Cars,Regular,Front-Wheel Drive,14.3308695652174,Mercury,Manual 5-spd,4.0,2.3
13313,Midsize Cars,Regular,Front-Wheel Drive,15.6957142857143,Mercury,Automatic 6-spd,6.0,3.0
13314,Midsize Cars,Regular,Front-Wheel Drive,16.4805,Lincoln,Automatic 6-spd,6.0,3.0
13315,Midsize Cars,Regular,Front-Wheel Drive,13.73375,Mazda,Manual 5-spd,4.0,2.3
13316,Midsize Cars,Premium,4-Wheel or All-Wheel Drive,17.3478947368421,Mazda,Manual 6-spd,4.0,2.3
13317,Midsize Cars,Regular,Front-Wheel Drive,14.3308695652174,Mazda,Automatic (S5),4.0,2.3
13318,Midsize Cars,Regular,Front-Wheel Drive,16.4805,Mazda,Manual 5-spd,6.0,3.0
13319,Midsize Cars,Regular,Rear-Wheel Drive,16.4805,Volvo,Manual 4-spd,4.0,2.3
13320,Midsize Cars,Regular,Front-Wheel Drive,16.4805,Mazda,Automatic (S6),6.0,3.0
13321,Midsize Cars,Diesel,Rear-Wheel Drive,14.155,Mercedes-Benz,Automatic 5-spd,6.0,3.2
13322,Midsize Cars,Premium,Rear-Wheel Drive,16.4805,Mercedes-Benz,Automatic 7-spd,6.0,3.5
13323,Midsize Cars,Premium,4-Wheel or All-Wheel Drive,17.3478947368421,Mercedes-Benz,Automatic 5-spd,6.0,3.5
13324,Midsize Cars,Premium,Rear-Wheel Drive,18.3116666666667,Mercedes-Benz,Automatic 7-spd,8.0,5.0
13325,Midsize Cars,Premium,4-Wheel or All-Wheel Drive,20.600625,Mercedes-Benz,Automatic 5-spd,8.0,5.0
13326,Midsize Cars,Premium,Rear-Wheel Drive,20.600625,Mercedes-Benz,Automatic (S5),8.0,5.4
13327,Midsize Cars,Regular,Front-Wheel Drive,14.3308695652174,Mitsubishi,Automatic 4-spd,4.0,2.4
13328,Midsize Cars,Premium,Front-Wheel Drive,17.3478947368421,Mitsubishi,Automatic (S4),6.0,3.8
13329,Midsize Cars,Regular,Front-Wheel Drive,14.3308695652174,Nissan,Automatic 4-spd,4.0,2.5
13330,Two Seaters,Regular,Rear-Wheel Drive,19.3888235294118,Mazda,Manual 5-spd,2.0,1.1
13331,Subcompact Cars,Diesel,Rear-Wheel Drive,10.61625,Pontiac,Manual 5-spd,4.0,1.8
13332,Midsize Cars,Regular,Rear-Wheel Drive,14.9822727272727,Volvo,Manual 4-spd,4.0,2.3
13333,Midsize Cars,Regular,Front-Wheel Drive,13.73375,Nissan,Manual 5-spd,4.0,2.5
13334,Midsize Cars,Regular,Front-Wheel Drive,15.6957142857143,Nissan,Manual 5-spd,6.0,3.5
13335,Midsize Cars,Regular,Front-Wheel Drive,15.6957142857143,Nissan,Manual 6-spd,6.0,3.5
13336,Midsize Cars,Regular,Front-Wheel Drive,15.6957142857143,Nissan,Automatic (S5),6.0,3.5
13337,Midsize Cars,Regular,Front-Wheel Drive,15.6957142857143,Nissan,Manual 6-spd,6.0,3.5
13338,Midsize Cars,Regular,Front-Wheel Drive,15.6957142857143,Nissan,Automatic (S5),6.0,3.5
13339,Midsize Cars,Premium,Front-Wheel Drive,16.4805,Pontiac,Automatic 4-spd,6.0,3.8
13340,Midsize Cars,Regular,Front-Wheel Drive,15.6957142857143,Pontiac,Automatic 4-spd,6.0,3.8
13341,Midsize Cars,Premium,Front-Wheel Drive,16.4805,Pontiac,Automatic (S4),6.0,3.8
13342,Midsize Cars,Premium,Front-Wheel Drive,17.3478947368421,Pontiac,Automatic (S4),8.0,5.3
13343,Midsize Cars,Diesel,Rear-Wheel Drive,16.6167391304348,Volvo,Automatic 4-spd,6.0,2.4
13344,Midsize Cars,Premium,Rear-Wheel Drive,25.3546153846154,Rolls-Royce,Automatic (S6),12.0,6.7
13345,Midsize Cars,Regular,Front-Wheel Drive,16.4805,Suzuki,Automatic 4-spd,6.0,2.5
13346,Midsize Cars,Regular,Front-Wheel Drive,13.1844,Toyota,Automatic 5-spd,4.0,2.4
13347,Midsize Cars,Regular,Front-Wheel Drive,13.73375,Toyota,Manual 5-spd,4.0,2.4
13348,Midsize Cars,Regular,Front-Wheel Drive,15.6957142857143,Toyota,Automatic 5-spd,6.0,3.0
13349,Midsize Cars,Regular,Front-Wheel Drive,15.6957142857143,Toyota,Automatic 5-spd,6.0,3.3
13350,Midsize Cars,Regular,Front-Wheel Drive,7.1654347826087,Toyota,Automatic (variable gear ratios),4.0,1.5
13351,Midsize Cars,Premium,Front-Wheel Drive,13.73375,Volkswagen,Manual 6-spd,4.0,2.0
13352,Midsize Cars,Premium,Front-Wheel Drive,14.9822727272727,Volkswagen,Automatic (S6),4.0,2.0
13353,Midsize Cars,Premium,Front-Wheel Drive,16.4805,Volkswagen,Automatic (S6),6.0,3.6
13354,Midsize Cars,Diesel,Rear-Wheel Drive,15.924375,Volvo,Manual 4-spd,6.0,2.4
13355,Midsize Cars,Premium,4-Wheel or All-Wheel Drive,17.3478947368421,Volkswagen,Automatic (S6),6.0,3.6
13356,Midsize Cars,Premium,4-Wheel or All-Wheel Drive,16.4805,Volvo,Automatic 5-spd,5.0,2.5
13357,Midsize Cars,Premium,Front-Wheel Drive,14.9822727272727,Volvo,Automatic 5-spd,5.0,2.5
13358,Large Cars,Premium,4-Wheel or All-Wheel Drive,18.3116666666667,Audi,Automatic (S6),8.0,4.2
13359,Large Cars,Premium,4-Wheel or All-Wheel Drive,21.974,Audi,Automatic (S6),12.0,6.0
13360,Large Cars,Premium,Rear-Wheel Drive,29.9645454545455,Bentley,Automatic 4-spd,8.0,6.8
13361,Large Cars,Premium,Rear-Wheel Drive,18.3116666666667,BMW,Automatic (S6),8.0,4.8
13362,Large Cars,Premium,Rear-Wheel Drive,18.3116666666667,BMW,Automatic (S6),8.0,4.8
13363,Large Cars,Premium,Rear-Wheel Drive,20.600625,BMW,Automatic (S6),12.0,6.0
13364,Large Cars,Premium,Rear-Wheel Drive,20.600625,BMW,Automatic (S6),12.0,6.0
13365,Midsize Cars,Regular,Rear-Wheel Drive,18.3116666666667,Volvo,Automatic 4-spd,6.0,2.8
13366,Large Cars,Regular,Front-Wheel Drive,16.4805,Buick,Automatic 4-spd,6.0,3.8
13367,Large Cars,Regular,Front-Wheel Drive,18.3116666666667,Buick,Automatic 4-spd,8.0,4.6
13368,Large Cars,Regular,Front-Wheel Drive,23.5435714285714,Cadillac,Automatic 4-spd,8.0,4.6
13369,Large Cars,Regular,Front-Wheel Drive,18.3116666666667,Cadillac,Automatic 4-spd,8.0,4.6
13370,Large Cars,Regular,Front-Wheel Drive,18.3116666666667,Cadillac,Automatic 4-spd,8.0,4.6
13371,Large Cars,Regular,Front-Wheel Drive,23.5435714285714,Cadillac,Automatic 4-spd,8.0,4.6
13372,Large Cars,Regular,Front-Wheel Drive,23.5435714285714,Cadillac,Automatic 4-spd,8.0,4.6
13373,Large Cars,Regular,Front-Wheel Drive,16.4805,Chevrolet,Automatic 4-spd,6.0,3.9
13374,Large Cars,Premium,Front-Wheel Drive,17.3478947368421,Chevrolet,Automatic 4-spd,8.0,5.3
13375,Large Cars,Regular,Front-Wheel Drive,14.9822727272727,Chevrolet,Automatic 4-spd,6.0,3.5
13376,Large Cars,Regular,Front-Wheel Drive,16.4805,Buick,Automatic 4-spd,6.0,3.8
13377,Large Cars,Regular,Front-Wheel Drive,17.3478947368421,Chevrolet,Automatic (S4),6.0,3.9
13378,Large Cars,Regular,4-Wheel or All-Wheel Drive,18.3116666666667,Chrysler,Automatic 5-spd,6.0,3.5
13379,Large Cars,Regular,4-Wheel or All-Wheel Drive,18.3116666666667,Chrysler,Automatic 5-spd,8.0,5.7
13380,Large Cars,Regular,Rear-Wheel Drive,15.6957142857143,Chrysler,Automatic 4-spd,6.0,2.7
13381,Large Cars,Regular,Rear-Wheel Drive,16.4805,Chrysler,Automatic 4-spd,6.0,3.5
13382,Large Cars,Regular,Rear-Wheel Drive,16.4805,Chrysler,Automatic 5-spd,6.0,3.5
13383,Large Cars,Regular,Rear-Wheel Drive,18.3116666666667,Chrysler,Automatic 5-spd,8.0,5.7
13384,Large Cars,Premium,Rear-Wheel Drive,21.974,Chrysler,Automatic 5-spd,8.0,6.1
13385,Large Cars,Regular,Rear-Wheel Drive,15.6957142857143,Dodge,Automatic 4-spd,6.0,2.7
13386,Large Cars,Regular,Rear-Wheel Drive,16.4805,Dodge,Automatic 5-spd,6.0,3.5
13387,Large Cars,Regular,Front-Wheel Drive,17.3478947368421,Buick,Automatic 4-spd,6.0,3.0
13388,Large Cars,Regular,Rear-Wheel Drive,18.3116666666667,Dodge,Automatic 5-spd,8.0,5.7
13389,Large Cars,Premium,Rear-Wheel Drive,21.974,Dodge,Automatic 5-spd,8.0,6.1
13390,Large Cars,Regular,Rear-Wheel Drive,18.3116666666667,Ford,Automatic 4-spd,8.0,4.6
13391,Large Cars,Regular,4-Wheel or All-Wheel Drive,17.3478947368421,Ford,Automatic (variable gear ratios),6.0,3.0
13392,Large Cars,Regular,Front-Wheel Drive,16.4805,Ford,Automatic (variable gear ratios),6.0,3.0
13393,Large Cars,Regular,Front-Wheel Drive,15.6957142857143,Ford,Automatic 6-spd,6.0,3.0
13394,Large Cars,Regular,Front-Wheel Drive,16.4805,Ford,Automatic 4-spd,6.0,3.0
13395,Large Cars,Regular,Front-Wheel Drive,16.4805,Hyundai,Automatic 5-spd,6.0,3.8
13396,Large Cars,Regular,Front-Wheel Drive,13.73375,Hyundai,Automatic 4-spd,4.0,2.4
13397,Large Cars,Regular,Front-Wheel Drive,13.1844,Hyundai,Manual 5-spd,4.0,2.4
13398,Large Cars,Regular,Front-Wheel Drive,16.4805,Buick,Automatic 4-spd,6.0,3.8
13399,Large Cars,Regular,Front-Wheel Drive,15.6957142857143,Hyundai,Automatic 5-spd,6.0,3.3
13400,Large Cars,Regular,Rear-Wheel Drive,18.3116666666667,Infiniti,Automatic (S5),6.0,3.5
13401,Large Cars,Regular,4-Wheel or All-Wheel Drive,18.3116666666667,Infiniti,Automatic (S5),6.0,3.5
13402,Large Cars,Premium,Rear-Wheel Drive,18.3116666666667,Infiniti,Automatic (S5),8.0,4.5
13403,Large Cars,Premium,Rear-Wheel Drive,18.3116666666667,Jaguar,Automatic 6-spd,8.0,4.2
13404,Large Cars,Premium,Rear-Wheel Drive,17.3478947368421,Jaguar,Automatic 6-spd,8.0,4.2
13405,Large Cars,Premium,Rear-Wheel Drive,17.3478947368421,Jaguar,Automatic 6-spd,8.0,4.2
13406,Large Cars,Premium,Rear-Wheel Drive,17.3478947368421,Jaguar,Automatic 6-spd,8.0,4.2
13407,Large Cars,Premium,Rear-Wheel Drive,18.3116666666667,Jaguar,Automatic 6-spd,8.0,4.2
13408,Large Cars,Regular,Front-Wheel Drive,18.3116666666667,Kia,Automatic 5-spd,6.0,3.5
13409,Large Cars,Regular,Front-Wheel Drive,18.3116666666667,Cadillac,Automatic 4-spd,8.0,4.1
13410,Large Cars,Premium,Rear-Wheel Drive,17.3478947368421,Lexus,Automatic (S6),8.0,4.3
13411,Large Cars,Regular,Rear-Wheel Drive,18.3116666666667,Mercury,Automatic 4-spd,8.0,4.6
13412,Large Cars,Regular,4-Wheel or All-Wheel Drive,17.3478947368421,Mercury,Automatic (variable gear ratios),6.0,3.0
13413,Large Cars,Regular,Front-Wheel Drive,15.6957142857143,Mercury,Automatic 6-spd,6.0,3.0
13414,Large Cars,Regular,Rear-Wheel Drive,18.3116666666667,Lincoln,Automatic 4-spd,8.0,4.6
13415,Large Cars,Premium,Rear-Wheel Drive,25.3546153846154,Maserati,Automatic 6-spd,8.0,4.2
13416,Large Cars,Premium,Rear-Wheel Drive,25.3546153846154,Maybach,Automatic 5-spd,12.0,5.5
13417,Large Cars,Premium,Rear-Wheel Drive,25.3546153846154,Maybach,Automatic 5-spd,12.0,5.5
13418,Large Cars,Premium,Rear-Wheel Drive,18.3116666666667,Mercedes-Benz,Automatic 5-spd,6.0,3.7
13419,Large Cars,Regular,Rear-Wheel Drive,17.3478947368421,Cadillac,Automatic 4-spd,8.0,5.0
13420,Large Cars,Premium,Rear-Wheel Drive,17.3478947368421,Mercedes-Benz,Automatic 7-spd,8.0,4.3
13421,Large Cars,Premium,4-Wheel or All-Wheel Drive,19.3888235294118,Mercedes-Benz,Automatic 5-spd,8.0,4.3
13422,Large Cars,Premium,Rear-Wheel Drive,19.3888235294118,Mercedes-Benz,Automatic 7-spd,8.0,5.0
13423,Large Cars,Premium,4-Wheel or All-Wheel Drive,20.600625,Mercedes-Benz,Automatic 5-spd,8.0,5.0
13424,Large Cars,Premium,Rear-Wheel Drive,20.600625,Mercedes-Benz,Automatic (S5),8.0,5.4
13425,Large Cars,Premium,Rear-Wheel Drive,25.3546153846154,Mercedes-Benz,Automatic 5-spd,12.0,5.5
13426,Large Cars,Premium,Rear-Wheel Drive,23.5435714285714,Mercedes-Benz,Automatic (S5),12.0,6.0
13427,Large Cars,Regular,Front-Wheel Drive,14.3308695652174,Toyota,Automatic (S5),6.0,3.5
13428,Large Cars,Premium,4-Wheel or All-Wheel Drive,20.600625,Volkswagen,Automatic (S6),8.0,4.2
13429,Large Cars,Premium,4-Wheel or All-Wheel Drive,25.3546153846154,Volkswagen,Automatic (S5),12.0,6.0
13430,Large Cars,Regular,Front-Wheel Drive,18.3116666666667,Cadillac,Automatic 4-spd,8.0,4.1
13431,Small Station Wagons,Premium,Front-Wheel Drive,13.73375,Audi,Manual 6-spd,4.0,2.0
13432,Small Station Wagons,Premium,Front-Wheel Drive,13.1844,Audi,Automatic (S6),4.0,2.0
13433,Small Station Wagons,Premium,4-Wheel or All-Wheel Drive,14.3308695652174,Audi,Manual 6-spd,4.0,2.0
13434,Small Station Wagons,Premium,4-Wheel or All-Wheel Drive,14.9822727272727,Audi,Automatic (S6),4.0,2.0
13435,Small Station Wagons,Premium,4-Wheel or All-Wheel Drive,17.3478947368421,Audi,Manual 6-spd,6.0,3.1
13436,Small Station Wagons,Premium,4-Wheel or All-Wheel Drive,16.4805,Audi,Automatic (S6),6.0,3.1
13437,Small Station Wagons,Premium,4-Wheel or All-Wheel Drive,20.600625,Audi,Manual 6-spd,8.0,4.2
13438,Small Station Wagons,Premium,4-Wheel or All-Wheel Drive,20.600625,Audi,Automatic (S6),8.0,4.2
13439,Small Station Wagons,Premium,4-Wheel or All-Wheel Drive,16.4805,BMW,Manual 6-spd,6.0,3.0
13440,Small Station Wagons,Premium,4-Wheel or All-Wheel Drive,16.4805,BMW,Automatic (S6),6.0,3.0
13441,Subcompact Cars,Premium,Front-Wheel Drive,14.3308695652174,Renault,Manual 5-spd,4.0,1.6
13442,Large Cars,Regular,Rear-Wheel Drive,18.3116666666667,Chevrolet,Automatic 3-spd,6.0,4.3
13443,Small Station Wagons,Regular,Front-Wheel Drive,14.9822727272727,Chevrolet,Automatic 4-spd,4.0,2.0
13444,Small Station Wagons,Regular,Front-Wheel Drive,14.9822727272727,Chevrolet,Manual 5-spd,4.0,2.0
13445,Small Station Wagons,Regular,Front-Wheel Drive,12.2077777777778,Pontiac,Automatic 4-spd,4.0,1.8
13446,Small Station Wagons,Regular,4-Wheel or All-Wheel Drive,13.1844,Pontiac,Automatic 4-spd,4.0,1.8
13447,Small Station Wagons,Regular,Front-Wheel Drive,11.3658620689655,Pontiac,Manual 5-spd,4.0,1.8
13448,Small Station Wagons,Premium,Front-Wheel Drive,13.1844,Pontiac,Manual 6-spd,4.0,1.8
13449,Small Station Wagons,Premium,4-Wheel or All-Wheel Drive,16.4805,Saab,Automatic 4-spd,4.0,2.5
13450,Small Station Wagons,Regular,4-Wheel or All-Wheel Drive,14.9822727272727,Saab,Automatic 4-spd,4.0,2.5
13451,Small Station Wagons,Premium,4-Wheel or All-Wheel Drive,15.6957142857143,Saab,Manual 5-spd,4.0,2.5
13452,Small Station Wagons,Regular,4-Wheel or All-Wheel Drive,14.9822727272727,Saab,Manual 5-spd,4.0,2.5
13453,Large Cars,Regular,Rear-Wheel Drive,17.3478947368421,Chevrolet,Automatic 4-spd,6.0,4.3
13454,Small Station Wagons,Premium,Front-Wheel Drive,14.3308695652174,Saab,Manual 5-spd,4.0,2.0
13455,Small Station Wagons,Premium,Front-Wheel Drive,14.3308695652174,Saab,Automatic (S5),4.0,2.0
13456,Small Station Wagons,Premium,Front-Wheel Drive,17.3478947368421,Saab,Manual 6-spd,6.0,2.8
13457,Small Station Wagons,Premium,Front-Wheel Drive,17.3478947368421,Saab,Automatic (S6),6.0,2.8
13458,Small Station Wagons,Premium,4-Wheel or All-Wheel Drive,16.4805,Subaru,Automatic 4-spd,4.0,2.5
13459,Small Station Wagons,Regular,4-Wheel or All-Wheel Drive,14.9822727272727,Subaru,Automatic 4-spd,4.0,2.5
13460,Small Station Wagons,Premium,4-Wheel or All-Wheel Drive,16.4805,Subaru,Manual 5-spd,4.0,2.5
13461,Small Station Wagons,Regular,4-Wheel or All-Wheel Drive,14.9822727272727,Subaru,Manual 5-spd,4.0,2.5
13462,Small Station Wagons,Regular,Front-Wheel Drive,13.73375,Suzuki,Automatic 4-spd,4.0,2.3
13463,Small Station Wagons,Regular,Front-Wheel Drive,13.73375,Suzuki,Manual 5-spd,4.0,2.3
13464,Large Cars,Regular,Rear-Wheel Drive,18.3116666666667,Chevrolet,Automatic 4-spd,8.0,5.0
13465,Small Station Wagons,Regular,4-Wheel or All-Wheel Drive,14.3308695652174,Suzuki,Automatic 4-spd,4.0,2.3
13466,Small Station Wagons,Regular,Front-Wheel Drive,14.9822727272727,Suzuki,Automatic 4-spd,4.0,2.0
13467,Small Station Wagons,Regular,Front-Wheel Drive,14.9822727272727,Suzuki,Manual 5-spd,4.0,2.0
13468,Small Station Wagons,Regular,Front-Wheel Drive,12.2077777777778,Toyota,Automatic 4-spd,4.0,1.8
13469,Small Station Wagons,Regular,4-Wheel or All-Wheel Drive,13.1844,Toyota,Automatic 4-spd,4.0,1.8
13470,Small Station Wagons,Regular,Front-Wheel Drive,11.3658620689655,Toyota,Manual 5-spd,4.0,1.8
13471,Small Station Wagons,Premium,Front-Wheel Drive,13.1844,Toyota,Manual 6-spd,4.0,1.8
13472,Small Station Wagons,Regular,Front-Wheel Drive,11.7717857142857,Scion,Automatic 4-spd,4.0,1.5
13473,Small Station Wagons,Regular,Front-Wheel Drive,11.7717857142857,Scion,Manual 5-spd,4.0,1.5
13474,Small Station Wagons,Premium,4-Wheel or All-Wheel Drive,16.4805,Volvo,Manual 6-spd,5.0,2.5
13475,Large Cars,Regular,Rear-Wheel Drive,17.3478947368421,Chevrolet,Automatic 4-spd,8.0,5.0
13476,Small Station Wagons,Premium,4-Wheel or All-Wheel Drive,16.4805,Volvo,Automatic (S5),5.0,2.5
13477,Small Station Wagons,Premium,Front-Wheel Drive,14.9822727272727,Volvo,Manual 5-spd,5.0,2.4
13478,Small Station Wagons,Premium,Front-Wheel Drive,14.9822727272727,Volvo,Automatic (S5),5.0,2.4
13479,Small Station Wagons,Premium,Front-Wheel Drive,14.3308695652174,Volvo,Manual 6-spd,5.0,2.5
13480,Small Station Wagons,Premium,Front-Wheel Drive,14.9822727272727,Volvo,Automatic (S5),5.0,2.5
13481,Midsize Station Wagons,Premium,4-Wheel or All-Wheel Drive,17.3478947368421,Audi,Automatic (S6),6.0,3.1
13482,Midsize Station Wagons,Premium,4-Wheel or All-Wheel Drive,16.4805,BMW,Manual 6-spd,6.0,3.0
13483,Midsize Station Wagons,Premium,4-Wheel or All-Wheel Drive,16.4805,BMW,Automatic (S6),6.0,3.0
13484,Midsize Station Wagons,Regular,Front-Wheel Drive,13.1844,Ford,Automatic 4-spd,4.0,2.0
13485,Midsize Station Wagons,Regular,Front-Wheel Drive,12.6773076923077,Ford,Manual 5-spd,4.0,2.0
13486,Large Cars,Regular,Rear-Wheel Drive,23.5435714285714,Chevrolet,Automatic 4-spd,8.0,5.7
13487,Midsize Station Wagons,Regular,Front-Wheel Drive,14.9822727272727,Mazda,Manual 5-spd,4.0,2.3
13488,Midsize Station Wagons,Regular,Front-Wheel Drive,15.6957142857143,Mazda,Automatic (S4),4.0,2.3
13489,Midsize Station Wagons,Regular,Front-Wheel Drive,16.4805,Mazda,Manual 5-spd,6.0,3.0
13490,Midsize Station Wagons,Regular,Front-Wheel Drive,16.4805,Mazda,Automatic (S6),6.0,3.0
13491,Midsize Station Wagons,Premium,Rear-Wheel Drive,17.3478947368421,Mercedes-Benz,Automatic 7-spd,6.0,3.5
13492,Midsize Station Wagons,Premium,4-Wheel or All-Wheel Drive,18.3116666666667,Mercedes-Benz,Automatic 5-spd,6.0,3.5
13493,Midsize Station Wagons,Premium,4-Wheel or All-Wheel Drive,20.600625,Mercedes-Benz,Automatic 5-spd,8.0,5.0
13494,Midsize Station Wagons,Premium,Rear-Wheel Drive,21.974,Mercedes-Benz,Automatic (S5),8.0,5.4
13495,Midsize Station Wagons,Premium,4-Wheel or All-Wheel Drive,16.4805,Subaru,Manual 5-spd,4.0,2.5
13496,Midsize Station Wagons,Regular,4-Wheel or All-Wheel Drive,14.9822727272727,Subaru,Manual 5-spd,4.0,2.5
13497,Large Cars,Regular,Rear-Wheel Drive,17.3478947368421,Ford,Automatic 4-spd,8.0,5.0
13498,Midsize Station Wagons,Regular,4-Wheel or All-Wheel Drive,14.3308695652174,Subaru,Automatic (S4),4.0,2.5
13499,Midsize Station Wagons,Premium,4-Wheel or All-Wheel Drive,17.3478947368421,Subaru,Automatic (S5),4.0,2.5
13500,Midsize Station Wagons,Premium,4-Wheel or All-Wheel Drive,16.4805,Volvo,Automatic 5-spd,5.0,2.5
13501,Midsize Station Wagons,Premium,4-Wheel or All-Wheel Drive,16.4805,Volvo,Automatic (S5),5.0,2.5
13502,Midsize Station Wagons,Premium,Front-Wheel Drive,15.6957142857143,Volvo,Automatic 5-spd,5.0,2.4
13503,Midsize Station Wagons,Premium,Front-Wheel Drive,14.9822727272727,Volvo,Manual 5-spd,5.0,2.4
13504,Midsize Station Wagons,Premium,Front-Wheel Drive,16.4805,Volvo,Manual 6-spd,5.0,2.4
13505,Midsize Station Wagons,Premium,Front-Wheel Drive,15.6957142857143,Volvo,Automatic (S5),5.0,2.4
13506,Midsize Station Wagons,Premium,Front-Wheel Drive,15.6957142857143,Volvo,Automatic (S5),5.0,2.5
13507,Midsize Station Wagons,Premium,4-Wheel or All-Wheel Drive,17.3478947368421,Volvo,Manual 6-spd,5.0,2.5
13508,Large Cars,Regular,Rear-Wheel Drive,23.5435714285714,Ford,Automatic 4-spd,8.0,5.8
13509,Midsize Station Wagons,Premium,4-Wheel or All-Wheel Drive,18.3116666666667,Volvo,Automatic (S6),5.0,2.5
13510,Standard Pickup Trucks 2WD,Regular,Rear-Wheel Drive,19.3888235294118,Chevrolet,Automatic 4-spd,8.0,5.3
13511,Standard Pickup Trucks 2WD,Regular,Rear-Wheel Drive,20.600625,Chevrolet,Automatic 4-spd,6.0,4.3
13512,Standard Pickup Trucks 2WD,Regular,Rear-Wheel Drive,20.600625,Chevrolet,Manual 5-spd,6.0,4.3
13513,Standard Pickup Trucks 2WD,Regular,Rear-Wheel Drive,19.3888235294118,Chevrolet,Automatic 4-spd,8.0,4.8
13514,Standard Pickup Trucks 2WD,Regular,Rear-Wheel Drive,20.600625,Chevrolet,Manual 5-spd,8.0,4.8
13515,Standard Pickup Trucks 2WD,Regular,Rear-Wheel Drive,20.600625,Chevrolet,Automatic 4-spd,8.0,5.3
13516,Standard Pickup Trucks 2WD,Premium,Rear-Wheel Drive,21.974,Chevrolet,Automatic 4-spd,8.0,6.0
13517,Standard Pickup Trucks 2WD,Regular,Rear-Wheel Drive,18.3116666666667,Chevrolet,Automatic 4-spd,4.0,2.8
13518,Standard Pickup Trucks 2WD,Regular,Rear-Wheel Drive,15.6957142857143,Chevrolet,Manual 5-spd,4.0,2.8
13519,Large Cars,Regular,Rear-Wheel Drive,25.3546153846154,Ford,Automatic 4-spd,8.0,5.8
13520,Standard Pickup Trucks 2WD,Regular,Rear-Wheel Drive,17.3478947368421,Chevrolet,Automatic 4-spd,5.0,3.5
13521,Standard Pickup Trucks 2WD,Regular,Rear-Wheel Drive,17.3478947368421,Chevrolet,Manual 5-spd,5.0,3.5
13522,Standard Pickup Trucks 2WD,Regular,Rear-Wheel Drive,19.3888235294118,Chevrolet,Automatic 4-spd,5.0,3.5
13523,Standard Pickup Trucks 2WD,Regular,Rear-Wheel Drive,19.3888235294118,Chevrolet,Automatic 4-spd,4.0,2.8
13524,Standard Pickup Trucks 2WD,Regular,Rear-Wheel Drive,15.6957142857143,Chevrolet,Manual 5-spd,4.0,2.8
13525,Standard Pickup Trucks 2WD,Regular,Rear-Wheel Drive,17.3478947368421,Chevrolet,Automatic 4-spd,5.0,3.5
13526,Standard Pickup Trucks 2WD,Premium,Rear-Wheel Drive,21.974,Chevrolet,Automatic 4-spd,8.0,6.0
13527,Standard Pickup Trucks 2WD,Premium,Rear-Wheel Drive,23.5435714285714,Chevrolet,Manual 6-spd,8.0,6.0
13528,Standard Pickup Trucks 2WD,Regular,Rear-Wheel Drive,19.3888235294118,Dodge,Automatic 4-spd,6.0,3.7
13529,Standard Pickup Trucks 2WD,Regular,Rear-Wheel Drive,20.600625,Dodge,Manual 6-spd,6.0,3.7
13530,Large Cars,Regular,Rear-Wheel Drive,17.3478947368421,Mercury,Automatic 4-spd,8.0,5.0
13531,Standard Pickup Trucks 2WD,Regular,Rear-Wheel Drive,21.974,Dodge,Automatic 5-spd,8.0,4.7
13532,Standard Pickup Trucks 2WD,Regular,Rear-Wheel Drive,21.974,Dodge,Manual 6-spd,8.0,4.7
13533,Standard Pickup Trucks 2WD,Regular,Rear-Wheel Drive,20.600625,Dodge,Automatic 4-spd,6.0,3.7
13534,Standard Pickup Trucks 2WD,Regular,Rear-Wheel Drive,20.600625,Dodge,Manual 6-spd,6.0,3.7
13535,Standard Pickup Trucks 2WD,Regular,Rear-Wheel Drive,23.5435714285714,Dodge,Automatic 5-spd,8.0,4.7
13536,Standard Pickup Trucks 2WD,Regular,Rear-Wheel Drive,23.5435714285714,Dodge,Manual 6-spd,8.0,4.7
13537,Standard Pickup Trucks 2WD,Regular,Rear-Wheel Drive,21.974,Dodge,Automatic 5-spd,8.0,5.7
13538,Standard Pickup Trucks 2WD,Premium,Rear-Wheel Drive,36.6233333333333,Dodge,Automatic 4-spd,10.0,8.3
13539,Standard Pickup Trucks 2WD,Premium,Rear-Wheel Drive,32.961,Dodge,Manual 6-spd,10.0,8.3
13540,Standard Pickup Trucks 2WD,Regular,Rear-Wheel Drive,20.600625,Ford,Automatic 4-spd,6.0,4.2
13541,Large Cars,Regular,Rear-Wheel Drive,17.3478947368421,Lincoln,Automatic 4-spd,8.0,5.0
13542,Standard Pickup Trucks 2WD,Regular,Rear-Wheel Drive,20.600625,Ford,Manual 5-spd,6.0,4.2
13543,Standard Pickup Trucks 2WD,Regular,Rear-Wheel Drive,21.974,Ford,Automatic 4-spd,8.0,4.6
13544,Standard Pickup Trucks 2WD,Regular,Rear-Wheel Drive,21.974,Ford,Automatic 4-spd,8.0,5.4
13545,Standard Pickup Trucks 2WD,Regular,Rear-Wheel Drive,15.6957142857143,Ford,Automatic 5-spd,4.0,2.3
13546,Standard Pickup Trucks 2WD,Regular,Rear-Wheel Drive,14.3308695652174,Ford,Manual 5-spd,4.0,2.3
13547,Standard Pickup Trucks 2WD,Regular,Rear-Wheel Drive,19.3888235294118,Ford,Automatic 5-spd,6.0,3.0
13548,Standard Pickup Trucks 2WD,Regular,Rear-Wheel Drive,18.3116666666667,Ford,Manual 5-spd,6.0,3.0
13549,Standard Pickup Trucks 2WD,Regular,Rear-Wheel Drive,19.3888235294118,Ford,Automatic 5-spd,6.0,4.0
13550,Standard Pickup Trucks 2WD,Regular,Rear-Wheel Drive,18.3116666666667,Ford,Manual 5-spd,6.0,4.0
13551,Standard Pickup Trucks 2WD,Regular,Rear-Wheel Drive,19.3888235294118,GMC,Automatic 4-spd,8.0,5.3
13552,Subcompact Cars,Regular,Front-Wheel Drive,17.3478947368421,Renault,Automatic 3-spd,4.0,2.2
13553,Large Cars,Regular,Rear-Wheel Drive,20.600625,London Coach Co Inc,Automatic 3-spd,4.0,2.3
13554,Standard Pickup Trucks 2WD,Regular,Rear-Wheel Drive,19.3888235294118,GMC,Automatic 4-spd,6.0,4.3
13555,Standard Pickup Trucks 2WD,Regular,Rear-Wheel Drive,20.600625,GMC,Manual 5-spd,6.0,4.3
13556,Standard Pickup Trucks 2WD,Regular,Rear-Wheel Drive,19.3888235294118,GMC,Automatic 4-spd,8.0,4.8
13557,Standard Pickup Trucks 2WD,Regular,Rear-Wheel Drive,20.600625,GMC,Manual 5-spd,8.0,4.8
13558,Standard Pickup Trucks 2WD,Regular,Rear-Wheel Drive,20.600625,GMC,Automatic 4-spd,8.0,5.3
13559,Standard Pickup Trucks 2WD,Premium,Rear-Wheel Drive,21.974,GMC,Automatic 4-spd,8.0,6.0
13560,Standard Pickup Trucks 2WD,Regular,Rear-Wheel Drive,18.3116666666667,GMC,Automatic 4-spd,4.0,2.8
13561,Standard Pickup Trucks 2WD,Regular,Rear-Wheel Drive,16.4805,GMC,Manual 5-spd,4.0,2.8
13562,Standard Pickup Trucks 2WD,Regular,Rear-Wheel Drive,17.3478947368421,GMC,Automatic 4-spd,5.0,3.5
13563,Standard Pickup Trucks 2WD,Regular,Rear-Wheel Drive,17.3478947368421,GMC,Manual 5-spd,5.0,3.5
13564,Large Cars,Regular,Front-Wheel Drive,17.3478947368421,Oldsmobile,Automatic 4-spd,6.0,3.0
13565,Standard Pickup Trucks 2WD,Regular,Rear-Wheel Drive,19.3888235294118,GMC,Automatic 4-spd,5.0,3.5
13566,Standard Pickup Trucks 2WD,Regular,Rear-Wheel Drive,19.3888235294118,GMC,Automatic 4-spd,4.0,2.8
13567,Standard Pickup Trucks 2WD,Regular,Rear-Wheel Drive,15.6957142857143,GMC,Manual 5-spd,4.0,2.8
13568,Standard Pickup Trucks 2WD,Regular,Rear-Wheel Drive,17.3478947368421,GMC,Automatic 4-spd,5.0,3.5
13569,Standard Pickup Trucks 2WD,Regular,Rear-Wheel Drive,19.3888235294118,Isuzu,Automatic 4-spd,4.0,2.8
13570,Standard Pickup Trucks 2WD,Regular,Rear-Wheel Drive,15.6957142857143,Isuzu,Manual 5-spd,4.0,2.8
13571,Standard Pickup Trucks 2WD,Regular,Rear-Wheel Drive,21.974,Lincoln,Automatic 4-spd,8.0,5.4
13572,Standard Pickup Trucks 2WD,Regular,Rear-Wheel Drive,15.6957142857143,Mazda,Automatic 5-spd,4.0,2.3
13573,Standard Pickup Trucks 2WD,Regular,Rear-Wheel Drive,14.3308695652174,Mazda,Manual 5-spd,4.0,2.3
13574,Standard Pickup Trucks 2WD,Regular,Rear-Wheel Drive,19.3888235294118,Mazda,Automatic 5-spd,6.0,3.0
13575,Large Cars,Regular,Front-Wheel Drive,16.4805,Oldsmobile,Automatic 4-spd,6.0,3.8
13576,Standard Pickup Trucks 2WD,Regular,Rear-Wheel Drive,18.3116666666667,Mazda,Manual 5-spd,6.0,3.0
13577,Standard Pickup Trucks 2WD,Regular,Rear-Wheel Drive,19.3888235294118,Mazda,Automatic 5-spd,6.0,4.0
13578,Standard Pickup Trucks 2WD,Regular,Rear-Wheel Drive,18.3116666666667,Mazda,Manual 5-spd,6.0,4.0
13579,Standard Pickup Trucks 2WD,Regular,Rear-Wheel Drive,19.3888235294118,Mitsubishi,Automatic 4-spd,6.0,3.7
13580,Standard Pickup Trucks 2WD,Regular,Rear-Wheel Drive,20.600625,Mitsubishi,Manual 6-spd,6.0,3.7
13581,Standard Pickup Trucks 2WD,Regular,Rear-Wheel Drive,21.974,Mitsubishi,Automatic 5-spd,8.0,4.7
13582,Standard Pickup Trucks 2WD,Regular,Rear-Wheel Drive,21.974,Mitsubishi,Manual 6-spd,8.0,4.7
13583,Standard Pickup Trucks 2WD,Regular,Rear-Wheel Drive,17.3478947368421,Nissan,Automatic 5-spd,4.0,2.5
13584,Standard Pickup Trucks 2WD,Regular,Rear-Wheel Drive,15.6957142857143,Nissan,Manual 5-spd,4.0,2.5
13585,Standard Pickup Trucks 2WD,Regular,Rear-Wheel Drive,20.600625,Nissan,Automatic 5-spd,6.0,4.0
13586,Large Cars,Regular,Front-Wheel Drive,16.4805,Oldsmobile,Automatic 4-spd,6.0,3.8
13587,Standard Pickup Trucks 2WD,Regular,Rear-Wheel Drive,19.3888235294118,Nissan,Manual 6-spd,6.0,4.0
13588,Standard Pickup Trucks 2WD,Regular,Rear-Wheel Drive,23.5435714285714,Nissan,Automatic 5-spd,8.0,5.6
13589,Standard Pickup Trucks 2WD,Regular,Rear-Wheel Drive,15.6957142857143,Toyota,Automatic 4-spd,4.0,2.7
13590,Standard Pickup Trucks 2WD,Regular,Rear-Wheel Drive,16.4805,Toyota,Manual 5-spd,4.0,2.7
13591,Standard Pickup Trucks 2WD,Regular,Rear-Wheel Drive,18.3116666666667,Toyota,Automatic 5-spd,6.0,4.0
13592,Standard Pickup Trucks 2WD,Regular,Rear-Wheel Drive,20.600625,Toyota,Manual 6-spd,6.0,4.0
13593,Standard Pickup Trucks 2WD,Regular,Rear-Wheel Drive,18.3116666666667,Toyota,Automatic 5-spd,6.0,4.0
13594,Standard Pickup Trucks 2WD,Regular,Rear-Wheel Drive,20.600625,Toyota,Manual 6-spd,6.0,4.0
13595,Standard Pickup Trucks 2WD,Regular,Rear-Wheel Drive,21.974,Toyota,Automatic 5-spd,8.0,4.7
13596,Standard Pickup Trucks 4WD,Regular,4-Wheel or All-Wheel Drive,19.3888235294118,Chevrolet,Automatic 4-spd,4.0,2.8
13597,Large Cars,Regular,Rear-Wheel Drive,18.3116666666667,Pontiac,Automatic 3-spd,6.0,4.3
13598,Standard Pickup Trucks 4WD,Regular,4-Wheel or All-Wheel Drive,18.3116666666667,Chevrolet,Manual 5-spd,4.0,2.8
13599,Standard Pickup Trucks 4WD,Regular,4-Wheel or All-Wheel Drive,18.3116666666667,Chevrolet,Automatic 4-spd,5.0,3.5
13600,Standard Pickup Trucks 4WD,Regular,4-Wheel or All-Wheel Drive,17.3478947368421,Chevrolet,Manual 5-spd,5.0,3.5
13601,Standard Pickup Trucks 4WD,Regular,4-Wheel or All-Wheel Drive,19.3888235294118,Chevrolet,Automatic 4-spd,4.0,2.8
13602,Standard Pickup Trucks 4WD,Regular,4-Wheel or All-Wheel Drive,18.3116666666667,Chevrolet,Manual 5-spd,4.0,2.8
13603,Standard Pickup Trucks 4WD,Regular,4-Wheel or All-Wheel Drive,19.3888235294118,Chevrolet,Automatic 4-spd,5.0,3.5
13604,Standard Pickup Trucks 4WD,Regular,4-Wheel or All-Wheel Drive,20.600625,Chevrolet,Automatic 4-spd,8.0,5.3
13605,Standard Pickup Trucks 4WD,Regular,4-Wheel or All-Wheel Drive,21.974,Chevrolet,Automatic 4-spd,6.0,4.3
13606,Standard Pickup Trucks 4WD,Regular,4-Wheel or All-Wheel Drive,21.974,Chevrolet,Manual 5-spd,6.0,4.3
13607,Standard Pickup Trucks 4WD,Regular,4-Wheel or All-Wheel Drive,21.974,Chevrolet,Automatic 4-spd,8.0,4.8
13608,Large Cars,Regular,Rear-Wheel Drive,17.3478947368421,Pontiac,Automatic 4-spd,6.0,4.3
13609,Standard Pickup Trucks 4WD,Regular,4-Wheel or All-Wheel Drive,21.974,Chevrolet,Manual 5-spd,8.0,4.8
13610,Standard Pickup Trucks 4WD,Regular,4-Wheel or All-Wheel Drive,21.974,Chevrolet,Automatic 4-spd,8.0,5.3
13611,Standard Pickup Trucks 4WD,Premium,4-Wheel or All-Wheel Drive,23.5435714285714,Chevrolet,Automatic 4-spd,8.0,6.0
13612,Standard Pickup Trucks 4WD,Regular,4-Wheel or All-Wheel Drive,21.974,Dodge,Automatic 4-spd,6.0,3.7
13613,Standard Pickup Trucks 4WD,Regular,4-Wheel or All-Wheel Drive,20.600625,Dodge,Manual 6-spd,6.0,3.7
13614,Standard Pickup Trucks 4WD,Regular,4-Wheel or All-Wheel Drive,21.974,Dodge,Automatic 5-spd,8.0,4.7
13615,Standard Pickup Trucks 4WD,Regular,4-Wheel or All-Wheel Drive,21.974,Dodge,Manual 6-spd,8.0,4.7
13616,Standard Pickup Trucks 4WD,Regular,4-Wheel or All-Wheel Drive,23.5435714285714,Dodge,Automatic 5-spd,8.0,4.7
13617,Standard Pickup Trucks 4WD,Regular,4-Wheel or All-Wheel Drive,23.5435714285714,Dodge,Manual 6-spd,8.0,4.7
13618,Standard Pickup Trucks 4WD,Regular,4-Wheel or All-Wheel Drive,23.5435714285714,Dodge,Automatic 5-spd,8.0,5.7
13619,Large Cars,Regular,Rear-Wheel Drive,18.3116666666667,Pontiac,Automatic 4-spd,8.0,5.0
13620,Standard Pickup Trucks 4WD,Regular,4-Wheel or All-Wheel Drive,21.974,Ford,Automatic 4-spd,8.0,4.6
13621,Standard Pickup Trucks 4WD,Regular,4-Wheel or All-Wheel Drive,23.5435714285714,Ford,Automatic 4-spd,8.0,5.4
13622,Standard Pickup Trucks 4WD,Regular,4-Wheel or All-Wheel Drive,20.600625,Ford,Automatic 5-spd,6.0,3.0
13623,Standard Pickup Trucks 4WD,Regular,4-Wheel or All-Wheel Drive,19.3888235294118,Ford,Manual 5-spd,6.0,3.0
13624,Standard Pickup Trucks 4WD,Regular,4-Wheel or All-Wheel Drive,21.974,Ford,Automatic 5-spd,6.0,4.0
13625,Standard Pickup Trucks 4WD,Regular,4-Wheel or All-Wheel Drive,20.600625,Ford,Manual 5-spd,6.0,4.0
13626,Standard Pickup Trucks 4WD,Regular,4-Wheel or All-Wheel Drive,19.3888235294118,GMC,Automatic 4-spd,4.0,2.8
13627,Standard Pickup Trucks 4WD,Regular,4-Wheel or All-Wheel Drive,18.3116666666667,GMC,Manual 5-spd,4.0,2.8
13628,Standard Pickup Trucks 4WD,Regular,4-Wheel or All-Wheel Drive,18.3116666666667,GMC,Automatic 4-spd,5.0,3.5
13629,Standard Pickup Trucks 4WD,Regular,4-Wheel or All-Wheel Drive,17.3478947368421,GMC,Manual 5-spd,5.0,3.5
13630,Large Cars,Regular,Rear-Wheel Drive,17.3478947368421,Pontiac,Automatic 4-spd,8.0,5.0
13631,Standard Pickup Trucks 4WD,Regular,4-Wheel or All-Wheel Drive,19.3888235294118,GMC,Automatic 4-spd,4.0,2.8
13632,Standard Pickup Trucks 4WD,Regular,4-Wheel or All-Wheel Drive,18.3116666666667,GMC,Manual 5-spd,4.0,2.8
13633,Standard Pickup Trucks 4WD,Regular,4-Wheel or All-Wheel Drive,19.3888235294118,GMC,Automatic 4-spd,5.0,3.5
13634,Standard Pickup Trucks 4WD,Regular,4-Wheel or All-Wheel Drive,20.600625,GMC,Automatic 4-spd,8.0,5.3
13635,Standard Pickup Trucks 4WD,Regular,4-Wheel or All-Wheel Drive,21.974,GMC,Automatic 4-spd,6.0,4.3
13636,Standard Pickup Trucks 4WD,Regular,4-Wheel or All-Wheel Drive,21.974,GMC,Manual 5-spd,6.0,4.3
13637,Standard Pickup Trucks 4WD,Regular,4-Wheel or All-Wheel Drive,21.974,GMC,Automatic 4-spd,8.0,4.8
13638,Standard Pickup Trucks 4WD,Regular,4-Wheel or All-Wheel Drive,21.974,GMC,Manual 5-spd,8.0,4.8
13639,Standard Pickup Trucks 4WD,Regular,4-Wheel or All-Wheel Drive,21.974,GMC,Automatic 4-spd,8.0,5.3
13640,Standard Pickup Trucks 4WD,Premium,4-Wheel or All-Wheel Drive,23.5435714285714,GMC,Automatic 4-spd,8.0,6.0
13641,Large Cars,Regular,Rear-Wheel Drive,41.20125,Rolls-Royce,Automatic 3-spd,8.0,6.8
13642,Standard Pickup Trucks 4WD,Premium,4-Wheel or All-Wheel Drive,25.3546153846154,GMC,Automatic 4-spd,8.0,6.0
13643,Standard Pickup Trucks 4WD,Regular,4-Wheel or All-Wheel Drive,19.3888235294118,Honda,Automatic 5-spd,6.0,3.5
13644,Standard Pickup Trucks 4WD,Regular,4-Wheel or All-Wheel Drive,19.3888235294118,Isuzu,Automatic 4-spd,5.0,3.5
13645,Standard Pickup Trucks 4WD,Regular,4-Wheel or All-Wheel Drive,23.5435714285714,Lincoln,Automatic 4-spd,8.0,5.4
13646,Standard Pickup Trucks 4WD,Regular,4-Wheel or All-Wheel Drive,21.974,Mazda,Automatic 5-spd,6.0,4.0
13647,Standard Pickup Trucks 4WD,Regular,4-Wheel or All-Wheel Drive,20.600625,Mazda,Manual 5-spd,6.0,4.0
13648,Standard Pickup Trucks 4WD,Regular,4-Wheel or All-Wheel Drive,21.974,Mitsubishi,Automatic 4-spd,6.0,3.7
13649,Standard Pickup Trucks 4WD,Regular,4-Wheel or All-Wheel Drive,20.600625,Mitsubishi,Manual 6-spd,6.0,3.7
13650,Standard Pickup Trucks 4WD,Regular,4-Wheel or All-Wheel Drive,21.974,Mitsubishi,Automatic 5-spd,8.0,4.7
13651,Standard Pickup Trucks 4WD,Regular,4-Wheel or All-Wheel Drive,21.974,Mitsubishi,Manual 6-spd,8.0,4.7
13652,Large Cars,Regular,Front-Wheel Drive,15.6957142857143,Saab,Manual 5-spd,4.0,2.0
13653,Standard Pickup Trucks 4WD,Regular,4-Wheel or All-Wheel Drive,20.600625,Nissan,Automatic 5-spd,6.0,4.0
13654,Standard Pickup Trucks 4WD,Regular,4-Wheel or All-Wheel Drive,19.3888235294118,Nissan,Manual 6-spd,6.0,4.0
13655,Standard Pickup Trucks 4WD,Regular,4-Wheel or All-Wheel Drive,23.5435714285714,Nissan,Automatic 5-spd,8.0,5.6
13656,Standard Pickup Trucks 4WD,Regular,4-Wheel or All-Wheel Drive,18.3116666666667,Toyota,Manual 5-spd,4.0,2.7
13657,Standard Pickup Trucks 4WD,Regular,4-Wheel or All-Wheel Drive,19.3888235294118,Toyota,Automatic 5-spd,6.0,4.0
13658,Standard Pickup Trucks 4WD,Regular,4-Wheel or All-Wheel Drive,20.600625,Toyota,Manual 6-spd,6.0,4.0
13659,Standard Pickup Trucks 4WD,Regular,4-Wheel or All-Wheel Drive,21.974,Toyota,Automatic 5-spd,8.0,4.7
13660,"Vans, Cargo Type",Regular,Rear-Wheel Drive,23.5435714285714,Chevrolet,Automatic 4-spd,6.0,4.3
13661,"Vans, Cargo Type",Regular,Rear-Wheel Drive,23.5435714285714,Chevrolet,Automatic 4-spd,8.0,5.3
13662,"Vans, Cargo Type",Regular,Rear-Wheel Drive,21.974,Chevrolet,Automatic 4-spd,6.0,4.3
13663,Subcompact Cars,Regular,Front-Wheel Drive,14.3308695652174,Renault,Manual 5-spd,4.0,2.2
13664,Small Station Wagons,Regular,Front-Wheel Drive,13.73375,Buick,Automatic 3-spd,4.0,1.8
13665,"Vans, Cargo Type",Regular,Rear-Wheel Drive,20.600625,Chevrolet,Automatic 4-spd,8.0,5.3
13666,"Vans, Cargo Type",Regular,4-Wheel or All-Wheel Drive,23.5435714285714,Chevrolet,Automatic 4-spd,8.0,5.3
13667,"Vans, Cargo Type",Regular,4-Wheel or All-Wheel Drive,23.5435714285714,Chevrolet,Automatic 4-spd,8.0,5.3
13668,"Vans, Cargo Type",Regular,Rear-Wheel Drive,21.974,Ford,Automatic 4-spd,8.0,4.6
13669,"Vans, Cargo Type",Regular,Rear-Wheel Drive,23.5435714285714,Ford,Automatic 4-spd,8.0,5.4
13670,"Vans, Cargo Type",Regular,Rear-Wheel Drive,23.5435714285714,GMC,Automatic 4-spd,6.0,4.3
13671,"Vans, Cargo Type",Regular,Rear-Wheel Drive,23.5435714285714,GMC,Automatic 4-spd,8.0,5.3
13672,"Vans, Cargo Type",Regular,Rear-Wheel Drive,21.974,GMC,Automatic 4-spd,6.0,4.3
13673,"Vans, Cargo Type",Regular,Rear-Wheel Drive,21.974,GMC,Automatic 4-spd,8.0,5.3
13674,"Vans, Cargo Type",Regular,4-Wheel or All-Wheel Drive,23.5435714285714,GMC,Automatic 4-spd,8.0,5.3
13675,Small Station Wagons,Regular,Front-Wheel Drive,12.2077777777778,Buick,Manual 5-spd,4.0,1.8
13676,"Vans, Cargo Type",Regular,4-Wheel or All-Wheel Drive,23.5435714285714,GMC,Automatic 4-spd,8.0,5.3
13677,"Vans, Passenger Type",Regular,Rear-Wheel Drive,21.974,Chevrolet,Automatic 4-spd,6.0,4.3
13678,"Vans, Passenger Type",Regular,Rear-Wheel Drive,23.5435714285714,Chevrolet,Automatic 4-spd,8.0,5.3
13679,"Vans, Passenger Type",Regular,4-Wheel or All-Wheel Drive,23.5435714285714,Chevrolet,Automatic 4-spd,8.0,5.3
13680,"Vans, Passenger Type",Regular,Rear-Wheel Drive,21.974,Ford,Automatic 4-spd,8.0,4.6
13681,"Vans, Passenger Type",Regular,Rear-Wheel Drive,25.3546153846154,Ford,Automatic 4-spd,8.0,5.4
13682,"Vans, Passenger Type",Regular,Rear-Wheel Drive,21.974,GMC,Automatic 4-spd,6.0,4.3
13683,"Vans, Passenger Type",Regular,Rear-Wheel Drive,23.5435714285714,GMC,Automatic 4-spd,8.0,5.3
13684,"Vans, Passenger Type",Regular,4-Wheel or All-Wheel Drive,23.5435714285714,GMC,Automatic 4-spd,8.0,5.3
13685,Minivan - 2WD,Regular,Front-Wheel Drive,17.3478947368421,Buick,Automatic 4-spd,6.0,3.5
13686,Small Station Wagons,Regular,Front-Wheel Drive,14.9822727272727,Buick,Automatic 3-spd,4.0,2.0
13687,Minivan - 2WD,Regular,Front-Wheel Drive,17.3478947368421,Buick,Automatic 4-spd,6.0,3.9
13688,Minivan - 2WD,Regular,Front-Wheel Drive,17.3478947368421,Chevrolet,Automatic 4-spd,6.0,3.5
13689,Minivan - 2WD,Regular,Front-Wheel Drive,17.3478947368421,Chevrolet,Automatic 4-spd,6.0,3.9
13690,Minivan - 2WD,Regular,Front-Wheel Drive,18.3116666666667,Chrysler,Automatic 4-spd,6.0,3.8
13691,Minivan - 2WD,Regular,Front-Wheel Drive,16.4805,Dodge,Automatic 4-spd,4.0,2.4
13692,Minivan - 2WD,Regular,Front-Wheel Drive,18.3116666666667,Dodge,Automatic 4-spd,6.0,3.8
13693,Minivan - 2WD,Regular,Front-Wheel Drive,18.3116666666667,Ford,Automatic 4-spd,6.0,3.9
13694,Minivan - 2WD,Regular,Front-Wheel Drive,19.3888235294118,Ford,Automatic 4-spd,6.0,4.2
13695,Minivan - 2WD,Regular,Front-Wheel Drive,18.3116666666667,Ford,Automatic 4-spd,6.0,3.9
13696,Minivan - 2WD,Regular,Front-Wheel Drive,19.3888235294118,Ford,Automatic 4-spd,6.0,4.2
13697,Small Station Wagons,Regular,Front-Wheel Drive,13.1844,Buick,Manual 4-spd,4.0,2.0
13698,Minivan - 2WD,Regular,Front-Wheel Drive,17.3478947368421,Honda,Automatic 5-spd,6.0,3.5
13699,Minivan - 2WD,Regular,Front-Wheel Drive,16.4805,Honda,Automatic 5-spd,6.0,3.5
13700,Minivan - 2WD,Regular,Front-Wheel Drive,18.3116666666667,Kia,Automatic 5-spd,6.0,3.8
13701,Minivan - 2WD,Regular,Front-Wheel Drive,18.3116666666667,Mazda,Automatic 5-spd,6.0,3.0
13702,Minivan - 2WD,Regular,Front-Wheel Drive,19.3888235294118,Mercury,Automatic 4-spd,6.0,4.2
13703,Minivan - 2WD,Regular,Front-Wheel Drive,17.3478947368421,Nissan,Automatic 4-spd,6.0,3.5
13704,Minivan - 2WD,Regular,Front-Wheel Drive,17.3478947368421,Nissan,Automatic 5-spd,6.0,3.5
13705,Minivan - 2WD,Regular,Front-Wheel Drive,17.3478947368421,Pontiac,Automatic 4-spd,6.0,3.5
13706,Minivan - 2WD,Regular,Front-Wheel Drive,17.3478947368421,Pontiac,Automatic 4-spd,6.0,3.9
13707,Sport Utility Vehicle - 2WD,Regular,Front-Wheel Drive,17.3478947368421,Pontiac,Automatic 5-spd,6.0,3.4
13708,Small Station Wagons,Regular,Front-Wheel Drive,14.9822727272727,Chevrolet,Automatic 3-spd,4.0,2.0
13709,Minivan - 2WD,Regular,Front-Wheel Drive,17.3478947368421,Saturn,Automatic 4-spd,6.0,3.5
13710,Minivan - 2WD,Regular,Front-Wheel Drive,17.3478947368421,Saturn,Automatic 4-spd,6.0,3.9
13711,Minivan - 2WD,Regular,Front-Wheel Drive,17.3478947368421,Toyota,Automatic 5-spd,6.0,3.3
13712,Minivan - 4WD,Regular,4-Wheel or All-Wheel Drive,19.3888235294118,Buick,Automatic 4-spd,6.0,3.5
13713,Minivan - 4WD,Regular,4-Wheel or All-Wheel Drive,19.3888235294118,Chevrolet,Automatic 4-spd,6.0,3.5
13714,Minivan - 4WD,Regular,4-Wheel or All-Wheel Drive,19.3888235294118,Pontiac,Automatic 4-spd,6.0,3.5
13715,Sport Utility Vehicle - 4WD,Regular,4-Wheel or All-Wheel Drive,18.3116666666667,Pontiac,Automatic 5-spd,6.0,3.4
13716,Minivan - 4WD,Regular,4-Wheel or All-Wheel Drive,19.3888235294118,Saturn,Automatic 4-spd,6.0,3.5
13717,Minivan - 4WD,Regular,4-Wheel or All-Wheel Drive,19.3888235294118,Toyota,Automatic 5-spd,6.0,3.3
13718,Sport Utility Vehicle - 2WD,Regular,Rear-Wheel Drive,20.600625,Buick,Automatic 4-spd,6.0,4.2
13719,Small Station Wagons,Regular,Front-Wheel Drive,13.1844,Chevrolet,Manual 4-spd,4.0,2.0
13720,Sport Utility Vehicle - 2WD,Regular,Rear-Wheel Drive,19.3888235294118,Buick,Automatic 4-spd,8.0,5.3
13721,Sport Utility Vehicle - 2WD,Regular,Front-Wheel Drive,17.3478947368421,Buick,Automatic 4-spd,6.0,3.5
13722,Sport Utility Vehicle - 2WD,Regular,Front-Wheel Drive,17.3478947368421,Buick,Automatic 4-spd,6.0,3.6
13723,Sport Utility Vehicle - 2WD,Premium,Rear-Wheel Drive,23.5435714285714,Cadillac,Automatic 4-spd,8.0,6.0
13724,Sport Utility Vehicle - 2WD,Regular,Rear-Wheel Drive,19.3888235294118,Cadillac,Automatic (S5),6.0,3.6
13725,Sport Utility Vehicle - 2WD,Premium,Rear-Wheel Drive,20.600625,Cadillac,Automatic (S5),8.0,4.6
13726,Sport Utility Vehicle - 2WD,Regular,Rear-Wheel Drive,20.600625,Chevrolet,Automatic 4-spd,8.0,4.8
13727,Sport Utility Vehicle - 2WD,Regular,Rear-Wheel Drive,21.974,Chevrolet,Automatic 4-spd,8.0,5.3
13728,Sport Utility Vehicle - 2WD,Regular,Front-Wheel Drive,17.3478947368421,Chevrolet,Automatic 5-spd,6.0,3.4
13729,Sport Utility Vehicle - 2WD,Regular,Front-Wheel Drive,14.3308695652174,Chevrolet,Automatic 4-spd,4.0,2.2
13730,Small Station Wagons,Regular,Front-Wheel Drive,13.73375,Chevrolet,Manual 5-spd,4.0,2.0
13731,Sport Utility Vehicle - 2WD,Regular,Front-Wheel Drive,14.3308695652174,Chevrolet,Manual 5-spd,4.0,2.2
13732,Sport Utility Vehicle - 2WD,Regular,Front-Wheel Drive,14.3308695652174,Chevrolet,Automatic 4-spd,4.0,2.4
13733,Sport Utility Vehicle - 2WD,Regular,Front-Wheel Drive,14.9822727272727,Chevrolet,Manual 5-spd,4.0,2.4
13734,Sport Utility Vehicle - 2WD,Regular,Rear-Wheel Drive,20.600625,Chevrolet,Automatic 4-spd,6.0,4.2
13735,Sport Utility Vehicle - 2WD,Regular,Rear-Wheel Drive,20.600625,Chevrolet,Automatic 4-spd,8.0,5.3
13736,Sport Utility Vehicle - 2WD,Premium,Rear-Wheel Drive,21.974,Chevrolet,Automatic 4-spd,8.0,6.0
13737,Sport Utility Vehicle - 2WD,Regular,Rear-Wheel Drive,21.974,Chevrolet,Automatic 4-spd,6.0,4.2
13738,Sport Utility Vehicle - 2WD,Regular,Rear-Wheel Drive,20.600625,Chevrolet,Automatic 4-spd,8.0,5.3
13739,Sport Utility Vehicle - 2WD,Regular,Front-Wheel Drive,19.3888235294118,Chrysler,Automatic 4-spd,6.0,3.5
13740,Sport Utility Vehicle - 2WD,Regular,Front-Wheel Drive,18.3116666666667,Chrysler,Automatic 4-spd,6.0,3.8
13741,Small Station Wagons,Regular,Front-Wheel Drive,17.3478947368421,Chevrolet,Automatic 3-spd,6.0,2.8
13742,Sport Utility Vehicle - 2WD,Premium,Front-Wheel Drive,17.3478947368421,Chrysler,Automatic 4-spd,4.0,2.4
13743,Sport Utility Vehicle - 2WD,Regular,Front-Wheel Drive,15.6957142857143,Chrysler,Automatic 4-spd,4.0,2.4
13744,Sport Utility Vehicle - 2WD,Premium,Front-Wheel Drive,15.6957142857143,Chrysler,Manual 5-spd,4.0,2.4
13745,Sport Utility Vehicle - 2WD,Regular,Front-Wheel Drive,14.9822727272727,Chrysler,Manual 5-spd,4.0,2.4
13746,Sport Utility Vehicle - 2WD,Premium,Front-Wheel Drive,17.3478947368421,Chrysler,Automatic 4-spd,4.0,2.4
13747,Sport Utility Vehicle - 2WD,Regular,Front-Wheel Drive,15.6957142857143,Chrysler,Automatic 4-spd,4.0,2.4
13748,Sport Utility Vehicle - 2WD,Premium,Front-Wheel Drive,15.6957142857143,Chrysler,Manual 5-spd,4.0,2.4
13749,Sport Utility Vehicle - 2WD,Regular,Front-Wheel Drive,14.9822727272727,Chrysler,Manual 5-spd,4.0,2.4
13750,Sport Utility Vehicle - 2WD,Regular,Rear-Wheel Drive,20.600625,Dodge,Automatic 4-spd,6.0,3.7
13751,Sport Utility Vehicle - 2WD,Regular,Rear-Wheel Drive,23.5435714285714,Dodge,Automatic 5-spd,8.0,4.7
13752,Small Station Wagons,Regular,Front-Wheel Drive,17.3478947368421,Chevrolet,Manual 4-spd,6.0,2.8
13753,Sport Utility Vehicle - 2WD,Regular,Rear-Wheel Drive,21.974,Dodge,Automatic 5-spd,8.0,5.7
13754,Sport Utility Vehicle - 2WD,Regular,Rear-Wheel Drive,15.6957142857143,Dodge,Automatic 4-spd,6.0,2.7
13755,Sport Utility Vehicle - 2WD,Regular,Rear-Wheel Drive,16.4805,Dodge,Automatic 4-spd,6.0,3.5
13756,Sport Utility Vehicle - 2WD,Regular,Rear-Wheel Drive,16.4805,Dodge,Automatic 5-spd,6.0,3.5
13757,Sport Utility Vehicle - 2WD,Regular,Rear-Wheel Drive,18.3116666666667,Dodge,Automatic 5-spd,8.0,5.7
13758,Sport Utility Vehicle - 2WD,Premium,Rear-Wheel Drive,21.974,Dodge,Automatic 5-spd,8.0,6.1
13759,Sport Utility Vehicle - 2WD,Regular,Front-Wheel Drive,15.6957142857143,Ford,Automatic 4-spd,4.0,2.3
13760,Sport Utility Vehicle - 2WD,Regular,Front-Wheel Drive,14.3308695652174,Ford,Manual 5-spd,4.0,2.3
13761,Sport Utility Vehicle - 2WD,Regular,Front-Wheel Drive,16.4805,Ford,Automatic 4-spd,6.0,3.0
13762,Sport Utility Vehicle - 2WD,Regular,Front-Wheel Drive,11.3658620689655,Ford,Automatic (variable gear ratios),4.0,2.3
13763,Small Station Wagons,Regular,Front-Wheel Drive,18.3116666666667,Nissan,Automatic 4-spd,6.0,3.0
13764,Sport Utility Vehicle - 2WD,Regular,Rear-Wheel Drive,23.5435714285714,Ford,Automatic 4-spd,8.0,5.4
13765,Sport Utility Vehicle - 2WD,Regular,Rear-Wheel Drive,20.600625,Ford,Automatic 5-spd,6.0,4.0
13766,Sport Utility Vehicle - 2WD,Regular,Rear-Wheel Drive,21.974,Ford,Automatic 6-spd,8.0,4.6
13767,Sport Utility Vehicle - 2WD,Regular,Front-Wheel Drive,16.4805,Ford,Automatic (variable gear ratios),6.0,3.0
13768,Sport Utility Vehicle - 2WD,Regular,Rear-Wheel Drive,20.600625,GMC,Automatic 4-spd,8.0,4.8
13769,Sport Utility Vehicle - 2WD,Regular,Rear-Wheel Drive,21.974,GMC,Automatic 4-spd,8.0,5.3
13770,Sport Utility Vehicle - 2WD,Regular,Rear-Wheel Drive,20.600625,GMC,Automatic 4-spd,6.0,4.2
13771,Sport Utility Vehicle - 2WD,Regular,Rear-Wheel Drive,19.3888235294118,GMC,Automatic 4-spd,8.0,5.3
13772,Sport Utility Vehicle - 2WD,Regular,Rear-Wheel Drive,21.974,GMC,Automatic 4-spd,6.0,4.2
13773,Sport Utility Vehicle - 2WD,Regular,Rear-Wheel Drive,20.600625,GMC,Automatic 4-spd,8.0,5.3
13774,Subcompact Cars,Regular,Rear-Wheel Drive,41.20125,Rolls-Royce,Automatic 3-spd,8.0,6.8
13775,Small Station Wagons,Regular,Front-Wheel Drive,13.1844,Nissan,Automatic 3-spd,4.0,1.6
13776,Sport Utility Vehicle - 2WD,Regular,Rear-Wheel Drive,21.974,GMC,Automatic 4-spd,6.0,4.2
13777,Sport Utility Vehicle - 2WD,Regular,Front-Wheel Drive,14.3308695652174,Honda,Automatic 5-spd,4.0,2.4
13778,Sport Utility Vehicle - 2WD,Regular,Front-Wheel Drive,15.6957142857143,Honda,Automatic 4-spd,4.0,2.4
13779,Sport Utility Vehicle - 2WD,Regular,Front-Wheel Drive,15.6957142857143,Honda,Manual 5-spd,4.0,2.4
13780,Sport Utility Vehicle - 2WD,Regular,Front-Wheel Drive,18.3116666666667,Honda,Automatic 5-spd,6.0,3.5
13781,Sport Utility Vehicle - 2WD,Regular,Front-Wheel Drive,16.4805,Hyundai,Automatic 4-spd,4.0,2.4
13782,Sport Utility Vehicle - 2WD,Regular,Front-Wheel Drive,16.4805,Hyundai,Manual 5-spd,4.0,2.4
13783,Sport Utility Vehicle - 2WD,Regular,Front-Wheel Drive,17.3478947368421,Hyundai,Automatic 4-spd,6.0,2.7
13784,Sport Utility Vehicle - 2WD,Regular,Front-Wheel Drive,18.3116666666667,Hyundai,Automatic 5-spd,6.0,3.5
13785,Sport Utility Vehicle - 2WD,Regular,Front-Wheel Drive,14.9822727272727,Hyundai,Automatic 4-spd,4.0,2.0
13786,Small Station Wagons,Regular,Front-Wheel Drive,10.987,Nissan,Manual 5-spd,4.0,1.6
13787,Sport Utility Vehicle - 2WD,Regular,Front-Wheel Drive,14.9822727272727,Hyundai,Manual 5-spd,4.0,2.0
13788,Sport Utility Vehicle - 2WD,Regular,Front-Wheel Drive,16.4805,Hyundai,Automatic 4-spd,6.0,2.7
13789,Sport Utility Vehicle - 2WD,Regular,Rear-Wheel Drive,23.5435714285714,Infiniti,Automatic 5-spd,8.0,5.6
13790,Sport Utility Vehicle - 2WD,Regular,Rear-Wheel Drive,20.600625,Isuzu,Automatic 4-spd,6.0,4.2
13791,Sport Utility Vehicle - 2WD,Regular,Rear-Wheel Drive,21.974,Isuzu,Automatic 4-spd,6.0,4.2
13792,Sport Utility Vehicle - 2WD,Regular,Rear-Wheel Drive,20.600625,Isuzu,Automatic 4-spd,8.0,5.3
13793,Sport Utility Vehicle - 2WD,Regular,Rear-Wheel Drive,20.600625,Jeep,Automatic 5-spd,6.0,3.7
13794,Sport Utility Vehicle - 2WD,Regular,Rear-Wheel Drive,21.974,Jeep,Automatic 5-spd,8.0,4.7
13795,Sport Utility Vehicle - 2WD,Regular,Rear-Wheel Drive,21.974,Jeep,Automatic 5-spd,8.0,5.7
13796,Sport Utility Vehicle - 2WD,Regular,Rear-Wheel Drive,19.3888235294118,Jeep,Automatic 5-spd,6.0,3.7
13797,Small Station Wagons,Regular,Front-Wheel Drive,15.6957142857143,Dodge,Automatic 3-spd,4.0,2.0
13798,Sport Utility Vehicle - 2WD,Regular,Rear-Wheel Drive,21.974,Jeep,Automatic 5-spd,8.0,4.7
13799,Sport Utility Vehicle - 2WD,Regular,Rear-Wheel Drive,21.974,Jeep,Automatic 5-spd,8.0,5.7
13800,Sport Utility Vehicle - 2WD,Regular,Rear-Wheel Drive,19.3888235294118,Jeep,Automatic 4-spd,6.0,3.7
13801,Sport Utility Vehicle - 2WD,Regular,Rear-Wheel Drive,19.3888235294118,Jeep,Manual 6-spd,6.0,3.7
13802,Sport Utility Vehicle - 2WD,Regular,Rear-Wheel Drive,20.600625,Kia,Automatic 5-spd,6.0,3.5
13803,Sport Utility Vehicle - 2WD,Regular,Rear-Wheel Drive,20.600625,Kia,Manual 5-spd,6.0,3.5
13804,Sport Utility Vehicle - 2WD,Regular,Front-Wheel Drive,14.9822727272727,Kia,Automatic 4-spd,4.0,2.0
13805,Sport Utility Vehicle - 2WD,Regular,Front-Wheel Drive,14.9822727272727,Kia,Manual 5-spd,4.0,2.0
13806,Sport Utility Vehicle - 2WD,Regular,Front-Wheel Drive,16.4805,Kia,Automatic 4-spd,6.0,2.7
13807,Sport Utility Vehicle - 2WD,Premium,Front-Wheel Drive,16.4805,Lexus,Automatic 5-spd,6.0,3.3
13808,Small Station Wagons,Regular,Front-Wheel Drive,14.3308695652174,Dodge,Manual 5-spd,4.0,2.0
13809,Sport Utility Vehicle - 2WD,Premium,Front-Wheel Drive,17.3478947368421,Lexus,Automatic (S5),6.0,3.3
13810,Sport Utility Vehicle - 2WD,Regular,Front-Wheel Drive,12.2077777777778,Lexus,Automatic (variable gear ratios),6.0,3.3
13811,Sport Utility Vehicle - 2WD,Premium,Rear-Wheel Drive,25.3546153846154,Lincoln,Automatic 6-spd,8.0,5.4
13812,Sport Utility Vehicle - 2WD,Regular,Front-Wheel Drive,15.6957142857143,Mazda,Automatic 4-spd,4.0,2.3
13813,Sport Utility Vehicle - 2WD,Regular,Front-Wheel Drive,14.3308695652174,Mazda,Manual 5-spd,4.0,2.3
13814,Sport Utility Vehicle - 2WD,Regular,Front-Wheel Drive,16.4805,Mazda,Automatic 4-spd,6.0,3.0
13815,Sport Utility Vehicle - 2WD,Regular,Front-Wheel Drive,15.6957142857143,Mercury,Automatic 4-spd,4.0,2.3
13816,Sport Utility Vehicle - 2WD,Regular,Front-Wheel Drive,16.4805,Mercury,Automatic 4-spd,6.0,3.0
13817,Sport Utility Vehicle - 2WD,Regular,Rear-Wheel Drive,20.600625,Mercury,Automatic 5-spd,6.0,4.0
13818,Sport Utility Vehicle - 2WD,Regular,Rear-Wheel Drive,21.974,Mercury,Automatic 6-spd,8.0,4.6
13819,Small Station Wagons,Regular,Front-Wheel Drive,14.3308695652174,Ford,Automatic 3-spd,4.0,1.9
13820,Sport Utility Vehicle - 2WD,Premium,Front-Wheel Drive,18.3116666666667,Mitsubishi,Automatic (S4),6.0,3.8
13821,Sport Utility Vehicle - 2WD,Regular,Front-Wheel Drive,14.9822727272727,Mitsubishi,Manual 5-spd,4.0,2.4
13822,Sport Utility Vehicle - 2WD,Regular,Front-Wheel Drive,15.6957142857143,Mitsubishi,Automatic (S4),4.0,2.4
13823,Sport Utility Vehicle - 2WD,Regular,Rear-Wheel Drive,23.5435714285714,Nissan,Automatic 5-spd,8.0,5.6
13824,Sport Utility Vehicle - 2WD,Regular,Front-Wheel Drive,16.4805,Nissan,Automatic (variable gear ratios),6.0,3.5
13825,Sport Utility Vehicle - 2WD,Regular,Rear-Wheel Drive,19.3888235294118,Nissan,Automatic 5-spd,6.0,4.0
13826,Sport Utility Vehicle - 2WD,Regular,Rear-Wheel Drive,20.600625,Nissan,Automatic 5-spd,6.0,4.0
13827,Sport Utility Vehicle - 2WD,Regular,Rear-Wheel Drive,19.3888235294118,Nissan,Manual 6-spd,6.0,4.0
13828,Sport Utility Vehicle - 2WD,Regular,Front-Wheel Drive,15.6957142857143,Saturn,Automatic 4-spd,4.0,2.2
13829,Sport Utility Vehicle - 2WD,Regular,Front-Wheel Drive,14.3308695652174,Saturn,Manual 5-spd,4.0,2.2
13830,Small Station Wagons,Regular,Front-Wheel Drive,11.3658620689655,Ford,Manual 4-spd,4.0,1.9
13831,Sport Utility Vehicle - 2WD,Regular,Front-Wheel Drive,16.4805,Saturn,Automatic 5-spd,6.0,3.5
13832,Sport Utility Vehicle - 2WD,Regular,Rear-Wheel Drive,17.3478947368421,Suzuki,Automatic 5-spd,6.0,2.7
13833,Sport Utility Vehicle - 2WD,Regular,Rear-Wheel Drive,18.3116666666667,Suzuki,Manual 5-spd,6.0,2.7
13834,Sport Utility Vehicle - 2WD,Regular,Rear-Wheel Drive,18.3116666666667,Suzuki,Automatic 5-spd,6.0,2.7
13835,Sport Utility Vehicle - 2WD,Regular,Rear-Wheel Drive,19.3888235294118,Suzuki,Manual 5-spd,6.0,2.7
13836,Sport Utility Vehicle - 2WD,Regular,Rear-Wheel Drive,18.3116666666667,Toyota,Automatic 5-spd,6.0,4.0
13837,Sport Utility Vehicle - 2WD,Regular,Rear-Wheel Drive,20.600625,Toyota,Automatic 5-spd,8.0,4.7
13838,Sport Utility Vehicle - 2WD,Regular,Front-Wheel Drive,14.9822727272727,Toyota,Automatic 4-spd,4.0,2.4
13839,Sport Utility Vehicle - 2WD,Regular,Front-Wheel Drive,17.3478947368421,Toyota,Automatic 5-spd,6.0,3.3
13840,Sport Utility Vehicle - 2WD,Regular,Front-Wheel Drive,12.2077777777778,Toyota,Automatic (variable gear ratios),6.0,3.3
13841,Small Station Wagons,Regular,Front-Wheel Drive,12.6773076923077,Ford,Manual 5-spd,4.0,1.9
13842,Sport Utility Vehicle - 2WD,Regular,Rear-Wheel Drive,21.974,Toyota,Automatic 5-spd,8.0,4.7
13843,Sport Utility Vehicle - 2WD,Premium,Front-Wheel Drive,18.3116666666667,Volvo,Automatic (S5),5.0,2.5
13844,Sport Utility Vehicle - 4WD,Premium,4-Wheel or All-Wheel Drive,19.3888235294118,Acura,Automatic 5-spd,6.0,3.5
13845,Sport Utility Vehicle - 4WD,Premium,4-Wheel or All-Wheel Drive,18.3116666666667,BMW,Manual 6-spd,6.0,3.0
13846,Sport Utility Vehicle - 4WD,Premium,4-Wheel or All-Wheel Drive,19.3888235294118,BMW,Automatic (S5),6.0,3.0
13847,Sport Utility Vehicle - 4WD,Premium,4-Wheel or All-Wheel Drive,20.600625,BMW,Manual 6-spd,6.0,3.0
13848,Sport Utility Vehicle - 4WD,Premium,4-Wheel or All-Wheel Drive,20.600625,BMW,Automatic (S5),6.0,3.0
13849,Sport Utility Vehicle - 4WD,Premium,4-Wheel or All-Wheel Drive,20.600625,BMW,Automatic (S6),8.0,4.4
13850,Sport Utility Vehicle - 4WD,Premium,4-Wheel or All-Wheel Drive,20.600625,BMW,Automatic (S6),8.0,4.8
13851,Sport Utility Vehicle - 4WD,Regular,4-Wheel or All-Wheel Drive,20.600625,Buick,Automatic 4-spd,6.0,4.2
13852,Small Station Wagons,Diesel,Front-Wheel Drive,11.2407352941176,Ford,Manual 5-spd,4.0,2.0
13853,Sport Utility Vehicle - 4WD,Regular,4-Wheel or All-Wheel Drive,20.600625,Buick,Automatic 4-spd,8.0,5.3
13854,Sport Utility Vehicle - 4WD,Regular,4-Wheel or All-Wheel Drive,18.3116666666667,Buick,Automatic 4-spd,6.0,3.5
13855,Sport Utility Vehicle - 4WD,Regular,4-Wheel or All-Wheel Drive,17.3478947368421,Buick,Automatic 4-spd,6.0,3.6
13856,Sport Utility Vehicle - 4WD,Premium,4-Wheel or All-Wheel Drive,25.3546153846154,Cadillac,Automatic 4-spd,8.0,6.0
13857,Sport Utility Vehicle - 4WD,Premium,4-Wheel or All-Wheel Drive,25.3546153846154,Cadillac,Automatic 4-spd,8.0,6.0
13858,Sport Utility Vehicle - 4WD,Premium,4-Wheel or All-Wheel Drive,25.3546153846154,Cadillac,Automatic 4-spd,8.0,6.0
13859,Sport Utility Vehicle - 4WD,Regular,4-Wheel or All-Wheel Drive,20.600625,Cadillac,Automatic (S5),6.0,3.6
13860,Sport Utility Vehicle - 4WD,Premium,4-Wheel or All-Wheel Drive,21.974,Cadillac,Automatic (S5),8.0,4.6
13861,Sport Utility Vehicle - 4WD,Regular,4-Wheel or All-Wheel Drive,18.3116666666667,Chevrolet,Automatic 5-spd,6.0,3.4
13862,Sport Utility Vehicle - 4WD,Regular,4-Wheel or All-Wheel Drive,21.974,Chevrolet,Automatic 4-spd,8.0,5.3
13863,Small Station Wagons,Regular,Front-Wheel Drive,12.6773076923077,Honda,Automatic 4-spd,4.0,1.5
13864,Sport Utility Vehicle - 4WD,Regular,4-Wheel or All-Wheel Drive,25.3546153846154,Chevrolet,Automatic 4-spd,8.0,6.0
13865,Sport Utility Vehicle - 4WD,Regular,4-Wheel or All-Wheel Drive,21.974,Chevrolet,Automatic 4-spd,8.0,5.3
13866,Sport Utility Vehicle - 4WD,Regular,4-Wheel or All-Wheel Drive,20.600625,Chevrolet,Automatic 4-spd,6.0,4.2
13867,Sport Utility Vehicle - 4WD,Regular,4-Wheel or All-Wheel Drive,20.600625,Chevrolet,Automatic 4-spd,8.0,5.3
13868,Sport Utility Vehicle - 4WD,Premium,4-Wheel or All-Wheel Drive,23.5435714285714,Chevrolet,Automatic 4-spd,8.0,6.0
13869,Sport Utility Vehicle - 4WD,Regular,4-Wheel or All-Wheel Drive,20.600625,Chevrolet,Automatic 4-spd,6.0,4.2
13870,Sport Utility Vehicle - 4WD,Regular,4-Wheel or All-Wheel Drive,21.974,Chevrolet,Automatic 4-spd,8.0,5.3
13871,Sport Utility Vehicle - 4WD,Regular,4-Wheel or All-Wheel Drive,19.3888235294118,Chrysler,Automatic 4-spd,6.0,3.5
13872,Sport Utility Vehicle - 4WD,Regular,4-Wheel or All-Wheel Drive,23.5435714285714,Dodge,Automatic 5-spd,8.0,4.7
13873,Sport Utility Vehicle - 4WD,Regular,4-Wheel or All-Wheel Drive,21.974,Dodge,Automatic 5-spd,8.0,5.7
13874,Small Station Wagons,Regular,Front-Wheel Drive,11.7717857142857,Honda,Manual 5-spd,4.0,1.5
13875,Sport Utility Vehicle - 4WD,Regular,4-Wheel or All-Wheel Drive,18.3116666666667,Dodge,Automatic 5-spd,6.0,3.5
13876,Sport Utility Vehicle - 4WD,Regular,4-Wheel or All-Wheel Drive,18.3116666666667,Dodge,Automatic 5-spd,8.0,5.7
13877,Sport Utility Vehicle - 4WD,Regular,4-Wheel or All-Wheel Drive,16.4805,Ford,Automatic 4-spd,4.0,2.3
13878,Sport Utility Vehicle - 4WD,Regular,4-Wheel or All-Wheel Drive,15.6957142857143,Ford,Manual 5-spd,4.0,2.3
13879,Sport Utility Vehicle - 4WD,Regular,4-Wheel or All-Wheel Drive,17.3478947368421,Ford,Automatic 4-spd,6.0,3.0
13880,Sport Utility Vehicle - 4WD,Regular,4-Wheel or All-Wheel Drive,12.2077777777778,Ford,Automatic (variable gear ratios),4.0,2.3
13881,Sport Utility Vehicle - 4WD,Regular,4-Wheel or All-Wheel Drive,23.5435714285714,Ford,Automatic 4-spd,8.0,5.4
13882,Sport Utility Vehicle - 4WD,Regular,4-Wheel or All-Wheel Drive,21.974,Ford,Automatic 5-spd,6.0,4.0
13883,Sport Utility Vehicle - 4WD,Regular,4-Wheel or All-Wheel Drive,21.974,Ford,Automatic 6-spd,8.0,4.6
13884,Sport Utility Vehicle - 4WD,Regular,4-Wheel or All-Wheel Drive,17.3478947368421,Ford,Automatic (variable gear ratios),6.0,3.0
13885,Subcompact Cars,Regular,Front-Wheel Drive,11.3658620689655,Subaru,Manual 4-spd,4.0,1.6
13886,Small Station Wagons,Regular,4-Wheel or All-Wheel Drive,13.73375,Honda,Manual 5-spd,4.0,1.5
13887,Sport Utility Vehicle - 4WD,Regular,4-Wheel or All-Wheel Drive,20.600625,GMC,Automatic 4-spd,6.0,4.2
13888,Sport Utility Vehicle - 4WD,Regular,4-Wheel or All-Wheel Drive,20.600625,GMC,Automatic 4-spd,8.0,5.3
13889,Sport Utility Vehicle - 4WD,Regular,4-Wheel or All-Wheel Drive,21.974,GMC,Automatic 4-spd,6.0,4.2
13890,Sport Utility Vehicle - 4WD,Regular,4-Wheel or All-Wheel Drive,21.974,GMC,Automatic 4-spd,8.0,5.3
13891,Sport Utility Vehicle - 4WD,Regular,4-Wheel or All-Wheel Drive,21.974,GMC,Automatic 4-spd,6.0,4.2
13892,Sport Utility Vehicle - 4WD,Regular,4-Wheel or All-Wheel Drive,21.974,GMC,Automatic 4-spd,8.0,5.3
13893,Sport Utility Vehicle - 4WD,Regular,4-Wheel or All-Wheel Drive,25.3546153846154,GMC,Automatic 4-spd,8.0,6.0
13894,Sport Utility Vehicle - 4WD,Regular,4-Wheel or All-Wheel Drive,25.3546153846154,GMC,Automatic 4-spd,8.0,6.0
13895,Sport Utility Vehicle - 4WD,Regular,4-Wheel or All-Wheel Drive,14.9822727272727,Honda,Automatic 5-spd,4.0,2.4
13896,Sport Utility Vehicle - 4WD,Regular,4-Wheel or All-Wheel Drive,15.6957142857143,Honda,Manual 5-spd,4.0,2.4
13897,Small Station Wagons,Regular,Front-Wheel Drive,13.73375,Mercury,Automatic 3-spd,4.0,1.9
13898,Sport Utility Vehicle - 4WD,Regular,4-Wheel or All-Wheel Drive,16.4805,Honda,Automatic 4-spd,4.0,2.4
13899,Sport Utility Vehicle - 4WD,Regular,4-Wheel or All-Wheel Drive,16.4805,Honda,Manual 5-spd,4.0,2.4
13900,Sport Utility Vehicle - 4WD,Regular,4-Wheel or All-Wheel Drive,19.3888235294118,Honda,Automatic 5-spd,6.0,3.5
13901,Sport Utility Vehicle - 4WD,Regular,4-Wheel or All-Wheel Drive,20.600625,Hummer,Automatic 4-spd,5.0,3.5
13902,Sport Utility Vehicle - 4WD,Regular,4-Wheel or All-Wheel Drive,20.600625,Hummer,Manual 5-spd,5.0,3.5
13903,Sport Utility Vehicle - 4WD,Regular,4-Wheel or All-Wheel Drive,18.3116666666667,Hyundai,Automatic 4-spd,6.0,2.7
13904,Sport Utility Vehicle - 4WD,Regular,4-Wheel or All-Wheel Drive,19.3888235294118,Hyundai,Automatic 5-spd,6.0,3.5
13905,Sport Utility Vehicle - 4WD,Regular,4-Wheel or All-Wheel Drive,15.6957142857143,Hyundai,Manual 5-spd,4.0,2.0
13906,Sport Utility Vehicle - 4WD,Regular,4-Wheel or All-Wheel Drive,17.3478947368421,Hyundai,Automatic 4-spd,6.0,2.7
13907,Sport Utility Vehicle - 4WD,Regular,4-Wheel or All-Wheel Drive,23.5435714285714,Infiniti,Automatic 5-spd,8.0,5.6
13908,Small Station Wagons,Regular,Front-Wheel Drive,11.3658620689655,Mercury,Manual 4-spd,4.0,1.9
13909,Sport Utility Vehicle - 4WD,Regular,4-Wheel or All-Wheel Drive,20.600625,Isuzu,Automatic 4-spd,6.0,4.2
13910,Sport Utility Vehicle - 4WD,Regular,4-Wheel or All-Wheel Drive,20.600625,Isuzu,Automatic 4-spd,6.0,4.2
13911,Sport Utility Vehicle - 4WD,Regular,4-Wheel or All-Wheel Drive,21.974,Isuzu,Automatic 4-spd,8.0,5.3
13912,Sport Utility Vehicle - 4WD,Regular,4-Wheel or All-Wheel Drive,20.600625,Jeep,Automatic 5-spd,6.0,3.7
13913,Sport Utility Vehicle - 4WD,Regular,4-Wheel or All-Wheel Drive,21.974,Jeep,Automatic 5-spd,8.0,4.7
13914,Sport Utility Vehicle - 4WD,Regular,4-Wheel or All-Wheel Drive,23.5435714285714,Jeep,Automatic 5-spd,8.0,5.7
13915,Sport Utility Vehicle - 4WD,Regular,4-Wheel or All-Wheel Drive,19.3888235294118,Jeep,Automatic 5-spd,6.0,3.7
13916,Sport Utility Vehicle - 4WD,Regular,4-Wheel or All-Wheel Drive,21.974,Jeep,Automatic 5-spd,8.0,4.7
13917,Sport Utility Vehicle - 4WD,Regular,4-Wheel or All-Wheel Drive,21.974,Jeep,Automatic 5-spd,8.0,5.7
13918,Sport Utility Vehicle - 4WD,Diesel,4-Wheel or All-Wheel Drive,18.1992857142857,Jeep,Automatic 5-spd,4.0,2.8
13919,Small Station Wagons,Regular,Front-Wheel Drive,12.6773076923077,Mercury,Manual 5-spd,4.0,1.9
13920,Sport Utility Vehicle - 4WD,Regular,4-Wheel or All-Wheel Drive,19.3888235294118,Jeep,Automatic 4-spd,6.0,3.7
13921,Sport Utility Vehicle - 4WD,Regular,4-Wheel or All-Wheel Drive,19.3888235294118,Jeep,Manual 6-spd,6.0,3.7
13922,Sport Utility Vehicle - 4WD,Regular,4-Wheel or All-Wheel Drive,19.3888235294118,Jeep,Manual 6-spd,4.0,2.4
13923,Sport Utility Vehicle - 4WD,Regular,4-Wheel or All-Wheel Drive,23.5435714285714,Jeep,Automatic 4-spd,6.0,4.0
13924,Sport Utility Vehicle - 4WD,Regular,4-Wheel or All-Wheel Drive,21.974,Jeep,Manual 6-spd,6.0,4.0
13925,Sport Utility Vehicle - 4WD,Regular,4-Wheel or All-Wheel Drive,21.974,Kia,Automatic 5-spd,6.0,3.5
13926,Sport Utility Vehicle - 4WD,Regular,4-Wheel or All-Wheel Drive,20.600625,Kia,Manual 5-spd,6.0,3.5
13927,Sport Utility Vehicle - 4WD,Regular,4-Wheel or All-Wheel Drive,15.6957142857143,Kia,Manual 5-spd,4.0,2.0
13928,Sport Utility Vehicle - 4WD,Regular,4-Wheel or All-Wheel Drive,17.3478947368421,Kia,Automatic 4-spd,6.0,2.7
13929,Sport Utility Vehicle - 4WD,Regular,4-Wheel or All-Wheel Drive,23.5435714285714,Land Rover,Automatic (S6),6.0,4.0
13930,Small Station Wagons,Diesel,Front-Wheel Drive,11.2407352941176,Mercury,Manual 5-spd,4.0,2.0
13931,Sport Utility Vehicle - 4WD,Regular,4-Wheel or All-Wheel Drive,23.5435714285714,Land Rover,Automatic (S6),8.0,4.4
13932,Sport Utility Vehicle - 4WD,Regular,4-Wheel or All-Wheel Drive,23.5435714285714,Land Rover,Automatic (S6),8.0,4.2
13933,Sport Utility Vehicle - 4WD,Regular,4-Wheel or All-Wheel Drive,23.5435714285714,Land Rover,Automatic (S6),8.0,4.4
13934,Sport Utility Vehicle - 4WD,Regular,4-Wheel or All-Wheel Drive,23.5435714285714,Land Rover,Automatic (S6),8.0,4.2
13935,Sport Utility Vehicle - 4WD,Regular,4-Wheel or All-Wheel Drive,23.5435714285714,Land Rover,Automatic (S6),8.0,4.4
13936,Sport Utility Vehicle - 4WD,Premium,4-Wheel or All-Wheel Drive,21.974,Lexus,Automatic 5-spd,8.0,4.7
13937,Sport Utility Vehicle - 4WD,Regular,4-Wheel or All-Wheel Drive,25.3546153846154,Lexus,Automatic 5-spd,8.0,4.7
13938,Sport Utility Vehicle - 4WD,Premium,4-Wheel or All-Wheel Drive,17.3478947368421,Lexus,Automatic 5-spd,6.0,3.3
13939,Sport Utility Vehicle - 4WD,Premium,4-Wheel or All-Wheel Drive,18.3116666666667,Lexus,Automatic (S5),6.0,3.3
13940,Sport Utility Vehicle - 4WD,Regular,4-Wheel or All-Wheel Drive,12.6773076923077,Lexus,Automatic (variable gear ratios),6.0,3.3
13941,Small Station Wagons,Regular,Rear-Wheel Drive,16.4805,Mazda,Automatic 3-spd,4.0,1.5
13942,Sport Utility Vehicle - 4WD,Regular,4-Wheel or All-Wheel Drive,16.4805,Mazda,Automatic 4-spd,4.0,2.3
13943,Sport Utility Vehicle - 4WD,Regular,4-Wheel or All-Wheel Drive,15.6957142857143,Mazda,Manual 5-spd,4.0,2.3
13944,Sport Utility Vehicle - 4WD,Regular,4-Wheel or All-Wheel Drive,17.3478947368421,Mazda,Automatic 4-spd,6.0,3.0
13945,Sport Utility Vehicle - 4WD,Regular,4-Wheel or All-Wheel Drive,12.2077777777778,Mazda,Automatic (variable gear ratios),4.0,2.3
13946,Sport Utility Vehicle - 4WD,Premium,4-Wheel or All-Wheel Drive,20.600625,Mercedes-Benz,Automatic 7-spd,6.0,3.5
13947,Sport Utility Vehicle - 4WD,Premium,4-Wheel or All-Wheel Drive,23.5435714285714,Mercedes-Benz,Automatic 7-spd,8.0,5.0
13948,Sport Utility Vehicle - 4WD,Premium,4-Wheel or All-Wheel Drive,20.600625,Mercedes-Benz,Automatic 7-spd,6.0,3.5
13949,Sport Utility Vehicle - 4WD,Premium,4-Wheel or All-Wheel Drive,23.5435714285714,Mercedes-Benz,Automatic 7-spd,8.0,5.0
13950,Sport Utility Vehicle - 4WD,Regular,4-Wheel or All-Wheel Drive,16.4805,Mercury,Automatic 4-spd,4.0,2.3
13951,Sport Utility Vehicle - 4WD,Regular,4-Wheel or All-Wheel Drive,17.3478947368421,Mercury,Automatic 4-spd,6.0,3.0
13952,Small Station Wagons,Regular,Rear-Wheel Drive,13.73375,Mazda,Manual 4-spd,4.0,1.5
13953,Sport Utility Vehicle - 4WD,Regular,4-Wheel or All-Wheel Drive,12.2077777777778,Mercury,Automatic (variable gear ratios),4.0,2.3
13954,Sport Utility Vehicle - 4WD,Regular,4-Wheel or All-Wheel Drive,21.974,Mercury,Automatic 5-spd,6.0,4.0
13955,Sport Utility Vehicle - 4WD,Regular,4-Wheel or All-Wheel Drive,21.974,Mercury,Automatic 6-spd,8.0,4.6
13956,Sport Utility Vehicle - 4WD,Premium,4-Wheel or All-Wheel Drive,19.3888235294118,Mitsubishi,Automatic (S4),6.0,3.8
13957,Sport Utility Vehicle - 4WD,Premium,Rear-Wheel Drive,21.974,Mitsubishi,Automatic (S5),6.0,3.8
13958,Sport Utility Vehicle - 4WD,Regular,4-Wheel or All-Wheel Drive,15.6957142857143,Mitsubishi,Manual 5-spd,4.0,2.4
13959,Sport Utility Vehicle - 4WD,Regular,4-Wheel or All-Wheel Drive,16.4805,Mitsubishi,Automatic (S4),4.0,2.4
13960,Sport Utility Vehicle - 4WD,Regular,4-Wheel or All-Wheel Drive,23.5435714285714,Nissan,Automatic 5-spd,8.0,5.6
13961,Sport Utility Vehicle - 4WD,Regular,4-Wheel or All-Wheel Drive,17.3478947368421,Nissan,Automatic (variable gear ratios),6.0,3.5
13962,Sport Utility Vehicle - 4WD,Regular,4-Wheel or All-Wheel Drive,20.600625,Nissan,Automatic 5-spd,6.0,4.0
13963,Small Station Wagons,Regular,Rear-Wheel Drive,13.73375,Mazda,Manual 5-spd,4.0,1.5
13964,Sport Utility Vehicle - 4WD,Regular,4-Wheel or All-Wheel Drive,20.600625,Nissan,Automatic 5-spd,6.0,4.0
13965,Sport Utility Vehicle - 4WD,Regular,4-Wheel or All-Wheel Drive,19.3888235294118,Nissan,Manual 6-spd,6.0,4.0
13966,Sport Utility Vehicle - 4WD,Premium,4-Wheel or All-Wheel Drive,21.974,Porsche,Automatic 5-spd,6.0,3.2
13967,Sport Utility Vehicle - 4WD,Premium,4-Wheel or All-Wheel Drive,21.974,Porsche,Manual 6-spd,6.0,3.2
13968,Sport Utility Vehicle - 4WD,Premium,4-Wheel or All-Wheel Drive,23.5435714285714,Porsche,Automatic 5-spd,8.0,4.5
13969,Sport Utility Vehicle - 4WD,Premium,4-Wheel or All-Wheel Drive,23.5435714285714,Porsche,Automatic 5-spd,8.0,4.5
13970,Sport Utility Vehicle - 4WD,Regular,4-Wheel or All-Wheel Drive,20.600625,Saab,Automatic 4-spd,6.0,4.2
13971,Sport Utility Vehicle - 4WD,Regular,4-Wheel or All-Wheel Drive,20.600625,Saab,Automatic 4-spd,8.0,5.3
13972,Sport Utility Vehicle - 4WD,Regular,4-Wheel or All-Wheel Drive,17.3478947368421,Saturn,Automatic 5-spd,6.0,3.5
13973,Sport Utility Vehicle - 4WD,Premium,4-Wheel or All-Wheel Drive,18.3116666666667,Subaru,Automatic (S5),6.0,3.0
13974,Small Station Wagons,Regular,Front-Wheel Drive,15.6957142857143,Mitsubishi,Automatic 3-spd,4.0,2.0
13975,Sport Utility Vehicle - 4WD,Regular,4-Wheel or All-Wheel Drive,15.6957142857143,Subaru,Automatic 4-spd,4.0,2.5
13976,Sport Utility Vehicle - 4WD,Premium,4-Wheel or All-Wheel Drive,17.3478947368421,Subaru,Manual 5-spd,4.0,2.5
13977,Sport Utility Vehicle - 4WD,Regular,4-Wheel or All-Wheel Drive,14.9822727272727,Subaru,Manual 5-spd,4.0,2.5
13978,Sport Utility Vehicle - 4WD,Premium,4-Wheel or All-Wheel Drive,18.3116666666667,Subaru,Automatic (S4),4.0,2.5
13979,Sport Utility Vehicle - 4WD,Premium,4-Wheel or All-Wheel Drive,16.4805,Subaru,Automatic 4-spd,4.0,2.5
13980,Sport Utility Vehicle - 4WD,Regular,4-Wheel or All-Wheel Drive,14.9822727272727,Subaru,Automatic 4-spd,4.0,2.5
13981,Sport Utility Vehicle - 4WD,Premium,4-Wheel or All-Wheel Drive,16.4805,Subaru,Manual 5-spd,4.0,2.5
13982,Sport Utility Vehicle - 4WD,Regular,4-Wheel or All-Wheel Drive,14.9822727272727,Subaru,Manual 5-spd,4.0,2.5
13983,Sport Utility Vehicle - 4WD,Premium,4-Wheel or All-Wheel Drive,16.4805,Subaru,Automatic (S5),6.0,3.0
13984,Sport Utility Vehicle - 4WD,Premium,4-Wheel or All-Wheel Drive,17.3478947368421,Subaru,Manual 5-spd,4.0,2.5
13985,Small Station Wagons,Regular,Front-Wheel Drive,13.73375,Oldsmobile,Automatic 3-spd,4.0,1.8
13986,Sport Utility Vehicle - 4WD,Regular,4-Wheel or All-Wheel Drive,14.9822727272727,Subaru,Manual 5-spd,4.0,2.5
13987,Sport Utility Vehicle - 4WD,Regular,4-Wheel or All-Wheel Drive,14.9822727272727,Subaru,Automatic (S4),4.0,2.5
13988,Sport Utility Vehicle - 4WD,Premium,4-Wheel or All-Wheel Drive,17.3478947368421,Subaru,Automatic (S5),4.0,2.5
13989,Sport Utility Vehicle - 4WD,Premium,4-Wheel or All-Wheel Drive,16.4805,Subaru,Automatic (S5),6.0,3.0
13990,Sport Utility Vehicle - 4WD,Regular,4-Wheel or All-Wheel Drive,17.3478947368421,Suzuki,Automatic 5-spd,6.0,2.7
13991,Sport Utility Vehicle - 4WD,Regular,4-Wheel or All-Wheel Drive,18.3116666666667,Suzuki,Manual 5-spd,6.0,2.7
13992,Sport Utility Vehicle - 4WD,Regular,4-Wheel or All-Wheel Drive,19.3888235294118,Suzuki,Automatic 5-spd,6.0,2.7
13993,Sport Utility Vehicle - 4WD,Regular,4-Wheel or All-Wheel Drive,19.3888235294118,Suzuki,Manual 5-spd,6.0,2.7
13994,Sport Utility Vehicle - 4WD,Regular,4-Wheel or All-Wheel Drive,19.3888235294118,Toyota,Automatic 5-spd,6.0,4.0
13995,Sport Utility Vehicle - 4WD,Regular,4-Wheel or All-Wheel Drive,20.600625,Toyota,Automatic 5-spd,8.0,4.7
13996,Subcompact Cars,Regular,Front-Wheel Drive,14.9822727272727,Subaru,Automatic 3-spd,4.0,1.8
13997,Small Station Wagons,Regular,Front-Wheel Drive,12.2077777777778,Oldsmobile,Manual 5-spd,4.0,1.8
13998,Sport Utility Vehicle - 4WD,Regular,4-Wheel or All-Wheel Drive,16.4805,Toyota,Automatic 4-spd,4.0,2.4
13999,Sport Utility Vehicle - 4WD,Regular,4-Wheel or All-Wheel Drive,17.3478947368421,Toyota,Automatic 5-spd,6.0,3.3
14000,Sport Utility Vehicle - 4WD,Regular,4-Wheel or All-Wheel Drive,12.6773076923077,Toyota,Automatic (variable gear ratios),6.0,3.3
14001,Sport Utility Vehicle - 4WD,Regular,4-Wheel or All-Wheel Drive,25.3546153846154,Toyota,Automatic 5-spd,8.0,4.7
14002,Sport Utility Vehicle - 4WD,Regular,4-Wheel or All-Wheel Drive,23.5435714285714,Toyota,Automatic 5-spd,8.0,4.7
14003,Sport Utility Vehicle - 4WD,Premium,4-Wheel or All-Wheel Drive,20.600625,Volkswagen,Automatic (S6),6.0,3.2
14004,Sport Utility Vehicle - 4WD,Premium,4-Wheel or All-Wheel Drive,23.5435714285714,Volkswagen,Automatic (S6),8.0,4.2
14005,Sport Utility Vehicle - 4WD,Premium,4-Wheel or All-Wheel Drive,17.3478947368421,Volvo,Automatic (S5),5.0,2.5
14006,Sport Utility Vehicle - 4WD,Premium,4-Wheel or All-Wheel Drive,19.3888235294118,Volvo,Automatic (S5),5.0,2.5
14007,Sport Utility Vehicle - 4WD,Premium,4-Wheel or All-Wheel Drive,21.974,Volvo,Automatic (S6),8.0,4.4
14008,Small Station Wagons,Regular,Front-Wheel Drive,14.9822727272727,Oldsmobile,Automatic 3-spd,4.0,2.0
14009,Midsize Cars,Gasoline or E85,Front-Wheel Drive,15.6957142857143,Chrysler,Automatic 4-spd,6.0,2.7
14010,Midsize Cars,Gasoline or E85,Front-Wheel Drive,15.6957142857143,Chrysler,Automatic 4-spd,6.0,2.7
14011,Compact Cars,Regular,Front-Wheel Drive,15.6957142857143,Chrysler,Automatic 4-spd,6.0,2.7
14012,Compact Cars,Regular,Front-Wheel Drive,15.6957142857143,Chrysler,Automatic 4-spd,6.0,2.7
14013,Midsize Cars,Gasoline or E85,Front-Wheel Drive,14.9822727272727,Chevrolet,Automatic 4-spd,6.0,3.5
14014,Midsize Cars,Gasoline or E85,Front-Wheel Drive,15.6957142857143,Dodge,Automatic 4-spd,6.0,2.7
14015,Midsize Cars,Gasoline or E85,Front-Wheel Drive,15.6957142857143,Dodge,Automatic 4-spd,6.0,2.7
14016,Large Cars,Gasoline or E85,Front-Wheel Drive,14.9822727272727,Chevrolet,Automatic 4-spd,6.0,3.5
14017,Minivan - 2WD,Gasoline or E85,Front-Wheel Drive,16.4805,Dodge,Automatic 4-spd,6.0,3.3
14018,Large Cars,Gasoline or E85,Rear-Wheel Drive,18.3116666666667,Ford,Automatic 4-spd,8.0,4.6
14019,Small Station Wagons,Regular,Front-Wheel Drive,13.1844,Oldsmobile,Manual 4-spd,4.0,2.0
14020,Large Cars,Gasoline or E85,Front-Wheel Drive,16.4805,Ford,Automatic 4-spd,6.0,3.0
14021,Large Cars,Gasoline or E85,Rear-Wheel Drive,18.3116666666667,Mercury,Automatic 4-spd,8.0,4.6
14022,Large Cars,Gasoline or E85,Rear-Wheel Drive,18.3116666666667,Lincoln,Automatic 4-spd,8.0,4.6
14023,Sport Utility Vehicle - 2WD,Gasoline or E85,Rear-Wheel Drive,23.5435714285714,Chevrolet,Automatic 4-spd,8.0,5.3
14024,Standard Pickup Trucks 2WD,Gasoline or E85,Rear-Wheel Drive,20.600625,GMC,Automatic 4-spd,8.0,5.3
14025,Standard Pickup Trucks 2WD,Gasoline or E85,Rear-Wheel Drive,20.600625,Chevrolet,Automatic 4-spd,8.0,5.3
14026,Sport Utility Vehicle - 2WD,Gasoline or E85,Rear-Wheel Drive,23.5435714285714,Chevrolet,Automatic 4-spd,8.0,5.3
14027,Sport Utility Vehicle - 2WD,Gasoline or E85,Rear-Wheel Drive,20.600625,Chevrolet,Automatic 4-spd,8.0,5.3
14028,Sport Utility Vehicle - 2WD,Gasoline or E85,Rear-Wheel Drive,20.600625,GMC,Automatic 4-spd,8.0,5.3
14029,Sport Utility Vehicle - 2WD,Gasoline or E85,Rear-Wheel Drive,23.5435714285714,GMC,Automatic 4-spd,8.0,5.3
14030,Small Station Wagons,Regular,Front-Wheel Drive,17.3478947368421,Oldsmobile,Automatic 3-spd,6.0,2.8
14031,Sport Utility Vehicle - 2WD,Gasoline or E85,Rear-Wheel Drive,27.4675,Dodge,Automatic 5-spd,8.0,4.7
14032,Sport Utility Vehicle - 4WD,Gasoline or E85,4-Wheel or All-Wheel Drive,27.4675,Dodge,Automatic 5-spd,8.0,4.7
14033,Sport Utility Vehicle - 4WD,Gasoline or E85,4-Wheel or All-Wheel Drive,23.5435714285714,Chevrolet,Automatic 4-spd,8.0,5.3
14034,Standard Pickup Trucks 4WD,Gasoline or E85,4-Wheel or All-Wheel Drive,21.974,GMC,Automatic 4-spd,8.0,5.3
14035,Standard Pickup Trucks 4WD,Gasoline or E85,4-Wheel or All-Wheel Drive,21.974,Chevrolet,Automatic 4-spd,8.0,5.3
14036,Sport Utility Vehicle - 4WD,Gasoline or E85,4-Wheel or All-Wheel Drive,23.5435714285714,Chevrolet,Automatic 4-spd,8.0,5.3
14037,Sport Utility Vehicle - 4WD,Gasoline or E85,4-Wheel or All-Wheel Drive,23.5435714285714,Chevrolet,Automatic 4-spd,8.0,5.3
14038,Sport Utility Vehicle - 4WD,Gasoline or E85,4-Wheel or All-Wheel Drive,23.5435714285714,GMC,Automatic 4-spd,8.0,5.3
14039,Sport Utility Vehicle - 4WD,Gasoline or E85,4-Wheel or All-Wheel Drive,23.5435714285714,GMC,Automatic 4-spd,8.0,5.3
14040,Standard Pickup Trucks 2WD,Gasoline or E85,Rear-Wheel Drive,27.4675,Dodge,Automatic 5-spd,8.0,4.7
14041,Small Station Wagons,Regular,Front-Wheel Drive,17.3478947368421,Oldsmobile,Manual 4-spd,6.0,2.8
14042,Standard Pickup Trucks 4WD,Gasoline or E85,4-Wheel or All-Wheel Drive,27.4675,Dodge,Automatic 5-spd,8.0,4.7
14043,Standard Pickup Trucks 2WD,Gasoline or E85,Rear-Wheel Drive,23.5435714285714,Nissan,Automatic 5-spd,8.0,5.6
14044,Standard Pickup Trucks 4WD,Gasoline or E85,4-Wheel or All-Wheel Drive,23.5435714285714,Nissan,Automatic 5-spd,8.0,5.6
14045,Compact Cars,Regular,Front-Wheel Drive,7.84785714285714,Honda,Automatic (variable gear ratios),4.0,1.3
14046,Compact Cars,Premium,Front-Wheel Drive,14.3308695652174,Acura,Automatic (S5),4.0,2.4
14047,Compact Cars,Premium,Front-Wheel Drive,14.9822727272727,Acura,Manual 6-spd,4.0,2.4
14048,Compact Cars,Premium,Front-Wheel Drive,13.1844,Volkswagen,Automatic (S6),4.0,2.0
14049,Compact Cars,Premium,Front-Wheel Drive,13.73375,Volkswagen,Manual 6-spd,4.0,2.0
14050,Midsize Cars,Premium,Rear-Wheel Drive,23.5435714285714,Cadillac,Automatic (S6),8.0,4.4
14051,Midsize Cars,Premium,Front-Wheel Drive,16.4805,Saab,Automatic (S5),4.0,2.3
14052,Small Station Wagons,Regular,Front-Wheel Drive,15.6957142857143,Plymouth,Automatic 3-spd,4.0,2.0
14053,Midsize Station Wagons,Premium,Front-Wheel Drive,16.4805,Saab,Automatic (S5),4.0,2.3
14054,Small Station Wagons,Premium,4-Wheel or All-Wheel Drive,15.6957142857143,Audi,Automatic (S6),6.0,3.2
14055,Sport Utility Vehicle - 4WD,Premium,4-Wheel or All-Wheel Drive,27.4675,Jeep,Automatic 5-spd,8.0,6.1
14056,Sport Utility Vehicle - 4WD,Regular,4-Wheel or All-Wheel Drive,14.9822727272727,Subaru,Automatic (S4),4.0,2.5
14057,Standard Pickup Trucks 2WD,Regular,Rear-Wheel Drive,19.3888235294118,Chevrolet,Manual 5-spd,5.0,3.5
14058,Standard Pickup Trucks 2WD,Regular,Rear-Wheel Drive,19.3888235294118,GMC,Manual 5-spd,5.0,3.5
14059,Two Seaters,Premium,Rear-Wheel Drive,23.5435714285714,Ford,Manual 6-spd,8.0,5.4
14060,Two Seaters,Premium,Rear-Wheel Drive,14.9822727272727,Lotus,Manual 6-spd,4.0,1.8
14061,Small Station Wagons,Regular,Front-Wheel Drive,14.3308695652174,Plymouth,Manual 5-spd,4.0,2.0
14062,Two Seaters,Premium,Rear-Wheel Drive,23.5435714285714,Aston Martin,Manual 6-spd,8.0,4.3
14063,Two Seaters,Premium,4-Wheel or All-Wheel Drive,32.961,Bugatti,Automatic (S6),16.0,8.0
14064,Two Seaters,Premium,Rear-Wheel Drive,15.6957142857143,BMW,Automatic (S6),6.0,3.0
14065,Two Seaters,Premium,Rear-Wheel Drive,15.6957142857143,BMW,Manual 6-spd,6.0,3.0
14066,Two Seaters,Premium,Rear-Wheel Drive,15.6957142857143,BMW,Automatic (S6),6.0,3.0
14067,Two Seaters,Premium,Rear-Wheel Drive,15.6957142857143,BMW,Manual 6-spd,6.0,3.0
14068,Two Seaters,Premium,Rear-Wheel Drive,15.6957142857143,BMW,Automatic (S6),6.0,3.0
14069,Two Seaters,Premium,Rear-Wheel Drive,15.6957142857143,BMW,Manual 6-spd,6.0,3.0
14070,Two Seaters,Premium,Rear-Wheel Drive,19.3888235294118,BMW,Manual 6-spd,6.0,3.2
14071,Two Seaters,Premium,Rear-Wheel Drive,19.3888235294118,BMW,Manual 6-spd,6.0,3.2
14072,Small Station Wagons,Regular,Front-Wheel Drive,13.73375,Pontiac,Automatic 3-spd,4.0,1.8
14073,Two Seaters,Regular,Rear-Wheel Drive,20.600625,Cadillac,Automatic (S6),8.0,4.4
14074,Two Seaters,Premium,Rear-Wheel Drive,29.9645454545455,Ferrari,Automatic 6-spd,12.0,5.9
14075,Two Seaters,Premium,Rear-Wheel Drive,29.9645454545455,Ferrari,Manual 6-spd,12.0,5.9
14076,Two Seaters,Premium,Rear-Wheel Drive,15.6957142857143,Porsche,Automatic 5-spd,6.0,3.4
14077,Two Seaters,Premium,Rear-Wheel Drive,15.6957142857143,Porsche,Manual 6-spd,6.0,3.4
14078,Subcompact Cars,Premium,Front-Wheel Drive,14.3308695652174,Honda,Manual 6-spd,4.0,2.0
14079,Midsize Cars,Regular,Front-Wheel Drive,13.1844,Honda,Automatic 5-spd,6.0,3.0
14080,Midsize Cars,Regular,Front-Wheel Drive,13.1844,Kia,Automatic 5-spd,4.0,2.4
14081,Midsize Cars,Regular,Front-Wheel Drive,13.1844,Kia,Manual 5-spd,4.0,2.4
14082,Midsize Cars,Regular,Front-Wheel Drive,14.3308695652174,Kia,Automatic 5-spd,6.0,2.7
14083,Small Station Wagons,Regular,Front-Wheel Drive,12.2077777777778,Pontiac,Manual 5-spd,4.0,1.8
14084,Midsize Cars,Premium,Front-Wheel Drive,14.9822727272727,Saab,Manual 5-spd,4.0,2.3
14085,Large Cars,Premium,Rear-Wheel Drive,27.4675,Maybach,Automatic 5-spd,12.0,6.0
14086,Small Station Wagons,Regular,Front-Wheel Drive,14.9822727272727,Mitsubishi,Automatic 4-spd,4.0,2.4
14087,Midsize Station Wagons,Premium,Front-Wheel Drive,14.9822727272727,Saab,Manual 5-spd,4.0,2.3
14088,Standard Pickup Trucks 2WD,Gasoline or E85,Rear-Wheel Drive,23.5435714285714,Ford,Automatic 4-spd,8.0,5.4
14089,Standard Pickup Trucks 4WD,Gasoline or E85,4-Wheel or All-Wheel Drive,23.5435714285714,Ford,Automatic 4-spd,8.0,5.4
14090,Sport Utility Vehicle - 2WD,Regular,Rear-Wheel Drive,18.3116666666667,Infiniti,Automatic (S5),6.0,3.5
14091,Sport Utility Vehicle - 2WD,Regular,Front-Wheel Drive,13.73375,Toyota,Automatic 4-spd,4.0,2.4
14092,Sport Utility Vehicle - 2WD,Regular,Front-Wheel Drive,14.9822727272727,Toyota,Automatic 5-spd,6.0,3.5
14093,Sport Utility Vehicle - 4WD,Regular,4-Wheel or All-Wheel Drive,19.3888235294118,Infiniti,Automatic (S5),6.0,3.5
14094,Small Station Wagons,Regular,Front-Wheel Drive,13.1844,Pontiac,Manual 4-spd,4.0,2.0
14095,Sport Utility Vehicle - 4WD,Premium,4-Wheel or All-Wheel Drive,21.974,Infiniti,Automatic (S5),8.0,4.5
14096,Sport Utility Vehicle - 4WD,Regular,4-Wheel or All-Wheel Drive,14.9822727272727,Toyota,Automatic 4-spd,4.0,2.4
14097,Sport Utility Vehicle - 4WD,Regular,4-Wheel or All-Wheel Drive,15.6957142857143,Toyota,Automatic 5-spd,6.0,3.5
14098,Two Seaters,Regular,Rear-Wheel Drive,21.974,Spyker,Manual 6-spd,8.0,4.2
14099,Two Seaters,Regular,Rear-Wheel Drive,21.974,Spyker,Manual 6-spd,8.0,4.2
14100,Minicompact Cars,Regular,Rear-Wheel Drive,21.974,Spyker,Manual 6-spd,8.0,4.2
14101,Subcompact Cars,Premium,Rear-Wheel Drive,25.3546153846154,BMW,Automatic (S7),10.0,5.0
14102,Subcompact Cars,Premium,Front-Wheel Drive,15.6957142857143,Volvo,Manual 6-spd,5.0,2.5
14103,Midsize Cars,Premium,Rear-Wheel Drive,18.3116666666667,Infiniti,Automatic (S5),8.0,4.5
14104,Midsize Cars,Premium,Rear-Wheel Drive,18.3116666666667,Infiniti,Automatic (S5),8.0,4.5
14105,Subcompact Cars,Regular,Front-Wheel Drive,13.1844,Subaru,Manual 5-spd,4.0,1.8
14106,Small Station Wagons,Regular,Front-Wheel Drive,17.3478947368421,Renault,Automatic 3-spd,4.0,2.2
14107,Sport Utility Vehicle - 4WD,Diesel,4-Wheel or All-Wheel Drive,22.4814705882353,Volkswagen,Automatic (S6),10.0,5.0
14108,Small Station Wagons,Regular,Front-Wheel Drive,14.3308695652174,Renault,Manual 5-spd,4.0,2.2
14109,Two Seaters,Premium,4-Wheel or All-Wheel Drive,32.961,Lamborghini,Manual 6-spd,12.0,6.5
14110,Two Seaters,Premium,4-Wheel or All-Wheel Drive,29.9645454545455,Lamborghini,Automatic (S6),12.0,6.5
14111,Two Seaters,Premium,Rear-Wheel Drive,23.5435714285714,Mercedes-Benz,Automatic (S5),8.0,5.4
14112,Two Seaters,Premium,Rear-Wheel Drive,20.600625,Mercedes-Benz,Automatic 7-spd,8.0,5.5
14113,Two Seaters,Premium,Rear-Wheel Drive,23.5435714285714,Mercedes-Benz,Automatic 5-spd,12.0,5.5
14114,Two Seaters,Premium,Rear-Wheel Drive,23.5435714285714,Mercedes-Benz,Automatic (S5),12.0,6.0
14115,Small Station Wagons,Regular,Front-Wheel Drive,13.1844,Subaru,Manual 5-spd,4.0,1.8
14116,Minicompact Cars,Premium,Rear-Wheel Drive,17.3478947368421,Jaguar,Automatic 6-spd,8.0,4.2
14117,Minicompact Cars,Premium,Rear-Wheel Drive,17.3478947368421,Jaguar,Automatic 6-spd,8.0,4.2
14118,Minicompact Cars,Regular,Front-Wheel Drive,14.9822727272727,Mitsubishi,Manual 5-spd,4.0,2.4
14119,Minicompact Cars,Regular,Front-Wheel Drive,14.9822727272727,Mitsubishi,Automatic (S4),4.0,2.4
14120,Minicompact Cars,Premium,Front-Wheel Drive,18.3116666666667,Mitsubishi,Manual 6-spd,6.0,3.8
14121,Minicompact Cars,Premium,Front-Wheel Drive,17.3478947368421,Mitsubishi,Automatic (S5),6.0,3.8
14122,Small Station Wagons,Regular,Front-Wheel Drive,15.6957142857143,Subaru,Automatic 3-spd,4.0,1.8
14123,Subcompact Cars,Premium,Front-Wheel Drive,13.73375,Chevrolet,Automatic 4-spd,4.0,2.4
14124,Subcompact Cars,Premium,Front-Wheel Drive,13.1844,Chevrolet,Manual 5-spd,4.0,2.4
14125,Subcompact Cars,Regular,Front-Wheel Drive,14.3308695652174,Mitsubishi,Manual 5-spd,4.0,2.4
14126,Subcompact Cars,Regular,Front-Wheel Drive,14.9822727272727,Mitsubishi,Automatic (S4),4.0,2.4
14127,Subcompact Cars,Premium,Front-Wheel Drive,17.3478947368421,Mitsubishi,Manual 6-spd,6.0,3.8
14128,Subcompact Cars,Premium,Front-Wheel Drive,16.4805,Mitsubishi,Automatic (S5),6.0,3.8
14129,Small Station Wagons,Regular,Front-Wheel Drive,14.3308695652174,Subaru,Automatic 3-spd,4.0,1.8
14130,Subcompact Cars,Premium,Front-Wheel Drive,13.73375,Pontiac,Automatic 4-spd,4.0,2.4
14131,Subcompact Cars,Premium,Front-Wheel Drive,13.1844,Pontiac,Manual 5-spd,4.0,2.4
14132,Subcompact Cars,Premium,4-Wheel or All-Wheel Drive,16.4805,Subaru,Automatic 4-spd,4.0,2.5
14133,Subcompact Cars,Regular,4-Wheel or All-Wheel Drive,14.9822727272727,Subaru,Automatic 4-spd,4.0,2.5
14134,Subcompact Cars,Premium,4-Wheel or All-Wheel Drive,15.6957142857143,Subaru,Manual 5-spd,4.0,2.5
14135,Subcompact Cars,Regular,4-Wheel or All-Wheel Drive,14.9822727272727,Subaru,Manual 5-spd,4.0,2.5
14136,Subcompact Cars,Regular,Front-Wheel Drive,10.6325806451613,Toyota,Automatic 4-spd,4.0,1.5
14137,Small Station Wagons,Regular,Front-Wheel Drive,13.73375,Subaru,Manual 5-spd,4.0,1.8
14138,Subcompact Cars,Regular,Front-Wheel Drive,10.3003125,Toyota,Manual 5-spd,4.0,1.5
14139,Compact Cars,Regular,Front-Wheel Drive,12.6773076923077,Ford,Automatic 4-spd,4.0,2.0
14140,Compact Cars,Regular,Front-Wheel Drive,12.2077777777778,Ford,Manual 5-spd,4.0,2.0
14141,Compact Cars,Regular,Front-Wheel Drive,14.3308695652174,Ford,Manual 5-spd,4.0,2.3
14142,Small Station Wagons,Regular,Front-Wheel Drive,12.6773076923077,Toyota,Automatic 3-spd,4.0,1.5
14143,Compact Cars,Regular,Front-Wheel Drive,11.7717857142857,Hyundai,Automatic 4-spd,4.0,1.6
14144,Compact Cars,Regular,Front-Wheel Drive,11.3658620689655,Hyundai,Manual 5-spd,4.0,1.6
14145,Compact Cars,Premium,Rear-Wheel Drive,14.3308695652174,Lexus,Automatic (S6),6.0,3.5
14146,Compact Cars,Regular,Front-Wheel Drive,13.73375,Pontiac,Automatic 4-spd,4.0,2.4
14147,Compact Cars,Premium,Front-Wheel Drive,13.73375,Saturn,Automatic 4-spd,4.0,2.4
14148,Compact Cars,Premium,Front-Wheel Drive,13.1844,Saturn,Manual 5-spd,4.0,2.4
14149,Compact Cars,Regular,4-Wheel or All-Wheel Drive,14.9822727272727,Subaru,Manual 5-spd,4.0,2.5
14150,Small Station Wagons,Regular,Front-Wheel Drive,11.3658620689655,Toyota,Manual 5-spd,4.0,1.5
14151,Compact Cars,Regular,4-Wheel or All-Wheel Drive,14.3308695652174,Subaru,Automatic (S4),4.0,2.5
14152,Compact Cars,Premium,Front-Wheel Drive,13.73375,Volkswagen,Manual 6-spd,4.0,2.0
14153,Small Station Wagons,Regular,4-Wheel or All-Wheel Drive,14.9822727272727,Toyota,Automatic 3-spd,4.0,1.5
14154,Compact Cars,Premium,Front-Wheel Drive,13.1844,Volkswagen,Automatic (S6),4.0,2.0
14155,Compact Cars,Premium,Front-Wheel Drive,13.73375,Volkswagen,Manual 6-spd,4.0,2.0
14156,Compact Cars,Premium,Front-Wheel Drive,13.1844,Volkswagen,Automatic (S6),4.0,2.0
14157,Midsize Cars,Premium,Rear-Wheel Drive,15.6957142857143,BMW,Manual 6-spd,6.0,3.0
14158,Midsize Cars,Premium,Rear-Wheel Drive,14.9822727272727,BMW,Automatic (S6),6.0,3.0
14159,Midsize Cars,Premium,4-Wheel or All-Wheel Drive,16.4805,BMW,Manual 6-spd,6.0,3.0
14160,Midsize Cars,Premium,4-Wheel or All-Wheel Drive,16.4805,BMW,Automatic (S6),6.0,3.0
14161,Midsize Cars,Premium,Rear-Wheel Drive,15.6957142857143,BMW,Manual 6-spd,6.0,3.0
14162,Midsize Cars,Premium,Rear-Wheel Drive,14.9822727272727,BMW,Automatic (S6),6.0,3.0
14163,Small Station Wagons,Regular,4-Wheel or All-Wheel Drive,12.6773076923077,Toyota,Manual 5-spd,4.0,1.5
14164,Midsize Cars,Premium,Rear-Wheel Drive,16.4805,BMW,Automatic (S6),6.0,3.0
14165,Midsize Cars,Premium,4-Wheel or All-Wheel Drive,16.4805,BMW,Manual 6-spd,6.0,3.0
14166,Midsize Cars,Premium,4-Wheel or All-Wheel Drive,16.4805,BMW,Automatic (S6),6.0,3.0
14167,Midsize Cars,Premium,Rear-Wheel Drive,18.3116666666667,BMW,Manual 6-spd,8.0,4.8
14168,Midsize Cars,Premium,Rear-Wheel Drive,18.3116666666667,BMW,Automatic (S6),8.0,4.8
14169,Midsize Cars,Premium,Rear-Wheel Drive,20.600625,BMW,Automatic (S6),8.0,4.8
14170,Subcompact Cars,Regular,Front-Wheel Drive,15.6957142857143,Subaru,Automatic 3-spd,4.0,1.8
14171,Small Station Wagons,Regular,4-Wheel or All-Wheel Drive,19.3888235294118,Volkswagen,Manual 5-spd,5.0,2.2
14172,Small Station Wagons,Regular,Front-Wheel Drive,15.6957142857143,Volkswagen,Automatic 3-spd,4.0,1.8
14173,Midsize Cars,Premium,Front-Wheel Drive,14.9822727272727,Lexus,Automatic (S6),6.0,3.5
14174,Small Station Wagons,Regular,Front-Wheel Drive,13.1844,Volkswagen,Manual 5-spd,4.0,1.8
14175,Midsize Cars,Regular,Front-Wheel Drive,13.73375,Toyota,Automatic 5-spd,4.0,2.4
14176,Midsize Cars,Regular,Front-Wheel Drive,13.1844,Toyota,Manual 5-spd,4.0,2.4
14177,Midsize Cars,Regular,Front-Wheel Drive,14.3308695652174,Toyota,Automatic (S6),6.0,3.5
14178,Midsize Cars,Regular,Front-Wheel Drive,9.69441176470588,Toyota,Automatic (variable gear ratios),4.0,2.4
14179,Midsize Cars,Premium,Front-Wheel Drive,13.73375,Volkswagen,Manual 6-spd,4.0,2.0
14180,Midsize Cars,Premium,Front-Wheel Drive,14.9822727272727,Volkswagen,Automatic (S6),4.0,2.0
14181,Midsize Cars,Premium,Front-Wheel Drive,16.4805,Volkswagen,Automatic (S6),6.0,3.6
14182,Midsize Cars,Premium,4-Wheel or All-Wheel Drive,17.3478947368421,Volkswagen,Automatic (S6),6.0,3.6
14183,Small Station Wagons,Regular,Front-Wheel Drive,18.3116666666667,Volkswagen,Automatic 3-spd,5.0,2.2
14184,Large Cars,Regular,4-Wheel or All-Wheel Drive,17.3478947368421,Ford,Automatic (variable gear ratios),6.0,3.0
14185,Small Station Wagons,Regular,Front-Wheel Drive,17.3478947368421,Volkswagen,Manual 5-spd,5.0,2.2
14186,Large Cars,Regular,Front-Wheel Drive,15.6957142857143,Ford,Automatic 6-spd,6.0,3.0
14187,Large Cars,Regular,Front-Wheel Drive,13.73375,Hyundai,Automatic 4-spd,4.0,2.4
14188,Large Cars,Regular,Front-Wheel Drive,13.1844,Hyundai,Manual 5-spd,4.0,2.4
14189,Large Cars,Regular,Front-Wheel Drive,15.6957142857143,Hyundai,Automatic 5-spd,6.0,3.3
14190,Midsize-Large Station Wagons,Regular,4-Wheel or All-Wheel Drive,18.3116666666667,Audi,Manual 5-spd,5.0,2.2
14191,Large Cars,Regular,4-Wheel or All-Wheel Drive,17.3478947368421,Mercury,Automatic (variable gear ratios),6.0,3.0
14192,Large Cars,Regular,Front-Wheel Drive,15.6957142857143,Mercury,Automatic 6-spd,6.0,3.0
14193,Large Cars,Premium,Rear-Wheel Drive,19.3888235294118,Mercedes-Benz,Automatic 7-spd,8.0,5.5
14194,Large Cars,Premium,Rear-Wheel Drive,25.3546153846154,Mercedes-Benz,Automatic 5-spd,12.0,5.5
14195,Midsize-Large Station Wagons,Regular,Front-Wheel Drive,19.3888235294118,Audi,Automatic 3-spd,5.0,2.2
14196,Small Station Wagons,Regular,Front-Wheel Drive,10.987,Honda,Automatic 5-spd,4.0,1.5
14197,Small Station Wagons,Regular,Front-Wheel Drive,10.6325806451613,Honda,Manual 5-spd,4.0,1.5
14198,Small Station Wagons,Regular,Front-Wheel Drive,11.3658620689655,Honda,Automatic (S5),4.0,1.5
14199,Small Station Wagons,Premium,4-Wheel or All-Wheel Drive,16.4805,Subaru,Automatic 4-spd,4.0,2.5
14200,Small Station Wagons,Regular,4-Wheel or All-Wheel Drive,14.9822727272727,Subaru,Automatic 4-spd,4.0,2.5
14201,Small Station Wagons,Premium,4-Wheel or All-Wheel Drive,15.6957142857143,Subaru,Manual 5-spd,4.0,2.5
14202,Small Station Wagons,Regular,4-Wheel or All-Wheel Drive,14.9822727272727,Subaru,Manual 5-spd,4.0,2.5
14203,Midsize Station Wagons,Premium,4-Wheel or All-Wheel Drive,16.4805,BMW,Manual 6-spd,6.0,3.0
14204,Midsize-Large Station Wagons,Regular,Front-Wheel Drive,17.3478947368421,Audi,Manual 5-spd,5.0,2.2
14205,Midsize Station Wagons,Premium,4-Wheel or All-Wheel Drive,16.4805,BMW,Automatic (S6),6.0,3.0
14206,Midsize Station Wagons,Regular,Front-Wheel Drive,12.6773076923077,Ford,Automatic 4-spd,4.0,2.0
14207,Midsize Station Wagons,Regular,Front-Wheel Drive,12.2077777777778,Ford,Manual 5-spd,4.0,2.0
14208,Midsize Station Wagons,Regular,4-Wheel or All-Wheel Drive,14.9822727272727,Subaru,Manual 5-spd,4.0,2.5
14209,Midsize Station Wagons,Regular,4-Wheel or All-Wheel Drive,14.3308695652174,Subaru,Automatic (S4),4.0,2.5
14210,Midsize Station Wagons,Premium,Front-Wheel Drive,14.3308695652174,Volkswagen,Automatic (S6),4.0,2.0
14211,Midsize Station Wagons,Premium,Front-Wheel Drive,16.4805,Volkswagen,Automatic (S6),6.0,3.6
14212,Midsize Station Wagons,Premium,4-Wheel or All-Wheel Drive,17.3478947368421,Volkswagen,Automatic (S6),6.0,3.6
14213,Standard Pickup Trucks 2WD,Regular,Rear-Wheel Drive,20.600625,Chevrolet,Automatic 4-spd,6.0,4.3
14214,Standard Pickup Trucks 2WD,Regular,Rear-Wheel Drive,19.3888235294118,Chevrolet,Manual 5-spd,6.0,4.3
14215,Midsize-Large Station Wagons,Regular,Front-Wheel Drive,15.6957142857143,Buick,Automatic 3-spd,4.0,2.5
14216,Standard Pickup Trucks 2WD,Regular,Rear-Wheel Drive,19.3888235294118,Chevrolet,Automatic 4-spd,8.0,4.8
14217,Standard Pickup Trucks 2WD,Regular,Rear-Wheel Drive,20.600625,Chevrolet,Automatic 4-spd,8.0,5.3
14218,Standard Pickup Trucks 2WD,Premium,Rear-Wheel Drive,21.974,Chevrolet,Automatic 4-spd,8.0,6.0
14219,Standard Pickup Trucks 2WD,Regular,Rear-Wheel Drive,19.3888235294118,Chevrolet,Automatic 4-spd,8.0,5.3
14220,Standard Pickup Trucks 2WD,Regular,Rear-Wheel Drive,21.974,Ford,Automatic 5-spd,6.0,4.0
14221,Standard Pickup Trucks 2WD,Regular,Rear-Wheel Drive,20.600625,Ford,Automatic 6-spd,8.0,4.6
14222,Standard Pickup Trucks 2WD,Regular,Rear-Wheel Drive,15.6957142857143,Ford,Automatic 5-spd,4.0,2.3
14223,Standard Pickup Trucks 2WD,Regular,Rear-Wheel Drive,14.3308695652174,Ford,Manual 5-spd,4.0,2.3
14224,Standard Pickup Trucks 2WD,Regular,Rear-Wheel Drive,19.3888235294118,Ford,Automatic 5-spd,6.0,3.0
14225,Standard Pickup Trucks 2WD,Regular,Rear-Wheel Drive,18.3116666666667,Ford,Manual 5-spd,6.0,3.0
14226,Midsize-Large Station Wagons,Regular,Front-Wheel Drive,17.3478947368421,Buick,Automatic 3-spd,6.0,2.8
14227,Standard Pickup Trucks 2WD,Regular,Rear-Wheel Drive,19.3888235294118,Ford,Automatic 5-spd,6.0,4.0
14228,Standard Pickup Trucks 2WD,Regular,Rear-Wheel Drive,19.3888235294118,Ford,Manual 5-spd,6.0,4.0
14229,Standard Pickup Trucks 2WD,Regular,Rear-Wheel Drive,20.600625,GMC,Automatic 4-spd,6.0,4.3
14230,Standard Pickup Trucks 2WD,Regular,Rear-Wheel Drive,19.3888235294118,GMC,Manual 5-spd,6.0,4.3
14231,Standard Pickup Trucks 2WD,Regular,Rear-Wheel Drive,19.3888235294118,GMC,Automatic 4-spd,8.0,4.8
14232,Standard Pickup Trucks 2WD,Regular,Rear-Wheel Drive,20.600625,GMC,Automatic 4-spd,8.0,5.3
14233,Standard Pickup Trucks 2WD,Premium,Rear-Wheel Drive,21.974,GMC,Automatic 4-spd,8.0,6.0
14234,Standard Pickup Trucks 2WD,Regular,Rear-Wheel Drive,19.3888235294118,GMC,Automatic 4-spd,8.0,5.3
14235,Standard Pickup Trucks 2WD,Regular,Rear-Wheel Drive,15.6957142857143,Mazda,Automatic 5-spd,4.0,2.3
14236,Standard Pickup Trucks 2WD,Regular,Rear-Wheel Drive,14.3308695652174,Mazda,Manual 5-spd,4.0,2.3
14237,Subcompact Cars,Regular,Front-Wheel Drive,13.1844,Subaru,Manual 5-spd,4.0,1.8
14238,Midsize-Large Station Wagons,Regular,Front-Wheel Drive,17.3478947368421,Buick,Automatic 4-spd,6.0,2.8
14239,Standard Pickup Trucks 2WD,Regular,Rear-Wheel Drive,19.3888235294118,Mazda,Automatic 5-spd,6.0,3.0
14240,Standard Pickup Trucks 2WD,Regular,Rear-Wheel Drive,18.3116666666667,Mazda,Manual 5-spd,6.0,3.0
14241,Standard Pickup Trucks 2WD,Regular,Rear-Wheel Drive,19.3888235294118,Mazda,Automatic 5-spd,6.0,4.0
14242,Standard Pickup Trucks 4WD,Regular,4-Wheel or All-Wheel Drive,21.974,Chevrolet,Automatic 4-spd,6.0,4.3
14243,Standard Pickup Trucks 4WD,Regular,4-Wheel or All-Wheel Drive,20.600625,Chevrolet,Manual 5-spd,6.0,4.3
14244,Standard Pickup Trucks 4WD,Regular,4-Wheel or All-Wheel Drive,21.974,Chevrolet,Automatic 4-spd,8.0,4.8
14245,Standard Pickup Trucks 4WD,Regular,4-Wheel or All-Wheel Drive,21.974,Chevrolet,Automatic 4-spd,8.0,5.3
14246,Standard Pickup Trucks 4WD,Premium,4-Wheel or All-Wheel Drive,23.5435714285714,Chevrolet,Automatic 4-spd,8.0,6.0
14247,Standard Pickup Trucks 4WD,Regular,4-Wheel or All-Wheel Drive,20.600625,Chevrolet,Automatic 4-spd,8.0,5.3
14248,Standard Pickup Trucks 4WD,Regular,4-Wheel or All-Wheel Drive,21.974,Ford,Automatic 5-spd,6.0,4.0
14249,Midsize-Large Station Wagons,Regular,Front-Wheel Drive,16.4805,Buick,Automatic 4-spd,6.0,3.8
14250,Standard Pickup Trucks 4WD,Regular,4-Wheel or All-Wheel Drive,21.974,Ford,Automatic 6-spd,8.0,4.6
14251,Standard Pickup Trucks 4WD,Regular,4-Wheel or All-Wheel Drive,20.600625,Ford,Automatic 5-spd,6.0,3.0
14252,Standard Pickup Trucks 4WD,Regular,4-Wheel or All-Wheel Drive,19.3888235294118,Ford,Manual 5-spd,6.0,3.0
14253,Standard Pickup Trucks 4WD,Regular,4-Wheel or All-Wheel Drive,21.974,Ford,Automatic 5-spd,6.0,4.0
14254,Standard Pickup Trucks 4WD,Regular,4-Wheel or All-Wheel Drive,20.600625,Ford,Manual 5-spd,6.0,4.0
14255,Standard Pickup Trucks 4WD,Regular,4-Wheel or All-Wheel Drive,21.974,GMC,Automatic 4-spd,6.0,4.3
14256,Standard Pickup Trucks 4WD,Regular,4-Wheel or All-Wheel Drive,21.974,GMC,Manual 5-spd,6.0,4.3
14257,Standard Pickup Trucks 4WD,Regular,4-Wheel or All-Wheel Drive,21.974,GMC,Automatic 4-spd,8.0,4.8
14258,Standard Pickup Trucks 4WD,Regular,4-Wheel or All-Wheel Drive,21.974,GMC,Automatic 4-spd,8.0,5.3
14259,Standard Pickup Trucks 4WD,Premium,4-Wheel or All-Wheel Drive,23.5435714285714,GMC,Automatic 4-spd,8.0,6.0
14260,Midsize-Large Station Wagons,Regular,Front-Wheel Drive,14.3308695652174,Chevrolet,Automatic 3-spd,4.0,2.5
14261,Standard Pickup Trucks 4WD,Premium,4-Wheel or All-Wheel Drive,23.5435714285714,GMC,Automatic 4-spd,8.0,6.0
14262,Standard Pickup Trucks 4WD,Regular,4-Wheel or All-Wheel Drive,20.600625,GMC,Automatic 4-spd,8.0,5.3
14263,Standard Pickup Trucks 4WD,Regular,4-Wheel or All-Wheel Drive,21.974,Mazda,Automatic 5-spd,6.0,4.0
14264,Standard Pickup Trucks 4WD,Regular,4-Wheel or All-Wheel Drive,20.600625,Mazda,Manual 5-spd,6.0,4.0
14265,"Vans, Cargo Type",Regular,Rear-Wheel Drive,21.974,Chevrolet,Automatic 4-spd,6.0,4.3
14266,"Vans, Cargo Type",Regular,Rear-Wheel Drive,21.974,Chevrolet,Automatic 4-spd,8.0,5.3
14267,"Vans, Cargo Type",Regular,4-Wheel or All-Wheel Drive,23.5435714285714,Chevrolet,Automatic 4-spd,8.0,5.3
14268,"Vans, Cargo Type",Regular,Rear-Wheel Drive,21.974,GMC,Automatic 4-spd,6.0,4.3
14269,"Vans, Cargo Type",Regular,Rear-Wheel Drive,21.974,GMC,Automatic 4-spd,8.0,5.3
14270,Midsize-Large Station Wagons,Regular,Front-Wheel Drive,13.73375,Chevrolet,Manual 4-spd,4.0,2.5
14271,"Vans, Cargo Type",Regular,4-Wheel or All-Wheel Drive,23.5435714285714,GMC,Automatic 4-spd,8.0,5.3
14272,Sport Utility Vehicle - 2WD,Regular,Rear-Wheel Drive,20.600625,Chevrolet,Automatic 4-spd,8.0,5.3
14273,Sport Utility Vehicle - 2WD,Regular,Rear-Wheel Drive,19.3888235294118,Chevrolet,Automatic 4-spd,8.0,5.3
14274,Sport Utility Vehicle - 2WD,Regular,Rear-Wheel Drive,20.600625,Chevrolet,Automatic 4-spd,6.0,4.2
14275,Sport Utility Vehicle - 2WD,Premium,Rear-Wheel Drive,21.974,Chevrolet,Automatic 4-spd,8.0,6.0
14276,Sport Utility Vehicle - 2WD,Regular,Rear-Wheel Drive,20.600625,GMC,Automatic 4-spd,8.0,5.3
14277,Sport Utility Vehicle - 4WD,Regular,4-Wheel or All-Wheel Drive,20.600625,Buick,Automatic 4-spd,6.0,4.2
14278,Midsize-Large Station Wagons,Regular,Front-Wheel Drive,17.3478947368421,Chevrolet,Automatic 3-spd,6.0,2.8
14279,Minivan - 2WD,Regular,Front-Wheel Drive,18.3116666666667,Ford,Automatic 4-spd,6.0,3.9
14280,Minivan - 2WD,Regular,Front-Wheel Drive,19.3888235294118,Ford,Automatic 4-spd,6.0,4.2
14281,Minivan - 2WD,Regular,Front-Wheel Drive,18.3116666666667,Ford,Automatic 4-spd,6.0,3.9
14282,Minivan - 2WD,Regular,Front-Wheel Drive,19.3888235294118,Ford,Automatic 4-spd,6.0,4.2
14283,Minivan - 2WD,Regular,Front-Wheel Drive,18.3116666666667,Kia,Automatic 5-spd,6.0,3.8
14284,Minivan - 2WD,Regular,Front-Wheel Drive,19.3888235294118,Mercury,Automatic 4-spd,6.0,4.2
14285,Minivan - 2WD,Premium,Front-Wheel Drive,17.3478947368421,Nissan,Automatic 5-spd,6.0,3.5
14286,Sport Utility Vehicle - 2WD,Regular,Rear-Wheel Drive,20.600625,Buick,Automatic 4-spd,6.0,4.2
14287,Midsize-Large Station Wagons,Regular,Front-Wheel Drive,17.3478947368421,Chevrolet,Automatic 4-spd,6.0,2.8
14288,Sport Utility Vehicle - 2WD,Regular,Rear-Wheel Drive,20.600625,Chevrolet,Automatic 4-spd,8.0,5.3
14289,Sport Utility Vehicle - 2WD,Regular,Front-Wheel Drive,15.6957142857143,Ford,Automatic 4-spd,4.0,2.3
14290,Sport Utility Vehicle - 2WD,Regular,Front-Wheel Drive,14.3308695652174,Ford,Manual 5-spd,4.0,2.3
14291,Sport Utility Vehicle - 2WD,Regular,Front-Wheel Drive,16.4805,Ford,Automatic 4-spd,6.0,3.0
14292,Sport Utility Vehicle - 2WD,Regular,Front-Wheel Drive,10.987,Ford,Automatic (variable gear ratios),4.0,2.3
14293,Midsize-Large Station Wagons,Regular,Front-Wheel Drive,18.3116666666667,Chevrolet,Automatic 3-spd,6.0,2.8
14294,Sport Utility Vehicle - 2WD,Regular,Front-Wheel Drive,16.4805,Ford,Automatic (variable gear ratios),6.0,3.0
14295,Sport Utility Vehicle - 2WD,Regular,Rear-Wheel Drive,19.3888235294118,GMC,Automatic 4-spd,8.0,5.3
14296,Sport Utility Vehicle - 2WD,Regular,Rear-Wheel Drive,20.600625,GMC,Automatic 4-spd,6.0,4.2
14297,Sport Utility Vehicle - 2WD,Regular,Front-Wheel Drive,15.6957142857143,Hyundai,Automatic 4-spd,6.0,2.7
14298,Sport Utility Vehicle - 2WD,Regular,Front-Wheel Drive,16.4805,Hyundai,Manual 5-spd,6.0,2.7
14299,Sport Utility Vehicle - 2WD,Regular,Front-Wheel Drive,17.3478947368421,Hyundai,Automatic 5-spd,6.0,3.3
14300,Midsize-Large Station Wagons,Regular,Front-Wheel Drive,17.3478947368421,Chevrolet,Automatic 4-spd,6.0,2.8
14301,Sport Utility Vehicle - 2WD,Regular,Rear-Wheel Drive,20.600625,Isuzu,Automatic 4-spd,6.0,4.2
14302,Sport Utility Vehicle - 2WD,Premium,Front-Wheel Drive,16.4805,Lexus,Automatic 5-spd,6.0,3.5
14303,Sport Utility Vehicle - 2WD,Premium,Front-Wheel Drive,16.4805,Lexus,Automatic (S5),6.0,3.5
14304,Sport Utility Vehicle - 2WD,Premium,Front-Wheel Drive,17.3478947368421,Mazda,Automatic (S6),4.0,2.3
14305,Sport Utility Vehicle - 2WD,Regular,Front-Wheel Drive,15.6957142857143,Mercury,Automatic 4-spd,4.0,2.3
14306,Sport Utility Vehicle - 2WD,Regular,Front-Wheel Drive,16.4805,Mercury,Automatic 4-spd,6.0,3.0
14307,Midsize-Large Station Wagons,Premium,Front-Wheel Drive,17.3478947368421,Chrysler,Automatic 3-spd,4.0,2.2
14308,Sport Utility Vehicle - 2WD,Premium,Rear-Wheel Drive,18.3116666666667,Toyota,Automatic 5-spd,6.0,4.0
14309,Sport Utility Vehicle - 4WD,Premium,4-Wheel or All-Wheel Drive,23.5435714285714,Audi,Automatic (S6),8.0,4.2
14310,Sport Utility Vehicle - 4WD,Premium,4-Wheel or All-Wheel Drive,23.5435714285714,Cadillac,Automatic 6-spd,8.0,6.2
14311,Midsize-Large Station Wagons,Regular,Front-Wheel Drive,15.6957142857143,Chrysler,Automatic 3-spd,4.0,2.5
14312,Sport Utility Vehicle - 4WD,Regular,4-Wheel or All-Wheel Drive,20.600625,Chevrolet,Automatic 4-spd,6.0,4.2
14313,Sport Utility Vehicle - 4WD,Premium,4-Wheel or All-Wheel Drive,23.5435714285714,Chevrolet,Automatic 4-spd,8.0,6.0
14314,Sport Utility Vehicle - 4WD,Regular,4-Wheel or All-Wheel Drive,16.4805,Ford,Automatic 4-spd,4.0,2.3
14315,Sport Utility Vehicle - 4WD,Regular,4-Wheel or All-Wheel Drive,14.9822727272727,Ford,Manual 5-spd,4.0,2.3
14316,Sport Utility Vehicle - 4WD,Regular,4-Wheel or All-Wheel Drive,17.3478947368421,Ford,Automatic 4-spd,6.0,3.0
14317,Sport Utility Vehicle - 4WD,Regular,4-Wheel or All-Wheel Drive,12.2077777777778,Ford,Automatic (variable gear ratios),4.0,2.3
14318,Two Seaters,Regular,Rear-Wheel Drive,19.3888235294118,Mazda,Manual 5-spd,2.0,1.3
14319,Subcompact Cars,Regular,Rear-Wheel Drive,14.9822727272727,Toyota,Automatic 4-spd,4.0,2.4
14320,Midsize-Large Station Wagons,Regular,Front-Wheel Drive,16.4805,Nissan,Automatic 4-spd,4.0,2.0
14321,Sport Utility Vehicle - 4WD,Regular,4-Wheel or All-Wheel Drive,17.3478947368421,Ford,Automatic (variable gear ratios),6.0,3.0
14322,Sport Utility Vehicle - 4WD,Regular,4-Wheel or All-Wheel Drive,20.600625,GMC,Automatic 4-spd,6.0,4.2
14323,Sport Utility Vehicle - 4WD,Premium,4-Wheel or All-Wheel Drive,23.5435714285714,GMC,Automatic 6-spd,8.0,6.2
14324,Sport Utility Vehicle - 4WD,Regular,4-Wheel or All-Wheel Drive,17.3478947368421,Hyundai,Automatic 4-spd,6.0,2.7
14325,Sport Utility Vehicle - 4WD,Regular,4-Wheel or All-Wheel Drive,17.3478947368421,Hyundai,Manual 5-spd,6.0,2.7
14326,Sport Utility Vehicle - 4WD,Regular,4-Wheel or All-Wheel Drive,17.3478947368421,Hyundai,Automatic 5-spd,6.0,3.3
14327,Midsize-Large Station Wagons,Regular,Front-Wheel Drive,14.3308695652174,Nissan,Manual 5-spd,4.0,2.0
14328,Sport Utility Vehicle - 4WD,Regular,4-Wheel or All-Wheel Drive,20.600625,Isuzu,Automatic 4-spd,6.0,4.2
14329,Sport Utility Vehicle - 4WD,Premium,4-Wheel or All-Wheel Drive,17.3478947368421,Lexus,Automatic 5-spd,6.0,3.5
14330,Sport Utility Vehicle - 4WD,Premium,4-Wheel or All-Wheel Drive,17.3478947368421,Lexus,Automatic (S5),6.0,3.5
14331,Sport Utility Vehicle - 4WD,Premium,4-Wheel or All-Wheel Drive,18.3116666666667,Mazda,Automatic (S6),4.0,2.3
14332,Sport Utility Vehicle - 4WD,Premium,4-Wheel or All-Wheel Drive,21.974,Mercedes-Benz,Automatic 7-spd,8.0,4.6
14333,Sport Utility Vehicle - 4WD,Regular,4-Wheel or All-Wheel Drive,16.4805,Mercury,Automatic 4-spd,4.0,2.3
14334,Sport Utility Vehicle - 4WD,Regular,4-Wheel or All-Wheel Drive,17.3478947368421,Mercury,Automatic 4-spd,6.0,3.0
14335,Sport Utility Vehicle - 4WD,Regular,4-Wheel or All-Wheel Drive,12.2077777777778,Mercury,Automatic (variable gear ratios),4.0,2.3
14336,Midsize-Large Station Wagons,Regular,Front-Wheel Drive,14.9822727272727,Dodge,Automatic 3-spd,4.0,2.2
14337,Sport Utility Vehicle - 4WD,Regular,4-Wheel or All-Wheel Drive,20.600625,Saab,Automatic 4-spd,6.0,4.2
14338,Sport Utility Vehicle - 4WD,Premium,4-Wheel or All-Wheel Drive,18.3116666666667,Subaru,Automatic (S5),6.0,3.0
14339,Sport Utility Vehicle - 4WD,Premium,4-Wheel or All-Wheel Drive,16.4805,Subaru,Automatic 4-spd,4.0,2.5
14340,Sport Utility Vehicle - 4WD,Regular,4-Wheel or All-Wheel Drive,14.9822727272727,Subaru,Automatic 4-spd,4.0,2.5
14341,Sport Utility Vehicle - 4WD,Premium,4-Wheel or All-Wheel Drive,15.6957142857143,Subaru,Manual 5-spd,4.0,2.5
14342,Sport Utility Vehicle - 4WD,Regular,4-Wheel or All-Wheel Drive,14.9822727272727,Subaru,Manual 5-spd,4.0,2.5
14343,Sport Utility Vehicle - 4WD,Regular,4-Wheel or All-Wheel Drive,14.9822727272727,Subaru,Automatic (S4),4.0,2.5
14344,Midsize-Large Station Wagons,Regular,Front-Wheel Drive,12.6773076923077,Dodge,Manual 5-spd,4.0,2.2
14345,Sport Utility Vehicle - 4WD,Premium,4-Wheel or All-Wheel Drive,16.4805,Subaru,Automatic (S5),6.0,3.0
14346,Sport Utility Vehicle - 4WD,Regular,4-Wheel or All-Wheel Drive,14.9822727272727,Subaru,Manual 5-spd,4.0,2.5
14347,Sport Utility Vehicle - 4WD,Regular,4-Wheel or All-Wheel Drive,14.9822727272727,Subaru,Automatic (S4),4.0,2.5
14348,Sport Utility Vehicle - 4WD,Premium,4-Wheel or All-Wheel Drive,16.4805,Subaru,Automatic (S5),6.0,3.0
14349,Sport Utility Vehicle - 4WD,Premium,4-Wheel or All-Wheel Drive,19.3888235294118,Toyota,Automatic 5-spd,6.0,4.0
14350,Sport Utility Vehicle - 4WD,Premium,4-Wheel or All-Wheel Drive,20.600625,Toyota,Manual 6-spd,6.0,4.0
14351,Sport Utility Vehicle - 4WD,Premium,4-Wheel or All-Wheel Drive,20.600625,Volkswagen,Automatic (S6),6.0,3.6
14352,Sport Utility Vehicle - 2WD,Gasoline or E85,Rear-Wheel Drive,20.600625,Chevrolet,Automatic 4-spd,8.0,5.3
14353,Standard Pickup Trucks 2WD,Gasoline or E85,Rear-Wheel Drive,20.600625,GMC,Automatic 4-spd,8.0,5.3
14354,Standard Pickup Trucks 2WD,Gasoline or E85,Rear-Wheel Drive,20.600625,Chevrolet,Automatic 4-spd,8.0,5.3
14355,Midsize-Large Station Wagons,Regular,Front-Wheel Drive,15.6957142857143,Dodge,Automatic 3-spd,4.0,2.5
14356,Sport Utility Vehicle - 2WD,Gasoline or E85,Rear-Wheel Drive,20.600625,Chevrolet,Automatic 4-spd,8.0,5.3
14357,Sport Utility Vehicle - 2WD,Gasoline or E85,Rear-Wheel Drive,20.600625,Chevrolet,Automatic 4-spd,8.0,5.3
14358,Sport Utility Vehicle - 2WD,Gasoline or E85,Rear-Wheel Drive,20.600625,GMC,Automatic 4-spd,8.0,5.3
14359,Sport Utility Vehicle - 2WD,Gasoline or E85,Rear-Wheel Drive,20.600625,GMC,Automatic 4-spd,8.0,5.3
14360,Sport Utility Vehicle - 4WD,Gasoline or E85,4-Wheel or All-Wheel Drive,20.600625,Chevrolet,Automatic 4-spd,8.0,5.3
14361,Standard Pickup Trucks 4WD,Gasoline or E85,4-Wheel or All-Wheel Drive,21.974,GMC,Automatic 4-spd,8.0,5.3
14362,Standard Pickup Trucks 4WD,Gasoline or E85,4-Wheel or All-Wheel Drive,21.974,Chevrolet,Automatic 4-spd,8.0,5.3
14363,Sport Utility Vehicle - 4WD,Gasoline or E85,4-Wheel or All-Wheel Drive,20.600625,Chevrolet,Automatic 4-spd,8.0,5.3
14364,Sport Utility Vehicle - 4WD,Gasoline or E85,4-Wheel or All-Wheel Drive,20.600625,Chevrolet,Automatic 4-spd,8.0,5.3
14365,Sport Utility Vehicle - 4WD,Gasoline or E85,4-Wheel or All-Wheel Drive,20.600625,GMC,Automatic 4-spd,8.0,5.3
14366,Midsize-Large Station Wagons,Regular,Rear-Wheel Drive,18.3116666666667,Ford,Automatic 3-spd,6.0,3.8
14367,Sport Utility Vehicle - 4WD,Gasoline or E85,4-Wheel or All-Wheel Drive,20.600625,GMC,Automatic 4-spd,8.0,5.3
14368,"Vans, Cargo Type",Gasoline or E85,Rear-Wheel Drive,20.600625,GMC,Automatic 4-spd,8.0,5.3
14369,"Vans, Cargo Type",Gasoline or E85,Rear-Wheel Drive,20.600625,Chevrolet,Automatic 4-spd,8.0,5.3
14370,Subcompact Cars,CNG,Front-Wheel Drive,0.0664285714285714,Honda,Automatic 5-spd,4.0,1.8
14371,Midsize-Large Station Wagons,Regular,Front-Wheel Drive,14.9822727272727,Ford,Manual 5-spd,4.0,2.5
14372,Two Seaters,Premium,Rear-Wheel Drive,20.600625,Cadillac,Automatic (S6),8.0,4.4
14373,Two Seaters,Premium,Rear-Wheel Drive,18.3116666666667,Cadillac,Automatic (S6),8.0,4.6
14374,Two Seaters,Premium,Rear-Wheel Drive,18.3116666666667,Chevrolet,Manual 6-spd,8.0,7.0
14375,Two Seaters,Premium,4-Wheel or All-Wheel Drive,25.3546153846154,Lamborghini,Manual 6-spd,10.0,5.0
14376,Two Seaters,Premium,4-Wheel or All-Wheel Drive,25.3546153846154,Lamborghini,Automatic (S6),10.0,5.0
14377,Two Seaters,Premium,Rear-Wheel Drive,25.3546153846154,Lamborghini,Manual 6-spd,10.0,5.0
14378,Two Seaters,Premium,Rear-Wheel Drive,23.5435714285714,Lamborghini,Automatic (S6),10.0,5.0
14379,Two Seaters,Premium,4-Wheel or All-Wheel Drive,27.4675,Lamborghini,Manual 6-spd,10.0,5.0
14380,Two Seaters,Premium,4-Wheel or All-Wheel Drive,27.4675,Lamborghini,Automatic (S6),10.0,5.0
14381,Two Seaters,Regular,Rear-Wheel Drive,14.3308695652174,Lotus,Manual 6-spd,4.0,1.8
14382,Midsize-Large Station Wagons,Regular,Front-Wheel Drive,16.4805,Ford,Automatic 4-spd,6.0,3.0
14383,Two Seaters,Premium,Rear-Wheel Drive,13.73375,Mazda,Manual 5-spd,4.0,2.0
14384,Two Seaters,Premium,Rear-Wheel Drive,13.73375,Mazda,Manual 6-spd,4.0,2.0
14385,Two Seaters,Premium,Rear-Wheel Drive,14.3308695652174,Mazda,Automatic (S6),4.0,2.0
14386,Two Seaters,Premium,Rear-Wheel Drive,16.4805,Mercedes-Benz,Automatic 7-spd,6.0,3.0
14387,Two Seaters,Premium,Rear-Wheel Drive,16.4805,Mercedes-Benz,Manual 6-spd,6.0,3.0
14388,Two Seaters,Premium,Rear-Wheel Drive,17.3478947368421,Mercedes-Benz,Automatic 7-spd,6.0,3.5
14389,Two Seaters,Premium,Rear-Wheel Drive,17.3478947368421,Mercedes-Benz,Manual 6-spd,6.0,3.5
14390,Two Seaters,Premium,Rear-Wheel Drive,20.600625,Mercedes-Benz,Automatic (S7),8.0,5.4
14391,Two Seaters,Premium,Rear-Wheel Drive,15.6957142857143,Pontiac,Automatic 5-spd,4.0,2.0
14392,Two Seaters,Premium,Rear-Wheel Drive,14.9822727272727,Pontiac,Manual 5-spd,4.0,2.0
14393,Midsize-Large Station Wagons,Regular,Front-Wheel Drive,17.3478947368421,Ford,Automatic 4-spd,6.0,3.0
14394,Two Seaters,Premium,Rear-Wheel Drive,15.6957142857143,Pontiac,Automatic 5-spd,4.0,2.4
14395,Two Seaters,Premium,Rear-Wheel Drive,15.6957142857143,Pontiac,Manual 5-spd,4.0,2.4
14396,Two Seaters,Premium,Rear-Wheel Drive,15.6957142857143,Porsche,Automatic 5-spd,6.0,2.7
14397,Two Seaters,Premium,Rear-Wheel Drive,14.3308695652174,Porsche,Manual 5-spd,6.0,2.7
14398,Two Seaters,Premium,Rear-Wheel Drive,14.9822727272727,Porsche,Manual 6-spd,6.0,2.7
14399,Two Seaters,Premium,Rear-Wheel Drive,15.6957142857143,Porsche,Automatic 5-spd,6.0,3.4
14400,Two Seaters,Premium,Rear-Wheel Drive,15.6957142857143,Porsche,Manual 6-spd,6.0,3.4
14401,Two Seaters,Premium,Rear-Wheel Drive,15.6957142857143,Porsche,Automatic 5-spd,6.0,2.7
14402,Two Seaters,Premium,Rear-Wheel Drive,14.3308695652174,Porsche,Manual 5-spd,6.0,2.7
14403,Two Seaters,Premium,Rear-Wheel Drive,14.9822727272727,Porsche,Manual 6-spd,6.0,2.7
14404,Midsize-Large Station Wagons,Regular,Rear-Wheel Drive,18.3116666666667,Mercury,Automatic 3-spd,6.0,3.8
14405,Two Seaters,Premium,Rear-Wheel Drive,15.6957142857143,Porsche,Automatic 5-spd,6.0,3.4
14406,Two Seaters,Premium,Rear-Wheel Drive,15.6957142857143,Porsche,Manual 6-spd,6.0,3.4
14407,Two Seaters,Premium,Rear-Wheel Drive,15.6957142857143,Saturn,Automatic 5-spd,4.0,2.0
14408,Two Seaters,Premium,Rear-Wheel Drive,14.9822727272727,Saturn,Manual 5-spd,4.0,2.0
14409,Two Seaters,Premium,Rear-Wheel Drive,15.6957142857143,Saturn,Automatic 5-spd,4.0,2.4
14410,Two Seaters,Premium,Rear-Wheel Drive,15.6957142857143,Saturn,Manual 5-spd,4.0,2.4
14411,Minicompact Cars,Premium,Rear-Wheel Drive,16.4805,Porsche,Automatic 5-spd,6.0,3.6
14412,Minicompact Cars,Premium,Rear-Wheel Drive,17.3478947368421,Porsche,Manual 6-spd,6.0,3.6
14413,Minicompact Cars,Premium,Rear-Wheel Drive,16.4805,Porsche,Automatic 5-spd,6.0,3.6
14414,Minicompact Cars,Premium,Rear-Wheel Drive,17.3478947368421,Porsche,Manual 6-spd,6.0,3.6
14415,Subcompact Cars,Regular,Rear-Wheel Drive,13.73375,Toyota,Manual 5-spd,4.0,2.4
14416,Midsize-Large Station Wagons,Regular,Front-Wheel Drive,16.4805,Mercury,Automatic 4-spd,6.0,3.0
14417,Minicompact Cars,Premium,Rear-Wheel Drive,16.4805,Porsche,Automatic 5-spd,6.0,3.8
14418,Minicompact Cars,Premium,Rear-Wheel Drive,17.3478947368421,Porsche,Manual 6-spd,6.0,3.8
14419,Minicompact Cars,Premium,Rear-Wheel Drive,16.4805,Porsche,Automatic 5-spd,6.0,3.8
14420,Minicompact Cars,Premium,Rear-Wheel Drive,17.3478947368421,Porsche,Manual 6-spd,6.0,3.8
14421,Minicompact Cars,Premium,4-Wheel or All-Wheel Drive,17.3478947368421,Porsche,Automatic 5-spd,6.0,3.6
14422,Minicompact Cars,Premium,4-Wheel or All-Wheel Drive,17.3478947368421,Porsche,Manual 6-spd,6.0,3.6
14423,Minicompact Cars,Premium,4-Wheel or All-Wheel Drive,17.3478947368421,Porsche,Automatic 5-spd,6.0,3.6
14424,Minicompact Cars,Premium,4-Wheel or All-Wheel Drive,17.3478947368421,Porsche,Manual 6-spd,6.0,3.6
14425,Minicompact Cars,Premium,4-Wheel or All-Wheel Drive,17.3478947368421,Porsche,Automatic 5-spd,6.0,3.8
14426,Minicompact Cars,Premium,4-Wheel or All-Wheel Drive,18.3116666666667,Porsche,Manual 6-spd,6.0,3.8
14427,Midsize-Large Station Wagons,Regular,Front-Wheel Drive,17.3478947368421,Mercury,Automatic 4-spd,6.0,3.0
14428,Minicompact Cars,Premium,4-Wheel or All-Wheel Drive,17.3478947368421,Porsche,Automatic 5-spd,6.0,3.8
14429,Minicompact Cars,Premium,4-Wheel or All-Wheel Drive,18.3116666666667,Porsche,Manual 6-spd,6.0,3.8
14430,Minicompact Cars,Premium,4-Wheel or All-Wheel Drive,17.3478947368421,Porsche,Automatic 5-spd,6.0,3.8
14431,Minicompact Cars,Premium,4-Wheel or All-Wheel Drive,18.3116666666667,Porsche,Manual 6-spd,6.0,3.8
14432,Minicompact Cars,Premium,4-Wheel or All-Wheel Drive,17.3478947368421,Porsche,Automatic 5-spd,6.0,3.6
14433,Minicompact Cars,Premium,4-Wheel or All-Wheel Drive,17.3478947368421,Porsche,Manual 6-spd,6.0,3.6
14434,Minicompact Cars,Premium,4-Wheel or All-Wheel Drive,18.3116666666667,Porsche,Automatic 5-spd,6.0,3.6
14435,Minicompact Cars,Premium,4-Wheel or All-Wheel Drive,18.3116666666667,Porsche,Manual 6-spd,6.0,3.6
14436,Minicompact Cars,Regular,Front-Wheel Drive,14.9822727272727,Volkswagen,Manual 5-spd,5.0,2.5
14437,Minicompact Cars,Regular,Front-Wheel Drive,14.9822727272727,Volkswagen,Automatic (S6),5.0,2.5
14438,Midsize-Large Station Wagons,Regular,Front-Wheel Drive,15.6957142857143,Oldsmobile,Automatic 3-spd,4.0,2.5
14439,Subcompact Cars,Premium,Front-Wheel Drive,13.73375,Audi,Automatic (variable gear ratios),4.0,2.0
14440,Subcompact Cars,Premium,4-Wheel or All-Wheel Drive,14.9822727272727,Audi,Automatic (S6),4.0,2.0
14441,Subcompact Cars,Premium,4-Wheel or All-Wheel Drive,16.4805,Audi,Automatic (S6),6.0,3.1
14442,Subcompact Cars,Premium,4-Wheel or All-Wheel Drive,21.974,Audi,Manual 6-spd,8.0,4.2
14443,Subcompact Cars,Premium,4-Wheel or All-Wheel Drive,20.600625,Audi,Automatic (S6),8.0,4.2
14444,Subcompact Cars,Premium,4-Wheel or All-Wheel Drive,25.3546153846154,Bentley,Automatic (S6),12.0,6.0
14445,Subcompact Cars,Regular,Front-Wheel Drive,12.6773076923077,Chevrolet,Automatic 4-spd,4.0,1.6
14446,Midsize-Large Station Wagons,Regular,Front-Wheel Drive,17.3478947368421,Oldsmobile,Automatic 3-spd,6.0,2.8
14447,Subcompact Cars,Regular,Front-Wheel Drive,12.2077777777778,Chevrolet,Manual 5-spd,4.0,1.6
14448,Subcompact Cars,Regular,Front-Wheel Drive,13.73375,Chevrolet,Automatic 4-spd,4.0,2.2
14449,Subcompact Cars,Regular,Front-Wheel Drive,13.1844,Chevrolet,Manual 5-spd,4.0,2.2
14450,Subcompact Cars,Regular,Rear-Wheel Drive,17.3478947368421,Ford,Automatic 5-spd,6.0,4.0
14451,Subcompact Cars,Regular,Rear-Wheel Drive,16.4805,Ford,Manual 5-spd,6.0,4.0
14452,Subcompact Cars,Regular,Rear-Wheel Drive,18.3116666666667,Ford,Automatic 5-spd,8.0,4.6
14453,Subcompact Cars,Regular,Rear-Wheel Drive,18.3116666666667,Ford,Manual 5-spd,8.0,4.6
14454,Subcompact Cars,Premium,Rear-Wheel Drive,20.600625,Ford,Manual 6-spd,8.0,5.4
14455,Subcompact Cars,Premium,Rear-Wheel Drive,18.3116666666667,Mazda,Manual 6-spd,2.0,1.3
14456,Subcompact Cars,Premium,Rear-Wheel Drive,17.3478947368421,Mazda,Automatic (S6),2.0,1.3
14457,Midsize-Large Station Wagons,Regular,Front-Wheel Drive,17.3478947368421,Oldsmobile,Automatic 4-spd,6.0,2.8
14458,Subcompact Cars,Premium,Rear-Wheel Drive,16.4805,Mercedes-Benz,Automatic 7-spd,6.0,3.5
14459,Subcompact Cars,Premium,Rear-Wheel Drive,16.4805,Mercedes-Benz,Automatic 7-spd,6.0,3.5
14460,Subcompact Cars,Premium,Rear-Wheel Drive,19.3888235294118,Mercedes-Benz,Automatic 7-spd,8.0,5.5
14461,Subcompact Cars,Premium,Rear-Wheel Drive,19.3888235294118,Mercedes-Benz,Automatic 7-spd,8.0,5.5
14462,Subcompact Cars,Premium,Rear-Wheel Drive,23.5435714285714,Mercedes-Benz,Automatic (S7),8.0,6.2
14463,Subcompact Cars,Regular,Front-Wheel Drive,13.73375,Pontiac,Automatic 4-spd,4.0,2.2
14464,Subcompact Cars,Regular,Front-Wheel Drive,13.1844,Pontiac,Manual 5-spd,4.0,2.2
14465,Subcompact Cars,Premium,Rear-Wheel Drive,20.600625,Roush Performance,Manual 5-spd,8.0,4.6
14466,Midsize-Large Station Wagons,Regular,Front-Wheel Drive,18.3116666666667,Oldsmobile,Automatic 3-spd,6.0,2.8
14467,Subcompact Cars,Premium,Rear-Wheel Drive,19.3888235294118,Roush Performance,Manual 5-spd,8.0,4.6
14468,Subcompact Cars,Premium,4-Wheel or All-Wheel Drive,17.3478947368421,Subaru,Manual 6-spd,4.0,2.5
14469,Subcompact Cars,Regular,Front-Wheel Drive,13.73375,Scion,Automatic 4-spd,4.0,2.4
14470,Subcompact Cars,Regular,Front-Wheel Drive,14.3308695652174,Scion,Manual 5-spd,4.0,2.4
14471,Subcompact Cars,Premium,Front-Wheel Drive,13.73375,Volkswagen,Manual 6-spd,4.0,2.0
14472,Subcompact Cars,Premium,Front-Wheel Drive,14.3308695652174,Volkswagen,Automatic (S6),4.0,2.0
14473,Subcompact Cars,Regular,Front-Wheel Drive,14.3308695652174,Volkswagen,Manual 5-spd,5.0,2.5
14474,Subcompact Cars,Regular,Front-Wheel Drive,14.3308695652174,Volkswagen,Automatic (S6),5.0,2.5
14475,Midsize-Large Station Wagons,Regular,Front-Wheel Drive,17.3478947368421,Oldsmobile,Automatic 4-spd,6.0,2.8
14476,Subcompact Cars,Premium,Front-Wheel Drive,15.6957142857143,Volvo,Manual 6-spd,5.0,2.5
14477,Subcompact Cars,Premium,Front-Wheel Drive,15.6957142857143,Volvo,Automatic (S5),5.0,2.5
14478,Compact Cars,Premium,Front-Wheel Drive,13.73375,Audi,Automatic (variable gear ratios),4.0,2.0
14479,Compact Cars,Premium,Front-Wheel Drive,13.73375,Audi,Manual 6-spd,4.0,2.0
14480,Compact Cars,Premium,Front-Wheel Drive,15.6957142857143,Audi,Automatic (variable gear ratios),6.0,3.1
14481,Compact Cars,Premium,4-Wheel or All-Wheel Drive,14.3308695652174,Audi,Manual 6-spd,4.0,2.0
14482,Compact Cars,Premium,4-Wheel or All-Wheel Drive,14.9822727272727,Audi,Automatic (S6),4.0,2.0
14483,Compact Cars,Premium,4-Wheel or All-Wheel Drive,17.3478947368421,Audi,Manual 6-spd,6.0,3.1
14484,Compact Cars,Premium,4-Wheel or All-Wheel Drive,16.4805,Audi,Automatic (S6),6.0,3.1
14485,Compact Cars,Premium,4-Wheel or All-Wheel Drive,21.974,Audi,Manual 6-spd,8.0,4.2
14486,Midsize-Large Station Wagons,Regular,Rear-Wheel Drive,17.3478947368421,Peugeot,Automatic 4-spd,4.0,2.0
14487,Compact Cars,Premium,4-Wheel or All-Wheel Drive,21.974,Audi,Manual 6-spd,8.0,4.2
14488,Compact Cars,Premium,4-Wheel or All-Wheel Drive,20.600625,Audi,Automatic (S6),8.0,4.2
14489,Compact Cars,Premium,4-Wheel or All-Wheel Drive,25.3546153846154,Bentley,Automatic (S6),12.0,6.0
14490,Compact Cars,Regular,Front-Wheel Drive,12.6773076923077,Chevrolet,Automatic 4-spd,4.0,1.6
14491,Compact Cars,Regular,Front-Wheel Drive,12.2077777777778,Chevrolet,Manual 5-spd,4.0,1.6
14492,Compact Cars,Regular,Front-Wheel Drive,14.9822727272727,Chevrolet,Automatic 4-spd,4.0,2.0
14493,Compact Cars,Regular,Front-Wheel Drive,14.3308695652174,Chevrolet,Manual 5-spd,4.0,2.0
14494,Compact Cars,Regular,Front-Wheel Drive,14.9822727272727,Chevrolet,Automatic 4-spd,4.0,2.0
14495,Compact Cars,Regular,Front-Wheel Drive,14.3308695652174,Chevrolet,Manual 5-spd,4.0,2.0
14496,Compact Cars,Premium,4-Wheel or All-Wheel Drive,18.3116666666667,Jaguar,Automatic 5-spd,6.0,3.0
14497,Midsize-Large Station Wagons,Regular,Rear-Wheel Drive,17.3478947368421,Peugeot,Manual 5-spd,4.0,2.0
14498,Compact Cars,Regular,Front-Wheel Drive,12.2077777777778,Mazda,Manual 5-spd,4.0,2.0
14499,Compact Cars,Regular,Front-Wheel Drive,12.6773076923077,Mazda,Automatic (S4),4.0,2.0
14500,Compact Cars,Regular,Front-Wheel Drive,13.1844,Mazda,Manual 5-spd,4.0,2.3
14501,Compact Cars,Premium,Front-Wheel Drive,15.6957142857143,Mazda,Manual 6-spd,4.0,2.3
14502,Compact Cars,Regular,Front-Wheel Drive,13.73375,Mazda,Automatic (S5),4.0,2.3
14503,Compact Cars,Premium,Rear-Wheel Drive,14.9822727272727,Mercedes-Benz,Automatic 7-spd,6.0,3.0
14504,Compact Cars,Premium,4-Wheel or All-Wheel Drive,16.4805,Mercedes-Benz,Automatic 5-spd,6.0,3.0
14505,Compact Cars,Premium,Rear-Wheel Drive,15.6957142857143,Mercedes-Benz,Automatic 7-spd,6.0,3.5
14506,Compact Cars,Premium,Rear-Wheel Drive,16.4805,Mercedes-Benz,Manual 6-spd,6.0,3.5
14507,Compact Cars,Premium,4-Wheel or All-Wheel Drive,17.3478947368421,Mercedes-Benz,Automatic 5-spd,6.0,3.5
14508,Midsize-Large Station Wagons,Premium,Rear-Wheel Drive,18.3116666666667,Peugeot,Automatic 4-spd,4.0,2.2
14509,Compact Cars,Premium,Rear-Wheel Drive,20.600625,Mercedes-Benz,Automatic 7-spd,8.0,5.5
14510,Compact Cars,Premium,Rear-Wheel Drive,23.5435714285714,Mercedes-Benz,Automatic (S7),8.0,6.2
14511,Compact Cars,Regular,Front-Wheel Drive,15.6957142857143,Pontiac,Automatic 4-spd,6.0,3.5
14512,Compact Cars,Regular,Front-Wheel Drive,15.6957142857143,Pontiac,Automatic (S4),6.0,3.5
14513,Compact Cars,Regular,Front-Wheel Drive,15.6957142857143,Pontiac,Automatic (S6),6.0,3.6
14514,Compact Cars,Regular,Front-Wheel Drive,17.3478947368421,Pontiac,Manual 6-spd,6.0,3.9
14515,Compact Cars,Regular,Front-Wheel Drive,18.3116666666667,Pontiac,Automatic (S4),6.0,3.9
14516,Subcompact Cars,Premium,Rear-Wheel Drive,17.3478947368421,Toyota,Automatic 4-spd,6.0,2.8
14517,Midsize-Large Station Wagons,Diesel,Rear-Wheel Drive,17.3720454545455,Peugeot,Automatic 4-spd,4.0,2.5
14518,Midsize Cars,Regular,Front-Wheel Drive,15.6957142857143,Saturn,Automatic 4-spd,6.0,3.5
14519,Midsize Cars,Regular,Front-Wheel Drive,15.6957142857143,Saturn,Automatic (S6),6.0,3.6
14520,Compact Cars,Regular,Front-Wheel Drive,13.73375,Saturn,Automatic 4-spd,4.0,2.2
14521,Compact Cars,Regular,Front-Wheel Drive,12.6773076923077,Saturn,Manual 5-spd,4.0,2.2
14522,Compact Cars,Premium,4-Wheel or All-Wheel Drive,15.6957142857143,Subaru,Manual 5-spd,4.0,2.5
14523,Compact Cars,Premium,4-Wheel or All-Wheel Drive,16.4805,Subaru,Manual 6-spd,4.0,2.5
14524,Compact Cars,Premium,4-Wheel or All-Wheel Drive,16.4805,Subaru,Automatic (S5),4.0,2.5
14525,Compact Cars,Regular,Front-Wheel Drive,14.9822727272727,Suzuki,Automatic 4-spd,4.0,2.0
14526,Compact Cars,Regular,Front-Wheel Drive,14.3308695652174,Suzuki,Manual 5-spd,4.0,2.0
14527,Compact Cars,Regular,Front-Wheel Drive,14.9822727272727,Suzuki,Automatic 4-spd,4.0,2.0
14528,Midsize-Large Station Wagons,Regular,Front-Wheel Drive,14.9822727272727,Plymouth,Automatic 3-spd,4.0,2.2
14529,Compact Cars,Regular,Front-Wheel Drive,14.3308695652174,Suzuki,Manual 5-spd,4.0,2.0
14530,Compact Cars,Regular,Front-Wheel Drive,13.1844,Toyota,Manual 5-spd,4.0,2.4
14531,Compact Cars,Regular,Front-Wheel Drive,13.1844,Toyota,Automatic (S5),4.0,2.4
14532,Compact Cars,Regular,Front-Wheel Drive,15.6957142857143,Toyota,Automatic (S5),6.0,3.3
14533,Compact Cars,Regular,Front-Wheel Drive,15.6957142857143,Toyota,Automatic (S5),6.0,3.3
14534,Compact Cars,Regular,Front-Wheel Drive,14.9822727272727,Volkswagen,Manual 5-spd,5.0,2.5
14535,Compact Cars,Regular,Front-Wheel Drive,14.9822727272727,Volkswagen,Automatic (S6),5.0,2.5
14536,Compact Cars,Regular,Front-Wheel Drive,14.9822727272727,Volkswagen,Manual 5-spd,5.0,2.5
14537,Midsize-Large Station Wagons,Regular,Front-Wheel Drive,12.6773076923077,Plymouth,Manual 5-spd,4.0,2.2
14538,Compact Cars,Regular,Front-Wheel Drive,14.9822727272727,Volkswagen,Automatic (S6),5.0,2.5
14539,Compact Cars,Premium,4-Wheel or All-Wheel Drive,15.6957142857143,Volvo,Manual 6-spd,5.0,2.5
14540,Compact Cars,Premium,4-Wheel or All-Wheel Drive,15.6957142857143,Volvo,Automatic (S5),5.0,2.5
14541,Compact Cars,Premium,Front-Wheel Drive,14.9822727272727,Volvo,Manual 5-spd,5.0,2.4
14542,Compact Cars,Premium,Front-Wheel Drive,14.3308695652174,Volvo,Automatic (S5),5.0,2.4
14543,Compact Cars,Premium,Front-Wheel Drive,14.9822727272727,Volvo,Manual 6-spd,5.0,2.5
14544,Compact Cars,Premium,Front-Wheel Drive,14.9822727272727,Volvo,Automatic (S5),5.0,2.5
14545,Compact Cars,Premium,4-Wheel or All-Wheel Drive,16.4805,Volvo,Automatic 5-spd,5.0,2.5
14546,Compact Cars,Premium,4-Wheel or All-Wheel Drive,15.6957142857143,Volvo,Automatic (S5),5.0,2.5
14547,Compact Cars,Premium,Front-Wheel Drive,15.6957142857143,Volvo,Manual 6-spd,5.0,2.4
14548,Midsize-Large Station Wagons,Regular,Front-Wheel Drive,15.6957142857143,Plymouth,Automatic 3-spd,4.0,2.5
14549,Compact Cars,Premium,Front-Wheel Drive,15.6957142857143,Volvo,Automatic (S5),5.0,2.4
14550,Compact Cars,Premium,Front-Wheel Drive,14.9822727272727,Volvo,Automatic 5-spd,5.0,2.5
14551,Compact Cars,Premium,Front-Wheel Drive,14.9822727272727,Volvo,Automatic (S5),5.0,2.5
14552,Compact Cars,Premium,4-Wheel or All-Wheel Drive,17.3478947368421,Volvo,Manual 6-spd,5.0,2.5
14553,Compact Cars,Premium,4-Wheel or All-Wheel Drive,18.3116666666667,Volvo,Automatic (S6),5.0,2.5
14554,Midsize Cars,Premium,Front-Wheel Drive,15.6957142857143,Audi,Automatic (variable gear ratios),6.0,3.1
14555,Midsize Cars,Premium,4-Wheel or All-Wheel Drive,16.4805,Audi,Automatic (S6),6.0,3.1
14556,Midsize Cars,Premium,4-Wheel or All-Wheel Drive,18.3116666666667,Audi,Automatic (S6),8.0,4.2
14557,Midsize Cars,Premium,4-Wheel or All-Wheel Drive,18.3116666666667,Audi,Automatic (S6),8.0,4.2
14558,Midsize Cars,Premium,4-Wheel or All-Wheel Drive,25.3546153846154,Bentley,Automatic (S6),12.0,6.0
14559,Midsize-Large Station Wagons,Regular,Front-Wheel Drive,15.6957142857143,Pontiac,Automatic 3-spd,4.0,2.5
14560,Midsize Cars,Regular,Front-Wheel Drive,16.4805,Buick,Automatic 4-spd,6.0,3.6
14561,Midsize Cars,Regular,Front-Wheel Drive,15.6957142857143,Buick,Automatic 4-spd,6.0,3.8
14562,Midsize Cars,Regular,Rear-Wheel Drive,17.3478947368421,Cadillac,Manual 6-spd,6.0,2.8
14563,Midsize Cars,Regular,Rear-Wheel Drive,17.3478947368421,Cadillac,Automatic (S5),6.0,2.8
14564,Midsize Cars,Regular,Rear-Wheel Drive,18.3116666666667,Cadillac,Manual 6-spd,6.0,3.6
14565,Midsize Cars,Regular,Rear-Wheel Drive,17.3478947368421,Cadillac,Automatic (S5),6.0,3.6
14566,Midsize Cars,Premium,Rear-Wheel Drive,20.600625,Cadillac,Manual 6-spd,8.0,6.0
14567,Midsize Cars,Regular,Rear-Wheel Drive,17.3478947368421,Cadillac,Automatic (S5),6.0,3.6
14568,Midsize Cars,Premium,Rear-Wheel Drive,21.974,Cadillac,Automatic (S6),8.0,4.4
14569,Midsize Cars,Premium,Rear-Wheel Drive,18.3116666666667,Cadillac,Automatic (S6),8.0,4.6
14570,Midsize-Large Station Wagons,Regular,Front-Wheel Drive,17.3478947368421,Pontiac,Automatic 3-spd,6.0,2.8
14571,Midsize Cars,Regular,4-Wheel or All-Wheel Drive,18.3116666666667,Cadillac,Automatic (S5),6.0,3.6
14572,Midsize Cars,Regular,Front-Wheel Drive,13.1844,Chevrolet,Automatic 4-spd,4.0,2.2
14573,Midsize Cars,Regular,Front-Wheel Drive,14.3308695652174,Chevrolet,Automatic 4-spd,6.0,3.5
14574,Midsize Cars,Regular,Front-Wheel Drive,17.3478947368421,Chevrolet,Automatic (S4),6.0,3.9
14575,Midsize Cars,Regular,Front-Wheel Drive,14.9822727272727,Chevrolet,Automatic 4-spd,6.0,3.5
14576,Midsize Cars,Premium,Front-Wheel Drive,17.3478947368421,Chevrolet,Automatic 4-spd,8.0,5.3
14577,Midsize Cars,Premium,Rear-Wheel Drive,16.4805,Jaguar,Automatic 6-spd,6.0,3.0
14578,Midsize Cars,Premium,Rear-Wheel Drive,17.3478947368421,Jaguar,Automatic 6-spd,8.0,4.2
14579,Midsize Cars,Premium,Rear-Wheel Drive,19.3888235294118,Jaguar,Automatic 6-spd,8.0,4.2
14580,Midsize Cars,Premium,4-Wheel or All-Wheel Drive,18.3116666666667,Jaguar,Automatic 5-spd,6.0,3.0
14581,Midsize-Large Station Wagons,Regular,Front-Wheel Drive,17.3478947368421,Pontiac,Automatic 4-spd,6.0,2.8
14582,Midsize Cars,Regular,Front-Wheel Drive,13.73375,Mazda,Manual 5-spd,4.0,2.3
14583,Midsize Cars,Premium,4-Wheel or All-Wheel Drive,17.3478947368421,Mazda,Manual 6-spd,4.0,2.3
14584,Midsize Cars,Regular,Front-Wheel Drive,14.3308695652174,Mazda,Automatic (S5),4.0,2.3
14585,Midsize Cars,Regular,Front-Wheel Drive,16.4805,Mazda,Manual 5-spd,6.0,3.0
14586,Midsize Cars,Regular,Front-Wheel Drive,16.4805,Mazda,Automatic (S6),6.0,3.0
14587,Midsize Cars,Premium,Rear-Wheel Drive,17.3478947368421,Mercedes-Benz,Automatic 7-spd,6.0,3.5
14588,Midsize Cars,Premium,4-Wheel or All-Wheel Drive,17.3478947368421,Mercedes-Benz,Automatic 5-spd,6.0,3.5
14589,Midsize Cars,Premium,Rear-Wheel Drive,20.600625,Mercedes-Benz,Automatic 7-spd,8.0,5.5
14590,Midsize Cars,Premium,4-Wheel or All-Wheel Drive,20.600625,Mercedes-Benz,Automatic 5-spd,8.0,5.5
14591,Midsize Cars,Premium,Rear-Wheel Drive,21.974,Mercedes-Benz,Automatic (S7),8.0,6.2
14592,Midsize-Large Station Wagons,Regular,Front-Wheel Drive,18.3116666666667,Pontiac,Automatic 3-spd,6.0,2.8
14593,Midsize Cars,Regular,Front-Wheel Drive,14.3308695652174,Mitsubishi,Automatic (S4),4.0,2.4
14594,Midsize Cars,Premium,Front-Wheel Drive,17.3478947368421,Mitsubishi,Automatic (S5),6.0,3.8
14595,Midsize Cars,Premium,Front-Wheel Drive,15.6957142857143,Nissan,Automatic (variable gear ratios),6.0,3.5
14596,Midsize Cars,Regular,Front-Wheel Drive,11.7717857142857,Nissan,Automatic (variable gear ratios),4.0,1.8
14597,Midsize Cars,Regular,Front-Wheel Drive,12.2077777777778,Nissan,Automatic 4-spd,4.0,1.8
14598,Midsize Cars,Regular,Front-Wheel Drive,11.7717857142857,Nissan,Manual 6-spd,4.0,1.8
14599,Midsize Cars,Premium,Front-Wheel Drive,16.4805,Pontiac,Automatic 4-spd,6.0,3.8
14600,Midsize Cars,Regular,Front-Wheel Drive,15.6957142857143,Pontiac,Automatic 4-spd,6.0,3.8
14601,Midsize Cars,Premium,Front-Wheel Drive,16.4805,Pontiac,Automatic (S4),6.0,3.8
14602,Midsize Cars,Premium,Front-Wheel Drive,17.3478947368421,Pontiac,Automatic (S4),8.0,5.3
14603,Midsize-Large Station Wagons,Regular,Front-Wheel Drive,17.3478947368421,Pontiac,Automatic 4-spd,6.0,2.8
14604,Large Cars,Premium,4-Wheel or All-Wheel Drive,18.3116666666667,Audi,Automatic (S6),8.0,4.2
14605,Large Cars,Regular,Front-Wheel Drive,16.4805,Buick,Automatic 4-spd,6.0,3.8
14606,Large Cars,Regular,Front-Wheel Drive,18.3116666666667,Buick,Automatic 4-spd,8.0,4.6
14607,Large Cars,Regular,Front-Wheel Drive,18.3116666666667,Cadillac,Automatic 4-spd,8.0,4.6
14608,Large Cars,Regular,Front-Wheel Drive,18.3116666666667,Cadillac,Automatic 4-spd,8.0,4.6
14609,Large Cars,Regular,Front-Wheel Drive,21.974,Cadillac,Automatic 4-spd,8.0,4.6
14610,Large Cars,Regular,Front-Wheel Drive,21.974,Cadillac,Automatic 4-spd,8.0,4.6
14611,Large Cars,Regular,Front-Wheel Drive,14.9822727272727,Chevrolet,Automatic 4-spd,6.0,3.5
14612,Large Cars,Regular,Front-Wheel Drive,15.6957142857143,Chevrolet,Automatic 4-spd,6.0,3.9
14613,Large Cars,Premium,Front-Wheel Drive,17.3478947368421,Chevrolet,Automatic 4-spd,8.0,5.3
14614,Midsize-Large Station Wagons,Premium,Rear-Wheel Drive,18.3116666666667,Toyota,Automatic 4-spd,6.0,2.8
14615,Large Cars,Regular,Front-Wheel Drive,15.6957142857143,Chevrolet,Automatic 4-spd,6.0,3.5
14616,Large Cars,Regular,Front-Wheel Drive,18.3116666666667,Chevrolet,Automatic (S4),6.0,3.9
14617,Large Cars,Regular,Rear-Wheel Drive,18.3116666666667,Ford,Automatic 4-spd,8.0,4.6
14618,Large Cars,Regular,Front-Wheel Drive,16.4805,Hyundai,Automatic 5-spd,6.0,3.8
14619,Large Cars,Premium,Rear-Wheel Drive,17.3478947368421,Infiniti,Automatic (S5),6.0,3.5
14620,Large Cars,Premium,4-Wheel or All-Wheel Drive,18.3116666666667,Infiniti,Automatic (S5),6.0,3.5
14621,Large Cars,Premium,Rear-Wheel Drive,18.3116666666667,Infiniti,Automatic (S5),8.0,4.5
14622,Large Cars,Premium,Rear-Wheel Drive,18.3116666666667,Jaguar,Automatic 6-spd,8.0,4.2
14623,Large Cars,Premium,Rear-Wheel Drive,17.3478947368421,Jaguar,Automatic 6-spd,8.0,4.2
14624,Large Cars,Premium,Rear-Wheel Drive,17.3478947368421,Jaguar,Automatic 6-spd,8.0,4.2
14625,Subcompact Cars,Premium,Rear-Wheel Drive,17.3478947368421,Toyota,Manual 5-spd,6.0,2.8
14626,Midsize-Large Station Wagons,Regular,Rear-Wheel Drive,16.4805,Volvo,Automatic 4-spd,4.0,2.3
14627,Large Cars,Premium,Rear-Wheel Drive,17.3478947368421,Jaguar,Automatic 6-spd,8.0,4.2
14628,Large Cars,Premium,Rear-Wheel Drive,18.3116666666667,Jaguar,Automatic 6-spd,8.0,4.2
14629,Large Cars,Regular,Rear-Wheel Drive,18.3116666666667,Mercury,Automatic 4-spd,8.0,4.6
14630,Large Cars,Regular,Rear-Wheel Drive,18.3116666666667,Lincoln,Automatic 4-spd,8.0,4.6
14631,Large Cars,Premium,4-Wheel or All-Wheel Drive,20.600625,Mercedes-Benz,Automatic 7-spd,8.0,5.5
14632,Large Cars,Premium,Rear-Wheel Drive,23.5435714285714,Mercedes-Benz,Automatic (S5),12.0,6.0
14633,Small Station Wagons,Premium,Front-Wheel Drive,13.73375,Audi,Manual 6-spd,4.0,2.0
14634,Small Station Wagons,Premium,Front-Wheel Drive,13.1844,Audi,Automatic (S6),4.0,2.0
14635,Small Station Wagons,Premium,4-Wheel or All-Wheel Drive,14.3308695652174,Audi,Manual 6-spd,4.0,2.0
14636,Small Station Wagons,Premium,4-Wheel or All-Wheel Drive,14.9822727272727,Audi,Automatic (S6),4.0,2.0
14637,Midsize-Large Station Wagons,Regular,Rear-Wheel Drive,14.9822727272727,Volvo,Manual 4-spd,4.0,2.3
14638,Small Station Wagons,Premium,4-Wheel or All-Wheel Drive,17.3478947368421,Audi,Manual 6-spd,6.0,3.1
14639,Small Station Wagons,Premium,4-Wheel or All-Wheel Drive,16.4805,Audi,Automatic (S6),6.0,3.1
14640,Small Station Wagons,Premium,4-Wheel or All-Wheel Drive,21.974,Audi,Manual 6-spd,8.0,4.2
14641,Small Station Wagons,Premium,4-Wheel or All-Wheel Drive,20.600625,Audi,Automatic (S6),8.0,4.2
14642,Small Station Wagons,Regular,Front-Wheel Drive,14.9822727272727,Chevrolet,Automatic 4-spd,4.0,2.0
14643,Small Station Wagons,Regular,Front-Wheel Drive,14.9822727272727,Chevrolet,Manual 5-spd,4.0,2.0
14644,Small Station Wagons,Regular,Front-Wheel Drive,14.9822727272727,Suzuki,Automatic 4-spd,4.0,2.0
14645,Small Station Wagons,Regular,Front-Wheel Drive,14.9822727272727,Suzuki,Manual 5-spd,4.0,2.0
14646,Small Station Wagons,Regular,Front-Wheel Drive,13.1844,Suzuki,Automatic 4-spd,4.0,2.0
14647,Small Station Wagons,Regular,Front-Wheel Drive,13.73375,Suzuki,Manual 5-spd,4.0,2.0
14648,Midsize-Large Station Wagons,Regular,Rear-Wheel Drive,18.3116666666667,Volvo,Automatic 4-spd,4.0,2.3
14649,Small Station Wagons,Regular,4-Wheel or All-Wheel Drive,13.73375,Suzuki,Automatic 4-spd,4.0,2.0
14650,Small Station Wagons,Regular,4-Wheel or All-Wheel Drive,14.3308695652174,Suzuki,Manual 5-spd,4.0,2.0
14651,Small Station Wagons,Premium,4-Wheel or All-Wheel Drive,16.4805,Volvo,Manual 6-spd,5.0,2.5
14652,Small Station Wagons,Premium,4-Wheel or All-Wheel Drive,15.6957142857143,Volvo,Automatic (S5),5.0,2.5
14653,Small Station Wagons,Premium,Front-Wheel Drive,14.9822727272727,Volvo,Manual 5-spd,5.0,2.4
14654,Small Station Wagons,Premium,Front-Wheel Drive,14.3308695652174,Volvo,Automatic (S5),5.0,2.4
14655,Small Station Wagons,Premium,Front-Wheel Drive,14.9822727272727,Volvo,Manual 6-spd,5.0,2.5
14656,Small Station Wagons,Premium,Front-Wheel Drive,14.9822727272727,Volvo,Automatic (S5),5.0,2.5
14657,Midsize Station Wagons,Premium,4-Wheel or All-Wheel Drive,16.4805,Audi,Automatic (S6),6.0,3.1
14658,Midsize Station Wagons,Regular,Front-Wheel Drive,14.9822727272727,Mazda,Manual 5-spd,4.0,2.3
14659,Midsize-Large Station Wagons,Regular,Rear-Wheel Drive,15.6957142857143,Volvo,Automatic 4-spd,4.0,2.3
14660,Midsize Station Wagons,Regular,Front-Wheel Drive,15.6957142857143,Mazda,Automatic (S4),4.0,2.3
14661,Midsize Station Wagons,Regular,Front-Wheel Drive,16.4805,Mazda,Manual 5-spd,6.0,3.0
14662,Midsize Station Wagons,Regular,Front-Wheel Drive,16.4805,Mazda,Automatic (S6),6.0,3.0
14663,Midsize Station Wagons,Premium,4-Wheel or All-Wheel Drive,18.3116666666667,Mercedes-Benz,Automatic 5-spd,6.0,3.5
14664,Midsize Station Wagons,Premium,Rear-Wheel Drive,23.5435714285714,Mercedes-Benz,Automatic (S7),8.0,6.2
14665,Midsize Station Wagons,Premium,4-Wheel or All-Wheel Drive,15.6957142857143,Subaru,Manual 5-spd,4.0,2.5
14666,Midsize Station Wagons,Premium,4-Wheel or All-Wheel Drive,16.4805,Subaru,Automatic (S5),4.0,2.5
14667,Midsize Station Wagons,Premium,4-Wheel or All-Wheel Drive,16.4805,Volvo,Automatic 5-spd,5.0,2.5
14668,Midsize Station Wagons,Premium,4-Wheel or All-Wheel Drive,15.6957142857143,Volvo,Automatic (S5),5.0,2.5
14669,Midsize Station Wagons,Premium,Front-Wheel Drive,15.6957142857143,Volvo,Automatic 5-spd,5.0,2.4
14670,Midsize-Large Station Wagons,Regular,Rear-Wheel Drive,14.9822727272727,Volvo,Manual 4-spd,4.0,2.3
14671,Midsize Station Wagons,Premium,Front-Wheel Drive,14.9822727272727,Volvo,Manual 5-spd,5.0,2.4
14672,Midsize Station Wagons,Premium,Front-Wheel Drive,16.4805,Volvo,Manual 6-spd,5.0,2.4
14673,Midsize Station Wagons,Premium,Front-Wheel Drive,15.6957142857143,Volvo,Automatic (S5),5.0,2.4
14674,Midsize Station Wagons,Premium,Front-Wheel Drive,15.6957142857143,Volvo,Automatic (S5),5.0,2.5
14675,Midsize Station Wagons,Premium,4-Wheel or All-Wheel Drive,17.3478947368421,Volvo,Manual 6-spd,5.0,2.5
14676,Midsize Station Wagons,Premium,4-Wheel or All-Wheel Drive,18.3116666666667,Volvo,Automatic (S6),5.0,2.5
14677,Standard Pickup Trucks 2WD,Regular,Rear-Wheel Drive,18.3116666666667,Chevrolet,Automatic 4-spd,4.0,2.9
14678,Standard Pickup Trucks 2WD,Regular,Rear-Wheel Drive,16.4805,Chevrolet,Manual 5-spd,4.0,2.9
14679,Standard Pickup Trucks 2WD,Regular,Rear-Wheel Drive,18.3116666666667,Chevrolet,Automatic 4-spd,5.0,3.7
14680,Standard Pickup Trucks 2WD,Regular,Rear-Wheel Drive,20.600625,Chevrolet,Automatic 4-spd,5.0,3.7
14681,Midsize-Large Station Wagons,Regular,Rear-Wheel Drive,16.4805,Volvo,Manual 4-spd,4.0,2.3
14682,Standard Pickup Trucks 2WD,Regular,Rear-Wheel Drive,18.3116666666667,Chevrolet,Automatic 4-spd,4.0,2.9
14683,Standard Pickup Trucks 2WD,Regular,Rear-Wheel Drive,16.4805,Chevrolet,Manual 5-spd,4.0,2.9
14684,Standard Pickup Trucks 2WD,Regular,Rear-Wheel Drive,18.3116666666667,Chevrolet,Automatic 4-spd,5.0,3.7
14685,Standard Pickup Trucks 2WD,Regular,Rear-Wheel Drive,18.3116666666667,GMC,Automatic 4-spd,4.0,2.9
14686,Standard Pickup Trucks 2WD,Regular,Rear-Wheel Drive,16.4805,GMC,Manual 5-spd,4.0,2.9
14687,Standard Pickup Trucks 2WD,Regular,Rear-Wheel Drive,18.3116666666667,GMC,Automatic 4-spd,5.0,3.7
14688,Standard Pickup Trucks 2WD,Regular,Rear-Wheel Drive,20.600625,GMC,Automatic 4-spd,5.0,3.7
14689,Standard Pickup Trucks 2WD,Regular,Rear-Wheel Drive,18.3116666666667,GMC,Automatic 4-spd,4.0,2.9
14690,Standard Pickup Trucks 2WD,Regular,Rear-Wheel Drive,16.4805,GMC,Manual 5-spd,4.0,2.9
14691,Standard Pickup Trucks 2WD,Regular,Rear-Wheel Drive,18.3116666666667,GMC,Automatic 4-spd,5.0,3.7
14692,Midsize-Large Station Wagons,Diesel,Rear-Wheel Drive,16.6167391304348,Volvo,Automatic 4-spd,6.0,2.4
14693,Standard Pickup Trucks 2WD,Regular,Rear-Wheel Drive,18.3116666666667,Isuzu,Automatic 4-spd,4.0,2.9
14694,Standard Pickup Trucks 2WD,Regular,Rear-Wheel Drive,16.4805,Isuzu,Manual 5-spd,4.0,2.9
14695,Standard Pickup Trucks 4WD,Regular,4-Wheel or All-Wheel Drive,19.3888235294118,Chevrolet,Automatic 4-spd,4.0,2.9
14696,Standard Pickup Trucks 4WD,Regular,4-Wheel or All-Wheel Drive,18.3116666666667,Chevrolet,Manual 5-spd,4.0,2.9
14697,Standard Pickup Trucks 4WD,Regular,4-Wheel or All-Wheel Drive,19.3888235294118,Chevrolet,Automatic 4-spd,5.0,3.7
14698,Standard Pickup Trucks 4WD,Regular,4-Wheel or All-Wheel Drive,19.3888235294118,Chevrolet,Automatic 4-spd,5.0,3.7
14699,Standard Pickup Trucks 4WD,Regular,4-Wheel or All-Wheel Drive,19.3888235294118,GMC,Automatic 4-spd,4.0,2.9
14700,Standard Pickup Trucks 4WD,Regular,4-Wheel or All-Wheel Drive,18.3116666666667,GMC,Manual 5-spd,4.0,2.9
14701,Standard Pickup Trucks 4WD,Regular,4-Wheel or All-Wheel Drive,19.3888235294118,GMC,Automatic 4-spd,5.0,3.7
14702,Standard Pickup Trucks 4WD,Regular,4-Wheel or All-Wheel Drive,19.3888235294118,GMC,Automatic 4-spd,5.0,3.7
14703,Midsize-Large Station Wagons,Regular,Rear-Wheel Drive,19.3888235294118,Buick,Automatic 4-spd,8.0,5.0
14704,Standard Pickup Trucks 4WD,Regular,4-Wheel or All-Wheel Drive,19.3888235294118,Honda,Automatic 5-spd,6.0,3.5
14705,Standard Pickup Trucks 4WD,Regular,4-Wheel or All-Wheel Drive,19.3888235294118,Isuzu,Automatic 4-spd,5.0,3.7
14706,"Vans, Cargo Type",Regular,Rear-Wheel Drive,23.5435714285714,Chevrolet,Automatic 4-spd,8.0,5.3
14707,"Vans, Cargo Type",Regular,4-Wheel or All-Wheel Drive,23.5435714285714,Chevrolet,Automatic 4-spd,8.0,5.3
14708,"Vans, Cargo Type",Regular,Rear-Wheel Drive,23.5435714285714,GMC,Automatic 4-spd,8.0,5.3
14709,"Vans, Cargo Type",Regular,4-Wheel or All-Wheel Drive,23.5435714285714,GMC,Automatic 4-spd,8.0,5.3
14710,"Vans, Passenger Type",Regular,Rear-Wheel Drive,21.974,Chevrolet,Automatic 4-spd,8.0,5.3
14711,"Vans, Passenger Type",Regular,4-Wheel or All-Wheel Drive,23.5435714285714,Chevrolet,Automatic 4-spd,8.0,5.3
14712,"Vans, Passenger Type",Regular,Rear-Wheel Drive,23.5435714285714,GMC,Automatic 4-spd,8.0,5.3
14713,"Vans, Passenger Type",Regular,4-Wheel or All-Wheel Drive,23.5435714285714,GMC,Automatic 4-spd,8.0,5.3
14714,Midsize-Large Station Wagons,Regular,Rear-Wheel Drive,20.600625,Chevrolet,Automatic 4-spd,8.0,5.0
14715,Minivan - 2WD,Regular,Front-Wheel Drive,17.3478947368421,Buick,Automatic 4-spd,6.0,3.9
14716,Minivan - 2WD,Regular,Front-Wheel Drive,17.3478947368421,Chevrolet,Automatic 4-spd,6.0,3.9
14717,Minivan - 2WD,Regular,Front-Wheel Drive,18.3116666666667,Hyundai,Automatic 5-spd,6.0,3.8
14718,Sport Utility Vehicle - 2WD,Regular,Rear-Wheel Drive,19.3888235294118,Buick,Automatic 4-spd,8.0,5.3
14719,Sport Utility Vehicle - 2WD,Regular,Front-Wheel Drive,17.3478947368421,Buick,Automatic 4-spd,6.0,3.5
14720,Sport Utility Vehicle - 2WD,Regular,Front-Wheel Drive,16.4805,Chevrolet,Automatic 5-spd,6.0,3.4
14721,Sport Utility Vehicle - 2WD,Regular,Front-Wheel Drive,14.3308695652174,Chevrolet,Automatic 4-spd,4.0,2.2
14722,Sport Utility Vehicle - 2WD,Regular,Front-Wheel Drive,14.9822727272727,Chevrolet,Manual 5-spd,4.0,2.2
14723,Sport Utility Vehicle - 2WD,Premium,Front-Wheel Drive,14.3308695652174,Chevrolet,Automatic 4-spd,4.0,2.4
14724,Sport Utility Vehicle - 2WD,Premium,Front-Wheel Drive,14.9822727272727,Chevrolet,Manual 5-spd,4.0,2.4
14725,Midsize-Large Station Wagons,Regular,Rear-Wheel Drive,19.3888235294118,Chevrolet,Automatic 4-spd,8.0,5.0
14726,Sport Utility Vehicle - 2WD,Regular,Rear-Wheel Drive,19.3888235294118,Chevrolet,Automatic 4-spd,8.0,5.3
14727,Sport Utility Vehicle - 2WD,Regular,Rear-Wheel Drive,19.3888235294118,GMC,Automatic 4-spd,8.0,5.3
14728,Sport Utility Vehicle - 2WD,Premium,Front-Wheel Drive,18.3116666666667,Mitsubishi,Automatic (S4),6.0,3.8
14729,Sport Utility Vehicle - 2WD,Regular,Front-Wheel Drive,16.4805,Pontiac,Automatic 5-spd,6.0,3.4
14730,Minivan - 2WD,Regular,Front-Wheel Drive,17.3478947368421,Saturn,Automatic 4-spd,6.0,3.9
14731,Sport Utility Vehicle - 2WD,Regular,Front-Wheel Drive,15.6957142857143,Saturn,Automatic 4-spd,4.0,2.2
14732,Sport Utility Vehicle - 2WD,Regular,Front-Wheel Drive,14.9822727272727,Saturn,Manual 5-spd,4.0,2.2
14733,Sport Utility Vehicle - 2WD,Regular,Front-Wheel Drive,12.6773076923077,Saturn,Automatic 4-spd,4.0,2.4
14734,Sport Utility Vehicle - 2WD,Regular,Rear-Wheel Drive,17.3478947368421,Suzuki,Automatic 5-spd,6.0,2.7
14735,Sport Utility Vehicle - 2WD,Regular,Rear-Wheel Drive,18.3116666666667,Suzuki,Manual 5-spd,6.0,2.7
14736,Subcompact Cars,Regular,Rear-Wheel Drive,12.6773076923077,Toyota,Automatic 4-spd,4.0,1.6
14737,Midsize-Large Station Wagons,Regular,Rear-Wheel Drive,17.3478947368421,Ford,Automatic 4-spd,8.0,5.0
14738,Sport Utility Vehicle - 2WD,Premium,Front-Wheel Drive,18.3116666666667,Volvo,Automatic (S5),5.0,2.5
14739,Sport Utility Vehicle - 2WD,Premium,Front-Wheel Drive,19.3888235294118,Volvo,Automatic (S6),6.0,3.2
14740,Sport Utility Vehicle - 4WD,Premium,4-Wheel or All-Wheel Drive,20.600625,Audi,Automatic (S6),6.0,3.6
14741,Sport Utility Vehicle - 4WD,Regular,4-Wheel or All-Wheel Drive,20.600625,Buick,Automatic 4-spd,8.0,5.3
14742,Sport Utility Vehicle - 4WD,Regular,4-Wheel or All-Wheel Drive,18.3116666666667,Buick,Automatic 4-spd,6.0,3.5
14743,Standard Pickup Trucks 4WD,Regular,4-Wheel or All-Wheel Drive,21.974,Chevrolet,Automatic 4-spd,5.0,3.7
14744,Sport Utility Vehicle - 4WD,Regular,4-Wheel or All-Wheel Drive,17.3478947368421,Chevrolet,Automatic 5-spd,6.0,3.4
14745,Sport Utility Vehicle - 4WD,Regular,4-Wheel or All-Wheel Drive,20.600625,Chevrolet,Automatic 4-spd,8.0,5.3
14746,Standard Pickup Trucks 4WD,Regular,4-Wheel or All-Wheel Drive,21.974,GMC,Automatic 4-spd,5.0,3.7
14747,Sport Utility Vehicle - 4WD,Regular,4-Wheel or All-Wheel Drive,20.600625,GMC,Automatic 4-spd,8.0,5.3
14748,Midsize-Large Station Wagons,Regular,Rear-Wheel Drive,17.3478947368421,Mercury,Automatic 4-spd,8.0,5.0
14749,Sport Utility Vehicle - 4WD,Regular,4-Wheel or All-Wheel Drive,21.974,Hummer,Automatic 4-spd,5.0,3.7
14750,Sport Utility Vehicle - 4WD,Regular,4-Wheel or All-Wheel Drive,21.974,Hummer,Manual 5-spd,5.0,3.7
14751,Sport Utility Vehicle - 4WD,Premium,4-Wheel or All-Wheel Drive,19.3888235294118,Mercedes-Benz,Automatic 7-spd,6.0,3.5
14752,Sport Utility Vehicle - 4WD,Premium,4-Wheel or All-Wheel Drive,23.5435714285714,Mercedes-Benz,Automatic 7-spd,8.0,5.0
14753,Sport Utility Vehicle - 4WD,Premium,4-Wheel or All-Wheel Drive,27.4675,Mercedes-Benz,Automatic (S7),8.0,6.2
14754,Sport Utility Vehicle - 4WD,Premium,4-Wheel or All-Wheel Drive,20.600625,Mercedes-Benz,Automatic 7-spd,6.0,3.5
14755,Sport Utility Vehicle - 4WD,Premium,4-Wheel or All-Wheel Drive,23.5435714285714,Mercedes-Benz,Automatic 7-spd,8.0,5.0
14756,Sport Utility Vehicle - 4WD,Premium,4-Wheel or All-Wheel Drive,27.4675,Mercedes-Benz,Automatic (S7),8.0,6.2
14757,Sport Utility Vehicle - 4WD,Premium,4-Wheel or All-Wheel Drive,19.3888235294118,Mitsubishi,Automatic (S4),6.0,3.8
14758,Sport Utility Vehicle - 4WD,Regular,4-Wheel or All-Wheel Drive,17.3478947368421,Pontiac,Automatic 5-spd,6.0,3.4
14759,Midsize-Large Station Wagons,Regular,Rear-Wheel Drive,19.3888235294118,Oldsmobile,Automatic 4-spd,8.0,5.0
14760,Sport Utility Vehicle - 4WD,Regular,4-Wheel or All-Wheel Drive,20.600625,Saab,Automatic 4-spd,8.0,5.3
14761,Sport Utility Vehicle - 4WD,Premium,4-Wheel or All-Wheel Drive,15.6957142857143,Subaru,Manual 5-spd,4.0,2.5
14762,Sport Utility Vehicle - 4WD,Premium,4-Wheel or All-Wheel Drive,16.4805,Subaru,Automatic (S5),4.0,2.5
14763,Sport Utility Vehicle - 4WD,Regular,4-Wheel or All-Wheel Drive,17.3478947368421,Suzuki,Automatic 5-spd,6.0,2.7
14764,Sport Utility Vehicle - 4WD,Regular,4-Wheel or All-Wheel Drive,18.3116666666667,Suzuki,Manual 5-spd,6.0,2.7
14765,Sport Utility Vehicle - 4WD,Premium,4-Wheel or All-Wheel Drive,23.5435714285714,Volkswagen,Automatic (S6),8.0,4.2
14766,Sport Utility Vehicle - 4WD,Premium,4-Wheel or All-Wheel Drive,17.3478947368421,Volvo,Automatic (S5),5.0,2.5
14767,Sport Utility Vehicle - 4WD,Premium,4-Wheel or All-Wheel Drive,19.3888235294118,Volvo,Automatic (S5),5.0,2.5
14768,Sport Utility Vehicle - 4WD,Premium,4-Wheel or All-Wheel Drive,19.3888235294118,Volvo,Automatic (S6),6.0,3.2
14769,Sport Utility Vehicle - 4WD,Premium,4-Wheel or All-Wheel Drive,21.974,Volvo,Automatic (S6),8.0,4.4
14770,Midsize-Large Station Wagons,Regular,Rear-Wheel Drive,20.600625,Pontiac,Automatic 4-spd,8.0,5.0
14771,Compact Cars,Premium or E85,Rear-Wheel Drive,17.3478947368421,Mercedes-Benz,Automatic 7-spd,6.0,2.5
14772,Compact Cars,Premium or E85,Rear-Wheel Drive,17.3478947368421,Mercedes-Benz,Manual 6-spd,6.0,2.5
14773,Large Cars,Gasoline or E85,Rear-Wheel Drive,18.3116666666667,Ford,Automatic 4-spd,8.0,4.6
14774,Midsize Cars,Gasoline or E85,Front-Wheel Drive,14.9822727272727,Chevrolet,Automatic 4-spd,6.0,3.5
14775,Large Cars,Gasoline or E85,Front-Wheel Drive,14.9822727272727,Chevrolet,Automatic 4-spd,6.0,3.5
14776,Large Cars,Gasoline or E85,Rear-Wheel Drive,18.3116666666667,Mercury,Automatic 4-spd,8.0,4.6
14777,Large Cars,Gasoline or E85,Rear-Wheel Drive,18.3116666666667,Lincoln,Automatic 4-spd,8.0,4.6
14778,"Vans, Cargo Type",Gasoline or E85,Rear-Wheel Drive,23.5435714285714,GMC,Automatic 4-spd,8.0,5.3
14779,"Vans, Cargo Type",Gasoline or E85,Rear-Wheel Drive,23.5435714285714,Chevrolet,Automatic 4-spd,8.0,5.3
14780,"Vans, Cargo Type",Gasoline or E85,4-Wheel or All-Wheel Drive,23.5435714285714,Chevrolet,Automatic 4-spd,8.0,5.3
14781,Midsize-Large Station Wagons,Regular,Rear-Wheel Drive,19.3888235294118,Pontiac,Automatic 4-spd,8.0,5.0
14782,"Vans, Passenger Type",Gasoline or E85,4-Wheel or All-Wheel Drive,23.5435714285714,Chevrolet,Automatic 4-spd,8.0,5.3
14783,"Vans, Cargo Type",Gasoline or E85,4-Wheel or All-Wheel Drive,21.974,Chevrolet,Automatic 4-spd,8.0,5.3
14784,"Vans, Cargo Type",Gasoline or E85,4-Wheel or All-Wheel Drive,23.5435714285714,GMC,Automatic 4-spd,8.0,5.3
14785,"Vans, Passenger Type",Gasoline or E85,4-Wheel or All-Wheel Drive,23.5435714285714,GMC,Automatic 4-spd,8.0,5.3
14786,"Vans, Cargo Type",Gasoline or E85,4-Wheel or All-Wheel Drive,21.974,GMC,Automatic 4-spd,8.0,5.3
14787,"Vans, Passenger Type",Gasoline or E85,Rear-Wheel Drive,23.5435714285714,Chevrolet,Automatic 4-spd,8.0,5.3
14788,"Vans, Passenger Type",Gasoline or E85,Rear-Wheel Drive,23.5435714285714,GMC,Automatic 4-spd,8.0,5.3
14789,Minivan - 2WD,Gasoline or E85,Front-Wheel Drive,17.3478947368421,Chevrolet,Automatic 4-spd,6.0,3.9
14790,Two Seaters,Premium,Front-Wheel Drive,14.9822727272727,MINI,Manual 6-spd,4.0,1.6
14791,Two Seaters,Premium,Rear-Wheel Drive,15.6957142857143,Pontiac,Automatic 5-spd,4.0,2.4
14792,Small Pickup Trucks,Regular,Rear-Wheel Drive,15.6957142857143,Chevrolet,Automatic 4-spd,4.0,2.5
14793,Subcompact Cars,Premium,Rear-Wheel Drive,20.600625,Roush Performance,Manual 5-spd,8.0,4.6
14794,Standard Pickup Trucks 2WD,Premium,Rear-Wheel Drive,27.4675,Roush Performance,Automatic 4-spd,8.0,5.4
14795,Standard Pickup Trucks 2WD,Premium,Rear-Wheel Drive,27.4675,Roush Performance,Automatic 4-spd,8.0,5.4
14796,Standard Pickup Trucks 2WD,Premium,Rear-Wheel Drive,27.4675,Roush Performance,Automatic 4-spd,8.0,5.4
14797,Standard Pickup Trucks 2WD,Premium,Rear-Wheel Drive,27.4675,Roush Performance,Automatic 4-spd,8.0,5.4
14798,Standard Pickup Trucks 4WD,Premium,4-Wheel or All-Wheel Drive,27.4675,Roush Performance,Automatic 4-spd,8.0,5.4
14799,Standard Pickup Trucks 4WD,Premium,4-Wheel or All-Wheel Drive,27.4675,Roush Performance,Automatic 4-spd,8.0,5.4
14800,Standard Pickup Trucks 4WD,Premium,4-Wheel or All-Wheel Drive,27.4675,Roush Performance,Automatic 4-spd,8.0,5.4
14801,Sport Utility Vehicle - 4WD,Premium,4-Wheel or All-Wheel Drive,27.4675,Mercedes-Benz,Automatic 5-spd,8.0,5.0
14802,Sport Utility Vehicle - 4WD,Premium,4-Wheel or All-Wheel Drive,27.4675,Mercedes-Benz,Automatic 5-spd,8.0,5.4
14803,Small Pickup Trucks,Regular,Rear-Wheel Drive,14.9822727272727,Chevrolet,Manual 4-spd,4.0,2.5
14804,Two Seaters,Premium,Rear-Wheel Drive,21.974,Aston Martin,Manual 6-spd,8.0,4.3
14805,Two Seaters,Premium,Rear-Wheel Drive,15.6957142857143,BMW,Manual 6-spd,6.0,3.0
14806,Two Seaters,Premium,Rear-Wheel Drive,14.9822727272727,BMW,Automatic (S6),6.0,3.0
14807,Two Seaters,Premium,Rear-Wheel Drive,15.6957142857143,BMW,Manual 6-spd,6.0,3.0
14808,Two Seaters,Premium,Rear-Wheel Drive,14.9822727272727,BMW,Automatic (S6),6.0,3.0
14809,Two Seaters,Premium,Rear-Wheel Drive,15.6957142857143,BMW,Manual 6-spd,6.0,3.0
14810,Two Seaters,Premium,Rear-Wheel Drive,14.9822727272727,BMW,Automatic (S6),6.0,3.0
14811,Two Seaters,Premium,Rear-Wheel Drive,19.3888235294118,BMW,Manual 6-spd,6.0,3.2
14812,Two Seaters,Premium,Rear-Wheel Drive,19.3888235294118,BMW,Manual 6-spd,6.0,3.2
14813,Two Seaters,Premium,Rear-Wheel Drive,17.3478947368421,Chevrolet,Manual 6-spd,8.0,6.0
14814,Small Pickup Trucks,Regular,Rear-Wheel Drive,13.73375,Chevrolet,Manual 5-spd,4.0,2.5
14815,Two Seaters,Premium,Rear-Wheel Drive,17.3478947368421,Chevrolet,Automatic (S6),8.0,6.0
14816,Two Seaters,Premium,Rear-Wheel Drive,15.6957142857143,Chrysler,Automatic 5-spd,6.0,3.2
14817,Two Seaters,Premium,Rear-Wheel Drive,18.3116666666667,Chrysler,Manual 6-spd,6.0,3.2
14818,Two Seaters,Premium,Rear-Wheel Drive,15.6957142857143,Chrysler,Automatic 5-spd,6.0,3.2
14819,Two Seaters,Premium,Rear-Wheel Drive,18.3116666666667,Chrysler,Manual 6-spd,6.0,3.2
14820,Two Seaters,Premium,Rear-Wheel Drive,25.3546153846154,Ferrari,Automatic 6-spd,8.0,4.3
14821,Two Seaters,Premium,Rear-Wheel Drive,25.3546153846154,Ferrari,Manual 6-spd,8.0,4.3
14822,Two Seaters,Premium,Rear-Wheel Drive,27.4675,Ferrari,Automatic 6-spd,12.0,5.9
14823,Two Seaters,Premium,Rear-Wheel Drive,29.9645454545455,Ferrari,Manual 6-spd,12.0,5.9
14824,Two Seaters,Premium,Rear-Wheel Drive,16.4805,Honda,Manual 6-spd,4.0,2.2
14825,Small Pickup Trucks,Regular,Rear-Wheel Drive,18.3116666666667,Chevrolet,Automatic 4-spd,6.0,2.8
14826,Two Seaters,Regular,Rear-Wheel Drive,14.9822727272727,Lotus,Manual 6-spd,4.0,1.8
14827,Minicompact Cars,Premium,Rear-Wheel Drive,25.3546153846154,Aston Martin,Automatic (S6),12.0,5.9
14828,Minicompact Cars,Premium,Rear-Wheel Drive,27.4675,Aston Martin,Manual 6-spd,12.0,5.9
14829,Minicompact Cars,Premium,Rear-Wheel Drive,25.3546153846154,Aston Martin,Automatic (S6),12.0,5.9
14830,Minicompact Cars,Premium,Rear-Wheel Drive,27.4675,Aston Martin,Manual 6-spd,12.0,5.9
14831,Minicompact Cars,Premium,Rear-Wheel Drive,17.3478947368421,Lexus,Automatic (S6),8.0,4.3
14832,Minicompact Cars,Premium,Rear-Wheel Drive,18.3116666666667,Porsche,Manual 6-spd,6.0,3.6
14833,Minicompact Cars,Premium,Rear-Wheel Drive,18.3116666666667,Porsche,Manual 6-spd,6.0,3.6
14834,Subcompact Cars,Premium,Rear-Wheel Drive,29.9645454545455,Bentley,Automatic (S6),8.0,6.7
14835,Subcompact Cars,Premium,Rear-Wheel Drive,15.6957142857143,BMW,Manual 6-spd,6.0,3.0
14836,Small Pickup Trucks,Regular,Rear-Wheel Drive,18.3116666666667,Chevrolet,Manual 4-spd,6.0,2.8
14837,Subcompact Cars,Premium,Rear-Wheel Drive,14.9822727272727,BMW,Automatic (S6),6.0,3.0
14838,Subcompact Cars,Premium,4-Wheel or All-Wheel Drive,16.4805,BMW,Manual 6-spd,6.0,3.0
14839,Subcompact Cars,Premium,4-Wheel or All-Wheel Drive,16.4805,BMW,Automatic (S6),6.0,3.0
14840,Subcompact Cars,Premium,Rear-Wheel Drive,16.4805,BMW,Manual 6-spd,6.0,3.0
14841,Subcompact Cars,Premium,Rear-Wheel Drive,15.6957142857143,BMW,Automatic (S6),6.0,3.0
14842,Subcompact Cars,Premium,Rear-Wheel Drive,18.3116666666667,BMW,Manual 6-spd,8.0,4.8
14843,Subcompact Cars,Premium,Rear-Wheel Drive,18.3116666666667,BMW,Automatic (S6),8.0,4.8
14844,Subcompact Cars,Premium,Rear-Wheel Drive,20.600625,BMW,Automatic (S6),8.0,4.8
14845,Subcompact Cars,Premium,Rear-Wheel Drive,21.974,BMW,Automatic (S6),8.0,4.8
14846,Subcompact Cars,Premium,Rear-Wheel Drive,25.3546153846154,BMW,Automatic (S7),10.0,5.0
14847,Subcompact Cars,Regular,Rear-Wheel Drive,12.2077777777778,Toyota,Manual 5-spd,4.0,1.6
14848,Small Pickup Trucks,Regular,Rear-Wheel Drive,18.3116666666667,Chevrolet,Manual 5-spd,6.0,2.8
14849,Subcompact Cars,Premium,Rear-Wheel Drive,25.3546153846154,BMW,Automatic (S7),10.0,5.0
14850,Subcompact Cars,Premium,Front-Wheel Drive,14.3308695652174,Chevrolet,Manual 5-spd,4.0,2.0
14851,Subcompact Cars,Regular,Front-Wheel Drive,11.3658620689655,Honda,Automatic 5-spd,4.0,1.8
14852,Subcompact Cars,Regular,Front-Wheel Drive,11.3658620689655,Honda,Manual 5-spd,4.0,1.8
14853,Subcompact Cars,Premium,Front-Wheel Drive,14.3308695652174,Honda,Manual 6-spd,4.0,2.0
14854,Subcompact Cars,Premium,Rear-Wheel Drive,16.4805,Infiniti,Manual 6-spd,6.0,3.5
14855,Subcompact Cars,Premium,Rear-Wheel Drive,17.3478947368421,Infiniti,Automatic (S5),6.0,3.5
14856,Subcompact Cars,Premium,Rear-Wheel Drive,15.6957142857143,Lexus,Manual 6-spd,6.0,2.5
14857,Subcompact Cars,Premium,Rear-Wheel Drive,13.73375,Lexus,Automatic (S6),6.0,2.5
14858,Subcompact Cars,Premium,4-Wheel or All-Wheel Drive,14.9822727272727,Lexus,Automatic (S6),6.0,2.5
14859,Small Pickup Trucks,Regular,Rear-Wheel Drive,13.1844,Nissan,Manual 5-spd,4.0,2.0
14860,Subcompact Cars,Premium,Rear-Wheel Drive,15.6957142857143,Lexus,Automatic (S6),6.0,3.5
14861,Subcompact Cars,Premium,Front-Wheel Drive,15.6957142857143,Saab,Manual 6-spd,4.0,2.0
14862,Subcompact Cars,Premium,Front-Wheel Drive,15.6957142857143,Saab,Automatic (S5),4.0,2.0
14863,Subcompact Cars,Regular,Front-Wheel Drive,17.3478947368421,Saab,Manual 6-spd,6.0,2.8
14864,Subcompact Cars,Regular,Front-Wheel Drive,18.3116666666667,Saab,Automatic (S6),6.0,2.8
14865,Subcompact Cars,Premium,Front-Wheel Drive,14.9822727272727,Volkswagen,Automatic (S6),6.0,3.2
14866,Compact Cars,Premium,Front-Wheel Drive,14.9822727272727,Acura,Manual 6-spd,4.0,2.4
14867,Compact Cars,Premium,Front-Wheel Drive,14.3308695652174,Acura,Automatic (S5),4.0,2.4
14868,Compact Cars,Premium,Rear-Wheel Drive,15.6957142857143,BMW,Manual 6-spd,6.0,3.0
14869,Compact Cars,Premium,Rear-Wheel Drive,14.9822727272727,BMW,Automatic (S6),6.0,3.0
14870,Small Pickup Trucks,Regular,Rear-Wheel Drive,17.3478947368421,Nissan,Automatic 3-spd,4.0,2.4
14871,Compact Cars,Premium,4-Wheel or All-Wheel Drive,16.4805,BMW,Manual 6-spd,6.0,3.0
14872,Compact Cars,Premium,4-Wheel or All-Wheel Drive,16.4805,BMW,Automatic (S6),6.0,3.0
14873,Compact Cars,Premium,Rear-Wheel Drive,16.4805,BMW,Manual 6-spd,6.0,3.0
14874,Compact Cars,Premium,Rear-Wheel Drive,15.6957142857143,BMW,Automatic (S6),6.0,3.0
14875,Compact Cars,Premium,Front-Wheel Drive,17.3478947368421,Chrysler,Automatic 4-spd,4.0,2.4
14876,Compact Cars,Regular,Front-Wheel Drive,15.6957142857143,Chrysler,Automatic 4-spd,4.0,2.4
14877,Compact Cars,Premium,Front-Wheel Drive,15.6957142857143,Chrysler,Manual 5-spd,4.0,2.4
14878,Compact Cars,Regular,Front-Wheel Drive,14.9822727272727,Chrysler,Manual 5-spd,4.0,2.4
14879,Small Station Wagons,Regular,Front-Wheel Drive,12.6773076923077,Dodge,Manual 5-spd,4.0,1.8
14880,Small Station Wagons,Regular,Front-Wheel Drive,13.73375,Dodge,Automatic (variable gear ratios),4.0,2.0
14881,Small Pickup Trucks,Regular,Rear-Wheel Drive,15.6957142857143,Nissan,Manual 5-spd,4.0,2.4
14882,Small Station Wagons,Regular,Front-Wheel Drive,14.3308695652174,Dodge,Automatic (variable gear ratios),4.0,2.4
14883,Small Station Wagons,Regular,Front-Wheel Drive,13.1844,Dodge,Manual 5-spd,4.0,2.4
14884,Small Station Wagons,Regular,4-Wheel or All-Wheel Drive,14.9822727272727,Dodge,Automatic (variable gear ratios),4.0,2.4
14885,Compact Cars,Regular,Front-Wheel Drive,7.84785714285714,Honda,Automatic (variable gear ratios),4.0,1.3
14886,Compact Cars,Regular,Front-Wheel Drive,11.3658620689655,Kia,Automatic 4-spd,4.0,1.6
14887,Compact Cars,Regular,Front-Wheel Drive,11.3658620689655,Kia,Manual 5-spd,4.0,1.6
14888,Compact Cars,Premium,Rear-Wheel Drive,20.600625,Mercedes-Benz,Automatic 7-spd,8.0,5.5
14889,Compact Cars,Regular,Front-Wheel Drive,13.1844,Mitsubishi,Automatic 4-spd,4.0,2.0
14890,Compact Cars,Regular,Front-Wheel Drive,12.6773076923077,Mitsubishi,Manual 5-spd,4.0,2.0
14891,Small Pickup Trucks,Diesel,Rear-Wheel Drive,14.155,Nissan,Manual 5-spd,4.0,2.5
14892,Compact Cars,Premium,Front-Wheel Drive,14.9822727272727,Saab,Manual 6-spd,4.0,2.0
14893,Compact Cars,Premium,Front-Wheel Drive,14.9822727272727,Saab,Automatic (S5),4.0,2.0
14894,Compact Cars,Regular,Front-Wheel Drive,17.3478947368421,Saab,Manual 6-spd,6.0,2.8
14895,Compact Cars,Regular,Front-Wheel Drive,18.3116666666667,Saab,Automatic (S6),6.0,2.8
14896,Compact Cars,Premium,Front-Wheel Drive,14.3308695652174,Saturn,Manual 5-spd,4.0,2.0
14897,Compact Cars,Regular,Front-Wheel Drive,13.73375,Suzuki,Automatic 4-spd,4.0,2.3
14898,Compact Cars,Regular,Front-Wheel Drive,13.73375,Suzuki,Manual 5-spd,4.0,2.3
14899,Compact Cars,Regular,4-Wheel or All-Wheel Drive,14.3308695652174,Suzuki,Automatic 4-spd,4.0,2.3
14900,Compact Cars,Regular,Front-Wheel Drive,11.3658620689655,Toyota,Automatic 4-spd,4.0,1.8
14901,Compact Cars,Regular,Front-Wheel Drive,10.6325806451613,Toyota,Manual 5-spd,4.0,1.8
14902,Small Pickup Trucks,Regular,Rear-Wheel Drive,16.4805,Nissan,Automatic 4-spd,4.0,2.4
14903,Midsize Cars,Premium,4-Wheel or All-Wheel Drive,17.3478947368421,Acura,Automatic (S5),6.0,3.5
14904,Midsize Cars,Premium,Front-Wheel Drive,15.6957142857143,Acura,Automatic (S5),6.0,3.2
14905,Midsize Cars,Premium,Front-Wheel Drive,15.6957142857143,Acura,Manual 6-spd,6.0,3.5
14906,Midsize Cars,Premium,Front-Wheel Drive,16.4805,Acura,Automatic (S5),6.0,3.5
14907,Midsize Cars,Premium,4-Wheel or All-Wheel Drive,20.600625,Audi,Automatic (S6),10.0,5.2
14908,Midsize Cars,Premium,4-Wheel or All-Wheel Drive,21.974,Audi,Automatic (S6),10.0,5.2
14909,Midsize Cars,Premium,Rear-Wheel Drive,29.9645454545455,Bentley,Automatic (S6),8.0,6.7
14910,Midsize Cars,Premium,Rear-Wheel Drive,25.3546153846154,BMW,Manual 6-spd,10.0,5.0
14911,Midsize Cars,Premium,Rear-Wheel Drive,25.3546153846154,BMW,Automatic (S7),10.0,5.0
14912,Midsize Cars,Premium,4-Wheel or All-Wheel Drive,20.600625,Cadillac,Automatic (S6),8.0,4.6
14913,Small Pickup Trucks,Regular,Rear-Wheel Drive,16.4805,Nissan,Manual 5-spd,4.0,2.4
14914,Midsize Cars,Regular,Front-Wheel Drive,13.73375,Chrysler,Automatic 4-spd,4.0,2.4
14915,Midsize Cars,Premium,Rear-Wheel Drive,29.9645454545455,Ferrari,Automatic 6-spd,12.0,5.7
14916,Midsize Cars,Premium,Rear-Wheel Drive,27.4675,Ferrari,Manual 6-spd,12.0,5.7
14917,Midsize Cars,Regular,Front-Wheel Drive,14.3308695652174,Ford,Automatic 5-spd,4.0,2.3
14918,Midsize Cars,Regular,Front-Wheel Drive,14.3308695652174,Ford,Manual 5-spd,4.0,2.3
14919,Midsize Cars,Regular,Front-Wheel Drive,15.6957142857143,Ford,Automatic 6-spd,6.0,3.0
14920,Midsize Cars,Regular,4-Wheel or All-Wheel Drive,17.3478947368421,Ford,Automatic 6-spd,6.0,3.0
14921,Midsize Cars,Regular,Front-Wheel Drive,13.1844,Honda,Automatic 5-spd,4.0,2.4
14922,Midsize Cars,Regular,Front-Wheel Drive,12.6773076923077,Honda,Manual 5-spd,4.0,2.4
14923,Midsize Cars,Regular,Front-Wheel Drive,15.6957142857143,Honda,Automatic 5-spd,6.0,3.0
14924,Small Pickup Trucks,Regular,Rear-Wheel Drive,18.3116666666667,Nissan,Automatic 4-spd,6.0,3.0
14925,Midsize Cars,Regular,Front-Wheel Drive,15.6957142857143,Honda,Manual 6-spd,6.0,3.0
14926,Midsize Cars,Regular,Front-Wheel Drive,12.2077777777778,Honda,Automatic 5-spd,6.0,3.0
14927,Midsize Cars,Regular,Front-Wheel Drive,11.7717857142857,Hyundai,Automatic 4-spd,4.0,2.0
14928,Midsize Cars,Regular,Front-Wheel Drive,12.2077777777778,Hyundai,Manual 5-spd,4.0,2.0
14929,Midsize Cars,Premium,Rear-Wheel Drive,16.4805,Infiniti,Manual 6-spd,6.0,3.5
14930,Midsize Cars,Premium,Rear-Wheel Drive,16.4805,Infiniti,Automatic (S5),6.0,3.5
14931,Midsize Cars,Premium,4-Wheel or All-Wheel Drive,17.3478947368421,Infiniti,Automatic (S5),6.0,3.5
14932,Midsize Cars,Regular,Front-Wheel Drive,13.1844,Kia,Automatic 5-spd,4.0,2.4
14933,Midsize Cars,Regular,Front-Wheel Drive,13.1844,Kia,Manual 5-spd,4.0,2.4
14934,Midsize Cars,Regular,Front-Wheel Drive,14.3308695652174,Kia,Automatic 5-spd,6.0,2.7
14935,Small Pickup Trucks,Regular,Rear-Wheel Drive,18.3116666666667,Nissan,Manual 5-spd,6.0,3.0
14936,Midsize Cars,Premium,Rear-Wheel Drive,14.9822727272727,Lexus,Automatic (S6),6.0,3.5
14937,Midsize Cars,Premium,4-Wheel or All-Wheel Drive,16.4805,Lexus,Automatic (S6),6.0,3.5
14938,Midsize Cars,Premium,Rear-Wheel Drive,17.3478947368421,Lexus,Automatic (S6),8.0,4.3
14939,Midsize Cars,Premium,Rear-Wheel Drive,16.4805,Lexus,Automatic (S8),8.0,4.6
14940,Midsize Cars,Premium,Rear-Wheel Drive,17.3478947368421,Lexus,Automatic (S8),8.0,4.6
14941,Midsize Cars,Regular,Front-Wheel Drive,14.3308695652174,Mercury,Automatic 5-spd,4.0,2.3
14942,Midsize Cars,Regular,Front-Wheel Drive,14.3308695652174,Mercury,Manual 5-spd,4.0,2.3
14943,Midsize Cars,Regular,Front-Wheel Drive,15.6957142857143,Mercury,Automatic 6-spd,6.0,3.0
14944,Midsize Cars,Regular,4-Wheel or All-Wheel Drive,17.3478947368421,Mercury,Automatic 6-spd,6.0,3.0
14945,Midsize Cars,Regular,4-Wheel or All-Wheel Drive,17.3478947368421,Lincoln,Automatic 6-spd,6.0,3.5
14946,Small Pickup Trucks,Regular,Rear-Wheel Drive,15.6957142857143,Dodge,Automatic 3-spd,4.0,2.0
14947,Midsize Cars,Regular,Front-Wheel Drive,16.4805,Lincoln,Automatic 6-spd,6.0,3.5
14948,Midsize Cars,Regular,Front-Wheel Drive,12.6773076923077,Nissan,Automatic (variable gear ratios),4.0,2.5
14949,Midsize Cars,Regular,Front-Wheel Drive,12.6773076923077,Nissan,Manual 6-spd,4.0,2.5
14950,Midsize Cars,Premium,Front-Wheel Drive,14.9822727272727,Nissan,Automatic (variable gear ratios),6.0,3.5
14951,Midsize Cars,Premium,Front-Wheel Drive,14.9822727272727,Nissan,Manual 6-spd,6.0,3.5
14952,Midsize Cars,Regular,Front-Wheel Drive,11.7717857142857,Nissan,Automatic (variable gear ratios),4.0,2.0
14953,Midsize Cars,Regular,Front-Wheel Drive,12.2077777777778,Nissan,Manual 6-spd,4.0,2.0
14954,Midsize Cars,Premium,Front-Wheel Drive,15.6957142857143,Saab,Manual 5-spd,4.0,2.3
14955,Midsize Cars,Premium,Front-Wheel Drive,16.4805,Saab,Automatic (S5),4.0,2.3
14956,Midsize Cars,Regular,Front-Wheel Drive,7.1654347826087,Toyota,Automatic (variable gear ratios),4.0,1.5
14957,Subcompact Cars,Regular,Rear-Wheel Drive,13.73375,Toyota,Manual 5-spd,4.0,1.6
14958,Small Pickup Trucks,Regular,Rear-Wheel Drive,14.9822727272727,Dodge,Manual 5-spd,4.0,2.0
14959,Large Cars,Premium,4-Wheel or All-Wheel Drive,21.974,Audi,Automatic (S6),12.0,6.0
14960,Large Cars,Premium,Rear-Wheel Drive,29.9645454545455,Bentley,Automatic (S6),8.0,6.7
14961,Large Cars,Regular,4-Wheel or All-Wheel Drive,18.3116666666667,Chrysler,Automatic 5-spd,6.0,3.5
14962,Large Cars,Regular,4-Wheel or All-Wheel Drive,18.3116666666667,Chrysler,Automatic 5-spd,8.0,5.7
14963,Large Cars,Regular,Rear-Wheel Drive,15.6957142857143,Chrysler,Automatic 4-spd,6.0,2.7
14964,Large Cars,Regular,Rear-Wheel Drive,16.4805,Chrysler,Automatic 5-spd,6.0,3.5
14965,Large Cars,Regular,Rear-Wheel Drive,18.3116666666667,Chrysler,Automatic 5-spd,8.0,5.7
14966,Large Cars,Premium,Rear-Wheel Drive,21.974,Chrysler,Automatic 5-spd,8.0,6.1
14967,Large Cars,Regular,Rear-Wheel Drive,15.6957142857143,Dodge,Automatic 4-spd,6.0,2.7
14968,Large Cars,Regular,Rear-Wheel Drive,16.4805,Dodge,Automatic 5-spd,6.0,3.5
14969,Small Pickup Trucks,Regular,Rear-Wheel Drive,17.3478947368421,Dodge,Automatic 3-spd,4.0,2.6
14970,Large Cars,Regular,Rear-Wheel Drive,18.3116666666667,Dodge,Automatic 5-spd,8.0,5.7
14971,Large Cars,Premium,Rear-Wheel Drive,21.974,Dodge,Automatic 5-spd,8.0,6.1
14972,Large Cars,Regular,4-Wheel or All-Wheel Drive,18.3116666666667,Dodge,Automatic 5-spd,6.0,3.5
14973,Large Cars,Regular,4-Wheel or All-Wheel Drive,18.3116666666667,Dodge,Automatic 5-spd,8.0,5.7
14974,Large Cars,Regular,Front-Wheel Drive,17.3478947368421,Kia,Automatic 5-spd,6.0,3.8
14975,Large Cars,Premium,Rear-Wheel Drive,25.3546153846154,Maserati,Automatic 6-spd,8.0,4.2
14976,Large Cars,Regular,Front-Wheel Drive,14.3308695652174,Toyota,Automatic (S5),6.0,3.5
14977,Small Station Wagons,Premium,4-Wheel or All-Wheel Drive,15.6957142857143,Audi,Automatic (S6),6.0,3.2
14978,Small Station Wagons,Premium,Rear-Wheel Drive,15.6957142857143,BMW,Automatic (S6),6.0,3.0
14979,Small Station Wagons,Premium,4-Wheel or All-Wheel Drive,16.4805,BMW,Manual 6-spd,6.0,3.0
14980,Small Pickup Trucks,Regular,Rear-Wheel Drive,16.4805,Dodge,Manual 5-spd,4.0,2.6
14981,Small Station Wagons,Premium,4-Wheel or All-Wheel Drive,16.4805,BMW,Automatic (S6),6.0,3.0
14982,Small Station Wagons,Regular,Front-Wheel Drive,12.2077777777778,Pontiac,Automatic 4-spd,4.0,1.8
14983,Small Station Wagons,Regular,Front-Wheel Drive,11.3658620689655,Pontiac,Manual 5-spd,4.0,1.8
14984,Small Station Wagons,Premium,Front-Wheel Drive,14.9822727272727,Saab,Manual 6-spd,4.0,2.0
14985,Small Station Wagons,Premium,Front-Wheel Drive,15.6957142857143,Saab,Automatic (S5),4.0,2.0
14986,Small Station Wagons,Regular,Front-Wheel Drive,17.3478947368421,Saab,Manual 6-spd,6.0,2.8
14987,Small Station Wagons,Regular,Front-Wheel Drive,18.3116666666667,Saab,Automatic (S6),6.0,2.8
14988,Small Station Wagons,Regular,Front-Wheel Drive,12.2077777777778,Toyota,Automatic 4-spd,4.0,1.8
14989,Small Station Wagons,Regular,Front-Wheel Drive,11.3658620689655,Toyota,Manual 5-spd,4.0,1.8
14990,Midsize Station Wagons,Premium,Front-Wheel Drive,15.6957142857143,Saab,Manual 5-spd,4.0,2.3
14991,Small Pickup Trucks,Regular,Rear-Wheel Drive,15.6957142857143,Ford,Manual 5-spd,4.0,2.0
14992,Midsize Station Wagons,Premium,Front-Wheel Drive,16.4805,Saab,Automatic (S5),4.0,2.3
14993,Standard Pickup Trucks 2WD,Regular,Rear-Wheel Drive,19.3888235294118,Chevrolet,Automatic 4-spd,6.0,4.3
14994,Standard Pickup Trucks 2WD,Regular,Rear-Wheel Drive,20.600625,Chevrolet,Automatic 4-spd,8.0,4.8
14995,Standard Pickup Trucks 2WD,Regular,Rear-Wheel Drive,19.3888235294118,Chevrolet,Automatic 4-spd,8.0,5.3
14996,Standard Pickup Trucks 2WD,Regular,Rear-Wheel Drive,21.974,Chevrolet,Automatic 4-spd,8.0,6.0
14997,Standard Pickup Trucks 2WD,Regular,Rear-Wheel Drive,19.3888235294118,Dodge,Automatic 4-spd,6.0,3.7
14998,Standard Pickup Trucks 2WD,Regular,Rear-Wheel Drive,20.600625,Dodge,Manual 6-spd,6.0,3.7
14999,Standard Pickup Trucks 2WD,Regular,Rear-Wheel Drive,21.974,Dodge,Automatic 5-spd,8.0,4.7
15000,Standard Pickup Trucks 2WD,Regular,Rear-Wheel Drive,21.974,Dodge,Manual 6-spd,8.0,4.7
15001,Standard Pickup Trucks 2WD,Regular,Rear-Wheel Drive,20.600625,Dodge,Automatic 4-spd,6.0,3.7
15002,Small Pickup Trucks,Regular,Rear-Wheel Drive,14.9822727272727,Ford,Manual 5-spd,4.0,2.0
15003,Standard Pickup Trucks 2WD,Regular,Rear-Wheel Drive,20.600625,Dodge,Manual 6-spd,6.0,3.7
15004,Standard Pickup Trucks 2WD,Regular,Rear-Wheel Drive,23.5435714285714,Dodge,Manual 6-spd,8.0,4.7
15005,Standard Pickup Trucks 2WD,Regular,Rear-Wheel Drive,21.974,Dodge,Automatic 5-spd,8.0,5.7
15006,Standard Pickup Trucks 2WD,Regular,Rear-Wheel Drive,20.600625,Ford,Automatic 4-spd,6.0,4.2
15007,Standard Pickup Trucks 2WD,Regular,Rear-Wheel Drive,20.600625,Ford,Manual 5-spd,6.0,4.2
15008,Standard Pickup Trucks 2WD,Regular,Rear-Wheel Drive,21.974,Ford,Automatic 4-spd,8.0,4.6
15009,Standard Pickup Trucks 2WD,Regular,Rear-Wheel Drive,21.974,Ford,Automatic 4-spd,8.0,5.4
15010,Standard Pickup Trucks 2WD,Regular,Rear-Wheel Drive,19.3888235294118,GMC,Automatic 4-spd,6.0,4.3
15011,Standard Pickup Trucks 2WD,Regular,Rear-Wheel Drive,20.600625,GMC,Automatic 4-spd,8.0,4.8
15012,Standard Pickup Trucks 2WD,Regular,Rear-Wheel Drive,19.3888235294118,GMC,Automatic 4-spd,8.0,5.3
15013,Small Pickup Trucks,Regular,Rear-Wheel Drive,15.6957142857143,Ford,Automatic 4-spd,4.0,2.3
15014,Standard Pickup Trucks 2WD,Regular,Rear-Wheel Drive,21.974,GMC,Automatic 4-spd,8.0,6.0
15015,Standard Pickup Trucks 2WD,Regular,Rear-Wheel Drive,23.5435714285714,Lincoln,Automatic 4-spd,8.0,5.4
15016,Standard Pickup Trucks 2WD,Regular,Rear-Wheel Drive,19.3888235294118,Mitsubishi,Automatic 4-spd,6.0,3.7
15017,Standard Pickup Trucks 2WD,Regular,Rear-Wheel Drive,20.600625,Mitsubishi,Manual 6-spd,6.0,3.7
15018,Standard Pickup Trucks 2WD,Regular,Rear-Wheel Drive,21.974,Mitsubishi,Automatic 5-spd,8.0,4.7
15019,Standard Pickup Trucks 2WD,Regular,Rear-Wheel Drive,21.974,Mitsubishi,Manual 6-spd,8.0,4.7
15020,Standard Pickup Trucks 2WD,Regular,Rear-Wheel Drive,17.3478947368421,Nissan,Automatic 5-spd,4.0,2.5
15021,Standard Pickup Trucks 2WD,Regular,Rear-Wheel Drive,15.6957142857143,Nissan,Manual 5-spd,4.0,2.5
15022,Standard Pickup Trucks 2WD,Regular,Rear-Wheel Drive,19.3888235294118,Nissan,Automatic 5-spd,6.0,4.0
15023,Standard Pickup Trucks 2WD,Regular,Rear-Wheel Drive,19.3888235294118,Nissan,Manual 6-spd,6.0,4.0
15024,Small Pickup Trucks,Diesel,Rear-Wheel Drive,14.155,Ford,Manual 5-spd,4.0,2.3
15025,Standard Pickup Trucks 2WD,Regular,Rear-Wheel Drive,23.5435714285714,Nissan,Automatic 5-spd,8.0,5.6
15026,Standard Pickup Trucks 2WD,Regular,Rear-Wheel Drive,15.6957142857143,Toyota,Automatic 4-spd,4.0,2.7
15027,Standard Pickup Trucks 2WD,Regular,Rear-Wheel Drive,14.9822727272727,Toyota,Manual 5-spd,4.0,2.7
15028,Standard Pickup Trucks 2WD,Regular,Rear-Wheel Drive,18.3116666666667,Toyota,Automatic 5-spd,6.0,4.0
15029,Standard Pickup Trucks 2WD,Regular,Rear-Wheel Drive,19.3888235294118,Toyota,Manual 6-spd,6.0,4.0
15030,Standard Pickup Trucks 2WD,Regular,Rear-Wheel Drive,19.3888235294118,Toyota,Automatic (S5),6.0,4.0
15031,Standard Pickup Trucks 2WD,Regular,Rear-Wheel Drive,21.974,Toyota,Automatic (S5),8.0,4.7
15032,Standard Pickup Trucks 4WD,Regular,4-Wheel or All-Wheel Drive,20.600625,Chevrolet,Automatic 4-spd,6.0,4.3
15033,Standard Pickup Trucks 4WD,Regular,4-Wheel or All-Wheel Drive,21.974,Chevrolet,Automatic 4-spd,8.0,4.8
15034,Standard Pickup Trucks 4WD,Regular,4-Wheel or All-Wheel Drive,20.600625,Chevrolet,Automatic 4-spd,8.0,5.3
15035,Small Pickup Trucks,Regular,Rear-Wheel Drive,13.73375,Ford,Manual 5-spd,4.0,2.3
15036,Standard Pickup Trucks 4WD,Regular,4-Wheel or All-Wheel Drive,21.974,Chevrolet,Automatic 4-spd,8.0,6.0
15037,Standard Pickup Trucks 4WD,Regular,4-Wheel or All-Wheel Drive,21.974,Dodge,Automatic 4-spd,6.0,3.7
15038,Standard Pickup Trucks 4WD,Regular,4-Wheel or All-Wheel Drive,20.600625,Dodge,Manual 6-spd,6.0,3.7
15039,Standard Pickup Trucks 4WD,Regular,4-Wheel or All-Wheel Drive,21.974,Dodge,Automatic 5-spd,8.0,4.7
15040,Standard Pickup Trucks 4WD,Regular,4-Wheel or All-Wheel Drive,21.974,Dodge,Manual 6-spd,8.0,4.7
15041,Standard Pickup Trucks 4WD,Regular,4-Wheel or All-Wheel Drive,23.5435714285714,Dodge,Manual 6-spd,8.0,4.7
15042,Standard Pickup Trucks 4WD,Regular,4-Wheel or All-Wheel Drive,23.5435714285714,Dodge,Automatic 5-spd,8.0,5.7
15043,Standard Pickup Trucks 4WD,Regular,4-Wheel or All-Wheel Drive,21.974,Ford,Automatic 4-spd,8.0,4.6
15044,Standard Pickup Trucks 4WD,Regular,4-Wheel or All-Wheel Drive,23.5435714285714,Ford,Automatic 4-spd,8.0,5.4
15045,Small Pickup Trucks,Regular,Rear-Wheel Drive,18.3116666666667,Ford,Automatic 4-spd,6.0,2.9
15046,Standard Pickup Trucks 4WD,Regular,4-Wheel or All-Wheel Drive,20.600625,GMC,Automatic 4-spd,6.0,4.3
15047,Standard Pickup Trucks 4WD,Regular,4-Wheel or All-Wheel Drive,21.974,GMC,Automatic 4-spd,8.0,4.8
15048,Standard Pickup Trucks 4WD,Regular,4-Wheel or All-Wheel Drive,20.600625,GMC,Automatic 4-spd,8.0,5.3
15049,Standard Pickup Trucks 4WD,Regular,4-Wheel or All-Wheel Drive,21.974,GMC,Automatic 4-spd,8.0,6.0
15050,Standard Pickup Trucks 4WD,Regular,4-Wheel or All-Wheel Drive,23.5435714285714,Lincoln,Automatic 4-spd,8.0,5.4
15051,Standard Pickup Trucks 4WD,Regular,4-Wheel or All-Wheel Drive,21.974,Mitsubishi,Automatic 4-spd,6.0,3.7
15052,Standard Pickup Trucks 4WD,Regular,4-Wheel or All-Wheel Drive,20.600625,Mitsubishi,Manual 6-spd,6.0,3.7
15053,Standard Pickup Trucks 4WD,Regular,4-Wheel or All-Wheel Drive,21.974,Mitsubishi,Automatic 5-spd,8.0,4.7
15054,Standard Pickup Trucks 4WD,Regular,4-Wheel or All-Wheel Drive,21.974,Mitsubishi,Manual 6-spd,8.0,4.7
15055,Standard Pickup Trucks 4WD,Regular,4-Wheel or All-Wheel Drive,20.600625,Nissan,Automatic 5-spd,6.0,4.0
15056,Small Pickup Trucks,Regular,Rear-Wheel Drive,17.3478947368421,Ford,Manual 5-spd,6.0,2.9
15057,Standard Pickup Trucks 4WD,Regular,4-Wheel or All-Wheel Drive,19.3888235294118,Nissan,Manual 6-spd,6.0,4.0
15058,Standard Pickup Trucks 4WD,Regular,4-Wheel or All-Wheel Drive,23.5435714285714,Nissan,Automatic 5-spd,8.0,5.6
15059,Standard Pickup Trucks 4WD,Regular,4-Wheel or All-Wheel Drive,17.3478947368421,Toyota,Manual 5-spd,4.0,2.7
15060,Standard Pickup Trucks 4WD,Regular,4-Wheel or All-Wheel Drive,19.3888235294118,Toyota,Automatic 5-spd,6.0,4.0
15061,Standard Pickup Trucks 4WD,Regular,4-Wheel or All-Wheel Drive,20.600625,Toyota,Manual 6-spd,6.0,4.0
15062,Standard Pickup Trucks 4WD,Regular,4-Wheel or All-Wheel Drive,21.974,Toyota,Automatic (S5),8.0,4.7
15063,Minivan - 2WD,Regular,Front-Wheel Drive,17.3478947368421,Chrysler,Automatic 4-spd,6.0,3.3
15064,Minivan - 2WD,Regular,Front-Wheel Drive,18.3116666666667,Chrysler,Automatic 4-spd,6.0,3.8
15065,Minivan - 2WD,Regular,Front-Wheel Drive,16.4805,Dodge,Automatic 4-spd,4.0,2.4
15066,Minivan - 2WD,Regular,Front-Wheel Drive,16.4805,Dodge,Automatic 4-spd,6.0,3.3
15067,Subcompact Cars,Regular,Front-Wheel Drive,12.2077777777778,Toyota,Automatic 3-spd,4.0,1.5
15068,Small Pickup Trucks,Regular,Rear-Wheel Drive,15.6957142857143,GMC,Automatic 4-spd,4.0,2.5
15069,Minivan - 2WD,Regular,Front-Wheel Drive,18.3116666666667,Dodge,Automatic 4-spd,6.0,3.8
15070,Minivan - 2WD,Regular,Front-Wheel Drive,18.3116666666667,Honda,Automatic 5-spd,6.0,3.5
15071,Minivan - 2WD,Regular,Front-Wheel Drive,17.3478947368421,Honda,Automatic 5-spd,6.0,3.5
15072,Sport Utility Vehicle - 2WD,Premium,Rear-Wheel Drive,23.5435714285714,Cadillac,Automatic 6-spd,8.0,6.2
15073,Sport Utility Vehicle - 2WD,Regular,Rear-Wheel Drive,19.3888235294118,Cadillac,Automatic (S5),6.0,3.6
15074,Sport Utility Vehicle - 2WD,Premium,Rear-Wheel Drive,20.600625,Cadillac,Automatic (S6),8.0,4.6
15075,Sport Utility Vehicle - 2WD,Regular,Rear-Wheel Drive,21.974,Chevrolet,Automatic 4-spd,8.0,6.0
15076,Sport Utility Vehicle - 2WD,Regular,Rear-Wheel Drive,21.974,Chevrolet,Automatic 4-spd,8.0,6.0
15077,Sport Utility Vehicle - 2WD,Regular,Rear-Wheel Drive,20.600625,Chevrolet,Automatic 4-spd,8.0,4.8
15078,Sport Utility Vehicle - 2WD,Regular,Rear-Wheel Drive,21.974,Chrysler,Automatic 5-spd,8.0,5.7
15079,Small Pickup Trucks,Regular,Rear-Wheel Drive,14.9822727272727,GMC,Manual 4-spd,4.0,2.5
15080,Sport Utility Vehicle - 2WD,Regular,Front-Wheel Drive,18.3116666666667,Chrysler,Automatic 4-spd,6.0,3.8
15081,Sport Utility Vehicle - 2WD,Regular,Front-Wheel Drive,19.3888235294118,Chrysler,Automatic 6-spd,6.0,4.0
15082,Sport Utility Vehicle - 2WD,Premium,Front-Wheel Drive,17.3478947368421,Chrysler,Automatic 4-spd,4.0,2.4
15083,Sport Utility Vehicle - 2WD,Regular,Front-Wheel Drive,15.6957142857143,Chrysler,Automatic 4-spd,4.0,2.4
15084,Sport Utility Vehicle - 2WD,Premium,Front-Wheel Drive,15.6957142857143,Chrysler,Manual 5-spd,4.0,2.4
15085,Sport Utility Vehicle - 2WD,Regular,Front-Wheel Drive,14.9822727272727,Chrysler,Manual 5-spd,4.0,2.4
15086,Sport Utility Vehicle - 2WD,Regular,Rear-Wheel Drive,20.600625,Dodge,Automatic 4-spd,6.0,3.7
15087,Sport Utility Vehicle - 2WD,Regular,Rear-Wheel Drive,21.974,Dodge,Automatic 5-spd,8.0,5.7
15088,Sport Utility Vehicle - 2WD,Regular,Rear-Wheel Drive,15.6957142857143,Dodge,Automatic 4-spd,6.0,2.7
15089,Sport Utility Vehicle - 2WD,Regular,Rear-Wheel Drive,16.4805,Dodge,Automatic 5-spd,6.0,3.5
15090,Small Pickup Trucks,Regular,Rear-Wheel Drive,13.73375,GMC,Manual 5-spd,4.0,2.5
15091,Sport Utility Vehicle - 2WD,Regular,Rear-Wheel Drive,18.3116666666667,Dodge,Automatic 5-spd,8.0,5.7
15092,Sport Utility Vehicle - 2WD,Premium,Rear-Wheel Drive,21.974,Dodge,Automatic 5-spd,8.0,6.1
15093,Sport Utility Vehicle - 2WD,Regular,Rear-Wheel Drive,18.3116666666667,Dodge,Automatic 4-spd,6.0,3.7
15094,Sport Utility Vehicle - 2WD,Regular,Rear-Wheel Drive,17.3478947368421,Dodge,Manual 6-spd,6.0,3.7
15095,Sport Utility Vehicle - 2WD,Regular,Rear-Wheel Drive,21.974,Ford,Automatic 6-spd,8.0,5.4
15096,Sport Utility Vehicle - 2WD,Regular,Rear-Wheel Drive,20.600625,Ford,Automatic 5-spd,6.0,4.0
15097,Sport Utility Vehicle - 2WD,Regular,Rear-Wheel Drive,20.600625,Ford,Automatic 6-spd,8.0,4.6
15098,Sport Utility Vehicle - 2WD,Regular,Rear-Wheel Drive,20.600625,GMC,Automatic 4-spd,8.0,4.8
15099,Sport Utility Vehicle - 2WD,Regular,Rear-Wheel Drive,21.974,GMC,Automatic 4-spd,8.0,6.0
15100,Sport Utility Vehicle - 2WD,Regular,Front-Wheel Drive,14.3308695652174,Honda,Automatic 5-spd,4.0,2.4
15101,Small Pickup Trucks,Regular,Rear-Wheel Drive,18.3116666666667,GMC,Automatic 4-spd,6.0,2.8
15102,Sport Utility Vehicle - 2WD,Regular,Front-Wheel Drive,14.9822727272727,Honda,Automatic 5-spd,4.0,2.4
15103,Sport Utility Vehicle - 2WD,Regular,Front-Wheel Drive,16.4805,Honda,Manual 5-spd,4.0,2.4
15104,Sport Utility Vehicle - 2WD,Regular,Front-Wheel Drive,18.3116666666667,Honda,Automatic 5-spd,6.0,3.5
15105,Sport Utility Vehicle - 2WD,Regular,Front-Wheel Drive,14.9822727272727,Hyundai,Automatic 4-spd,4.0,2.0
15106,Sport Utility Vehicle - 2WD,Regular,Front-Wheel Drive,14.9822727272727,Hyundai,Manual 5-spd,4.0,2.0
15107,Sport Utility Vehicle - 2WD,Regular,Front-Wheel Drive,16.4805,Hyundai,Automatic 4-spd,6.0,2.7
15108,Sport Utility Vehicle - 2WD,Premium,Rear-Wheel Drive,18.3116666666667,Infiniti,Automatic (S5),6.0,3.5
15109,Sport Utility Vehicle - 2WD,Premium,Rear-Wheel Drive,23.5435714285714,Infiniti,Automatic 5-spd,8.0,5.6
15110,Sport Utility Vehicle - 2WD,Regular,Rear-Wheel Drive,20.600625,Jeep,Automatic 5-spd,6.0,3.7
15111,Sport Utility Vehicle - 2WD,Regular,Rear-Wheel Drive,21.974,Jeep,Automatic 5-spd,8.0,5.7
15112,Small Pickup Trucks,Regular,Rear-Wheel Drive,18.3116666666667,GMC,Manual 4-spd,6.0,2.8
15113,Sport Utility Vehicle - 2WD,Regular,Front-Wheel Drive,14.3308695652174,Jeep,Automatic (variable gear ratios),4.0,2.4
15114,Sport Utility Vehicle - 2WD,Regular,Rear-Wheel Drive,19.3888235294118,Jeep,Automatic 5-spd,6.0,3.7
15115,Sport Utility Vehicle - 2WD,Regular,Rear-Wheel Drive,21.974,Jeep,Automatic 5-spd,8.0,5.7
15116,Sport Utility Vehicle - 2WD,Regular,Rear-Wheel Drive,19.3888235294118,Jeep,Automatic 4-spd,6.0,3.7
15117,Sport Utility Vehicle - 2WD,Regular,Rear-Wheel Drive,19.3888235294118,Jeep,Manual 6-spd,6.0,3.7
15118,Sport Utility Vehicle - 2WD,Regular,Rear-Wheel Drive,19.3888235294118,Jeep,Automatic 4-spd,6.0,3.8
15119,Sport Utility Vehicle - 2WD,Regular,Rear-Wheel Drive,18.3116666666667,Jeep,Manual 6-spd,6.0,3.8
15120,Sport Utility Vehicle - 2WD,Regular,Rear-Wheel Drive,19.3888235294118,Kia,Automatic 5-spd,6.0,3.8
15121,Sport Utility Vehicle - 2WD,Regular,Front-Wheel Drive,15.6957142857143,Kia,Automatic 4-spd,4.0,2.0
15122,Sport Utility Vehicle - 2WD,Regular,Front-Wheel Drive,14.9822727272727,Kia,Manual 5-spd,4.0,2.0
15123,Small Pickup Trucks,Regular,Rear-Wheel Drive,18.3116666666667,GMC,Manual 5-spd,6.0,2.8
15124,Sport Utility Vehicle - 2WD,Regular,Front-Wheel Drive,16.4805,Kia,Automatic 4-spd,6.0,2.7
15125,Sport Utility Vehicle - 2WD,Premium,Front-Wheel Drive,12.6773076923077,Lexus,Automatic (variable gear ratios),6.0,3.3
15126,Sport Utility Vehicle - 2WD,Regular,Rear-Wheel Drive,23.5435714285714,Lincoln,Automatic 6-spd,8.0,5.4
15127,Sport Utility Vehicle - 2WD,Regular,Rear-Wheel Drive,21.974,Mercury,Automatic 5-spd,6.0,4.0
15128,Sport Utility Vehicle - 2WD,Regular,Rear-Wheel Drive,20.600625,Mercury,Automatic 6-spd,8.0,4.6
15129,Sport Utility Vehicle - 2WD,Regular,Front-Wheel Drive,16.4805,Mitsubishi,Automatic (S6),6.0,3.0
15130,Sport Utility Vehicle - 2WD,Regular,Rear-Wheel Drive,23.5435714285714,Nissan,Automatic 5-spd,8.0,5.6
15131,Sport Utility Vehicle - 2WD,Premium,Front-Wheel Drive,16.4805,Nissan,Automatic (variable gear ratios),6.0,3.5
15132,Sport Utility Vehicle - 2WD,Premium,Rear-Wheel Drive,19.3888235294118,Nissan,Automatic 5-spd,6.0,4.0
15133,Sport Utility Vehicle - 2WD,Regular,Rear-Wheel Drive,19.3888235294118,Nissan,Automatic 5-spd,6.0,4.0
15134,Small Pickup Trucks,Regular,Rear-Wheel Drive,14.3308695652174,Isuzu,Manual 4-spd,4.0,1.9
15135,Sport Utility Vehicle - 2WD,Regular,Rear-Wheel Drive,19.3888235294118,Nissan,Manual 6-spd,6.0,4.0
15136,Sport Utility Vehicle - 2WD,Regular,Front-Wheel Drive,16.4805,Saturn,Automatic 5-spd,6.0,3.5
15137,Sport Utility Vehicle - 2WD,Regular,Front-Wheel Drive,18.3116666666667,Suzuki,Automatic (S5),6.0,3.6
15138,Sport Utility Vehicle - 2WD,Regular,Rear-Wheel Drive,18.3116666666667,Toyota,Automatic 5-spd,6.0,4.0
15139,Sport Utility Vehicle - 2WD,Regular,Rear-Wheel Drive,19.3888235294118,Toyota,Automatic 5-spd,8.0,4.7
15140,Sport Utility Vehicle - 2WD,Regular,Front-Wheel Drive,14.9822727272727,Toyota,Automatic 4-spd,4.0,2.4
15141,Sport Utility Vehicle - 2WD,Regular,Front-Wheel Drive,17.3478947368421,Toyota,Automatic 5-spd,6.0,3.3
15142,Sport Utility Vehicle - 2WD,Regular,Front-Wheel Drive,12.6773076923077,Toyota,Automatic (variable gear ratios),6.0,3.3
15143,Sport Utility Vehicle - 2WD,Regular,Front-Wheel Drive,14.3308695652174,Toyota,Automatic 4-spd,4.0,2.4
15144,Sport Utility Vehicle - 2WD,Regular,Front-Wheel Drive,14.9822727272727,Toyota,Automatic 5-spd,6.0,3.5
15145,Small Pickup Trucks,Regular,Rear-Wheel Drive,13.1844,Isuzu,Manual 4-spd,4.0,1.9
15146,Sport Utility Vehicle - 2WD,Regular,Rear-Wheel Drive,21.974,Toyota,Automatic 5-spd,8.0,4.7
15147,Sport Utility Vehicle - 4WD,Premium,4-Wheel or All-Wheel Drive,19.3888235294118,Acura,Automatic (S5),6.0,3.7
15148,Sport Utility Vehicle - 4WD,Premium,4-Wheel or All-Wheel Drive,17.3478947368421,Acura,Automatic (S5),4.0,2.3
15149,Sport Utility Vehicle - 4WD,Premium,4-Wheel or All-Wheel Drive,17.3478947368421,BMW,Manual 6-spd,6.0,3.0
15150,Sport Utility Vehicle - 4WD,Premium,4-Wheel or All-Wheel Drive,16.4805,BMW,Automatic (S6),6.0,3.0
15151,Sport Utility Vehicle - 4WD,Premium,4-Wheel or All-Wheel Drive,17.3478947368421,BMW,Manual 6-spd,6.0,3.0
15152,Sport Utility Vehicle - 4WD,Premium,4-Wheel or All-Wheel Drive,16.4805,BMW,Automatic (S6),6.0,3.0
15153,Sport Utility Vehicle - 4WD,Regular,4-Wheel or All-Wheel Drive,19.3888235294118,Cadillac,Automatic (S5),6.0,3.6
15154,Sport Utility Vehicle - 4WD,Premium,4-Wheel or All-Wheel Drive,20.600625,Cadillac,Automatic (S6),8.0,4.6
15155,Sport Utility Vehicle - 4WD,Regular,4-Wheel or All-Wheel Drive,23.5435714285714,Chevrolet,Automatic 4-spd,8.0,6.0
15156,Small Pickup Trucks,Diesel,Rear-Wheel Drive,15.924375,Isuzu,Automatic 3-spd,4.0,2.2
15157,Sport Utility Vehicle - 4WD,Regular,4-Wheel or All-Wheel Drive,23.5435714285714,Chevrolet,Automatic 4-spd,8.0,6.0
15158,Sport Utility Vehicle - 4WD,Regular,4-Wheel or All-Wheel Drive,21.974,Chrysler,Automatic 5-spd,8.0,5.7
15159,Sport Utility Vehicle - 4WD,Regular,4-Wheel or All-Wheel Drive,19.3888235294118,Chrysler,Automatic 6-spd,6.0,4.0
15160,Sport Utility Vehicle - 4WD,Regular,4-Wheel or All-Wheel Drive,21.974,Dodge,Automatic 5-spd,8.0,5.7
15161,Sport Utility Vehicle - 4WD,Regular,4-Wheel or All-Wheel Drive,18.3116666666667,Dodge,Automatic 5-spd,6.0,3.5
15162,Sport Utility Vehicle - 4WD,Regular,4-Wheel or All-Wheel Drive,18.3116666666667,Dodge,Automatic 5-spd,8.0,5.7
15163,Sport Utility Vehicle - 4WD,Regular,4-Wheel or All-Wheel Drive,18.3116666666667,Dodge,Automatic 4-spd,6.0,3.7
15164,Sport Utility Vehicle - 4WD,Regular,4-Wheel or All-Wheel Drive,18.3116666666667,Dodge,Manual 6-spd,6.0,3.7
15165,Sport Utility Vehicle - 4WD,Regular,4-Wheel or All-Wheel Drive,21.974,Ford,Automatic 5-spd,6.0,4.0
15166,Sport Utility Vehicle - 4WD,Regular,4-Wheel or All-Wheel Drive,21.974,Ford,Automatic 6-spd,8.0,4.6
15167,Small Pickup Trucks,Diesel,Rear-Wheel Drive,11.94328125,Isuzu,Manual 4-spd,4.0,2.2
15168,Sport Utility Vehicle - 4WD,Regular,4-Wheel or All-Wheel Drive,23.5435714285714,GMC,Automatic 4-spd,8.0,6.0
15169,Sport Utility Vehicle - 4WD,Regular,4-Wheel or All-Wheel Drive,14.9822727272727,Honda,Automatic 5-spd,4.0,2.4
15170,Sport Utility Vehicle - 4WD,Regular,4-Wheel or All-Wheel Drive,15.6957142857143,Honda,Automatic 5-spd,4.0,2.4
15171,Sport Utility Vehicle - 4WD,Regular,4-Wheel or All-Wheel Drive,16.4805,Honda,Manual 5-spd,4.0,2.4
15172,Sport Utility Vehicle - 4WD,Regular,4-Wheel or All-Wheel Drive,19.3888235294118,Honda,Automatic 5-spd,6.0,3.5
15173,Sport Utility Vehicle - 4WD,Regular,4-Wheel or All-Wheel Drive,15.6957142857143,Hyundai,Manual 5-spd,4.0,2.0
15174,Sport Utility Vehicle - 4WD,Regular,4-Wheel or All-Wheel Drive,17.3478947368421,Hyundai,Automatic 4-spd,6.0,2.7
15175,Sport Utility Vehicle - 4WD,Premium,4-Wheel or All-Wheel Drive,19.3888235294118,Infiniti,Automatic (S5),6.0,3.5
15176,Sport Utility Vehicle - 4WD,Premium,4-Wheel or All-Wheel Drive,21.974,Infiniti,Automatic (S5),8.0,4.5
15177,Sport Utility Vehicle - 4WD,Premium,4-Wheel or All-Wheel Drive,23.5435714285714,Infiniti,Automatic 5-spd,8.0,5.6
15178,Subcompact Cars,Regular,Front-Wheel Drive,10.3003125,Toyota,Manual 4-spd,4.0,1.5
15179,Small Pickup Trucks,Diesel,Rear-Wheel Drive,13.6494642857143,Isuzu,Manual 5-spd,4.0,2.2
15180,Sport Utility Vehicle - 4WD,Regular,4-Wheel or All-Wheel Drive,21.974,Jeep,Automatic 5-spd,6.0,3.7
15181,Sport Utility Vehicle - 4WD,Regular,4-Wheel or All-Wheel Drive,23.5435714285714,Jeep,Automatic 5-spd,8.0,5.7
15182,Sport Utility Vehicle - 4WD,Regular,4-Wheel or All-Wheel Drive,14.9822727272727,Jeep,Automatic (variable gear ratios),4.0,2.4
15183,Sport Utility Vehicle - 4WD,Regular,4-Wheel or All-Wheel Drive,13.73375,Jeep,Manual 5-spd,4.0,2.4
15184,Sport Utility Vehicle - 4WD,Regular,4-Wheel or All-Wheel Drive,19.3888235294118,Jeep,Automatic 5-spd,6.0,3.7
15185,Sport Utility Vehicle - 4WD,Regular,4-Wheel or All-Wheel Drive,21.974,Jeep,Automatic 5-spd,8.0,5.7
15186,Sport Utility Vehicle - 4WD,Premium,4-Wheel or All-Wheel Drive,27.4675,Jeep,Automatic 5-spd,8.0,6.1
15187,Sport Utility Vehicle - 4WD,Regular,4-Wheel or All-Wheel Drive,19.3888235294118,Jeep,Automatic 4-spd,6.0,3.7
15188,Sport Utility Vehicle - 4WD,Regular,4-Wheel or All-Wheel Drive,19.3888235294118,Jeep,Manual 6-spd,6.0,3.7
15189,Sport Utility Vehicle - 4WD,Regular,4-Wheel or All-Wheel Drive,14.9822727272727,Jeep,Automatic (variable gear ratios),4.0,2.4
15190,Small Pickup Trucks,Diesel,Rear-Wheel Drive,13.1787931034483,Isuzu,Manual 5-spd,4.0,2.2
15191,Sport Utility Vehicle - 4WD,Regular,4-Wheel or All-Wheel Drive,13.73375,Jeep,Manual 5-spd,4.0,2.4
15192,Sport Utility Vehicle - 4WD,Regular,4-Wheel or All-Wheel Drive,20.600625,Jeep,Automatic 4-spd,6.0,3.8
15193,Sport Utility Vehicle - 4WD,Regular,4-Wheel or All-Wheel Drive,20.600625,Jeep,Manual 6-spd,6.0,3.8
15194,Sport Utility Vehicle - 4WD,Regular,4-Wheel or All-Wheel Drive,19.3888235294118,Kia,Automatic 5-spd,6.0,3.8
15195,Sport Utility Vehicle - 4WD,Regular,4-Wheel or All-Wheel Drive,15.6957142857143,Kia,Manual 5-spd,4.0,2.0
15196,Sport Utility Vehicle - 4WD,Regular,4-Wheel or All-Wheel Drive,17.3478947368421,Kia,Automatic 4-spd,6.0,2.7
15197,Sport Utility Vehicle - 4WD,Regular,4-Wheel or All-Wheel Drive,23.5435714285714,Land Rover,Automatic (S6),8.0,4.2
15198,Sport Utility Vehicle - 4WD,Regular,4-Wheel or All-Wheel Drive,23.5435714285714,Land Rover,Automatic (S6),8.0,4.4
15199,Sport Utility Vehicle - 4WD,Premium,4-Wheel or All-Wheel Drive,21.974,Lexus,Automatic 5-spd,8.0,4.7
15200,Sport Utility Vehicle - 4WD,Premium,4-Wheel or All-Wheel Drive,25.3546153846154,Lexus,Automatic 5-spd,8.0,4.7
15201,Small Pickup Trucks,Regular,Rear-Wheel Drive,16.4805,Isuzu,Automatic 3-spd,4.0,2.3
15202,Sport Utility Vehicle - 4WD,Premium,4-Wheel or All-Wheel Drive,12.6773076923077,Lexus,Automatic (variable gear ratios),6.0,3.3
15203,Sport Utility Vehicle - 4WD,Regular,4-Wheel or All-Wheel Drive,21.974,Mercury,Automatic 5-spd,6.0,4.0
15204,Sport Utility Vehicle - 4WD,Regular,4-Wheel or All-Wheel Drive,21.974,Mercury,Automatic 6-spd,8.0,4.6
15205,Sport Utility Vehicle - 4WD,Regular,4-Wheel or All-Wheel Drive,17.3478947368421,Mitsubishi,Automatic (S6),6.0,3.0
15206,Sport Utility Vehicle - 4WD,Regular,4-Wheel or All-Wheel Drive,23.5435714285714,Nissan,Automatic 5-spd,8.0,5.6
15207,Sport Utility Vehicle - 4WD,Premium,4-Wheel or All-Wheel Drive,17.3478947368421,Nissan,Automatic (variable gear ratios),6.0,3.5
15208,Sport Utility Vehicle - 4WD,Premium,4-Wheel or All-Wheel Drive,20.600625,Nissan,Automatic 5-spd,6.0,4.0
15209,Sport Utility Vehicle - 4WD,Regular,4-Wheel or All-Wheel Drive,20.600625,Nissan,Automatic 5-spd,6.0,4.0
15210,Sport Utility Vehicle - 4WD,Regular,4-Wheel or All-Wheel Drive,19.3888235294118,Nissan,Manual 6-spd,6.0,4.0
15211,Sport Utility Vehicle - 4WD,Regular,4-Wheel or All-Wheel Drive,17.3478947368421,Saturn,Automatic 5-spd,6.0,3.5
15212,Small Pickup Trucks,Regular,Rear-Wheel Drive,16.4805,Isuzu,Automatic 3-spd,4.0,2.3
15213,Sport Utility Vehicle - 4WD,Regular,4-Wheel or All-Wheel Drive,18.3116666666667,Suzuki,Automatic (S5),6.0,3.6
15214,Sport Utility Vehicle - 4WD,Regular,4-Wheel or All-Wheel Drive,19.3888235294118,Toyota,Automatic 5-spd,6.0,4.0
15215,Sport Utility Vehicle - 4WD,Regular,4-Wheel or All-Wheel Drive,20.600625,Toyota,Automatic 5-spd,8.0,4.7
15216,Sport Utility Vehicle - 4WD,Regular,4-Wheel or All-Wheel Drive,16.4805,Toyota,Automatic 4-spd,4.0,2.4
15217,Sport Utility Vehicle - 4WD,Regular,4-Wheel or All-Wheel Drive,17.3478947368421,Toyota,Automatic 5-spd,6.0,3.3
15218,Sport Utility Vehicle - 4WD,Regular,4-Wheel or All-Wheel Drive,12.6773076923077,Toyota,Automatic (variable gear ratios),6.0,3.3
15219,Sport Utility Vehicle - 4WD,Regular,4-Wheel or All-Wheel Drive,25.3546153846154,Toyota,Automatic 5-spd,8.0,4.7
15220,Sport Utility Vehicle - 4WD,Regular,4-Wheel or All-Wheel Drive,14.9822727272727,Toyota,Automatic 4-spd,4.0,2.4
15221,Sport Utility Vehicle - 4WD,Regular,4-Wheel or All-Wheel Drive,15.6957142857143,Toyota,Automatic 5-spd,6.0,3.5
15222,Sport Utility Vehicle - 4WD,Regular,4-Wheel or All-Wheel Drive,21.974,Toyota,Automatic 5-spd,8.0,4.7
15223,Small Pickup Trucks,Regular,Rear-Wheel Drive,15.6957142857143,Isuzu,Manual 5-spd,4.0,2.3
15224,Sport Utility Vehicle - 4WD,Diesel,4-Wheel or All-Wheel Drive,22.4814705882353,Volkswagen,Automatic (S6),10.0,5.0
15225,Sport Utility Vehicle - 2WD,Gasoline or E85,Rear-Wheel Drive,23.5435714285714,Nissan,Automatic 5-spd,8.0,5.6
15226,Midsize Cars,Gasoline or E85,Front-Wheel Drive,14.9822727272727,Chrysler,Automatic 4-spd,6.0,2.7
15227,Sport Utility Vehicle - 4WD,Gasoline or E85,4-Wheel or All-Wheel Drive,23.5435714285714,Nissan,Automatic 5-spd,8.0,5.6
15228,Sport Utility Vehicle - 2WD,Gasoline or E85,Rear-Wheel Drive,23.5435714285714,Chrysler,Automatic 5-spd,8.0,4.7
15229,Sport Utility Vehicle - 4WD,Gasoline or E85,4-Wheel or All-Wheel Drive,23.5435714285714,Chrysler,Automatic 5-spd,8.0,4.7
15230,Standard Pickup Trucks 2WD,Gasoline or E85,Rear-Wheel Drive,20.600625,GMC,Automatic 4-spd,8.0,5.3
15231,Standard Pickup Trucks 2WD,Gasoline or E85,Rear-Wheel Drive,20.600625,Chevrolet,Automatic 4-spd,8.0,5.3
15232,Sport Utility Vehicle - 2WD,Gasoline or E85,Rear-Wheel Drive,21.974,Jeep,Automatic 5-spd,8.0,4.7
15233,Sport Utility Vehicle - 4WD,Gasoline or E85,4-Wheel or All-Wheel Drive,21.974,Jeep,Automatic 5-spd,8.0,4.7
15234,Small Pickup Trucks,Regular,Rear-Wheel Drive,15.6957142857143,Isuzu,Manual 5-spd,4.0,2.3
15235,Sport Utility Vehicle - 2WD,Gasoline or E85,Rear-Wheel Drive,23.5435714285714,Dodge,Automatic 5-spd,8.0,4.7
15236,Sport Utility Vehicle - 4WD,Gasoline or E85,4-Wheel or All-Wheel Drive,23.5435714285714,Dodge,Automatic 5-spd,8.0,4.7
15237,Standard Pickup Trucks 2WD,Gasoline or E85,Rear-Wheel Drive,21.974,Ford,Automatic 4-spd,8.0,5.4
15238,Standard Pickup Trucks 4WD,Gasoline or E85,4-Wheel or All-Wheel Drive,23.5435714285714,Ford,Automatic 4-spd,8.0,5.4
15239,Sport Utility Vehicle - 2WD,Gasoline or E85,Rear-Wheel Drive,21.974,Jeep,Automatic 5-spd,8.0,4.7
15240,Sport Utility Vehicle - 4WD,Gasoline or E85,4-Wheel or All-Wheel Drive,21.974,Jeep,Automatic 5-spd,8.0,4.7
15241,Standard Pickup Trucks 4WD,Gasoline or E85,4-Wheel or All-Wheel Drive,20.600625,GMC,Automatic 4-spd,8.0,5.3
15242,Standard Pickup Trucks 4WD,Gasoline or E85,4-Wheel or All-Wheel Drive,20.600625,Chevrolet,Automatic 4-spd,8.0,5.3
15243,Standard Pickup Trucks 2WD,Gasoline or E85,Rear-Wheel Drive,23.5435714285714,Dodge,Automatic 5-spd,8.0,4.7
15244,Standard Pickup Trucks 4WD,Gasoline or E85,4-Wheel or All-Wheel Drive,23.5435714285714,Dodge,Automatic 5-spd,8.0,4.7
15245,Small Pickup Trucks,Regular,Rear-Wheel Drive,15.6957142857143,Mitsubishi,Automatic 3-spd,4.0,2.0
15246,Standard Pickup Trucks 2WD,Gasoline or E85,Rear-Wheel Drive,23.5435714285714,Nissan,Automatic 5-spd,8.0,5.6
15247,Standard Pickup Trucks 4WD,Gasoline or E85,4-Wheel or All-Wheel Drive,23.5435714285714,Nissan,Automatic 5-spd,8.0,5.6
15248,Subcompact Cars,CNG,Front-Wheel Drive,0.0664285714285714,Honda,Automatic 5-spd,4.0,1.8
15249,Minicompact Cars,Premium,Rear-Wheel Drive,18.3116666666667,Jaguar,Automatic 6-spd,8.0,4.2
15250,Minicompact Cars,Premium,Rear-Wheel Drive,18.3116666666667,Jaguar,Automatic 6-spd,8.0,4.2
15251,Subcompact Cars,Premium,Rear-Wheel Drive,20.600625,BMW,Manual 6-spd,8.0,4.8
15252,Subcompact Cars,Premium,Rear-Wheel Drive,18.3116666666667,BMW,Automatic (S6),8.0,4.8
15253,Subcompact Cars,Regular,Front-Wheel Drive,14.9822727272727,Hyundai,Automatic 4-spd,4.0,2.0
15254,Subcompact Cars,Regular,Front-Wheel Drive,14.3308695652174,Hyundai,Manual 5-spd,4.0,2.0
15255,Subcompact Cars,Regular,Front-Wheel Drive,17.3478947368421,Hyundai,Automatic 4-spd,6.0,2.7
15256,Small Pickup Trucks,Regular,Rear-Wheel Drive,14.9822727272727,Mitsubishi,Manual 4-spd,4.0,2.0
15257,Subcompact Cars,Regular,Front-Wheel Drive,16.4805,Hyundai,Manual 5-spd,6.0,2.7
15258,Subcompact Cars,Regular,Front-Wheel Drive,17.3478947368421,Hyundai,Manual 6-spd,6.0,2.7
15259,Midsize Cars,Regular,Front-Wheel Drive,12.6773076923077,Kia,Automatic 4-spd,4.0,2.0
15260,Midsize Cars,Regular,Front-Wheel Drive,12.6773076923077,Kia,Manual 5-spd,4.0,2.0
15261,Midsize Cars,Premium,Rear-Wheel Drive,23.5435714285714,Rolls-Royce,Automatic (S6),12.0,6.7
15262,Midsize Cars,Premium,Rear-Wheel Drive,23.5435714285714,Rolls-Royce,Automatic (S6),12.0,6.7
15263,Large Cars,Premium,Rear-Wheel Drive,20.600625,BMW Alpina,Automatic (S6),8.0,4.4
15264,Large Cars,Premium,Rear-Wheel Drive,18.3116666666667,BMW,Automatic (S6),8.0,4.8
15265,Large Cars,Premium,Rear-Wheel Drive,18.3116666666667,BMW,Automatic (S6),8.0,4.8
15266,Large Cars,Premium,Rear-Wheel Drive,21.974,BMW,Automatic (S6),12.0,6.0
15267,Small Pickup Trucks,Regular,Rear-Wheel Drive,14.9822727272727,Mitsubishi,Manual 5-spd,4.0,2.0
15268,Large Cars,Premium,Rear-Wheel Drive,23.5435714285714,Maserati,Automatic 6-spd,8.0,4.2
15269,Large Cars,Premium,Rear-Wheel Drive,27.4675,Maybach,Automatic 5-spd,12.0,5.5
15270,Large Cars,Premium,Rear-Wheel Drive,27.4675,Maybach,Automatic 5-spd,12.0,6.0
15271,Large Cars,Premium,Rear-Wheel Drive,27.4675,Maybach,Automatic 5-spd,12.0,5.5
15272,Large Cars,Premium,Rear-Wheel Drive,27.4675,Maybach,Automatic 5-spd,12.0,6.0
15273,Midsize Station Wagons,Regular,Front-Wheel Drive,14.9822727272727,Kia,Automatic 4-spd,4.0,2.4
15274,Midsize Station Wagons,Regular,Front-Wheel Drive,16.4805,Kia,Automatic 5-spd,6.0,2.7
15275,Standard Pickup Trucks 2WD,Regular,Rear-Wheel Drive,18.3116666666667,Isuzu,Automatic 4-spd,5.0,3.7
15276,Standard Pickup Trucks 2WD,Regular,Rear-Wheel Drive,18.3116666666667,Isuzu,Automatic 4-spd,5.0,3.7
15277,Standard Pickup Trucks 2WD,Premium,Rear-Wheel Drive,27.4675,Roush Performance,Automatic 4-spd,8.0,5.4
15278,Small Pickup Trucks,Regular,Rear-Wheel Drive,16.4805,Mitsubishi,Manual 5-spd,4.0,2.6
15279,Standard Pickup Trucks 2WD,Premium,Rear-Wheel Drive,27.4675,Roush Performance,Automatic 4-spd,8.0,5.4
15280,Standard Pickup Trucks 2WD,Premium,Rear-Wheel Drive,27.4675,Roush Performance,Automatic 4-spd,8.0,5.4
15281,Standard Pickup Trucks 4WD,Premium,4-Wheel or All-Wheel Drive,27.4675,Roush Performance,Automatic 4-spd,8.0,5.4
15282,Standard Pickup Trucks 4WD,Premium,4-Wheel or All-Wheel Drive,27.4675,Roush Performance,Automatic 4-spd,8.0,5.4
15283,Standard Pickup Trucks 4WD,Premium,4-Wheel or All-Wheel Drive,27.4675,Roush Performance,Automatic 4-spd,8.0,5.4
15284,Minivan - 2WD,Gasoline or E85,Front-Wheel Drive,17.3478947368421,Buick,Automatic 4-spd,6.0,3.9
15285,Sport Utility Vehicle - 2WD,Regular,Rear-Wheel Drive,18.3116666666667,Dodge,Automatic 5-spd,6.0,4.0
15286,Sport Utility Vehicle - 2WD,Regular,Front-Wheel Drive,17.3478947368421,Ford,Automatic 6-spd,6.0,3.5
15287,Sport Utility Vehicle - 2WD,Diesel,Rear-Wheel Drive,19.10925,Jeep,Automatic 5-spd,6.0,3.0
15288,Subcompact Cars,Regular,Front-Wheel Drive,11.3658620689655,Toyota,Manual 5-spd,4.0,1.5
15289,Small Pickup Trucks,Regular,Rear-Wheel Drive,15.6957142857143,Mazda,Manual 4-spd,4.0,2.0
15290,Sport Utility Vehicle - 2WD,Regular,Rear-Wheel Drive,18.3116666666667,Kia,Automatic 5-spd,6.0,3.3
15291,Sport Utility Vehicle - 2WD,Regular,Front-Wheel Drive,18.3116666666667,Mazda,Automatic (S6),6.0,3.5
15292,Sport Utility Vehicle - 4WD,Premium,4-Wheel or All-Wheel Drive,18.3116666666667,BMW,Automatic (S6),6.0,3.0
15293,Sport Utility Vehicle - 4WD,Premium,4-Wheel or All-Wheel Drive,20.600625,BMW,Automatic (S6),8.0,4.8
15294,Sport Utility Vehicle - 4WD,Regular,4-Wheel or All-Wheel Drive,20.600625,Chevrolet,Automatic 4-spd,8.0,5.3
15295,Sport Utility Vehicle - 4WD,Regular,4-Wheel or All-Wheel Drive,19.3888235294118,Dodge,Automatic 5-spd,6.0,4.0
15296,Sport Utility Vehicle - 4WD,Regular,4-Wheel or All-Wheel Drive,18.3116666666667,Ford,Automatic 6-spd,6.0,3.5
15297,Sport Utility Vehicle - 4WD,Regular,4-Wheel or All-Wheel Drive,20.600625,GMC,Automatic 4-spd,8.0,5.3
15298,Sport Utility Vehicle - 4WD,Regular,4-Wheel or All-Wheel Drive,20.600625,Isuzu,Automatic 4-spd,8.0,5.3
15299,Sport Utility Vehicle - 4WD,Diesel,4-Wheel or All-Wheel Drive,20.115,Jeep,Automatic 5-spd,6.0,3.0
15300,Small Pickup Trucks,Regular,Rear-Wheel Drive,15.6957142857143,Mazda,Manual 5-spd,4.0,2.0
15301,Sport Utility Vehicle - 4WD,Regular,4-Wheel or All-Wheel Drive,19.3888235294118,Kia,Automatic 5-spd,6.0,3.3
15302,Sport Utility Vehicle - 4WD,Regular,4-Wheel or All-Wheel Drive,23.5435714285714,Land Rover,Automatic (S6),8.0,4.2
15303,Sport Utility Vehicle - 4WD,Regular,4-Wheel or All-Wheel Drive,21.974,Land Rover,Automatic (S6),8.0,4.4
15304,Sport Utility Vehicle - 4WD,Regular,4-Wheel or All-Wheel Drive,19.3888235294118,Mazda,Automatic (S6),6.0,3.5
15305,Sport Utility Vehicle - 4WD,Diesel,4-Wheel or All-Wheel Drive,18.1992857142857,Mercedes-Benz,Automatic 7-spd,6.0,3.0
15306,Sport Utility Vehicle - 4WD,Diesel,4-Wheel or All-Wheel Drive,18.1992857142857,Mercedes-Benz,Automatic 7-spd,6.0,3.0
15307,Minivan - 2WD,Gasoline or E85,Front-Wheel Drive,17.3478947368421,Saturn,Automatic 4-spd,6.0,3.9
15308,Two Seaters,Premium,Rear-Wheel Drive,16.4805,Nissan,Manual 6-spd,6.0,3.5
15309,Two Seaters,Premium,Rear-Wheel Drive,16.4805,Nissan,Automatic (S5),6.0,3.5
15310,Two Seaters,Premium,Rear-Wheel Drive,16.4805,Nissan,Manual 6-spd,6.0,3.5
15311,Small Pickup Trucks,Regular,Rear-Wheel Drive,16.4805,Toyota,Automatic 4-spd,4.0,2.4
15312,Two Seaters,Premium,Rear-Wheel Drive,17.3478947368421,Nissan,Automatic (S5),6.0,3.5
15313,Minicompact Cars,Premium,Front-Wheel Drive,10.6325806451613,MINI,Manual 6-spd,4.0,1.6
15314,Minicompact Cars,Premium,Front-Wheel Drive,11.3658620689655,MINI,Automatic (S6),4.0,1.6
15315,Minicompact Cars,Premium,Front-Wheel Drive,13.1844,MINI,Automatic (variable gear ratios),4.0,1.6
15316,Minicompact Cars,Premium,Front-Wheel Drive,12.6773076923077,MINI,Manual 5-spd,4.0,1.6
15317,Minicompact Cars,Premium,Front-Wheel Drive,11.7717857142857,MINI,Manual 6-spd,4.0,1.6
15318,Minicompact Cars,Premium,Front-Wheel Drive,12.6773076923077,MINI,Automatic (S6),4.0,1.6
15319,Minicompact Cars,Premium,Front-Wheel Drive,13.73375,MINI,Manual 6-spd,4.0,1.6
15320,Minicompact Cars,Premium,Front-Wheel Drive,14.3308695652174,MINI,Automatic (S6),4.0,1.6
15321,Compact Cars,Premium,Rear-Wheel Drive,23.5435714285714,Mercedes-Benz,Automatic 5-spd,12.0,5.5
15322,Small Pickup Trucks,Regular,Rear-Wheel Drive,16.4805,Toyota,Automatic 4-spd,4.0,2.4
15323,Midsize Cars,Diesel,Rear-Wheel Drive,14.6994230769231,Mercedes-Benz,Automatic 7-spd,6.0,3.0
15324,Midsize Cars,Premium,4-Wheel or All-Wheel Drive,17.3478947368421,Volvo,Automatic (S6),6.0,3.2
15325,Midsize Cars,Premium,4-Wheel or All-Wheel Drive,18.3116666666667,Volvo,Automatic (S6),8.0,4.4
15326,Midsize Cars,Premium,Front-Wheel Drive,17.3478947368421,Volvo,Automatic (S6),6.0,3.2
15327,Large Cars,Regular,Front-Wheel Drive,16.4805,Ford,Automatic 4-spd,6.0,3.0
15328,Midsize Station Wagons,Premium,Front-Wheel Drive,13.73375,Volkswagen,Manual 6-spd,4.0,2.0
15329,Standard Pickup Trucks 2WD,Regular,Rear-Wheel Drive,20.600625,Toyota,Automatic (S6),8.0,5.7
15330,Standard Pickup Trucks 4WD,Regular,4-Wheel or All-Wheel Drive,23.5435714285714,Toyota,Automatic (S6),8.0,5.7
15331,Minivan - 2WD,Regular,Front-Wheel Drive,17.3478947368421,Toyota,Automatic 5-spd,6.0,3.5
15332,Minivan - 4WD,Regular,4-Wheel or All-Wheel Drive,18.3116666666667,Toyota,Automatic 5-spd,6.0,3.5
15333,Small Pickup Trucks,Regular,Rear-Wheel Drive,12.6773076923077,Toyota,Manual 4-spd,4.0,2.4
15334,Sport Utility Vehicle - 2WD,Regular,Front-Wheel Drive,17.3478947368421,GMC,Automatic 6-spd,6.0,3.6
15335,Sport Utility Vehicle - 2WD,Regular,Front-Wheel Drive,18.3116666666667,Hyundai,Automatic 6-spd,6.0,3.8
15336,Sport Utility Vehicle - 2WD,Regular,Front-Wheel Drive,17.3478947368421,Saturn,Automatic 6-spd,6.0,3.6
15337,Sport Utility Vehicle - 4WD,Regular,4-Wheel or All-Wheel Drive,18.3116666666667,GMC,Automatic 6-spd,6.0,3.6
15338,Sport Utility Vehicle - 4WD,Regular,4-Wheel or All-Wheel Drive,18.3116666666667,Hyundai,Automatic 6-spd,6.0,3.8
15339,Sport Utility Vehicle - 4WD,Diesel,4-Wheel or All-Wheel Drive,19.10925,Mercedes-Benz,Automatic 7-spd,6.0,3.0
15340,Sport Utility Vehicle - 4WD,Regular,4-Wheel or All-Wheel Drive,18.3116666666667,Saturn,Automatic 6-spd,6.0,3.6
15341,Sport Utility Vehicle - 2WD,Regular,Front-Wheel Drive,17.3478947368421,Lincoln,Automatic 6-spd,6.0,3.5
15342,Sport Utility Vehicle - 4WD,Regular,4-Wheel or All-Wheel Drive,18.3116666666667,Lincoln,Automatic 6-spd,6.0,3.5
15343,Midsize Cars,Regular,Front-Wheel Drive,9.69441176470588,Nissan,Automatic (variable gear ratios),4.0,2.5
15344,Small Pickup Trucks,Regular,Rear-Wheel Drive,13.73375,Toyota,Manual 4-spd,4.0,2.4
15345,Two Seaters,Premium,Rear-Wheel Drive,21.974,Aston Martin,Automatic (S6),8.0,4.3
15346,Two Seaters,Premium,Rear-Wheel Drive,25.3546153846154,Mercedes-Benz,Automatic (S5),8.0,5.4
15347,Two Seaters,Regular,Rear-Wheel Drive,21.974,Spyker,Manual 6-spd,8.0,4.2
15348,Two Seaters,Regular,Rear-Wheel Drive,21.974,Spyker,Manual 6-spd,8.0,4.2
15349,Minicompact Cars,Regular,Rear-Wheel Drive,21.974,Spyker,Manual 6-spd,8.0,4.2
15350,Minicompact Cars,Regular,Rear-Wheel Drive,21.974,Spyker,Manual 6-spd,8.0,4.2
15351,Subcompact Cars,Premium,Rear-Wheel Drive,15.6957142857143,BMW,Manual 6-spd,6.0,3.0
15352,Subcompact Cars,Premium,Rear-Wheel Drive,15.6957142857143,BMW,Automatic (S6),6.0,3.0
15353,Subcompact Cars,Premium,Rear-Wheel Drive,16.4805,BMW,Manual 6-spd,6.0,3.0
15354,Small Pickup Trucks,Regular,Rear-Wheel Drive,15.6957142857143,Toyota,Manual 5-spd,4.0,2.4
15355,Subcompact Cars,Premium,Rear-Wheel Drive,15.6957142857143,BMW,Automatic (S6),6.0,3.0
15356,Midsize Cars,Regular,Front-Wheel Drive,17.3478947368421,Chrysler,Automatic 6-spd,4.0,3.5
15357,Midsize Cars,Regular,Front-Wheel Drive,12.6773076923077,Nissan,Automatic (variable gear ratios),4.0,2.5
15358,Midsize Cars,Premium,Front-Wheel Drive,13.73375,Nissan,Manual 6-spd,4.0,2.5
15359,Small Station Wagons,Premium,Rear-Wheel Drive,15.6957142857143,BMW,Manual 6-spd,6.0,3.0
15360,Standard Pickup Trucks 2WD,Regular,Rear-Wheel Drive,21.974,Ford,Automatic 4-spd,8.0,5.4
15361,Standard Pickup Trucks 2WD,Gasoline or E85,Rear-Wheel Drive,21.974,Ford,Automatic 4-spd,8.0,5.4
15362,Standard Pickup Trucks 2WD,Premium,Rear-Wheel Drive,21.974,GMC,Automatic 6-spd,8.0,6.2
15363,Standard Pickup Trucks 4WD,Premium,4-Wheel or All-Wheel Drive,23.5435714285714,GMC,Automatic 6-spd,8.0,6.2
15364,Small Pickup Trucks,Regular,Rear-Wheel Drive,15.6957142857143,Toyota,Manual 5-spd,4.0,2.4
15365,Sport Utility Vehicle - 2WD,Regular,Front-Wheel Drive,14.3308695652174,Chevrolet,Automatic 4-spd,4.0,2.2
15366,Sport Utility Vehicle - 2WD,Regular,Front-Wheel Drive,14.3308695652174,Chevrolet,Manual 5-spd,4.0,2.2
15367,Sport Utility Vehicle - 2WD,Regular,Front-Wheel Drive,14.3308695652174,Chevrolet,Automatic 4-spd,4.0,2.4
15368,Sport Utility Vehicle - 2WD,Regular,Front-Wheel Drive,14.3308695652174,Chevrolet,Manual 5-spd,4.0,2.4
15369,Sport Utility Vehicle - 2WD,Regular,Front-Wheel Drive,16.4805,Hyundai,Automatic 5-spd,6.0,3.3
15370,Sport Utility Vehicle - 4WD,Regular,4-Wheel or All-Wheel Drive,16.4805,Jeep,Automatic (variable gear ratios),4.0,2.4
15371,Sport Utility Vehicle - 4WD,Premium,4-Wheel or All-Wheel Drive,25.3546153846154,Mercedes-Benz,Automatic 7-spd,8.0,5.0
15372,Sport Utility Vehicle - 4WD,Premium,4-Wheel or All-Wheel Drive,27.4675,Mercedes-Benz,Automatic 5-spd,8.0,5.4
15373,Small Pickup Trucks,Regular,Rear-Wheel Drive,15.6957142857143,Toyota,Automatic 4-spd,4.0,2.4
15374,Sport Utility Vehicle - 4WD,Premium,4-Wheel or All-Wheel Drive,20.600625,Porsche,Automatic 6-spd,6.0,3.6
15375,Sport Utility Vehicle - 4WD,Premium,4-Wheel or All-Wheel Drive,20.600625,Porsche,Manual 6-spd,6.0,3.6
15376,Sport Utility Vehicle - 4WD,Premium,4-Wheel or All-Wheel Drive,21.974,Porsche,Automatic 6-spd,8.0,4.8
15377,Sport Utility Vehicle - 4WD,Premium,4-Wheel or All-Wheel Drive,23.5435714285714,Porsche,Automatic 6-spd,8.0,4.8
15378,Midsize Cars,Regular,Front-Wheel Drive,12.2077777777778,Saturn,Automatic 4-spd,4.0,2.4
15379,Subcompact Cars,Premium,Rear-Wheel Drive,25.3546153846154,BMW,Manual 6-spd,10.0,5.0
15380,Subcompact Cars,Premium,Rear-Wheel Drive,25.3546153846154,BMW,Manual 6-spd,10.0,5.0
15381,Compact Cars,Premium,4-Wheel or All-Wheel Drive,16.4805,BMW,Manual 6-spd,6.0,3.0
15382,Compact Cars,Premium,4-Wheel or All-Wheel Drive,16.4805,BMW,Automatic (S6),6.0,3.0
15383,Sport Utility Vehicle - 2WD,Regular,Front-Wheel Drive,13.73375,Jeep,Automatic (variable gear ratios),4.0,2.0
15384,Small Pickup Trucks,Regular,Rear-Wheel Drive,16.4805,Toyota,Automatic 4-spd,4.0,2.4
15385,Sport Utility Vehicle - 2WD,Regular,Front-Wheel Drive,13.73375,Jeep,Automatic (variable gear ratios),4.0,2.0
15386,Sport Utility Vehicle - 2WD,Regular,Front-Wheel Drive,14.3308695652174,Jeep,Automatic (variable gear ratios),4.0,2.4
15387,Two Seaters,Premium,Front-Wheel Drive,13.1844,Audi,Automatic (S6),4.0,2.0
15388,Two Seaters,Premium,4-Wheel or All-Wheel Drive,17.3478947368421,Audi,Manual 6-spd,6.0,3.2
15389,Two Seaters,Premium,4-Wheel or All-Wheel Drive,16.4805,Audi,Automatic (S6),6.0,3.2
15390,Minicompact Cars,Premium,Rear-Wheel Drive,17.3478947368421,Jaguar,Automatic 6-spd,8.0,4.2
15391,Minicompact Cars,Premium,Rear-Wheel Drive,17.3478947368421,Jaguar,Automatic 6-spd,8.0,4.2
15392,Minicompact Cars,Premium,Rear-Wheel Drive,18.3116666666667,Jaguar,Automatic 6-spd,8.0,4.2
15393,Minicompact Cars,Premium,Rear-Wheel Drive,18.3116666666667,Jaguar,Automatic 6-spd,8.0,4.2
15394,Minicompact Cars,Regular,Front-Wheel Drive,14.9822727272727,Mitsubishi,Manual 5-spd,4.0,2.4
15395,Two Seaters,Regular,Rear-Wheel Drive,21.974,Mercedes-Benz,Automatic 4-spd,8.0,3.8
15396,Subcompact Cars,Regular,Front-Wheel Drive,15.6957142857143,Volkswagen,Automatic 3-spd,4.0,1.8
15397,Small Pickup Trucks,Regular,Rear-Wheel Drive,14.3308695652174,Toyota,Manual 5-spd,4.0,2.4
15398,Minicompact Cars,Regular,Front-Wheel Drive,14.9822727272727,Mitsubishi,Automatic (S4),4.0,2.4
15399,Minicompact Cars,Premium,Front-Wheel Drive,17.3478947368421,Mitsubishi,Manual 6-spd,6.0,3.8
15400,Minicompact Cars,Premium,Front-Wheel Drive,17.3478947368421,Mitsubishi,Automatic (S5),6.0,3.8
15401,Subcompact Cars,Premium,Front-Wheel Drive,12.6773076923077,Audi,Automatic (S6),4.0,2.0
15402,Subcompact Cars,Premium,4-Wheel or All-Wheel Drive,17.3478947368421,Audi,Manual 6-spd,6.0,3.2
15403,Subcompact Cars,Premium,4-Wheel or All-Wheel Drive,16.4805,Audi,Automatic (S6),6.0,3.2
15404,Subcompact Cars,Regular,Front-Wheel Drive,14.3308695652174,Chrysler,Automatic 4-spd,4.0,2.4
15405,Subcompact Cars,Gasoline or E85,Front-Wheel Drive,15.6957142857143,Chrysler,Automatic 4-spd,6.0,2.7
15406,Subcompact Cars,Regular,Front-Wheel Drive,17.3478947368421,Chrysler,Automatic 6-spd,6.0,3.5
15407,Subcompact Cars,Regular,Front-Wheel Drive,14.3308695652174,Mitsubishi,Manual 5-spd,4.0,2.4
15408,Small Pickup Trucks,Regular,Rear-Wheel Drive,16.4805,Toyota,Manual 5-spd,4.0,2.4
15409,Subcompact Cars,Regular,Front-Wheel Drive,14.9822727272727,Mitsubishi,Automatic (S4),4.0,2.4
15410,Subcompact Cars,Premium,Front-Wheel Drive,17.3478947368421,Mitsubishi,Manual 6-spd,6.0,3.8
15411,Subcompact Cars,Premium,Front-Wheel Drive,16.4805,Mitsubishi,Automatic (S5),6.0,3.8
15412,Subcompact Cars,Regular,Front-Wheel Drive,13.73375,Scion,Automatic 4-spd,4.0,2.4
15413,Subcompact Cars,Regular,Front-Wheel Drive,14.3308695652174,Scion,Manual 5-spd,4.0,2.4
15414,Subcompact Cars,Premium,Front-Wheel Drive,13.73375,Volkswagen,Automatic (S6),4.0,2.0
15415,Compact Cars,Premium,4-Wheel or All-Wheel Drive,18.3116666666667,Jaguar,Automatic 5-spd,6.0,3.0
15416,Compact Cars,Premium,Rear-Wheel Drive,23.5435714285714,Mercedes-Benz,Automatic (S7),8.0,6.2
15417,Compact Cars,Regular,Front-Wheel Drive,13.73375,Mitsubishi,Automatic (variable gear ratios),4.0,2.0
15418,Compact Cars,Regular,Front-Wheel Drive,13.73375,Mitsubishi,Manual 5-spd,4.0,2.0
15419,Small Pickup Trucks,Regular,4-Wheel or All-Wheel Drive,19.3888235294118,Dodge,Automatic 3-spd,4.0,2.6
15420,Compact Cars,Premium,4-Wheel or All-Wheel Drive,15.6957142857143,Subaru,Manual 5-spd,4.0,2.5
15421,Compact Cars,Regular,4-Wheel or All-Wheel Drive,14.9822727272727,Subaru,Manual 5-spd,4.0,2.5
15422,Compact Cars,Premium,4-Wheel or All-Wheel Drive,16.4805,Subaru,Manual 6-spd,4.0,2.5
15423,Compact Cars,Regular,4-Wheel or All-Wheel Drive,14.9822727272727,Subaru,Automatic (S4),4.0,2.5
15424,Compact Cars,Premium,4-Wheel or All-Wheel Drive,16.4805,Subaru,Automatic (S5),4.0,2.5
15425,Compact Cars,Premium,Front-Wheel Drive,13.1844,Volkswagen,Automatic (S6),4.0,2.0
15426,Compact Cars,Premium,Front-Wheel Drive,13.1844,Volkswagen,Automatic (S6),4.0,2.0
15427,Midsize Cars,Premium,Rear-Wheel Drive,15.6957142857143,BMW,Manual 6-spd,6.0,3.0
15428,Small Pickup Trucks,Regular,4-Wheel or All-Wheel Drive,18.3116666666667,Dodge,Manual 5-spd,4.0,2.6
15429,Midsize Cars,Premium,Rear-Wheel Drive,15.6957142857143,BMW,Automatic (S6),6.0,3.0
15430,Midsize Cars,Premium,4-Wheel or All-Wheel Drive,16.4805,BMW,Manual 6-spd,6.0,3.0
15431,Midsize Cars,Premium,4-Wheel or All-Wheel Drive,16.4805,BMW,Automatic (S6),6.0,3.0
15432,Midsize Cars,Premium,Rear-Wheel Drive,16.4805,BMW,Automatic (S6),6.0,3.0
15433,Midsize Cars,Premium,4-Wheel or All-Wheel Drive,16.4805,BMW,Automatic (S6),6.0,3.0
15434,Midsize Cars,Premium,Rear-Wheel Drive,18.3116666666667,BMW,Manual 6-spd,8.0,4.8
15435,Midsize Cars,Premium,Rear-Wheel Drive,18.3116666666667,BMW,Automatic (S6),8.0,4.8
15436,Midsize Cars,Premium,Rear-Wheel Drive,25.3546153846154,BMW,Manual 6-spd,10.0,5.0
15437,Midsize Cars,Premium,Rear-Wheel Drive,25.3546153846154,BMW,Automatic (S7),10.0,5.0
15438,Midsize Cars,Premium,Front-Wheel Drive,17.3478947368421,Buick,Automatic 4-spd,8.0,5.3
15439,Small Pickup Trucks,Regular,4-Wheel or All-Wheel Drive,14.3308695652174,Ford,Manual 5-spd,4.0,2.3
15440,Midsize Cars,Regular,Front-Wheel Drive,13.73375,Chrysler,Automatic 4-spd,4.0,2.4
15441,Midsize Cars,Regular,Front-Wheel Drive,17.3478947368421,Chrysler,Automatic 6-spd,6.0,3.5
15442,Midsize Cars,Regular,4-Wheel or All-Wheel Drive,18.3116666666667,Chrysler,Automatic 6-spd,6.0,3.5
15443,Midsize Cars,Regular,Front-Wheel Drive,13.73375,Dodge,Automatic 4-spd,4.0,2.4
15444,Midsize Cars,Regular,Front-Wheel Drive,17.3478947368421,Dodge,Automatic 6-spd,6.0,3.5
15445,Midsize Cars,Regular,4-Wheel or All-Wheel Drive,18.3116666666667,Dodge,Automatic 6-spd,6.0,3.5
15446,Midsize Cars,Premium,Rear-Wheel Drive,16.4805,Jaguar,Automatic 6-spd,6.0,3.0
15447,Midsize Cars,Premium,Rear-Wheel Drive,17.3478947368421,Jaguar,Automatic 6-spd,8.0,4.2
15448,Midsize Cars,Premium,Rear-Wheel Drive,19.3888235294118,Jaguar,Automatic 6-spd,8.0,4.2
15449,Midsize Cars,Premium,4-Wheel or All-Wheel Drive,18.3116666666667,Jaguar,Automatic 5-spd,6.0,3.0
15450,Small Pickup Trucks,Diesel,4-Wheel or All-Wheel Drive,14.6994230769231,Ford,Manual 5-spd,4.0,2.3
15451,Midsize Cars,Premium,4-Wheel or All-Wheel Drive,15.6957142857143,Lexus,Automatic (S8),8.0,5.0
15452,Midsize Cars,Regular,Front-Wheel Drive,15.6957142857143,Pontiac,Automatic 4-spd,6.0,3.8
15453,Midsize Cars,Premium,Front-Wheel Drive,17.3478947368421,Pontiac,Automatic (S4),8.0,5.3
15454,Large Cars,Premium,Front-Wheel Drive,17.3478947368421,Chevrolet,Automatic 4-spd,8.0,5.3
15455,Large Cars,Regular,4-Wheel or All-Wheel Drive,17.3478947368421,Ford,Automatic 6-spd,6.0,3.5
15456,Large Cars,Regular,Front-Wheel Drive,14.9822727272727,Ford,Automatic 6-spd,6.0,3.5
15457,Large Cars,Regular,Front-Wheel Drive,13.73375,Hyundai,Automatic 4-spd,4.0,2.4
15458,Large Cars,Regular,Front-Wheel Drive,13.1844,Hyundai,Manual 5-spd,4.0,2.4
15459,Large Cars,Regular,Front-Wheel Drive,14.9822727272727,Hyundai,Automatic 5-spd,6.0,3.3
15460,Large Cars,Premium,Rear-Wheel Drive,18.3116666666667,Jaguar,Automatic 6-spd,8.0,4.2
15461,Small Pickup Trucks,Regular,4-Wheel or All-Wheel Drive,19.3888235294118,Ford,Automatic 4-spd,6.0,2.9
15462,Large Cars,Premium,Rear-Wheel Drive,17.3478947368421,Jaguar,Automatic 6-spd,8.0,4.2
15463,Large Cars,Premium,Rear-Wheel Drive,17.3478947368421,Jaguar,Automatic 6-spd,8.0,4.2
15464,Large Cars,Premium,Rear-Wheel Drive,17.3478947368421,Jaguar,Automatic 6-spd,8.0,4.2
15465,Large Cars,Premium,Rear-Wheel Drive,18.3116666666667,Jaguar,Automatic 6-spd,8.0,4.2
15466,Large Cars,Regular,4-Wheel or All-Wheel Drive,17.3478947368421,Mercury,Automatic 6-spd,6.0,3.5
15467,Large Cars,Regular,Front-Wheel Drive,14.9822727272727,Mercury,Automatic 6-spd,6.0,3.5
15468,Large Cars,Premium,Rear-Wheel Drive,25.3546153846154,Mercedes-Benz,Automatic (S7),8.0,6.2
15469,Small Station Wagons,Premium,Front-Wheel Drive,13.1844,Audi,Automatic (S6),4.0,2.0
15470,Small Station Wagons,Premium,4-Wheel or All-Wheel Drive,15.6957142857143,Audi,Automatic (S6),6.0,3.2
15471,Small Pickup Trucks,Regular,4-Wheel or All-Wheel Drive,18.3116666666667,Ford,Manual 5-spd,6.0,2.9
15472,Small Station Wagons,Regular,Front-Wheel Drive,13.73375,Scion,Manual 5-spd,4.0,2.4
15473,Small Station Wagons,Regular,Front-Wheel Drive,13.73375,Scion,Automatic (S4),4.0,2.4
15474,Midsize Station Wagons,Premium,4-Wheel or All-Wheel Drive,17.3478947368421,BMW,Automatic (S6),6.0,3.0
15475,Small Pickup Trucks 2WD,Regular,Rear-Wheel Drive,19.3888235294118,Ford,Manual 5-spd,6.0,4.0
15476,Standard Pickup Trucks 2WD,Regular,Rear-Wheel Drive,23.5435714285714,Nissan,Automatic 5-spd,8.0,5.6
15477,Standard Pickup Trucks 4WD,Regular,4-Wheel or All-Wheel Drive,23.5435714285714,Nissan,Automatic 5-spd,8.0,5.6
15478,Small Pickup Trucks,Diesel,4-Wheel or All-Wheel Drive,15.924375,Isuzu,Manual 5-spd,4.0,2.2
15479,Minivan - 2WD,Regular,Front-Wheel Drive,17.3478947368421,Chevrolet,Automatic 4-spd,6.0,3.9
15480,Sport Utility Vehicle - 2WD,Regular,Front-Wheel Drive,17.3478947368421,Buick,Automatic 6-spd,6.0,3.6
15481,Sport Utility Vehicle - 2WD,Regular,Front-Wheel Drive,17.3478947368421,Chevrolet,Automatic (S6),6.0,3.6
15482,Sport Utility Vehicle - 2WD,Regular,Front-Wheel Drive,14.9822727272727,Ford,Automatic 4-spd,4.0,2.3
15483,Sport Utility Vehicle - 2WD,Regular,Front-Wheel Drive,13.73375,Ford,Manual 5-spd,4.0,2.3
15484,Sport Utility Vehicle - 2WD,Regular,Front-Wheel Drive,16.4805,Ford,Automatic 4-spd,6.0,3.0
15485,Sport Utility Vehicle - 2WD,Regular,Front-Wheel Drive,10.3003125,Ford,Automatic (variable gear ratios),4.0,2.3
15486,Sport Utility Vehicle - 2WD,Regular,Front-Wheel Drive,17.3478947368421,GMC,Automatic 6-spd,6.0,3.6
15487,Sport Utility Vehicle - 2WD,Premium,Rear-Wheel Drive,23.5435714285714,Infiniti,Automatic 5-spd,8.0,5.6
15488,Sport Utility Vehicle - 2WD,Premium,Front-Wheel Drive,16.4805,Lexus,Automatic 5-spd,6.0,3.5
15489,Small Pickup Trucks,Regular,4-Wheel or All-Wheel Drive,17.3478947368421,Isuzu,Manual 5-spd,4.0,2.3
15490,Sport Utility Vehicle - 2WD,Premium,Front-Wheel Drive,16.4805,Lexus,Automatic (S5),6.0,3.5
15491,Sport Utility Vehicle - 2WD,Regular,Front-Wheel Drive,14.9822727272727,Mazda,Automatic 4-spd,4.0,2.3
15492,Sport Utility Vehicle - 2WD,Regular,Front-Wheel Drive,13.73375,Mazda,Manual 5-spd,4.0,2.3
15493,Sport Utility Vehicle - 2WD,Regular,Front-Wheel Drive,16.4805,Mazda,Automatic 4-spd,6.0,3.0
15494,Sport Utility Vehicle - 2WD,Regular,Front-Wheel Drive,10.3003125,Mazda,Automatic (variable gear ratios),4.0,2.3
15495,Sport Utility Vehicle - 2WD,Regular,Front-Wheel Drive,14.9822727272727,Mercury,Automatic 4-spd,4.0,2.3
15496,Sport Utility Vehicle - 2WD,Regular,Front-Wheel Drive,16.4805,Mercury,Automatic 4-spd,6.0,3.0
15497,Sport Utility Vehicle - 2WD,Regular,Front-Wheel Drive,10.3003125,Mercury,Automatic (variable gear ratios),4.0,2.3
15498,Sport Utility Vehicle - 2WD,Regular,Rear-Wheel Drive,23.5435714285714,Nissan,Automatic 5-spd,8.0,5.6
15499,Sport Utility Vehicle - 2WD,Premium,Rear-Wheel Drive,19.3888235294118,Nissan,Automatic 5-spd,6.0,4.0
15500,Subcompact Cars,Regular,Front-Wheel Drive,14.3308695652174,Volkswagen,Manual 5-spd,4.0,1.8
15501,Small Pickup Trucks,Regular,4-Wheel or All-Wheel Drive,17.3478947368421,Isuzu,Manual 5-spd,4.0,2.3
15502,Sport Utility Vehicle - 2WD,Premium,Rear-Wheel Drive,21.974,Nissan,Automatic (S5),8.0,5.6
15503,Sport Utility Vehicle - 2WD,Regular,Front-Wheel Drive,17.3478947368421,Pontiac,Automatic (S6),6.0,3.6
15504,Sport Utility Vehicle - 2WD,Regular,Front-Wheel Drive,17.3478947368421,Saturn,Automatic 6-spd,6.0,3.6
15505,Sport Utility Vehicle - 2WD,Regular,Front-Wheel Drive,14.9822727272727,Saturn,Automatic 4-spd,4.0,2.4
15506,Sport Utility Vehicle - 2WD,Regular,Front-Wheel Drive,17.3478947368421,Saturn,Automatic 6-spd,6.0,3.6
15507,Sport Utility Vehicle - 2WD,Regular,Front-Wheel Drive,17.3478947368421,Saturn,Automatic (S6),6.0,3.6
15508,Sport Utility Vehicle - 4WD,Premium,4-Wheel or All-Wheel Drive,20.600625,Audi,Automatic (S6),6.0,3.6
15509,Sport Utility Vehicle - 4WD,Premium,4-Wheel or All-Wheel Drive,23.5435714285714,Audi,Automatic (S6),8.0,4.2
15510,Small Pickup Trucks,Regular,4-Wheel or All-Wheel Drive,21.974,Jeep,Automatic 3-spd,6.0,4.2
15511,Sport Utility Vehicle - 4WD,Regular,4-Wheel or All-Wheel Drive,18.3116666666667,Buick,Automatic 6-spd,6.0,3.6
15512,Sport Utility Vehicle - 4WD,Regular,4-Wheel or All-Wheel Drive,15.6957142857143,Ford,Automatic 4-spd,4.0,2.3
15513,Sport Utility Vehicle - 4WD,Regular,4-Wheel or All-Wheel Drive,17.3478947368421,Ford,Automatic 4-spd,6.0,3.0
15514,Sport Utility Vehicle - 4WD,Regular,4-Wheel or All-Wheel Drive,11.7717857142857,Ford,Automatic (variable gear ratios),4.0,2.3
15515,Sport Utility Vehicle - 4WD,Regular,4-Wheel or All-Wheel Drive,18.3116666666667,GMC,Automatic 6-spd,6.0,3.6
15516,Sport Utility Vehicle - 4WD,Premium,4-Wheel or All-Wheel Drive,23.5435714285714,Infiniti,Automatic 5-spd,8.0,5.6
15517,Sport Utility Vehicle - 4WD,Regular,4-Wheel or All-Wheel Drive,19.3888235294118,Land Rover,Automatic (S6),6.0,3.2
15518,Sport Utility Vehicle - 4WD,Regular,4-Wheel or All-Wheel Drive,23.5435714285714,Land Rover,Automatic (S6),8.0,4.4
15519,Sport Utility Vehicle - 4WD,Regular,4-Wheel or All-Wheel Drive,23.5435714285714,Land Rover,Automatic (S6),8.0,4.2
15520,Small Pickup Trucks,Regular,4-Wheel or All-Wheel Drive,20.600625,Jeep,Manual 4-spd,6.0,4.2
15521,Sport Utility Vehicle - 4WD,Regular,4-Wheel or All-Wheel Drive,23.5435714285714,Land Rover,Automatic (S6),8.0,4.4
15522,Sport Utility Vehicle - 4WD,Regular,4-Wheel or All-Wheel Drive,23.5435714285714,Land Rover,Automatic (S6),8.0,4.2
15523,Sport Utility Vehicle - 4WD,Regular,4-Wheel or All-Wheel Drive,21.974,Land Rover,Automatic (S6),8.0,4.4
15524,Sport Utility Vehicle - 4WD,Premium,4-Wheel or All-Wheel Drive,17.3478947368421,Lexus,Automatic 5-spd,6.0,3.5
15525,Sport Utility Vehicle - 4WD,Premium,4-Wheel or All-Wheel Drive,17.3478947368421,Lexus,Automatic (S5),6.0,3.5
15526,Sport Utility Vehicle - 4WD,Regular,4-Wheel or All-Wheel Drive,15.6957142857143,Mazda,Automatic 4-spd,4.0,2.3
15527,Sport Utility Vehicle - 4WD,Regular,4-Wheel or All-Wheel Drive,17.3478947368421,Mazda,Automatic 4-spd,6.0,3.0
15528,Sport Utility Vehicle - 4WD,Regular,4-Wheel or All-Wheel Drive,11.7717857142857,Mazda,Automatic (variable gear ratios),4.0,2.3
15529,Sport Utility Vehicle - 4WD,Regular,4-Wheel or All-Wheel Drive,15.6957142857143,Mercury,Automatic 4-spd,4.0,2.3
15530,Sport Utility Vehicle - 4WD,Regular,4-Wheel or All-Wheel Drive,17.3478947368421,Mercury,Automatic 4-spd,6.0,3.0
15531,Small Pickup Trucks,Regular,4-Wheel or All-Wheel Drive,19.3888235294118,Jeep,Manual 5-spd,6.0,4.2
15532,Sport Utility Vehicle - 4WD,Regular,4-Wheel or All-Wheel Drive,11.7717857142857,Mercury,Automatic (variable gear ratios),4.0,2.3
15533,Sport Utility Vehicle - 4WD,Regular,4-Wheel or All-Wheel Drive,23.5435714285714,Nissan,Automatic 5-spd,8.0,5.6
15534,Sport Utility Vehicle - 4WD,Premium,4-Wheel or All-Wheel Drive,20.600625,Nissan,Automatic 5-spd,6.0,4.0
15535,Sport Utility Vehicle - 4WD,Premium,4-Wheel or All-Wheel Drive,23.5435714285714,Nissan,Automatic (S5),8.0,5.6
15536,Sport Utility Vehicle - 4WD,Premium,4-Wheel or All-Wheel Drive,20.600625,Porsche,Automatic 6-spd,6.0,3.6
15537,Sport Utility Vehicle - 4WD,Premium,4-Wheel or All-Wheel Drive,20.600625,Porsche,Manual 6-spd,6.0,3.6
15538,Sport Utility Vehicle - 4WD,Premium,4-Wheel or All-Wheel Drive,21.974,Porsche,Automatic 6-spd,8.0,4.8
15539,Sport Utility Vehicle - 4WD,Premium,4-Wheel or All-Wheel Drive,23.5435714285714,Porsche,Automatic 6-spd,8.0,4.8
15540,Sport Utility Vehicle - 4WD,Regular,4-Wheel or All-Wheel Drive,18.3116666666667,Saturn,Automatic 6-spd,6.0,3.6
15541,Sport Utility Vehicle - 4WD,Regular,4-Wheel or All-Wheel Drive,19.3888235294118,Saturn,Automatic 6-spd,6.0,3.5
15542,Small Pickup Trucks,Regular,4-Wheel or All-Wheel Drive,17.3478947368421,Mitsubishi,Manual 5-spd,4.0,2.6
15543,Sport Utility Vehicle - 4WD,Regular,4-Wheel or All-Wheel Drive,18.3116666666667,Saturn,Automatic 6-spd,6.0,3.6
15544,Sport Utility Vehicle - 4WD,Regular,4-Wheel or All-Wheel Drive,18.3116666666667,Saturn,Automatic (S6),6.0,3.6
15545,Sport Utility Vehicle - 4WD,Premium,4-Wheel or All-Wheel Drive,16.4805,Subaru,Automatic 4-spd,4.0,2.5
15546,Sport Utility Vehicle - 4WD,Regular,4-Wheel or All-Wheel Drive,14.9822727272727,Subaru,Automatic 4-spd,4.0,2.5
15547,Sport Utility Vehicle - 4WD,Premium,4-Wheel or All-Wheel Drive,15.6957142857143,Subaru,Manual 5-spd,4.0,2.5
15548,Sport Utility Vehicle - 4WD,Regular,4-Wheel or All-Wheel Drive,14.9822727272727,Subaru,Manual 5-spd,4.0,2.5
15549,Sport Utility Vehicle - 4WD,Premium,4-Wheel or All-Wheel Drive,16.4805,Subaru,Manual 5-spd,4.0,2.5
15550,Sport Utility Vehicle - 4WD,Regular,4-Wheel or All-Wheel Drive,14.9822727272727,Subaru,Manual 5-spd,4.0,2.5
15551,Sport Utility Vehicle - 4WD,Regular,4-Wheel or All-Wheel Drive,14.9822727272727,Subaru,Automatic (S4),4.0,2.5
15552,Sport Utility Vehicle - 4WD,Premium,4-Wheel or All-Wheel Drive,16.4805,Subaru,Automatic (S5),4.0,2.5
15553,Small Pickup Trucks,Regular,4-Wheel or All-Wheel Drive,14.3308695652174,Subaru,Manual 4-spd,4.0,1.8
15554,Sport Utility Vehicle - 4WD,Premium,4-Wheel or All-Wheel Drive,16.4805,Subaru,Automatic (S5),6.0,3.0
15555,Sport Utility Vehicle - 4WD,Regular,4-Wheel or All-Wheel Drive,18.3116666666667,Subaru,Automatic (S5),6.0,3.6
15556,Sport Utility Vehicle - 4WD,Premium,4-Wheel or All-Wheel Drive,20.600625,Volkswagen,Automatic (S6),6.0,3.6
15557,Sport Utility Vehicle - 4WD,Premium,4-Wheel or All-Wheel Drive,23.5435714285714,Volkswagen,Automatic (S6),8.0,4.2
15558,Sport Utility Vehicle - 4WD,Diesel,4-Wheel or All-Wheel Drive,22.4814705882353,Volkswagen,Automatic (S6),10.0,5.0
15559,Midsize Cars,Gasoline or E85,Front-Wheel Drive,14.9822727272727,Chrysler,Automatic 4-spd,6.0,2.7
15560,Midsize Cars,Gasoline or E85,Front-Wheel Drive,14.9822727272727,Dodge,Automatic 4-spd,6.0,2.7
15561,Large Cars,Gasoline or E85,Rear-Wheel Drive,18.3116666666667,Ford,Automatic 4-spd,8.0,4.6
15562,Small Pickup Trucks,Regular,4-Wheel or All-Wheel Drive,14.3308695652174,Subaru,Manual 4-spd,4.0,1.8
15563,Large Cars,Gasoline or E85,Rear-Wheel Drive,18.3116666666667,Mercury,Automatic 4-spd,8.0,4.6
15564,Standard Pickup Trucks 2WD,Gasoline or E85,Rear-Wheel Drive,23.5435714285714,Nissan,Automatic 5-spd,8.0,5.6
15565,Standard Pickup Trucks 4WD,Gasoline or E85,4-Wheel or All-Wheel Drive,23.5435714285714,Nissan,Automatic 5-spd,8.0,5.6
15566,Minivan - 2WD,Gasoline or E85,Front-Wheel Drive,17.3478947368421,Chevrolet,Automatic 4-spd,6.0,3.9
15567,Sport Utility Vehicle - 2WD,Gasoline or E85,Rear-Wheel Drive,23.5435714285714,Nissan,Automatic 5-spd,8.0,5.6
15568,Sport Utility Vehicle - 4WD,Gasoline or E85,4-Wheel or All-Wheel Drive,23.5435714285714,Nissan,Automatic 5-spd,8.0,5.6
15569,Two Seaters,Premium,4-Wheel or All-Wheel Drive,21.974,Audi,Manual 6-spd,8.0,4.2
15570,Two Seaters,Premium,4-Wheel or All-Wheel Drive,21.974,Audi,Automatic (S6),8.0,4.2
15571,Two Seaters,Premium,4-Wheel or All-Wheel Drive,32.961,Bugatti,Automatic (S6),16.0,8.0
15572,Standard Pickup Trucks,Regular,Rear-Wheel Drive,19.3888235294118,Chevrolet,Automatic 3-spd,6.0,4.3
15573,Two Seaters,Premium,Rear-Wheel Drive,20.600625,Cadillac,Automatic (S6),8.0,4.4
15574,Two Seaters,Premium,Rear-Wheel Drive,18.3116666666667,Cadillac,Automatic (S6),8.0,4.6
15575,Two Seaters,Premium,Rear-Wheel Drive,17.3478947368421,Chevrolet,Manual 6-spd,8.0,6.2
15576,Two Seaters,Premium,Rear-Wheel Drive,18.3116666666667,Chevrolet,Automatic (S6),8.0,6.2
15577,Two Seaters,Premium,Rear-Wheel Drive,18.3116666666667,Chevrolet,Manual 6-spd,8.0,7.0
15578,Two Seaters,Premium,Rear-Wheel Drive,15.6957142857143,Chrysler,Automatic 5-spd,6.0,3.2
15579,Two Seaters,Premium,Rear-Wheel Drive,18.3116666666667,Chrysler,Manual 6-spd,6.0,3.2
15580,Two Seaters,Premium,Rear-Wheel Drive,15.6957142857143,Chrysler,Automatic 5-spd,6.0,3.2
15581,Two Seaters,Premium,Rear-Wheel Drive,18.3116666666667,Chrysler,Manual 6-spd,6.0,3.2
15582,Two Seaters,Premium,4-Wheel or All-Wheel Drive,25.3546153846154,Lamborghini,Manual 6-spd,10.0,5.0
15583,Standard Pickup Trucks,Regular,Rear-Wheel Drive,20.600625,Chevrolet,Automatic 4-spd,6.0,4.3
15584,Two Seaters,Premium,4-Wheel or All-Wheel Drive,25.3546153846154,Lamborghini,Automatic (S6),10.0,5.0
15585,Two Seaters,Premium,4-Wheel or All-Wheel Drive,27.4675,Lamborghini,Manual 6-spd,10.0,5.0
15586,Two Seaters,Premium,4-Wheel or All-Wheel Drive,27.4675,Lamborghini,Automatic (S6),10.0,5.0
15587,Two Seaters,Premium,4-Wheel or All-Wheel Drive,32.961,Lamborghini,Manual 6-spd,12.0,6.5
15588,Two Seaters,Premium,4-Wheel or All-Wheel Drive,29.9645454545455,Lamborghini,Automatic (S6),12.0,6.5
15589,Two Seaters,Premium,4-Wheel or All-Wheel Drive,32.961,Lamborghini,Manual 6-spd,12.0,6.5
15590,Two Seaters,Premium,4-Wheel or All-Wheel Drive,29.9645454545455,Lamborghini,Automatic (S6),12.0,6.5
15591,Two Seaters,Premium,Rear-Wheel Drive,13.73375,Mazda,Manual 5-spd,4.0,2.0
15592,Two Seaters,Premium,Rear-Wheel Drive,13.73375,Mazda,Manual 6-spd,4.0,2.0
15593,Two Seaters,Premium,Rear-Wheel Drive,14.3308695652174,Mazda,Automatic (S6),4.0,2.0
15594,Standard Pickup Trucks,Regular,Rear-Wheel Drive,19.3888235294118,Chevrolet,Automatic 4-spd,6.0,4.3
15595,Two Seaters,Premium,Rear-Wheel Drive,23.5435714285714,Mercedes-Benz,Automatic (S5),8.0,5.4
15596,Two Seaters,Premium,Rear-Wheel Drive,20.600625,Mercedes-Benz,Automatic 7-spd,8.0,5.5
15597,Two Seaters,Premium,Rear-Wheel Drive,23.5435714285714,Mercedes-Benz,Automatic 5-spd,12.0,5.5
15598,Two Seaters,Premium,Rear-Wheel Drive,23.5435714285714,Mercedes-Benz,Automatic (S5),12.0,6.0
15599,Two Seaters,Premium,Rear-Wheel Drive,16.4805,Mercedes-Benz,Automatic 7-spd,6.0,3.0
15600,Two Seaters,Premium,Rear-Wheel Drive,16.4805,Mercedes-Benz,Manual 6-spd,6.0,3.0
15601,Two Seaters,Premium,Rear-Wheel Drive,17.3478947368421,Mercedes-Benz,Automatic 7-spd,6.0,3.5
15602,Two Seaters,Premium,Rear-Wheel Drive,17.3478947368421,Mercedes-Benz,Manual 6-spd,6.0,3.5
15603,Two Seaters,Premium,Rear-Wheel Drive,20.600625,Mercedes-Benz,Automatic (S7),8.0,5.4
15604,Two Seaters,Premium,Rear-Wheel Drive,15.6957142857143,Pontiac,Automatic 5-spd,4.0,2.0
15605,Compact Cars,Diesel,Rear-Wheel Drive,15.924375,BMW,Automatic 4-spd,6.0,2.4
15606,Standard Pickup Trucks,Regular,Rear-Wheel Drive,20.600625,Chevrolet,Manual 3-spd,6.0,4.3
15607,Two Seaters,Premium,Rear-Wheel Drive,14.9822727272727,Pontiac,Manual 5-spd,4.0,2.0
15608,Two Seaters,Premium,Rear-Wheel Drive,15.6957142857143,Pontiac,Automatic 5-spd,4.0,2.4
15609,Two Seaters,Premium,Rear-Wheel Drive,15.6957142857143,Pontiac,Manual 5-spd,4.0,2.4
15610,Two Seaters,Premium,Rear-Wheel Drive,15.6957142857143,Porsche,Automatic 5-spd,6.0,2.7
15611,Two Seaters,Premium,Rear-Wheel Drive,14.3308695652174,Porsche,Manual 5-spd,6.0,2.7
15612,Two Seaters,Premium,Rear-Wheel Drive,14.9822727272727,Porsche,Manual 6-spd,6.0,2.7
15613,Two Seaters,Premium,Rear-Wheel Drive,15.6957142857143,Porsche,Automatic 5-spd,6.0,3.4
15614,Two Seaters,Premium,Rear-Wheel Drive,15.6957142857143,Porsche,Manual 6-spd,6.0,3.4
15615,Two Seaters,Premium,Rear-Wheel Drive,15.6957142857143,Porsche,Automatic 5-spd,6.0,2.7
15616,Two Seaters,Premium,Rear-Wheel Drive,14.3308695652174,Porsche,Manual 5-spd,6.0,2.7
15617,Standard Pickup Trucks,Regular,Rear-Wheel Drive,19.3888235294118,Chevrolet,Manual 3-spd,6.0,4.3
15618,Two Seaters,Premium,Rear-Wheel Drive,14.9822727272727,Porsche,Manual 6-spd,6.0,2.7
15619,Two Seaters,Premium,Rear-Wheel Drive,15.6957142857143,Porsche,Automatic 5-spd,6.0,3.4
15620,Two Seaters,Premium,Rear-Wheel Drive,15.6957142857143,Porsche,Manual 6-spd,6.0,3.4
15621,Two Seaters,Premium,Rear-Wheel Drive,18.3116666666667,Porsche,Manual 6-spd,6.0,3.6
15622,Two Seaters,Premium,Rear-Wheel Drive,18.3116666666667,Porsche,Manual 6-spd,6.0,3.6
15623,Two Seaters,Premium,Rear-Wheel Drive,15.6957142857143,Saturn,Automatic 5-spd,4.0,2.0
15624,Two Seaters,Premium,Rear-Wheel Drive,14.9822727272727,Saturn,Manual 5-spd,4.0,2.0
15625,Two Seaters,Premium,Rear-Wheel Drive,15.6957142857143,Saturn,Automatic 5-spd,4.0,2.4
15626,Two Seaters,Premium,Rear-Wheel Drive,15.6957142857143,Saturn,Manual 5-spd,4.0,2.4
15627,Minicompact Cars,Premium,4-Wheel or All-Wheel Drive,18.3116666666667,Porsche,Automatic 5-spd,6.0,3.6
15628,Standard Pickup Trucks,Regular,Rear-Wheel Drive,20.600625,Chevrolet,Manual 4-spd,6.0,4.3
15629,Minicompact Cars,Premium,4-Wheel or All-Wheel Drive,18.3116666666667,Porsche,Manual 6-spd,6.0,3.6
15630,Minicompact Cars,Premium,4-Wheel or All-Wheel Drive,18.3116666666667,Porsche,Automatic 5-spd,6.0,3.6
15631,Minicompact Cars,Premium,4-Wheel or All-Wheel Drive,18.3116666666667,Porsche,Manual 6-spd,6.0,3.6
15632,Minicompact Cars,Premium,Rear-Wheel Drive,16.4805,Porsche,Automatic 5-spd,6.0,3.6
15633,Minicompact Cars,Premium,Rear-Wheel Drive,15.6957142857143,Porsche,Manual 6-spd,6.0,3.6
15634,Minicompact Cars,Premium,Rear-Wheel Drive,16.4805,Porsche,Automatic 5-spd,6.0,3.6
15635,Minicompact Cars,Premium,Rear-Wheel Drive,15.6957142857143,Porsche,Manual 6-spd,6.0,3.6
15636,Minicompact Cars,Premium,Rear-Wheel Drive,16.4805,Porsche,Automatic 5-spd,6.0,3.8
15637,Minicompact Cars,Premium,Rear-Wheel Drive,16.4805,Porsche,Manual 6-spd,6.0,3.8
15638,Minicompact Cars,Premium,Rear-Wheel Drive,16.4805,Porsche,Automatic 5-spd,6.0,3.8
15639,Standard Pickup Trucks,Regular,Rear-Wheel Drive,19.3888235294118,Chevrolet,Manual 4-spd,6.0,4.3
15640,Minicompact Cars,Premium,Rear-Wheel Drive,16.4805,Porsche,Manual 6-spd,6.0,3.8
15641,Minicompact Cars,Premium,4-Wheel or All-Wheel Drive,17.3478947368421,Porsche,Automatic 5-spd,6.0,3.6
15642,Minicompact Cars,Premium,4-Wheel or All-Wheel Drive,16.4805,Porsche,Manual 6-spd,6.0,3.6
15643,Minicompact Cars,Premium,4-Wheel or All-Wheel Drive,17.3478947368421,Porsche,Automatic 5-spd,6.0,3.6
15644,Minicompact Cars,Premium,4-Wheel or All-Wheel Drive,16.4805,Porsche,Manual 6-spd,6.0,3.6
15645,Minicompact Cars,Premium,4-Wheel or All-Wheel Drive,17.3478947368421,Porsche,Automatic 5-spd,6.0,3.8
15646,Minicompact Cars,Premium,4-Wheel or All-Wheel Drive,17.3478947368421,Porsche,Manual 6-spd,6.0,3.8
15647,Minicompact Cars,Premium,4-Wheel or All-Wheel Drive,17.3478947368421,Porsche,Automatic 5-spd,6.0,3.8
15648,Minicompact Cars,Premium,4-Wheel or All-Wheel Drive,17.3478947368421,Porsche,Manual 6-spd,6.0,3.8
15649,Minicompact Cars,Premium,4-Wheel or All-Wheel Drive,17.3478947368421,Porsche,Automatic 5-spd,6.0,3.8
15650,Standard Pickup Trucks,Regular,Rear-Wheel Drive,21.974,Chevrolet,Automatic 3-spd,8.0,5.0
15651,Minicompact Cars,Premium,4-Wheel or All-Wheel Drive,17.3478947368421,Porsche,Manual 6-spd,6.0,3.8
15652,Minicompact Cars,Premium,4-Wheel or All-Wheel Drive,17.3478947368421,Porsche,Automatic 5-spd,6.0,3.6
15653,Minicompact Cars,Premium,4-Wheel or All-Wheel Drive,16.4805,Porsche,Manual 6-spd,6.0,3.6
15654,Minicompact Cars,Regular,Front-Wheel Drive,14.3308695652174,Volkswagen,Manual 5-spd,5.0,2.5
15655,Minicompact Cars,Regular,Front-Wheel Drive,14.3308695652174,Volkswagen,Automatic (S6),5.0,2.5
15656,Subcompact Cars,Premium,Front-Wheel Drive,13.73375,Audi,Automatic (variable gear ratios),4.0,2.0
15657,Subcompact Cars,Premium,4-Wheel or All-Wheel Drive,14.9822727272727,Audi,Automatic (S6),4.0,2.0
15658,Subcompact Cars,Premium,4-Wheel or All-Wheel Drive,16.4805,Audi,Automatic (S6),6.0,3.1
15659,Subcompact Cars,Premium,4-Wheel or All-Wheel Drive,21.974,Audi,Manual 6-spd,8.0,4.2
15660,Subcompact Cars,Premium,4-Wheel or All-Wheel Drive,20.600625,Audi,Automatic (S6),8.0,4.2
15661,Standard Pickup Trucks,Regular,Rear-Wheel Drive,21.974,Chevrolet,Automatic 4-spd,8.0,5.0
15662,Subcompact Cars,Regular,Front-Wheel Drive,12.6773076923077,Chevrolet,Automatic 4-spd,4.0,1.6
15663,Subcompact Cars,Regular,Front-Wheel Drive,12.2077777777778,Chevrolet,Manual 5-spd,4.0,1.6
15664,Subcompact Cars,Premium,Front-Wheel Drive,12.6773076923077,Chevrolet,Manual 5-spd,4.0,2.4
15665,Subcompact Cars,Regular,Rear-Wheel Drive,17.3478947368421,Ford,Automatic 5-spd,6.0,4.0
15666,Subcompact Cars,Regular,Rear-Wheel Drive,16.4805,Ford,Manual 5-spd,6.0,4.0
15667,Subcompact Cars,Regular,Rear-Wheel Drive,18.3116666666667,Ford,Automatic 5-spd,8.0,4.6
15668,Subcompact Cars,Regular,Rear-Wheel Drive,18.3116666666667,Ford,Manual 5-spd,8.0,4.6
15669,Subcompact Cars,Premium,Rear-Wheel Drive,20.600625,Ford,Manual 6-spd,8.0,5.4
15670,Subcompact Cars,Premium,Rear-Wheel Drive,18.3116666666667,Mazda,Manual 6-spd,2.0,1.3
15671,Subcompact Cars,Premium,Rear-Wheel Drive,17.3478947368421,Mazda,Automatic (S6),2.0,1.3
15672,Standard Pickup Trucks,Regular,Rear-Wheel Drive,21.974,Chevrolet,Automatic 4-spd,8.0,5.0
15673,Subcompact Cars,Premium,Rear-Wheel Drive,16.4805,Mercedes-Benz,Automatic 7-spd,6.0,3.5
15674,Subcompact Cars,Premium,Rear-Wheel Drive,16.4805,Mercedes-Benz,Automatic 7-spd,6.0,3.5
15675,Subcompact Cars,Premium,Rear-Wheel Drive,23.5435714285714,Mercedes-Benz,Automatic (S7),8.0,6.2
15676,Subcompact Cars,Premium,Rear-Wheel Drive,23.5435714285714,Mercedes-Benz,Automatic (S7),8.0,6.2
15677,Subcompact Cars,Premium,Front-Wheel Drive,12.6773076923077,Pontiac,Manual 5-spd,4.0,2.4
15678,Subcompact Cars,Premium,Rear-Wheel Drive,19.3888235294118,Roush Performance,Manual 5-spd,8.0,4.6
15679,Subcompact Cars,Regular,Front-Wheel Drive,11.7717857142857,Scion,Automatic 4-spd,4.0,1.8
15680,Subcompact Cars,Regular,Front-Wheel Drive,11.3658620689655,Scion,Manual 5-spd,4.0,1.8
15681,Subcompact Cars,Premium,Front-Wheel Drive,13.73375,Volkswagen,Manual 6-spd,4.0,2.0
15682,Subcompact Cars,Premium,Front-Wheel Drive,14.9822727272727,Volkswagen,Automatic (S6),6.0,3.2
15683,Standard Pickup Trucks,Regular,Rear-Wheel Drive,23.5435714285714,Chevrolet,Manual 3-spd,8.0,5.0
15684,Subcompact Cars,Regular,Front-Wheel Drive,14.3308695652174,Volkswagen,Manual 5-spd,5.0,2.5
15685,Subcompact Cars,Regular,Front-Wheel Drive,14.3308695652174,Volkswagen,Automatic (S6),5.0,2.5
15686,Subcompact Cars,Premium,Front-Wheel Drive,15.6957142857143,Volvo,Manual 6-spd,5.0,2.5
15687,Subcompact Cars,Premium,Front-Wheel Drive,15.6957142857143,Volvo,Automatic (S5),5.0,2.5
15688,Compact Cars,Premium,Front-Wheel Drive,14.9822727272727,Acura,Manual 6-spd,4.0,2.4
15689,Compact Cars,Premium,Front-Wheel Drive,14.3308695652174,Acura,Automatic (S5),4.0,2.4
15690,Compact Cars,Premium,Front-Wheel Drive,13.73375,Audi,Automatic (variable gear ratios),4.0,2.0
15691,Compact Cars,Premium,Front-Wheel Drive,13.73375,Audi,Manual 6-spd,4.0,2.0
15692,Compact Cars,Premium,Front-Wheel Drive,15.6957142857143,Audi,Automatic (variable gear ratios),6.0,3.1
15693,Compact Cars,Premium,4-Wheel or All-Wheel Drive,14.3308695652174,Audi,Manual 6-spd,4.0,2.0
15694,Standard Pickup Trucks,Regular,Rear-Wheel Drive,21.974,Chevrolet,Manual 4-spd,8.0,5.0
15695,Compact Cars,Premium,4-Wheel or All-Wheel Drive,14.9822727272727,Audi,Automatic (S6),4.0,2.0
15696,Compact Cars,Premium,4-Wheel or All-Wheel Drive,17.3478947368421,Audi,Manual 6-spd,6.0,3.1
15697,Compact Cars,Premium,4-Wheel or All-Wheel Drive,16.4805,Audi,Automatic (S6),6.0,3.1
15698,Compact Cars,Premium,4-Wheel or All-Wheel Drive,21.974,Audi,Manual 6-spd,8.0,4.2
15699,Compact Cars,Premium,4-Wheel or All-Wheel Drive,21.974,Audi,Manual 6-spd,8.0,4.2
15700,Compact Cars,Premium,4-Wheel or All-Wheel Drive,20.600625,Audi,Automatic (S6),8.0,4.2
15701,Compact Cars,Premium,Rear-Wheel Drive,29.9645454545455,Bentley,Automatic (S6),8.0,6.7
15702,Compact Cars,Regular,Front-Wheel Drive,12.6773076923077,Chevrolet,Automatic 4-spd,4.0,1.6
15703,Compact Cars,Regular,Front-Wheel Drive,12.2077777777778,Chevrolet,Manual 5-spd,4.0,1.6
15704,Compact Cars,Premium,Front-Wheel Drive,15.6957142857143,Chrysler,Automatic 4-spd,4.0,2.4
15705,Standard Pickup Trucks,Diesel,Rear-Wheel Drive,20.115,Chevrolet,Automatic 4-spd,8.0,6.2
15706,Compact Cars,Regular,Front-Wheel Drive,15.6957142857143,Chrysler,Automatic 4-spd,4.0,2.4
15707,Compact Cars,Premium,Front-Wheel Drive,14.9822727272727,Chrysler,Manual 5-spd,4.0,2.4
15708,Compact Cars,Regular,Front-Wheel Drive,14.3308695652174,Chrysler,Manual 5-spd,4.0,2.4
15709,Compact Cars,Regular,Front-Wheel Drive,12.2077777777778,Mazda,Manual 5-spd,4.0,2.0
15710,Compact Cars,Regular,Front-Wheel Drive,12.6773076923077,Mazda,Automatic (S4),4.0,2.0
15711,Compact Cars,Regular,Front-Wheel Drive,13.1844,Mazda,Manual 5-spd,4.0,2.3
15712,Compact Cars,Regular,Front-Wheel Drive,13.73375,Mazda,Automatic (S5),4.0,2.3
15713,Compact Cars,Premium,Rear-Wheel Drive,19.3888235294118,Mercedes-Benz,Automatic 7-spd,8.0,5.5
15714,Compact Cars,Premium,Rear-Wheel Drive,25.3546153846154,Mercedes-Benz,Automatic 5-spd,12.0,5.5
15715,Compact Cars,Premium,Rear-Wheel Drive,25.3546153846154,Mercedes-Benz,Automatic (S5),12.0,5.5
15716,Compact Cars,Regular,Rear-Wheel Drive,16.4805,BMW,Automatic 4-spd,6.0,2.7
15717,Standard Pickup Trucks,Diesel,Rear-Wheel Drive,20.115,Chevrolet,Manual 4-spd,8.0,6.2
15718,Compact Cars,Premium,Rear-Wheel Drive,20.600625,Mercedes-Benz,Automatic 7-spd,8.0,5.5
15719,Compact Cars,Premium,Rear-Wheel Drive,23.5435714285714,Mercedes-Benz,Automatic (S7),8.0,6.2
15720,Compact Cars,Regular,Front-Wheel Drive,13.1844,Pontiac,Automatic 4-spd,4.0,2.4
15721,Compact Cars,Regular,Front-Wheel Drive,14.9822727272727,Pontiac,Automatic 4-spd,6.0,3.5
15722,Compact Cars,Regular,Front-Wheel Drive,16.4805,Pontiac,Automatic (S4),6.0,3.5
15723,Compact Cars,Regular,Front-Wheel Drive,16.4805,Pontiac,Automatic (S6),6.0,3.6
15724,Compact Cars,Regular,Front-Wheel Drive,18.3116666666667,Pontiac,Automatic (S4),6.0,3.9
15725,Compact Cars,Premium,4-Wheel or All-Wheel Drive,15.6957142857143,Subaru,Manual 5-spd,4.0,2.5
15726,Compact Cars,Regular,4-Wheel or All-Wheel Drive,14.9822727272727,Subaru,Manual 5-spd,4.0,2.5
15727,Compact Cars,Premium,4-Wheel or All-Wheel Drive,14.9822727272727,Subaru,Automatic (S4),4.0,2.5
15728,Standard Pickup Trucks,Diesel,Rear-Wheel Drive,20.115,Chevrolet,Manual 4-spd,8.0,6.2
15729,Compact Cars,Regular,4-Wheel or All-Wheel Drive,14.9822727272727,Subaru,Automatic (S4),4.0,2.5
15730,Compact Cars,Premium,4-Wheel or All-Wheel Drive,16.4805,Subaru,Automatic (S5),6.0,3.0
15731,Compact Cars,Regular,Front-Wheel Drive,14.9822727272727,Suzuki,Automatic 4-spd,4.0,2.0
15732,Compact Cars,Regular,Front-Wheel Drive,14.3308695652174,Suzuki,Manual 5-spd,4.0,2.0
15733,Compact Cars,Regular,Front-Wheel Drive,14.9822727272727,Suzuki,Automatic 4-spd,4.0,2.0
15734,Compact Cars,Regular,Front-Wheel Drive,14.3308695652174,Suzuki,Manual 5-spd,4.0,2.0
15735,Compact Cars,Regular,Front-Wheel Drive,13.1844,Toyota,Manual 5-spd,4.0,2.4
15736,Compact Cars,Regular,Front-Wheel Drive,13.1844,Toyota,Automatic (S5),4.0,2.4
15737,Compact Cars,Regular,Front-Wheel Drive,15.6957142857143,Toyota,Automatic (S5),6.0,3.3
15738,Compact Cars,Regular,Front-Wheel Drive,15.6957142857143,Toyota,Automatic (S5),6.0,3.3
15739,Standard Pickup Trucks,Regular,Rear-Wheel Drive,20.600625,Chevrolet,Automatic 4-spd,6.0,4.3
15740,Compact Cars,Regular,Front-Wheel Drive,11.3658620689655,Toyota,Automatic 4-spd,4.0,1.8
15741,Compact Cars,Regular,Front-Wheel Drive,10.6325806451613,Toyota,Manual 5-spd,4.0,1.8
15742,Compact Cars,Premium,Front-Wheel Drive,13.73375,Volkswagen,Manual 6-spd,4.0,2.0
15743,Compact Cars,Premium,Front-Wheel Drive,13.73375,Volkswagen,Manual 6-spd,4.0,2.0
15744,Compact Cars,Regular,Front-Wheel Drive,13.73375,Volkswagen,Manual 5-spd,5.0,2.5
15745,Compact Cars,Regular,Front-Wheel Drive,13.73375,Volkswagen,Automatic (S6),5.0,2.5
15746,Compact Cars,Premium,4-Wheel or All-Wheel Drive,16.4805,Volkswagen,Automatic (S6),6.0,3.2
15747,Compact Cars,Regular,Front-Wheel Drive,13.73375,Volkswagen,Manual 5-spd,5.0,2.5
15748,Compact Cars,Regular,Front-Wheel Drive,13.73375,Volkswagen,Automatic (S6),5.0,2.5
15749,Compact Cars,Premium,Front-Wheel Drive,14.3308695652174,Volvo,Manual 5-spd,5.0,2.4
15750,Standard Pickup Trucks,Regular,Rear-Wheel Drive,21.974,Chevrolet,Manual 4-spd,6.0,4.3
15751,Compact Cars,Premium,Front-Wheel Drive,14.3308695652174,Volvo,Automatic (S5),5.0,2.4
15752,Compact Cars,Premium,Front-Wheel Drive,14.3308695652174,Volvo,Manual 6-spd,5.0,2.5
15753,Compact Cars,Premium,Front-Wheel Drive,14.9822727272727,Volvo,Automatic (S5),5.0,2.5
15754,Compact Cars,Premium,4-Wheel or All-Wheel Drive,16.4805,Volvo,Manual 6-spd,5.0,2.5
15755,Compact Cars,Premium,4-Wheel or All-Wheel Drive,15.6957142857143,Volvo,Automatic (S5),5.0,2.5
15756,Compact Cars,Premium,Front-Wheel Drive,14.3308695652174,Volvo,Manual 5-spd,5.0,2.4
15757,Compact Cars,Premium,Front-Wheel Drive,14.3308695652174,Volvo,Automatic (S5),5.0,2.4
15758,Compact Cars,Premium,Front-Wheel Drive,14.3308695652174,Volvo,Manual 6-spd,5.0,2.5
15759,Compact Cars,Premium,Front-Wheel Drive,14.9822727272727,Volvo,Automatic (S5),5.0,2.5
15760,Compact Cars,Premium,4-Wheel or All-Wheel Drive,15.6957142857143,Volvo,Automatic 5-spd,5.0,2.5
15761,Standard Pickup Trucks,Regular,Rear-Wheel Drive,21.974,Chevrolet,Automatic 4-spd,8.0,5.0
15762,Compact Cars,Premium,4-Wheel or All-Wheel Drive,15.6957142857143,Volvo,Automatic (S5),5.0,2.5
15763,Compact Cars,Premium,Front-Wheel Drive,15.6957142857143,Volvo,Manual 6-spd,5.0,2.4
15764,Compact Cars,Premium,Front-Wheel Drive,15.6957142857143,Volvo,Automatic (S5),5.0,2.4
15765,Compact Cars,Premium,Front-Wheel Drive,14.9822727272727,Volvo,Automatic 5-spd,5.0,2.5
15766,Compact Cars,Premium,Front-Wheel Drive,14.9822727272727,Volvo,Automatic (S5),5.0,2.5
15767,Midsize Cars,Premium,4-Wheel or All-Wheel Drive,17.3478947368421,Acura,Automatic (S5),6.0,3.5
15768,Midsize Cars,Premium,Front-Wheel Drive,15.6957142857143,Acura,Automatic (S5),6.0,3.2
15769,Midsize Cars,Premium,Front-Wheel Drive,15.6957142857143,Acura,Manual 6-spd,6.0,3.5
15770,Midsize Cars,Premium,Front-Wheel Drive,16.4805,Acura,Automatic (S5),6.0,3.5
15771,Midsize Cars,Premium,Front-Wheel Drive,15.6957142857143,Audi,Automatic (variable gear ratios),6.0,3.1
15772,Standard Pickup Trucks,Regular,Rear-Wheel Drive,27.4675,Chevrolet,Manual 4-spd,8.0,5.0
15773,Midsize Cars,Premium,4-Wheel or All-Wheel Drive,16.4805,Audi,Automatic (S6),6.0,3.1
15774,Midsize Cars,Premium,4-Wheel or All-Wheel Drive,18.3116666666667,Audi,Automatic (S6),8.0,4.2
15775,Midsize Cars,Premium,4-Wheel or All-Wheel Drive,18.3116666666667,Audi,Automatic (S6),8.0,4.2
15776,Midsize Cars,Premium,4-Wheel or All-Wheel Drive,20.600625,Audi,Automatic (S6),10.0,5.2
15777,Midsize Cars,Premium,4-Wheel or All-Wheel Drive,21.974,Audi,Automatic (S6),10.0,5.2
15778,Midsize Cars,Premium,Rear-Wheel Drive,29.9645454545455,Bentley,Automatic (S6),8.0,6.7
15779,Midsize Cars,Regular,Front-Wheel Drive,16.4805,Buick,Automatic 4-spd,6.0,3.6
15780,Midsize Cars,Regular,Front-Wheel Drive,15.6957142857143,Buick,Automatic 4-spd,6.0,3.8
15781,Midsize Cars,Regular,Rear-Wheel Drive,16.4805,Cadillac,Automatic (S6),6.0,3.6
15782,Midsize Cars,Regular,4-Wheel or All-Wheel Drive,16.4805,Cadillac,Automatic (S6),6.0,3.6
15783,Standard Pickup Trucks,Regular,Rear-Wheel Drive,25.3546153846154,Chevrolet,Automatic 4-spd,8.0,5.7
15784,Midsize Cars,Regular,Rear-Wheel Drive,16.4805,Cadillac,Automatic (S6),6.0,3.6
15785,Midsize Cars,Premium,Rear-Wheel Drive,21.974,Cadillac,Automatic (S6),8.0,4.4
15786,Midsize Cars,Premium,Rear-Wheel Drive,18.3116666666667,Cadillac,Automatic (S6),8.0,4.6
15787,Midsize Cars,Regular,4-Wheel or All-Wheel Drive,16.4805,Cadillac,Automatic (S6),6.0,3.6
15788,Midsize Cars,Premium,4-Wheel or All-Wheel Drive,20.600625,Cadillac,Automatic (S6),8.0,4.6
15789,Midsize Cars,Regular,Front-Wheel Drive,13.1844,Chevrolet,Automatic 4-spd,4.0,2.2
15790,Midsize Cars,Regular,Front-Wheel Drive,14.9822727272727,Chevrolet,Automatic 4-spd,6.0,3.5
15791,Midsize Cars,Regular,Front-Wheel Drive,13.1844,Chevrolet,Automatic 4-spd,4.0,2.4
15792,Midsize Cars,Regular,Front-Wheel Drive,14.9822727272727,Chevrolet,Automatic 4-spd,6.0,3.5
15793,Midsize Cars,Regular,Front-Wheel Drive,16.4805,Chevrolet,Automatic (S6),6.0,3.6
15794,Standard Pickup Trucks,Diesel,Rear-Wheel Drive,22.4814705882353,Chevrolet,Automatic 4-spd,8.0,6.2
15795,Midsize Cars,Regular,Front-Wheel Drive,12.2077777777778,Chevrolet,Automatic 4-spd,4.0,2.4
15796,Midsize Cars,Regular,Front-Wheel Drive,14.3308695652174,Ford,Automatic 5-spd,4.0,2.3
15797,Midsize Cars,Regular,Front-Wheel Drive,14.3308695652174,Ford,Manual 5-spd,4.0,2.3
15798,Midsize Cars,Regular,Front-Wheel Drive,15.6957142857143,Ford,Automatic 6-spd,6.0,3.0
15799,Midsize Cars,Regular,4-Wheel or All-Wheel Drive,16.4805,Ford,Automatic 6-spd,6.0,3.0
15800,Midsize Cars,Regular,Front-Wheel Drive,12.2077777777778,Kia,Automatic 4-spd,4.0,2.0
15801,Midsize Cars,Regular,Front-Wheel Drive,12.6773076923077,Kia,Manual 5-spd,4.0,2.0
15802,Midsize Cars,Regular,Front-Wheel Drive,14.3308695652174,Mercury,Automatic 5-spd,4.0,2.3
15803,Midsize Cars,Regular,Front-Wheel Drive,14.3308695652174,Mercury,Manual 5-spd,4.0,2.3
15804,Midsize Cars,Regular,Front-Wheel Drive,15.6957142857143,Mercury,Automatic 6-spd,6.0,3.0
15805,Standard Pickup Trucks,Diesel,Rear-Wheel Drive,22.4814705882353,Chevrolet,Manual 4-spd,8.0,6.2
15806,Midsize Cars,Regular,4-Wheel or All-Wheel Drive,16.4805,Mercury,Automatic 6-spd,6.0,3.0
15807,Midsize Cars,Regular,4-Wheel or All-Wheel Drive,17.3478947368421,Lincoln,Automatic 6-spd,6.0,3.5
15808,Midsize Cars,Regular,Front-Wheel Drive,14.9822727272727,Lincoln,Automatic 6-spd,6.0,3.5
15809,Midsize Cars,Regular,Front-Wheel Drive,13.73375,Mazda,Manual 5-spd,4.0,2.3
15810,Midsize Cars,Regular,Front-Wheel Drive,13.73375,Mazda,Automatic (S5),4.0,2.3
15811,Midsize Cars,Regular,Front-Wheel Drive,16.4805,Mazda,Manual 5-spd,6.0,3.0
15812,Midsize Cars,Regular,Front-Wheel Drive,16.4805,Mazda,Automatic (S6),6.0,3.0
15813,Midsize Cars,Premium,Front-Wheel Drive,16.4805,Mazda,Manual 6-spd,4.0,2.3
15814,Midsize Cars,Diesel,Rear-Wheel Drive,14.6994230769231,Mercedes-Benz,Automatic 7-spd,6.0,3.0
15815,Midsize Cars,Premium,Rear-Wheel Drive,17.3478947368421,Mercedes-Benz,Automatic 7-spd,6.0,3.5
15816,Standard Pickup Trucks,Regular,Rear-Wheel Drive,19.3888235294118,Chevrolet,Automatic 3-spd,6.0,4.3
15817,Midsize Cars,Premium,4-Wheel or All-Wheel Drive,18.3116666666667,Mercedes-Benz,Automatic 5-spd,6.0,3.5
15818,Midsize Cars,Premium,Rear-Wheel Drive,19.3888235294118,Mercedes-Benz,Automatic 7-spd,8.0,5.5
15819,Midsize Cars,Premium,4-Wheel or All-Wheel Drive,20.600625,Mercedes-Benz,Automatic 7-spd,8.0,5.5
15820,Midsize Cars,Premium,Rear-Wheel Drive,21.974,Mercedes-Benz,Automatic (S7),8.0,6.2
15821,Midsize Cars,Regular,Front-Wheel Drive,11.3658620689655,Nissan,Automatic (variable gear ratios),4.0,1.8
15822,Midsize Cars,Regular,Front-Wheel Drive,12.2077777777778,Nissan,Automatic 4-spd,4.0,1.8
15823,Midsize Cars,Regular,Front-Wheel Drive,11.7717857142857,Nissan,Manual 6-spd,4.0,1.8
15824,Midsize Cars,Regular,Front-Wheel Drive,13.1844,Saturn,Automatic 4-spd,4.0,2.4
15825,Midsize Cars,Regular,Front-Wheel Drive,14.9822727272727,Saturn,Automatic 4-spd,6.0,3.5
15826,Midsize Cars,Regular,Front-Wheel Drive,16.4805,Saturn,Automatic (S6),6.0,3.6
15827,Compact Cars,Regular,Rear-Wheel Drive,16.4805,BMW,Manual 5-spd,6.0,2.7
15828,Standard Pickup Trucks,Regular,Rear-Wheel Drive,18.3116666666667,Chevrolet,Automatic 4-spd,6.0,4.3
15829,Midsize Cars,Regular,Front-Wheel Drive,12.2077777777778,Saturn,Automatic 4-spd,4.0,2.4
15830,Midsize Cars,Regular,Front-Wheel Drive,13.1844,Toyota,Automatic 5-spd,4.0,2.4
15831,Midsize Cars,Regular,Front-Wheel Drive,13.1844,Toyota,Manual 5-spd,4.0,2.4
15832,Midsize Cars,Regular,Front-Wheel Drive,14.9822727272727,Toyota,Automatic (S6),6.0,3.5
15833,Midsize Cars,Regular,Front-Wheel Drive,9.69441176470588,Toyota,Automatic (variable gear ratios),4.0,2.4
15834,Midsize Cars,Premium,Front-Wheel Drive,13.73375,Volkswagen,Manual 6-spd,4.0,2.0
15835,Midsize Cars,Premium,Front-Wheel Drive,14.9822727272727,Volkswagen,Automatic (S6),4.0,2.0
15836,Midsize Cars,Premium,Front-Wheel Drive,16.4805,Volkswagen,Automatic (S6),6.0,3.6
15837,Midsize Cars,Premium,4-Wheel or All-Wheel Drive,17.3478947368421,Volkswagen,Automatic (S6),6.0,3.6
15838,Midsize Cars,Premium,4-Wheel or All-Wheel Drive,18.3116666666667,Volvo,Automatic (S6),6.0,3.0
15839,Standard Pickup Trucks,Regular,Rear-Wheel Drive,20.600625,Chevrolet,Automatic 3-spd,8.0,5.0
15840,Midsize Cars,Premium,4-Wheel or All-Wheel Drive,17.3478947368421,Volvo,Automatic (S6),6.0,3.2
15841,Midsize Cars,Premium,4-Wheel or All-Wheel Drive,18.3116666666667,Volvo,Automatic (S6),8.0,4.4
15842,Midsize Cars,Premium,Front-Wheel Drive,17.3478947368421,Volvo,Automatic (S6),6.0,3.2
15843,Large Cars,Premium,4-Wheel or All-Wheel Drive,18.3116666666667,Audi,Automatic (S6),8.0,4.2
15844,Large Cars,Premium,Rear-Wheel Drive,29.9645454545455,Bentley,Automatic (S6),8.0,6.7
15845,Large Cars,Regular,Front-Wheel Drive,17.3478947368421,Buick,Automatic 4-spd,6.0,3.8
15846,Large Cars,Regular,Front-Wheel Drive,18.3116666666667,Buick,Automatic 4-spd,8.0,4.6
15847,Large Cars,Regular,Front-Wheel Drive,18.3116666666667,Buick,Automatic 4-spd,8.0,4.6
15848,Large Cars,Regular,Front-Wheel Drive,18.3116666666667,Cadillac,Automatic 4-spd,8.0,4.6
15849,Large Cars,Regular,Front-Wheel Drive,18.3116666666667,Cadillac,Automatic 4-spd,8.0,4.6
15850,Standard Pickup Trucks,Regular,Rear-Wheel Drive,19.3888235294118,Chevrolet,Automatic 4-spd,8.0,5.0
15851,Large Cars,Regular,Front-Wheel Drive,21.974,Cadillac,Automatic 4-spd,8.0,4.6
15852,Large Cars,Regular,Front-Wheel Drive,21.974,Cadillac,Automatic 4-spd,8.0,4.6
15853,Large Cars,Regular,Front-Wheel Drive,14.9822727272727,Chevrolet,Automatic 4-spd,6.0,3.5
15854,Large Cars,Premium,Rear-Wheel Drive,20.600625,Mercedes-Benz,Automatic 7-spd,8.0,5.5
15855,Large Cars,Premium,4-Wheel or All-Wheel Drive,20.600625,Mercedes-Benz,Automatic 7-spd,8.0,5.5
15856,Large Cars,Premium,Rear-Wheel Drive,25.3546153846154,Mercedes-Benz,Automatic 5-spd,12.0,5.5
15857,Large Cars,Premium,Rear-Wheel Drive,25.3546153846154,Mercedes-Benz,Automatic (S5),12.0,6.0
15858,Large Cars,Regular,Front-Wheel Drive,14.9822727272727,Toyota,Automatic (S6),6.0,3.5
15859,Small Station Wagons,Premium,Front-Wheel Drive,13.73375,Audi,Manual 6-spd,4.0,2.0
15860,Small Station Wagons,Premium,4-Wheel or All-Wheel Drive,14.3308695652174,Audi,Manual 6-spd,4.0,2.0
15861,Standard Pickup Trucks,Regular,Rear-Wheel Drive,25.3546153846154,Dodge,Automatic 3-spd,6.0,3.7
15862,Small Station Wagons,Premium,4-Wheel or All-Wheel Drive,14.9822727272727,Audi,Automatic (S6),4.0,2.0
15863,Small Station Wagons,Premium,4-Wheel or All-Wheel Drive,17.3478947368421,Audi,Manual 6-spd,6.0,3.1
15864,Small Station Wagons,Premium,4-Wheel or All-Wheel Drive,16.4805,Audi,Automatic (S6),6.0,3.1
15865,Small Station Wagons,Premium,4-Wheel or All-Wheel Drive,21.974,Audi,Manual 6-spd,8.0,4.2
15866,Small Station Wagons,Premium,4-Wheel or All-Wheel Drive,20.600625,Audi,Automatic (S6),8.0,4.2
15867,Small Station Wagons,Regular,Front-Wheel Drive,12.2077777777778,Pontiac,Automatic 4-spd,4.0,1.8
15868,Small Station Wagons,Regular,Front-Wheel Drive,11.3658620689655,Pontiac,Manual 5-spd,4.0,1.8
15869,Small Station Wagons,Premium,4-Wheel or All-Wheel Drive,15.6957142857143,Subaru,Manual 5-spd,4.0,2.5
15870,Small Station Wagons,Regular,4-Wheel or All-Wheel Drive,14.9822727272727,Subaru,Manual 5-spd,4.0,2.5
15871,Small Station Wagons,Premium,4-Wheel or All-Wheel Drive,14.9822727272727,Subaru,Automatic (S4),4.0,2.5
15872,Standard Pickup Trucks,Regular,Rear-Wheel Drive,21.974,Dodge,Automatic 3-spd,6.0,3.7
15873,Small Station Wagons,Regular,4-Wheel or All-Wheel Drive,14.9822727272727,Subaru,Automatic (S4),4.0,2.5
15874,Small Station Wagons,Regular,Front-Wheel Drive,14.9822727272727,Suzuki,Automatic 4-spd,4.0,2.0
15875,Small Station Wagons,Regular,Front-Wheel Drive,14.9822727272727,Suzuki,Manual 5-spd,4.0,2.0
15876,Small Station Wagons,Regular,Front-Wheel Drive,12.2077777777778,Toyota,Automatic 4-spd,4.0,1.8
15877,Small Station Wagons,Regular,Front-Wheel Drive,11.3658620689655,Toyota,Manual 5-spd,4.0,1.8
15878,Small Station Wagons,Regular,Front-Wheel Drive,13.73375,Volkswagen,Manual 5-spd,5.0,2.5
15879,Small Station Wagons,Regular,Front-Wheel Drive,13.73375,Volkswagen,Automatic (S6),5.0,2.5
15880,Small Station Wagons,Premium,4-Wheel or All-Wheel Drive,16.4805,Volvo,Manual 6-spd,5.0,2.5
15881,Small Station Wagons,Premium,4-Wheel or All-Wheel Drive,15.6957142857143,Volvo,Automatic (S5),5.0,2.5
15882,Small Station Wagons,Premium,Front-Wheel Drive,14.3308695652174,Volvo,Manual 5-spd,5.0,2.4
15883,Standard Pickup Trucks,Regular,Rear-Wheel Drive,23.5435714285714,Dodge,Manual 4-spd,6.0,3.7
15884,Small Station Wagons,Premium,Front-Wheel Drive,14.3308695652174,Volvo,Automatic (S5),5.0,2.4
15885,Small Station Wagons,Premium,Front-Wheel Drive,14.3308695652174,Volvo,Manual 6-spd,5.0,2.5
15886,Small Station Wagons,Premium,Front-Wheel Drive,14.9822727272727,Volvo,Automatic (S5),5.0,2.5
15887,Midsize Station Wagons,Premium,4-Wheel or All-Wheel Drive,16.4805,Audi,Automatic (S6),6.0,3.1
15888,Midsize Station Wagons,Premium,4-Wheel or All-Wheel Drive,18.3116666666667,Mercedes-Benz,Automatic 5-spd,6.0,3.5
15889,Midsize Station Wagons,Premium,Rear-Wheel Drive,23.5435714285714,Mercedes-Benz,Automatic (S7),8.0,6.2
15890,Midsize Station Wagons,Premium,Front-Wheel Drive,13.73375,Volkswagen,Manual 6-spd,4.0,2.0
15891,Midsize Station Wagons,Premium,Front-Wheel Drive,14.3308695652174,Volkswagen,Automatic (S6),4.0,2.0
15892,Midsize Station Wagons,Premium,4-Wheel or All-Wheel Drive,17.3478947368421,Volkswagen,Automatic (S6),6.0,3.6
15893,Standard Pickup Trucks,Regular,Rear-Wheel Drive,20.600625,Dodge,Manual 4-spd,6.0,3.7
15894,Small Pickup Trucks 2WD,Regular,Rear-Wheel Drive,16.4805,Chevrolet,Automatic 4-spd,4.0,2.9
15895,Small Pickup Trucks 2WD,Regular,Rear-Wheel Drive,16.4805,Chevrolet,Manual 5-spd,4.0,2.9
15896,Small Pickup Trucks 2WD,Regular,Rear-Wheel Drive,18.3116666666667,Chevrolet,Automatic 4-spd,5.0,3.7
15897,Small Pickup Trucks 2WD,Regular,Rear-Wheel Drive,16.4805,Chevrolet,Automatic 4-spd,4.0,2.9
15898,Small Pickup Trucks 2WD,Regular,Rear-Wheel Drive,16.4805,Chevrolet,Manual 5-spd,4.0,2.9
15899,Small Pickup Trucks 2WD,Regular,Rear-Wheel Drive,18.3116666666667,Chevrolet,Automatic 4-spd,5.0,3.7
15900,Small Pickup Trucks 2WD,Regular,Rear-Wheel Drive,15.6957142857143,Ford,Automatic 5-spd,4.0,2.3
15901,Small Pickup Trucks 2WD,Regular,Rear-Wheel Drive,14.3308695652174,Ford,Manual 5-spd,4.0,2.3
15902,Small Pickup Trucks 2WD,Regular,Rear-Wheel Drive,19.3888235294118,Ford,Automatic 5-spd,6.0,3.0
15903,Small Pickup Trucks 2WD,Regular,Rear-Wheel Drive,18.3116666666667,Ford,Manual 5-spd,6.0,3.0
15904,Standard Pickup Trucks,Regular,Rear-Wheel Drive,21.974,Dodge,Manual 4-spd,6.0,3.7
15905,Small Pickup Trucks 2WD,Regular,Rear-Wheel Drive,19.3888235294118,Ford,Automatic 5-spd,6.0,4.0
15906,Small Pickup Trucks 2WD,Regular,Rear-Wheel Drive,16.4805,GMC,Automatic 4-spd,4.0,2.9
15907,Small Pickup Trucks 2WD,Regular,Rear-Wheel Drive,16.4805,GMC,Manual 5-spd,4.0,2.9
15908,Small Pickup Trucks 2WD,Regular,Rear-Wheel Drive,18.3116666666667,GMC,Automatic 4-spd,5.0,3.7
15909,Small Pickup Trucks 2WD,Regular,Rear-Wheel Drive,21.974,GMC,Automatic 4-spd,5.0,3.7
15910,Small Pickup Trucks 2WD,Regular,Rear-Wheel Drive,16.4805,GMC,Automatic 4-spd,4.0,2.9
15911,Small Pickup Trucks 2WD,Regular,Rear-Wheel Drive,16.4805,GMC,Manual 5-spd,4.0,2.9
15912,Small Pickup Trucks 2WD,Regular,Rear-Wheel Drive,18.3116666666667,GMC,Automatic 4-spd,5.0,3.7
15913,Small Pickup Trucks 2WD,Regular,Rear-Wheel Drive,16.4805,Isuzu,Automatic 4-spd,4.0,2.9
15914,Small Pickup Trucks 2WD,Regular,Rear-Wheel Drive,16.4805,Isuzu,Manual 5-spd,4.0,2.9
15915,Standard Pickup Trucks,Regular,Rear-Wheel Drive,25.3546153846154,Dodge,Automatic 3-spd,8.0,5.2
15916,Small Pickup Trucks 2WD,Regular,Rear-Wheel Drive,18.3116666666667,Isuzu,Automatic 4-spd,5.0,3.7
15917,Small Pickup Trucks 2WD,Regular,Rear-Wheel Drive,18.3116666666667,Isuzu,Automatic 4-spd,5.0,3.7
15918,Small Pickup Trucks 2WD,Regular,Rear-Wheel Drive,15.6957142857143,Mazda,Automatic 5-spd,4.0,2.3
15919,Small Pickup Trucks 2WD,Regular,Rear-Wheel Drive,14.3308695652174,Mazda,Manual 5-spd,4.0,2.3
15920,Small Pickup Trucks 2WD,Regular,Rear-Wheel Drive,19.3888235294118,Mazda,Automatic 5-spd,6.0,3.0
15921,Small Pickup Trucks 2WD,Regular,Rear-Wheel Drive,18.3116666666667,Mazda,Manual 5-spd,6.0,3.0
15922,Small Pickup Trucks 2WD,Regular,Rear-Wheel Drive,19.3888235294118,Mazda,Automatic 5-spd,6.0,4.0
15923,Small Pickup Trucks 2WD,Regular,Rear-Wheel Drive,18.3116666666667,Toyota,Automatic 5-spd,6.0,4.0
15924,Small Pickup Trucks 2WD,Regular,Rear-Wheel Drive,19.3888235294118,Toyota,Manual 6-spd,6.0,4.0
15925,Small Pickup Trucks 4WD,Regular,4-Wheel or All-Wheel Drive,17.3478947368421,Chevrolet,Automatic 4-spd,4.0,2.9
15926,Standard Pickup Trucks,Regular,Rear-Wheel Drive,25.3546153846154,Dodge,Automatic 3-spd,8.0,5.2
15927,Small Pickup Trucks 4WD,Regular,4-Wheel or All-Wheel Drive,18.3116666666667,Chevrolet,Manual 5-spd,4.0,2.9
15928,Small Pickup Trucks 4WD,Regular,4-Wheel or All-Wheel Drive,19.3888235294118,Chevrolet,Automatic 4-spd,5.0,3.7
15929,Small Pickup Trucks 2WD,Regular,Rear-Wheel Drive,21.974,Chevrolet,Automatic 4-spd,5.0,3.7
15930,Small Pickup Trucks 4WD,Regular,4-Wheel or All-Wheel Drive,19.3888235294118,Chevrolet,Automatic 4-spd,5.0,3.7
15931,Small Pickup Trucks 4WD,Regular,4-Wheel or All-Wheel Drive,19.3888235294118,Chevrolet,Automatic 4-spd,5.0,3.7
15932,Small Pickup Trucks 4WD,Regular,4-Wheel or All-Wheel Drive,20.600625,Ford,Automatic 5-spd,6.0,3.0
15933,Small Pickup Trucks 4WD,Regular,4-Wheel or All-Wheel Drive,19.3888235294118,Ford,Manual 5-spd,6.0,3.0
15934,Small Pickup Trucks 4WD,Regular,4-Wheel or All-Wheel Drive,21.974,Ford,Automatic 5-spd,6.0,4.0
15935,Small Pickup Trucks 4WD,Regular,4-Wheel or All-Wheel Drive,20.600625,Ford,Manual 5-spd,6.0,4.0
15936,Small Pickup Trucks 4WD,Regular,4-Wheel or All-Wheel Drive,17.3478947368421,GMC,Automatic 4-spd,4.0,2.9
15937,Compact Cars,Regular,Rear-Wheel Drive,19.3888235294118,BMW,Automatic 4-spd,6.0,3.4
15938,Standard Pickup Trucks,Regular,Rear-Wheel Drive,25.3546153846154,Dodge,Automatic 3-spd,8.0,5.2
15939,Small Pickup Trucks 4WD,Regular,4-Wheel or All-Wheel Drive,18.3116666666667,GMC,Manual 5-spd,4.0,2.9
15940,Small Pickup Trucks 4WD,Regular,4-Wheel or All-Wheel Drive,19.3888235294118,GMC,Automatic 4-spd,5.0,3.7
15941,Small Pickup Trucks 4WD,Regular,4-Wheel or All-Wheel Drive,19.3888235294118,GMC,Automatic 4-spd,5.0,3.7
15942,Small Pickup Trucks 4WD,Regular,4-Wheel or All-Wheel Drive,19.3888235294118,GMC,Automatic 4-spd,5.0,3.7
15943,Small Pickup Trucks 4WD,Regular,4-Wheel or All-Wheel Drive,19.3888235294118,Isuzu,Automatic 4-spd,5.0,3.7
15944,Small Pickup Trucks 4WD,Regular,4-Wheel or All-Wheel Drive,21.974,Mazda,Automatic 5-spd,6.0,4.0
15945,Small Pickup Trucks 4WD,Regular,4-Wheel or All-Wheel Drive,20.600625,Mazda,Manual 5-spd,6.0,4.0
15946,Small Pickup Trucks 4WD,Regular,4-Wheel or All-Wheel Drive,18.3116666666667,Toyota,Automatic 5-spd,6.0,4.0
15947,Small Pickup Trucks 4WD,Regular,4-Wheel or All-Wheel Drive,20.600625,Toyota,Manual 6-spd,6.0,4.0
15948,Standard Pickup Trucks 2WD,Regular,Rear-Wheel Drive,19.3888235294118,Chevrolet,Automatic 4-spd,6.0,4.3
15949,Standard Pickup Trucks,Regular,Rear-Wheel Drive,23.5435714285714,Dodge,Manual 4-spd,8.0,5.2
15950,Standard Pickup Trucks 2WD,Regular,Rear-Wheel Drive,20.600625,Chevrolet,Automatic 4-spd,8.0,4.8
15951,Standard Pickup Trucks 2WD,Regular,Rear-Wheel Drive,19.3888235294118,Chevrolet,Automatic 4-spd,8.0,5.3
15952,Standard Pickup Trucks 2WD,Regular,Rear-Wheel Drive,21.974,Chevrolet,Automatic 4-spd,8.0,6.0
15953,Standard Pickup Trucks 2WD,Regular,Rear-Wheel Drive,19.3888235294118,Dodge,Automatic 4-spd,6.0,3.7
15954,Standard Pickup Trucks 2WD,Regular,Rear-Wheel Drive,18.3116666666667,Dodge,Manual 6-spd,6.0,3.7
15955,Standard Pickup Trucks 2WD,Regular,Rear-Wheel Drive,20.600625,Dodge,Automatic 4-spd,6.0,3.7
15956,Standard Pickup Trucks 2WD,Regular,Rear-Wheel Drive,19.3888235294118,Dodge,Manual 6-spd,6.0,3.7
15957,Standard Pickup Trucks 2WD,Regular,Rear-Wheel Drive,23.5435714285714,Dodge,Manual 6-spd,8.0,4.7
15958,Standard Pickup Trucks 2WD,Regular,Rear-Wheel Drive,21.974,Dodge,Automatic 5-spd,8.0,5.7
15959,Standard Pickup Trucks 2WD,Regular,Rear-Wheel Drive,20.600625,Ford,Automatic 5-spd,6.0,4.0
15960,Standard Pickup Trucks,Regular,Rear-Wheel Drive,25.3546153846154,Dodge,Manual 4-spd,8.0,5.2
15961,Standard Pickup Trucks 2WD,Regular,Rear-Wheel Drive,20.600625,Ford,Automatic 6-spd,8.0,4.6
15962,Standard Pickup Trucks 2WD,Regular,Rear-Wheel Drive,19.3888235294118,GMC,Automatic 4-spd,6.0,4.3
15963,Standard Pickup Trucks 2WD,Regular,Rear-Wheel Drive,20.600625,GMC,Automatic 4-spd,8.0,4.8
15964,Standard Pickup Trucks 2WD,Regular,Rear-Wheel Drive,19.3888235294118,GMC,Automatic 4-spd,8.0,5.3
15965,Standard Pickup Trucks 2WD,Regular,Rear-Wheel Drive,21.974,GMC,Automatic 4-spd,8.0,6.0
15966,Standard Pickup Trucks 2WD,Premium,Rear-Wheel Drive,21.974,GMC,Automatic 6-spd,8.0,6.2
15967,Standard Pickup Trucks 2WD,Regular,Rear-Wheel Drive,19.3888235294118,Mitsubishi,Automatic 4-spd,6.0,3.7
15968,Standard Pickup Trucks 2WD,Regular,Rear-Wheel Drive,18.3116666666667,Mitsubishi,Manual 6-spd,6.0,3.7
15969,Standard Pickup Trucks 4WD,Regular,4-Wheel or All-Wheel Drive,21.974,Chevrolet,Automatic 4-spd,6.0,4.3
15970,Standard Pickup Trucks 4WD,Regular,4-Wheel or All-Wheel Drive,20.600625,Chevrolet,Automatic 4-spd,8.0,4.8
15971,Standard Pickup Trucks,Regular,Rear-Wheel Drive,27.4675,Dodge,Manual 4-spd,8.0,5.2
15972,Standard Pickup Trucks 4WD,Regular,4-Wheel or All-Wheel Drive,20.600625,Chevrolet,Automatic 4-spd,8.0,5.3
15973,Standard Pickup Trucks 4WD,Regular,4-Wheel or All-Wheel Drive,23.5435714285714,Chevrolet,Automatic 4-spd,8.0,6.0
15974,Standard Pickup Trucks 4WD,Regular,4-Wheel or All-Wheel Drive,21.974,Dodge,Automatic 4-spd,6.0,3.7
15975,Standard Pickup Trucks 4WD,Regular,4-Wheel or All-Wheel Drive,20.600625,Dodge,Manual 6-spd,6.0,3.7
15976,Standard Pickup Trucks 4WD,Regular,4-Wheel or All-Wheel Drive,23.5435714285714,Dodge,Manual 6-spd,8.0,4.7
15977,Standard Pickup Trucks 4WD,Regular,4-Wheel or All-Wheel Drive,23.5435714285714,Dodge,Automatic 5-spd,8.0,5.7
15978,Standard Pickup Trucks 4WD,Regular,4-Wheel or All-Wheel Drive,21.974,Ford,Automatic 5-spd,6.0,4.0
15979,Standard Pickup Trucks 4WD,Regular,4-Wheel or All-Wheel Drive,21.974,Ford,Automatic 6-spd,8.0,4.6
15980,Standard Pickup Trucks 4WD,Regular,4-Wheel or All-Wheel Drive,21.974,GMC,Automatic 4-spd,6.0,4.3
15981,Standard Pickup Trucks 4WD,Regular,4-Wheel or All-Wheel Drive,20.600625,GMC,Automatic 4-spd,8.0,4.8
15982,Standard Pickup Trucks,Regular,Rear-Wheel Drive,27.4675,Dodge,Manual 4-spd,8.0,5.2
15983,Standard Pickup Trucks 4WD,Regular,4-Wheel or All-Wheel Drive,20.600625,GMC,Automatic 4-spd,8.0,5.3
15984,Standard Pickup Trucks 4WD,Regular,4-Wheel or All-Wheel Drive,23.5435714285714,GMC,Automatic 4-spd,8.0,6.0
15985,Standard Pickup Trucks 4WD,Premium,4-Wheel or All-Wheel Drive,23.5435714285714,GMC,Automatic 6-spd,8.0,6.2
15986,Standard Pickup Trucks 4WD,Regular,4-Wheel or All-Wheel Drive,19.3888235294118,Honda,Automatic 5-spd,6.0,3.5
15987,Standard Pickup Trucks 4WD,Regular,4-Wheel or All-Wheel Drive,21.974,Mitsubishi,Automatic 4-spd,6.0,3.7
15988,"Vans, Cargo Type",Regular,Rear-Wheel Drive,23.5435714285714,Chevrolet,Automatic 4-spd,8.0,5.3
15989,"Vans, Cargo Type",Regular,Rear-Wheel Drive,19.3888235294118,Chevrolet,Automatic 4-spd,6.0,4.3
15990,"Vans, Cargo Type",Regular,Rear-Wheel Drive,21.974,Chevrolet,Automatic 4-spd,8.0,5.3
15991,"Vans, Cargo Type",Regular,4-Wheel or All-Wheel Drive,23.5435714285714,Chevrolet,Automatic 4-spd,8.0,5.3
15992,"Vans, Cargo Type",Regular,4-Wheel or All-Wheel Drive,21.974,Chevrolet,Automatic 4-spd,8.0,5.3
15993,Standard Pickup Trucks,Regular,Rear-Wheel Drive,29.9645454545455,Dodge,Automatic 3-spd,8.0,5.9
15994,"Vans, Cargo Type",Regular,Rear-Wheel Drive,23.5435714285714,GMC,Automatic 4-spd,8.0,5.3
15995,"Vans, Cargo Type",Regular,Rear-Wheel Drive,19.3888235294118,GMC,Automatic 4-spd,6.0,4.3
15996,"Vans, Cargo Type",Regular,Rear-Wheel Drive,21.974,GMC,Automatic 4-spd,8.0,5.3
15997,"Vans, Cargo Type",Regular,4-Wheel or All-Wheel Drive,23.5435714285714,GMC,Automatic 4-spd,8.0,5.3
15998,"Vans, Cargo Type",Regular,4-Wheel or All-Wheel Drive,21.974,GMC,Automatic 4-spd,8.0,5.3
15999,"Vans, Passenger Type",Regular,Rear-Wheel Drive,23.5435714285714,Chevrolet,Automatic 4-spd,8.0,5.3
16000,"Vans, Passenger Type",Regular,4-Wheel or All-Wheel Drive,23.5435714285714,Chevrolet,Automatic 4-spd,8.0,5.3
16001,"Vans, Passenger Type",Regular,Rear-Wheel Drive,23.5435714285714,GMC,Automatic 4-spd,8.0,5.3
16002,"Vans, Passenger Type",Regular,4-Wheel or All-Wheel Drive,23.5435714285714,GMC,Automatic 4-spd,8.0,5.3
16003,Minivan - 2WD,Regular,Front-Wheel Drive,17.3478947368421,Buick,Automatic 4-spd,6.0,3.9
16004,Standard Pickup Trucks,Regular,Rear-Wheel Drive,29.9645454545455,Dodge,Manual 4-spd,8.0,5.9
16005,Minivan - 2WD,Regular,Front-Wheel Drive,18.3116666666667,Chrysler,Automatic 6-spd,6.0,3.8
16006,Minivan - 2WD,Regular,Front-Wheel Drive,18.3116666666667,Chrysler,Automatic 6-spd,6.0,4.0
16007,Minivan - 2WD,Regular,Front-Wheel Drive,18.3116666666667,Dodge,Automatic 6-spd,6.0,3.8
16008,Minivan - 2WD,Regular,Front-Wheel Drive,18.3116666666667,Dodge,Automatic 6-spd,6.0,4.0
16009,Sport Utility Vehicle - 2WD,Premium,Rear-Wheel Drive,23.5435714285714,Cadillac,Automatic 6-spd,8.0,6.2
16010,Sport Utility Vehicle - 2WD,Regular,Rear-Wheel Drive,19.3888235294118,Cadillac,Automatic (S5),6.0,3.6
16011,Sport Utility Vehicle - 2WD,Premium,Rear-Wheel Drive,20.600625,Cadillac,Automatic (S6),8.0,4.6
16012,Sport Utility Vehicle - 2WD,Regular,Rear-Wheel Drive,20.600625,Chevrolet,Automatic 4-spd,8.0,5.3
16013,Sport Utility Vehicle - 2WD,Regular,Rear-Wheel Drive,23.5435714285714,Chevrolet,Automatic 4-spd,8.0,6.0
16014,Sport Utility Vehicle - 2WD,Regular,Rear-Wheel Drive,20.600625,Chevrolet,Automatic 4-spd,8.0,5.3
16015,Standard Pickup Trucks,Regular,Rear-Wheel Drive,21.974,Dodge,Automatic 3-spd,6.0,3.7
16016,Sport Utility Vehicle - 2WD,Regular,Rear-Wheel Drive,23.5435714285714,Chevrolet,Automatic 4-spd,8.0,6.0
16017,Sport Utility Vehicle - 2WD,Regular,Rear-Wheel Drive,20.600625,Chevrolet,Automatic 4-spd,8.0,4.8
16018,Sport Utility Vehicle - 2WD,Regular,Rear-Wheel Drive,20.600625,Chevrolet,Automatic 4-spd,8.0,5.3
16019,Sport Utility Vehicle - 2WD,Regular,Front-Wheel Drive,17.3478947368421,Chevrolet,Automatic 5-spd,6.0,3.4
16020,Sport Utility Vehicle - 2WD,Regular,Front-Wheel Drive,13.1844,Chevrolet,Automatic 4-spd,4.0,2.2
16021,Sport Utility Vehicle - 2WD,Regular,Front-Wheel Drive,13.73375,Chevrolet,Manual 5-spd,4.0,2.2
16022,Sport Utility Vehicle - 2WD,Premium,Front-Wheel Drive,13.73375,Chevrolet,Automatic 4-spd,4.0,2.4
16023,Sport Utility Vehicle - 2WD,Premium,Front-Wheel Drive,14.3308695652174,Chevrolet,Manual 5-spd,4.0,2.4
16024,Sport Utility Vehicle - 2WD,Regular,Front-Wheel Drive,13.1844,Chevrolet,Automatic 4-spd,4.0,2.2
16025,Sport Utility Vehicle - 2WD,Regular,Front-Wheel Drive,13.73375,Chevrolet,Manual 5-spd,4.0,2.2
16026,Standard Pickup Trucks,Regular,Rear-Wheel Drive,21.974,Dodge,Manual 4-spd,6.0,3.7
16027,Sport Utility Vehicle - 2WD,Premium,Front-Wheel Drive,13.73375,Chevrolet,Automatic 4-spd,4.0,2.4
16028,Sport Utility Vehicle - 2WD,Premium,Front-Wheel Drive,14.3308695652174,Chevrolet,Manual 5-spd,4.0,2.4
16029,Sport Utility Vehicle - 2WD,Regular,Rear-Wheel Drive,20.600625,Chevrolet,Automatic 4-spd,6.0,4.2
16030,Sport Utility Vehicle - 2WD,Regular,Rear-Wheel Drive,19.3888235294118,Chevrolet,Automatic 4-spd,8.0,5.3
16031,Sport Utility Vehicle - 2WD,Premium,Rear-Wheel Drive,23.5435714285714,Chevrolet,Automatic 4-spd,8.0,6.0
16032,Sport Utility Vehicle - 2WD,Regular,Rear-Wheel Drive,21.974,Chrysler,Automatic 5-spd,8.0,5.7
16033,Sport Utility Vehicle - 2WD,Regular,Front-Wheel Drive,18.3116666666667,Chrysler,Automatic 4-spd,6.0,3.8
16034,Sport Utility Vehicle - 2WD,Regular,Front-Wheel Drive,19.3888235294118,Chrysler,Automatic 6-spd,6.0,4.0
16035,Sport Utility Vehicle - 2WD,Premium,Front-Wheel Drive,15.6957142857143,Chrysler,Automatic 4-spd,4.0,2.4
16036,Sport Utility Vehicle - 2WD,Regular,Front-Wheel Drive,15.6957142857143,Chrysler,Automatic 4-spd,4.0,2.4
16037,Standard Pickup Trucks,Regular,Rear-Wheel Drive,27.4675,Dodge,Automatic 3-spd,8.0,5.2
16038,Sport Utility Vehicle - 2WD,Premium,Front-Wheel Drive,14.9822727272727,Chrysler,Manual 5-spd,4.0,2.4
16039,Sport Utility Vehicle - 2WD,Regular,Front-Wheel Drive,14.3308695652174,Chrysler,Manual 5-spd,4.0,2.4
16040,Sport Utility Vehicle - 2WD,Regular,Rear-Wheel Drive,20.600625,Dodge,Automatic 4-spd,6.0,3.7
16041,Sport Utility Vehicle - 2WD,Regular,Rear-Wheel Drive,21.974,Dodge,Automatic 5-spd,8.0,5.7
16042,Sport Utility Vehicle - 2WD,Regular,Rear-Wheel Drive,18.3116666666667,Dodge,Automatic 4-spd,6.0,3.7
16043,Sport Utility Vehicle - 2WD,Regular,Rear-Wheel Drive,17.3478947368421,Dodge,Manual 6-spd,6.0,3.7
16044,Sport Utility Vehicle - 2WD,Regular,Rear-Wheel Drive,18.3116666666667,Dodge,Automatic 5-spd,6.0,4.0
16045,Sport Utility Vehicle - 2WD,Regular,Rear-Wheel Drive,23.5435714285714,Ford,Automatic 6-spd,8.0,5.4
16046,Sport Utility Vehicle - 2WD,Regular,Rear-Wheel Drive,20.600625,Ford,Automatic 5-spd,6.0,4.0
16047,Sport Utility Vehicle - 2WD,Regular,Rear-Wheel Drive,20.600625,Ford,Automatic 6-spd,8.0,4.6
16048,Compact Cars,Regular,Rear-Wheel Drive,19.3888235294118,BMW,Manual 5-spd,6.0,3.4
16049,Standard Pickup Trucks,Regular,Rear-Wheel Drive,25.3546153846154,Dodge,Automatic 3-spd,8.0,5.2
16050,Sport Utility Vehicle - 2WD,Regular,Front-Wheel Drive,17.3478947368421,Ford,Automatic 6-spd,6.0,3.5
16051,Sport Utility Vehicle - 2WD,Regular,Rear-Wheel Drive,20.600625,GMC,Automatic 4-spd,8.0,4.8
16052,Sport Utility Vehicle - 2WD,Regular,Rear-Wheel Drive,20.600625,GMC,Automatic 4-spd,8.0,5.3
16053,Sport Utility Vehicle - 2WD,Regular,Rear-Wheel Drive,20.600625,GMC,Automatic 4-spd,8.0,5.3
16054,Sport Utility Vehicle - 2WD,Regular,Rear-Wheel Drive,23.5435714285714,GMC,Automatic 4-spd,8.0,6.0
16055,Sport Utility Vehicle - 2WD,Regular,Rear-Wheel Drive,20.600625,GMC,Automatic 4-spd,6.0,4.2
16056,Sport Utility Vehicle - 2WD,Regular,Rear-Wheel Drive,19.3888235294118,GMC,Automatic 4-spd,8.0,5.3
16057,Sport Utility Vehicle - 2WD,Regular,Front-Wheel Drive,14.9822727272727,Honda,Automatic 5-spd,4.0,2.4
16058,Sport Utility Vehicle - 2WD,Regular,Front-Wheel Drive,16.4805,Honda,Manual 5-spd,4.0,2.4
16059,Sport Utility Vehicle - 2WD,Regular,Front-Wheel Drive,18.3116666666667,Honda,Automatic 5-spd,6.0,3.5
16060,Standard Pickup Trucks,Regular,Rear-Wheel Drive,27.4675,Dodge,Manual 4-spd,8.0,5.2
16061,Sport Utility Vehicle - 2WD,Premium,Rear-Wheel Drive,18.3116666666667,Infiniti,Automatic (S5),6.0,3.5
16062,Sport Utility Vehicle - 2WD,Regular,Rear-Wheel Drive,20.600625,Isuzu,Automatic 4-spd,6.0,4.2
16063,Sport Utility Vehicle - 2WD,Regular,Rear-Wheel Drive,21.974,Jeep,Automatic 5-spd,8.0,5.7
16064,Sport Utility Vehicle - 2WD,Diesel,Rear-Wheel Drive,19.10925,Jeep,Automatic 5-spd,6.0,3.0
16065,Sport Utility Vehicle - 2WD,Regular,Rear-Wheel Drive,21.974,Jeep,Automatic 5-spd,8.0,5.7
16066,Sport Utility Vehicle - 2WD,Regular,Rear-Wheel Drive,18.3116666666667,Jeep,Automatic 4-spd,6.0,3.7
16067,Sport Utility Vehicle - 2WD,Regular,Rear-Wheel Drive,17.3478947368421,Jeep,Manual 6-spd,6.0,3.7
16068,Sport Utility Vehicle - 2WD,Regular,Rear-Wheel Drive,19.3888235294118,Jeep,Automatic 4-spd,6.0,3.8
16069,Sport Utility Vehicle - 2WD,Regular,Rear-Wheel Drive,18.3116666666667,Jeep,Manual 6-spd,6.0,3.8
16070,Sport Utility Vehicle - 2WD,Regular,Rear-Wheel Drive,23.5435714285714,Lincoln,Automatic 6-spd,8.0,5.4
16071,Standard Pickup Trucks,Regular,Rear-Wheel Drive,27.4675,Dodge,Manual 4-spd,8.0,5.2
16072,Sport Utility Vehicle - 2WD,Premium,Front-Wheel Drive,17.3478947368421,Mazda,Automatic (S6),4.0,2.3
16073,Sport Utility Vehicle - 2WD,Regular,Front-Wheel Drive,18.3116666666667,Mazda,Automatic (S6),6.0,3.7
16074,Sport Utility Vehicle - 2WD,Premium,Rear-Wheel Drive,19.3888235294118,Mercedes-Benz,Automatic 7-spd,6.0,3.5
16075,Sport Utility Vehicle - 2WD,Regular,Rear-Wheel Drive,20.600625,Mercury,Automatic 5-spd,6.0,4.0
16076,Sport Utility Vehicle - 2WD,Regular,Rear-Wheel Drive,20.600625,Mercury,Automatic 6-spd,8.0,4.6
16077,Sport Utility Vehicle - 2WD,Regular,Front-Wheel Drive,17.3478947368421,Pontiac,Automatic 5-spd,6.0,3.4
16078,Sport Utility Vehicle - 2WD,Regular,Front-Wheel Drive,18.3116666666667,Suzuki,Automatic (S5),6.0,3.6
16079,Sport Utility Vehicle - 2WD,Regular,Rear-Wheel Drive,18.3116666666667,Toyota,Automatic 5-spd,6.0,4.0
16080,Sport Utility Vehicle - 2WD,Premium,Rear-Wheel Drive,18.3116666666667,Toyota,Automatic 5-spd,6.0,4.0
16081,Sport Utility Vehicle - 2WD,Regular,Front-Wheel Drive,16.4805,Toyota,Automatic (S5),6.0,3.5
16082,Standard Pickup Trucks,Regular,Rear-Wheel Drive,29.9645454545455,Dodge,Automatic 3-spd,8.0,5.9
16083,Sport Utility Vehicle - 2WD,Premium,Front-Wheel Drive,20.600625,Volvo,Automatic (S6),6.0,3.2
16084,Sport Utility Vehicle - 4WD,Premium,4-Wheel or All-Wheel Drive,23.5435714285714,Cadillac,Automatic 6-spd,8.0,6.2
16085,Sport Utility Vehicle - 4WD,Regular,4-Wheel or All-Wheel Drive,19.3888235294118,Cadillac,Automatic (S5),6.0,3.6
16086,Sport Utility Vehicle - 4WD,Premium,4-Wheel or All-Wheel Drive,21.974,Cadillac,Automatic (S6),8.0,4.6
16087,Sport Utility Vehicle - 4WD,Regular,4-Wheel or All-Wheel Drive,17.3478947368421,Chevrolet,Automatic 5-spd,6.0,3.4
16088,Sport Utility Vehicle - 4WD,Regular,4-Wheel or All-Wheel Drive,17.3478947368421,Chevrolet,Automatic (S6),6.0,3.6
16089,Sport Utility Vehicle - 4WD,Regular,4-Wheel or All-Wheel Drive,23.5435714285714,Chevrolet,Automatic 4-spd,8.0,6.0
16090,Sport Utility Vehicle - 4WD,Regular,4-Wheel or All-Wheel Drive,23.5435714285714,Chevrolet,Automatic 4-spd,8.0,6.0
16091,Sport Utility Vehicle - 4WD,Regular,4-Wheel or All-Wheel Drive,20.600625,Chevrolet,Automatic 4-spd,6.0,4.2
16092,Sport Utility Vehicle - 4WD,Regular,4-Wheel or All-Wheel Drive,20.600625,Chevrolet,Automatic 4-spd,8.0,5.3
16093,Standard Pickup Trucks,Regular,Rear-Wheel Drive,29.9645454545455,Dodge,Manual 4-spd,8.0,5.9
16094,Sport Utility Vehicle - 4WD,Premium,4-Wheel or All-Wheel Drive,25.3546153846154,Chevrolet,Automatic 4-spd,8.0,6.0
16095,Sport Utility Vehicle - 4WD,Regular,4-Wheel or All-Wheel Drive,21.974,Chrysler,Automatic 5-spd,8.0,5.7
16096,Sport Utility Vehicle - 4WD,Regular,4-Wheel or All-Wheel Drive,19.3888235294118,Chrysler,Automatic 6-spd,6.0,4.0
16097,Sport Utility Vehicle - 4WD,Regular,4-Wheel or All-Wheel Drive,21.974,Dodge,Automatic 5-spd,8.0,5.7
16098,Sport Utility Vehicle - 4WD,Regular,4-Wheel or All-Wheel Drive,19.3888235294118,Dodge,Automatic 4-spd,6.0,3.7
16099,Sport Utility Vehicle - 4WD,Regular,4-Wheel or All-Wheel Drive,18.3116666666667,Dodge,Manual 6-spd,6.0,3.7
16100,Sport Utility Vehicle - 4WD,Regular,4-Wheel or All-Wheel Drive,19.3888235294118,Dodge,Automatic 5-spd,6.0,4.0
16101,Sport Utility Vehicle - 4WD,Regular,4-Wheel or All-Wheel Drive,21.974,Ford,Automatic 5-spd,6.0,4.0
16102,Sport Utility Vehicle - 4WD,Regular,4-Wheel or All-Wheel Drive,21.974,Ford,Automatic 6-spd,8.0,4.6
16103,Sport Utility Vehicle - 4WD,Regular,4-Wheel or All-Wheel Drive,18.3116666666667,Ford,Automatic 6-spd,6.0,3.5
16104,Standard Pickup Trucks,Regular,Rear-Wheel Drive,21.974,Ford,Automatic 3-spd,6.0,4.9
16105,Sport Utility Vehicle - 4WD,Regular,4-Wheel or All-Wheel Drive,20.600625,GMC,Automatic 4-spd,6.0,4.2
16106,Sport Utility Vehicle - 4WD,Regular,4-Wheel or All-Wheel Drive,20.600625,GMC,Automatic 4-spd,8.0,5.3
16107,Sport Utility Vehicle - 4WD,Premium,4-Wheel or All-Wheel Drive,23.5435714285714,GMC,Automatic 6-spd,8.0,6.2
16108,Sport Utility Vehicle - 4WD,Regular,4-Wheel or All-Wheel Drive,23.5435714285714,GMC,Automatic 4-spd,8.0,6.0
16109,Sport Utility Vehicle - 4WD,Regular,4-Wheel or All-Wheel Drive,15.6957142857143,Honda,Automatic 5-spd,4.0,2.4
16110,Sport Utility Vehicle - 4WD,Regular,4-Wheel or All-Wheel Drive,16.4805,Honda,Manual 5-spd,4.0,2.4
16111,Sport Utility Vehicle - 4WD,Regular,4-Wheel or All-Wheel Drive,19.3888235294118,Honda,Automatic 5-spd,6.0,3.5
16112,Sport Utility Vehicle - 4WD,Regular,4-Wheel or All-Wheel Drive,21.974,Hummer,Automatic 4-spd,5.0,3.7
16113,Sport Utility Vehicle - 4WD,Regular,4-Wheel or All-Wheel Drive,21.974,Hummer,Manual 5-spd,5.0,3.7
16114,Sport Utility Vehicle - 4WD,Regular,4-Wheel or All-Wheel Drive,23.5435714285714,Hummer,Automatic 4-spd,8.0,5.3
16115,Standard Pickup Trucks,Regular,Rear-Wheel Drive,19.3888235294118,Ford,Automatic 4-spd,6.0,4.9
16116,Sport Utility Vehicle - 4WD,Premium,4-Wheel or All-Wheel Drive,19.3888235294118,Infiniti,Automatic (S5),6.0,3.5
16117,Sport Utility Vehicle - 4WD,Premium,4-Wheel or All-Wheel Drive,23.5435714285714,Infiniti,Automatic (S5),8.0,4.5
16118,Sport Utility Vehicle - 4WD,Regular,4-Wheel or All-Wheel Drive,20.600625,Isuzu,Automatic 4-spd,6.0,4.2
16119,Sport Utility Vehicle - 4WD,Regular,4-Wheel or All-Wheel Drive,23.5435714285714,Jeep,Automatic 5-spd,8.0,5.7
16120,Sport Utility Vehicle - 4WD,Diesel,4-Wheel or All-Wheel Drive,20.115,Jeep,Automatic 5-spd,6.0,3.0
16121,Sport Utility Vehicle - 4WD,Regular,4-Wheel or All-Wheel Drive,21.974,Jeep,Automatic 5-spd,8.0,5.7
16122,Sport Utility Vehicle - 4WD,Premium,4-Wheel or All-Wheel Drive,27.4675,Jeep,Automatic 5-spd,8.0,6.1
16123,Sport Utility Vehicle - 4WD,Regular,4-Wheel or All-Wheel Drive,19.3888235294118,Jeep,Automatic 4-spd,6.0,3.7
16124,Sport Utility Vehicle - 4WD,Regular,4-Wheel or All-Wheel Drive,18.3116666666667,Jeep,Manual 6-spd,6.0,3.7
16125,Sport Utility Vehicle - 4WD,Regular,4-Wheel or All-Wheel Drive,19.3888235294118,Jeep,Automatic 4-spd,6.0,3.8
16126,Standard Pickup Trucks,Regular,Rear-Wheel Drive,20.600625,Ford,Manual 3-spd,6.0,4.9
16127,Sport Utility Vehicle - 4WD,Regular,4-Wheel or All-Wheel Drive,20.600625,Jeep,Manual 6-spd,6.0,3.8
16128,Sport Utility Vehicle - 4WD,Premium,4-Wheel or All-Wheel Drive,18.3116666666667,Mazda,Automatic (S6),4.0,2.3
16129,Sport Utility Vehicle - 4WD,Regular,4-Wheel or All-Wheel Drive,19.3888235294118,Mazda,Automatic (S6),6.0,3.7
16130,Sport Utility Vehicle - 4WD,Diesel,4-Wheel or All-Wheel Drive,19.10925,Mercedes-Benz,Automatic 7-spd,6.0,3.0
16131,Sport Utility Vehicle - 4WD,Premium,4-Wheel or All-Wheel Drive,21.974,Mercedes-Benz,Automatic 7-spd,8.0,4.6
16132,Sport Utility Vehicle - 4WD,Diesel,4-Wheel or All-Wheel Drive,18.1992857142857,Mercedes-Benz,Automatic 7-spd,6.0,3.0
16133,Sport Utility Vehicle - 4WD,Premium,4-Wheel or All-Wheel Drive,19.3888235294118,Mercedes-Benz,Automatic 7-spd,6.0,3.5
16134,Sport Utility Vehicle - 4WD,Premium,4-Wheel or All-Wheel Drive,21.974,Mercedes-Benz,Automatic 7-spd,8.0,5.5
16135,Sport Utility Vehicle - 4WD,Premium,4-Wheel or All-Wheel Drive,27.4675,Mercedes-Benz,Automatic (S7),8.0,6.2
16136,Sport Utility Vehicle - 4WD,Diesel,4-Wheel or All-Wheel Drive,18.1992857142857,Mercedes-Benz,Automatic 7-spd,6.0,3.0
16137,Standard Pickup Trucks,Regular,Rear-Wheel Drive,16.4805,Ford,Manual 4-spd,6.0,4.9
16138,Sport Utility Vehicle - 4WD,Premium,4-Wheel or All-Wheel Drive,20.600625,Mercedes-Benz,Automatic 7-spd,6.0,3.5
16139,Sport Utility Vehicle - 4WD,Regular,4-Wheel or All-Wheel Drive,21.974,Mercury,Automatic 5-spd,6.0,4.0
16140,Sport Utility Vehicle - 4WD,Regular,4-Wheel or All-Wheel Drive,21.974,Mercury,Automatic 6-spd,8.0,4.6
16141,Sport Utility Vehicle - 4WD,Regular,4-Wheel or All-Wheel Drive,17.3478947368421,Pontiac,Automatic 5-spd,6.0,3.4
16142,Sport Utility Vehicle - 4WD,Regular,4-Wheel or All-Wheel Drive,17.3478947368421,Pontiac,Automatic (S6),6.0,3.6
16143,Sport Utility Vehicle - 4WD,Regular,4-Wheel or All-Wheel Drive,20.600625,Saab,Automatic 4-spd,6.0,4.2
16144,Sport Utility Vehicle - 4WD,Regular,4-Wheel or All-Wheel Drive,20.600625,Saab,Automatic 4-spd,8.0,5.3
16145,Sport Utility Vehicle - 4WD,Premium,4-Wheel or All-Wheel Drive,25.3546153846154,Saab,Automatic 4-spd,8.0,6.0
16146,Sport Utility Vehicle - 4WD,Regular,4-Wheel or All-Wheel Drive,18.3116666666667,Suzuki,Automatic (S5),6.0,3.6
16147,Sport Utility Vehicle - 4WD,Regular,4-Wheel or All-Wheel Drive,19.3888235294118,Toyota,Automatic 5-spd,6.0,4.0
16148,Standard Pickup Trucks,Regular,Rear-Wheel Drive,25.3546153846154,Ford,Automatic 3-spd,8.0,5.0
16149,Sport Utility Vehicle - 4WD,Premium,4-Wheel or All-Wheel Drive,19.3888235294118,Toyota,Automatic 5-spd,6.0,4.0
16150,Sport Utility Vehicle - 4WD,Premium,4-Wheel or All-Wheel Drive,20.600625,Toyota,Manual 6-spd,6.0,4.0
16151,Sport Utility Vehicle - 4WD,Regular,4-Wheel or All-Wheel Drive,17.3478947368421,Toyota,Automatic (S5),6.0,3.5
16152,Sport Utility Vehicle - 4WD,Premium,4-Wheel or All-Wheel Drive,19.3888235294118,Volvo,Automatic (S6),6.0,3.2
16153,Sport Utility Vehicle - 4WD,Premium,4-Wheel or All-Wheel Drive,20.600625,Volvo,Automatic (S6),6.0,3.2
16154,Sport Utility Vehicle - 4WD,Premium,4-Wheel or All-Wheel Drive,21.974,Volvo,Automatic (S6),8.0,4.4
16155,Large Cars,Gasoline or E85,Front-Wheel Drive,14.9822727272727,Chevrolet,Automatic 4-spd,6.0,3.5
16156,Large Cars,Gasoline or E85,Front-Wheel Drive,15.6957142857143,Chevrolet,Automatic 4-spd,6.0,3.9
16157,Standard Pickup Trucks 2WD,Gasoline or E85,Rear-Wheel Drive,19.3888235294118,Chevrolet,Automatic 4-spd,8.0,5.3
16158,Standard Pickup Trucks 2WD,Gasoline or E85,Rear-Wheel Drive,19.3888235294118,GMC,Automatic 4-spd,8.0,5.3
16159,Compact Cars,Regular,Rear-Wheel Drive,20.600625,BMW,Automatic 4-spd,6.0,3.4
16160,Standard Pickup Trucks,Regular,Rear-Wheel Drive,21.974,Ford,Automatic 4-spd,8.0,5.0
16161,Standard Pickup Trucks 4WD,Gasoline or E85,4-Wheel or All-Wheel Drive,20.600625,Chevrolet,Automatic 4-spd,8.0,5.3
16162,Standard Pickup Trucks 4WD,Gasoline or E85,4-Wheel or All-Wheel Drive,20.600625,GMC,Automatic 4-spd,8.0,5.3
16163,"Vans, Passenger Type",Gasoline or E85,Rear-Wheel Drive,23.5435714285714,Chevrolet,Automatic 4-spd,8.0,5.3
16164,"Vans, Passenger Type",Gasoline or E85,4-Wheel or All-Wheel Drive,23.5435714285714,Chevrolet,Automatic 4-spd,8.0,5.3
16165,"Vans, Passenger Type",Gasoline or E85,Rear-Wheel Drive,23.5435714285714,GMC,Automatic 4-spd,8.0,5.3
16166,"Vans, Passenger Type",Gasoline or E85,4-Wheel or All-Wheel Drive,23.5435714285714,GMC,Automatic 4-spd,8.0,5.3
16167,Sport Utility Vehicle - 2WD,Gasoline or E85,Rear-Wheel Drive,20.600625,Chevrolet,Automatic 4-spd,8.0,5.3
16168,Sport Utility Vehicle - 2WD,Gasoline or E85,Rear-Wheel Drive,20.600625,Chevrolet,Automatic 4-spd,8.0,5.3
16169,Sport Utility Vehicle - 2WD,Gasoline or E85,Rear-Wheel Drive,20.600625,Chevrolet,Automatic 4-spd,8.0,5.3
16170,Sport Utility Vehicle - 2WD,Gasoline or E85,Rear-Wheel Drive,20.600625,GMC,Automatic 4-spd,8.0,5.3
16171,Standard Pickup Trucks,Regular,Rear-Wheel Drive,20.600625,Ford,Manual 4-spd,8.0,5.0
16172,Sport Utility Vehicle - 2WD,Gasoline or E85,Rear-Wheel Drive,20.600625,GMC,Automatic 4-spd,8.0,5.3
16173,Sport Utility Vehicle - 4WD,Gasoline or E85,4-Wheel or All-Wheel Drive,20.600625,Chevrolet,Automatic 4-spd,8.0,5.3
16174,Sport Utility Vehicle - 4WD,Gasoline or E85,4-Wheel or All-Wheel Drive,20.600625,Chevrolet,Automatic 4-spd,8.0,5.3
16175,Sport Utility Vehicle - 4WD,Gasoline or E85,4-Wheel or All-Wheel Drive,20.600625,Chevrolet,Automatic 4-spd,8.0,5.3
16176,Sport Utility Vehicle - 4WD,Gasoline or E85,4-Wheel or All-Wheel Drive,20.600625,GMC,Automatic 4-spd,8.0,5.3
16177,Sport Utility Vehicle - 4WD,Gasoline or E85,4-Wheel or All-Wheel Drive,20.600625,GMC,Automatic 4-spd,8.0,5.3
16178,Sport Utility Vehicle - 4WD,Gasoline or E85,4-Wheel or All-Wheel Drive,23.5435714285714,Jeep,Automatic 5-spd,8.0,4.7
16179,Sport Utility Vehicle - 4WD,Gasoline or E85,4-Wheel or All-Wheel Drive,21.974,Jeep,Automatic 5-spd,8.0,4.7
16180,"Vans, Cargo Type",Gasoline or E85,Rear-Wheel Drive,23.5435714285714,Chevrolet,Automatic 4-spd,8.0,5.3
16181,"Vans, Cargo Type",Gasoline or E85,Rear-Wheel Drive,21.974,Chevrolet,Automatic 4-spd,8.0,5.3
16182,Standard Pickup Trucks,Regular,Rear-Wheel Drive,25.3546153846154,Ford,Manual 4-spd,8.0,5.0
16183,"Vans, Cargo Type",Gasoline or E85,4-Wheel or All-Wheel Drive,23.5435714285714,Chevrolet,Automatic 4-spd,8.0,5.3
16184,"Vans, Cargo Type",Gasoline or E85,4-Wheel or All-Wheel Drive,21.974,Chevrolet,Automatic 4-spd,8.0,5.3
16185,"Vans, Cargo Type",Gasoline or E85,Rear-Wheel Drive,23.5435714285714,GMC,Automatic 4-spd,8.0,5.3
16186,"Vans, Cargo Type",Gasoline or E85,Rear-Wheel Drive,21.974,GMC,Automatic 4-spd,8.0,5.3
16187,"Vans, Cargo Type",Gasoline or E85,4-Wheel or All-Wheel Drive,23.5435714285714,GMC,Automatic 4-spd,8.0,5.3
16188,"Vans, Cargo Type",Gasoline or E85,4-Wheel or All-Wheel Drive,21.974,GMC,Automatic 4-spd,8.0,5.3
16189,Sport Utility Vehicle - 2WD,Gasoline or E85,Rear-Wheel Drive,21.974,Jeep,Automatic 5-spd,8.0,4.7
16190,Sport Utility Vehicle - 2WD,Gasoline or E85,Rear-Wheel Drive,21.974,Jeep,Automatic 5-spd,8.0,4.7
16191,Compact Cars,Regular,Front-Wheel Drive,12.6773076923077,Suzuki,Automatic 4-spd,4.0,2.0
16192,Compact Cars,Regular,Front-Wheel Drive,13.1844,Suzuki,Manual 5-spd,4.0,2.0
16193,Standard Pickup Trucks,Regular,Rear-Wheel Drive,27.4675,Ford,Automatic 3-spd,8.0,5.8
16194,Small Station Wagons,Regular,Front-Wheel Drive,13.1844,Suzuki,Automatic 4-spd,4.0,2.0
16195,Small Station Wagons,Regular,Front-Wheel Drive,13.1844,Suzuki,Manual 5-spd,4.0,2.0
16196,Small Station Wagons,Regular,4-Wheel or All-Wheel Drive,13.73375,Suzuki,Automatic 4-spd,4.0,2.0
16197,Small Station Wagons,Regular,4-Wheel or All-Wheel Drive,14.3308695652174,Suzuki,Manual 5-spd,4.0,2.0
16198,Sport Utility Vehicle - 2WD,Regular,Rear-Wheel Drive,17.3478947368421,Suzuki,Automatic 5-spd,6.0,2.7
16199,Sport Utility Vehicle - 2WD,Regular,Rear-Wheel Drive,18.3116666666667,Suzuki,Manual 5-spd,6.0,2.7
16200,Sport Utility Vehicle - 4WD,Regular,4-Wheel or All-Wheel Drive,17.3478947368421,Suzuki,Automatic 5-spd,6.0,2.7
16201,Sport Utility Vehicle - 4WD,Regular,4-Wheel or All-Wheel Drive,18.3116666666667,Suzuki,Manual 5-spd,6.0,2.7
16202,Subcompact Cars,Premium,Rear-Wheel Drive,19.3888235294118,Mercedes-Benz,Automatic 7-spd,8.0,5.5
16203,Standard Pickup Trucks,Regular,Rear-Wheel Drive,21.974,Ford,Automatic 3-spd,6.0,4.9
16204,Subcompact Cars,Premium,Rear-Wheel Drive,19.3888235294118,Mercedes-Benz,Automatic 7-spd,8.0,5.5
16205,Two Seaters,Premium,Rear-Wheel Drive,21.974,Aston Martin,Manual 6-spd,8.0,4.3
16206,Two Seaters,Premium,Rear-Wheel Drive,21.974,Aston Martin,Automatic (S6),8.0,4.3
16207,Two Seaters,Premium,Rear-Wheel Drive,15.6957142857143,BMW,Manual 6-spd,6.0,3.0
16208,Two Seaters,Premium,Rear-Wheel Drive,14.9822727272727,BMW,Automatic (S6),6.0,3.0
16209,Two Seaters,Premium,Rear-Wheel Drive,15.6957142857143,BMW,Manual 6-spd,6.0,3.0
16210,Two Seaters,Premium,Rear-Wheel Drive,14.9822727272727,BMW,Automatic (S6),6.0,3.0
16211,Two Seaters,Premium,Rear-Wheel Drive,15.6957142857143,BMW,Manual 6-spd,6.0,3.0
16212,Two Seaters,Premium,Rear-Wheel Drive,14.9822727272727,BMW,Automatic (S6),6.0,3.0
16213,Standard Pickup Trucks,Regular,Rear-Wheel Drive,20.600625,Ford,Manual 4-spd,6.0,4.9
16214,Two Seaters,Premium,Rear-Wheel Drive,18.3116666666667,BMW,Manual 6-spd,6.0,3.2
16215,Two Seaters,Premium,Rear-Wheel Drive,18.3116666666667,BMW,Manual 6-spd,6.0,3.2
16216,Two Seaters,Premium,Rear-Wheel Drive,20.600625,Dodge,Manual 6-spd,10.0,8.4
16217,Two Seaters,Premium,Rear-Wheel Drive,20.600625,Dodge,Manual 6-spd,10.0,8.4
16218,Two Seaters,Premium,Rear-Wheel Drive,25.3546153846154,Ferrari,Automatic 6-spd,8.0,4.3
16219,Two Seaters,Premium,Rear-Wheel Drive,25.3546153846154,Ferrari,Manual 6-spd,8.0,4.3
16220,Two Seaters,Premium,Rear-Wheel Drive,27.4675,Ferrari,Automatic 6-spd,12.0,5.9
16221,Two Seaters,Premium,Rear-Wheel Drive,27.4675,Ferrari,Manual 6-spd,12.0,5.9
16222,Two Seaters,Premium,Rear-Wheel Drive,15.6957142857143,Honda,Manual 6-spd,4.0,2.2
16223,Two Seaters,Regular,Rear-Wheel Drive,14.3308695652174,Lotus,Manual 6-spd,4.0,1.8
16224,Standard Pickup Trucks,Regular,Rear-Wheel Drive,23.5435714285714,Ford,Automatic 4-spd,8.0,5.0
16225,Two Seaters,Regular,Rear-Wheel Drive,14.9822727272727,Lotus,Manual 6-spd,4.0,1.8
16226,Two Seaters,Premium,Rear-Wheel Drive,16.4805,Nissan,Manual 6-spd,6.0,3.5
16227,Two Seaters,Premium,Rear-Wheel Drive,16.4805,Nissan,Automatic (S5),6.0,3.5
16228,Two Seaters,Premium,Rear-Wheel Drive,16.4805,Nissan,Manual 6-spd,6.0,3.5
16229,Two Seaters,Premium,Rear-Wheel Drive,17.3478947368421,Nissan,Automatic (S5),6.0,3.5
16230,Minicompact Cars,Premium,Rear-Wheel Drive,27.4675,Aston Martin,Manual 6-spd,12.0,5.9
16231,Minicompact Cars,Premium,Rear-Wheel Drive,25.3546153846154,Aston Martin,Automatic (S6),12.0,5.9
16232,Minicompact Cars,Premium,Rear-Wheel Drive,27.4675,Aston Martin,Manual 6-spd,12.0,5.9
16233,Minicompact Cars,Premium,Rear-Wheel Drive,25.3546153846154,Aston Martin,Automatic (S6),12.0,5.9
16234,Minicompact Cars,Premium,Rear-Wheel Drive,17.3478947368421,Lexus,Automatic (S6),8.0,4.3
16235,Standard Pickup Trucks,Regular,Rear-Wheel Drive,25.3546153846154,Ford,Manual 4-spd,8.0,5.0
16236,Minicompact Cars,Premium,Front-Wheel Drive,13.1844,MINI,Automatic (variable gear ratios),4.0,1.6
16237,Minicompact Cars,Premium,Front-Wheel Drive,12.6773076923077,MINI,Manual 5-spd,4.0,1.6
16238,Minicompact Cars,Premium,Front-Wheel Drive,13.73375,MINI,Manual 6-spd,4.0,1.6
16239,Minicompact Cars,Premium,Front-Wheel Drive,14.3308695652174,MINI,Automatic (S6),4.0,1.6
16240,Subcompact Cars,Premium,4-Wheel or All-Wheel Drive,23.5435714285714,Audi,Manual 6-spd,8.0,4.2
16241,Subcompact Cars,Premium,4-Wheel or All-Wheel Drive,20.600625,Audi,Manual 6-spd,8.0,4.2
16242,Subcompact Cars,Premium,4-Wheel or All-Wheel Drive,27.4675,Bentley,Automatic (S6),12.0,6.0
16243,Subcompact Cars,Premium,Rear-Wheel Drive,15.6957142857143,BMW,Manual 6-spd,6.0,3.0
16244,Subcompact Cars,Premium,Rear-Wheel Drive,14.9822727272727,BMW,Automatic (S6),6.0,3.0
16245,Subcompact Cars,Premium,Rear-Wheel Drive,16.4805,BMW,Manual 6-spd,6.0,3.0
16246,Standard Pickup Trucks,Regular,Rear-Wheel Drive,27.4675,Ford,Automatic 3-spd,8.0,5.8
16247,Subcompact Cars,Premium,Rear-Wheel Drive,15.6957142857143,BMW,Automatic (S6),6.0,3.0
16248,Subcompact Cars,Premium,4-Wheel or All-Wheel Drive,16.4805,BMW,Manual 6-spd,6.0,3.0
16249,Subcompact Cars,Premium,4-Wheel or All-Wheel Drive,16.4805,BMW,Automatic (S6),6.0,3.0
16250,Subcompact Cars,Premium,Rear-Wheel Drive,16.4805,BMW,Manual 6-spd,6.0,3.0
16251,Subcompact Cars,Premium,Rear-Wheel Drive,16.4805,BMW,Automatic (S6),6.0,3.0
16252,Subcompact Cars,Premium,Rear-Wheel Drive,16.4805,BMW,Manual 6-spd,6.0,3.0
16253,Subcompact Cars,Premium,Rear-Wheel Drive,16.4805,BMW,Automatic (S6),6.0,3.0
16254,Subcompact Cars,Premium,4-Wheel or All-Wheel Drive,17.3478947368421,BMW,Manual 6-spd,6.0,3.0
16255,Subcompact Cars,Premium,4-Wheel or All-Wheel Drive,16.4805,BMW,Automatic (S6),6.0,3.0
16256,Subcompact Cars,Premium,Rear-Wheel Drive,18.3116666666667,BMW,Manual 6-spd,8.0,4.8
16257,Standard Pickup Trucks,Regular,Rear-Wheel Drive,19.3888235294118,GMC,Automatic 3-spd,6.0,4.3
16258,Subcompact Cars,Premium,Rear-Wheel Drive,18.3116666666667,BMW,Automatic (S6),8.0,4.8
16259,Subcompact Cars,Premium,Rear-Wheel Drive,20.600625,BMW,Manual 6-spd,8.0,4.8
16260,Subcompact Cars,Premium,Rear-Wheel Drive,18.3116666666667,BMW,Automatic (S6),8.0,4.8
16261,Subcompact Cars,Premium,Rear-Wheel Drive,25.3546153846154,BMW,Manual 6-spd,10.0,5.0
16262,Subcompact Cars,Premium,Rear-Wheel Drive,25.3546153846154,BMW,Automatic (S7),10.0,5.0
16263,Subcompact Cars,Premium,Rear-Wheel Drive,25.3546153846154,BMW,Manual 6-spd,10.0,5.0
16264,Subcompact Cars,Premium,Rear-Wheel Drive,25.3546153846154,BMW,Automatic (S7),10.0,5.0
16265,Subcompact Cars,Regular,Front-Wheel Drive,12.6773076923077,Nissan,Automatic (variable gear ratios),4.0,2.5
16266,Subcompact Cars,Regular,Front-Wheel Drive,12.6773076923077,Nissan,Manual 6-spd,4.0,2.5
16267,Subcompact Cars,Premium,Front-Wheel Drive,14.9822727272727,Nissan,Automatic (variable gear ratios),6.0,3.5
16268,Compact Cars,Regular,Rear-Wheel Drive,20.600625,BMW,Manual 5-spd,6.0,3.4
16269,Standard Pickup Trucks,Regular,Rear-Wheel Drive,18.3116666666667,GMC,Automatic 4-spd,6.0,4.3
16270,Subcompact Cars,Premium,Front-Wheel Drive,14.9822727272727,Nissan,Manual 6-spd,6.0,3.5
16271,Subcompact Cars,Regular,Front-Wheel Drive,12.6773076923077,Pontiac,Automatic 4-spd,4.0,2.2
16272,Subcompact Cars,Regular,Front-Wheel Drive,12.2077777777778,Pontiac,Manual 5-spd,4.0,2.2
16273,Subcompact Cars,Premium,Front-Wheel Drive,13.1844,Pontiac,Automatic 4-spd,4.0,2.4
16274,Subcompact Cars,Premium,Front-Wheel Drive,14.9822727272727,Saab,Manual 6-spd,4.0,2.0
16275,Subcompact Cars,Premium,Front-Wheel Drive,17.3478947368421,Saab,Manual 6-spd,6.0,2.8
16276,Subcompact Cars,Premium,Front-Wheel Drive,18.3116666666667,Saab,Automatic (S6),6.0,2.8
16277,Subcompact Cars,Regular,Front-Wheel Drive,10.6325806451613,Toyota,Automatic 4-spd,4.0,1.5
16278,Subcompact Cars,Regular,Front-Wheel Drive,10.3003125,Toyota,Manual 5-spd,4.0,1.5
16279,Compact Cars,Premium,4-Wheel or All-Wheel Drive,25.3546153846154,Bentley,Automatic (S6),12.0,6.0
16280,Standard Pickup Trucks,Regular,Rear-Wheel Drive,20.600625,GMC,Automatic 3-spd,8.0,5.0
16281,Compact Cars,Premium,Rear-Wheel Drive,15.6957142857143,BMW,Manual 6-spd,6.0,3.0
16282,Compact Cars,Premium,Rear-Wheel Drive,14.9822727272727,BMW,Automatic (S6),6.0,3.0
16283,Compact Cars,Premium,4-Wheel or All-Wheel Drive,16.4805,BMW,Manual 6-spd,6.0,3.0
16284,Compact Cars,Premium,4-Wheel or All-Wheel Drive,16.4805,BMW,Automatic (S6),6.0,3.0
16285,Compact Cars,Premium,Rear-Wheel Drive,16.4805,BMW,Manual 6-spd,6.0,3.0
16286,Compact Cars,Premium,Rear-Wheel Drive,16.4805,BMW,Automatic (S6),6.0,3.0
16287,Compact Cars,Premium,4-Wheel or All-Wheel Drive,17.3478947368421,BMW,Manual 6-spd,6.0,3.0
16288,Compact Cars,Premium,4-Wheel or All-Wheel Drive,16.4805,BMW,Automatic (S6),6.0,3.0
16289,Small Station Wagons,Regular,Front-Wheel Drive,12.6773076923077,Dodge,Manual 5-spd,4.0,1.8
16290,Small Station Wagons,Regular,Front-Wheel Drive,13.73375,Dodge,Automatic (variable gear ratios),4.0,2.0
16291,Standard Pickup Trucks,Regular,Rear-Wheel Drive,19.3888235294118,GMC,Automatic 4-spd,8.0,5.0
16292,Small Station Wagons,Regular,Front-Wheel Drive,14.3308695652174,Dodge,Automatic (variable gear ratios),4.0,2.4
16293,Small Station Wagons,Regular,Front-Wheel Drive,13.1844,Dodge,Manual 5-spd,4.0,2.4
16294,Small Station Wagons,Regular,4-Wheel or All-Wheel Drive,14.9822727272727,Dodge,Automatic (variable gear ratios),4.0,2.4
16295,Compact Cars,Regular,Front-Wheel Drive,11.7717857142857,Ford,Automatic 4-spd,4.0,2.0
16296,Compact Cars,Regular,Front-Wheel Drive,11.7717857142857,Ford,Manual 5-spd,4.0,2.0
16297,Compact Cars,Regular,Front-Wheel Drive,13.73375,Honda,Automatic 5-spd,4.0,2.4
16298,Compact Cars,Regular,Front-Wheel Drive,13.1844,Honda,Manual 5-spd,4.0,2.4
16299,Compact Cars,Regular,Front-Wheel Drive,14.9822727272727,Honda,Automatic 5-spd,6.0,3.5
16300,Compact Cars,Regular,Front-Wheel Drive,16.4805,Honda,Manual 6-spd,6.0,3.5
16301,Compact Cars,Regular,Front-Wheel Drive,7.84785714285714,Honda,Automatic (variable gear ratios),4.0,1.3
16302,Standard Pickup Trucks,Regular,Rear-Wheel Drive,19.3888235294118,GMC,Automatic 3-spd,6.0,4.3
16303,Compact Cars,Regular,Front-Wheel Drive,11.7717857142857,Hyundai,Automatic 4-spd,4.0,1.6
16304,Compact Cars,Regular,Front-Wheel Drive,11.3658620689655,Hyundai,Manual 5-spd,4.0,1.6
16305,Compact Cars,Regular,Front-Wheel Drive,11.3658620689655,Kia,Automatic 4-spd,4.0,1.6
16306,Compact Cars,Regular,Front-Wheel Drive,11.3658620689655,Kia,Manual 5-spd,4.0,1.6
16307,Compact Cars,Premium,Rear-Wheel Drive,14.3308695652174,Lexus,Automatic (S6),6.0,3.5
16308,Compact Cars,Premium,Rear-Wheel Drive,15.6957142857143,Mercedes-Benz,Manual 6-spd,6.0,3.0
16309,Compact Cars,Premium,Rear-Wheel Drive,16.4805,Mercedes-Benz,Automatic 7-spd,6.0,3.5
16310,Compact Cars,Premium,Rear-Wheel Drive,23.5435714285714,Rolls-Royce,Automatic (S6),12.0,6.7
16311,Compact Cars,Premium,Front-Wheel Drive,14.3308695652174,Saab,Manual 6-spd,4.0,2.0
16312,Compact Cars,Premium,Front-Wheel Drive,17.3478947368421,Saab,Manual 6-spd,6.0,2.8
16313,Standard Pickup Trucks,Regular,Rear-Wheel Drive,19.3888235294118,GMC,Automatic 4-spd,6.0,4.3
16314,Compact Cars,Premium,Front-Wheel Drive,18.3116666666667,Saab,Automatic (S6),6.0,2.8
16315,Midsize Cars,Premium,4-Wheel or All-Wheel Drive,27.4675,Bentley,Automatic (S6),12.0,6.0
16316,Midsize Cars,Premium,Rear-Wheel Drive,16.4805,BMW,Manual 6-spd,6.0,3.0
16317,Midsize Cars,Premium,4-Wheel or All-Wheel Drive,17.3478947368421,BMW,Manual 6-spd,6.0,3.0
16318,Midsize Cars,Regular,Rear-Wheel Drive,17.3478947368421,Cadillac,Manual 6-spd,6.0,3.6
16319,Midsize Cars,Regular,Rear-Wheel Drive,17.3478947368421,Cadillac,Manual 6-spd,6.0,3.6
16320,Midsize Cars,Regular,Rear-Wheel Drive,15.6957142857143,Cadillac,Automatic (S6),6.0,3.6
16321,Midsize Cars,Regular,4-Wheel or All-Wheel Drive,16.4805,Cadillac,Automatic (S6),6.0,3.6
16322,Midsize Cars,Regular,Front-Wheel Drive,14.9822727272727,Chrysler,Automatic 4-spd,6.0,2.7
16323,Midsize Cars,Regular,Front-Wheel Drive,14.9822727272727,Dodge,Automatic 4-spd,6.0,2.7
16324,Standard Pickup Trucks,Regular,Rear-Wheel Drive,20.600625,GMC,Automatic 4-spd,6.0,4.3
16325,Midsize Cars,Premium,Rear-Wheel Drive,29.9645454545455,Ferrari,Automatic 6-spd,12.0,5.7
16326,Midsize Cars,Premium,Rear-Wheel Drive,27.4675,Ferrari,Manual 6-spd,12.0,5.7
16327,Midsize Cars,Regular,Front-Wheel Drive,11.7717857142857,Hyundai,Automatic 4-spd,4.0,2.0
16328,Midsize Cars,Regular,Front-Wheel Drive,12.2077777777778,Hyundai,Manual 5-spd,4.0,2.0
16329,Midsize Cars,Premium,Rear-Wheel Drive,16.4805,Infiniti,Manual 6-spd,6.0,3.5
16330,Midsize Cars,Premium,Rear-Wheel Drive,16.4805,Infiniti,Automatic (S5),6.0,3.5
16331,Midsize Cars,Premium,4-Wheel or All-Wheel Drive,17.3478947368421,Infiniti,Automatic (S5),6.0,3.5
16332,Midsize Cars,Regular,Front-Wheel Drive,13.1844,Kia,Automatic 5-spd,4.0,2.4
16333,Midsize Cars,Regular,Front-Wheel Drive,13.1844,Kia,Manual 5-spd,4.0,2.4
16334,Midsize Cars,Regular,Front-Wheel Drive,14.3308695652174,Kia,Automatic 5-spd,6.0,2.7
16335,Standard Pickup Trucks,Regular,Rear-Wheel Drive,20.600625,GMC,Manual 3-spd,6.0,4.3
16336,Midsize Cars,Premium,Front-Wheel Drive,14.9822727272727,Lexus,Automatic (S6),6.0,3.5
16337,Midsize Cars,Premium,Rear-Wheel Drive,14.9822727272727,Lexus,Automatic (S6),6.0,3.5
16338,Midsize Cars,Premium,4-Wheel or All-Wheel Drive,16.4805,Lexus,Automatic (S6),6.0,3.5
16339,Midsize Cars,Premium,Rear-Wheel Drive,16.4805,Lexus,Automatic (S8),8.0,4.6
16340,Midsize Cars,Premium,Rear-Wheel Drive,17.3478947368421,Lexus,Automatic (S8),8.0,4.6
16341,Midsize Cars,Premium,Rear-Wheel Drive,17.3478947368421,Lexus,Automatic (S8),8.0,4.6
16342,Midsize Cars,Regular,Front-Wheel Drive,14.3308695652174,Mitsubishi,Automatic (S4),4.0,2.4
16343,Midsize Cars,Premium,Front-Wheel Drive,16.4805,Mitsubishi,Automatic (S5),6.0,3.8
16344,Midsize Cars,Regular,Front-Wheel Drive,12.6773076923077,Nissan,Automatic (variable gear ratios),4.0,2.5
16345,Midsize Cars,Regular,Front-Wheel Drive,12.6773076923077,Nissan,Manual 6-spd,4.0,2.5
16346,Standard Pickup Trucks,Regular,Rear-Wheel Drive,19.3888235294118,GMC,Manual 3-spd,6.0,4.3
16347,Midsize Cars,Premium,Front-Wheel Drive,14.9822727272727,Nissan,Automatic (variable gear ratios),6.0,3.5
16348,Midsize Cars,Premium,Front-Wheel Drive,14.9822727272727,Nissan,Manual 6-spd,6.0,3.5
16349,Midsize Cars,Regular,Front-Wheel Drive,9.69441176470588,Nissan,Automatic (variable gear ratios),4.0,2.5
16350,Midsize Cars,Premium,Front-Wheel Drive,15.6957142857143,Nissan,Automatic (variable gear ratios),6.0,3.5
16351,Midsize Cars,Regular,Front-Wheel Drive,11.7717857142857,Nissan,Automatic (variable gear ratios),4.0,2.0
16352,Midsize Cars,Regular,Front-Wheel Drive,12.2077777777778,Nissan,Manual 6-spd,4.0,2.0
16353,Midsize Cars,Regular,Front-Wheel Drive,12.6773076923077,Nissan,Automatic (variable gear ratios),4.0,2.5
16354,Midsize Cars,Premium,Front-Wheel Drive,13.73375,Nissan,Manual 6-spd,4.0,2.5
16355,Midsize Cars,Premium,Rear-Wheel Drive,23.5435714285714,Rolls-Royce,Automatic (S6),12.0,6.7
16356,Midsize Cars,Premium,Rear-Wheel Drive,23.5435714285714,Rolls-Royce,Automatic (S6),12.0,6.7
16357,Standard Pickup Trucks,Regular,Rear-Wheel Drive,19.3888235294118,GMC,Manual 4-spd,6.0,4.3
16358,Midsize Cars,Premium,Front-Wheel Drive,15.6957142857143,Saab,Manual 5-spd,4.0,2.3
16359,Midsize Cars,Premium,Front-Wheel Drive,16.4805,Saab,Automatic (S5),4.0,2.3
16360,Midsize Cars,Regular,Front-Wheel Drive,7.1654347826087,Toyota,Automatic (variable gear ratios),4.0,1.5
16361,Large Cars,Premium,Rear-Wheel Drive,20.600625,BMW Alpina,Automatic (S6),8.0,4.4
16362,Large Cars,Premium,4-Wheel or All-Wheel Drive,21.974,Audi,Automatic (S6),12.0,6.0
16363,Large Cars,Premium,Rear-Wheel Drive,18.3116666666667,BMW,Automatic (S6),8.0,4.8
16364,Large Cars,Premium,Rear-Wheel Drive,18.3116666666667,BMW,Automatic (S6),8.0,4.8
16365,Large Cars,Premium,Rear-Wheel Drive,21.974,BMW,Automatic (S6),12.0,6.0
16366,Large Cars,Regular,4-Wheel or All-Wheel Drive,18.3116666666667,Chrysler,Automatic 5-spd,6.0,3.5
16367,Large Cars,Regular,4-Wheel or All-Wheel Drive,18.3116666666667,Chrysler,Automatic 5-spd,8.0,5.7
16368,Standard Pickup Trucks,Regular,Rear-Wheel Drive,20.600625,GMC,Manual 4-spd,6.0,4.3
16369,Large Cars,Regular,Rear-Wheel Drive,15.6957142857143,Chrysler,Automatic 4-spd,6.0,2.7
16370,Large Cars,Regular,Rear-Wheel Drive,16.4805,Chrysler,Automatic 4-spd,6.0,3.5
16371,Large Cars,Regular,Rear-Wheel Drive,16.4805,Chrysler,Automatic 5-spd,6.0,3.5
16372,Large Cars,Regular,Rear-Wheel Drive,18.3116666666667,Chrysler,Automatic 5-spd,8.0,5.7
16373,Large Cars,Regular,Rear-Wheel Drive,15.6957142857143,Dodge,Automatic 4-spd,6.0,2.7
16374,Large Cars,Regular,Rear-Wheel Drive,16.4805,Dodge,Automatic 4-spd,6.0,3.5
16375,Large Cars,Regular,Rear-Wheel Drive,16.4805,Dodge,Automatic 5-spd,6.0,3.5
16376,Large Cars,Regular,Rear-Wheel Drive,18.3116666666667,Dodge,Automatic 5-spd,8.0,5.7
16377,Large Cars,Regular,4-Wheel or All-Wheel Drive,18.3116666666667,Dodge,Automatic 5-spd,6.0,3.5
16378,Large Cars,Regular,4-Wheel or All-Wheel Drive,18.3116666666667,Dodge,Automatic 5-spd,8.0,5.7
16379,Compact Cars,Premium,Front-Wheel Drive,19.3888235294118,Buick,Automatic 4-spd,6.0,3.8
16380,Standard Pickup Trucks,Regular,Rear-Wheel Drive,21.974,GMC,Automatic 3-spd,8.0,5.0
16381,Large Cars,Regular,Front-Wheel Drive,13.73375,Honda,Automatic 5-spd,4.0,2.4
16382,Large Cars,Regular,Front-Wheel Drive,13.1844,Honda,Manual 5-spd,4.0,2.4
16383,Large Cars,Regular,Front-Wheel Drive,14.9822727272727,Honda,Automatic 5-spd,6.0,3.5
16384,Large Cars,Regular,Front-Wheel Drive,15.6957142857143,Hyundai,Automatic 5-spd,6.0,3.3
16385,Large Cars,Regular,Front-Wheel Drive,16.4805,Hyundai,Automatic 5-spd,6.0,3.8
16386,Large Cars,Premium,Rear-Wheel Drive,17.3478947368421,Infiniti,Automatic (S5),6.0,3.5
16387,Large Cars,Premium,4-Wheel or All-Wheel Drive,18.3116666666667,Infiniti,Automatic (S5),6.0,3.5
16388,Large Cars,Premium,Rear-Wheel Drive,18.3116666666667,Infiniti,Automatic (S5),8.0,4.5
16389,Large Cars,Premium,4-Wheel or All-Wheel Drive,20.600625,Infiniti,Automatic (S5),8.0,4.5
16390,Large Cars,Regular,Front-Wheel Drive,17.3478947368421,Kia,Automatic 5-spd,6.0,3.8
16391,Standard Pickup Trucks,Regular,Rear-Wheel Drive,21.974,GMC,Automatic 4-spd,8.0,5.0
16392,Large Cars,Regular,Rear-Wheel Drive,18.3116666666667,Lincoln,Automatic 4-spd,8.0,4.6
16393,Large Cars,Premium,Rear-Wheel Drive,23.5435714285714,Maserati,Automatic 6-spd,8.0,4.2
16394,Large Cars,Premium,Rear-Wheel Drive,27.4675,Maybach,Automatic 5-spd,12.0,5.5
16395,Large Cars,Premium,Rear-Wheel Drive,27.4675,Maybach,Automatic 5-spd,12.0,6.0
16396,Large Cars,Premium,Rear-Wheel Drive,27.4675,Maybach,Automatic 5-spd,12.0,5.5
16397,Large Cars,Premium,Rear-Wheel Drive,27.4675,Maybach,Automatic 5-spd,12.0,6.0
16398,Small Station Wagons,Premium,Rear-Wheel Drive,16.4805,BMW,Manual 6-spd,6.0,3.0
16399,Small Station Wagons,Premium,Rear-Wheel Drive,15.6957142857143,BMW,Automatic (S6),6.0,3.0
16400,Small Station Wagons,Premium,4-Wheel or All-Wheel Drive,16.4805,BMW,Manual 6-spd,6.0,3.0
16401,Small Station Wagons,Premium,4-Wheel or All-Wheel Drive,16.4805,BMW,Automatic (S6),6.0,3.0
16402,Standard Pickup Trucks,Regular,Rear-Wheel Drive,21.974,GMC,Automatic 4-spd,8.0,5.0
16403,Small Station Wagons,Regular,Front-Wheel Drive,10.987,Honda,Automatic 5-spd,4.0,1.5
16404,Small Station Wagons,Regular,Front-Wheel Drive,10.6325806451613,Honda,Manual 5-spd,4.0,1.5
16405,Small Station Wagons,Regular,Front-Wheel Drive,11.3658620689655,Honda,Automatic (S5),4.0,1.5
16406,Small Station Wagons,Premium,Front-Wheel Drive,14.3308695652174,Saab,Manual 6-spd,4.0,2.0
16407,Small Station Wagons,Premium,Front-Wheel Drive,17.3478947368421,Saab,Manual 6-spd,6.0,2.8
16408,Small Station Wagons,Premium,Front-Wheel Drive,18.3116666666667,Saab,Automatic (S6),6.0,2.8
16409,Midsize Station Wagons,Premium,4-Wheel or All-Wheel Drive,18.3116666666667,BMW,Manual 6-spd,6.0,3.0
16410,Midsize Station Wagons,Regular,Front-Wheel Drive,14.9822727272727,Kia,Automatic 4-spd,4.0,2.4
16411,Midsize Station Wagons,Regular,Front-Wheel Drive,15.6957142857143,Kia,Automatic 5-spd,6.0,2.7
16412,Midsize Station Wagons,Premium,Front-Wheel Drive,15.6957142857143,Saab,Manual 5-spd,4.0,2.3
16413,Standard Pickup Trucks,Regular,Rear-Wheel Drive,23.5435714285714,GMC,Manual 3-spd,8.0,5.0
16414,Midsize Station Wagons,Premium,Front-Wheel Drive,16.4805,Saab,Automatic (S5),4.0,2.3
16415,Midsize Station Wagons,Premium,Front-Wheel Drive,17.3478947368421,Volvo,Automatic (S6),6.0,3.2
16416,Small Pickup Trucks 2WD,Regular,Rear-Wheel Drive,17.3478947368421,Nissan,Automatic 5-spd,4.0,2.5
16417,Small Pickup Trucks 2WD,Regular,Rear-Wheel Drive,15.6957142857143,Nissan,Manual 5-spd,4.0,2.5
16418,Small Pickup Trucks 2WD,Regular,Rear-Wheel Drive,19.3888235294118,Nissan,Automatic 5-spd,6.0,4.0
16419,Small Pickup Trucks 2WD,Regular,Rear-Wheel Drive,19.3888235294118,Nissan,Manual 6-spd,6.0,4.0
16420,Small Pickup Trucks 2WD,Regular,Rear-Wheel Drive,15.6957142857143,Toyota,Automatic 4-spd,4.0,2.7
16421,Small Pickup Trucks 2WD,Regular,Rear-Wheel Drive,14.9822727272727,Toyota,Manual 5-spd,4.0,2.7
16422,Small Pickup Trucks 4WD,Regular,4-Wheel or All-Wheel Drive,20.600625,Nissan,Automatic 5-spd,6.0,4.0
16423,Small Pickup Trucks 4WD,Regular,4-Wheel or All-Wheel Drive,19.3888235294118,Nissan,Manual 6-spd,6.0,4.0
16424,Standard Pickup Trucks,Regular,Rear-Wheel Drive,21.974,GMC,Manual 4-spd,8.0,5.0
16425,Small Pickup Trucks 4WD,Regular,4-Wheel or All-Wheel Drive,17.3478947368421,Toyota,Manual 5-spd,4.0,2.7
16426,Standard Pickup Trucks 2WD,Regular,Rear-Wheel Drive,21.974,Dodge,Automatic 5-spd,8.0,4.7
16427,Standard Pickup Trucks 2WD,Regular,Rear-Wheel Drive,21.974,Dodge,Automatic 5-spd,8.0,4.7
16428,Standard Pickup Trucks 2WD,Regular,Rear-Wheel Drive,20.600625,Ford,Automatic 4-spd,6.0,4.2
16429,Standard Pickup Trucks 2WD,Regular,Rear-Wheel Drive,20.600625,Ford,Manual 5-spd,6.0,4.2
16430,Standard Pickup Trucks 2WD,Regular,Rear-Wheel Drive,20.600625,Ford,Automatic 4-spd,8.0,4.6
16431,Standard Pickup Trucks 2WD,Regular,Rear-Wheel Drive,23.5435714285714,Ford,Automatic 4-spd,8.0,5.4
16432,Standard Pickup Trucks 2WD,Regular,Rear-Wheel Drive,21.974,Ford,Automatic 4-spd,8.0,5.4
16433,Standard Pickup Trucks 2WD,Regular,Rear-Wheel Drive,23.5435714285714,Lincoln,Automatic 4-spd,8.0,5.4
16434,Standard Pickup Trucks 2WD,Regular,Rear-Wheel Drive,21.974,Mitsubishi,Automatic 5-spd,8.0,4.7
16435,Standard Pickup Trucks,Diesel,Rear-Wheel Drive,20.115,GMC,Automatic 4-spd,8.0,6.2
16436,Standard Pickup Trucks 2WD,Premium,Rear-Wheel Drive,25.3546153846154,Roush Performance,Automatic 4-spd,8.0,5.4
16437,Standard Pickup Trucks 2WD,Premium,Rear-Wheel Drive,25.3546153846154,Roush Performance,Automatic 4-spd,8.0,5.4
16438,Standard Pickup Trucks 2WD,Premium,Rear-Wheel Drive,25.3546153846154,Roush Performance,Automatic 4-spd,8.0,5.4
16439,Standard Pickup Trucks 2WD,Regular,Rear-Wheel Drive,19.3888235294118,Toyota,Automatic (S5),6.0,4.0
16440,Standard Pickup Trucks 2WD,Regular,Rear-Wheel Drive,21.974,Toyota,Automatic (S5),8.0,4.7
16441,Standard Pickup Trucks 2WD,Regular,Rear-Wheel Drive,20.600625,Toyota,Automatic (S6),8.0,5.7
16442,Standard Pickup Trucks 4WD,Regular,4-Wheel or All-Wheel Drive,21.974,Dodge,Automatic 5-spd,8.0,4.7
16443,Standard Pickup Trucks 4WD,Regular,4-Wheel or All-Wheel Drive,21.974,Dodge,Automatic 5-spd,8.0,4.7
16444,Standard Pickup Trucks 4WD,Regular,4-Wheel or All-Wheel Drive,23.5435714285714,Ford,Automatic 4-spd,8.0,4.6
16445,Standard Pickup Trucks 4WD,Regular,4-Wheel or All-Wheel Drive,23.5435714285714,Ford,Automatic 4-spd,8.0,5.4
16446,Standard Pickup Trucks,Diesel,Rear-Wheel Drive,20.115,GMC,Manual 4-spd,8.0,6.2
16447,Standard Pickup Trucks 4WD,Regular,4-Wheel or All-Wheel Drive,23.5435714285714,Lincoln,Automatic 4-spd,8.0,5.4
16448,Standard Pickup Trucks 4WD,Regular,4-Wheel or All-Wheel Drive,21.974,Mitsubishi,Automatic 5-spd,8.0,4.7
16449,Standard Pickup Trucks 4WD,Premium,4-Wheel or All-Wheel Drive,25.3546153846154,Roush Performance,Automatic 4-spd,8.0,5.4
16450,Standard Pickup Trucks 4WD,Premium,4-Wheel or All-Wheel Drive,25.3546153846154,Roush Performance,Automatic 4-spd,8.0,5.4
16451,Standard Pickup Trucks 4WD,Premium,4-Wheel or All-Wheel Drive,25.3546153846154,Roush Performance,Automatic 4-spd,8.0,5.4
16452,Standard Pickup Trucks 4WD,Regular,4-Wheel or All-Wheel Drive,21.974,Toyota,Automatic (S5),8.0,4.7
16453,Standard Pickup Trucks 4WD,Regular,4-Wheel or All-Wheel Drive,23.5435714285714,Toyota,Automatic (S6),8.0,5.7
16454,Minivan - 2WD,Regular,Front-Wheel Drive,17.3478947368421,Chrysler,Automatic 4-spd,6.0,3.3
16455,Minivan - 2WD,Regular,Front-Wheel Drive,17.3478947368421,Dodge,Automatic 4-spd,6.0,3.3
16456,Minivan - 2WD,Regular,Front-Wheel Drive,18.3116666666667,Hyundai,Automatic 5-spd,6.0,3.8
16457,Standard Pickup Trucks,Diesel,Rear-Wheel Drive,20.115,GMC,Manual 4-spd,8.0,6.2
16458,Minivan - 2WD,Regular,Front-Wheel Drive,18.3116666666667,Kia,Automatic 5-spd,6.0,3.8
16459,Minivan - 2WD,Premium,Front-Wheel Drive,17.3478947368421,Nissan,Automatic 5-spd,6.0,3.5
16460,Minivan - 2WD,Regular,Front-Wheel Drive,17.3478947368421,Toyota,Automatic 5-spd,6.0,3.5
16461,Minivan - 4WD,Regular,4-Wheel or All-Wheel Drive,18.3116666666667,Toyota,Automatic 5-spd,6.0,3.5
16462,Sport Utility Vehicle - 2WD,Regular,Rear-Wheel Drive,21.974,Chrysler,Automatic 5-spd,8.0,4.7
16463,Sport Utility Vehicle - 2WD,Regular,Rear-Wheel Drive,21.974,Dodge,Automatic 5-spd,8.0,4.7
16464,Sport Utility Vehicle - 2WD,Regular,Rear-Wheel Drive,15.6957142857143,Dodge,Automatic 4-spd,6.0,2.7
16465,Sport Utility Vehicle - 2WD,Regular,Rear-Wheel Drive,16.4805,Dodge,Automatic 4-spd,6.0,3.5
16466,Sport Utility Vehicle - 2WD,Regular,Rear-Wheel Drive,16.4805,Dodge,Automatic 5-spd,6.0,3.5
16467,Sport Utility Vehicle - 2WD,Regular,Rear-Wheel Drive,18.3116666666667,Dodge,Automatic 5-spd,8.0,5.7
16468,Standard Pickup Trucks,Regular,Rear-Wheel Drive,20.600625,GMC,Automatic 4-spd,6.0,4.3
16469,Sport Utility Vehicle - 2WD,Regular,Front-Wheel Drive,17.3478947368421,Ford,Automatic 6-spd,6.0,3.5
16470,Sport Utility Vehicle - 2WD,Regular,Front-Wheel Drive,14.3308695652174,Honda,Automatic 5-spd,4.0,2.4
16471,Sport Utility Vehicle - 2WD,Regular,Front-Wheel Drive,16.4805,Hyundai,Automatic 4-spd,6.0,2.7
16472,Sport Utility Vehicle - 2WD,Regular,Front-Wheel Drive,16.4805,Hyundai,Manual 5-spd,6.0,2.7
16473,Sport Utility Vehicle - 2WD,Regular,Front-Wheel Drive,16.4805,Hyundai,Automatic 5-spd,6.0,3.3
16474,Sport Utility Vehicle - 2WD,Regular,Front-Wheel Drive,14.9822727272727,Hyundai,Automatic 4-spd,4.0,2.0
16475,Sport Utility Vehicle - 2WD,Regular,Front-Wheel Drive,14.9822727272727,Hyundai,Manual 5-spd,4.0,2.0
16476,Sport Utility Vehicle - 2WD,Regular,Front-Wheel Drive,16.4805,Hyundai,Automatic 4-spd,6.0,2.7
16477,Sport Utility Vehicle - 2WD,Regular,Front-Wheel Drive,18.3116666666667,Hyundai,Automatic 6-spd,6.0,3.8
16478,Sport Utility Vehicle - 2WD,Regular,Rear-Wheel Drive,20.600625,Jeep,Automatic 5-spd,6.0,3.7
16479,Standard Pickup Trucks,Regular,Rear-Wheel Drive,21.974,GMC,Manual 4-spd,6.0,4.3
16480,Sport Utility Vehicle - 2WD,Regular,Front-Wheel Drive,13.73375,Jeep,Automatic (variable gear ratios),4.0,2.0
16481,Sport Utility Vehicle - 2WD,Regular,Front-Wheel Drive,13.1844,Jeep,Manual 5-spd,4.0,2.4
16482,Sport Utility Vehicle - 2WD,Regular,Rear-Wheel Drive,19.3888235294118,Jeep,Automatic 5-spd,6.0,3.7
16483,Sport Utility Vehicle - 2WD,Regular,Front-Wheel Drive,13.73375,Jeep,Automatic (variable gear ratios),4.0,2.0
16484,Sport Utility Vehicle - 2WD,Regular,Front-Wheel Drive,13.1844,Jeep,Manual 5-spd,4.0,2.4
16485,Sport Utility Vehicle - 2WD,Regular,Rear-Wheel Drive,18.3116666666667,Kia,Automatic 5-spd,6.0,3.3
16486,Sport Utility Vehicle - 2WD,Regular,Rear-Wheel Drive,19.3888235294118,Kia,Automatic 5-spd,6.0,3.8
16487,Sport Utility Vehicle - 2WD,Regular,Front-Wheel Drive,15.6957142857143,Kia,Automatic 4-spd,4.0,2.0
16488,Sport Utility Vehicle - 2WD,Regular,Front-Wheel Drive,14.9822727272727,Kia,Manual 5-spd,4.0,2.0
16489,Sport Utility Vehicle - 2WD,Regular,Front-Wheel Drive,16.4805,Kia,Automatic 4-spd,6.0,2.7
16490,Two Seaters,Regular,Rear-Wheel Drive,17.3478947368421,Pininfarina,Automatic 3-spd,4.0,2.0
16491,Compact Cars,Regular,Front-Wheel Drive,19.3888235294118,Buick,Automatic 4-spd,8.0,5.0
16492,Standard Pickup Trucks,Regular,Rear-Wheel Drive,21.974,GMC,Automatic 4-spd,8.0,5.0
16493,Sport Utility Vehicle - 2WD,Premium,Front-Wheel Drive,13.1844,Lexus,Automatic (variable gear ratios),6.0,3.3
16494,Sport Utility Vehicle - 2WD,Regular,Front-Wheel Drive,17.3478947368421,Lincoln,Automatic 6-spd,6.0,3.5
16495,Sport Utility Vehicle - 2WD,Premium,Front-Wheel Drive,18.3116666666667,Mitsubishi,Automatic (S4),6.0,3.8
16496,Sport Utility Vehicle - 2WD,Regular,Front-Wheel Drive,16.4805,Mitsubishi,Automatic (S6),6.0,3.0
16497,Sport Utility Vehicle - 2WD,Regular,Front-Wheel Drive,13.73375,Nissan,Automatic (variable gear ratios),4.0,2.5
16498,Sport Utility Vehicle - 2WD,Regular,Rear-Wheel Drive,19.3888235294118,Nissan,Automatic 5-spd,6.0,4.0
16499,Sport Utility Vehicle - 2WD,Regular,Rear-Wheel Drive,19.3888235294118,Nissan,Manual 6-spd,6.0,4.0
16500,Sport Utility Vehicle - 2WD,Regular,Rear-Wheel Drive,19.3888235294118,Toyota,Automatic 5-spd,8.0,4.7
16501,Sport Utility Vehicle - 2WD,Regular,Front-Wheel Drive,13.73375,Toyota,Automatic 4-spd,4.0,2.4
16502,Sport Utility Vehicle - 2WD,Regular,Front-Wheel Drive,14.9822727272727,Toyota,Automatic 5-spd,6.0,3.5
16503,Standard Pickup Trucks,Regular,Rear-Wheel Drive,27.4675,GMC,Manual 4-spd,8.0,5.0
16504,Sport Utility Vehicle - 2WD,Regular,Rear-Wheel Drive,21.974,Toyota,Automatic (S5),8.0,4.7
16505,Sport Utility Vehicle - 2WD,Regular,Rear-Wheel Drive,21.974,Toyota,Automatic (S6),8.0,5.7
16506,Sport Utility Vehicle - 4WD,Premium,4-Wheel or All-Wheel Drive,19.3888235294118,Acura,Automatic (S5),6.0,3.7
16507,Sport Utility Vehicle - 4WD,Premium,4-Wheel or All-Wheel Drive,17.3478947368421,Acura,Automatic (S5),4.0,2.3
16508,Sport Utility Vehicle - 4WD,Premium,4-Wheel or All-Wheel Drive,17.3478947368421,BMW,Manual 6-spd,6.0,3.0
16509,Sport Utility Vehicle - 4WD,Premium,4-Wheel or All-Wheel Drive,16.4805,BMW,Automatic (S6),6.0,3.0
16510,Sport Utility Vehicle - 4WD,Premium,4-Wheel or All-Wheel Drive,18.3116666666667,BMW,Automatic (S6),6.0,3.0
16511,Sport Utility Vehicle - 4WD,Premium,4-Wheel or All-Wheel Drive,20.600625,BMW,Automatic (S6),8.0,4.8
16512,Sport Utility Vehicle - 4WD,Regular,4-Wheel or All-Wheel Drive,21.974,Chrysler,Automatic 5-spd,8.0,4.7
16513,Sport Utility Vehicle - 4WD,Regular,4-Wheel or All-Wheel Drive,21.974,Dodge,Automatic 5-spd,8.0,4.7
16514,Standard Pickup Trucks,Regular,Rear-Wheel Drive,25.3546153846154,GMC,Automatic 4-spd,8.0,5.7
16515,Sport Utility Vehicle - 4WD,Regular,4-Wheel or All-Wheel Drive,18.3116666666667,Dodge,Automatic 5-spd,6.0,3.5
16516,Sport Utility Vehicle - 4WD,Regular,4-Wheel or All-Wheel Drive,18.3116666666667,Dodge,Automatic 5-spd,8.0,5.7
16517,Sport Utility Vehicle - 4WD,Regular,4-Wheel or All-Wheel Drive,18.3116666666667,Ford,Automatic 6-spd,6.0,3.5
16518,Sport Utility Vehicle - 4WD,Regular,4-Wheel or All-Wheel Drive,14.9822727272727,Honda,Automatic 5-spd,4.0,2.4
16519,Sport Utility Vehicle - 4WD,Regular,4-Wheel or All-Wheel Drive,17.3478947368421,Hyundai,Automatic 4-spd,6.0,2.7
16520,Sport Utility Vehicle - 4WD,Regular,4-Wheel or All-Wheel Drive,17.3478947368421,Hyundai,Manual 5-spd,6.0,2.7
16521,Sport Utility Vehicle - 4WD,Regular,4-Wheel or All-Wheel Drive,17.3478947368421,Hyundai,Automatic 5-spd,6.0,3.3
16522,Sport Utility Vehicle - 4WD,Regular,4-Wheel or All-Wheel Drive,15.6957142857143,Hyundai,Manual 5-spd,4.0,2.0
16523,Sport Utility Vehicle - 4WD,Regular,4-Wheel or All-Wheel Drive,17.3478947368421,Hyundai,Automatic 4-spd,6.0,2.7
16524,Sport Utility Vehicle - 4WD,Regular,4-Wheel or All-Wheel Drive,18.3116666666667,Hyundai,Automatic 6-spd,6.0,3.8
16525,Standard Pickup Trucks,Diesel,Rear-Wheel Drive,22.4814705882353,GMC,Automatic 4-spd,8.0,6.2
16526,Sport Utility Vehicle - 4WD,Regular,4-Wheel or All-Wheel Drive,20.600625,Jeep,Automatic 5-spd,6.0,3.7
16527,Sport Utility Vehicle - 4WD,Regular,4-Wheel or All-Wheel Drive,14.9822727272727,Jeep,Automatic (variable gear ratios),4.0,2.4
16528,Sport Utility Vehicle - 4WD,Regular,4-Wheel or All-Wheel Drive,13.73375,Jeep,Manual 5-spd,4.0,2.4
16529,Sport Utility Vehicle - 4WD,Regular,4-Wheel or All-Wheel Drive,19.3888235294118,Jeep,Automatic 5-spd,6.0,3.7
16530,Sport Utility Vehicle - 4WD,Regular,4-Wheel or All-Wheel Drive,14.9822727272727,Jeep,Automatic (variable gear ratios),4.0,2.4
16531,Sport Utility Vehicle - 4WD,Regular,4-Wheel or All-Wheel Drive,15.6957142857143,Jeep,Automatic (variable gear ratios),4.0,2.4
16532,Sport Utility Vehicle - 4WD,Regular,4-Wheel or All-Wheel Drive,13.73375,Jeep,Manual 5-spd,4.0,2.4
16533,Sport Utility Vehicle - 4WD,Regular,4-Wheel or All-Wheel Drive,19.3888235294118,Kia,Automatic 5-spd,6.0,3.3
16534,Sport Utility Vehicle - 4WD,Regular,4-Wheel or All-Wheel Drive,19.3888235294118,Kia,Automatic 5-spd,6.0,3.8
16535,Sport Utility Vehicle - 4WD,Regular,4-Wheel or All-Wheel Drive,15.6957142857143,Kia,Manual 5-spd,4.0,2.0
16536,Standard Pickup Trucks,Diesel,Rear-Wheel Drive,22.4814705882353,GMC,Manual 4-spd,8.0,6.2
16537,Sport Utility Vehicle - 4WD,Regular,4-Wheel or All-Wheel Drive,17.3478947368421,Kia,Automatic 4-spd,6.0,2.7
16538,Sport Utility Vehicle - 4WD,Premium,4-Wheel or All-Wheel Drive,21.974,Lexus,Automatic 5-spd,8.0,4.7
16539,Sport Utility Vehicle - 4WD,Premium,4-Wheel or All-Wheel Drive,23.5435714285714,Lexus,Automatic (S6),8.0,5.7
16540,Sport Utility Vehicle - 4WD,Premium,4-Wheel or All-Wheel Drive,13.1844,Lexus,Automatic (variable gear ratios),6.0,3.3
16541,Sport Utility Vehicle - 4WD,Regular,4-Wheel or All-Wheel Drive,18.3116666666667,Lincoln,Automatic 6-spd,6.0,3.5
16542,Sport Utility Vehicle - 4WD,Premium,4-Wheel or All-Wheel Drive,25.3546153846154,Mercedes-Benz,Automatic 7-spd,8.0,5.0
16543,Sport Utility Vehicle - 4WD,Premium,4-Wheel or All-Wheel Drive,27.4675,Mercedes-Benz,Automatic 5-spd,8.0,5.4
16544,Sport Utility Vehicle - 4WD,Premium,4-Wheel or All-Wheel Drive,23.5435714285714,Mercedes-Benz,Automatic 7-spd,8.0,5.5
16545,Sport Utility Vehicle - 4WD,Premium,4-Wheel or All-Wheel Drive,19.3888235294118,Mitsubishi,Automatic (S4),6.0,3.8
16546,Sport Utility Vehicle - 4WD,Regular,4-Wheel or All-Wheel Drive,16.4805,Mitsubishi,Automatic (S6),6.0,3.0
16547,Standard Pickup Trucks,Diesel,Rear-Wheel Drive,14.6994230769231,Jeep,Manual 5-spd,4.0,2.1
16548,Sport Utility Vehicle - 4WD,Regular,4-Wheel or All-Wheel Drive,14.3308695652174,Nissan,Automatic (variable gear ratios),4.0,2.5
16549,Sport Utility Vehicle - 4WD,Regular,4-Wheel or All-Wheel Drive,20.600625,Nissan,Automatic 5-spd,6.0,4.0
16550,Sport Utility Vehicle - 4WD,Regular,4-Wheel or All-Wheel Drive,19.3888235294118,Nissan,Manual 6-spd,6.0,4.0
16551,Sport Utility Vehicle - 4WD,Regular,4-Wheel or All-Wheel Drive,21.974,Toyota,Automatic 5-spd,8.0,4.7
16552,Sport Utility Vehicle - 4WD,Regular,4-Wheel or All-Wheel Drive,12.6773076923077,Toyota,Automatic (variable gear ratios),6.0,3.3
16553,Sport Utility Vehicle - 4WD,Regular,4-Wheel or All-Wheel Drive,21.974,Toyota,Automatic (S6),8.0,5.7
16554,Sport Utility Vehicle - 4WD,Regular,4-Wheel or All-Wheel Drive,14.9822727272727,Toyota,Automatic 4-spd,4.0,2.4
16555,Sport Utility Vehicle - 4WD,Regular,4-Wheel or All-Wheel Drive,15.6957142857143,Toyota,Automatic 5-spd,6.0,3.5
16556,Sport Utility Vehicle - 4WD,Regular,4-Wheel or All-Wheel Drive,23.5435714285714,Toyota,Automatic (S5),8.0,4.7
16557,Sport Utility Vehicle - 4WD,Regular,4-Wheel or All-Wheel Drive,21.974,Toyota,Automatic (S6),8.0,5.7
16558,Standard Pickup Trucks,Regular,Rear-Wheel Drive,17.3478947368421,Jeep,Automatic 3-spd,4.0,2.5
16559,Large Cars,Gasoline or E85,Rear-Wheel Drive,18.3116666666667,Lincoln,Automatic 4-spd,8.0,4.6
16560,Standard Pickup Trucks 2WD,Gasoline or E85,Rear-Wheel Drive,21.974,Dodge,Automatic 5-spd,8.0,4.7
16561,Standard Pickup Trucks 2WD,Gasoline or E85,Rear-Wheel Drive,21.974,Dodge,Automatic 5-spd,8.0,4.7
16562,Standard Pickup Trucks 2WD,Gasoline or E85,Rear-Wheel Drive,23.5435714285714,Dodge,Manual 6-spd,8.0,4.7
16563,Standard Pickup Trucks 2WD,Gasoline or E85,Rear-Wheel Drive,21.974,Ford,Automatic 4-spd,8.0,5.4
16564,Standard Pickup Trucks 2WD,Gasoline or E85,Rear-Wheel Drive,21.974,Ford,Automatic 4-spd,8.0,5.4
16565,Standard Pickup Trucks 2WD,Gasoline or E85,Rear-Wheel Drive,21.974,Mitsubishi,Automatic 5-spd,8.0,4.7
16566,Standard Pickup Trucks 4WD,Gasoline or E85,4-Wheel or All-Wheel Drive,21.974,Dodge,Automatic 5-spd,8.0,4.7
16567,Standard Pickup Trucks 4WD,Gasoline or E85,4-Wheel or All-Wheel Drive,21.974,Dodge,Automatic 5-spd,8.0,4.7
16568,Standard Pickup Trucks 4WD,Gasoline or E85,4-Wheel or All-Wheel Drive,23.5435714285714,Dodge,Manual 6-spd,8.0,4.7
16569,Standard Pickup Trucks,Regular,Rear-Wheel Drive,14.3308695652174,Jeep,Manual 4-spd,4.0,2.5
16570,Standard Pickup Trucks 4WD,Gasoline or E85,4-Wheel or All-Wheel Drive,21.974,Ford,Automatic 4-spd,8.0,5.4
16571,Standard Pickup Trucks 4WD,Gasoline or E85,4-Wheel or All-Wheel Drive,21.974,Mitsubishi,Automatic 5-spd,8.0,4.7
16572,Minivan - 2WD,Gasoline or E85,Front-Wheel Drive,17.3478947368421,Chrysler,Automatic 4-spd,6.0,3.3
16573,Minivan - 2WD,Gasoline or E85,Front-Wheel Drive,17.3478947368421,Dodge,Automatic 4-spd,6.0,3.3
16574,Sport Utility Vehicle - 2WD,Gasoline or E85,Rear-Wheel Drive,21.974,Chrysler,Automatic 5-spd,8.0,4.7
16575,Sport Utility Vehicle - 2WD,Gasoline or E85,Rear-Wheel Drive,21.974,Dodge,Automatic 5-spd,8.0,4.7
16576,Sport Utility Vehicle - 4WD,Gasoline or E85,4-Wheel or All-Wheel Drive,21.974,Chrysler,Automatic 5-spd,8.0,4.7
16577,Sport Utility Vehicle - 4WD,Gasoline or E85,4-Wheel or All-Wheel Drive,21.974,Dodge,Automatic 5-spd,8.0,4.7
16578,Subcompact Cars,Regular,Front-Wheel Drive,12.6773076923077,Chevrolet,Automatic 4-spd,4.0,2.2
16579,Subcompact Cars,Regular,Front-Wheel Drive,12.2077777777778,Chevrolet,Manual 5-spd,4.0,2.2
16580,Standard Pickup Trucks,Regular,Rear-Wheel Drive,17.3478947368421,Jeep,Manual 4-spd,4.0,2.5
16581,Subcompact Cars,Premium,Front-Wheel Drive,13.1844,Chevrolet,Automatic 4-spd,4.0,2.4
16582,Subcompact Cars,Regular,Front-Wheel Drive,15.6957142857143,Chrysler,Automatic 4-spd,6.0,2.7
16583,Subcompact Cars,Regular,Front-Wheel Drive,11.3658620689655,Honda,Automatic 5-spd,4.0,1.8
16584,Subcompact Cars,CNG,Front-Wheel Drive,0.0664285714285714,Honda,Automatic 5-spd,4.0,1.8
16585,Subcompact Cars,Regular,Front-Wheel Drive,11.3658620689655,Honda,Manual 5-spd,4.0,1.8
16586,Subcompact Cars,Premium,Front-Wheel Drive,13.73375,Honda,Manual 6-spd,4.0,2.0
16587,Subcompact Cars,Regular,Front-Wheel Drive,14.9822727272727,Hyundai,Automatic 4-spd,4.0,2.0
16588,Subcompact Cars,Regular,Front-Wheel Drive,14.3308695652174,Hyundai,Manual 5-spd,4.0,2.0
16589,Subcompact Cars,Regular,Front-Wheel Drive,16.4805,Hyundai,Automatic 4-spd,6.0,2.7
16590,Subcompact Cars,Regular,Front-Wheel Drive,16.4805,Hyundai,Manual 5-spd,6.0,2.7
16591,Standard Pickup Trucks,Regular,Rear-Wheel Drive,15.6957142857143,Jeep,Manual 5-spd,4.0,2.5
16592,Subcompact Cars,Regular,Front-Wheel Drive,17.3478947368421,Hyundai,Manual 6-spd,6.0,2.7
16593,Subcompact Cars,Premium,Rear-Wheel Drive,16.4805,Infiniti,Manual 6-spd,6.0,3.7
16594,Subcompact Cars,Premium,Rear-Wheel Drive,16.4805,Infiniti,Automatic (S5),6.0,3.7
16595,Subcompact Cars,Premium,Rear-Wheel Drive,15.6957142857143,Lexus,Manual 6-spd,6.0,2.5
16596,Subcompact Cars,Premium,Rear-Wheel Drive,13.73375,Lexus,Automatic (S6),6.0,2.5
16597,Subcompact Cars,Premium,4-Wheel or All-Wheel Drive,14.9822727272727,Lexus,Automatic (S6),6.0,2.5
16598,Subcompact Cars,Premium,Rear-Wheel Drive,16.4805,Lexus,Automatic (S6),6.0,3.5
16599,Subcompact Cars,Premium,Rear-Wheel Drive,21.974,Maserati,Automatic 6-spd,8.0,4.2
16600,Compact Cars,Premium or E85,Rear-Wheel Drive,15.6957142857143,Mercedes-Benz,Automatic 7-spd,6.0,3.0
16601,Two Seaters,Premium,4-Wheel or All-Wheel Drive,29.9645454545455,Lamborghini,Automatic (S6),12.0,6.5
16602,Compact Cars,Regular,Front-Wheel Drive,13.73375,Buick,Automatic 3-spd,4.0,1.8
16603,Standard Pickup Trucks,Regular,Rear-Wheel Drive,20.600625,Jeep,Automatic 3-spd,6.0,2.8
16604,Two Seaters,Premium,Rear-Wheel Drive,25.3546153846154,Mercedes-Benz,Automatic (S5),8.0,5.4
16605,Two Seaters,Premium,Rear-Wheel Drive,17.3478947368421,Porsche,Manual 6-spd,6.0,3.6
16606,Two Seaters,Premium,Rear-Wheel Drive,19.3888235294118,Shelby,Manual 5-spd,8.0,4.6
16607,Subcompact Cars,Premium,Rear-Wheel Drive,20.600625,Roush Performance,Automatic 5-spd,8.0,4.6
16608,Subcompact Cars,Premium,Front-Wheel Drive,16.4805,Saab,Automatic (S5),4.0,2.0
16609,Subcompact Cars,Premium,Rear-Wheel Drive,23.5435714285714,Saleen Performance,Manual 6-spd,8.0,5.0
16610,Subcompact Cars,Premium,Rear-Wheel Drive,23.5435714285714,Saleen Performance,Manual 6-spd,8.0,5.0
16611,Compact Cars,Premium,4-Wheel or All-Wheel Drive,16.4805,Mercedes-Benz,Automatic 7-spd,6.0,3.0
16612,Compact Cars,Premium,Front-Wheel Drive,15.6957142857143,Saab,Automatic (S5),4.0,2.0
16613,Midsize Cars,Premium,Rear-Wheel Drive,21.974,Dodge,Automatic 5-spd,8.0,6.1
16614,Standard Pickup Trucks,Regular,Rear-Wheel Drive,19.3888235294118,Jeep,Manual 5-spd,6.0,2.8
16615,Large Cars,Premium,Rear-Wheel Drive,21.974,Chrysler,Automatic 5-spd,8.0,6.1
16616,Large Cars,Premium,Rear-Wheel Drive,21.974,Dodge,Automatic 5-spd,8.0,6.1
16617,Large Cars,Premium,Rear-Wheel Drive,18.3116666666667,Pontiac,Automatic (S6),8.0,6.0
16618,Small Station Wagons,Premium,Front-Wheel Drive,16.4805,Saab,Automatic (S5),4.0,2.0
16619,Small Station Wagons,Premium,4-Wheel or All-Wheel Drive,17.3478947368421,Subaru,Manual 6-spd,4.0,2.5
16620,Standard Pickup Trucks 2WD,Premium,Rear-Wheel Drive,25.3546153846154,Saleen Performance,Automatic 4-spd,8.0,5.4
16621,Minivan - 2WD,Regular,Front-Wheel Drive,18.3116666666667,Honda,Automatic 5-spd,6.0,3.5
16622,Minivan - 2WD,Regular,Front-Wheel Drive,16.4805,Honda,Automatic 5-spd,6.0,3.5
16623,Minivan - 2WD,Regular,Front-Wheel Drive,13.73375,Mazda,Manual 5-spd,4.0,2.3
16624,Minivan - 2WD,Regular,Front-Wheel Drive,14.3308695652174,Mazda,Automatic (S5),4.0,2.3
16625,Standard Pickup Trucks,Regular,Rear-Wheel Drive,15.6957142857143,Toyota,Automatic 4-spd,4.0,2.4
16626,Sport Utility Vehicle - 2WD,Premium,Rear-Wheel Drive,23.5435714285714,Cadillac,Automatic 6-spd,8.0,6.2
16627,Sport Utility Vehicle - 2WD,Premium,Rear-Wheel Drive,23.5435714285714,Chevrolet,Automatic 6-spd,8.0,6.2
16628,Sport Utility Vehicle - 2WD,Regular,Rear-Wheel Drive,15.6957142857143,Chevrolet,Automatic (variable gear ratios),8.0,6.0
16629,Sport Utility Vehicle - 2WD,Regular,Front-Wheel Drive,14.9822727272727,Chevrolet,Automatic 4-spd,4.0,2.0
16630,Sport Utility Vehicle - 2WD,Regular,Front-Wheel Drive,13.73375,Chevrolet,Manual 5-spd,4.0,2.0
16631,Sport Utility Vehicle - 2WD,Premium,Rear-Wheel Drive,21.974,Dodge,Automatic 5-spd,8.0,6.1
16632,Sport Utility Vehicle - 2WD,Premium,Rear-Wheel Drive,23.5435714285714,GMC,Automatic 6-spd,8.0,6.2
16633,Sport Utility Vehicle - 2WD,Regular,Rear-Wheel Drive,15.6957142857143,GMC,Automatic (variable gear ratios),8.0,6.0
16634,Sport Utility Vehicle - 2WD,Premium,Rear-Wheel Drive,23.5435714285714,GMC,Automatic 6-spd,8.0,6.2
16635,Sport Utility Vehicle - 2WD,Regular,Front-Wheel Drive,14.9822727272727,Mitsubishi,Automatic (variable gear ratios),4.0,2.4
16636,Standard Pickup Trucks,Regular,Rear-Wheel Drive,14.3308695652174,Toyota,Manual 5-spd,4.0,2.4
16637,Sport Utility Vehicle - 2WD,Regular,Front-Wheel Drive,11.7717857142857,Saturn,Automatic 4-spd,4.0,2.4
16638,Sport Utility Vehicle - 4WD,Regular,4-Wheel or All-Wheel Drive,16.4805,Chevrolet,Automatic (variable gear ratios),8.0,6.0
16639,Sport Utility Vehicle - 4WD,Regular,4-Wheel or All-Wheel Drive,16.4805,GMC,Automatic (variable gear ratios),8.0,6.0
16640,Sport Utility Vehicle - 4WD,Regular,4-Wheel or All-Wheel Drive,14.9822727272727,Mitsubishi,Automatic (variable gear ratios),4.0,2.4
16641,Sport Utility Vehicle - 4WD,Premium,4-Wheel or All-Wheel Drive,21.974,Porsche,Automatic 6-spd,8.0,4.8
16642,Sport Utility Vehicle - 4WD,Premium,4-Wheel or All-Wheel Drive,25.3546153846154,Porsche,Manual 6-spd,8.0,4.8
16643,Minicompact Cars,Premium,Front-Wheel Drive,10.3003125,MINI,Manual 6-spd,4.0,1.6
16644,Minicompact Cars,Premium,Front-Wheel Drive,11.3658620689655,MINI,Automatic (S6),4.0,1.6
16645,Minicompact Cars,Premium,Front-Wheel Drive,11.3658620689655,MINI,Manual 6-spd,4.0,1.6
16646,Minicompact Cars,Premium,Front-Wheel Drive,12.2077777777778,MINI,Automatic (S6),4.0,1.6
16647,Standard Pickup Trucks,Regular,4-Wheel or All-Wheel Drive,21.974,Chevrolet,Automatic 4-spd,6.0,4.3
16648,Subcompact Cars,Premium,4-Wheel or All-Wheel Drive,16.4805,Audi,Manual 6-spd,6.0,3.2
16649,Subcompact Cars,Premium,4-Wheel or All-Wheel Drive,15.6957142857143,Audi,Automatic (S6),6.0,3.2
16650,Subcompact Cars,Premium,Front-Wheel Drive,10.3003125,MINI,Manual 6-spd,4.0,1.6
16651,Subcompact Cars,Premium,Front-Wheel Drive,11.3658620689655,MINI,Automatic (S6),4.0,1.6
16652,Subcompact Cars,Premium,Front-Wheel Drive,11.3658620689655,MINI,Manual 6-spd,4.0,1.6
16653,Subcompact Cars,Premium,Front-Wheel Drive,12.2077777777778,MINI,Automatic (S6),4.0,1.6
16654,Sport Utility Vehicle - 2WD,Regular,Front-Wheel Drive,14.3308695652174,Jeep,Automatic (variable gear ratios),4.0,2.4
16655,Sport Utility Vehicle - 2WD,Regular,Front-Wheel Drive,14.3308695652174,Jeep,Automatic (variable gear ratios),4.0,2.4
16656,Standard Pickup Trucks,Regular,4-Wheel or All-Wheel Drive,21.974,Chevrolet,Automatic 4-spd,6.0,4.3
16657,Two Seaters,Premium,Rear-Wheel Drive,9.15583333333333,smart,Automatic (S5),3.0,1.0
16658,Two Seaters,Premium,Rear-Wheel Drive,9.15583333333333,smart,Automatic (S5),3.0,1.0
16659,Subcompact Cars,Premium,4-Wheel or All-Wheel Drive,17.3478947368421,Audi,Automatic (S6),8.0,4.2
16660,Subcompact Cars,Premium,Rear-Wheel Drive,15.6957142857143,BMW,Manual 6-spd,6.0,3.0
16661,Subcompact Cars,Premium,Rear-Wheel Drive,14.9822727272727,BMW,Automatic (S6),6.0,3.0
16662,Subcompact Cars,Premium,Rear-Wheel Drive,15.6957142857143,BMW,Manual 6-spd,6.0,3.0
16663,Subcompact Cars,Premium,Rear-Wheel Drive,15.6957142857143,BMW,Automatic (S6),6.0,3.0
16664,Subcompact Cars,Premium,Rear-Wheel Drive,16.4805,BMW,Manual 6-spd,6.0,3.0
16665,Subcompact Cars,Premium,Rear-Wheel Drive,15.6957142857143,BMW,Automatic (S6),6.0,3.0
16666,Subcompact Cars,Premium,Rear-Wheel Drive,16.4805,BMW,Manual 6-spd,6.0,3.0
16667,Standard Pickup Trucks,Regular,4-Wheel or All-Wheel Drive,21.974,Chevrolet,Manual 4-spd,6.0,4.3
16668,Subcompact Cars,Premium,Rear-Wheel Drive,16.4805,BMW,Automatic (S6),6.0,3.0
16669,Subcompact Cars,Premium,Rear-Wheel Drive,20.600625,BMW,Manual 6-spd,8.0,4.0
16670,Subcompact Cars,Premium,Rear-Wheel Drive,18.3116666666667,Lexus,Automatic (S8),8.0,5.0
16671,Compact Cars,Premium,Rear-Wheel Drive,20.600625,BMW,Manual 6-spd,8.0,4.0
16672,Compact Cars,Premium,4-Wheel or All-Wheel Drive,18.3116666666667,Mitsubishi,Manual 5-spd,4.0,2.0
16673,Compact Cars,Premium,4-Wheel or All-Wheel Drive,17.3478947368421,Mitsubishi,Automatic (S6),4.0,2.0
16674,Compact Cars,Regular,Front-Wheel Drive,12.2077777777778,Saturn,Automatic 4-spd,4.0,1.8
16675,Compact Cars,Regular,Front-Wheel Drive,12.2077777777778,Saturn,Manual 5-spd,4.0,1.8
16676,Compact Cars,Regular,Front-Wheel Drive,12.2077777777778,Saturn,Automatic 4-spd,4.0,1.8
16677,Compact Cars,Regular,Front-Wheel Drive,12.2077777777778,Saturn,Manual 5-spd,4.0,1.8
16678,Standard Pickup Trucks,Regular,4-Wheel or All-Wheel Drive,25.3546153846154,Chevrolet,Manual 4-spd,6.0,4.3
16679,Large Cars,Regular,Rear-Wheel Drive,16.4805,Pontiac,Automatic (S5),6.0,3.6
16680,Small Station Wagons,Premium,Rear-Wheel Drive,17.3478947368421,Infiniti,Automatic (S5),6.0,3.5
16681,Small Station Wagons,Premium,4-Wheel or All-Wheel Drive,17.3478947368421,Infiniti,Automatic (S5),6.0,3.5
16682,Standard Pickup Trucks 2WD,Premium,Rear-Wheel Drive,25.3546153846154,"Tecstar, LP",Automatic 4-spd,8.0,5.4
16683,Standard Pickup Trucks 2WD,Premium,Rear-Wheel Drive,25.3546153846154,"Tecstar, LP",Automatic 4-spd,8.0,5.4
16684,Standard Pickup Trucks 2WD,Premium,Rear-Wheel Drive,25.3546153846154,"Tecstar, LP",Automatic 4-spd,8.0,5.4
16685,Standard Pickup Trucks 4WD,Premium,4-Wheel or All-Wheel Drive,25.3546153846154,"Tecstar, LP",Automatic 4-spd,8.0,5.4
16686,Standard Pickup Trucks 4WD,Premium,4-Wheel or All-Wheel Drive,25.3546153846154,"Tecstar, LP",Automatic 4-spd,8.0,5.4
16687,Standard Pickup Trucks 4WD,Premium,4-Wheel or All-Wheel Drive,25.3546153846154,"Tecstar, LP",Automatic 4-spd,8.0,5.4
16688,Minicompact Cars,Premium,Rear-Wheel Drive,18.3116666666667,Jaguar,Automatic 4-spd,6.0,4.0
16689,Standard Pickup Trucks,Regular,4-Wheel or All-Wheel Drive,21.974,Chevrolet,Manual 4-spd,6.0,4.3
16690,Large Cars,Regular,Front-Wheel Drive,16.4805,Buick,Automatic 4-spd,6.0,3.8
16691,Subcompact Cars,Premium,Rear-Wheel Drive,20.600625,BMW,Automatic (S7),8.0,4.0
16692,Subcompact Cars,Premium,Rear-Wheel Drive,20.600625,BMW,Manual 6-spd,8.0,4.0
16693,Subcompact Cars,Premium,Rear-Wheel Drive,20.600625,BMW,Automatic (S7),8.0,4.0
16694,Subcompact Cars,Premium,Front-Wheel Drive,13.1844,Chevrolet,Manual 5-spd,4.0,2.0
16695,Subcompact Cars,Regular,Front-Wheel Drive,11.3658620689655,Chevrolet,Manual 5-spd,4.0,2.2
16696,Subcompact Cars,Regular,Front-Wheel Drive,11.3658620689655,Pontiac,Manual 5-spd,4.0,2.2
16697,Compact Cars,Premium,Rear-Wheel Drive,20.600625,BMW,Automatic (S7),8.0,4.0
16698,Compact Cars,Premium,Rear-Wheel Drive,21.974,Mercedes-Benz,Automatic (S7),8.0,6.2
16699,Standard Pickup Trucks,Regular,4-Wheel or All-Wheel Drive,27.4675,Chevrolet,Automatic 3-spd,8.0,5.0
16700,Compact Cars,Premium,4-Wheel or All-Wheel Drive,18.3116666666667,Saab,Automatic (S6),6.0,2.8
16701,Compact Cars,Premium,4-Wheel or All-Wheel Drive,17.3478947368421,Saab,Manual 6-spd,6.0,2.8
16702,Midsize Cars,Regular,Front-Wheel Drive,13.1844,Chevrolet,Automatic (S6),4.0,2.4
16703,Small Station Wagons,Premium,4-Wheel or All-Wheel Drive,18.3116666666667,Saab,Automatic (S6),6.0,2.8
16704,Small Station Wagons,Premium,4-Wheel or All-Wheel Drive,17.3478947368421,Saab,Manual 6-spd,6.0,2.8
16705,Standard Pickup Trucks 2WD,Premium,Rear-Wheel Drive,25.3546153846154,Saleen Performance,Automatic 4-spd,8.0,5.4
16706,Sport Utility Vehicle - 4WD,Premium,4-Wheel or All-Wheel Drive,19.3888235294118,BMW,Automatic (S6),6.0,3.0
16707,Sport Utility Vehicle - 4WD,Premium,4-Wheel or All-Wheel Drive,21.974,BMW,Automatic (S6),8.0,4.4
16708,Two Seaters,Premium,Rear-Wheel Drive,25.3546153846154,Aston Martin,Manual 6-spd,12.0,5.9
16709,Two Seaters,Premium,4-Wheel or All-Wheel Drive,13.73375,Audi,Automatic (S6),4.0,2.0
16710,Compact Cars,Premium,Front-Wheel Drive,16.4805,Buick,Automatic 3-spd,4.0,1.8
16711,Standard Pickup Trucks,Regular,4-Wheel or All-Wheel Drive,23.5435714285714,Chevrolet,Automatic 4-spd,8.0,5.0
16712,Two Seaters,Premium,Rear-Wheel Drive,18.3116666666667,Chevrolet,Automatic (S6),8.0,6.2
16713,Two Seaters,Premium,Rear-Wheel Drive,17.3478947368421,Chevrolet,Manual 6-spd,8.0,6.2
16714,Two Seaters,Premium,Rear-Wheel Drive,20.600625,Mercedes-Benz,Automatic 7-spd,8.0,5.5
16715,Two Seaters,Premium,Rear-Wheel Drive,23.5435714285714,Mercedes-Benz,Automatic 5-spd,12.0,5.5
16716,Two Seaters,Premium,Rear-Wheel Drive,23.5435714285714,Mercedes-Benz,Automatic (S7),8.0,6.2
16717,Two Seaters,Premium,Rear-Wheel Drive,23.5435714285714,Mercedes-Benz,Automatic (S5),12.0,6.0
16718,Two Seaters,Premium,Rear-Wheel Drive,16.4805,Mercedes-Benz,Manual 6-spd,6.0,3.0
16719,Two Seaters,Premium,Rear-Wheel Drive,15.6957142857143,Mercedes-Benz,Automatic 7-spd,6.0,3.0
16720,Two Seaters,Premium,Rear-Wheel Drive,15.6957142857143,Mercedes-Benz,Automatic 7-spd,6.0,3.5
16721,Two Seaters,Premium,Rear-Wheel Drive,15.6957142857143,Mercedes-Benz,Manual 6-spd,6.0,3.5
16722,Standard Pickup Trucks,Regular,4-Wheel or All-Wheel Drive,27.4675,Chevrolet,Manual 4-spd,8.0,5.0
16723,Minicompact Cars,Premium,Rear-Wheel Drive,25.3546153846154,Aston Martin,Manual 6-spd,12.0,5.9
16724,Minicompact Cars,Premium,Rear-Wheel Drive,23.5435714285714,Aston Martin,Automatic (S6),12.0,5.9
16725,Minicompact Cars,Premium,Rear-Wheel Drive,17.3478947368421,Jaguar,Automatic 6-spd,8.0,4.2
16726,Minicompact Cars,Premium,Rear-Wheel Drive,17.3478947368421,Jaguar,Automatic 6-spd,8.0,4.2
16727,Minicompact Cars,Premium,Rear-Wheel Drive,18.3116666666667,Jaguar,Automatic 6-spd,8.0,4.2
16728,Minicompact Cars,Premium,Rear-Wheel Drive,18.3116666666667,Jaguar,Automatic 6-spd,8.0,4.2
16729,Minicompact Cars,Premium,Front-Wheel Drive,17.3478947368421,Mitsubishi,Manual 6-spd,6.0,3.8
16730,Minicompact Cars,Premium,Front-Wheel Drive,17.3478947368421,Mitsubishi,Automatic (S5),6.0,3.8
16731,Minicompact Cars,Regular,Front-Wheel Drive,14.9822727272727,Mitsubishi,Manual 5-spd,4.0,2.4
16732,Minicompact Cars,Regular,Front-Wheel Drive,14.9822727272727,Mitsubishi,Automatic (S4),4.0,2.4
16733,Standard Pickup Trucks,Regular,4-Wheel or All-Wheel Drive,23.5435714285714,Chevrolet,Manual 4-spd,8.0,5.0
16734,Minicompact Cars,Regular,Front-Wheel Drive,14.3308695652174,Volkswagen,Manual 5-spd,5.0,2.5
16735,Minicompact Cars,Regular,Front-Wheel Drive,14.3308695652174,Volkswagen,Automatic (S6),5.0,2.5
16736,Subcompact Cars,Premium,4-Wheel or All-Wheel Drive,13.73375,Audi,Automatic (S6),4.0,2.0
16737,Subcompact Cars,Regular,Front-Wheel Drive,11.7717857142857,Chevrolet,Automatic 4-spd,4.0,1.6
16738,Subcompact Cars,Premium,Rear-Wheel Drive,18.3116666666667,Mazda,Manual 6-spd,2.0,1.3
16739,Subcompact Cars,Premium,Rear-Wheel Drive,17.3478947368421,Mazda,Automatic (S6),2.0,1.3
16740,Subcompact Cars,Premium,Front-Wheel Drive,17.3478947368421,Mitsubishi,Manual 6-spd,6.0,3.8
16741,Subcompact Cars,Premium,Front-Wheel Drive,17.3478947368421,Mitsubishi,Automatic (S5),6.0,3.8
16742,Subcompact Cars,Regular,Front-Wheel Drive,14.9822727272727,Mitsubishi,Automatic (S4),4.0,2.4
16743,Subcompact Cars,Regular,Front-Wheel Drive,14.3308695652174,Mitsubishi,Manual 5-spd,4.0,2.4
16744,Standard Pickup Trucks,Regular,4-Wheel or All-Wheel Drive,27.4675,Chevrolet,Automatic 4-spd,8.0,5.7
16745,Subcompact Cars,Regular,Front-Wheel Drive,11.7717857142857,Pontiac,Automatic 4-spd,4.0,1.6
16746,Subcompact Cars,Regular,Front-Wheel Drive,14.3308695652174,Scion,Manual 5-spd,4.0,2.4
16747,Subcompact Cars,Regular,Front-Wheel Drive,13.73375,Scion,Automatic 4-spd,4.0,2.4
16748,Subcompact Cars,Regular,Front-Wheel Drive,14.3308695652174,Volkswagen,Manual 5-spd,5.0,2.5
16749,Subcompact Cars,Regular,Front-Wheel Drive,14.3308695652174,Volkswagen,Automatic (S6),5.0,2.5
16750,Compact Cars,Premium,Front-Wheel Drive,14.3308695652174,Acura,Manual 6-spd,4.0,2.4
16751,Compact Cars,Premium,Front-Wheel Drive,13.1844,Acura,Automatic (S5),4.0,2.4
16752,Compact Cars,Premium,Rear-Wheel Drive,29.9645454545455,Bentley,Automatic (S6),8.0,6.7
16753,Compact Cars,Premium,Rear-Wheel Drive,29.9645454545455,Bentley,Automatic (S6),8.0,6.7
16754,Compact Cars,Regular,Front-Wheel Drive,11.7717857142857,Chevrolet,Automatic 4-spd,4.0,1.6
16755,Standard Pickup Trucks,Diesel,4-Wheel or All-Wheel Drive,22.4814705882353,Chevrolet,Automatic 4-spd,8.0,6.2
16756,Compact Cars,Premium,Rear-Wheel Drive,20.600625,Mercedes-Benz,Automatic 7-spd,8.0,5.5
16757,Compact Cars,Regular,Front-Wheel Drive,14.3308695652174,Mitsubishi,Automatic (variable gear ratios),4.0,2.4
16758,Compact Cars,Regular,Front-Wheel Drive,14.3308695652174,Mitsubishi,Manual 5-spd,4.0,2.4
16759,Compact Cars,Regular,Front-Wheel Drive,13.73375,Mitsubishi,Automatic (variable gear ratios),4.0,2.0
16760,Compact Cars,Regular,Front-Wheel Drive,13.1844,Mitsubishi,Manual 5-spd,4.0,2.0
16761,Compact Cars,Regular,Front-Wheel Drive,11.7717857142857,Pontiac,Automatic 4-spd,4.0,1.6
16762,Compact Cars,Premium,4-Wheel or All-Wheel Drive,16.4805,Subaru,Manual 6-spd,4.0,2.5
16763,Compact Cars,Premium,4-Wheel or All-Wheel Drive,16.4805,Subaru,Automatic (S5),4.0,2.5
16764,Compact Cars,Premium,4-Wheel or All-Wheel Drive,16.4805,Subaru,Automatic (S5),6.0,3.0
16765,Compact Cars,Premium,4-Wheel or All-Wheel Drive,15.6957142857143,Subaru,Manual 5-spd,4.0,2.5
16766,Standard Pickup Trucks,Diesel,4-Wheel or All-Wheel Drive,22.4814705882353,Chevrolet,Manual 4-spd,8.0,6.2
16767,Compact Cars,Regular,4-Wheel or All-Wheel Drive,14.9822727272727,Subaru,Manual 5-spd,4.0,2.5
16768,Compact Cars,Regular,4-Wheel or All-Wheel Drive,14.9822727272727,Subaru,Automatic (S4),4.0,2.5
16769,Compact Cars,Regular,Front-Wheel Drive,13.1844,Toyota,Manual 5-spd,4.0,2.4
16770,Compact Cars,Regular,Front-Wheel Drive,13.1844,Toyota,Automatic (S5),4.0,2.4
16771,Compact Cars,Regular,Front-Wheel Drive,10.987,Toyota,Automatic 4-spd,4.0,1.8
16772,Compact Cars,Regular,Front-Wheel Drive,10.987,Toyota,Manual 5-spd,4.0,1.8
16773,Compact Cars,Premium,Front-Wheel Drive,13.1844,Volkswagen,Manual 6-spd,4.0,2.0
16774,Compact Cars,Premium,Front-Wheel Drive,13.1844,Volkswagen,Automatic (S6),4.0,2.0
16775,Compact Cars,Regular,Front-Wheel Drive,13.73375,Volkswagen,Manual 5-spd,5.0,2.5
16776,Compact Cars,Regular,Front-Wheel Drive,13.73375,Volkswagen,Automatic (S6),5.0,2.5
16777,Standard Pickup Trucks,Diesel,4-Wheel or All-Wheel Drive,22.4814705882353,Chevrolet,Manual 4-spd,8.0,6.2
16778,Compact Cars,Premium,Front-Wheel Drive,13.1844,Volkswagen,Manual 6-spd,4.0,2.0
16779,Compact Cars,Premium,Front-Wheel Drive,13.1844,Volkswagen,Automatic (S6),4.0,2.0
16780,Compact Cars,Regular,Front-Wheel Drive,13.73375,Volkswagen,Manual 5-spd,5.0,2.5
16781,Compact Cars,Regular,Front-Wheel Drive,13.73375,Volkswagen,Automatic (S6),5.0,2.5
16782,Midsize Cars,Premium,4-Wheel or All-Wheel Drive,18.3116666666667,Acura,Automatic (S5),6.0,3.7
16783,Midsize Cars,Premium,Rear-Wheel Drive,29.9645454545455,Bentley,Automatic (S6),8.0,6.7
16784,Midsize Cars,Premium,Rear-Wheel Drive,17.3478947368421,Jaguar,Automatic 6-spd,8.0,4.2
16785,Midsize Cars,Regular,Front-Wheel Drive,13.1844,Kia,Automatic 5-spd,4.0,2.4
16786,Standard Pickup Trucks,Regular,4-Wheel or All-Wheel Drive,27.4675,Chevrolet,Automatic 4-spd,8.0,5.7
16787,Midsize Cars,Regular,Front-Wheel Drive,13.1844,Kia,Manual 5-spd,4.0,2.4
16788,Midsize Cars,Regular,Front-Wheel Drive,12.6773076923077,Kia,Manual 5-spd,4.0,2.0
16789,Midsize Cars,Regular,Front-Wheel Drive,12.2077777777778,Kia,Automatic 4-spd,4.0,2.0
16790,Midsize Cars,Premium,Front-Wheel Drive,17.3478947368421,Mitsubishi,Automatic (S5),6.0,3.8
16791,Midsize Cars,Regular,Front-Wheel Drive,14.3308695652174,Mitsubishi,Automatic (S4),4.0,2.4
16792,Midsize Cars,Regular,Front-Wheel Drive,14.3308695652174,Toyota,Automatic (S6),6.0,3.5
16793,Midsize Cars,Regular,Front-Wheel Drive,13.1844,Toyota,Automatic 5-spd,4.0,2.4
16794,Midsize Cars,Regular,Front-Wheel Drive,13.1844,Toyota,Manual 5-spd,4.0,2.4
16795,Midsize Cars,Regular,Front-Wheel Drive,9.69441176470588,Toyota,Automatic (variable gear ratios),4.0,2.4
16796,Midsize Cars,Premium,Front-Wheel Drive,14.3308695652174,Volkswagen,Automatic (S6),4.0,2.0
16797,Standard Pickup Trucks,Regular,4-Wheel or All-Wheel Drive,29.9645454545455,Chevrolet,Manual 4-spd,8.0,5.7
16798,Large Cars,Premium,Rear-Wheel Drive,29.9645454545455,Bentley,Automatic (S6),8.0,6.7
16799,Large Cars,Regular,Front-Wheel Drive,16.4805,Hyundai,Automatic 5-spd,6.0,3.8
16800,Large Cars,Regular,Front-Wheel Drive,15.6957142857143,Hyundai,Automatic 5-spd,6.0,3.3
16801,Large Cars,Regular,Rear-Wheel Drive,15.6957142857143,Hyundai,Automatic 6-spd,6.0,3.8
16802,Large Cars,Premium,Rear-Wheel Drive,17.3478947368421,Hyundai,Automatic 6-spd,8.0,4.6
16803,Large Cars,Regular,Front-Wheel Drive,14.9822727272727,Hyundai,Automatic 5-spd,6.0,3.3
16804,Large Cars,Regular,Front-Wheel Drive,13.1844,Hyundai,Automatic 5-spd,4.0,2.4
16805,Large Cars,Regular,Front-Wheel Drive,13.1844,Hyundai,Manual 5-spd,4.0,2.4
16806,Large Cars,Premium,Rear-Wheel Drive,18.3116666666667,Jaguar,Automatic 6-spd,8.0,4.2
16807,Standard Pickup Trucks,Diesel,4-Wheel or All-Wheel Drive,22.4814705882353,Chevrolet,Automatic 4-spd,8.0,6.2
16808,Large Cars,Premium,Rear-Wheel Drive,17.3478947368421,Jaguar,Automatic 6-spd,8.0,4.2
16809,Large Cars,Premium,Rear-Wheel Drive,17.3478947368421,Jaguar,Automatic 6-spd,8.0,4.2
16810,Large Cars,Premium,Rear-Wheel Drive,17.3478947368421,Jaguar,Automatic 6-spd,8.0,4.2
16811,Large Cars,Premium,Rear-Wheel Drive,18.3116666666667,Jaguar,Automatic 6-spd,8.0,4.2
16812,Large Cars,Regular,Front-Wheel Drive,17.3478947368421,Kia,Automatic 5-spd,6.0,3.8
16813,Large Cars,Regular,4-Wheel or All-Wheel Drive,17.3478947368421,Lincoln,Automatic 6-spd,6.0,3.7
16814,Large Cars,Regular,Front-Wheel Drive,17.3478947368421,Lincoln,Automatic 6-spd,6.0,3.7
16815,Small Station Wagons,Premium,Front-Wheel Drive,13.73375,Audi,Manual 6-spd,4.0,2.0
16816,Small Station Wagons,Premium,Front-Wheel Drive,13.73375,Audi,Automatic (S6),4.0,2.0
16817,Small Station Wagons,Premium,4-Wheel or All-Wheel Drive,13.73375,Audi,Automatic (S6),4.0,2.0
16818,Compact Cars,Premium,Front-Wheel Drive,15.6957142857143,Buick,Manual 4-spd,4.0,1.8
16819,Standard Pickup Trucks,Diesel,4-Wheel or All-Wheel Drive,23.8865625,Chevrolet,Manual 4-spd,8.0,6.2
16820,Small Station Wagons,Regular,4-Wheel or All-Wheel Drive,14.9822727272727,Pontiac,Automatic 4-spd,4.0,2.4
16821,Small Station Wagons,Regular,Front-Wheel Drive,13.73375,Pontiac,Manual 5-spd,4.0,2.4
16822,Small Station Wagons,Regular,Front-Wheel Drive,13.73375,Pontiac,Automatic (S5),4.0,2.4
16823,Small Station Wagons,Regular,Front-Wheel Drive,11.7717857142857,Pontiac,Automatic 4-spd,4.0,1.8
16824,Small Station Wagons,Regular,Front-Wheel Drive,11.7717857142857,Pontiac,Manual 5-spd,4.0,1.8
16825,Small Station Wagons,Regular,4-Wheel or All-Wheel Drive,14.9822727272727,Toyota,Automatic 4-spd,4.0,2.4
16826,Small Station Wagons,Regular,Front-Wheel Drive,13.73375,Toyota,Manual 5-spd,4.0,2.4
16827,Small Station Wagons,Regular,Front-Wheel Drive,13.73375,Toyota,Automatic (S5),4.0,2.4
16828,Small Station Wagons,Regular,Front-Wheel Drive,11.7717857142857,Toyota,Automatic 4-spd,4.0,1.8
16829,Small Station Wagons,Regular,Front-Wheel Drive,11.7717857142857,Toyota,Manual 5-spd,4.0,1.8
16830,Standard Pickup Trucks,Regular,4-Wheel or All-Wheel Drive,16.4805,Chevrolet,Automatic 4-spd,4.0,2.5
16831,Small Station Wagons,Regular,Front-Wheel Drive,13.73375,Scion,Manual 5-spd,4.0,2.4
16832,Small Station Wagons,Regular,Front-Wheel Drive,13.73375,Scion,Automatic (S4),4.0,2.4
16833,Small Station Wagons,Regular,Front-Wheel Drive,13.73375,Volkswagen,Manual 5-spd,5.0,2.5
16834,Small Station Wagons,Regular,Front-Wheel Drive,13.73375,Volkswagen,Automatic (S6),5.0,2.5
16835,Small Station Wagons,Premium,Front-Wheel Drive,13.1844,Volkswagen,Manual 6-spd,4.0,2.0
16836,Small Station Wagons,Premium,Front-Wheel Drive,13.1844,Volkswagen,Automatic (S6),4.0,2.0
16837,Midsize Station Wagons,Premium,Front-Wheel Drive,14.9822727272727,Volkswagen,Automatic (S6),4.0,2.0
16838,Standard Pickup Trucks,Regular,4-Wheel or All-Wheel Drive,15.6957142857143,Chevrolet,Manual 4-spd,4.0,2.5
16839,Standard Pickup Trucks 2WD,Regular,Rear-Wheel Drive,23.5435714285714,Nissan,Automatic 5-spd,8.0,5.6
16840,Standard Pickup Trucks 4WD,Regular,4-Wheel or All-Wheel Drive,23.5435714285714,Nissan,Automatic 5-spd,8.0,5.6
16841,Minivan - 2WD,Regular,Front-Wheel Drive,18.3116666666667,Hyundai,Automatic 5-spd,6.0,3.8
16842,Minivan - 2WD,Regular,Front-Wheel Drive,18.3116666666667,Kia,Automatic 5-spd,6.0,3.8
16843,Sport Utility Vehicle - 2WD,Regular,Front-Wheel Drive,16.4805,Chevrolet,Automatic 5-spd,6.0,3.4
16844,Sport Utility Vehicle - 2WD,Regular,Front-Wheel Drive,17.3478947368421,Ford,Automatic 6-spd,6.0,3.5
16845,Sport Utility Vehicle - 2WD,Regular,Front-Wheel Drive,16.4805,Hyundai,Automatic 4-spd,6.0,2.7
16846,Sport Utility Vehicle - 2WD,Regular,Front-Wheel Drive,14.9822727272727,Hyundai,Automatic 4-spd,4.0,2.0
16847,Sport Utility Vehicle - 2WD,Regular,Front-Wheel Drive,14.9822727272727,Hyundai,Manual 5-spd,4.0,2.0
16848,Sport Utility Vehicle - 2WD,Premium,Rear-Wheel Drive,23.5435714285714,Infiniti,Automatic 5-spd,8.0,5.6
16849,Standard Pickup Trucks,Regular,4-Wheel or All-Wheel Drive,15.6957142857143,Chevrolet,Manual 5-spd,4.0,2.5
16850,Sport Utility Vehicle - 2WD,Regular,Rear-Wheel Drive,18.3116666666667,Kia,Automatic 5-spd,6.0,3.8
16851,Sport Utility Vehicle - 2WD,Regular,Rear-Wheel Drive,19.3888235294118,Kia,Automatic 5-spd,6.0,3.8
16852,Sport Utility Vehicle - 2WD,Regular,Rear-Wheel Drive,18.3116666666667,Kia,Automatic 5-spd,6.0,3.3
16853,Sport Utility Vehicle - 2WD,Regular,Front-Wheel Drive,16.4805,Kia,Automatic 4-spd,6.0,2.7
16854,Sport Utility Vehicle - 2WD,Regular,Front-Wheel Drive,14.9822727272727,Kia,Automatic 4-spd,4.0,2.0
16855,Sport Utility Vehicle - 2WD,Regular,Front-Wheel Drive,14.9822727272727,Kia,Manual 5-spd,4.0,2.0
16856,Sport Utility Vehicle - 2WD,Premium,Front-Wheel Drive,16.4805,Lexus,Automatic 5-spd,6.0,3.5
16857,Sport Utility Vehicle - 2WD,Premium,Front-Wheel Drive,16.4805,Lexus,Automatic (S5),6.0,3.5
16858,Sport Utility Vehicle - 2WD,Premium,Front-Wheel Drive,16.4805,Mazda,Automatic (S6),4.0,2.3
16859,Sport Utility Vehicle - 2WD,Regular,Rear-Wheel Drive,23.5435714285714,Nissan,Automatic 5-spd,8.0,5.6
16860,Standard Pickup Trucks,Regular,4-Wheel or All-Wheel Drive,20.600625,Chevrolet,Automatic 4-spd,6.0,2.8
16861,Sport Utility Vehicle - 2WD,Premium,Front-Wheel Drive,16.4805,Nissan,Automatic (variable gear ratios),6.0,3.5
16862,Sport Utility Vehicle - 2WD,Regular,Front-Wheel Drive,16.4805,Pontiac,Automatic 5-spd,6.0,3.4
16863,Sport Utility Vehicle - 2WD,Premium,Front-Wheel Drive,15.6957142857143,Volkswagen,Manual 6-spd,4.0,2.0
16864,Sport Utility Vehicle - 2WD,Premium,Front-Wheel Drive,15.6957142857143,Volkswagen,Automatic (S6),4.0,2.0
16865,Sport Utility Vehicle - 4WD,Premium,4-Wheel or All-Wheel Drive,21.974,Audi,Automatic (S6),8.0,4.2
16866,Sport Utility Vehicle - 4WD,Regular,4-Wheel or All-Wheel Drive,16.4805,Chevrolet,Automatic 5-spd,6.0,3.4
16867,Sport Utility Vehicle - 4WD,Regular,4-Wheel or All-Wheel Drive,18.3116666666667,Ford,Automatic 6-spd,6.0,3.5
16868,Sport Utility Vehicle - 4WD,Regular,4-Wheel or All-Wheel Drive,16.4805,Hyundai,Automatic 4-spd,6.0,2.7
16869,Sport Utility Vehicle - 4WD,Regular,4-Wheel or All-Wheel Drive,15.6957142857143,Hyundai,Manual 5-spd,4.0,2.0
16870,Sport Utility Vehicle - 4WD,Premium,4-Wheel or All-Wheel Drive,23.5435714285714,Infiniti,Automatic 5-spd,8.0,5.6
16871,Standard Pickup Trucks,Regular,4-Wheel or All-Wheel Drive,19.3888235294118,Chevrolet,Manual 4-spd,6.0,2.8
16872,Sport Utility Vehicle - 4WD,Regular,4-Wheel or All-Wheel Drive,18.3116666666667,Kia,Automatic 5-spd,6.0,3.8
16873,Sport Utility Vehicle - 4WD,Regular,4-Wheel or All-Wheel Drive,19.3888235294118,Kia,Automatic 5-spd,6.0,3.3
16874,Sport Utility Vehicle - 4WD,Regular,4-Wheel or All-Wheel Drive,19.3888235294118,Kia,Automatic 5-spd,6.0,3.8
16875,Sport Utility Vehicle - 4WD,Regular,4-Wheel or All-Wheel Drive,16.4805,Kia,Automatic 4-spd,6.0,2.7
16876,Sport Utility Vehicle - 4WD,Regular,4-Wheel or All-Wheel Drive,15.6957142857143,Kia,Manual 5-spd,4.0,2.0
16877,Sport Utility Vehicle - 4WD,Regular,4-Wheel or All-Wheel Drive,19.3888235294118,Land Rover,Automatic (S6),6.0,3.2
16878,Sport Utility Vehicle - 4WD,Premium,4-Wheel or All-Wheel Drive,17.3478947368421,Lexus,Automatic 5-spd,6.0,3.5
16879,Sport Utility Vehicle - 4WD,Premium,4-Wheel or All-Wheel Drive,17.3478947368421,Lexus,Automatic (S5),6.0,3.5
16880,Sport Utility Vehicle - 4WD,Premium,4-Wheel or All-Wheel Drive,18.3116666666667,Mazda,Automatic (S6),4.0,2.3
16881,Sport Utility Vehicle - 4WD,Regular,4-Wheel or All-Wheel Drive,23.5435714285714,Nissan,Automatic 5-spd,8.0,5.6
16882,Standard Pickup Trucks,Regular,4-Wheel or All-Wheel Drive,18.3116666666667,Chevrolet,Manual 5-spd,6.0,2.8
16883,Sport Utility Vehicle - 4WD,Premium,4-Wheel or All-Wheel Drive,16.4805,Nissan,Automatic (variable gear ratios),6.0,3.5
16884,Sport Utility Vehicle - 4WD,Regular,4-Wheel or All-Wheel Drive,16.4805,Pontiac,Automatic 5-spd,6.0,3.4
16885,Sport Utility Vehicle - 4WD,Premium,4-Wheel or All-Wheel Drive,15.6957142857143,Subaru,Automatic (S4),4.0,2.5
16886,Sport Utility Vehicle - 4WD,Regular,4-Wheel or All-Wheel Drive,14.9822727272727,Subaru,Manual 5-spd,4.0,2.5
16887,Sport Utility Vehicle - 4WD,Regular,4-Wheel or All-Wheel Drive,14.9822727272727,Subaru,Automatic (S4),4.0,2.5
16888,Sport Utility Vehicle - 4WD,Premium,4-Wheel or All-Wheel Drive,16.4805,Subaru,Manual 5-spd,4.0,2.5
16889,Sport Utility Vehicle - 4WD,Premium,4-Wheel or All-Wheel Drive,16.4805,Subaru,Automatic (S5),4.0,2.5
16890,Sport Utility Vehicle - 4WD,Premium,4-Wheel or All-Wheel Drive,16.4805,Subaru,Automatic (S5),6.0,3.0
16891,Sport Utility Vehicle - 4WD,Regular,4-Wheel or All-Wheel Drive,14.9822727272727,Subaru,Manual 5-spd,4.0,2.5
16892,Sport Utility Vehicle - 4WD,Regular,4-Wheel or All-Wheel Drive,14.9822727272727,Subaru,Automatic (S4),4.0,2.5
16893,Standard Pickup Trucks,Regular,4-Wheel or All-Wheel Drive,18.3116666666667,Nissan,Manual 5-spd,4.0,2.4
16894,Sport Utility Vehicle - 4WD,Regular,4-Wheel or All-Wheel Drive,18.3116666666667,Subaru,Automatic (S5),6.0,3.6
16895,Sport Utility Vehicle - 4WD,Premium,4-Wheel or All-Wheel Drive,16.4805,Volkswagen,Automatic (S6),4.0,2.0
16896,Sport Utility Vehicle - 4WD,Premium,4-Wheel or All-Wheel Drive,21.974,Volkswagen,Automatic (S6),8.0,4.2
16897,Standard Pickup Trucks 2WD,Gasoline or E85,Rear-Wheel Drive,23.5435714285714,Nissan,Automatic 5-spd,8.0,5.6
16898,Standard Pickup Trucks 4WD,Gasoline or E85,4-Wheel or All-Wheel Drive,23.5435714285714,Nissan,Automatic 5-spd,8.0,5.6
16899,Sport Utility Vehicle - 2WD,Gasoline or E85,Rear-Wheel Drive,23.5435714285714,Nissan,Automatic 5-spd,8.0,5.6
16900,Sport Utility Vehicle - 4WD,Gasoline or E85,4-Wheel or All-Wheel Drive,23.5435714285714,Nissan,Automatic 5-spd,8.0,5.6
16901,Sport Utility Vehicle - 2WD,Regular,Front-Wheel Drive,15.6957142857143,Dodge,Automatic 4-spd,4.0,2.4
16902,Sport Utility Vehicle - 4WD,Regular,4-Wheel or All-Wheel Drive,19.3888235294118,Dodge,Automatic 6-spd,6.0,3.5
16903,Sport Utility Vehicle - 2WD,Regular,Front-Wheel Drive,18.3116666666667,Dodge,Automatic 6-spd,6.0,3.5
16904,Standard Pickup Trucks,Regular,4-Wheel or All-Wheel Drive,18.3116666666667,Nissan,Manual 5-spd,4.0,2.4
16905,Two Seaters,Premium,Rear-Wheel Drive,21.974,Aston Martin,Automatic (S6),8.0,4.7
16906,Two Seaters,Premium,Rear-Wheel Drive,23.5435714285714,Aston Martin,Manual 6-spd,8.0,4.7
16907,Two Seaters,Premium,4-Wheel or All-Wheel Drive,21.974,Audi,Manual 6-spd,8.0,4.2
16908,Two Seaters,Premium,4-Wheel or All-Wheel Drive,21.974,Audi,Automatic (S6),8.0,4.2
16909,Two Seaters,Premium,Front-Wheel Drive,13.1844,Audi,Automatic (S6),4.0,2.0
16910,Two Seaters,Premium,Rear-Wheel Drive,19.3888235294118,Cadillac,Automatic (S6),8.0,4.4
16911,Two Seaters,Premium,Rear-Wheel Drive,18.3116666666667,Cadillac,Automatic (S6),8.0,4.6
16912,Two Seaters,Premium,Rear-Wheel Drive,18.3116666666667,Chevrolet,Manual 6-spd,8.0,7.0
16913,Two Seaters,Premium,Rear-Wheel Drive,20.600625,Chevrolet,Manual 6-spd,8.0,6.2
16914,Two Seaters,Premium,4-Wheel or All-Wheel Drive,32.961,Lamborghini,Manual 6-spd,12.0,6.5
16915,Standard Pickup Trucks,Regular,4-Wheel or All-Wheel Drive,19.3888235294118,Nissan,Manual 5-spd,4.0,2.4
16916,Two Seaters,Premium,4-Wheel or All-Wheel Drive,29.9645454545455,Lamborghini,Automatic (S6),12.0,6.5
16917,Two Seaters,Premium,4-Wheel or All-Wheel Drive,32.961,Lamborghini,Manual 6-spd,12.0,6.5
16918,Two Seaters,Premium,4-Wheel or All-Wheel Drive,29.9645454545455,Lamborghini,Automatic (S6),12.0,6.5
16919,Two Seaters,Regular,Rear-Wheel Drive,15.6957142857143,Pontiac,Automatic 5-spd,4.0,2.0
16920,Two Seaters,Regular,Rear-Wheel Drive,15.6957142857143,Pontiac,Automatic 5-spd,4.0,2.4
16921,Two Seaters,Regular,Rear-Wheel Drive,15.6957142857143,Pontiac,Manual 5-spd,4.0,2.4
16922,Two Seaters,Premium,Rear-Wheel Drive,14.9822727272727,Pontiac,Manual 5-spd,4.0,2.0
16923,Two Seaters,Regular,Rear-Wheel Drive,15.6957142857143,Saturn,Automatic 5-spd,4.0,2.0
16924,Two Seaters,Regular,Rear-Wheel Drive,15.6957142857143,Saturn,Automatic 5-spd,4.0,2.4
16925,Two Seaters,Regular,Rear-Wheel Drive,15.6957142857143,Saturn,Manual 5-spd,4.0,2.4
16926,Compact Cars,Regular,Front-Wheel Drive,12.6773076923077,Buick,Manual 5-spd,4.0,1.8
16927,Standard Pickup Trucks,Regular,4-Wheel or All-Wheel Drive,20.600625,Nissan,Manual 5-spd,6.0,3.0
16928,Two Seaters,Premium,Rear-Wheel Drive,14.9822727272727,Saturn,Manual 5-spd,4.0,2.0
16929,Minicompact Cars,Premium,Front-Wheel Drive,11.3658620689655,MINI,Manual 6-spd,4.0,1.6
16930,Minicompact Cars,Premium,Front-Wheel Drive,11.3658620689655,MINI,Manual 6-spd,4.0,1.6
16931,Subcompact Cars,Premium,4-Wheel or All-Wheel Drive,16.4805,Audi,Manual 6-spd,6.0,3.2
16932,Subcompact Cars,Premium,4-Wheel or All-Wheel Drive,16.4805,Audi,Automatic (S6),6.0,3.2
16933,Subcompact Cars,Premium,Front-Wheel Drive,12.6773076923077,Audi,Automatic (S6),4.0,2.0
16934,Subcompact Cars,Premium,4-Wheel or All-Wheel Drive,27.4675,Bentley,Automatic (S6),12.0,6.0
16935,Subcompact Cars,Regular,Front-Wheel Drive,10.987,Chevrolet,Manual 5-spd,4.0,1.6
16936,Subcompact Cars,Regular,Front-Wheel Drive,13.1844,Chevrolet,Manual 5-spd,4.0,2.0
16937,Subcompact Cars,Regular,Front-Wheel Drive,12.2077777777778,Chevrolet,Automatic 4-spd,4.0,2.2
16938,Standard Pickup Trucks,Regular,4-Wheel or All-Wheel Drive,23.5435714285714,Dodge,Manual 4-spd,6.0,3.7
16939,Subcompact Cars,Regular,Front-Wheel Drive,10.987,Chevrolet,Manual 5-spd,4.0,2.2
16940,Subcompact Cars,Regular,Rear-Wheel Drive,16.4805,Ford,Manual 5-spd,6.0,4.0
16941,Subcompact Cars,Regular,Rear-Wheel Drive,17.3478947368421,Ford,Automatic 5-spd,6.0,4.0
16942,Subcompact Cars,Regular,Rear-Wheel Drive,18.3116666666667,Ford,Automatic 5-spd,8.0,4.6
16943,Subcompact Cars,Regular,Rear-Wheel Drive,18.3116666666667,Ford,Manual 5-spd,8.0,4.6
16944,Subcompact Cars,Premium,Rear-Wheel Drive,20.600625,Ford,Manual 6-spd,8.0,5.4
16945,Subcompact Cars,Premium,Rear-Wheel Drive,21.974,Maserati,Automatic 6-spd,8.0,4.2
16946,Subcompact Cars,Premium,Front-Wheel Drive,11.3658620689655,MINI,Manual 6-spd,4.0,1.6
16947,Subcompact Cars,Premium,4-Wheel or All-Wheel Drive,18.3116666666667,Nissan,Automatic (S6),6.0,3.8
16948,Subcompact Cars,Regular,Front-Wheel Drive,10.987,Pontiac,Manual 5-spd,4.0,1.6
16949,Standard Pickup Trucks,Regular,4-Wheel or All-Wheel Drive,29.9645454545455,Dodge,Automatic 3-spd,8.0,5.2
16950,Subcompact Cars,Regular,Front-Wheel Drive,11.3658620689655,Pontiac,Manual 5-spd,4.0,2.2
16951,Subcompact Cars,Regular,Front-Wheel Drive,12.2077777777778,Pontiac,Automatic 4-spd,4.0,2.2
16952,Subcompact Cars,Regular,Front-Wheel Drive,11.3658620689655,Pontiac,Manual 5-spd,4.0,2.2
16953,Subcompact Cars,Regular,Front-Wheel Drive,12.6773076923077,Pontiac,Automatic 4-spd,4.0,2.2
16954,Subcompact Cars,Regular,Front-Wheel Drive,10.987,Pontiac,Manual 5-spd,4.0,2.2
16955,Subcompact Cars,Premium,Rear-Wheel Drive,20.600625,Roush Performance,Automatic 5-spd,8.0,4.6
16956,Subcompact Cars,Premium,Rear-Wheel Drive,19.3888235294118,Roush Performance,Manual 5-spd,8.0,4.6
16957,Subcompact Cars,Premium,Front-Wheel Drive,13.1844,Volkswagen,Manual 6-spd,4.0,2.0
16958,Subcompact Cars,Premium,Front-Wheel Drive,13.1844,Volkswagen,Automatic (S6),4.0,2.0
16959,Subcompact Cars,Regular,Front-Wheel Drive,15.6957142857143,Volvo,Manual 6-spd,5.0,2.5
16960,Standard Pickup Trucks,Regular,4-Wheel or All-Wheel Drive,27.4675,Dodge,Automatic 3-spd,8.0,5.2
16961,Subcompact Cars,Regular,Front-Wheel Drive,15.6957142857143,Volvo,Automatic (S5),5.0,2.5
16962,Compact Cars,Premium,4-Wheel or All-Wheel Drive,16.4805,Audi,Automatic (S6),6.0,3.2
16963,Compact Cars,Premium,4-Wheel or All-Wheel Drive,25.3546153846154,Bentley,Automatic (S6),12.0,6.0
16964,Compact Cars,Regular,Front-Wheel Drive,10.987,Chevrolet,Manual 5-spd,4.0,1.6
16965,Compact Cars,Regular,Front-Wheel Drive,11.3658620689655,Hyundai,Manual 5-spd,4.0,1.6
16966,Compact Cars,Regular,Front-Wheel Drive,11.3658620689655,Hyundai,Automatic 4-spd,4.0,1.6
16967,Compact Cars,Regular,Front-Wheel Drive,13.1844,Mazda,Manual 5-spd,4.0,2.3
16968,Compact Cars,Regular,Front-Wheel Drive,13.73375,Mazda,Automatic (S5),4.0,2.3
16969,Compact Cars,Regular,Front-Wheel Drive,12.2077777777778,Mazda,Manual 5-spd,4.0,2.0
16970,Compact Cars,Regular,Front-Wheel Drive,13.1844,Mazda,Automatic (S4),4.0,2.0
16971,Standard Pickup Trucks,Regular,4-Wheel or All-Wheel Drive,27.4675,Dodge,Manual 4-spd,8.0,5.2
16972,Compact Cars,Premium,Rear-Wheel Drive,23.5435714285714,Mercedes-Benz,Automatic (S7),8.0,6.2
16973,Compact Cars,Premium,4-Wheel or All-Wheel Drive,16.4805,Mitsubishi,Automatic (S6),4.0,2.0
16974,Compact Cars,Regular,Front-Wheel Drive,10.987,Pontiac,Manual 5-spd,4.0,1.6
16975,Compact Cars,Regular,Front-Wheel Drive,12.6773076923077,Pontiac,Automatic (S6),4.0,2.4
16976,Compact Cars,Regular,Front-Wheel Drive,13.1844,Pontiac,Automatic 4-spd,4.0,2.4
16977,Compact Cars,Regular,Front-Wheel Drive,16.4805,Pontiac,Automatic (S4),6.0,3.5
16978,Compact Cars,Regular,Front-Wheel Drive,14.9822727272727,Pontiac,Automatic 4-spd,6.0,3.5
16979,Compact Cars,Regular,Front-Wheel Drive,16.4805,Pontiac,Automatic (S6),6.0,3.6
16980,Compact Cars,Regular,Front-Wheel Drive,18.3116666666667,Pontiac,Automatic (S4),6.0,3.9
16981,Compact Cars,Premium,Rear-Wheel Drive,23.5435714285714,Rolls-Royce,Automatic (S6),12.0,6.7
16982,Standard Pickup Trucks,Regular,4-Wheel or All-Wheel Drive,27.4675,Dodge,Manual 4-spd,8.0,5.2
16983,Compact Cars,Premium,Rear-Wheel Drive,23.5435714285714,Rolls-Royce,Automatic (S6),12.0,6.7
16984,Compact Cars,Regular,Front-Wheel Drive,12.2077777777778,Saturn,Manual 5-spd,4.0,1.8
16985,Compact Cars,Regular,Front-Wheel Drive,12.2077777777778,Saturn,Automatic 4-spd,4.0,1.8
16986,Compact Cars,Regular,Front-Wheel Drive,14.3308695652174,Volvo,Manual 6-spd,5.0,2.5
16987,Compact Cars,Regular,Front-Wheel Drive,14.3308695652174,Volvo,Automatic (S5),5.0,2.5
16988,Compact Cars,Regular,Front-Wheel Drive,14.3308695652174,Volvo,Manual 5-spd,5.0,2.4
16989,Compact Cars,Regular,Front-Wheel Drive,14.3308695652174,Volvo,Automatic (S5),5.0,2.4
16990,Compact Cars,Regular,4-Wheel or All-Wheel Drive,16.4805,Volvo,Manual 6-spd,5.0,2.5
16991,Compact Cars,Regular,4-Wheel or All-Wheel Drive,15.6957142857143,Volvo,Automatic (S5),5.0,2.5
16992,Compact Cars,Regular,Front-Wheel Drive,14.3308695652174,Volvo,Manual 6-spd,5.0,2.5
16993,Standard Pickup Trucks,Regular,4-Wheel or All-Wheel Drive,32.961,Dodge,Automatic 3-spd,8.0,5.9
16994,Compact Cars,Regular,Front-Wheel Drive,14.3308695652174,Volvo,Automatic (S5),5.0,2.5
16995,Compact Cars,Regular,Front-Wheel Drive,14.3308695652174,Volvo,Manual 5-spd,5.0,2.4
16996,Compact Cars,Regular,Front-Wheel Drive,13.73375,Volvo,Automatic (S5),5.0,2.4
16997,Compact Cars,Regular,4-Wheel or All-Wheel Drive,15.6957142857143,Volvo,Automatic 5-spd,5.0,2.5
16998,Compact Cars,Regular,4-Wheel or All-Wheel Drive,15.6957142857143,Volvo,Automatic (S5),5.0,2.5
16999,Compact Cars,Regular,Front-Wheel Drive,15.6957142857143,Volvo,Automatic (S5),5.0,2.4
17000,Compact Cars,Regular,Front-Wheel Drive,14.9822727272727,Volvo,Automatic 5-spd,5.0,2.5
17001,Compact Cars,Regular,Front-Wheel Drive,14.3308695652174,Volvo,Automatic (S5),5.0,2.5
17002,Midsize Cars,Premium,4-Wheel or All-Wheel Drive,27.4675,Bentley,Automatic (S6),12.0,6.0
17003,Midsize Cars,Regular,Front-Wheel Drive,15.6957142857143,Buick,Automatic 4-spd,6.0,3.8
17004,Standard Pickup Trucks,Regular,4-Wheel or All-Wheel Drive,29.9645454545455,Dodge,Manual 4-spd,8.0,5.9
17005,Midsize Cars,Regular,Front-Wheel Drive,17.3478947368421,Buick,Automatic 4-spd,8.0,5.3
17006,Midsize Cars,Regular,Rear-Wheel Drive,16.4805,Cadillac,Automatic (S6),6.0,3.6
17007,Midsize Cars,Regular,Rear-Wheel Drive,15.6957142857143,Cadillac,Automatic (S6),6.0,3.6
17008,Midsize Cars,Regular,Rear-Wheel Drive,17.3478947368421,Cadillac,Manual 6-spd,6.0,3.6
17009,Midsize Cars,Regular,Rear-Wheel Drive,17.3478947368421,Cadillac,Manual 6-spd,6.0,3.6
17010,Midsize Cars,Regular,4-Wheel or All-Wheel Drive,16.4805,Cadillac,Automatic (S6),6.0,3.6
17011,Midsize Cars,Regular,4-Wheel or All-Wheel Drive,16.4805,Cadillac,Automatic (S6),6.0,3.6
17012,Midsize Cars,Premium,Rear-Wheel Drive,18.3116666666667,Cadillac,Automatic (S6),8.0,4.6
17013,Midsize Cars,Regular,Rear-Wheel Drive,16.4805,Cadillac,Automatic (S6),6.0,3.6
17014,Midsize Cars,Premium,Rear-Wheel Drive,21.974,Cadillac,Automatic (S6),8.0,4.4
17015,Standard Pickup Trucks,Regular,4-Wheel or All-Wheel Drive,29.9645454545455,Dodge,Automatic 3-spd,8.0,5.2
17016,Midsize Cars,Regular,4-Wheel or All-Wheel Drive,16.4805,Cadillac,Automatic (S6),6.0,3.6
17017,Midsize Cars,Premium,4-Wheel or All-Wheel Drive,19.3888235294118,Cadillac,Automatic (S6),8.0,4.6
17018,Midsize Cars,Regular,Front-Wheel Drive,12.6773076923077,Chevrolet,Automatic (S6),4.0,2.4
17019,Midsize Cars,Regular,Front-Wheel Drive,13.1844,Chevrolet,Automatic 4-spd,4.0,2.4
17020,Midsize Cars,Regular,Front-Wheel Drive,14.9822727272727,Chevrolet,Automatic 4-spd,6.0,3.5
17021,Midsize Cars,Regular,Front-Wheel Drive,16.4805,Chevrolet,Automatic (S6),6.0,3.6
17022,Midsize Cars,Regular,Front-Wheel Drive,11.3658620689655,Chevrolet,Automatic 4-spd,4.0,2.4
17023,Midsize Cars,Regular,4-Wheel or All-Wheel Drive,16.4805,Ford,Automatic 6-spd,6.0,3.0
17024,Midsize Cars,Regular,Front-Wheel Drive,14.3308695652174,Ford,Manual 5-spd,4.0,2.3
17025,Midsize Cars,Regular,Front-Wheel Drive,14.3308695652174,Ford,Automatic 5-spd,4.0,2.3
17026,Standard Pickup Trucks,Regular,4-Wheel or All-Wheel Drive,29.9645454545455,Dodge,Manual 4-spd,8.0,5.2
17027,Midsize Cars,Regular,Front-Wheel Drive,15.6957142857143,Ford,Automatic 6-spd,6.0,3.0
17028,Midsize Cars,Regular,Front-Wheel Drive,12.2077777777778,Hyundai,Manual 5-spd,4.0,2.0
17029,Midsize Cars,Regular,Front-Wheel Drive,11.7717857142857,Hyundai,Automatic 4-spd,4.0,2.0
17030,Midsize Cars,Premium,Rear-Wheel Drive,19.3888235294118,Jaguar,Automatic 6-spd,8.0,4.2
17031,Midsize Cars,Regular,4-Wheel or All-Wheel Drive,16.4805,Mercury,Automatic 6-spd,6.0,3.0
17032,Midsize Cars,Regular,Front-Wheel Drive,14.3308695652174,Mercury,Manual 5-spd,4.0,2.3
17033,Midsize Cars,Regular,Front-Wheel Drive,14.3308695652174,Mercury,Automatic 5-spd,4.0,2.3
17034,Midsize Cars,Regular,Front-Wheel Drive,15.6957142857143,Mercury,Automatic 6-spd,6.0,3.0
17035,Midsize Cars,Regular,4-Wheel or All-Wheel Drive,17.3478947368421,Lincoln,Automatic 6-spd,6.0,3.5
17036,Midsize Cars,Regular,Front-Wheel Drive,15.6957142857143,Lincoln,Automatic 6-spd,6.0,3.5
17037,Compact Cars,Regular,Front-Wheel Drive,13.73375,Buick,Automatic 3-spd,4.0,2.0
17038,Standard Pickup Trucks,Regular,4-Wheel or All-Wheel Drive,32.961,Dodge,Automatic 3-spd,8.0,5.9
17039,Midsize Cars,Regular,Front-Wheel Drive,14.3308695652174,Mazda,Manual 6-spd,4.0,2.5
17040,Midsize Cars,Regular,Front-Wheel Drive,13.73375,Mazda,Automatic (S5),4.0,2.5
17041,Midsize Cars,Regular,Front-Wheel Drive,16.4805,Mazda,Automatic (S6),6.0,3.7
17042,Midsize Cars,Premium,Front-Wheel Drive,16.4805,Mazda,Manual 6-spd,4.0,2.3
17043,Midsize Cars,Diesel,Rear-Wheel Drive,14.6994230769231,Mercedes-Benz,Automatic 7-spd,6.0,3.0
17044,Midsize Cars,Premium,Front-Wheel Drive,14.9822727272727,Nissan,Automatic (variable gear ratios),6.0,3.5
17045,Midsize Cars,Regular,Front-Wheel Drive,11.7717857142857,Nissan,Manual 6-spd,4.0,1.8
17046,Midsize Cars,Regular,Front-Wheel Drive,11.3658620689655,Nissan,Automatic (variable gear ratios),4.0,1.8
17047,Midsize Cars,Regular,Front-Wheel Drive,12.2077777777778,Nissan,Automatic 4-spd,4.0,1.8
17048,Midsize Cars,Premium,Rear-Wheel Drive,23.5435714285714,Rolls-Royce,Automatic (S6),12.0,6.7
17049,Standard Pickup Trucks,Regular,4-Wheel or All-Wheel Drive,29.9645454545455,Dodge,Manual 4-spd,8.0,5.9
17050,Midsize Cars,Regular,Front-Wheel Drive,12.2077777777778,Saturn,Automatic 4-spd,4.0,1.8
17051,Midsize Cars,Regular,Front-Wheel Drive,12.2077777777778,Saturn,Manual 5-spd,4.0,1.8
17052,Midsize Cars,Regular,Front-Wheel Drive,12.6773076923077,Saturn,Automatic (S6),4.0,2.4
17053,Midsize Cars,Regular,Front-Wheel Drive,16.4805,Saturn,Automatic (S6),6.0,3.6
17054,Midsize Cars,Regular,Front-Wheel Drive,11.3658620689655,Saturn,Automatic 4-spd,4.0,2.4
17055,Midsize Cars,Regular,4-Wheel or All-Wheel Drive,18.3116666666667,Volvo,Automatic (S6),6.0,3.0
17056,Midsize Cars,Regular,4-Wheel or All-Wheel Drive,18.3116666666667,Volvo,Automatic (S6),8.0,4.4
17057,Midsize Cars,Regular,Front-Wheel Drive,16.4805,Volvo,Automatic (S6),6.0,3.2
17058,Large Cars,Regular,Front-Wheel Drive,16.4805,Buick,Automatic 4-spd,6.0,3.9
17059,Large Cars,Regular,Front-Wheel Drive,18.3116666666667,Buick,Automatic 4-spd,8.0,4.6
17060,Standard Pickup Trucks,Regular,4-Wheel or All-Wheel Drive,23.5435714285714,Ford,Automatic 3-spd,6.0,4.9
17061,Large Cars,Regular,Front-Wheel Drive,18.3116666666667,Cadillac,Automatic 4-spd,8.0,4.6
17062,Large Cars,Regular,Front-Wheel Drive,18.3116666666667,Cadillac,Automatic 4-spd,8.0,4.6
17063,Large Cars,Regular,Front-Wheel Drive,23.5435714285714,Cadillac,Automatic 4-spd,8.0,4.6
17064,Large Cars,Regular,Front-Wheel Drive,23.5435714285714,Cadillac,Automatic 4-spd,8.0,4.6
17065,Large Cars,Regular,Front-Wheel Drive,14.9822727272727,Chevrolet,Automatic 4-spd,6.0,3.5
17066,Large Cars,Regular,Front-Wheel Drive,17.3478947368421,Chevrolet,Automatic 4-spd,8.0,5.3
17067,Large Cars,Premium,Rear-Wheel Drive,23.5435714285714,Maserati,Automatic 6-spd,8.0,4.2
17068,Large Cars,Premium,Rear-Wheel Drive,25.3546153846154,Mercedes-Benz,Automatic 5-spd,12.0,5.5
17069,Large Cars,Premium,Rear-Wheel Drive,25.3546153846154,Mercedes-Benz,Automatic (S7),8.0,6.2
17070,Large Cars,Premium,Rear-Wheel Drive,25.3546153846154,Mercedes-Benz,Automatic (S5),12.0,6.0
17071,Standard Pickup Trucks,Regular,4-Wheel or All-Wheel Drive,19.3888235294118,Ford,Manual 4-spd,6.0,4.9
17072,Large Cars,Regular,Rear-Wheel Drive,16.4805,Pontiac,Automatic (S5),6.0,3.6
17073,Large Cars,Regular,Rear-Wheel Drive,18.3116666666667,Pontiac,Automatic (S6),8.0,6.0
17074,Large Cars,Premium,Rear-Wheel Drive,23.5435714285714,Rolls-Royce,Automatic (S6),12.0,6.7
17075,Small Station Wagons,Regular,Front-Wheel Drive,12.6773076923077,Hyundai,Manual 5-spd,4.0,2.0
17076,Small Station Wagons,Regular,Front-Wheel Drive,12.6773076923077,Hyundai,Automatic 4-spd,4.0,2.0
17077,Small Station Wagons,Regular,4-Wheel or All-Wheel Drive,16.4805,Volvo,Manual 6-spd,5.0,2.5
17078,Small Station Wagons,Regular,4-Wheel or All-Wheel Drive,15.6957142857143,Volvo,Automatic (S5),5.0,2.5
17079,Small Station Wagons,Regular,Front-Wheel Drive,14.3308695652174,Volvo,Manual 6-spd,5.0,2.5
17080,Small Station Wagons,Regular,Front-Wheel Drive,14.3308695652174,Volvo,Automatic (S5),5.0,2.5
17081,Small Station Wagons,Regular,Front-Wheel Drive,14.3308695652174,Volvo,Manual 5-spd,5.0,2.4
17082,Standard Pickup Trucks,Regular,4-Wheel or All-Wheel Drive,21.974,Ford,Manual 4-spd,6.0,4.9
17083,Small Station Wagons,Regular,Front-Wheel Drive,13.73375,Volvo,Automatic (S5),5.0,2.4
17084,Midsize Station Wagons,Regular,Front-Wheel Drive,14.9822727272727,Kia,Automatic 4-spd,4.0,2.4
17085,Midsize Station Wagons,Regular,Front-Wheel Drive,15.6957142857143,Kia,Automatic 5-spd,6.0,2.7
17086,Midsize Station Wagons,Regular,Front-Wheel Drive,16.4805,Volvo,Automatic (S6),6.0,3.2
17087,Small Pickup Trucks 2WD,Regular,Rear-Wheel Drive,16.4805,Chevrolet,Automatic 4-spd,4.0,2.9
17088,Small Pickup Trucks 2WD,Regular,Rear-Wheel Drive,17.3478947368421,Chevrolet,Automatic 4-spd,5.0,3.7
17089,Small Pickup Trucks 2WD,Regular,Rear-Wheel Drive,16.4805,Chevrolet,Manual 5-spd,4.0,2.9
17090,Small Pickup Trucks 2WD,Regular,Rear-Wheel Drive,16.4805,Chevrolet,Automatic 4-spd,4.0,2.9
17091,Small Pickup Trucks 2WD,Regular,Rear-Wheel Drive,17.3478947368421,Chevrolet,Automatic 4-spd,5.0,3.7
17092,Small Pickup Trucks 2WD,Regular,Rear-Wheel Drive,16.4805,Chevrolet,Manual 5-spd,4.0,2.9
17093,Standard Pickup Trucks,Regular,4-Wheel or All-Wheel Drive,23.5435714285714,Ford,Automatic 4-spd,8.0,5.0
17094,Small Pickup Trucks 2WD,Regular,Rear-Wheel Drive,16.4805,GMC,Automatic 4-spd,4.0,2.9
17095,Small Pickup Trucks 2WD,Regular,Rear-Wheel Drive,17.3478947368421,GMC,Automatic 4-spd,5.0,3.7
17096,Small Pickup Trucks 2WD,Regular,Rear-Wheel Drive,16.4805,GMC,Manual 5-spd,4.0,2.9
17097,Small Pickup Trucks 2WD,Regular,Rear-Wheel Drive,19.3888235294118,GMC,Automatic 4-spd,5.0,3.7
17098,Small Pickup Trucks 2WD,Regular,Rear-Wheel Drive,16.4805,GMC,Automatic 4-spd,4.0,2.9
17099,Small Pickup Trucks 2WD,Regular,Rear-Wheel Drive,17.3478947368421,GMC,Automatic 4-spd,5.0,3.7
17100,Small Pickup Trucks 2WD,Regular,Rear-Wheel Drive,16.4805,GMC,Manual 5-spd,4.0,2.9
17101,Small Pickup Trucks 2WD,Regular,Rear-Wheel Drive,14.9822727272727,Toyota,Manual 5-spd,4.0,2.7
17102,Small Pickup Trucks 2WD,Regular,Rear-Wheel Drive,15.6957142857143,Toyota,Automatic 4-spd,4.0,2.7
17103,Small Pickup Trucks 2WD,Regular,Rear-Wheel Drive,19.3888235294118,Toyota,Manual 6-spd,6.0,4.0
17104,Standard Pickup Trucks,Regular,4-Wheel or All-Wheel Drive,21.974,Ford,Manual 4-spd,8.0,5.0
17105,Small Pickup Trucks 2WD,Regular,Rear-Wheel Drive,18.3116666666667,Toyota,Automatic 5-spd,6.0,4.0
17106,Small Pickup Trucks 4WD,Regular,4-Wheel or All-Wheel Drive,16.4805,Chevrolet,Automatic 4-spd,4.0,2.9
17107,Small Pickup Trucks 4WD,Regular,4-Wheel or All-Wheel Drive,17.3478947368421,Chevrolet,Automatic 4-spd,5.0,3.7
17108,Small Pickup Trucks 4WD,Regular,4-Wheel or All-Wheel Drive,16.4805,Chevrolet,Manual 5-spd,4.0,2.9
17109,Small Pickup Trucks 2WD,Regular,Rear-Wheel Drive,19.3888235294118,Chevrolet,Automatic 4-spd,5.0,3.7
17110,Small Pickup Trucks 4WD,Regular,4-Wheel or All-Wheel Drive,18.3116666666667,Chevrolet,Automatic 4-spd,5.0,3.7
17111,Small Pickup Trucks 4WD,Regular,4-Wheel or All-Wheel Drive,18.3116666666667,Chevrolet,Automatic 4-spd,5.0,3.7
17112,Small Pickup Trucks 4WD,Regular,4-Wheel or All-Wheel Drive,16.4805,GMC,Automatic 4-spd,4.0,2.9
17113,Small Pickup Trucks 4WD,Regular,4-Wheel or All-Wheel Drive,18.3116666666667,GMC,Automatic 4-spd,5.0,3.7
17114,Small Pickup Trucks 4WD,Regular,4-Wheel or All-Wheel Drive,16.4805,GMC,Manual 5-spd,4.0,2.9
17115,Standard Pickup Trucks,Regular,4-Wheel or All-Wheel Drive,25.3546153846154,Ford,Manual 4-spd,8.0,5.0
17116,Small Pickup Trucks 4WD,Regular,4-Wheel or All-Wheel Drive,18.3116666666667,GMC,Automatic 4-spd,5.0,3.7
17117,Small Pickup Trucks 4WD,Regular,4-Wheel or All-Wheel Drive,18.3116666666667,GMC,Automatic 4-spd,5.0,3.7
17118,Small Pickup Trucks 4WD,Regular,4-Wheel or All-Wheel Drive,17.3478947368421,Toyota,Manual 5-spd,4.0,2.7
17119,Small Pickup Trucks 4WD,Regular,4-Wheel or All-Wheel Drive,20.600625,Toyota,Manual 6-spd,6.0,4.0
17120,Small Pickup Trucks 4WD,Regular,4-Wheel or All-Wheel Drive,18.3116666666667,Toyota,Automatic 5-spd,6.0,4.0
17121,Standard Pickup Trucks 2WD,Regular,Rear-Wheel Drive,20.600625,Chevrolet,Automatic 4-spd,8.0,5.3
17122,Standard Pickup Trucks 2WD,Regular,Rear-Wheel Drive,20.600625,Chevrolet,Automatic 6-spd,8.0,5.3
17123,Standard Pickup Trucks 2WD,Regular,Rear-Wheel Drive,20.600625,Chevrolet,Automatic 6-spd,8.0,6.0
17124,Standard Pickup Trucks 2WD,Regular,Rear-Wheel Drive,15.6957142857143,Chevrolet,Automatic (variable gear ratios),8.0,6.0
17125,Standard Pickup Trucks 2WD,Regular,Rear-Wheel Drive,20.600625,GMC,Automatic 4-spd,8.0,5.3
17126,Standard Pickup Trucks,Regular,4-Wheel or All-Wheel Drive,29.9645454545455,Ford,Automatic 3-spd,8.0,5.8
17127,Standard Pickup Trucks 2WD,Regular,Rear-Wheel Drive,20.600625,GMC,Automatic 6-spd,8.0,5.3
17128,Standard Pickup Trucks 2WD,Regular,Rear-Wheel Drive,20.600625,GMC,Automatic 6-spd,8.0,6.0
17129,Standard Pickup Trucks 2WD,Regular,Rear-Wheel Drive,15.6957142857143,GMC,Automatic (variable gear ratios),8.0,6.0
17130,Standard Pickup Trucks 4WD,Regular,4-Wheel or All-Wheel Drive,20.600625,Chevrolet,Automatic 4-spd,8.0,5.3
17131,Standard Pickup Trucks 4WD,Regular,4-Wheel or All-Wheel Drive,20.600625,Chevrolet,Automatic 6-spd,8.0,5.3
17132,Standard Pickup Trucks 4WD,Regular,4-Wheel or All-Wheel Drive,21.974,Chevrolet,Automatic 6-spd,8.0,6.0
17133,Standard Pickup Trucks 4WD,Regular,4-Wheel or All-Wheel Drive,16.4805,Chevrolet,Automatic (variable gear ratios),8.0,6.0
17134,Standard Pickup Trucks 4WD,Regular,4-Wheel or All-Wheel Drive,20.600625,GMC,Automatic 4-spd,8.0,5.3
17135,Standard Pickup Trucks 4WD,Regular,4-Wheel or All-Wheel Drive,20.600625,GMC,Automatic 6-spd,8.0,5.3
17136,Standard Pickup Trucks 4WD,Regular,4-Wheel or All-Wheel Drive,21.974,GMC,Automatic 6-spd,8.0,6.0
17137,Standard Pickup Trucks,Regular,4-Wheel or All-Wheel Drive,21.974,Ford,Manual 4-spd,6.0,4.9
17138,Standard Pickup Trucks 4WD,Regular,4-Wheel or All-Wheel Drive,16.4805,GMC,Automatic (variable gear ratios),8.0,6.0
17139,Standard Pickup Trucks 4WD,Regular,4-Wheel or All-Wheel Drive,20.600625,Hummer,Manual 5-spd,5.0,3.7
17140,Standard Pickup Trucks 4WD,Regular,4-Wheel or All-Wheel Drive,20.600625,Hummer,Automatic 4-spd,5.0,3.7
17141,Standard Pickup Trucks 4WD,Regular,4-Wheel or All-Wheel Drive,23.5435714285714,Hummer,Automatic 4-spd,8.0,5.3
17142,Minivan - 2WD,Regular,Front-Wheel Drive,13.73375,Mazda,Manual 5-spd,4.0,2.3
17143,Minivan - 2WD,Regular,Front-Wheel Drive,14.3308695652174,Mazda,Automatic (S5),4.0,2.3
17144,Minivan - 2WD,Regular,Front-Wheel Drive,17.3478947368421,Toyota,Automatic 5-spd,6.0,3.5
17145,Minivan - 4WD,Regular,4-Wheel or All-Wheel Drive,18.3116666666667,Toyota,Automatic 5-spd,6.0,3.5
17146,Sport Utility Vehicle - 2WD,Regular,Front-Wheel Drive,17.3478947368421,Buick,Automatic 6-spd,6.0,3.6
17147,Sport Utility Vehicle - 2WD,Regular,Rear-Wheel Drive,16.4805,Cadillac,Automatic (variable gear ratios),8.0,6.0
17148,Compact Cars,Regular,Front-Wheel Drive,12.6773076923077,Buick,Manual 4-spd,4.0,2.0
17149,Standard Pickup Trucks,Regular,4-Wheel or All-Wheel Drive,23.5435714285714,Ford,Automatic 4-spd,8.0,5.0
17150,Sport Utility Vehicle - 2WD,Premium,Rear-Wheel Drive,20.600625,Cadillac,Automatic (S6),8.0,4.6
17151,Sport Utility Vehicle - 2WD,Regular,Rear-Wheel Drive,18.3116666666667,Cadillac,Automatic (S5),6.0,3.6
17152,Sport Utility Vehicle - 2WD,Regular,Rear-Wheel Drive,20.600625,Chevrolet,Automatic 6-spd,8.0,5.3
17153,Sport Utility Vehicle - 2WD,Regular,Rear-Wheel Drive,20.600625,Chevrolet,Automatic 6-spd,8.0,6.0
17154,Sport Utility Vehicle - 2WD,Regular,Rear-Wheel Drive,20.600625,Chevrolet,Automatic 6-spd,8.0,5.3
17155,Sport Utility Vehicle - 2WD,Regular,Rear-Wheel Drive,20.600625,Chevrolet,Automatic 6-spd,8.0,6.0
17156,Sport Utility Vehicle - 2WD,Regular,Rear-Wheel Drive,20.600625,Chevrolet,Automatic 6-spd,8.0,5.3
17157,Sport Utility Vehicle - 2WD,Regular,Rear-Wheel Drive,15.6957142857143,Chevrolet,Automatic (variable gear ratios),8.0,6.0
17158,Sport Utility Vehicle - 2WD,Regular,Front-Wheel Drive,17.3478947368421,Chevrolet,Automatic (S6),6.0,3.6
17159,Sport Utility Vehicle - 2WD,Regular,Front-Wheel Drive,13.73375,Chevrolet,Manual 5-spd,4.0,2.0
17160,Standard Pickup Trucks,Regular,4-Wheel or All-Wheel Drive,25.3546153846154,Ford,Manual 4-spd,8.0,5.0
17161,Sport Utility Vehicle - 2WD,Regular,Front-Wheel Drive,14.3308695652174,Chevrolet,Automatic 4-spd,4.0,2.0
17162,Sport Utility Vehicle - 2WD,Gasoline or E85,Front-Wheel Drive,13.1844,Chevrolet,Automatic 4-spd,4.0,2.2
17163,Sport Utility Vehicle - 2WD,Regular,Front-Wheel Drive,13.73375,Chevrolet,Manual 5-spd,4.0,2.0
17164,Sport Utility Vehicle - 2WD,Regular,Front-Wheel Drive,14.3308695652174,Chevrolet,Automatic 4-spd,4.0,2.0
17165,Sport Utility Vehicle - 2WD,Gasoline or E85,Front-Wheel Drive,13.1844,Chevrolet,Automatic 4-spd,4.0,2.2
17166,Sport Utility Vehicle - 2WD,Regular,Rear-Wheel Drive,20.600625,Chevrolet,Automatic 4-spd,6.0,4.2
17167,Sport Utility Vehicle - 2WD,Regular,Rear-Wheel Drive,23.5435714285714,Chevrolet,Automatic 4-spd,8.0,6.0
17168,Sport Utility Vehicle - 2WD,Regular,Rear-Wheel Drive,19.3888235294118,Chevrolet,Automatic 4-spd,8.0,5.3
17169,Sport Utility Vehicle - 2WD,Regular,Front-Wheel Drive,17.3478947368421,Chevrolet,Automatic 6-spd,6.0,3.6
17170,Sport Utility Vehicle - 2WD,Regular,Front-Wheel Drive,13.73375,Ford,Manual 5-spd,4.0,2.5
17171,Standard Pickup Trucks,Regular,4-Wheel or All-Wheel Drive,29.9645454545455,Ford,Automatic 3-spd,8.0,5.8
17172,Sport Utility Vehicle - 2WD,Regular,Front-Wheel Drive,14.3308695652174,Ford,Automatic 6-spd,4.0,2.5
17173,Sport Utility Vehicle - 2WD,Regular,Front-Wheel Drive,15.6957142857143,Ford,Automatic 6-spd,6.0,3.0
17174,Sport Utility Vehicle - 2WD,Regular,Front-Wheel Drive,10.3003125,Ford,Automatic (variable gear ratios),4.0,2.5
17175,Sport Utility Vehicle - 2WD,Regular,Front-Wheel Drive,17.3478947368421,GMC,Automatic 6-spd,6.0,3.6
17176,Sport Utility Vehicle - 2WD,Regular,Rear-Wheel Drive,20.600625,GMC,Automatic 6-spd,8.0,5.3
17177,Sport Utility Vehicle - 2WD,Regular,Rear-Wheel Drive,15.6957142857143,GMC,Automatic (variable gear ratios),8.0,6.0
17178,Sport Utility Vehicle - 2WD,Regular,Rear-Wheel Drive,20.600625,GMC,Automatic 6-spd,8.0,5.3
17179,Sport Utility Vehicle - 2WD,Regular,Rear-Wheel Drive,20.600625,GMC,Automatic 6-spd,8.0,6.0
17180,Sport Utility Vehicle - 2WD,Regular,Rear-Wheel Drive,20.600625,GMC,Automatic 4-spd,6.0,4.2
17181,Sport Utility Vehicle - 2WD,Regular,Rear-Wheel Drive,19.3888235294118,GMC,Automatic 4-spd,8.0,5.3
17182,Standard Pickup Trucks,Regular,4-Wheel or All-Wheel Drive,21.974,GMC,Automatic 4-spd,6.0,4.3
17183,Sport Utility Vehicle - 2WD,Regular,Front-Wheel Drive,17.3478947368421,Honda,Automatic 5-spd,6.0,3.5
17184,Sport Utility Vehicle - 2WD,Regular,Front-Wheel Drive,16.4805,Hyundai,Manual 5-spd,6.0,2.7
17185,Sport Utility Vehicle - 2WD,Regular,Front-Wheel Drive,16.4805,Hyundai,Automatic 4-spd,6.0,2.7
17186,Sport Utility Vehicle - 2WD,Regular,Front-Wheel Drive,16.4805,Hyundai,Automatic 5-spd,6.0,3.3
17187,Sport Utility Vehicle - 2WD,Regular,Front-Wheel Drive,18.3116666666667,Hyundai,Automatic 6-spd,6.0,3.8
17188,Sport Utility Vehicle - 2WD,Premium,Rear-Wheel Drive,17.3478947368421,Infiniti,Automatic (S7),6.0,3.5
17189,Sport Utility Vehicle - 2WD,Regular,Rear-Wheel Drive,20.600625,Jeep,Automatic 5-spd,6.0,3.7
17190,Sport Utility Vehicle - 2WD,Regular,Rear-Wheel Drive,18.3116666666667,Jeep,Automatic 5-spd,6.0,3.7
17191,Sport Utility Vehicle - 2WD,Regular,Rear-Wheel Drive,18.3116666666667,Kia,Automatic 6-spd,8.0,4.6
17192,Sport Utility Vehicle - 2WD,Regular,Front-Wheel Drive,18.3116666666667,Mazda,Automatic (S6),6.0,3.7
17193,Standard Pickup Trucks,Regular,4-Wheel or All-Wheel Drive,21.974,GMC,Automatic 4-spd,6.0,4.3
17194,Sport Utility Vehicle - 2WD,Regular,Front-Wheel Drive,13.73375,Mazda,Manual 5-spd,4.0,2.5
17195,Sport Utility Vehicle - 2WD,Regular,Front-Wheel Drive,14.3308695652174,Mazda,Automatic 6-spd,4.0,2.5
17196,Sport Utility Vehicle - 2WD,Regular,Front-Wheel Drive,15.6957142857143,Mazda,Automatic 6-spd,6.0,3.0
17197,Sport Utility Vehicle - 2WD,Regular,Front-Wheel Drive,10.3003125,Mazda,Automatic (variable gear ratios),4.0,2.5
17198,Sport Utility Vehicle - 2WD,Regular,Front-Wheel Drive,14.3308695652174,Mercury,Automatic 6-spd,4.0,2.5
17199,Sport Utility Vehicle - 2WD,Regular,Front-Wheel Drive,15.6957142857143,Mercury,Automatic 6-spd,6.0,3.0
17200,Sport Utility Vehicle - 2WD,Regular,Front-Wheel Drive,10.3003125,Mercury,Automatic (variable gear ratios),4.0,2.5
17201,Sport Utility Vehicle - 2WD,Regular,Front-Wheel Drive,14.9822727272727,Mitsubishi,Automatic (variable gear ratios),4.0,2.4
17202,Sport Utility Vehicle - 2WD,Regular,Front-Wheel Drive,16.4805,Mitsubishi,Automatic (S6),6.0,3.0
17203,Sport Utility Vehicle - 2WD,Regular,Front-Wheel Drive,17.3478947368421,Pontiac,Automatic (S6),6.0,3.6
17204,Standard Pickup Trucks,Regular,4-Wheel or All-Wheel Drive,21.974,GMC,Manual 4-spd,6.0,4.3
17205,Sport Utility Vehicle - 2WD,Regular,Front-Wheel Drive,17.3478947368421,Saturn,Automatic 6-spd,6.0,3.6
17206,Sport Utility Vehicle - 2WD,Regular,Front-Wheel Drive,14.9822727272727,Saturn,Automatic 4-spd,4.0,2.4
17207,Sport Utility Vehicle - 2WD,Regular,Front-Wheel Drive,17.3478947368421,Saturn,Automatic 6-spd,6.0,3.6
17208,Sport Utility Vehicle - 2WD,Regular,Front-Wheel Drive,17.3478947368421,Saturn,Automatic (S6),6.0,3.6
17209,Sport Utility Vehicle - 2WD,Regular,Front-Wheel Drive,11.7717857142857,Saturn,Automatic 4-spd,4.0,2.4
17210,Sport Utility Vehicle - 2WD,Regular,Front-Wheel Drive,17.3478947368421,Suzuki,Automatic (S6),6.0,3.6
17211,Sport Utility Vehicle - 2WD,Regular,Front-Wheel Drive,16.4805,Toyota,Automatic (S5),6.0,3.5
17212,Sport Utility Vehicle - 2WD,Regular,Front-Wheel Drive,14.9822727272727,Toyota,Automatic 5-spd,6.0,3.5
17213,Sport Utility Vehicle - 2WD,Regular,Front-Wheel Drive,19.3888235294118,Volvo,Automatic (S6),6.0,3.2
17214,Sport Utility Vehicle - 4WD,Premium,4-Wheel or All-Wheel Drive,17.3478947368421,Acura,Automatic (S5),4.0,2.3
17215,Standard Pickup Trucks,Regular,4-Wheel or All-Wheel Drive,21.974,GMC,Manual 4-spd,6.0,4.3
17216,Sport Utility Vehicle - 4WD,Regular,4-Wheel or All-Wheel Drive,18.3116666666667,Buick,Automatic 6-spd,6.0,3.6
17217,Sport Utility Vehicle - 4WD,Premium,4-Wheel or All-Wheel Drive,21.974,Cadillac,Automatic (S6),8.0,4.6
17218,Sport Utility Vehicle - 4WD,Regular,4-Wheel or All-Wheel Drive,19.3888235294118,Cadillac,Automatic (S5),6.0,3.6
17219,Sport Utility Vehicle - 4WD,Regular,4-Wheel or All-Wheel Drive,17.3478947368421,Chevrolet,Automatic (S6),6.0,3.6
17220,Sport Utility Vehicle - 4WD,Regular,4-Wheel or All-Wheel Drive,16.4805,Chevrolet,Automatic (variable gear ratios),8.0,6.0
17221,Sport Utility Vehicle - 4WD,Regular,4-Wheel or All-Wheel Drive,20.600625,Chevrolet,Automatic 4-spd,6.0,4.2
17222,Sport Utility Vehicle - 4WD,Regular,4-Wheel or All-Wheel Drive,20.600625,Chevrolet,Automatic 4-spd,8.0,5.3
17223,Sport Utility Vehicle - 4WD,Regular,4-Wheel or All-Wheel Drive,25.3546153846154,Chevrolet,Automatic 4-spd,8.0,6.0
17224,Sport Utility Vehicle - 4WD,Regular,4-Wheel or All-Wheel Drive,17.3478947368421,Chevrolet,Automatic 6-spd,6.0,3.6
17225,Sport Utility Vehicle - 4WD,Regular,4-Wheel or All-Wheel Drive,15.6957142857143,Ford,Automatic 6-spd,4.0,2.5
17226,Standard Pickup Trucks,Regular,4-Wheel or All-Wheel Drive,25.3546153846154,GMC,Manual 4-spd,6.0,4.3
17227,Sport Utility Vehicle - 4WD,Regular,4-Wheel or All-Wheel Drive,16.4805,Ford,Automatic 6-spd,6.0,3.0
17228,Sport Utility Vehicle - 4WD,Regular,4-Wheel or All-Wheel Drive,11.7717857142857,Ford,Automatic (variable gear ratios),4.0,2.5
17229,Sport Utility Vehicle - 4WD,Regular,4-Wheel or All-Wheel Drive,17.3478947368421,GMC,Automatic 6-spd,6.0,3.6
17230,Sport Utility Vehicle - 4WD,Regular,4-Wheel or All-Wheel Drive,20.600625,GMC,Automatic 4-spd,6.0,4.2
17231,Sport Utility Vehicle - 4WD,Regular,4-Wheel or All-Wheel Drive,20.600625,GMC,Automatic 4-spd,8.0,5.3
17232,Sport Utility Vehicle - 4WD,Regular,4-Wheel or All-Wheel Drive,16.4805,GMC,Automatic (variable gear ratios),8.0,6.0
17233,Sport Utility Vehicle - 4WD,Regular,4-Wheel or All-Wheel Drive,18.3116666666667,Honda,Automatic 5-spd,6.0,3.5
17234,Sport Utility Vehicle - 4WD,Regular,4-Wheel or All-Wheel Drive,20.600625,Hummer,Manual 5-spd,5.0,3.7
17235,Sport Utility Vehicle - 4WD,Regular,4-Wheel or All-Wheel Drive,20.600625,Hummer,Automatic 4-spd,5.0,3.7
17236,Sport Utility Vehicle - 4WD,Regular,4-Wheel or All-Wheel Drive,23.5435714285714,Hummer,Automatic 4-spd,8.0,5.3
17237,Standard Pickup Trucks,Regular,4-Wheel or All-Wheel Drive,27.4675,GMC,Automatic 3-spd,8.0,5.0
17238,Sport Utility Vehicle - 4WD,Regular,4-Wheel or All-Wheel Drive,17.3478947368421,Hyundai,Manual 5-spd,6.0,2.7
17239,Sport Utility Vehicle - 4WD,Regular,4-Wheel or All-Wheel Drive,17.3478947368421,Hyundai,Automatic 4-spd,6.0,2.7
17240,Sport Utility Vehicle - 4WD,Regular,4-Wheel or All-Wheel Drive,17.3478947368421,Hyundai,Automatic 5-spd,6.0,3.3
17241,Sport Utility Vehicle - 4WD,Regular,4-Wheel or All-Wheel Drive,18.3116666666667,Hyundai,Automatic 6-spd,6.0,3.8
17242,Sport Utility Vehicle - 4WD,Premium,4-Wheel or All-Wheel Drive,18.3116666666667,Infiniti,Automatic (S7),6.0,3.5
17243,Sport Utility Vehicle - 4WD,Premium,4-Wheel or All-Wheel Drive,20.600625,Infiniti,Automatic (S7),8.0,5.0
17244,Sport Utility Vehicle - 4WD,Regular,4-Wheel or All-Wheel Drive,20.600625,Isuzu,Automatic 4-spd,6.0,4.2
17245,Sport Utility Vehicle - 4WD,Regular,4-Wheel or All-Wheel Drive,20.600625,Jeep,Automatic 5-spd,6.0,3.7
17246,Sport Utility Vehicle - 4WD,Regular,4-Wheel or All-Wheel Drive,19.3888235294118,Jeep,Automatic 5-spd,6.0,3.7
17247,Sport Utility Vehicle - 4WD,Regular,4-Wheel or All-Wheel Drive,19.3888235294118,Kia,Automatic 6-spd,8.0,4.6
17248,Standard Pickup Trucks,Regular,4-Wheel or All-Wheel Drive,23.5435714285714,GMC,Automatic 4-spd,8.0,5.0
17249,Sport Utility Vehicle - 4WD,Premium,4-Wheel or All-Wheel Drive,23.5435714285714,Land Rover,Automatic (S6),8.0,4.4
17250,Sport Utility Vehicle - 4WD,Premium,4-Wheel or All-Wheel Drive,23.5435714285714,Land Rover,Automatic (S6),8.0,4.2
17251,Sport Utility Vehicle - 4WD,Premium,4-Wheel or All-Wheel Drive,23.5435714285714,Land Rover,Automatic (S6),8.0,4.4
17252,Sport Utility Vehicle - 4WD,Premium,4-Wheel or All-Wheel Drive,23.5435714285714,Land Rover,Automatic (S6),8.0,4.2
17253,Sport Utility Vehicle - 4WD,Premium,4-Wheel or All-Wheel Drive,21.974,Land Rover,Automatic (S6),8.0,4.4
17254,Sport Utility Vehicle - 4WD,Regular,4-Wheel or All-Wheel Drive,19.3888235294118,Mazda,Automatic (S6),6.0,3.7
17255,Sport Utility Vehicle - 4WD,Regular,4-Wheel or All-Wheel Drive,15.6957142857143,Mazda,Automatic 6-spd,4.0,2.5
17256,Sport Utility Vehicle - 4WD,Regular,4-Wheel or All-Wheel Drive,16.4805,Mazda,Automatic 6-spd,6.0,3.0
17257,Sport Utility Vehicle - 4WD,Regular,4-Wheel or All-Wheel Drive,11.7717857142857,Mazda,Automatic (variable gear ratios),4.0,2.5
17258,Sport Utility Vehicle - 4WD,Premium,4-Wheel or All-Wheel Drive,21.974,Mercedes-Benz,Automatic 7-spd,8.0,4.6
17259,Compact Cars,Regular,Front-Wheel Drive,13.73375,Buick,Automatic 3-spd,4.0,2.5
17260,Standard Pickup Trucks,Regular,4-Wheel or All-Wheel Drive,27.4675,GMC,Manual 4-spd,8.0,5.0
17261,Sport Utility Vehicle - 4WD,Premium,4-Wheel or All-Wheel Drive,23.5435714285714,Mercedes-Benz,Automatic 7-spd,8.0,5.5
17262,Sport Utility Vehicle - 4WD,Premium,4-Wheel or All-Wheel Drive,21.974,Mercedes-Benz,Automatic 7-spd,8.0,5.5
17263,Sport Utility Vehicle - 4WD,Regular,4-Wheel or All-Wheel Drive,15.6957142857143,Mercury,Automatic 6-spd,4.0,2.5
17264,Sport Utility Vehicle - 4WD,Regular,4-Wheel or All-Wheel Drive,16.4805,Mercury,Automatic 6-spd,6.0,3.0
17265,Sport Utility Vehicle - 4WD,Regular,4-Wheel or All-Wheel Drive,11.7717857142857,Mercury,Automatic (variable gear ratios),4.0,2.5
17266,Sport Utility Vehicle - 4WD,Regular,4-Wheel or All-Wheel Drive,14.9822727272727,Mitsubishi,Automatic (variable gear ratios),4.0,2.4
17267,Sport Utility Vehicle - 4WD,Regular,4-Wheel or All-Wheel Drive,17.3478947368421,Mitsubishi,Automatic (S6),6.0,3.0
17268,Sport Utility Vehicle - 4WD,Regular,4-Wheel or All-Wheel Drive,17.3478947368421,Pontiac,Automatic (S6),6.0,3.6
17269,Sport Utility Vehicle - 4WD,Premium,4-Wheel or All-Wheel Drive,20.600625,Porsche,Manual 6-spd,6.0,3.6
17270,Sport Utility Vehicle - 4WD,Premium,4-Wheel or All-Wheel Drive,20.600625,Porsche,Automatic 6-spd,6.0,3.6
17271,Standard Pickup Trucks,Regular,4-Wheel or All-Wheel Drive,23.5435714285714,GMC,Manual 4-spd,8.0,5.0
17272,Sport Utility Vehicle - 4WD,Premium,4-Wheel or All-Wheel Drive,25.3546153846154,Porsche,Manual 6-spd,8.0,4.8
17273,Sport Utility Vehicle - 4WD,Premium,4-Wheel or All-Wheel Drive,21.974,Porsche,Automatic 6-spd,8.0,4.8
17274,Sport Utility Vehicle - 4WD,Premium,4-Wheel or All-Wheel Drive,21.974,Porsche,Automatic 6-spd,8.0,4.8
17275,Sport Utility Vehicle - 4WD,Premium,4-Wheel or All-Wheel Drive,23.5435714285714,Porsche,Automatic 6-spd,8.0,4.8
17276,Sport Utility Vehicle - 4WD,Premium,4-Wheel or All-Wheel Drive,23.5435714285714,Porsche,Automatic 6-spd,8.0,4.8
17277,Sport Utility Vehicle - 4WD,Regular,4-Wheel or All-Wheel Drive,20.600625,Saab,Automatic 4-spd,6.0,4.2
17278,Sport Utility Vehicle - 4WD,Regular,4-Wheel or All-Wheel Drive,25.3546153846154,Saab,Automatic 4-spd,8.0,6.0
17279,Sport Utility Vehicle - 4WD,Regular,4-Wheel or All-Wheel Drive,20.600625,Saab,Automatic 4-spd,8.0,5.3
17280,Sport Utility Vehicle - 4WD,Regular,4-Wheel or All-Wheel Drive,17.3478947368421,Saturn,Automatic 6-spd,6.0,3.6
17281,Sport Utility Vehicle - 4WD,Regular,4-Wheel or All-Wheel Drive,18.3116666666667,Saturn,Automatic 6-spd,6.0,3.5
17282,Standard Pickup Trucks,Regular,4-Wheel or All-Wheel Drive,27.4675,GMC,Automatic 4-spd,8.0,5.7
17283,Sport Utility Vehicle - 4WD,Regular,4-Wheel or All-Wheel Drive,18.3116666666667,Saturn,Automatic 6-spd,6.0,3.6
17284,Sport Utility Vehicle - 4WD,Regular,4-Wheel or All-Wheel Drive,18.3116666666667,Saturn,Automatic (S6),6.0,3.6
17285,Sport Utility Vehicle - 4WD,Regular,4-Wheel or All-Wheel Drive,18.3116666666667,Suzuki,Automatic (S6),6.0,3.6
17286,Sport Utility Vehicle - 4WD,Regular,4-Wheel or All-Wheel Drive,17.3478947368421,Toyota,Automatic (S5),6.0,3.5
17287,Sport Utility Vehicle - 4WD,Regular,4-Wheel or All-Wheel Drive,15.6957142857143,Toyota,Automatic 5-spd,6.0,3.5
17288,Sport Utility Vehicle - 4WD,Regular,4-Wheel or All-Wheel Drive,18.3116666666667,Volvo,Automatic (S6),6.0,3.0
17289,Sport Utility Vehicle - 4WD,Regular,4-Wheel or All-Wheel Drive,18.3116666666667,Volvo,Automatic (S6),6.0,3.2
17290,Sport Utility Vehicle - 4WD,Regular,4-Wheel or All-Wheel Drive,20.600625,Volvo,Automatic (S6),6.0,3.2
17291,Sport Utility Vehicle - 4WD,Regular,4-Wheel or All-Wheel Drive,21.974,Volvo,Automatic (S6),8.0,4.4
17292,Sport Utility Vehicle - 4WD,Regular,4-Wheel or All-Wheel Drive,18.3116666666667,Volvo,Automatic (S6),6.0,3.0
17293,Standard Pickup Trucks,Diesel,4-Wheel or All-Wheel Drive,22.4814705882353,GMC,Automatic 4-spd,8.0,6.2
17294,Large Cars,Gasoline or E85,Front-Wheel Drive,15.6957142857143,Buick,Automatic 4-spd,6.0,3.9
17295,Large Cars,Gasoline or E85,Front-Wheel Drive,14.3308695652174,Chevrolet,Automatic 4-spd,6.0,3.5
17296,Large Cars,Gasoline or E85,Front-Wheel Drive,15.6957142857143,Chevrolet,Automatic 4-spd,6.0,3.9
17297,Standard Pickup Trucks 2WD,Gasoline or E85,Rear-Wheel Drive,20.600625,Chevrolet,Automatic 4-spd,8.0,5.3
17298,Standard Pickup Trucks 2WD,Gasoline or E85,Rear-Wheel Drive,20.600625,Chevrolet,Automatic 6-spd,8.0,5.3
17299,Standard Pickup Trucks 2WD,Gasoline or E85,Rear-Wheel Drive,21.974,Chevrolet,Automatic 6-spd,8.0,6.2
17300,Standard Pickup Trucks 2WD,Gasoline or E85,Rear-Wheel Drive,20.600625,GMC,Automatic 4-spd,8.0,5.3
17301,Standard Pickup Trucks 2WD,Gasoline or E85,Rear-Wheel Drive,20.600625,GMC,Automatic 6-spd,8.0,5.3
17302,Standard Pickup Trucks 2WD,Gasoline or E85,Rear-Wheel Drive,21.974,GMC,Automatic 6-spd,8.0,6.2
17303,Sport Utility Vehicle - 2WD,Gasoline or E85,Rear-Wheel Drive,20.600625,Chevrolet,Automatic 6-spd,8.0,5.3
17304,Standard Pickup Trucks,Diesel,4-Wheel or All-Wheel Drive,22.4814705882353,GMC,Manual 4-spd,8.0,6.2
17305,Sport Utility Vehicle - 2WD,Gasoline or E85,Rear-Wheel Drive,20.600625,Chevrolet,Automatic 6-spd,8.0,5.3
17306,Sport Utility Vehicle - 2WD,Gasoline or E85,Rear-Wheel Drive,20.600625,Chevrolet,Automatic 6-spd,8.0,5.3
17307,Sport Utility Vehicle - 2WD,Gasoline or E85,Rear-Wheel Drive,21.974,Chevrolet,Automatic 6-spd,8.0,6.2
17308,Sport Utility Vehicle - 2WD,Gasoline or E85,Rear-Wheel Drive,20.600625,GMC,Automatic 6-spd,8.0,5.3
17309,Sport Utility Vehicle - 2WD,Gasoline or E85,Rear-Wheel Drive,21.974,GMC,Automatic 6-spd,8.0,6.2
17310,Sport Utility Vehicle - 2WD,Gasoline or E85,Rear-Wheel Drive,20.600625,GMC,Automatic 6-spd,8.0,5.3
17311,Sport Utility Vehicle - 2WD,Gasoline or E85,Rear-Wheel Drive,21.974,GMC,Automatic 6-spd,8.0,6.2
17312,Sport Utility Vehicle - 2WD,Gasoline or E85,Rear-Wheel Drive,21.974,Cadillac,Automatic 6-spd,8.0,6.2
17313,Sport Utility Vehicle - 4WD,Gasoline or E85,4-Wheel or All-Wheel Drive,23.5435714285714,Cadillac,Automatic 6-spd,8.0,6.2
17314,Sport Utility Vehicle - 2WD,Gasoline or E85,Rear-Wheel Drive,21.974,Cadillac,Automatic 6-spd,8.0,6.2
17315,Standard Pickup Trucks,Diesel,4-Wheel or All-Wheel Drive,22.4814705882353,GMC,Manual 4-spd,8.0,6.2
17316,"Vans, Passenger Type",Gasoline or E85,Rear-Wheel Drive,23.5435714285714,Chevrolet,Automatic 4-spd,8.0,5.3
17317,"Vans, Cargo Type",Gasoline or E85,Rear-Wheel Drive,21.974,GMC,Automatic 4-spd,8.0,5.3
17318,"Vans, Cargo Type",Gasoline or E85,Rear-Wheel Drive,23.5435714285714,GMC,Automatic 4-spd,8.0,5.3
17319,"Vans, Passenger Type",Gasoline or E85,Rear-Wheel Drive,23.5435714285714,GMC,Automatic 4-spd,8.0,5.3
17320,"Vans, Cargo Type",Gasoline or E85,Rear-Wheel Drive,21.974,Chevrolet,Automatic 4-spd,8.0,5.3
17321,"Vans, Cargo Type",Gasoline or E85,Rear-Wheel Drive,23.5435714285714,Chevrolet,Automatic 4-spd,8.0,5.3
17322,"Vans, Passenger Type",Gasoline or E85,4-Wheel or All-Wheel Drive,23.5435714285714,Chevrolet,Automatic 4-spd,8.0,5.3
17323,"Vans, Cargo Type",Gasoline or E85,4-Wheel or All-Wheel Drive,23.5435714285714,GMC,Automatic 4-spd,8.0,5.3
17324,"Vans, Cargo Type",Gasoline or E85,4-Wheel or All-Wheel Drive,21.974,GMC,Automatic 4-spd,8.0,5.3
17325,"Vans, Passenger Type",Gasoline or E85,4-Wheel or All-Wheel Drive,23.5435714285714,GMC,Automatic 4-spd,8.0,5.3
17326,Standard Pickup Trucks,Regular,4-Wheel or All-Wheel Drive,27.4675,GMC,Automatic 4-spd,8.0,5.7
17327,"Vans, Cargo Type",Gasoline or E85,4-Wheel or All-Wheel Drive,21.974,Chevrolet,Automatic 4-spd,8.0,5.3
17328,"Vans, Cargo Type",Gasoline or E85,4-Wheel or All-Wheel Drive,23.5435714285714,Chevrolet,Automatic 4-spd,8.0,5.3
17329,Sport Utility Vehicle - 2WD,Gasoline or E85,Front-Wheel Drive,12.6773076923077,Chevrolet,Manual 5-spd,4.0,2.2
17330,Sport Utility Vehicle - 2WD,Gasoline or E85,Front-Wheel Drive,13.73375,Chevrolet,Manual 5-spd,4.0,2.4
17331,Sport Utility Vehicle - 2WD,Gasoline or E85,Front-Wheel Drive,13.73375,Chevrolet,Automatic 4-spd,4.0,2.4
17332,Sport Utility Vehicle - 2WD,Gasoline or E85,Front-Wheel Drive,12.6773076923077,Chevrolet,Manual 5-spd,4.0,2.2
17333,Sport Utility Vehicle - 2WD,Gasoline or E85,Front-Wheel Drive,13.73375,Chevrolet,Manual 5-spd,4.0,2.4
17334,Sport Utility Vehicle - 2WD,Gasoline or E85,Front-Wheel Drive,13.73375,Chevrolet,Automatic 4-spd,4.0,2.4
17335,Standard Pickup Trucks 4WD,Gasoline or E85,4-Wheel or All-Wheel Drive,20.600625,GMC,Automatic 4-spd,8.0,5.3
17336,Standard Pickup Trucks 4WD,Gasoline or E85,4-Wheel or All-Wheel Drive,20.600625,GMC,Automatic 6-spd,8.0,5.3
17337,Standard Pickup Trucks,Regular,4-Wheel or All-Wheel Drive,29.9645454545455,GMC,Manual 4-spd,8.0,5.7
17338,Standard Pickup Trucks 4WD,Gasoline or E85,4-Wheel or All-Wheel Drive,23.5435714285714,GMC,Automatic 6-spd,8.0,6.2
17339,Standard Pickup Trucks 4WD,Gasoline or E85,4-Wheel or All-Wheel Drive,23.5435714285714,GMC,Automatic 6-spd,8.0,6.2
17340,Standard Pickup Trucks 4WD,Gasoline or E85,4-Wheel or All-Wheel Drive,20.600625,Chevrolet,Automatic 4-spd,8.0,5.3
17341,Standard Pickup Trucks 4WD,Gasoline or E85,4-Wheel or All-Wheel Drive,20.600625,Chevrolet,Automatic 6-spd,8.0,5.3
17342,Standard Pickup Trucks 4WD,Gasoline or E85,4-Wheel or All-Wheel Drive,23.5435714285714,Chevrolet,Automatic 6-spd,8.0,6.2
17343,Sport Utility Vehicle - 4WD,Gasoline or E85,4-Wheel or All-Wheel Drive,20.600625,Chevrolet,Automatic 6-spd,8.0,5.3
17344,Sport Utility Vehicle - 4WD,Gasoline or E85,4-Wheel or All-Wheel Drive,23.5435714285714,Chevrolet,Automatic 6-spd,8.0,6.2
17345,Sport Utility Vehicle - 4WD,Gasoline or E85,4-Wheel or All-Wheel Drive,20.600625,GMC,Automatic 6-spd,8.0,5.3
17346,Sport Utility Vehicle - 4WD,Gasoline or E85,4-Wheel or All-Wheel Drive,23.5435714285714,GMC,Automatic 6-spd,8.0,6.2
17347,Sport Utility Vehicle - 4WD,Gasoline or E85,4-Wheel or All-Wheel Drive,23.5435714285714,GMC,Automatic 6-spd,8.0,6.2
17348,Standard Pickup Trucks,Diesel,4-Wheel or All-Wheel Drive,22.4814705882353,GMC,Automatic 4-spd,8.0,6.2
17349,Compact Cars,Diesel,Rear-Wheel Drive,15.2874,Mercedes-Benz,Automatic 4-spd,6.0,3.0
17350,Two Seaters,Premium,Rear-Wheel Drive,23.5435714285714,Aston Martin,Automatic (S6),12.0,5.9
17351,Two Seaters,Premium,4-Wheel or All-Wheel Drive,16.4805,Audi,Manual 6-spd,6.0,3.2
17352,Two Seaters,Premium,4-Wheel or All-Wheel Drive,16.4805,Audi,Automatic (S6),6.0,3.2
17353,Two Seaters,Premium,Rear-Wheel Drive,25.3546153846154,Ferrari,Manual 6-spd,8.0,4.3
17354,Two Seaters,Premium,Rear-Wheel Drive,25.3546153846154,Ferrari,Automatic 6-spd,8.0,4.3
17355,Two Seaters,Premium,Rear-Wheel Drive,27.4675,Ferrari,Manual 6-spd,12.0,5.9
17356,Two Seaters,Premium,Rear-Wheel Drive,27.4675,Ferrari,Automatic 6-spd,12.0,5.9
17357,Two Seaters,Premium,Rear-Wheel Drive,15.6957142857143,Honda,Manual 6-spd,4.0,2.2
17358,Two Seaters,Premium,4-Wheel or All-Wheel Drive,21.974,Lamborghini,Manual 6-spd,10.0,5.2
17359,Standard Pickup Trucks,Diesel,4-Wheel or All-Wheel Drive,23.8865625,GMC,Manual 4-spd,8.0,6.2
17360,Two Seaters,Premium,4-Wheel or All-Wheel Drive,20.600625,Lamborghini,Automatic (S6),10.0,5.2
17361,Two Seaters,Premium,4-Wheel or All-Wheel Drive,23.5435714285714,Lamborghini,Manual 6-spd,10.0,5.2
17362,Two Seaters,Premium,4-Wheel or All-Wheel Drive,20.600625,Lamborghini,Automatic (S6),10.0,5.2
17363,Two Seaters,Premium,Rear-Wheel Drive,19.3888235294118,Mercedes-Benz,Automatic (S7),8.0,5.4
17364,Two Seaters,Premium,Rear-Wheel Drive,16.4805,Nissan,Manual 6-spd,6.0,3.5
17365,Two Seaters,Premium,Rear-Wheel Drive,17.3478947368421,Nissan,Automatic (S5),6.0,3.5
17366,Two Seaters,Premium,Rear-Wheel Drive,17.3478947368421,Porsche,Manual 6-spd,6.0,3.6
17367,Two Seaters,Regular,Rear-Wheel Drive,21.974,Spyker,Manual 6-spd,8.0,4.2
17368,Minicompact Cars,Premium,Rear-Wheel Drive,17.3478947368421,Lexus,Automatic (S6),8.0,4.3
17369,Minicompact Cars,Premium,Front-Wheel Drive,10.3003125,MINI,Manual 6-spd,4.0,1.6
17370,Compact Cars,Regular,Front-Wheel Drive,13.1844,Buick,Manual 4-spd,4.0,2.5
17371,Standard Pickup Trucks,Regular,4-Wheel or All-Wheel Drive,16.4805,GMC,Automatic 4-spd,4.0,2.5
17372,Minicompact Cars,Premium,Front-Wheel Drive,11.3658620689655,MINI,Automatic (S6),4.0,1.6
17373,Minicompact Cars,Premium,Front-Wheel Drive,12.6773076923077,MINI,Automatic (S6),4.0,1.6
17374,Minicompact Cars,Premium,Front-Wheel Drive,11.3658620689655,MINI,Manual 6-spd,4.0,1.6
17375,Minicompact Cars,Premium,4-Wheel or All-Wheel Drive,18.3116666666667,Porsche,Automatic 5-spd,6.0,3.6
17376,Minicompact Cars,Premium,4-Wheel or All-Wheel Drive,18.3116666666667,Porsche,Manual 6-spd,6.0,3.6
17377,Minicompact Cars,Premium,4-Wheel or All-Wheel Drive,18.3116666666667,Porsche,Automatic 5-spd,6.0,3.6
17378,Minicompact Cars,Premium,4-Wheel or All-Wheel Drive,18.3116666666667,Porsche,Manual 6-spd,6.0,3.6
17379,Minicompact Cars,Premium,Rear-Wheel Drive,15.6957142857143,Porsche,Manual 6-spd,6.0,3.6
17380,Minicompact Cars,Premium,Rear-Wheel Drive,14.9822727272727,Porsche,Automatic 7-spd,6.0,3.6
17381,Minicompact Cars,Premium,Rear-Wheel Drive,15.6957142857143,Porsche,Manual 6-spd,6.0,3.6
17382,Standard Pickup Trucks,Regular,4-Wheel or All-Wheel Drive,15.6957142857143,GMC,Manual 4-spd,4.0,2.5
17383,Minicompact Cars,Premium,Rear-Wheel Drive,14.9822727272727,Porsche,Automatic 7-spd,6.0,3.6
17384,Minicompact Cars,Premium,Rear-Wheel Drive,15.6957142857143,Porsche,Manual 6-spd,6.0,3.8
17385,Minicompact Cars,Premium,Rear-Wheel Drive,14.9822727272727,Porsche,Automatic 7-spd,6.0,3.8
17386,Minicompact Cars,Premium,Rear-Wheel Drive,15.6957142857143,Porsche,Manual 6-spd,6.0,3.8
17387,Minicompact Cars,Premium,Rear-Wheel Drive,14.9822727272727,Porsche,Automatic 7-spd,6.0,3.8
17388,Minicompact Cars,Premium,4-Wheel or All-Wheel Drive,15.6957142857143,Porsche,Manual 6-spd,6.0,3.6
17389,Minicompact Cars,Premium,4-Wheel or All-Wheel Drive,15.6957142857143,Porsche,Automatic 7-spd,6.0,3.6
17390,Minicompact Cars,Premium,4-Wheel or All-Wheel Drive,15.6957142857143,Porsche,Automatic 7-spd,6.0,3.6
17391,Minicompact Cars,Premium,4-Wheel or All-Wheel Drive,15.6957142857143,Porsche,Manual 6-spd,6.0,3.6
17392,Minicompact Cars,Premium,4-Wheel or All-Wheel Drive,15.6957142857143,Porsche,Automatic 7-spd,6.0,3.8
17393,Standard Pickup Trucks,Regular,4-Wheel or All-Wheel Drive,15.6957142857143,GMC,Manual 5-spd,4.0,2.5
17394,Minicompact Cars,Premium,4-Wheel or All-Wheel Drive,16.4805,Porsche,Manual 6-spd,6.0,3.8
17395,Minicompact Cars,Premium,4-Wheel or All-Wheel Drive,15.6957142857143,Porsche,Automatic 7-spd,6.0,3.8
17396,Minicompact Cars,Premium,4-Wheel or All-Wheel Drive,16.4805,Porsche,Manual 6-spd,6.0,3.8
17397,Minicompact Cars,Premium,4-Wheel or All-Wheel Drive,15.6957142857143,Porsche,Automatic 7-spd,6.0,3.8
17398,Minicompact Cars,Premium,4-Wheel or All-Wheel Drive,16.4805,Porsche,Manual 6-spd,6.0,3.8
17399,Minicompact Cars,Premium,4-Wheel or All-Wheel Drive,15.6957142857143,Porsche,Automatic 7-spd,6.0,3.6
17400,Minicompact Cars,Premium,4-Wheel or All-Wheel Drive,15.6957142857143,Porsche,Manual 6-spd,6.0,3.6
17401,Subcompact Cars,Premium,Front-Wheel Drive,13.1844,Audi,Automatic (variable gear ratios),4.0,2.0
17402,Subcompact Cars,Premium,4-Wheel or All-Wheel Drive,14.3308695652174,Audi,Automatic (S6),4.0,2.0
17403,Subcompact Cars,Premium,4-Wheel or All-Wheel Drive,16.4805,Audi,Automatic (S6),6.0,3.1
17404,Standard Pickup Trucks,Regular,4-Wheel or All-Wheel Drive,20.600625,GMC,Automatic 4-spd,6.0,2.8
17405,Subcompact Cars,Premium,4-Wheel or All-Wheel Drive,21.974,Audi,Manual 6-spd,8.0,4.2
17406,Subcompact Cars,Premium,4-Wheel or All-Wheel Drive,20.600625,Audi,Automatic (S6),8.0,4.2
17407,Subcompact Cars,Premium,4-Wheel or All-Wheel Drive,19.3888235294118,Audi,Manual 6-spd,8.0,4.2
17408,Subcompact Cars,Premium,4-Wheel or All-Wheel Drive,17.3478947368421,Audi,Automatic (S6),8.0,4.2
17409,Subcompact Cars,Premium,4-Wheel or All-Wheel Drive,16.4805,Audi,Manual 6-spd,6.0,3.2
17410,Subcompact Cars,Premium,4-Wheel or All-Wheel Drive,16.4805,Audi,Automatic (S6),6.0,3.2
17411,Subcompact Cars,Premium,Rear-Wheel Drive,15.6957142857143,BMW,Manual 6-spd,6.0,3.0
17412,Subcompact Cars,Premium,Rear-Wheel Drive,14.9822727272727,BMW,Automatic (S6),6.0,3.0
17413,Subcompact Cars,Premium,Rear-Wheel Drive,15.6957142857143,BMW,Manual 6-spd,6.0,3.0
17414,Subcompact Cars,Premium,Rear-Wheel Drive,15.6957142857143,BMW,Automatic (S6),6.0,3.0
17415,Standard Pickup Trucks,Regular,4-Wheel or All-Wheel Drive,19.3888235294118,GMC,Manual 4-spd,6.0,2.8
17416,Subcompact Cars,Premium,Rear-Wheel Drive,16.4805,BMW,Manual 6-spd,6.0,3.0
17417,Subcompact Cars,Premium,Rear-Wheel Drive,16.4805,BMW,Automatic (S6),6.0,3.0
17418,Subcompact Cars,Premium,Rear-Wheel Drive,16.4805,BMW,Manual 6-spd,6.0,3.0
17419,Subcompact Cars,Premium,Rear-Wheel Drive,16.4805,BMW,Automatic (S6),6.0,3.0
17420,Subcompact Cars,Premium,Rear-Wheel Drive,15.6957142857143,BMW,Manual 6-spd,6.0,3.0
17421,Subcompact Cars,Premium,Rear-Wheel Drive,14.9822727272727,BMW,Automatic (S6),6.0,3.0
17422,Subcompact Cars,Premium,Rear-Wheel Drive,16.4805,BMW,Manual 6-spd,6.0,3.0
17423,Subcompact Cars,Premium,Rear-Wheel Drive,15.6957142857143,BMW,Automatic (S6),6.0,3.0
17424,Subcompact Cars,Premium,4-Wheel or All-Wheel Drive,16.4805,BMW,Manual 6-spd,6.0,3.0
17425,Subcompact Cars,Premium,4-Wheel or All-Wheel Drive,16.4805,BMW,Automatic (S6),6.0,3.0
17426,Standard Pickup Trucks,Regular,4-Wheel or All-Wheel Drive,18.3116666666667,GMC,Manual 5-spd,6.0,2.8
17427,Subcompact Cars,Premium,Rear-Wheel Drive,16.4805,BMW,Manual 6-spd,6.0,3.0
17428,Subcompact Cars,Premium,Rear-Wheel Drive,16.4805,BMW,Automatic (S6),6.0,3.0
17429,Subcompact Cars,Premium,Rear-Wheel Drive,16.4805,BMW,Manual 6-spd,6.0,3.0
17430,Subcompact Cars,Premium,Rear-Wheel Drive,16.4805,BMW,Automatic (S6),6.0,3.0
17431,Subcompact Cars,Premium,4-Wheel or All-Wheel Drive,17.3478947368421,BMW,Manual 6-spd,6.0,3.0
17432,Subcompact Cars,Premium,4-Wheel or All-Wheel Drive,16.4805,BMW,Automatic (S6),6.0,3.0
17433,Subcompact Cars,Premium,Rear-Wheel Drive,18.3116666666667,BMW,Manual 6-spd,8.0,4.8
17434,Subcompact Cars,Premium,Rear-Wheel Drive,18.3116666666667,BMW,Automatic (S6),8.0,4.8
17435,Subcompact Cars,Premium,Rear-Wheel Drive,20.600625,BMW,Manual 6-spd,8.0,4.8
17436,Subcompact Cars,Premium,Rear-Wheel Drive,18.3116666666667,BMW,Automatic (S6),8.0,4.8
17437,Standard Pickup Trucks,Diesel,4-Wheel or All-Wheel Drive,15.2874,Jeep,Manual 5-spd,4.0,2.1
17438,Subcompact Cars,Premium,Rear-Wheel Drive,20.600625,BMW,Manual 6-spd,8.0,4.0
17439,Subcompact Cars,Premium,Rear-Wheel Drive,20.600625,BMW,Automatic (S7),8.0,4.0
17440,Subcompact Cars,Premium,Rear-Wheel Drive,20.600625,BMW,Manual 6-spd,8.0,4.0
17441,Subcompact Cars,Premium,Rear-Wheel Drive,20.600625,BMW,Automatic (S7),8.0,4.0
17442,Subcompact Cars,Premium,Rear-Wheel Drive,25.3546153846154,BMW,Manual 6-spd,10.0,5.0
17443,Subcompact Cars,Premium,Rear-Wheel Drive,25.3546153846154,BMW,Automatic (S7),10.0,5.0
17444,Subcompact Cars,Premium,Rear-Wheel Drive,25.3546153846154,BMW,Manual 6-spd,10.0,5.0
17445,Subcompact Cars,Premium,Rear-Wheel Drive,25.3546153846154,BMW,Automatic (S7),10.0,5.0
17446,Subcompact Cars,CNG,Front-Wheel Drive,0.0664285714285714,Honda,Automatic 5-spd,4.0,1.8
17447,Subcompact Cars,Regular,Front-Wheel Drive,11.3658620689655,Honda,Manual 5-spd,4.0,1.8
17448,Standard Pickup Trucks,Regular,4-Wheel or All-Wheel Drive,18.3116666666667,Jeep,Automatic 3-spd,4.0,2.5
17449,Subcompact Cars,Regular,Front-Wheel Drive,11.3658620689655,Honda,Automatic 5-spd,4.0,1.8
17450,Subcompact Cars,Premium,Rear-Wheel Drive,15.6957142857143,Lexus,Manual 6-spd,6.0,2.5
17451,Subcompact Cars,Premium,Rear-Wheel Drive,13.73375,Lexus,Automatic (S6),6.0,2.5
17452,Subcompact Cars,Premium,4-Wheel or All-Wheel Drive,14.9822727272727,Lexus,Automatic (S6),6.0,2.5
17453,Subcompact Cars,Premium,Rear-Wheel Drive,16.4805,Lexus,Automatic (S6),6.0,3.5
17454,Subcompact Cars,Premium,Rear-Wheel Drive,18.3116666666667,Lexus,Automatic (S8),8.0,5.0
17455,Subcompact Cars,Premium,Rear-Wheel Drive,16.4805,Mercedes-Benz,Automatic 7-spd,6.0,3.5
17456,Subcompact Cars,Premium,Rear-Wheel Drive,16.4805,Mercedes-Benz,Automatic 7-spd,6.0,3.5
17457,Subcompact Cars,Premium,Rear-Wheel Drive,19.3888235294118,Mercedes-Benz,Automatic 7-spd,8.0,5.5
17458,Subcompact Cars,Premium,Rear-Wheel Drive,19.3888235294118,Mercedes-Benz,Automatic 7-spd,8.0,5.5
17459,Standard Pickup Trucks,Regular,4-Wheel or All-Wheel Drive,15.6957142857143,Jeep,Manual 4-spd,4.0,2.5
17460,Subcompact Cars,Premium,Front-Wheel Drive,10.3003125,MINI,Manual 6-spd,4.0,1.6
17461,Subcompact Cars,Premium,Front-Wheel Drive,11.3658620689655,MINI,Automatic (S6),4.0,1.6
17462,Subcompact Cars,Premium,Front-Wheel Drive,12.6773076923077,MINI,Automatic (S6),4.0,1.6
17463,Subcompact Cars,Premium,Front-Wheel Drive,11.3658620689655,MINI,Manual 6-spd,4.0,1.6
17464,Subcompact Cars,Regular,Front-Wheel Drive,12.6773076923077,Nissan,Manual 6-spd,4.0,2.5
17465,Subcompact Cars,Regular,Front-Wheel Drive,12.6773076923077,Nissan,Automatic (variable gear ratios),4.0,2.5
17466,Subcompact Cars,Premium,Front-Wheel Drive,15.6957142857143,Nissan,Manual 6-spd,6.0,3.5
17467,Subcompact Cars,Premium,Front-Wheel Drive,14.9822727272727,Nissan,Automatic (variable gear ratios),6.0,3.5
17468,Subcompact Cars,Regular,Front-Wheel Drive,17.3478947368421,Saab,Manual 6-spd,6.0,2.8
17469,Subcompact Cars,Regular,Front-Wheel Drive,18.3116666666667,Saab,Automatic (S6),6.0,2.8
17470,Standard Pickup Trucks,Regular,4-Wheel or All-Wheel Drive,18.3116666666667,Jeep,Manual 4-spd,4.0,2.5
17471,Subcompact Cars,Premium,Rear-Wheel Drive,23.5435714285714,Saleen Performance,Manual 6-spd,8.0,5.0
17472,Subcompact Cars,Regular,Front-Wheel Drive,11.3658620689655,Scion,Manual 5-spd,4.0,1.8
17473,Subcompact Cars,Regular,Front-Wheel Drive,11.7717857142857,Scion,Automatic 4-spd,4.0,1.8
17474,Subcompact Cars,Regular,Front-Wheel Drive,10.3003125,Toyota,Manual 5-spd,4.0,1.5
17475,Subcompact Cars,Regular,Front-Wheel Drive,10.6325806451613,Toyota,Automatic 4-spd,4.0,1.5
17476,Compact Cars,Premium,Front-Wheel Drive,13.1844,Audi,Automatic (variable gear ratios),4.0,2.0
17477,Compact Cars,Premium,4-Wheel or All-Wheel Drive,13.1844,Audi,Manual 6-spd,4.0,2.0
17478,Compact Cars,Premium,4-Wheel or All-Wheel Drive,14.3308695652174,Audi,Automatic (S6),4.0,2.0
17479,Compact Cars,Premium,Rear-Wheel Drive,15.6957142857143,BMW,Manual 6-spd,6.0,3.0
17480,Compact Cars,Premium,Rear-Wheel Drive,14.9822727272727,BMW,Automatic (S6),6.0,3.0
17481,Compact Cars,Regular,Front-Wheel Drive,16.4805,Buick,Automatic 3-spd,6.0,2.8
17482,Standard Pickup Trucks,Regular,4-Wheel or All-Wheel Drive,16.4805,Jeep,Manual 5-spd,4.0,2.5
17483,Compact Cars,Premium,4-Wheel or All-Wheel Drive,16.4805,BMW,Manual 6-spd,6.0,3.0
17484,Compact Cars,Premium,4-Wheel or All-Wheel Drive,16.4805,BMW,Automatic (S6),6.0,3.0
17485,Compact Cars,Premium,Rear-Wheel Drive,16.4805,BMW,Manual 6-spd,6.0,3.0
17486,Compact Cars,Premium,Rear-Wheel Drive,16.4805,BMW,Automatic (S6),6.0,3.0
17487,Compact Cars,Premium,4-Wheel or All-Wheel Drive,17.3478947368421,BMW,Manual 6-spd,6.0,3.0
17488,Compact Cars,Premium,4-Wheel or All-Wheel Drive,16.4805,BMW,Automatic (S6),6.0,3.0
17489,Compact Cars,Premium,Rear-Wheel Drive,20.600625,BMW,Manual 6-spd,8.0,4.0
17490,Compact Cars,Premium,Rear-Wheel Drive,20.600625,BMW,Automatic (S7),8.0,4.0
17491,Compact Cars,Regular,Front-Wheel Drive,14.3308695652174,Chrysler,Automatic 4-spd,4.0,2.4
17492,Compact Cars,Regular,Front-Wheel Drive,16.4805,Chrysler,Automatic 6-spd,6.0,3.5
17493,Standard Pickup Trucks,Regular,4-Wheel or All-Wheel Drive,20.600625,Jeep,Automatic 3-spd,6.0,2.8
17494,Compact Cars,Regular,Rear-Wheel Drive,21.974,Dodge,Automatic 5-spd,8.0,6.1
17495,Compact Cars,Regular,Rear-Wheel Drive,16.4805,Dodge,Automatic 4-spd,6.0,3.5
17496,Compact Cars,Regular,Rear-Wheel Drive,17.3478947368421,Dodge,Manual 6-spd,8.0,5.7
17497,Compact Cars,Regular,Rear-Wheel Drive,17.3478947368421,Dodge,Automatic 5-spd,8.0,5.7
17498,Compact Cars,Regular,Rear-Wheel Drive,20.600625,Dodge,Manual 6-spd,8.0,6.1
17499,Compact Cars,Regular,Front-Wheel Drive,11.7717857142857,Ford,Manual 5-spd,4.0,2.0
17500,Compact Cars,Regular,Front-Wheel Drive,12.2077777777778,Ford,Automatic 4-spd,4.0,2.0
17501,Compact Cars,Regular,Front-Wheel Drive,13.1844,Honda,Manual 5-spd,4.0,2.4
17502,Compact Cars,Regular,Front-Wheel Drive,13.73375,Honda,Automatic 5-spd,4.0,2.4
17503,Compact Cars,Regular,Front-Wheel Drive,14.9822727272727,Honda,Automatic 5-spd,6.0,3.5
17504,Standard Pickup Trucks,Regular,4-Wheel or All-Wheel Drive,19.3888235294118,Jeep,Manual 5-spd,6.0,2.8
17505,Compact Cars,Regular,Front-Wheel Drive,16.4805,Honda,Manual 6-spd,6.0,3.5
17506,Compact Cars,Regular,Front-Wheel Drive,7.84785714285714,Honda,Automatic (variable gear ratios),4.0,1.3
17507,Compact Cars,Regular,Front-Wheel Drive,10.987,Kia,Manual 5-spd,4.0,1.6
17508,Compact Cars,Regular,Front-Wheel Drive,10.987,Kia,Automatic 4-spd,4.0,1.6
17509,Compact Cars,Premium,Rear-Wheel Drive,16.4805,Mercedes-Benz,Automatic 7-spd,6.0,3.5
17510,Compact Cars,Premium,Rear-Wheel Drive,21.974,Mercedes-Benz,Automatic (S7),8.0,6.2
17511,Compact Cars,Premium,4-Wheel or All-Wheel Drive,19.3888235294118,Mercedes-Benz,Automatic 7-spd,8.0,5.5
17512,Compact Cars,Premium,Rear-Wheel Drive,25.3546153846154,Mercedes-Benz,Automatic 5-spd,12.0,5.5
17513,Compact Cars,Premium,Rear-Wheel Drive,23.5435714285714,Mercedes-Benz,Automatic (S7),8.0,6.2
17514,Compact Cars,Premium,Rear-Wheel Drive,25.3546153846154,Mercedes-Benz,Automatic (S5),12.0,5.5
17515,Standard Pickup Trucks,Regular,4-Wheel or All-Wheel Drive,20.600625,Jeep,Automatic 3-spd,6.0,4.2
17516,Compact Cars,Premium,4-Wheel or All-Wheel Drive,18.3116666666667,Mitsubishi,Manual 5-spd,4.0,2.0
17517,Compact Cars,Premium,4-Wheel or All-Wheel Drive,17.3478947368421,Mitsubishi,Automatic (S6),4.0,2.0
17518,Compact Cars,Regular,4-Wheel or All-Wheel Drive,18.3116666666667,Saab,Manual 6-spd,6.0,2.8
17519,Compact Cars,Regular,4-Wheel or All-Wheel Drive,18.3116666666667,Saab,Automatic (S6),6.0,2.8
17520,Compact Cars,Regular,Front-Wheel Drive,17.3478947368421,Saab,Manual 6-spd,6.0,2.8
17521,Compact Cars,Regular,Front-Wheel Drive,18.3116666666667,Saab,Automatic (S6),6.0,2.8
17522,Compact Cars,Premium,4-Wheel or All-Wheel Drive,15.6957142857143,Subaru,Automatic (S4),4.0,2.5
17523,Compact Cars,Regular,4-Wheel or All-Wheel Drive,14.9822727272727,Subaru,Manual 5-spd,4.0,2.5
17524,Compact Cars,Premium,4-Wheel or All-Wheel Drive,15.6957142857143,Subaru,Manual 5-spd,4.0,2.5
17525,Compact Cars,Regular,4-Wheel or All-Wheel Drive,14.9822727272727,Subaru,Automatic (S4),4.0,2.5
17526,Standard Pickup Trucks,Regular,4-Wheel or All-Wheel Drive,21.974,Jeep,Manual 4-spd,6.0,4.2
17527,Compact Cars,Regular,Front-Wheel Drive,13.1844,Suzuki,Manual 5-spd,4.0,2.0
17528,Compact Cars,Regular,Front-Wheel Drive,12.6773076923077,Suzuki,Automatic 4-spd,4.0,2.0
17529,Compact Cars,Regular,Front-Wheel Drive,13.73375,Suzuki,Manual 5-spd,4.0,2.0
17530,Compact Cars,Regular,Front-Wheel Drive,13.1844,Suzuki,Automatic 4-spd,4.0,2.0
17531,Compact Cars,Premium,Front-Wheel Drive,13.1844,Volkswagen,Manual 6-spd,4.0,2.0
17532,Compact Cars,Premium,Front-Wheel Drive,14.3308695652174,Volkswagen,Automatic (S6),4.0,2.0
17533,Compact Cars,Premium,Front-Wheel Drive,15.6957142857143,Volkswagen,Automatic (S6),6.0,3.6
17534,Compact Cars,Premium,4-Wheel or All-Wheel Drive,16.4805,Volkswagen,Automatic (S6),6.0,3.6
17535,Midsize Cars,Premium,4-Wheel or All-Wheel Drive,18.3116666666667,Audi,Automatic (S6),8.0,4.2
17536,Midsize Cars,Premium,4-Wheel or All-Wheel Drive,18.3116666666667,Audi,Automatic (S6),8.0,4.2
17537,Standard Pickup Trucks,Regular,4-Wheel or All-Wheel Drive,29.9645454545455,Jeep,Automatic 3-spd,8.0,5.9
17538,Midsize Cars,Premium,4-Wheel or All-Wheel Drive,20.600625,Audi,Automatic (S6),10.0,5.2
17539,Midsize Cars,Premium,4-Wheel or All-Wheel Drive,21.974,Audi,Automatic (S6),10.0,5.2
17540,Midsize Cars,Premium,Rear-Wheel Drive,15.6957142857143,BMW,Manual 6-spd,6.0,3.0
17541,Midsize Cars,Premium,Rear-Wheel Drive,15.6957142857143,BMW,Automatic (S6),6.0,3.0
17542,Midsize Cars,Premium,4-Wheel or All-Wheel Drive,16.4805,BMW,Manual 6-spd,6.0,3.0
17543,Midsize Cars,Premium,4-Wheel or All-Wheel Drive,16.4805,BMW,Automatic (S6),6.0,3.0
17544,Midsize Cars,Premium,Rear-Wheel Drive,16.4805,BMW,Manual 6-spd,6.0,3.0
17545,Midsize Cars,Premium,Rear-Wheel Drive,16.4805,BMW,Automatic (S6),6.0,3.0
17546,Midsize Cars,Premium,4-Wheel or All-Wheel Drive,17.3478947368421,BMW,Manual 6-spd,6.0,3.0
17547,Midsize Cars,Premium,4-Wheel or All-Wheel Drive,16.4805,BMW,Automatic (S6),6.0,3.0
17548,Standard Pickup Trucks,Regular,4-Wheel or All-Wheel Drive,29.9645454545455,Jeep,Automatic 3-spd,8.0,5.9
17549,Midsize Cars,Premium,Rear-Wheel Drive,18.3116666666667,BMW,Manual 6-spd,8.0,4.8
17550,Midsize Cars,Premium,Rear-Wheel Drive,18.3116666666667,BMW,Automatic (S6),8.0,4.8
17551,Midsize Cars,Premium,Rear-Wheel Drive,25.3546153846154,BMW,Manual 6-spd,10.0,5.0
17552,Midsize Cars,Premium,Rear-Wheel Drive,25.3546153846154,BMW,Automatic (S7),10.0,5.0
17553,Midsize Cars,Regular,Front-Wheel Drive,13.73375,Chrysler,Automatic 4-spd,4.0,2.4
17554,Midsize Cars,Regular,Front-Wheel Drive,16.4805,Chrysler,Automatic 6-spd,6.0,3.5
17555,Midsize Cars,Regular,Front-Wheel Drive,13.73375,Dodge,Automatic 4-spd,4.0,2.4
17556,Midsize Cars,Regular,Front-Wheel Drive,16.4805,Dodge,Automatic 6-spd,6.0,3.5
17557,Small Station Wagons,Regular,Front-Wheel Drive,12.2077777777778,Dodge,Manual 5-spd,4.0,1.8
17558,Small Station Wagons,Regular,Front-Wheel Drive,13.73375,Dodge,Automatic (variable gear ratios),4.0,2.0
17559,Standard Pickup Trucks,Regular,4-Wheel or All-Wheel Drive,17.3478947368421,Toyota,Manual 5-spd,4.0,2.4
17560,Small Station Wagons,Regular,Front-Wheel Drive,13.1844,Dodge,Manual 5-spd,4.0,2.4
17561,Small Station Wagons,Regular,Front-Wheel Drive,14.3308695652174,Dodge,Automatic (variable gear ratios),4.0,2.4
17562,Small Station Wagons,Premium,Front-Wheel Drive,14.9822727272727,Dodge,Manual 6-spd,4.0,2.4
17563,Midsize Cars,Premium,Rear-Wheel Drive,27.4675,Ferrari,Manual 6-spd,12.0,5.7
17564,Midsize Cars,Premium,Rear-Wheel Drive,29.9645454545455,Ferrari,Automatic 6-spd,12.0,5.7
17565,Midsize Cars,Regular,Front-Wheel Drive,14.3308695652174,Kia,Automatic 5-spd,6.0,2.7
17566,Midsize Cars,Premium,Front-Wheel Drive,14.9822727272727,Lexus,Automatic (S6),6.0,3.5
17567,Midsize Cars,Premium,Rear-Wheel Drive,17.3478947368421,Mercedes-Benz,Automatic 7-spd,6.0,3.5
17568,Midsize Cars,Premium,4-Wheel or All-Wheel Drive,18.3116666666667,Mercedes-Benz,Automatic 5-spd,6.0,3.5
17569,Midsize Cars,Premium,Rear-Wheel Drive,19.3888235294118,Mercedes-Benz,Automatic 7-spd,8.0,5.5
17570,Standard Pickup Trucks,Regular,4-Wheel or All-Wheel Drive,18.3116666666667,Toyota,Manual 5-spd,4.0,2.4
17571,Midsize Cars,Premium,4-Wheel or All-Wheel Drive,20.600625,Mercedes-Benz,Automatic 5-spd,8.0,5.5
17572,Midsize Cars,Premium,Rear-Wheel Drive,21.974,Mercedes-Benz,Automatic (S7),8.0,6.2
17573,Midsize Cars,Regular,Front-Wheel Drive,12.6773076923077,Nissan,Manual 6-spd,4.0,2.5
17574,Midsize Cars,Regular,Front-Wheel Drive,12.6773076923077,Nissan,Automatic (variable gear ratios),4.0,2.5
17575,Midsize Cars,Premium,Front-Wheel Drive,15.6957142857143,Nissan,Manual 6-spd,6.0,3.5
17576,Midsize Cars,Premium,Front-Wheel Drive,14.9822727272727,Nissan,Automatic (variable gear ratios),6.0,3.5
17577,Midsize Cars,Regular,Front-Wheel Drive,9.69441176470588,Nissan,Automatic (variable gear ratios),4.0,2.5
17578,Midsize Cars,Regular,Front-Wheel Drive,7.1654347826087,Toyota,Automatic (variable gear ratios),4.0,1.5
17579,Large Cars,Premium,4-Wheel or All-Wheel Drive,18.3116666666667,Audi,Automatic (S6),8.0,4.2
17580,Large Cars,Premium,4-Wheel or All-Wheel Drive,21.974,Audi,Automatic (S6),12.0,6.0
17581,Standard Pickup Trucks,Regular,4-Wheel or All-Wheel Drive,17.3478947368421,Toyota,Automatic 4-spd,4.0,2.4
17582,Large Cars,Regular,4-Wheel or All-Wheel Drive,18.3116666666667,Chrysler,Automatic 5-spd,8.0,5.7
17583,Large Cars,Regular,4-Wheel or All-Wheel Drive,17.3478947368421,Chrysler,Automatic 5-spd,6.0,3.5
17584,Large Cars,Regular,Rear-Wheel Drive,21.974,Chrysler,Automatic 5-spd,8.0,6.1
17585,Large Cars,Regular,Rear-Wheel Drive,16.4805,Chrysler,Automatic 4-spd,6.0,3.5
17586,Large Cars,Regular,Rear-Wheel Drive,15.6957142857143,Chrysler,Automatic 4-spd,6.0,2.7
17587,Large Cars,Regular,Rear-Wheel Drive,17.3478947368421,Chrysler,Automatic 5-spd,8.0,5.7
17588,Large Cars,Regular,Rear-Wheel Drive,21.974,Dodge,Automatic 5-spd,8.0,6.1
17589,Large Cars,Regular,Rear-Wheel Drive,16.4805,Dodge,Automatic 4-spd,6.0,3.5
17590,Large Cars,Regular,Rear-Wheel Drive,15.6957142857143,Dodge,Automatic 4-spd,6.0,2.7
17591,Large Cars,Regular,Rear-Wheel Drive,17.3478947368421,Dodge,Automatic 5-spd,8.0,5.7
17592,Two Seaters,Regular,Rear-Wheel Drive,14.9822727272727,Pininfarina,Manual 5-spd,4.0,2.0
17593,Compact Cars,Regular,Front-Wheel Drive,17.3478947368421,Buick,Manual 4-spd,6.0,2.8
17594,Standard Pickup Trucks,Regular,4-Wheel or All-Wheel Drive,19.3888235294118,Toyota,Automatic 4-spd,4.0,2.4
17595,Large Cars,Regular,Rear-Wheel Drive,17.3478947368421,Dodge,Automatic 5-spd,6.0,3.5
17596,Large Cars,Regular,4-Wheel or All-Wheel Drive,18.3116666666667,Dodge,Automatic 5-spd,8.0,5.7
17597,Large Cars,Regular,4-Wheel or All-Wheel Drive,17.3478947368421,Dodge,Automatic 5-spd,6.0,3.5
17598,Large Cars,Regular,4-Wheel or All-Wheel Drive,17.3478947368421,Ford,Automatic 6-spd,6.0,3.5
17599,Large Cars,Regular,Front-Wheel Drive,15.6957142857143,Ford,Automatic 6-spd,6.0,3.5
17600,Large Cars,Regular,Front-Wheel Drive,13.1844,Honda,Manual 5-spd,4.0,2.4
17601,Large Cars,Regular,Front-Wheel Drive,13.73375,Honda,Automatic 5-spd,4.0,2.4
17602,Large Cars,Regular,Front-Wheel Drive,14.9822727272727,Honda,Automatic 5-spd,6.0,3.5
17603,Large Cars,Regular,4-Wheel or All-Wheel Drive,17.3478947368421,Mercury,Automatic 6-spd,6.0,3.5
17604,Large Cars,Regular,Front-Wheel Drive,15.6957142857143,Mercury,Automatic 6-spd,6.0,3.5
17605,Standard Pickup Trucks,Regular,4-Wheel or All-Wheel Drive,18.3116666666667,Toyota,Manual 5-spd,4.0,2.4
17606,Large Cars,Premium,Rear-Wheel Drive,19.3888235294118,Mercedes-Benz,Automatic 7-spd,8.0,5.5
17607,Large Cars,Premium,4-Wheel or All-Wheel Drive,19.3888235294118,Mercedes-Benz,Automatic 7-spd,8.0,5.5
17608,Large Cars,Regular,Front-Wheel Drive,14.3308695652174,Toyota,Automatic (S6),6.0,3.5
17609,Small Station Wagons,Premium,4-Wheel or All-Wheel Drive,15.6957142857143,Audi,Automatic (S6),6.0,3.2
17610,Small Station Wagons,Premium,4-Wheel or All-Wheel Drive,14.3308695652174,Audi,Automatic (S6),4.0,2.0
17611,Small Station Wagons,Premium,Rear-Wheel Drive,16.4805,BMW,Manual 6-spd,6.0,3.0
17612,Small Station Wagons,Premium,Rear-Wheel Drive,15.6957142857143,BMW,Automatic (S6),6.0,3.0
17613,Small Station Wagons,Premium,4-Wheel or All-Wheel Drive,16.4805,BMW,Manual 6-spd,6.0,3.0
17614,Small Station Wagons,Premium,4-Wheel or All-Wheel Drive,16.4805,BMW,Automatic (S6),6.0,3.0
17615,Small Station Wagons,Regular,Front-Wheel Drive,10.6325806451613,Honda,Automatic 5-spd,4.0,1.5
17616,Standard Pickup Trucks,Regular,4-Wheel or All-Wheel Drive,16.4805,Toyota,Manual 5-spd,4.0,2.4
17617,Small Station Wagons,Regular,Front-Wheel Drive,11.3658620689655,Honda,Manual 5-spd,4.0,1.5
17618,Small Station Wagons,Regular,Front-Wheel Drive,10.987,Honda,Automatic (S5),4.0,1.5
17619,Small Station Wagons,Regular,4-Wheel or All-Wheel Drive,18.3116666666667,Saab,Manual 6-spd,6.0,2.8
17620,Small Station Wagons,Regular,4-Wheel or All-Wheel Drive,18.3116666666667,Saab,Automatic (S6),6.0,2.8
17621,Small Station Wagons,Regular,Front-Wheel Drive,17.3478947368421,Saab,Manual 6-spd,6.0,2.8
17622,Small Station Wagons,Regular,Front-Wheel Drive,18.3116666666667,Saab,Automatic (S6),6.0,2.8
17623,Small Station Wagons,Premium,4-Wheel or All-Wheel Drive,15.6957142857143,Subaru,Automatic (S4),4.0,2.5
17624,Small Station Wagons,Premium,4-Wheel or All-Wheel Drive,15.6957142857143,Subaru,Manual 5-spd,4.0,2.5
17625,Small Station Wagons,Regular,4-Wheel or All-Wheel Drive,14.9822727272727,Subaru,Manual 5-spd,4.0,2.5
17626,Small Station Wagons,Premium,4-Wheel or All-Wheel Drive,17.3478947368421,Subaru,Manual 6-spd,4.0,2.5
17627,Vans,Regular,Rear-Wheel Drive,16.4805,Chevrolet,Automatic 4-spd,4.0,2.5
17628,Small Station Wagons,Regular,4-Wheel or All-Wheel Drive,14.9822727272727,Subaru,Automatic (S4),4.0,2.5
17629,Small Station Wagons,Regular,Front-Wheel Drive,13.73375,Suzuki,Manual 5-spd,4.0,2.0
17630,Small Station Wagons,Regular,Front-Wheel Drive,13.1844,Suzuki,Automatic 4-spd,4.0,2.0
17631,Small Station Wagons,Regular,4-Wheel or All-Wheel Drive,14.3308695652174,Suzuki,Manual 5-spd,4.0,2.0
17632,Small Station Wagons,Regular,4-Wheel or All-Wheel Drive,13.73375,Suzuki,Automatic 4-spd,4.0,2.0
17633,Midsize Station Wagons,Premium,4-Wheel or All-Wheel Drive,18.3116666666667,BMW,Manual 6-spd,6.0,3.0
17634,Midsize Station Wagons,Premium,4-Wheel or All-Wheel Drive,17.3478947368421,BMW,Automatic (S6),6.0,3.0
17635,Midsize Station Wagons,Premium,4-Wheel or All-Wheel Drive,18.3116666666667,Mercedes-Benz,Automatic 5-spd,6.0,3.5
17636,Midsize Station Wagons,Premium,Rear-Wheel Drive,21.974,Mercedes-Benz,Automatic (S7),8.0,6.2
17637,Small Pickup Trucks 2WD,Regular,Rear-Wheel Drive,19.3888235294118,Chevrolet,Automatic 4-spd,8.0,5.3
17638,Vans,Regular,Rear-Wheel Drive,16.4805,Chevrolet,Manual 4-spd,4.0,2.5
17639,Small Pickup Trucks 2WD,Regular,Rear-Wheel Drive,19.3888235294118,Chevrolet,Automatic 4-spd,8.0,5.3
17640,Small Pickup Trucks 2WD,Regular,Rear-Wheel Drive,14.3308695652174,Ford,Manual 5-spd,4.0,2.3
17641,Small Pickup Trucks 2WD,Regular,Rear-Wheel Drive,15.6957142857143,Ford,Automatic 5-spd,4.0,2.3
17642,Small Pickup Trucks 2WD,Regular,Rear-Wheel Drive,19.3888235294118,Ford,Manual 5-spd,6.0,4.0
17643,Small Pickup Trucks 2WD,Regular,Rear-Wheel Drive,18.3116666666667,Ford,Automatic 5-spd,6.0,4.0
17644,Small Pickup Trucks 2WD,Regular,Rear-Wheel Drive,19.3888235294118,GMC,Automatic 4-spd,8.0,5.3
17645,Small Pickup Trucks 2WD,Regular,Rear-Wheel Drive,19.3888235294118,GMC,Automatic 4-spd,8.0,5.3
17646,Small Pickup Trucks 2WD,Regular,Rear-Wheel Drive,15.6957142857143,Mazda,Automatic 5-spd,4.0,2.3
17647,Small Pickup Trucks 2WD,Regular,Rear-Wheel Drive,14.3308695652174,Mazda,Manual 5-spd,4.0,2.3
17648,Small Pickup Trucks 2WD,Regular,Rear-Wheel Drive,15.6957142857143,Nissan,Manual 5-spd,4.0,2.5
17649,Vans,Regular,Rear-Wheel Drive,14.9822727272727,Chevrolet,Manual 5-spd,4.0,2.5
17650,Small Pickup Trucks 2WD,Regular,Rear-Wheel Drive,17.3478947368421,Nissan,Automatic 5-spd,4.0,2.5
17651,Small Pickup Trucks 2WD,Regular,Rear-Wheel Drive,18.3116666666667,Nissan,Manual 6-spd,6.0,4.0
17652,Small Pickup Trucks 2WD,Regular,Rear-Wheel Drive,19.3888235294118,Nissan,Automatic 5-spd,6.0,4.0
17653,Small Pickup Trucks 4WD,Regular,4-Wheel or All-Wheel Drive,20.600625,Chevrolet,Automatic 4-spd,8.0,5.3
17654,Small Pickup Trucks 4WD,Regular,4-Wheel or All-Wheel Drive,20.600625,Chevrolet,Automatic 4-spd,8.0,5.3
17655,Small Pickup Trucks 4WD,Regular,4-Wheel or All-Wheel Drive,20.600625,Ford,Manual 5-spd,6.0,4.0
17656,Small Pickup Trucks 4WD,Regular,4-Wheel or All-Wheel Drive,21.974,Ford,Automatic 5-spd,6.0,4.0
17657,Small Pickup Trucks 4WD,Regular,4-Wheel or All-Wheel Drive,20.600625,GMC,Automatic 4-spd,8.0,5.3
17658,Small Pickup Trucks 4WD,Regular,4-Wheel or All-Wheel Drive,20.600625,GMC,Automatic 4-spd,8.0,5.3
17659,Small Pickup Trucks 4WD,Regular,4-Wheel or All-Wheel Drive,20.600625,Mazda,Manual 5-spd,6.0,4.0
17660,Vans,Regular,Rear-Wheel Drive,19.3888235294118,Chevrolet,Automatic 4-spd,6.0,4.3
17661,Small Pickup Trucks 4WD,Regular,4-Wheel or All-Wheel Drive,21.974,Mazda,Automatic 5-spd,6.0,4.0
17662,Small Pickup Trucks 4WD,Regular,4-Wheel or All-Wheel Drive,19.3888235294118,Nissan,Manual 6-spd,6.0,4.0
17663,Small Pickup Trucks 4WD,Regular,4-Wheel or All-Wheel Drive,20.600625,Nissan,Automatic 5-spd,6.0,4.0
17664,Standard Pickup Trucks 2WD,Regular,Rear-Wheel Drive,19.3888235294118,Chevrolet,Automatic 4-spd,6.0,4.3
17665,Standard Pickup Trucks 2WD,Regular,Rear-Wheel Drive,20.600625,Chevrolet,Automatic 4-spd,8.0,4.8
17666,Standard Pickup Trucks 2WD,Regular,Rear-Wheel Drive,18.3116666666667,Dodge,Manual 6-spd,6.0,3.7
17667,Standard Pickup Trucks 2WD,Regular,Rear-Wheel Drive,19.3888235294118,Dodge,Automatic 4-spd,6.0,3.7
17668,Standard Pickup Trucks 2WD,Regular,Rear-Wheel Drive,20.600625,Dodge,Automatic 4-spd,6.0,3.7
17669,Standard Pickup Trucks 2WD,Regular,Rear-Wheel Drive,20.600625,Dodge,Automatic 5-spd,8.0,5.7
17670,Standard Pickup Trucks 2WD,Regular,Rear-Wheel Drive,20.600625,Ford,Automatic 5-spd,6.0,4.0
17671,Vans,Regular,Rear-Wheel Drive,18.3116666666667,Chevrolet,Manual 4-spd,6.0,4.3
17672,Standard Pickup Trucks 2WD,Regular,Rear-Wheel Drive,19.3888235294118,Ford,Automatic 6-spd,8.0,4.6
17673,Standard Pickup Trucks 2WD,Regular,Rear-Wheel Drive,20.600625,Ford,Automatic 4-spd,8.0,4.6
17674,Standard Pickup Trucks 2WD,Regular,Rear-Wheel Drive,19.3888235294118,Ford,Automatic 6-spd,8.0,4.6
17675,Standard Pickup Trucks 2WD,Regular,Rear-Wheel Drive,19.3888235294118,GMC,Automatic 4-spd,6.0,4.3
17676,Standard Pickup Trucks 2WD,Regular,Rear-Wheel Drive,20.600625,GMC,Automatic 4-spd,8.0,4.8
17677,Standard Pickup Trucks 2WD,Regular,Rear-Wheel Drive,18.3116666666667,Mitsubishi,Manual 6-spd,6.0,3.7
17678,Standard Pickup Trucks 2WD,Regular,Rear-Wheel Drive,19.3888235294118,Mitsubishi,Automatic 4-spd,6.0,3.7
17679,Standard Pickup Trucks 2WD,Regular,Rear-Wheel Drive,20.600625,Toyota,Automatic (S5),6.0,4.0
17680,Standard Pickup Trucks 2WD,Regular,Rear-Wheel Drive,21.974,Toyota,Automatic (S5),8.0,4.7
17681,Standard Pickup Trucks 2WD,Regular,Rear-Wheel Drive,20.600625,Toyota,Automatic (S6),8.0,5.7
17682,Vans,Regular,Rear-Wheel Drive,18.3116666666667,Chevrolet,Manual 5-spd,6.0,4.3
17683,Standard Pickup Trucks 4WD,Regular,4-Wheel or All-Wheel Drive,21.974,Chevrolet,Automatic 4-spd,6.0,4.3
17684,Standard Pickup Trucks 4WD,Regular,4-Wheel or All-Wheel Drive,21.974,Chevrolet,Automatic 4-spd,8.0,4.8
17685,Standard Pickup Trucks 4WD,Regular,4-Wheel or All-Wheel Drive,20.600625,Dodge,Manual 6-spd,6.0,3.7
17686,Standard Pickup Trucks 4WD,Regular,4-Wheel or All-Wheel Drive,21.974,Dodge,Automatic 4-spd,6.0,3.7
17687,Standard Pickup Trucks 4WD,Regular,4-Wheel or All-Wheel Drive,21.974,Dodge,Automatic 5-spd,8.0,5.7
17688,Standard Pickup Trucks 4WD,Regular,4-Wheel or All-Wheel Drive,21.974,Ford,Automatic 5-spd,6.0,4.0
17689,Standard Pickup Trucks 4WD,Regular,4-Wheel or All-Wheel Drive,20.600625,Ford,Automatic 6-spd,8.0,4.6
17690,Standard Pickup Trucks 4WD,Regular,4-Wheel or All-Wheel Drive,21.974,Ford,Automatic 4-spd,8.0,4.6
17691,Standard Pickup Trucks 4WD,Regular,4-Wheel or All-Wheel Drive,20.600625,Ford,Automatic 6-spd,8.0,4.6
17692,Standard Pickup Trucks 4WD,Regular,4-Wheel or All-Wheel Drive,21.974,GMC,Automatic 4-spd,6.0,4.3
17693,Vans,Regular,Rear-Wheel Drive,20.600625,Chevrolet,Automatic 3-spd,6.0,4.3
17694,Standard Pickup Trucks 4WD,Regular,4-Wheel or All-Wheel Drive,21.974,GMC,Automatic 4-spd,8.0,4.8
17695,Standard Pickup Trucks 4WD,Regular,4-Wheel or All-Wheel Drive,19.3888235294118,Honda,Automatic 5-spd,6.0,3.5
17696,Standard Pickup Trucks 4WD,Regular,4-Wheel or All-Wheel Drive,20.600625,Mitsubishi,Manual 6-spd,6.0,3.7
17697,Standard Pickup Trucks 4WD,Regular,4-Wheel or All-Wheel Drive,21.974,Mitsubishi,Automatic 4-spd,6.0,3.7
17698,Standard Pickup Trucks 4WD,Regular,4-Wheel or All-Wheel Drive,21.974,Toyota,Automatic (S5),8.0,4.7
17699,Standard Pickup Trucks 4WD,Regular,4-Wheel or All-Wheel Drive,23.5435714285714,Toyota,Automatic (S6),8.0,5.7
17700,"Vans, Cargo Type",Regular,Rear-Wheel Drive,19.3888235294118,Chevrolet,Automatic 4-spd,6.0,4.3
17701,"Vans, Cargo Type",Regular,Rear-Wheel Drive,21.974,Chevrolet,Automatic 4-spd,8.0,5.3
17702,"Vans, Cargo Type",Regular,Rear-Wheel Drive,23.5435714285714,Chevrolet,Automatic 4-spd,8.0,5.3
17703,"Vans, Cargo Type",Regular,4-Wheel or All-Wheel Drive,21.974,Chevrolet,Automatic 4-spd,8.0,5.3
17704,Compact Cars,Regular,Front-Wheel Drive,16.4805,Buick,Automatic 3-spd,6.0,2.8
17705,Vans,Regular,Rear-Wheel Drive,21.974,Chevrolet,Automatic 4-spd,6.0,4.3
17706,"Vans, Cargo Type",Regular,4-Wheel or All-Wheel Drive,23.5435714285714,Chevrolet,Automatic 4-spd,8.0,5.3
17707,"Vans, Cargo Type",Regular,Rear-Wheel Drive,19.3888235294118,GMC,Automatic 4-spd,6.0,4.3
17708,"Vans, Cargo Type",Regular,Rear-Wheel Drive,21.974,GMC,Automatic 4-spd,8.0,5.3
17709,"Vans, Cargo Type",Regular,Rear-Wheel Drive,23.5435714285714,GMC,Automatic 4-spd,8.0,5.3
17710,"Vans, Cargo Type",Regular,4-Wheel or All-Wheel Drive,23.5435714285714,GMC,Automatic 4-spd,8.0,5.3
17711,"Vans, Cargo Type",Regular,4-Wheel or All-Wheel Drive,21.974,GMC,Automatic 4-spd,8.0,5.3
17712,"Vans, Passenger Type",Regular,Rear-Wheel Drive,23.5435714285714,Chevrolet,Automatic 4-spd,8.0,5.3
17713,"Vans, Passenger Type",Regular,4-Wheel or All-Wheel Drive,23.5435714285714,Chevrolet,Automatic 4-spd,8.0,5.3
17714,"Vans, Passenger Type",Regular,Rear-Wheel Drive,23.5435714285714,GMC,Automatic 4-spd,8.0,5.3
17715,"Vans, Passenger Type",Regular,4-Wheel or All-Wheel Drive,23.5435714285714,GMC,Automatic 4-spd,8.0,5.3
17716,Vans,Regular,Rear-Wheel Drive,19.3888235294118,Chevrolet,Automatic 4-spd,6.0,4.3
17717,Minivan - 2WD,Regular,Front-Wheel Drive,18.3116666666667,Chrysler,Automatic 6-spd,6.0,3.8
17718,Minivan - 2WD,Regular,Front-Wheel Drive,16.4805,Chrysler,Automatic 6-spd,6.0,4.0
17719,Minivan - 2WD,Regular,Front-Wheel Drive,18.3116666666667,Dodge,Automatic 6-spd,6.0,3.8
17720,Minivan - 2WD,Regular,Front-Wheel Drive,16.4805,Dodge,Automatic 6-spd,6.0,4.0
17721,Minivan - 2WD,Regular,Front-Wheel Drive,18.3116666666667,Honda,Automatic 5-spd,6.0,3.5
17722,Minivan - 2WD,Regular,Front-Wheel Drive,16.4805,Honda,Automatic 5-spd,6.0,3.5
17723,Minivan - 2WD,Regular,Front-Wheel Drive,18.3116666666667,Volkswagen,Automatic 6-spd,6.0,3.8
17724,Minivan - 2WD,Regular,Front-Wheel Drive,16.4805,Volkswagen,Automatic 6-spd,6.0,4.0
17725,Sport Utility Vehicle - 2WD,Regular,Rear-Wheel Drive,20.600625,Chevrolet,Automatic 4-spd,8.0,4.8
17726,Sport Utility Vehicle - 2WD,Regular,Rear-Wheel Drive,20.600625,Chrysler,Automatic 5-spd,8.0,5.7
17727,Vans,Regular,Rear-Wheel Drive,21.974,Chevrolet,Manual 3-spd,6.0,4.3
17728,Sport Utility Vehicle - 2WD,Regular,Front-Wheel Drive,14.3308695652174,Chrysler,Manual 5-spd,4.0,2.4
17729,Sport Utility Vehicle - 2WD,Regular,Front-Wheel Drive,15.6957142857143,Chrysler,Automatic 4-spd,4.0,2.4
17730,Sport Utility Vehicle - 2WD,Regular,Front-Wheel Drive,15.6957142857143,Chrysler,Automatic 4-spd,4.0,2.4
17731,Sport Utility Vehicle - 2WD,Regular,Rear-Wheel Drive,20.600625,Dodge,Automatic 4-spd,6.0,3.7
17732,Sport Utility Vehicle - 2WD,Regular,Rear-Wheel Drive,20.600625,Dodge,Automatic 5-spd,8.0,5.7
17733,Sport Utility Vehicle - 2WD,Regular,Rear-Wheel Drive,18.3116666666667,Dodge,Automatic 4-spd,6.0,3.7
17734,Sport Utility Vehicle - 2WD,Regular,Rear-Wheel Drive,18.3116666666667,Dodge,Automatic 5-spd,6.0,4.0
17735,Sport Utility Vehicle - 2WD,Regular,Front-Wheel Drive,17.3478947368421,Ford,Automatic 6-spd,6.0,3.5
17736,Sport Utility Vehicle - 2WD,Regular,Rear-Wheel Drive,20.600625,Ford,Automatic 5-spd,6.0,4.0
17737,Sport Utility Vehicle - 2WD,Regular,Rear-Wheel Drive,19.3888235294118,Ford,Automatic 6-spd,8.0,4.6
17738,Vans,Regular,Rear-Wheel Drive,19.3888235294118,Chevrolet,Manual 3-spd,6.0,4.3
17739,Sport Utility Vehicle - 2WD,Regular,Front-Wheel Drive,17.3478947368421,Ford,Automatic 6-spd,6.0,3.5
17740,Sport Utility Vehicle - 2WD,Regular,Rear-Wheel Drive,20.600625,GMC,Automatic 4-spd,8.0,4.8
17741,Sport Utility Vehicle - 2WD,Regular,Front-Wheel Drive,14.3308695652174,Honda,Automatic 5-spd,4.0,2.4
17742,Sport Utility Vehicle - 2WD,Regular,Rear-Wheel Drive,20.600625,Jeep,Automatic 5-spd,8.0,5.7
17743,Sport Utility Vehicle - 2WD,Regular,Rear-Wheel Drive,21.974,Jeep,Automatic 5-spd,8.0,4.7
17744,Sport Utility Vehicle - 2WD,Regular,Front-Wheel Drive,13.73375,Jeep,Automatic (variable gear ratios),4.0,2.0
17745,Sport Utility Vehicle - 2WD,Regular,Front-Wheel Drive,14.3308695652174,Jeep,Automatic (variable gear ratios),4.0,2.4
17746,Sport Utility Vehicle - 2WD,Regular,Front-Wheel Drive,13.1844,Jeep,Manual 5-spd,4.0,2.4
17747,Sport Utility Vehicle - 2WD,Regular,Rear-Wheel Drive,20.600625,Jeep,Automatic 5-spd,8.0,5.7
17748,Sport Utility Vehicle - 2WD,Regular,Rear-Wheel Drive,21.974,Jeep,Automatic 5-spd,8.0,4.7
17749,Vans,Regular,Rear-Wheel Drive,20.600625,Chevrolet,Manual 4-spd,6.0,4.3
17750,Sport Utility Vehicle - 2WD,Regular,Rear-Wheel Drive,18.3116666666667,Jeep,Automatic 4-spd,6.0,3.7
17751,Sport Utility Vehicle - 2WD,Regular,Front-Wheel Drive,13.73375,Jeep,Automatic (variable gear ratios),4.0,2.0
17752,Sport Utility Vehicle - 2WD,Regular,Front-Wheel Drive,14.3308695652174,Jeep,Automatic (variable gear ratios),4.0,2.4
17753,Sport Utility Vehicle - 2WD,Regular,Front-Wheel Drive,13.1844,Jeep,Manual 5-spd,4.0,2.4
17754,Sport Utility Vehicle - 2WD,Regular,Rear-Wheel Drive,19.3888235294118,Jeep,Automatic 4-spd,6.0,3.8
17755,Sport Utility Vehicle - 2WD,Regular,Front-Wheel Drive,17.3478947368421,Lincoln,Automatic 6-spd,6.0,3.5
17756,Sport Utility Vehicle - 2WD,Regular,Rear-Wheel Drive,20.600625,Mercury,Automatic 5-spd,6.0,4.0
17757,Sport Utility Vehicle - 2WD,Regular,Rear-Wheel Drive,19.3888235294118,Mercury,Automatic 6-spd,8.0,4.6
17758,Sport Utility Vehicle - 2WD,Premium,Front-Wheel Drive,18.3116666666667,Mitsubishi,Automatic (S4),6.0,3.8
17759,Sport Utility Vehicle - 2WD,Premium,Rear-Wheel Drive,19.3888235294118,Nissan,Automatic 5-spd,6.0,4.0
17760,Vans,Regular,Rear-Wheel Drive,19.3888235294118,Chevrolet,Manual 4-spd,6.0,4.3
17761,Sport Utility Vehicle - 2WD,Premium,Rear-Wheel Drive,21.974,Nissan,Automatic (S5),8.0,5.6
17762,Sport Utility Vehicle - 2WD,Regular,Front-Wheel Drive,13.73375,Nissan,Automatic (variable gear ratios),4.0,2.5
17763,Sport Utility Vehicle - 2WD,Regular,Rear-Wheel Drive,18.3116666666667,Nissan,Manual 6-spd,6.0,4.0
17764,Sport Utility Vehicle - 2WD,Regular,Rear-Wheel Drive,19.3888235294118,Nissan,Automatic 5-spd,6.0,4.0
17765,Sport Utility Vehicle - 2WD,Regular,Rear-Wheel Drive,14.9822727272727,Suzuki,Manual 5-spd,4.0,2.4
17766,Sport Utility Vehicle - 2WD,Regular,Rear-Wheel Drive,15.6957142857143,Suzuki,Automatic 4-spd,4.0,2.4
17767,Sport Utility Vehicle - 2WD,Regular,Rear-Wheel Drive,16.4805,Suzuki,Automatic 5-spd,6.0,3.2
17768,Sport Utility Vehicle - 2WD,Regular,Rear-Wheel Drive,18.3116666666667,Toyota,Automatic 5-spd,6.0,4.0
17769,Sport Utility Vehicle - 2WD,Regular,Rear-Wheel Drive,19.3888235294118,Toyota,Automatic 5-spd,8.0,4.7
17770,Sport Utility Vehicle - 2WD,Premium,Rear-Wheel Drive,18.3116666666667,Toyota,Automatic 5-spd,6.0,4.0
17771,Vans,Regular,Rear-Wheel Drive,21.974,Chevrolet,Automatic 3-spd,8.0,5.0
17772,Sport Utility Vehicle - 2WD,Regular,Front-Wheel Drive,13.73375,Toyota,Automatic 4-spd,4.0,2.5
17773,Sport Utility Vehicle - 2WD,Regular,Rear-Wheel Drive,21.974,Toyota,Automatic (S5),8.0,4.7
17774,Sport Utility Vehicle - 2WD,Regular,Rear-Wheel Drive,21.974,Toyota,Automatic (S6),8.0,5.7
17775,Sport Utility Vehicle - 4WD,Premium,4-Wheel or All-Wheel Drive,19.3888235294118,Acura,Automatic (S5),6.0,3.7
17776,Sport Utility Vehicle - 4WD,Premium,4-Wheel or All-Wheel Drive,20.600625,Audi,Automatic (S6),6.0,3.6
17777,Sport Utility Vehicle - 4WD,Premium,4-Wheel or All-Wheel Drive,17.3478947368421,BMW,Manual 6-spd,6.0,3.0
17778,Sport Utility Vehicle - 4WD,Premium,4-Wheel or All-Wheel Drive,16.4805,BMW,Automatic (S6),6.0,3.0
17779,Sport Utility Vehicle - 4WD,Premium,4-Wheel or All-Wheel Drive,18.3116666666667,BMW,Automatic (S6),6.0,3.0
17780,Sport Utility Vehicle - 4WD,Regular,4-Wheel or All-Wheel Drive,21.974,Chrysler,Automatic 5-spd,8.0,5.7
17781,Sport Utility Vehicle - 4WD,Regular,4-Wheel or All-Wheel Drive,21.974,Dodge,Automatic 5-spd,8.0,5.7
17782,Vans,Regular,Rear-Wheel Drive,21.974,Chevrolet,Automatic 4-spd,8.0,5.0
17783,Sport Utility Vehicle - 4WD,Regular,4-Wheel or All-Wheel Drive,19.3888235294118,Dodge,Automatic 4-spd,6.0,3.7
17784,Sport Utility Vehicle - 4WD,Regular,4-Wheel or All-Wheel Drive,19.3888235294118,Dodge,Automatic 5-spd,6.0,4.0
17785,Sport Utility Vehicle - 4WD,Regular,4-Wheel or All-Wheel Drive,18.3116666666667,Ford,Automatic 6-spd,6.0,3.5
17786,Sport Utility Vehicle - 4WD,Regular,4-Wheel or All-Wheel Drive,21.974,Ford,Automatic 5-spd,6.0,4.0
17787,Sport Utility Vehicle - 4WD,Regular,4-Wheel or All-Wheel Drive,20.600625,Ford,Automatic 6-spd,8.0,4.6
17788,Sport Utility Vehicle - 4WD,Regular,4-Wheel or All-Wheel Drive,18.3116666666667,Ford,Automatic 6-spd,6.0,3.5
17789,Sport Utility Vehicle - 4WD,Regular,4-Wheel or All-Wheel Drive,14.9822727272727,Honda,Automatic 5-spd,4.0,2.4
17790,Sport Utility Vehicle - 4WD,Regular,4-Wheel or All-Wheel Drive,21.974,Jeep,Automatic 5-spd,8.0,5.7
17791,Sport Utility Vehicle - 4WD,Regular,4-Wheel or All-Wheel Drive,21.974,Jeep,Automatic 5-spd,8.0,4.7
17792,Sport Utility Vehicle - 4WD,Regular,4-Wheel or All-Wheel Drive,13.1844,Jeep,Manual 5-spd,4.0,2.4
17793,Vans,Regular,Rear-Wheel Drive,21.974,Chevrolet,Automatic 4-spd,8.0,5.0
17794,Sport Utility Vehicle - 4WD,Regular,4-Wheel or All-Wheel Drive,14.9822727272727,Jeep,Automatic (variable gear ratios),4.0,2.4
17795,Sport Utility Vehicle - 4WD,Premium,4-Wheel or All-Wheel Drive,27.4675,Jeep,Automatic 5-spd,8.0,6.1
17796,Sport Utility Vehicle - 4WD,Regular,4-Wheel or All-Wheel Drive,21.974,Jeep,Automatic 5-spd,8.0,5.7
17797,Sport Utility Vehicle - 4WD,Regular,4-Wheel or All-Wheel Drive,21.974,Jeep,Automatic 5-spd,8.0,4.7
17798,Sport Utility Vehicle - 4WD,Regular,4-Wheel or All-Wheel Drive,19.3888235294118,Jeep,Automatic 4-spd,6.0,3.7
17799,Sport Utility Vehicle - 4WD,Regular,4-Wheel or All-Wheel Drive,13.1844,Jeep,Manual 5-spd,4.0,2.4
17800,Sport Utility Vehicle - 4WD,Regular,4-Wheel or All-Wheel Drive,15.6957142857143,Jeep,Automatic (variable gear ratios),4.0,2.4
17801,Sport Utility Vehicle - 4WD,Regular,4-Wheel or All-Wheel Drive,14.9822727272727,Jeep,Automatic (variable gear ratios),4.0,2.4
17802,Sport Utility Vehicle - 4WD,Regular,4-Wheel or All-Wheel Drive,20.600625,Jeep,Manual 6-spd,6.0,3.8
17803,Sport Utility Vehicle - 4WD,Regular,4-Wheel or All-Wheel Drive,19.3888235294118,Jeep,Automatic 4-spd,6.0,3.8
17804,Vans,Regular,Rear-Wheel Drive,21.974,Chevrolet,Manual 3-spd,8.0,5.0
17805,Sport Utility Vehicle - 4WD,Premium,4-Wheel or All-Wheel Drive,21.974,Lexus,Automatic 5-spd,8.0,4.7
17806,Sport Utility Vehicle - 4WD,Premium,4-Wheel or All-Wheel Drive,23.5435714285714,Lexus,Automatic (S6),8.0,5.7
17807,Sport Utility Vehicle - 4WD,Regular,4-Wheel or All-Wheel Drive,18.3116666666667,Lincoln,Automatic 6-spd,6.0,3.5
17808,Sport Utility Vehicle - 4WD,Premium,4-Wheel or All-Wheel Drive,19.3888235294118,Mercedes-Benz,Automatic 7-spd,6.0,3.5
17809,Sport Utility Vehicle - 4WD,Premium,4-Wheel or All-Wheel Drive,27.4675,Mercedes-Benz,Automatic (S7),8.0,6.2
17810,Sport Utility Vehicle - 4WD,Diesel,4-Wheel or All-Wheel Drive,19.10925,Mercedes-Benz,Automatic 7-spd,6.0,3.0
17811,Sport Utility Vehicle - 4WD,Premium,4-Wheel or All-Wheel Drive,20.600625,Mercedes-Benz,Automatic 7-spd,6.0,3.5
17812,Sport Utility Vehicle - 4WD,Regular,4-Wheel or All-Wheel Drive,21.974,Mercury,Automatic 5-spd,6.0,4.0
17813,Sport Utility Vehicle - 4WD,Regular,4-Wheel or All-Wheel Drive,20.600625,Mercury,Automatic 6-spd,8.0,4.6
17814,Sport Utility Vehicle - 4WD,Premium,4-Wheel or All-Wheel Drive,19.3888235294118,Mitsubishi,Automatic (S4),6.0,3.8
17815,Compact Cars,Regular,Front-Wheel Drive,18.3116666666667,Buick,Manual 4-spd,6.0,2.8
17816,Vans,Regular,Rear-Wheel Drive,21.974,Chevrolet,Manual 4-spd,8.0,5.0
17817,Sport Utility Vehicle - 4WD,Premium,4-Wheel or All-Wheel Drive,20.600625,Nissan,Automatic 5-spd,6.0,4.0
17818,Sport Utility Vehicle - 4WD,Premium,4-Wheel or All-Wheel Drive,23.5435714285714,Nissan,Automatic (S5),8.0,5.6
17819,Sport Utility Vehicle - 4WD,Regular,4-Wheel or All-Wheel Drive,14.3308695652174,Nissan,Automatic (variable gear ratios),4.0,2.5
17820,Sport Utility Vehicle - 4WD,Regular,4-Wheel or All-Wheel Drive,19.3888235294118,Nissan,Manual 6-spd,6.0,4.0
17821,Sport Utility Vehicle - 4WD,Regular,4-Wheel or All-Wheel Drive,19.3888235294118,Nissan,Automatic 5-spd,6.0,4.0
17822,Sport Utility Vehicle - 4WD,Regular,4-Wheel or All-Wheel Drive,15.6957142857143,Suzuki,Manual 5-spd,4.0,2.4
17823,Sport Utility Vehicle - 4WD,Regular,4-Wheel or All-Wheel Drive,16.4805,Suzuki,Automatic 4-spd,4.0,2.4
17824,Sport Utility Vehicle - 4WD,Regular,4-Wheel or All-Wheel Drive,17.3478947368421,Suzuki,Automatic 5-spd,6.0,3.2
17825,Sport Utility Vehicle - 4WD,Regular,4-Wheel or All-Wheel Drive,19.3888235294118,Toyota,Automatic 5-spd,6.0,4.0
17826,Sport Utility Vehicle - 4WD,Regular,4-Wheel or All-Wheel Drive,21.974,Toyota,Automatic 5-spd,8.0,4.7
17827,Vans,Diesel,Rear-Wheel Drive,20.115,Chevrolet,Automatic 4-spd,8.0,6.2
17828,Sport Utility Vehicle - 4WD,Premium,4-Wheel or All-Wheel Drive,20.600625,Toyota,Manual 6-spd,6.0,4.0
17829,Sport Utility Vehicle - 4WD,Premium,4-Wheel or All-Wheel Drive,19.3888235294118,Toyota,Automatic 5-spd,6.0,4.0
17830,Sport Utility Vehicle - 4WD,Regular,4-Wheel or All-Wheel Drive,21.974,Toyota,Automatic (S6),8.0,5.7
17831,Sport Utility Vehicle - 4WD,Regular,4-Wheel or All-Wheel Drive,13.73375,Toyota,Automatic 4-spd,4.0,2.5
17832,Sport Utility Vehicle - 4WD,Regular,4-Wheel or All-Wheel Drive,23.5435714285714,Toyota,Automatic (S5),8.0,4.7
17833,Sport Utility Vehicle - 4WD,Regular,4-Wheel or All-Wheel Drive,21.974,Toyota,Automatic (S6),8.0,5.7
17834,Sport Utility Vehicle - 4WD,Premium,4-Wheel or All-Wheel Drive,20.600625,Volkswagen,Automatic (S6),6.0,3.6
17835,Standard Pickup Trucks 2WD,Gasoline or E85,Rear-Wheel Drive,19.3888235294118,Chevrolet,Automatic 6-spd,8.0,5.3
17836,Sport Utility Vehicle - 2WD,Gasoline or E85,Rear-Wheel Drive,19.3888235294118,Chevrolet,Automatic 6-spd,8.0,5.3
17837,Sport Utility Vehicle - 2WD,Gasoline or E85,Rear-Wheel Drive,21.974,Chrysler,Automatic 5-spd,8.0,4.7
17838,Vans,Diesel,Rear-Wheel Drive,20.115,Chevrolet,Manual 4-spd,8.0,6.2
17839,Sport Utility Vehicle - 4WD,Gasoline or E85,4-Wheel or All-Wheel Drive,21.974,Chrysler,Automatic 5-spd,8.0,4.7
17840,Midsize Cars,Gasoline or E85,Front-Wheel Drive,14.9822727272727,Chrysler,Automatic 4-spd,6.0,2.7
17841,Compact Cars,Gasoline or E85,Front-Wheel Drive,15.6957142857143,Chrysler,Automatic 4-spd,6.0,2.7
17842,Minivan - 2WD,Gasoline or E85,Front-Wheel Drive,17.3478947368421,Chrysler,Automatic 4-spd,6.0,3.3
17843,Midsize Cars,Gasoline or E85,Front-Wheel Drive,14.9822727272727,Dodge,Automatic 4-spd,6.0,2.7
17844,Minivan - 2WD,Gasoline or E85,Front-Wheel Drive,17.3478947368421,Dodge,Automatic 4-spd,6.0,3.3
17845,Standard Pickup Trucks 2WD,Gasoline or E85,Rear-Wheel Drive,21.974,Dodge,Automatic 5-spd,8.0,4.7
17846,Standard Pickup Trucks 4WD,Gasoline or E85,4-Wheel or All-Wheel Drive,21.974,Dodge,Automatic 5-spd,8.0,4.7
17847,Sport Utility Vehicle - 2WD,Gasoline or E85,Rear-Wheel Drive,21.974,Dodge,Automatic 5-spd,8.0,4.7
17848,Sport Utility Vehicle - 4WD,Gasoline or E85,4-Wheel or All-Wheel Drive,21.974,Dodge,Automatic 5-spd,8.0,4.7
17849,Vans,Regular,Rear-Wheel Drive,20.600625,Chevrolet,Automatic 4-spd,6.0,4.3
17850,Standard Pickup Trucks 2WD,Gasoline or E85,Rear-Wheel Drive,21.974,Dodge,Automatic 5-spd,8.0,4.7
17851,Standard Pickup Trucks 4WD,Gasoline or E85,4-Wheel or All-Wheel Drive,21.974,Dodge,Automatic 5-spd,8.0,4.7
17852,Large Cars,Gasoline or E85,Rear-Wheel Drive,17.3478947368421,Ford,Automatic 4-spd,8.0,4.6
17853,Standard Pickup Trucks 2WD,Gasoline or E85,Rear-Wheel Drive,20.600625,Ford,Automatic 6-spd,8.0,5.4
17854,Standard Pickup Trucks 4WD,Gasoline or E85,4-Wheel or All-Wheel Drive,21.974,Ford,Automatic 6-spd,8.0,5.4
17855,Standard Pickup Trucks 2WD,Gasoline or E85,Rear-Wheel Drive,19.3888235294118,GMC,Automatic 6-spd,8.0,5.3
17856,Sport Utility Vehicle - 2WD,Gasoline or E85,Rear-Wheel Drive,19.3888235294118,GMC,Automatic 6-spd,8.0,5.3
17857,Sport Utility Vehicle - 2WD,Gasoline or E85,Rear-Wheel Drive,21.974,Jeep,Automatic 5-spd,8.0,4.7
17858,Sport Utility Vehicle - 4WD,Gasoline or E85,4-Wheel or All-Wheel Drive,21.974,Jeep,Automatic 5-spd,8.0,4.7
17859,Sport Utility Vehicle - 2WD,Gasoline or E85,Rear-Wheel Drive,21.974,Jeep,Automatic 5-spd,8.0,4.7
17860,Vans,Regular,Rear-Wheel Drive,21.974,Chevrolet,Manual 3-spd,6.0,4.3
17861,Sport Utility Vehicle - 4WD,Gasoline or E85,4-Wheel or All-Wheel Drive,21.974,Jeep,Automatic 5-spd,8.0,4.7
17862,Large Cars,Gasoline or E85,Rear-Wheel Drive,17.3478947368421,Mercury,Automatic 4-spd,8.0,4.6
17863,Large Cars,Gasoline or E85,Rear-Wheel Drive,17.3478947368421,Lincoln,Automatic 4-spd,8.0,4.6
17864,Compact Cars,Premium or E85,Rear-Wheel Drive,15.6957142857143,Mercedes-Benz,Automatic 7-spd,6.0,3.0
17865,Compact Cars,Premium or E85,4-Wheel or All-Wheel Drive,16.4805,Mercedes-Benz,Automatic 7-spd,6.0,3.0
17866,Standard Pickup Trucks 2WD,Gasoline or E85,Rear-Wheel Drive,21.974,Mitsubishi,Automatic 5-spd,8.0,4.7
17867,Standard Pickup Trucks 4WD,Gasoline or E85,4-Wheel or All-Wheel Drive,21.974,Mitsubishi,Automatic 5-spd,8.0,4.7
17868,Sport Utility Vehicle - 4WD,Gasoline or E85,4-Wheel or All-Wheel Drive,23.5435714285714,Toyota,Automatic (S6),8.0,5.7
17869,Standard Pickup Trucks 4WD,Gasoline or E85,4-Wheel or All-Wheel Drive,21.974,Toyota,Automatic (S6),8.0,5.7
17870,Two Seaters,Premium,Rear-Wheel Drive,25.3546153846154,Mercedes-Benz,Automatic (S5),8.0,5.4
17871,Vans,Regular,Rear-Wheel Drive,25.3546153846154,Dodge,Automatic 3-spd,6.0,3.7
17872,Subcompact Cars,Premium,Front-Wheel Drive,13.73375,Honda,Manual 6-spd,4.0,2.0
17873,Compact Cars,Premium,Rear-Wheel Drive,14.3308695652174,Lexus,Automatic (S6),6.0,3.5
17874,Midsize Cars,Premium,Front-Wheel Drive,15.6957142857143,Acura,Automatic (S5),6.0,3.5
17875,Midsize Cars,Premium,4-Wheel or All-Wheel Drive,16.4805,Acura,Automatic (S5),6.0,3.7
17876,Midsize Cars,Premium,Rear-Wheel Drive,14.9822727272727,Lexus,Automatic (S6),6.0,3.5
17877,Midsize Cars,Premium,4-Wheel or All-Wheel Drive,16.4805,Lexus,Automatic (S6),6.0,3.5
17878,Midsize Cars,Premium,Rear-Wheel Drive,16.4805,Lexus,Automatic (S8),8.0,4.6
17879,Midsize Cars,Premium,Rear-Wheel Drive,17.3478947368421,Lexus,Automatic (S8),8.0,4.6
17880,Midsize Cars,Premium,4-Wheel or All-Wheel Drive,18.3116666666667,Lexus,Automatic (S8),8.0,4.6
17881,Midsize Cars,Premium,Rear-Wheel Drive,17.3478947368421,Lexus,Automatic (S8),8.0,4.6
17882,Vans,Regular,Rear-Wheel Drive,21.974,Dodge,Automatic 3-spd,6.0,3.7
17883,Midsize Cars,Premium,4-Wheel or All-Wheel Drive,18.3116666666667,Lexus,Automatic (S8),8.0,4.6
17884,Midsize Cars,Premium,4-Wheel or All-Wheel Drive,15.6957142857143,Lexus,Automatic (S8),8.0,5.0
17885,Midsize Cars,Regular,Front-Wheel Drive,12.6773076923077,Nissan,Automatic (variable gear ratios),4.0,2.5
17886,Midsize Cars,Premium,Front-Wheel Drive,13.73375,Nissan,Manual 6-spd,4.0,2.5
17887,Large Cars,Premium,Rear-Wheel Drive,17.3478947368421,Infiniti,Automatic (S7),6.0,3.5
17888,Large Cars,Premium,4-Wheel or All-Wheel Drive,18.3116666666667,Infiniti,Automatic (S5),6.0,3.5
17889,Large Cars,Premium,Rear-Wheel Drive,18.3116666666667,Infiniti,Automatic (S5),8.0,4.5
17890,Large Cars,Premium,4-Wheel or All-Wheel Drive,20.600625,Infiniti,Automatic (S5),8.0,4.5
17891,Large Cars,Premium,Rear-Wheel Drive,27.4675,Maybach,Automatic 5-spd,12.0,5.5
17892,Large Cars,Premium,Rear-Wheel Drive,27.4675,Maybach,Automatic 5-spd,12.0,6.0
17893,Vans,Regular,Rear-Wheel Drive,23.5435714285714,Dodge,Manual 4-spd,6.0,3.7
17894,Large Cars,Premium,Rear-Wheel Drive,27.4675,Maybach,Automatic 5-spd,12.0,5.5
17895,Large Cars,Premium,Rear-Wheel Drive,27.4675,Maybach,Automatic 5-spd,12.0,6.0
17896,Small Station Wagons,Premium,4-Wheel or All-Wheel Drive,16.4805,Mitsubishi,Automatic (S6),4.0,2.0
17897,Small Station Wagons,Regular,Front-Wheel Drive,14.9822727272727,Mitsubishi,Manual 5-spd,4.0,2.4
17898,Small Station Wagons,Regular,Front-Wheel Drive,14.3308695652174,Mitsubishi,Automatic (variable gear ratios),4.0,2.4
17899,Small Pickup Trucks 2WD,Regular,Rear-Wheel Drive,15.6957142857143,Suzuki,Manual 5-spd,4.0,2.5
17900,Small Pickup Trucks 2WD,Regular,Rear-Wheel Drive,17.3478947368421,Suzuki,Automatic 5-spd,4.0,2.5
17901,Small Pickup Trucks 2WD,Regular,Rear-Wheel Drive,19.3888235294118,Suzuki,Automatic 5-spd,6.0,4.0
17902,Small Pickup Trucks 4WD,Regular,4-Wheel or All-Wheel Drive,20.600625,Suzuki,Automatic 5-spd,6.0,4.0
17903,Minivan - 2WD,Premium,Front-Wheel Drive,17.3478947368421,Nissan,Automatic 5-spd,6.0,3.5
17904,Vans,Regular,Rear-Wheel Drive,20.600625,Dodge,Manual 4-spd,6.0,3.7
17905,Sport Utility Vehicle - 2WD,Regular,Front-Wheel Drive,16.4805,Honda,Manual 5-spd,4.0,2.4
17906,Sport Utility Vehicle - 2WD,Regular,Front-Wheel Drive,14.9822727272727,Honda,Automatic 5-spd,4.0,2.4
17907,Sport Utility Vehicle - 2WD,Regular,Front-Wheel Drive,14.9822727272727,Toyota,Automatic (S6),6.0,3.5
17908,Sport Utility Vehicle - 4WD,Premium,4-Wheel or All-Wheel Drive,20.600625,BMW,Automatic (S6),8.0,4.8
17909,Sport Utility Vehicle - 4WD,Regular,4-Wheel or All-Wheel Drive,16.4805,Honda,Manual 5-spd,4.0,2.4
17910,Sport Utility Vehicle - 4WD,Regular,4-Wheel or All-Wheel Drive,15.6957142857143,Honda,Automatic 5-spd,4.0,2.4
17911,Sport Utility Vehicle - 4WD,Premium,4-Wheel or All-Wheel Drive,27.4675,Mercedes-Benz,Automatic 5-spd,8.0,5.4
17912,Sport Utility Vehicle - 4WD,Diesel,4-Wheel or All-Wheel Drive,20.115,Mercedes-Benz,Automatic 7-spd,6.0,3.0
17913,Sport Utility Vehicle - 4WD,Diesel,4-Wheel or All-Wheel Drive,19.10925,Mercedes-Benz,Automatic 7-spd,6.0,3.0
17914,Sport Utility Vehicle - 4WD,Regular,4-Wheel or All-Wheel Drive,12.6773076923077,Toyota,Automatic (variable gear ratios),6.0,3.3
17915,Vans,Regular,Rear-Wheel Drive,27.4675,Dodge,Automatic 3-spd,8.0,5.2
17916,Sport Utility Vehicle - 4WD,Regular,4-Wheel or All-Wheel Drive,15.6957142857143,Toyota,Automatic (S6),6.0,3.5
17917,Sport Utility Vehicle - 2WD,Gasoline or E85,Rear-Wheel Drive,20.600625,Ford,Automatic 6-spd,8.0,5.4
17918,Sport Utility Vehicle - 2WD,Gasoline or E85,Rear-Wheel Drive,20.600625,Lincoln,Automatic 6-spd,8.0,5.4
17919,Two Seaters,Premium,Rear-Wheel Drive,9.15583333333333,smart,Automatic (AM5),3.0,1.0
17920,Two Seaters,Premium,Rear-Wheel Drive,9.15583333333333,smart,Automatic (AM5),3.0,1.0
17921,Two Seaters,Premium,Rear-Wheel Drive,20.600625,Dodge,Manual 6-spd,10.0,8.4
17922,Two Seaters,Premium,Rear-Wheel Drive,20.600625,Dodge,Manual 6-spd,10.0,8.4
17923,Subcompact Cars,Regular,Front-Wheel Drive,11.3658620689655,Chevrolet,Manual 5-spd,4.0,2.2
17924,Subcompact Cars,Premium,Rear-Wheel Drive,15.6957142857143,Infiniti,Automatic (S7),6.0,3.7
17925,Subcompact Cars,Premium,Rear-Wheel Drive,16.4805,Infiniti,Manual 6-spd,6.0,3.7
17926,Compact Cars,Regular,Front-Wheel Drive,13.73375,Buick,Automatic 3-spd,4.0,2.5
17927,Vans,Regular,Rear-Wheel Drive,25.3546153846154,Dodge,Automatic 3-spd,8.0,5.2
17928,Subcompact Cars,Premium,4-Wheel or All-Wheel Drive,16.4805,Infiniti,Automatic (S7),6.0,3.7
17929,Subcompact Cars,Regular,Front-Wheel Drive,14.9822727272727,Saab,Manual 6-spd,4.0,2.0
17930,Subcompact Cars,Regular,Front-Wheel Drive,14.9822727272727,Saab,Automatic (S5),4.0,2.0
17931,Compact Cars,Regular,4-Wheel or All-Wheel Drive,15.6957142857143,Saab,Manual 6-spd,4.0,2.0
17932,Compact Cars,Regular,4-Wheel or All-Wheel Drive,15.6957142857143,Saab,Automatic (S6),4.0,2.0
17933,Compact Cars,Regular,Front-Wheel Drive,14.3308695652174,Saab,Manual 6-spd,4.0,2.0
17934,Compact Cars,Regular,Front-Wheel Drive,14.9822727272727,Saab,Automatic (S5),4.0,2.0
17935,Midsize Cars,Premium,Rear-Wheel Drive,15.6957142857143,Infiniti,Automatic (S7),6.0,3.7
17936,Midsize Cars,Premium,Rear-Wheel Drive,16.4805,Infiniti,Manual 6-spd,6.0,3.7
17937,Midsize Cars,Premium,4-Wheel or All-Wheel Drive,16.4805,Infiniti,Automatic (S7),6.0,3.7
17938,Vans,Regular,Rear-Wheel Drive,25.3546153846154,Dodge,Automatic 3-spd,8.0,5.2
17939,Midsize Cars,Regular,Front-Wheel Drive,15.6957142857143,Saab,Manual 5-spd,4.0,2.3
17940,Midsize Cars,Regular,Front-Wheel Drive,16.4805,Saab,Automatic (S5),4.0,2.3
17941,Small Station Wagons,Regular,4-Wheel or All-Wheel Drive,15.6957142857143,Saab,Manual 6-spd,4.0,2.0
17942,Small Station Wagons,Regular,4-Wheel or All-Wheel Drive,15.6957142857143,Saab,Automatic (S6),4.0,2.0
17943,Small Station Wagons,Regular,Front-Wheel Drive,14.3308695652174,Saab,Manual 6-spd,4.0,2.0
17944,Small Station Wagons,Regular,Front-Wheel Drive,14.9822727272727,Saab,Automatic (S5),4.0,2.0
17945,Midsize Station Wagons,Regular,Front-Wheel Drive,15.6957142857143,Saab,Manual 5-spd,4.0,2.3
17946,Midsize Station Wagons,Regular,Front-Wheel Drive,16.4805,Saab,Automatic (S5),4.0,2.3
17947,Standard Pickup Trucks 2WD,Regular,Rear-Wheel Drive,19.3888235294118,Ford,Automatic 6-spd,8.0,4.6
17948,Sport Utility Vehicle - 4WD,Premium,4-Wheel or All-Wheel Drive,19.3888235294118,BMW,Automatic (S6),6.0,3.0
17949,Vans,Regular,Rear-Wheel Drive,23.5435714285714,Dodge,Manual 4-spd,8.0,5.2
17950,Sport Utility Vehicle - 4WD,Premium,4-Wheel or All-Wheel Drive,21.974,BMW,Automatic (S6),8.0,4.4
17951,Sport Utility Vehicle - 4WD,Regular,4-Wheel or All-Wheel Drive,15.6957142857143,Dodge,Automatic 4-spd,8.0,5.7
17952,Sport Utility Vehicle - 4WD,Regular,4-Wheel or All-Wheel Drive,15.6957142857143,Chrysler,Automatic 4-spd,8.0,5.7
17953,Two Seaters,Premium,Rear-Wheel Drive,15.6957142857143,Nissan,Automatic (S7),6.0,3.7
17954,Two Seaters,Premium,Rear-Wheel Drive,15.6957142857143,Nissan,Manual 6-spd,6.0,3.7
17955,Small Station Wagons,Premium,Rear-Wheel Drive,17.3478947368421,Infiniti,Automatic (S5),6.0,3.5
17956,Small Station Wagons,Premium,4-Wheel or All-Wheel Drive,17.3478947368421,Infiniti,Automatic (S5),6.0,3.5
17957,Minicompact Cars,Premium,Rear-Wheel Drive,17.3478947368421,Jaguar,Automatic (S6),8.0,5.0
17958,Minicompact Cars,Premium,Rear-Wheel Drive,19.3888235294118,Jaguar,Automatic (S6),8.0,5.0
17959,Minicompact Cars,Premium,Rear-Wheel Drive,18.3116666666667,Jaguar,Automatic (S6),8.0,5.0
17960,Vans,Regular,Rear-Wheel Drive,25.3546153846154,Dodge,Manual 4-spd,8.0,5.2
17961,Two Seaters,Regular,Rear-Wheel Drive,14.9822727272727,Pontiac,Automatic 5-spd,4.0,2.0
17962,Two Seaters,Regular,Rear-Wheel Drive,14.3308695652174,Pontiac,Manual 5-spd,4.0,2.0
17963,Two Seaters,Regular,Rear-Wheel Drive,15.6957142857143,Pontiac,Automatic 5-spd,4.0,2.4
17964,Two Seaters,Regular,Rear-Wheel Drive,14.9822727272727,Pontiac,Manual 5-spd,4.0,2.4
17965,Two Seaters,Regular,Rear-Wheel Drive,14.9822727272727,Saturn,Automatic 5-spd,4.0,2.0
17966,Two Seaters,Regular,Rear-Wheel Drive,14.3308695652174,Saturn,Manual 5-spd,4.0,2.0
17967,Two Seaters,Regular,Rear-Wheel Drive,15.6957142857143,Saturn,Automatic 5-spd,4.0,2.4
17968,Two Seaters,Regular,Rear-Wheel Drive,14.9822727272727,Saturn,Manual 5-spd,4.0,2.4
17969,Subcompact Cars,Premium,All-Wheel Drive,19.3888235294118,Audi,Manual 6-spd,8.0,4.2
17970,Subcompact Cars,Premium,All-Wheel Drive,17.3478947368421,Audi,Automatic (S6),8.0,4.2
17971,Vans,Regular,Rear-Wheel Drive,29.9645454545455,Dodge,Automatic 3-spd,8.0,5.9
17972,Subcompact Cars,Premium,Rear-Wheel Drive,18.3116666666667,BMW,Manual 6-spd,8.0,4.8
17973,Subcompact Cars,Premium,Rear-Wheel Drive,18.3116666666667,BMW,Automatic (S6),8.0,4.8
17974,Subcompact Cars,Premium,Rear-Wheel Drive,20.600625,BMW,Manual 6-spd,8.0,4.8
17975,Subcompact Cars,Premium,Rear-Wheel Drive,18.3116666666667,BMW,Automatic (S6),8.0,4.8
17976,Subcompact Cars,Premium,Rear-Wheel Drive,25.3546153846154,BMW,Manual 6-spd,10.0,5.0
17977,Subcompact Cars,Premium,Rear-Wheel Drive,25.3546153846154,BMW,Automatic (S7),10.0,5.0
17978,Subcompact Cars,Premium,Rear-Wheel Drive,25.3546153846154,BMW,Manual 6-spd,10.0,5.0
17979,Subcompact Cars,Premium,Rear-Wheel Drive,25.3546153846154,BMW,Automatic (S7),10.0,5.0
17980,Subcompact Cars,Regular,Rear-Wheel Drive,17.3478947368421,Ford,Automatic 5-spd,6.0,4.0
17981,Subcompact Cars,Regular,Rear-Wheel Drive,15.6957142857143,Ford,Manual 5-spd,6.0,4.0
17982,Vans,Regular,Rear-Wheel Drive,25.3546153846154,Dodge,Automatic 3-spd,8.0,5.2
17983,Subcompact Cars,Regular,Rear-Wheel Drive,17.3478947368421,Ford,Automatic 5-spd,8.0,4.6
17984,Subcompact Cars,Regular,Rear-Wheel Drive,17.3478947368421,Ford,Manual 5-spd,8.0,4.6
17985,Subcompact Cars,Premium,Rear-Wheel Drive,19.3888235294118,Ford,Manual 6-spd,8.0,5.4
17986,Subcompact Cars,Regular,Rear-Wheel Drive,14.3308695652174,Hyundai,Automatic 5-spd,4.0,2.0
17987,Subcompact Cars,Regular,Rear-Wheel Drive,13.73375,Hyundai,Manual 6-spd,4.0,2.0
17988,Subcompact Cars,Regular,Rear-Wheel Drive,15.6957142857143,Hyundai,Automatic 6-spd,6.0,3.8
17989,Subcompact Cars,Regular,Rear-Wheel Drive,16.4805,Hyundai,Manual 6-spd,6.0,3.8
17990,Subcompact Cars,Premium,Rear-Wheel Drive,15.6957142857143,Lexus,Manual 6-spd,6.0,2.5
17991,Subcompact Cars,Premium,Rear-Wheel Drive,13.73375,Lexus,Automatic (S6),6.0,2.5
17992,Subcompact Cars,Premium,Rear-Wheel Drive,16.4805,Lexus,Automatic (S6),6.0,3.5
17993,Vans,Regular,Rear-Wheel Drive,27.4675,Dodge,Automatic 3-spd,8.0,5.2
17994,Subcompact Cars,Premium,4-Wheel Drive,19.3888235294118,Nissan,Auto(AM6),6.0,3.8
17995,Subcompact Cars,Premium,Rear-Wheel Drive,19.3888235294118,Roush Performance,Automatic 5-spd,8.0,4.6
17996,Subcompact Cars,Premium,Rear-Wheel Drive,18.3116666666667,Roush Performance,Manual 5-spd,8.0,4.6
17997,Subcompact Cars,Regular,Front-Wheel Drive,13.73375,Scion,Automatic 4-spd,4.0,2.4
17998,Subcompact Cars,Regular,Front-Wheel Drive,14.3308695652174,Scion,Manual 5-spd,4.0,2.4
17999,Compact Cars,Regular,Front-Wheel Drive,8.03926829268293,Honda,Auto(AV-S7),4.0,1.3
18000,Compact Cars,Regular,Front-Wheel Drive,8.03926829268293,Honda,Automatic (variable gear ratios),4.0,1.3
18001,Compact Cars,Regular,Front-Wheel Drive,10.987,Kia,Automatic 5-spd,4.0,2.0
18002,Compact Cars,Regular,Front-Wheel Drive,11.7717857142857,Kia,Automatic 4-spd,4.0,2.0
18003,Compact Cars,Regular,Front-Wheel Drive,11.7717857142857,Kia,Manual 5-spd,4.0,2.0
18004,Vans,Regular,Rear-Wheel Drive,29.9645454545455,Dodge,Automatic 3-spd,8.0,5.9
18005,Compact Cars,Regular,Front-Wheel Drive,12.6773076923077,Kia,Automatic 5-spd,4.0,2.4
18006,Compact Cars,Regular,Front-Wheel Drive,12.6773076923077,Kia,Manual 6-spd,4.0,2.4
18007,Compact Cars,Regular,Front-Wheel Drive,11.7717857142857,Mazda,Manual 5-spd,4.0,2.0
18008,Compact Cars,Regular,Front-Wheel Drive,12.2077777777778,Mazda,Automatic (S5),4.0,2.0
18009,Compact Cars,Regular,Front-Wheel Drive,13.73375,Mazda,Manual 6-spd,4.0,2.5
18010,Compact Cars,Regular,Front-Wheel Drive,13.1844,Mazda,Automatic (S5),4.0,2.5
18011,Compact Cars,Regular,Front-Wheel Drive,11.3658620689655,Toyota,Automatic 4-spd,4.0,1.8
18012,Compact Cars,Regular,Front-Wheel Drive,10.987,Toyota,Manual 5-spd,4.0,1.8
18013,Compact Cars,Regular,Front-Wheel Drive,13.1844,Toyota,Manual 5-spd,4.0,2.4
18014,Compact Cars,Regular,Front-Wheel Drive,13.1844,Toyota,Automatic (S5),4.0,2.4
18015,Vans,Regular,Rear-Wheel Drive,17.3478947368421,Ford,Automatic 4-spd,4.0,2.3
18016,Midsize Cars,Premium,All-Wheel Drive,18.3116666666667,Audi,Automatic (S6),8.0,4.2
18017,Midsize Cars,Premium,All-Wheel Drive,18.3116666666667,Audi,Automatic (S6),8.0,4.2
18018,Midsize Cars,Premium,Rear-Wheel Drive,14.9822727272727,BMW,Manual 6-spd,6.0,3.0
18019,Midsize Cars,Premium,Rear-Wheel Drive,15.6957142857143,BMW,Automatic (S6),6.0,3.0
18020,Midsize Cars,Premium,All-Wheel Drive,16.4805,BMW,Automatic (S6),6.0,3.0
18021,Midsize Cars,Premium,All-Wheel Drive,16.4805,BMW,Manual 6-spd,6.0,3.0
18022,Midsize Cars,Premium,Rear-Wheel Drive,16.4805,BMW,Automatic (S6),6.0,3.0
18023,Midsize Cars,Premium,Rear-Wheel Drive,16.4805,BMW,Manual 6-spd,6.0,3.0
18024,Midsize Cars,Premium,All-Wheel Drive,17.3478947368421,BMW,Manual 6-spd,6.0,3.0
18025,Midsize Cars,Premium,All-Wheel Drive,16.4805,BMW,Automatic (S6),6.0,3.0
18026,Vans,Regular,Rear-Wheel Drive,13.73375,Ford,Manual 5-spd,4.0,2.3
18027,Midsize Cars,Premium,Rear-Wheel Drive,18.3116666666667,BMW,Manual 6-spd,8.0,4.8
18028,Midsize Cars,Premium,Rear-Wheel Drive,18.3116666666667,BMW,Automatic (S6),8.0,4.8
18029,Midsize Cars,Premium,Rear-Wheel Drive,25.3546153846154,BMW,Manual 6-spd,10.0,5.0
18030,Midsize Cars,Premium,Rear-Wheel Drive,25.3546153846154,BMW,Automatic (S7),10.0,5.0
18031,Midsize Cars,Regular,Rear-Wheel Drive,17.3478947368421,Cadillac,Manual 6-spd,6.0,3.6
18032,Midsize Cars,Regular,Rear-Wheel Drive,15.6957142857143,Cadillac,Automatic (S6),6.0,3.6
18033,Midsize Cars,Regular,All-Wheel Drive,15.6957142857143,Cadillac,Automatic (S6),6.0,3.6
18034,Midsize Cars,Regular,Rear-Wheel Drive,15.6957142857143,Cadillac,Automatic (S6),6.0,3.6
18035,Midsize Cars,Regular,All-Wheel Drive,15.6957142857143,Cadillac,Automatic (S6),6.0,3.6
18036,Midsize Cars,Regular,All-Wheel Drive,17.3478947368421,Ford,Automatic (S6),6.0,3.5
18037,Compact Cars,Regular,Front-Wheel Drive,13.1844,Buick,Manual 5-spd,4.0,2.5
18038,Vans,Regular,Rear-Wheel Drive,19.3888235294118,Ford,Automatic 4-spd,6.0,2.8
18039,Midsize Cars,Gasoline or E85,All-Wheel Drive,15.6957142857143,Ford,Automatic (S6),6.0,3.0
18040,Midsize Cars,Regular,Front-Wheel Drive,13.1844,Ford,Automatic 6-spd,4.0,2.5
18041,Midsize Cars,Regular,Front-Wheel Drive,13.73375,Ford,Manual 6-spd,4.0,2.5
18042,Midsize Cars,Regular,Front-Wheel Drive,15.6957142857143,Ford,Automatic (S6),6.0,3.5
18043,Midsize Cars,Gasoline or E85,Front-Wheel Drive,14.9822727272727,Ford,Automatic (A6),6.0,3.0
18044,Midsize Cars,Regular,Front-Wheel Drive,8.45153846153846,Ford,Automatic (variable gear ratios),4.0,2.5
18045,Midsize Cars,Regular,Front-Wheel Drive,12.2077777777778,Ford,Automatic 6-spd,4.0,2.5
18046,Midsize Cars,Regular,Front-Wheel Drive,13.1844,Ford,Manual 6-spd,4.0,2.5
18047,Midsize Cars,Premium,Rear-Wheel Drive,17.3478947368421,Jaguar,Automatic (S6),8.0,4.2
18048,Midsize Cars,Premium,Rear-Wheel Drive,17.3478947368421,Jaguar,Automatic (S6),8.0,5.0
18049,Vans,Regular,Rear-Wheel Drive,18.3116666666667,Ford,Manual 5-spd,6.0,2.8
18050,Midsize Cars,Premium,Rear-Wheel Drive,19.3888235294118,Jaguar,Automatic (S6),8.0,5.0
18051,Midsize Cars,Gasoline or E85,All-Wheel Drive,15.6957142857143,Mercury,Automatic (S6),6.0,3.0
18052,Midsize Cars,Regular,Front-Wheel Drive,13.1844,Mercury,Automatic 6-spd,4.0,2.5
18053,Midsize Cars,Regular,Front-Wheel Drive,13.73375,Mercury,Manual 6-spd,4.0,2.5
18054,Midsize Cars,Gasoline or E85,Front-Wheel Drive,14.9822727272727,Mercury,Automatic (A6),6.0,3.0
18055,Midsize Cars,Regular,Front-Wheel Drive,8.45153846153846,Mercury,Automatic (variable gear ratios),4.0,2.5
18056,Midsize Cars,Regular,Front-Wheel Drive,12.2077777777778,Mercury,Automatic 6-spd,4.0,2.5
18057,Midsize Cars,Regular,Front-Wheel Drive,13.1844,Mercury,Manual 6-spd,4.0,2.5
18058,Midsize Cars,Regular,All-Wheel Drive,17.3478947368421,Lincoln,Automatic (S6),6.0,3.5
18059,Midsize Cars,Regular,Front-Wheel Drive,15.6957142857143,Lincoln,Automatic (S6),6.0,3.5
18060,Vans,Regular,Rear-Wheel Drive,17.3478947368421,Ford,Manual 5-spd,6.0,3.0
18061,Midsize Cars,Premium,Front-Wheel Drive,15.6957142857143,Mazda,Manual 6-spd,4.0,2.3
18062,Midsize Cars,Regular,Front-Wheel Drive,12.6773076923077,Toyota,Manual 6-spd,4.0,2.5
18063,Midsize Cars,Regular,Front-Wheel Drive,12.6773076923077,Toyota,Automatic (S6),4.0,2.5
18064,Midsize Cars,Regular,Front-Wheel Drive,14.3308695652174,Toyota,Automatic (S6),6.0,3.5
18065,Midsize Cars,Regular,Front-Wheel Drive,9.69441176470588,Toyota,Automatic (variable gear ratios),4.0,2.4
18066,Midsize Cars,Regular,Front-Wheel Drive,6.5922,Toyota,Automatic (variable gear ratios),4.0,1.8
18067,Large Cars,Premium,All-Wheel Drive,18.3116666666667,Audi,Automatic (S6),8.0,4.2
18068,Compact Cars,Regular,Rear-Wheel Drive,15.6957142857143,Chevrolet,Manual 6-spd,6.0,3.6
18069,Compact Cars,Regular,Rear-Wheel Drive,14.9822727272727,Chevrolet,Automatic (S6),6.0,3.6
18070,Compact Cars,Regular,Rear-Wheel Drive,17.3478947368421,Chevrolet,Manual 6-spd,8.0,6.2
18071,Vans,Regular,Rear-Wheel Drive,18.3116666666667,Ford,Automatic 4-spd,6.0,3.0
18072,Compact Cars,Regular,Rear-Wheel Drive,17.3478947368421,Chevrolet,Automatic (S6),8.0,6.2
18073,Large Cars,Regular,Front-Wheel Drive,13.1844,Hyundai,Automatic 5-spd,4.0,2.4
18074,Large Cars,Regular,Front-Wheel Drive,13.1844,Hyundai,Manual 5-spd,4.0,2.4
18075,Large Cars,Regular,Front-Wheel Drive,14.9822727272727,Hyundai,Automatic 5-spd,6.0,3.3
18076,Large Cars,Regular,All-Wheel Drive,17.3478947368421,Lincoln,Automatic 6-spd,6.0,3.5
18077,Large Cars,Regular,Front-Wheel Drive,17.3478947368421,Lincoln,Automatic 6-spd,6.0,3.5
18078,Small Station Wagons,Regular,Rear-Wheel Drive,15.6957142857143,Cadillac,Automatic (S6),6.0,3.6
18079,Small Station Wagons,Regular,All-Wheel Drive,15.6957142857143,Cadillac,Automatic (S6),6.0,3.6
18080,Small Station Wagons,Regular,Front-Wheel Drive,11.7717857142857,Kia,Automatic 4-spd,4.0,1.6
18081,Small Station Wagons,Regular,Front-Wheel Drive,11.7717857142857,Kia,Manual 5-spd,4.0,1.6
18082,Vans,Regular,Rear-Wheel Drive,21.974,Ford,Automatic 3-spd,6.0,4.9
18083,Small Station Wagons,Regular,Front-Wheel Drive,12.6773076923077,Kia,Automatic 4-spd,4.0,2.0
18084,Small Station Wagons,Regular,Front-Wheel Drive,12.6773076923077,Kia,Manual 5-spd,4.0,2.0
18085,Small Station Wagons,Regular,Front-Wheel Drive,11.7717857142857,Pontiac,Automatic 4-spd,4.0,1.8
18086,Small Station Wagons,Regular,Front-Wheel Drive,11.7717857142857,Pontiac,Manual 5-spd,4.0,1.8
18087,Small Station Wagons,Regular,All-Wheel Drive,14.9822727272727,Pontiac,Automatic 4-spd,4.0,2.4
18088,Small Station Wagons,Regular,Front-Wheel Drive,13.73375,Pontiac,Manual 5-spd,4.0,2.4
18089,Small Station Wagons,Regular,Front-Wheel Drive,13.73375,Pontiac,Automatic (S5),4.0,2.4
18090,Small Station Wagons,Regular,Front-Wheel Drive,11.7717857142857,Toyota,Automatic 4-spd,4.0,1.8
18091,Small Station Wagons,Regular,Front-Wheel Drive,11.7717857142857,Toyota,Manual 5-spd,4.0,1.8
18092,Small Station Wagons,Regular,All-Wheel Drive,14.9822727272727,Toyota,Automatic 4-spd,4.0,2.4
18093,Vans,Regular,Rear-Wheel Drive,20.600625,Ford,Automatic 4-spd,6.0,4.9
18094,Small Station Wagons,Regular,Front-Wheel Drive,13.73375,Toyota,Manual 5-spd,4.0,2.4
18095,Small Station Wagons,Regular,Front-Wheel Drive,13.73375,Toyota,Automatic (S5),4.0,2.4
18096,Small Station Wagons,Regular,Front-Wheel Drive,13.73375,Scion,Manual 5-spd,4.0,2.4
18097,Small Station Wagons,Regular,Front-Wheel Drive,13.73375,Scion,Automatic (S4),4.0,2.4
18098,Midsize Station Wagons,Premium,All-Wheel Drive,18.3116666666667,BMW,Manual 6-spd,6.0,3.0
18099,Midsize Station Wagons,Premium,All-Wheel Drive,17.3478947368421,BMW,Automatic (S6),6.0,3.0
18100,Standard Pickup Trucks 2WD,Regular,Rear-Wheel Drive,20.600625,Toyota,Automatic (S5),6.0,4.0
18101,Standard Pickup Trucks 2WD,Regular,Rear-Wheel Drive,19.3888235294118,Toyota,Automatic (S6),8.0,4.6
18102,Standard Pickup Trucks 2WD,Regular,Rear-Wheel Drive,20.600625,Toyota,Automatic (S6),8.0,5.7
18103,Standard Pickup Trucks 4WD,Regular,Part-time 4-Wheel Drive,20.600625,Toyota,Automatic (S6),8.0,4.6
18104,Vans,Regular,Rear-Wheel Drive,20.600625,Ford,Manual 3-spd,6.0,4.9
18105,Standard Pickup Trucks 4WD,Regular,Part-time 4-Wheel Drive,23.5435714285714,Toyota,Automatic (S6),8.0,5.7
18106,Standard Pickup Trucks 4WD,Gasoline or E85,Part-time 4-Wheel Drive,21.974,Toyota,Automatic (S6),8.0,5.7
18107,Special Purpose Vehicle 2WD,Regular,Front-Wheel Drive,14.3308695652174,Ford,Automatic 4-spd,4.0,2.0
18108,Minivan - 2WD,Regular,Front-Wheel Drive,17.3478947368421,Toyota,Automatic 5-spd,6.0,3.5
18109,Minivan - 4WD,Regular,All-Wheel Drive,18.3116666666667,Toyota,Automatic 5-spd,6.0,3.5
18110,Sport Utility Vehicle - 2WD,Regular,Front-Wheel Drive,17.3478947368421,Buick,Automatic 6-spd,6.0,3.6
18111,Sport Utility Vehicle - 2WD,Regular,Front-Wheel Drive,12.6773076923077,Chevrolet,Automatic 6-spd,4.0,2.4
18112,Sport Utility Vehicle - 2WD,Regular,Front-Wheel Drive,17.3478947368421,Chevrolet,Automatic 6-spd,6.0,3.6
18113,Sport Utility Vehicle - 2WD,Regular,Front-Wheel Drive,17.3478947368421,GMC,Automatic 6-spd,6.0,3.6
18114,Sport Utility Vehicle - 2WD,Regular,Front-Wheel Drive,12.6773076923077,GMC,Automatic 6-spd,4.0,2.4
18115,Vans,Regular,Rear-Wheel Drive,16.4805,Ford,Manual 4-spd,6.0,4.9
18116,Sport Utility Vehicle - 2WD,Regular,Rear-Wheel Drive,18.3116666666667,Kia,Automatic 5-spd,6.0,3.8
18117,Sport Utility Vehicle - 2WD,Regular,Rear-Wheel Drive,18.3116666666667,Kia,Automatic 6-spd,8.0,4.6
18118,Sport Utility Vehicle - 2WD,Premium,Front-Wheel Drive,15.6957142857143,Lexus,Automatic (S6),6.0,3.5
18119,Sport Utility Vehicle - 2WD,Premium,Front-Wheel Drive,10.987,Lexus,Automatic (AV-S6),6.0,3.5
18120,Sport Utility Vehicle - 2WD,Premium,Front-Wheel Drive,15.6957142857143,Mazda,Automatic (S6),4.0,2.3
18121,Sport Utility Vehicle - 2WD,Regular,Rear-Wheel Drive,23.5435714285714,Nissan,Automatic 5-spd,8.0,5.6
18122,Sport Utility Vehicle - 2WD,Gasoline or E85,Rear-Wheel Drive,21.974,Nissan,Automatic 5-spd,8.0,5.6
18123,Sport Utility Vehicle - 2WD,Regular,Front-Wheel Drive,17.3478947368421,Saturn,Automatic 6-spd,6.0,3.6
18124,Sport Utility Vehicle - 2WD,Regular,Rear-Wheel Drive,20.600625,Toyota,Automatic (S6),8.0,4.6
18125,Vans,Regular,Rear-Wheel Drive,23.5435714285714,Ford,Automatic 4-spd,8.0,5.0
18126,Sport Utility Vehicle - 2WD,Regular,Rear-Wheel Drive,21.974,Toyota,Automatic (S6),8.0,5.7
18127,Sport Utility Vehicle - 4WD,Premium,All-Wheel Drive,21.974,Audi,Automatic (S6),8.0,4.2
18128,Sport Utility Vehicle - 4WD,Regular,All-Wheel Drive,18.3116666666667,Buick,Automatic 6-spd,6.0,3.6
18129,Sport Utility Vehicle - 4WD,Regular,All-Wheel Drive,14.3308695652174,Chevrolet,Automatic 6-spd,4.0,2.4
18130,Sport Utility Vehicle - 4WD,Regular,All-Wheel Drive,17.3478947368421,Chevrolet,Automatic 6-spd,6.0,3.6
18131,Sport Utility Vehicle - 4WD,Regular,All-Wheel Drive,17.3478947368421,GMC,Automatic 6-spd,6.0,3.6
18132,Sport Utility Vehicle - 4WD,Regular,All-Wheel Drive,14.3308695652174,GMC,Automatic 6-spd,4.0,2.4
18133,Sport Utility Vehicle - 4WD,Regular,4-Wheel Drive,18.3116666666667,Kia,Automatic 5-spd,6.0,3.8
18134,Sport Utility Vehicle - 4WD,Regular,4-Wheel Drive,19.3888235294118,Kia,Automatic 6-spd,8.0,4.6
18135,Sport Utility Vehicle - 4WD,Regular,4-Wheel Drive,19.3888235294118,Land Rover,Automatic (S6),6.0,3.2
18136,Vans,Regular,Rear-Wheel Drive,29.9645454545455,Ford,Automatic 3-spd,8.0,5.8
18137,Sport Utility Vehicle - 4WD,Premium,4-Wheel Drive,23.5435714285714,Land Rover,Automatic (S6),8.0,5.0
18138,Sport Utility Vehicle - 4WD,Premium,4-Wheel Drive,23.5435714285714,Land Rover,Automatic (S6),8.0,5.0
18139,Sport Utility Vehicle - 4WD,Premium,4-Wheel Drive,23.5435714285714,Land Rover,Automatic (S6),8.0,5.0
18140,Sport Utility Vehicle - 4WD,Premium,4-Wheel Drive,23.5435714285714,Land Rover,Automatic (S6),8.0,5.0
18141,Sport Utility Vehicle - 4WD,Premium,All-Wheel Drive,16.4805,Lexus,Automatic (S6),6.0,3.5
18142,Sport Utility Vehicle - 4WD,Premium,All-Wheel Drive,11.3658620689655,Lexus,Automatic (AV-S6),6.0,3.5
18143,Sport Utility Vehicle - 4WD,Premium,4-Wheel Drive,17.3478947368421,Mazda,Automatic (S6),4.0,2.3
18144,Sport Utility Vehicle - 4WD,Regular,4-Wheel Drive,23.5435714285714,Nissan,Automatic 5-spd,8.0,5.6
18145,Compact Cars,Regular,Front-Wheel Drive,16.4805,Buick,Automatic 3-spd,6.0,3.0
18146,Vans,Regular,Rear-Wheel Drive,23.5435714285714,Ford,Automatic 3-spd,6.0,4.9
18147,Sport Utility Vehicle - 4WD,Gasoline or E85,4-Wheel Drive,23.5435714285714,Nissan,Automatic 5-spd,8.0,5.6
18148,Sport Utility Vehicle - 4WD,Premium,All-Wheel Drive,20.600625,Porsche,Automatic 6-spd,6.0,3.6
18149,Sport Utility Vehicle - 4WD,Premium,All-Wheel Drive,20.600625,Porsche,Manual 6-spd,6.0,3.6
18150,Sport Utility Vehicle - 4WD,Premium,All-Wheel Drive,21.974,Porsche,Automatic 6-spd,8.0,4.8
18151,Sport Utility Vehicle - 4WD,Premium,All-Wheel Drive,25.3546153846154,Porsche,Manual 6-spd,8.0,4.8
18152,Sport Utility Vehicle - 4WD,Premium,All-Wheel Drive,21.974,Porsche,Automatic 6-spd,8.0,4.8
18153,Sport Utility Vehicle - 4WD,Premium,All-Wheel Drive,25.3546153846154,Porsche,Manual 6-spd,8.0,4.8
18154,Sport Utility Vehicle - 4WD,Premium,All-Wheel Drive,23.5435714285714,Porsche,Automatic 6-spd,8.0,4.8
18155,Sport Utility Vehicle - 4WD,Premium,All-Wheel Drive,23.5435714285714,Porsche,Automatic 6-spd,8.0,4.8
18156,Sport Utility Vehicle - 4WD,Premium,All-Wheel Drive,23.5435714285714,Porsche,Automatic 6-spd,8.0,4.8
18157,Vans,Regular,Rear-Wheel Drive,23.5435714285714,Ford,Automatic 4-spd,8.0,5.0
18158,Sport Utility Vehicle - 4WD,Regular,All-Wheel Drive,17.3478947368421,Saturn,Automatic 6-spd,6.0,3.6
18159,Sport Utility Vehicle - 4WD,Regular,All-Wheel Drive,14.9822727272727,Subaru,Automatic (S4),4.0,2.5
18160,Sport Utility Vehicle - 4WD,Premium,All-Wheel Drive,15.6957142857143,Subaru,Automatic (S4),4.0,2.5
18161,Sport Utility Vehicle - 4WD,Regular,All-Wheel Drive,14.9822727272727,Subaru,Manual 5-spd,4.0,2.5
18162,Sport Utility Vehicle - 4WD,Regular,Part-time 4-Wheel Drive,21.974,Toyota,Automatic (S6),8.0,4.6
18163,Sport Utility Vehicle - 4WD,Regular,Part-time 4-Wheel Drive,21.974,Toyota,Automatic (S6),8.0,5.7
18164,Sport Utility Vehicle - 4WD,Gasoline or E85,Part-time 4-Wheel Drive,23.5435714285714,Toyota,Automatic (S6),8.0,5.7
18165,Sport Utility Vehicle - 4WD,Regular,All-Wheel Drive,18.3116666666667,Volvo,Automatic (S6),6.0,3.0
18166,Two Seaters,Premium,Rear-Wheel Drive,14.9822727272727,BMW,Manual 6-spd,6.0,3.0
18167,Two Seaters,Premium,Rear-Wheel Drive,14.9822727272727,BMW,Automatic (S6),6.0,3.0
18168,Vans,Regular,Rear-Wheel Drive,29.9645454545455,Ford,Automatic 3-spd,8.0,5.8
18169,Two Seaters,Premium,Rear-Wheel Drive,16.4805,BMW,Manual 6-spd,6.0,3.0
18170,Two Seaters,Premium,Rear-Wheel Drive,16.4805,BMW,Automatic (S7),6.0,3.0
18171,Two Seaters,Premium,Rear-Wheel Drive,14.3308695652174,Lotus,Manual 6-spd,4.0,1.8
18172,Two Seaters,Premium,Rear-Wheel Drive,14.9822727272727,Lotus,Manual 6-spd,4.0,1.8
18173,Two Seaters,Premium,Rear-Wheel Drive,13.73375,Mazda,Manual 5-spd,4.0,2.0
18174,Two Seaters,Premium,Rear-Wheel Drive,13.73375,Mazda,Manual 6-spd,4.0,2.0
18175,Two Seaters,Premium,Rear-Wheel Drive,14.3308695652174,Mazda,Automatic (S6),4.0,2.0
18176,Two Seaters,Premium,Rear-Wheel Drive,13.73375,Porsche,Automatic 7-spd,6.0,2.9
18177,Two Seaters,Premium,Rear-Wheel Drive,14.9822727272727,Porsche,Manual 6-spd,6.0,2.9
18178,Two Seaters,Premium,Rear-Wheel Drive,14.3308695652174,Porsche,Automatic 7-spd,6.0,3.4
18179,Vans,Regular,Rear-Wheel Drive,20.600625,GMC,Automatic 3-spd,6.0,4.3
18180,Two Seaters,Premium,Rear-Wheel Drive,14.9822727272727,Porsche,Manual 6-spd,6.0,3.4
18181,Two Seaters,Premium,Rear-Wheel Drive,13.73375,Porsche,Automatic 7-spd,6.0,2.9
18182,Two Seaters,Premium,Rear-Wheel Drive,14.9822727272727,Porsche,Manual 6-spd,6.0,2.9
18183,Two Seaters,Premium,Rear-Wheel Drive,14.3308695652174,Porsche,Automatic 7-spd,6.0,3.4
18184,Two Seaters,Premium,Rear-Wheel Drive,14.9822727272727,Porsche,Manual 6-spd,6.0,3.4
18185,Minicompact Cars,Premium,Rear-Wheel Drive,21.974,Ferrari,Auto(AM7),8.0,4.3
18186,Minicompact Cars,Premium,Front-Wheel Drive,11.3658620689655,MINI,Automatic (S6),4.0,1.6
18187,Minicompact Cars,Premium,Front-Wheel Drive,10.3003125,MINI,Manual 6-spd,4.0,1.6
18188,Minicompact Cars,Premium,Front-Wheel Drive,11.3658620689655,MINI,Manual 6-spd,4.0,1.6
18189,Minicompact Cars,Premium,Front-Wheel Drive,12.2077777777778,MINI,Automatic (S6),4.0,1.6
18190,Vans,Regular,Rear-Wheel Drive,21.974,GMC,Automatic 4-spd,6.0,4.3
18191,Compact Cars,Regular,Rear-Wheel Drive,16.4805,Dodge,Automatic 5-spd,6.0,3.5
18192,Midsize Cars,Premium,All-Wheel Drive,15.6957142857143,Audi,Automatic (S6),6.0,3.0
18193,Midsize Cars,Regular,Front-Wheel Drive,11.7717857142857,Nissan,Automatic (variable gear ratios),4.0,2.0
18194,Midsize Cars,Regular,Front-Wheel Drive,12.2077777777778,Nissan,Manual 6-spd,4.0,2.0
18195,Midsize Cars,Regular,Front-Wheel Drive,11.3658620689655,Nissan,Automatic (variable gear ratios),4.0,2.0
18196,Midsize Cars,Regular,Front-Wheel Drive,11.7717857142857,Nissan,Automatic 4-spd,4.0,1.6
18197,Midsize Cars,Regular,Front-Wheel Drive,11.3658620689655,Nissan,Manual 5-spd,4.0,1.6
18198,Midsize Cars,Regular,Front-Wheel Drive,10.987,Nissan,Automatic (variable gear ratios),4.0,1.8
18199,Large Cars,Premium,Rear-Wheel Drive,19.3888235294118,BMW,Automatic (S6),8.0,4.4
18200,Large Cars,Premium,Rear-Wheel Drive,19.3888235294118,BMW,Automatic (S6),8.0,4.4
18201,Vans,Regular,Rear-Wheel Drive,19.3888235294118,GMC,Automatic 4-spd,6.0,4.3
18202,Small Station Wagons,Regular,Front-Wheel Drive,11.3658620689655,Nissan,Automatic (variable gear ratios),4.0,1.8
18203,Small Station Wagons,Regular,Front-Wheel Drive,12.6773076923077,Nissan,Manual 6-spd,4.0,1.8
18204,Midsize Station Wagons,Premium,All-Wheel Drive,15.6957142857143,Audi,Automatic (S6),6.0,3.0
18205,Sport Utility Vehicle - 2WD,Premium,Rear-Wheel Drive,18.3116666666667,Mercedes-Benz,Automatic 7-spd,6.0,3.5
18206,Sport Utility Vehicle - 2WD,Regular,Front-Wheel Drive,11.7717857142857,Saturn,Automatic (variable gear ratios),6.0,3.6
18207,Sport Utility Vehicle - 4WD,Premium,All-Wheel Drive,16.4805,Audi,Automatic (S6),6.0,3.2
18208,Compact Cars,Diesel,Rear-Wheel Drive,14.155,BMW,Automatic (S6),6.0,3.0
18209,Sport Utility Vehicle - 4WD,Diesel,All-Wheel Drive,17.3720454545455,BMW,Automatic (S6),6.0,3.0
18210,Vans,Regular,Rear-Wheel Drive,21.974,GMC,Manual 3-spd,6.0,4.3
18211,Two Seaters,Regular,,15.6957142857143,Alfa Romeo,Manual 5-spd,4.0,2.0
18212,Two Seaters,Regular,,14.9822727272727,Bertone,Manual 5-spd,4.0,1.5
18213,Two Seaters,Regular,,21.974,Chevrolet,Automatic 4-spd,8.0,5.7
18214,Two Seaters,Regular,,21.974,Chevrolet,Manual 4-spd,8.0,5.7
18215,Two Seaters,Regular,,19.3888235294118,Nissan,Automatic 4-spd,6.0,3.0
18216,Two Seaters,Regular,,18.3116666666667,Nissan,Automatic 4-spd,6.0,3.0
18217,Two Seaters,Regular,,18.3116666666667,Nissan,Manual 5-spd,6.0,3.0
18218,Two Seaters,Regular,,16.4805,Nissan,Manual 5-spd,6.0,3.0
18219,Two Seaters,Regular,,14.3308695652174,Ford,Automatic 3-spd,4.0,1.6
18220,Vans,Regular,Rear-Wheel Drive,19.3888235294118,GMC,Manual 3-spd,6.0,4.3
18221,Two Seaters,Regular,,13.73375,Ford,Manual 5-spd,4.0,1.6
18222,Two Seaters,Regular,,13.73375,Ford,Manual 5-spd,4.0,1.6
18223,Two Seaters,Regular,,8.03926829268293,Honda,Manual 5-spd,4.0,1.3
18224,Two Seaters,Regular,,12.2077777777778,Honda,Automatic 3-spd,4.0,1.5
18225,Two Seaters,Regular,,10.987,Honda,Manual 5-spd,4.0,1.5
18226,Two Seaters,Regular,,23.5435714285714,Kenyon Corporation Of America,Automatic 3-spd,8.0,5.0
18227,Two Seaters,Regular,,29.9645454545455,Lamborghini,Manual 5-spd,12.0,4.8
18228,Two Seaters,Regular,,23.5435714285714,Lotus,Manual 5-spd,4.0,2.2
18229,Two Seaters,Regular,,19.3888235294118,Mazda,Automatic 4-spd,2.0,1.1
18230,Two Seaters,Regular,,19.3888235294118,Mazda,Manual 5-spd,2.0,1.1
18231,Vans,Regular,Rear-Wheel Drive,20.600625,GMC,Manual 4-spd,6.0,4.3
18232,Two Seaters,Regular,,19.3888235294118,Mazda,Manual 5-spd,2.0,1.3
18233,Two Seaters,Regular,,21.974,Mercedes-Benz,Automatic 4-spd,8.0,3.8
18234,Two Seaters,Regular,,17.3478947368421,Pininfarina,Automatic 3-spd,4.0,2.0
18235,Two Seaters,Regular,,14.9822727272727,Pininfarina,Manual 5-spd,4.0,2.0
18236,Two Seaters,Regular,,13.73375,Pontiac,Automatic 3-spd,4.0,2.5
18237,Two Seaters,Regular,,13.1844,Pontiac,Manual 4-spd,4.0,2.5
18238,Two Seaters,Regular,,13.73375,Pontiac,Manual 4-spd,4.0,2.5
18239,Minicompact Cars,Regular,,16.4805,Alfa Romeo,Manual 5-spd,6.0,2.5
18240,Minicompact Cars,Regular,,20.600625,Avanti Motor Corporation,Automatic 4-spd,8.0,5.0
18241,Minicompact Cars,Regular,,23.5435714285714,Maserati,Manual 5-spd,6.0,2.5
18242,Vans,Regular,Rear-Wheel Drive,19.3888235294118,GMC,Manual 4-spd,6.0,4.3
18243,Minicompact Cars,Regular,,18.3116666666667,Porsche,Manual 5-spd,6.0,3.2
18244,Minicompact Cars,Regular,,21.974,Porsche,Automatic 4-spd,8.0,4.7
18245,Minicompact Cars,Regular,,21.974,Porsche,Manual 5-spd,8.0,4.7
18246,Minicompact Cars,Regular,,18.3116666666667,Porsche,Automatic 3-spd,4.0,2.5
18247,Minicompact Cars,Regular,,16.4805,Porsche,Manual 5-spd,4.0,2.5
18248,Minicompact Cars,Regular,,9.69441176470588,Toyota,Manual 4-spd,4.0,1.3
18249,Minicompact Cars,Regular,,9.15583333333333,Toyota,Manual 5-spd,4.0,1.3
18250,Minicompact Cars,Regular,,15.6957142857143,Volkswagen,Automatic 3-spd,4.0,1.8
18251,Minicompact Cars,Regular,,14.3308695652174,Volkswagen,Manual 5-spd,4.0,1.8
18252,Subcompact Cars,Regular,,36.6233333333333,Aston Martin,Automatic 3-spd,8.0,5.3
18253,Compact Cars,Regular,Front-Wheel Drive,13.73375,Cadillac,Automatic 3-spd,4.0,2.0
18254,Vans,Regular,Rear-Wheel Drive,21.974,GMC,Automatic 3-spd,8.0,5.0
18255,Subcompact Cars,Regular,,36.6233333333333,Aston Martin,Automatic 3-spd,8.0,5.3
18256,Subcompact Cars,Regular,,41.20125,Aston Martin,Manual 5-spd,8.0,5.3
18257,Subcompact Cars,Regular,,19.3888235294118,Audi,Automatic 3-spd,5.0,2.1
18258,Subcompact Cars,Regular,,16.4805,Audi,Manual 5-spd,5.0,2.1
18259,Subcompact Cars,Regular,,18.3116666666667,Audi,Automatic 3-spd,5.0,2.2
18260,Subcompact Cars,Regular,,17.3478947368421,Audi,Manual 5-spd,5.0,2.2
18261,Subcompact Cars,Regular,,20.600625,Audi,Manual 5-spd,5.0,2.1
18262,Subcompact Cars,Regular,,15.6957142857143,Audi,Automatic 3-spd,4.0,1.8
18263,Subcompact Cars,Regular,,13.73375,Audi,Manual 5-spd,4.0,1.8
18264,Subcompact Cars,Regular,,18.3116666666667,Audi,Manual 5-spd,5.0,2.2
18265,Vans,Regular,Rear-Wheel Drive,21.974,GMC,Automatic 4-spd,8.0,5.0
18266,Subcompact Cars,Regular,,14.3308695652174,BMW,Automatic 3-spd,4.0,1.8
18267,Subcompact Cars,Regular,,13.73375,BMW,Manual 5-spd,4.0,1.8
18268,Subcompact Cars,Regular,,16.4805,BMW,Automatic 4-spd,6.0,2.7
18269,Subcompact Cars,Regular,,15.6957142857143,BMW,Manual 5-spd,6.0,2.7
18270,Subcompact Cars,Regular,,18.3116666666667,BMW,Automatic 4-spd,6.0,3.2
18271,Subcompact Cars,Regular,,14.9822727272727,Chevrolet,Automatic 4-spd,4.0,2.5
18272,Subcompact Cars,Regular,,14.9822727272727,Chevrolet,Manual 4-spd,4.0,2.5
18273,Subcompact Cars,Regular,,14.9822727272727,Chevrolet,Manual 5-spd,4.0,2.5
18274,Subcompact Cars,Regular,,17.3478947368421,Chevrolet,Automatic 4-spd,6.0,2.8
18275,Subcompact Cars,Regular,,18.3116666666667,Chevrolet,Manual 5-spd,6.0,2.8
18276,Vans,Regular,Rear-Wheel Drive,21.974,GMC,Automatic 4-spd,8.0,5.0
18277,Subcompact Cars,Regular,,19.3888235294118,Chevrolet,Automatic 4-spd,8.0,5.0
18278,Subcompact Cars,Regular,,21.974,Chevrolet,Manual 5-spd,8.0,5.0
18279,Subcompact Cars,Regular,,15.6957142857143,Chevrolet,Automatic 3-spd,4.0,2.0
18280,Subcompact Cars,Regular,,13.1844,Chevrolet,Manual 4-spd,4.0,2.0
18281,Subcompact Cars,Regular,,13.1844,Chevrolet,Manual 5-spd,4.0,2.0
18282,Subcompact Cars,Regular,,12.6773076923077,Chevrolet,Automatic 3-spd,4.0,1.6
18283,Subcompact Cars,Regular,,12.2077777777778,Chevrolet,Manual 4-spd,4.0,1.6
18284,Subcompact Cars,Regular,,12.2077777777778,Chevrolet,Manual 5-spd,4.0,1.6
18285,Subcompact Cars,Diesel,,12.7395,Chevrolet,Automatic 3-spd,4.0,1.8
18286,Subcompact Cars,Diesel,,10.61625,Chevrolet,Manual 5-spd,4.0,1.8
18287,Vans,Regular,Rear-Wheel Drive,21.974,GMC,Manual 3-spd,8.0,5.0
18288,Subcompact Cars,Regular,,14.9822727272727,Chrysler,Automatic 3-spd,4.0,2.2
18289,Subcompact Cars,Regular,,17.3478947368421,Chrysler,Automatic 3-spd,4.0,2.2
18290,Subcompact Cars,Regular,,14.9822727272727,Chrysler,Manual 5-spd,4.0,2.2
18291,Subcompact Cars,Regular,,16.4805,Chrysler,Manual 5-spd,4.0,2.2
18292,Subcompact Cars,Regular,,15.6957142857143,Chrysler,Automatic 3-spd,4.0,2.2
18293,Subcompact Cars,Regular,,14.9822727272727,Chrysler,Automatic 3-spd,4.0,2.2
18294,Subcompact Cars,Regular,,17.3478947368421,Chrysler,Automatic 3-spd,4.0,2.2
18295,Subcompact Cars,Regular,,16.4805,Chrysler,Automatic 3-spd,4.0,2.6
18296,Subcompact Cars,Regular,,15.6957142857143,Nissan,Automatic 4-spd,6.0,2.4
18297,Subcompact Cars,Regular,,15.6957142857143,Nissan,Manual 5-spd,6.0,2.4
18298,Vans,Regular,Rear-Wheel Drive,21.974,GMC,Manual 4-spd,8.0,5.0
18299,Subcompact Cars,Regular,,13.1844,Nissan,Automatic 3-spd,4.0,1.6
18300,Subcompact Cars,Regular,,10.987,Nissan,Manual 5-spd,4.0,1.6
18301,Subcompact Cars,Regular,,13.1844,Nissan,Automatic 3-spd,4.0,1.6
18302,Subcompact Cars,Regular,,10.987,Nissan,Manual 5-spd,4.0,1.6
18303,Subcompact Cars,Diesel,,12.7395,Nissan,Automatic 3-spd,4.0,1.7
18304,Subcompact Cars,Diesel,,9.32158536585366,Nissan,Manual 4-spd,4.0,1.7
18305,Subcompact Cars,Diesel,,10.61625,Nissan,Manual 5-spd,4.0,1.7
18306,Subcompact Cars,Regular,,15.6957142857143,Nissan,Automatic 4-spd,4.0,1.8
18307,Subcompact Cars,Regular,,14.9822727272727,Nissan,Manual 5-spd,4.0,1.8
18308,Subcompact Cars,Regular,,13.73375,Nissan,Automatic 4-spd,4.0,2.0
18309,Vans,Diesel,Rear-Wheel Drive,20.115,GMC,Automatic 4-spd,8.0,6.2
18310,Subcompact Cars,Regular,,13.1844,Nissan,Manual 5-spd,4.0,2.0
18311,Subcompact Cars,Regular,,19.3888235294118,Nissan,Automatic 4-spd,6.0,3.0
18312,Subcompact Cars,Regular,,19.3888235294118,Nissan,Automatic 4-spd,6.0,3.0
18313,Subcompact Cars,Regular,,18.3116666666667,Nissan,Manual 5-spd,6.0,3.0
18314,Subcompact Cars,Regular,,17.3478947368421,Nissan,Manual 5-spd,6.0,3.0
18315,Subcompact Cars,Regular,,10.987,Dodge,Manual 4-spd,4.0,1.6
18316,Subcompact Cars,Regular,,14.3308695652174,Dodge,Automatic 3-spd,4.0,2.2
18317,Subcompact Cars,Regular,,13.73375,Dodge,Manual 5-spd,4.0,2.2
18318,Subcompact Cars,Regular,,9.69441176470588,Dodge,Manual 4-spd,4.0,1.4
18319,Subcompact Cars,Regular,,10.6325806451613,Dodge,Manual 4-spd Doubled,4.0,1.4
18320,Vans,Diesel,Rear-Wheel Drive,20.115,GMC,Manual 4-spd,8.0,6.2
18321,Subcompact Cars,Regular,,12.6773076923077,Dodge,Automatic 3-spd,4.0,1.6
18322,Subcompact Cars,Regular,,13.1844,Dodge,Manual 4-spd Doubled,4.0,1.6
18323,Subcompact Cars,Regular,,17.3478947368421,Dodge,Automatic 4-spd,4.0,2.6
18324,Subcompact Cars,Regular,,17.3478947368421,Dodge,Automatic 4-spd,4.0,2.6
18325,Subcompact Cars,Regular,,17.3478947368421,Dodge,Manual 5-spd,4.0,2.6
18326,Subcompact Cars,Regular,,17.3478947368421,Dodge,Manual 5-spd,4.0,2.6
18327,Subcompact Cars,Regular,,14.9822727272727,Dodge,Automatic 3-spd,4.0,2.2
18328,Subcompact Cars,Regular,,17.3478947368421,Dodge,Automatic 3-spd,4.0,2.2
18329,Subcompact Cars,Regular,,14.3308695652174,Dodge,Manual 5-spd,4.0,2.2
18330,Subcompact Cars,Regular,,16.4805,Dodge,Manual 5-spd,4.0,2.2
18331,Vans,Regular,Rear-Wheel Drive,20.600625,GMC,Automatic 4-spd,6.0,4.3
18332,Subcompact Cars,Regular,,15.6957142857143,Dodge,Automatic 3-spd,4.0,2.2
18333,Subcompact Cars,Regular,,14.9822727272727,Dodge,Automatic 3-spd,4.0,2.2
18334,Subcompact Cars,Regular,,17.3478947368421,Dodge,Automatic 3-spd,4.0,2.2
18335,Subcompact Cars,Regular,,16.4805,Dodge,Automatic 3-spd,4.0,2.6
18336,Subcompact Cars,Regular,,12.6773076923077,Ford,Automatic 3-spd,4.0,1.5
18337,Subcompact Cars,Regular,,12.2077777777778,Ford,Manual 4-spd,4.0,1.5
18338,Subcompact Cars,Regular,,16.4805,Ford,Automatic 3-spd,4.0,2.3
18339,Subcompact Cars,Regular,,14.9822727272727,Ford,Manual 4-spd,4.0,2.3
18340,Subcompact Cars,Regular,,17.3478947368421,Ford,Manual 5-spd,4.0,2.3
18341,Subcompact Cars,Regular,,18.3116666666667,Ford,Automatic 3-spd,6.0,3.8
18342,Vans,Regular,Rear-Wheel Drive,21.974,GMC,Manual 3-spd,6.0,4.3
18343,Subcompact Cars,Regular,,20.600625,Ford,Manual 5-spd,8.0,5.0
18344,Subcompact Cars,Regular,,19.3888235294118,Ford,Automatic 4-spd,8.0,5.0
18345,Subcompact Cars,Regular,,13.1844,Honda,Automatic 4-spd,4.0,1.8
18346,Subcompact Cars,Regular,,11.7717857142857,Honda,Manual 5-spd,4.0,1.8
18347,Subcompact Cars,Regular,,9.41742857142857,Honda,Manual 4-spd,4.0,1.3
18348,Subcompact Cars,Regular,,13.1844,Honda,Automatic 3-spd,4.0,1.5
18349,Subcompact Cars,Regular,,11.3658620689655,Honda,Manual 5-spd,4.0,1.5
18350,Subcompact Cars,Regular,,14.3308695652174,Honda,Automatic 4-spd,4.0,1.8
18351,Subcompact Cars,Regular,,13.73375,Honda,Manual 5-spd,4.0,1.8
18352,Subcompact Cars,Regular,,14.9822727272727,Isuzu,Automatic 3-spd,4.0,1.8
18353,Vans,Regular,Rear-Wheel Drive,16.4805,GMC,Automatic 4-spd,4.0,2.5
18354,Subcompact Cars,Regular,,14.3308695652174,Isuzu,Manual 5-spd,4.0,1.8
18355,Subcompact Cars,Diesel,,14.155,Isuzu,Automatic 3-spd,4.0,1.8
18356,Subcompact Cars,Diesel,,10.9195714285714,Isuzu,Manual 4-spd,4.0,1.8
18357,Subcompact Cars,Diesel,,11.94328125,Isuzu,Manual 5-spd,4.0,1.8
18358,Subcompact Cars,Regular,,15.6957142857143,Isuzu,Automatic 4-spd,4.0,2.0
18359,Subcompact Cars,Regular,,14.9822727272727,Isuzu,Manual 5-spd,4.0,2.0
18360,Subcompact Cars,Regular,,25.3546153846154,Jaguar,Automatic 3-spd,12.0,5.3
18361,Subcompact Cars,Regular,,21.974,Jaguar,Automatic 3-spd,6.0,4.2
18362,Subcompact Cars,Regular,,16.4805,Mercury,Automatic 3-spd,4.0,2.3
18363,Subcompact Cars,Regular,,14.9822727272727,Mercury,Manual 4-spd,4.0,2.3
18364,Compact Cars,Regular,Front-Wheel Drive,13.73375,Cadillac,Manual 5-spd,4.0,2.0
18365,Vans,Regular,Rear-Wheel Drive,16.4805,GMC,Manual 4-spd,4.0,2.5
18366,Subcompact Cars,Regular,,17.3478947368421,Mercury,Manual 5-spd,4.0,2.3
18367,Subcompact Cars,Regular,,17.3478947368421,Mercury,Automatic 3-spd,6.0,3.8
18368,Subcompact Cars,Regular,,20.600625,Mercury,Manual 5-spd,8.0,5.0
18369,Subcompact Cars,Regular,,19.3888235294118,Mercury,Automatic 4-spd,8.0,5.0
18370,Subcompact Cars,Regular,,12.6773076923077,Mazda,Automatic 3-spd,4.0,1.5
18371,Subcompact Cars,Regular,,12.2077777777778,Mazda,Manual 4-spd,4.0,1.5
18372,Subcompact Cars,Regular,,10.987,Mazda,Manual 5-spd,4.0,1.5
18373,Subcompact Cars,Diesel,,13.1787931034483,Mercedes-Benz,Automatic 4-spd,4.0,2.2
18374,Subcompact Cars,Diesel,,13.6494642857143,Mercedes-Benz,Automatic 4-spd,4.0,2.2
18375,Subcompact Cars,Diesel,,12.7395,Mercedes-Benz,Manual 5-spd,4.0,2.2
18376,Vans,Regular,Rear-Wheel Drive,14.9822727272727,GMC,Manual 5-spd,4.0,2.5
18377,Subcompact Cars,Diesel,,12.7395,Mercedes-Benz,Manual 5-spd,4.0,2.2
18378,Subcompact Cars,Regular,,16.4805,Mercedes-Benz,Automatic 4-spd,4.0,2.3
18379,Subcompact Cars,Regular,,15.6957142857143,Mercedes-Benz,Manual 5-spd,4.0,2.3
18380,Subcompact Cars,Regular,,14.3308695652174,Mitsubishi,Manual 5-spd,4.0,1.8
18381,Subcompact Cars,Regular,,14.3308695652174,Mitsubishi,Automatic 3-spd,4.0,2.0
18382,Subcompact Cars,Regular,,13.1844,Mitsubishi,Manual 5-spd,4.0,2.0
18383,Subcompact Cars,Regular,,9.69441176470588,Mitsubishi,Manual 4-spd,4.0,1.4
18384,Subcompact Cars,Regular,,10.6325806451613,Mitsubishi,Manual 4-spd Doubled,4.0,1.4
18385,Subcompact Cars,Regular,,12.6773076923077,Mitsubishi,Automatic 3-spd,4.0,1.6
18386,Subcompact Cars,Regular,,13.1844,Mitsubishi,Manual 4-spd Doubled,4.0,1.6
18387,Vans,Regular,Rear-Wheel Drive,19.3888235294118,GMC,Automatic 4-spd,6.0,4.3
18388,Subcompact Cars,Regular,,17.3478947368421,Mitsubishi,Automatic 4-spd,4.0,2.6
18389,Subcompact Cars,Regular,,17.3478947368421,Mitsubishi,Automatic 4-spd,4.0,2.6
18390,Subcompact Cars,Regular,,17.3478947368421,Mitsubishi,Manual 5-spd,4.0,2.6
18391,Subcompact Cars,Regular,,17.3478947368421,Mitsubishi,Manual 5-spd,4.0,2.6
18392,Subcompact Cars,Regular,,14.3308695652174,Mitsubishi,Manual 5-spd,4.0,1.8
18393,Subcompact Cars,Regular,,14.3308695652174,Mitsubishi,Automatic 3-spd,4.0,2.0
18394,Subcompact Cars,Regular,,13.1844,Mitsubishi,Manual 4-spd Doubled,4.0,2.0
18395,Subcompact Cars,Regular,,12.6773076923077,Mitsubishi,Manual 5-spd,4.0,2.0
18396,Subcompact Cars,Regular,,9.69441176470588,Plymouth,Manual 4-spd,4.0,1.4
18397,Subcompact Cars,Regular,,10.6325806451613,Plymouth,Manual 4-spd Doubled,4.0,1.4
18398,Vans,Regular,Rear-Wheel Drive,18.3116666666667,GMC,Manual 4-spd,6.0,4.3
18399,Subcompact Cars,Regular,,12.6773076923077,Plymouth,Automatic 3-spd,4.0,1.6
18400,Subcompact Cars,Regular,,13.1844,Plymouth,Manual 4-spd Doubled,4.0,1.6
18401,Subcompact Cars,Regular,,17.3478947368421,Plymouth,Automatic 4-spd,4.0,2.6
18402,Subcompact Cars,Regular,,17.3478947368421,Plymouth,Automatic 4-spd,4.0,2.6
18403,Subcompact Cars,Regular,,17.3478947368421,Plymouth,Manual 5-spd,4.0,2.6
18404,Subcompact Cars,Regular,,17.3478947368421,Plymouth,Manual 5-spd,4.0,2.6
18405,Subcompact Cars,Regular,,10.987,Plymouth,Manual 4-spd,4.0,1.6
18406,Subcompact Cars,Regular,,14.3308695652174,Plymouth,Automatic 3-spd,4.0,2.2
18407,Subcompact Cars,Regular,,13.1844,Plymouth,Manual 5-spd,4.0,2.2
18408,Subcompact Cars,Regular,,14.9822727272727,Pontiac,Automatic 4-spd,4.0,2.5
18409,Vans,Regular,Rear-Wheel Drive,18.3116666666667,GMC,Manual 5-spd,6.0,4.3
18410,Subcompact Cars,Regular,,15.6957142857143,Pontiac,Manual 4-spd,4.0,2.5
18411,Subcompact Cars,Regular,,14.3308695652174,Pontiac,Manual 5-spd,4.0,2.5
18412,Subcompact Cars,Regular,,17.3478947368421,Pontiac,Automatic 4-spd,6.0,2.8
18413,Subcompact Cars,Regular,,18.3116666666667,Pontiac,Manual 5-spd,6.0,2.8
18414,Subcompact Cars,Regular,,19.3888235294118,Pontiac,Automatic 4-spd,8.0,5.0
18415,Subcompact Cars,Regular,,21.974,Pontiac,Manual 5-spd,8.0,5.0
18416,Subcompact Cars,Regular,,12.6773076923077,Pontiac,Automatic 3-spd,4.0,1.6
18417,Subcompact Cars,Regular,,12.2077777777778,Pontiac,Manual 4-spd,4.0,1.6
18418,Subcompact Cars,Regular,,12.2077777777778,Pontiac,Manual 5-spd,4.0,1.6
18419,Subcompact Cars,Diesel,,12.7395,Pontiac,Automatic 3-spd,4.0,1.8
18420,Vans,Regular,Rear-Wheel Drive,16.4805,Toyota,Automatic 4-spd,4.0,2.2
18421,Subcompact Cars,Diesel,,10.61625,Pontiac,Manual 5-spd,4.0,1.8
18422,Subcompact Cars,Regular,,13.73375,Pontiac,Automatic 3-spd,4.0,1.8
18423,Subcompact Cars,Regular,,16.4805,Pontiac,Automatic 3-spd,4.0,1.8
18424,Subcompact Cars,Regular,,14.9822727272727,Pontiac,Manual 4-spd,4.0,1.8
18425,Subcompact Cars,Regular,,12.6773076923077,Pontiac,Manual 5-spd,4.0,1.8
18426,Subcompact Cars,Regular,,13.73375,Renault,Manual 5-spd,4.0,1.6
18427,Subcompact Cars,Regular,,17.3478947368421,Renault,Automatic 3-spd,4.0,2.2
18428,Subcompact Cars,Regular,,14.3308695652174,Renault,Manual 5-spd,4.0,2.2
18429,Subcompact Cars,Regular,,17.3478947368421,Renault,Automatic 3-spd,4.0,2.2
18430,Subcompact Cars,Regular,,14.3308695652174,Renault,Manual 5-spd,4.0,2.2
18431,Vans,Regular,Rear-Wheel Drive,16.4805,Toyota,Manual 5-spd,4.0,2.2
18432,Subcompact Cars,Regular,,41.20125,Rolls-Royce,Automatic 3-spd,8.0,6.8
18433,Subcompact Cars,Regular,,11.3658620689655,Subaru,Manual 4-spd,4.0,1.6
18434,Subcompact Cars,Regular,,11.7717857142857,Subaru,Manual 5-spd,4.0,1.6
18435,Subcompact Cars,Regular,,14.3308695652174,Subaru,Automatic 3-spd,4.0,1.8
18436,Subcompact Cars,Regular,,12.6773076923077,Subaru,Manual 5-spd,4.0,1.8
18437,Subcompact Cars,Regular,,14.3308695652174,Subaru,Automatic 3-spd,4.0,1.8
18438,Subcompact Cars,Regular,,12.6773076923077,Subaru,Manual 5-spd,4.0,1.8
18439,Subcompact Cars,Regular,,14.9822727272727,Toyota,Automatic 4-spd,4.0,2.4
18440,Subcompact Cars,Regular,,14.3308695652174,Toyota,Manual 5-spd,4.0,2.4
18441,Subcompact Cars,Regular,,17.3478947368421,Toyota,Automatic 4-spd,6.0,2.8
18442,Vans,Regular,Rear-Wheel Drive,16.4805,Chevrolet,Automatic 4-spd,4.0,2.5
18443,Subcompact Cars,Regular,,18.3116666666667,Toyota,Manual 5-spd,6.0,2.8
18444,Subcompact Cars,Regular,,12.6773076923077,Toyota,Automatic 4-spd,4.0,1.6
18445,Subcompact Cars,Regular,,12.2077777777778,Toyota,Manual 5-spd,4.0,1.6
18446,Subcompact Cars,Regular,,17.3478947368421,Toyota,Automatic 4-spd,6.0,2.8
18447,Subcompact Cars,Regular,,18.3116666666667,Toyota,Manual 5-spd,6.0,2.8
18448,Subcompact Cars,Regular,,12.2077777777778,Toyota,Automatic 3-spd,4.0,1.5
18449,Subcompact Cars,Regular,,10.3003125,Toyota,Manual 4-spd,4.0,1.5
18450,Subcompact Cars,Regular,,11.3658620689655,Toyota,Manual 5-spd,4.0,1.5
18451,Subcompact Cars,Diesel,,10.9195714285714,Volkswagen,Manual 5-spd,4.0,1.6
18452,Subcompact Cars,Diesel,,11.2407352941176,Volkswagen,Manual 5-spd,4.0,1.6
18453,Vans,Regular,Rear-Wheel Drive,16.4805,Chevrolet,Manual 4-spd,4.0,2.5
18454,Subcompact Cars,Regular,,15.6957142857143,Volkswagen,Automatic 3-spd,4.0,1.7
18455,Subcompact Cars,Regular,,15.6957142857143,Volkswagen,Automatic 3-spd,4.0,1.7
18456,Subcompact Cars,Regular,,12.6773076923077,Volkswagen,Manual 5-spd,4.0,1.7
18457,Subcompact Cars,Regular,,13.1844,Volkswagen,Manual 5-spd,4.0,1.7
18458,Subcompact Cars,Regular,,14.3308695652174,Volkswagen,Manual 5-spd,4.0,1.8
18459,Subcompact Cars,Diesel,,13.1787931034483,Volkswagen,Automatic 3-spd,4.0,1.6
18460,Subcompact Cars,Diesel,,10.0575,Volkswagen,Manual 4-spd,4.0,1.6
18461,Subcompact Cars,Diesel,,10.61625,Volkswagen,Manual 5-spd,4.0,1.6
18462,Subcompact Cars,Regular,,12.2077777777778,Volkswagen,Manual 4-spd,4.0,1.7
18463,Subcompact Cars,Regular,,12.2077777777778,Volkswagen,Manual 4-spd,4.0,1.7
18464,Vans,Regular,Rear-Wheel Drive,14.9822727272727,Chevrolet,Manual 5-spd,4.0,2.5
18465,Subcompact Cars,Regular,,14.9822727272727,Volkswagen,Automatic 3-spd,4.0,1.7
18466,Subcompact Cars,Regular,,14.9822727272727,Volkswagen,Automatic 3-spd,4.0,1.7
18467,Subcompact Cars,Regular,,12.2077777777778,Volkswagen,Manual 5-spd,4.0,1.7
18468,Subcompact Cars,Regular,,12.6773076923077,Volkswagen,Manual 5-spd,4.0,1.7
18469,Subcompact Cars,Regular,,14.3308695652174,Volkswagen,Manual 5-spd,4.0,1.8
18470,Subcompact Cars,Regular,,15.6957142857143,Volkswagen,Automatic 3-spd,4.0,1.8
18471,Subcompact Cars,Regular,,14.3308695652174,Volkswagen,Manual 5-spd,4.0,1.8
18472,Compact Cars,Regular,,16.4805,BMW,Automatic 4-spd,6.0,2.7
18473,Compact Cars,Regular,,18.3116666666667,BMW,Automatic 4-spd,6.0,3.2
18474,Compact Cars,Regular,,18.3116666666667,BMW,Automatic 4-spd,6.0,3.2
18475,Compact Cars,Regular,Front-Wheel Drive,16.4805,Cadillac,Automatic 3-spd,6.0,2.8
18476,Vans,Regular,Rear-Wheel Drive,19.3888235294118,Chevrolet,Automatic 4-spd,6.0,4.3
18477,Compact Cars,Regular,,21.974,Buick,Automatic 4-spd,6.0,3.8
18478,Compact Cars,Regular,,21.974,Buick,Automatic 4-spd,6.0,4.1
18479,Compact Cars,Regular,,20.600625,Buick,Automatic 4-spd,8.0,5.0
18480,Compact Cars,Regular,,13.73375,Buick,Automatic 3-spd,4.0,1.8
18481,Compact Cars,Regular,,16.4805,Buick,Automatic 3-spd,4.0,1.8
18482,Compact Cars,Regular,,14.9822727272727,Buick,Manual 4-spd,4.0,1.8
18483,Compact Cars,Regular,,12.6773076923077,Buick,Manual 5-spd,4.0,1.8
18484,Compact Cars,Regular,,13.1844,Buick,Automatic 3-spd,4.0,2.0
18485,Compact Cars,Regular,,13.1844,Buick,Manual 4-spd,4.0,2.0
18486,Compact Cars,Regular,,14.3308695652174,Buick,Automatic 3-spd,4.0,2.5
18487,Vans,Regular,Rear-Wheel Drive,19.3888235294118,Chevrolet,Manual 4-spd,6.0,4.3
18488,Compact Cars,Regular,,14.3308695652174,Buick,Manual 4-spd,4.0,2.5
18489,Compact Cars,Regular,,17.3478947368421,Buick,Automatic 3-spd,6.0,2.8
18490,Compact Cars,Regular,,17.3478947368421,Buick,Manual 4-spd,6.0,2.8
18491,Compact Cars,Regular,,15.6957142857143,Cadillac,Automatic 3-spd,4.0,2.0
18492,Compact Cars,Regular,,13.1844,Cadillac,Manual 5-spd,4.0,2.0
18493,Compact Cars,Regular,,20.600625,Cadillac,Automatic 4-spd,8.0,4.1
18494,Compact Cars,Regular,,13.1844,Chevrolet,Automatic 3-spd,4.0,2.0
18495,Compact Cars,Regular,,13.1844,Chevrolet,Manual 4-spd,4.0,2.0
18496,Compact Cars,Regular,,12.2077777777778,Chevrolet,Manual 4-spd,4.0,2.0
18497,Compact Cars,Regular,,13.1844,Chevrolet,Manual 5-spd,4.0,2.0
18498,Vans,Regular,Rear-Wheel Drive,19.3888235294118,Chevrolet,Manual 5-spd,6.0,4.3
18499,Compact Cars,Regular,,18.3116666666667,Bill Dovell Motor Car Company,Automatic 4-spd,4.0,2.3
18500,Compact Cars,Regular,,18.3116666666667,Bill Dovell Motor Car Company,Automatic 4-spd,4.0,2.3
18501,Compact Cars,Regular,,14.3308695652174,Nissan,Automatic 3-spd,4.0,2.0
18502,Compact Cars,Regular,,12.2077777777778,Nissan,Manual 5-spd,4.0,2.0
18503,Compact Cars,Regular,,10.987,Dodge,Manual 4-spd,4.0,1.6
18504,Compact Cars,Regular,,14.3308695652174,Dodge,Automatic 3-spd,4.0,2.2
18505,Compact Cars,Regular,,12.6773076923077,Dodge,Manual 5-spd,4.0,2.2
18506,Compact Cars,Regular,,14.3308695652174,Ford,Automatic 3-spd,4.0,1.6
18507,Compact Cars,Regular,,10.3003125,Ford,Manual 4-spd,4.0,1.6
18508,Compact Cars,Regular,,12.6773076923077,Ford,Manual 4-spd,4.0,1.6
18509,Vans,Regular,Rear-Wheel Drive,21.974,Chevrolet,Automatic 3-spd,6.0,4.3
18510,Compact Cars,Regular,,13.73375,Ford,Manual 5-spd,4.0,1.6
18511,Compact Cars,Regular,,13.73375,Ford,Automatic 3-spd,4.0,1.6
18512,Compact Cars,Regular,,13.1844,Ford,Manual 5-spd,4.0,1.6
18513,Compact Cars,Regular,,13.73375,Ford,Manual 5-spd,4.0,1.6
18514,Compact Cars,Diesel,,9.79961538461539,Ford,Manual 5-spd,4.0,2.0
18515,Compact Cars,Diesel,,11.2407352941176,Ford,Manual 5-spd,4.0,2.0
18516,Compact Cars,Diesel,,11.2407352941176,Ford,Manual 5-spd,4.0,2.0
18517,Compact Cars,Regular,,14.3308695652174,Ford,Automatic 3-spd,4.0,2.3
18518,Compact Cars,Regular,,14.9822727272727,Ford,Automatic 3-spd,4.0,2.3
18519,Compact Cars,Regular,,13.73375,Ford,Manual 5-spd,4.0,2.3
18520,Vans,Regular,Rear-Wheel Drive,20.600625,Chevrolet,Automatic 4-spd,6.0,4.3
18521,Compact Cars,Regular,,18.3116666666667,Ford,Automatic 3-spd,4.0,2.3
18522,Compact Cars,Regular,,17.3478947368421,Ford,Manual 5-spd,4.0,2.3
18523,Compact Cars,Regular,,19.3888235294118,Ford,Automatic 3-spd,6.0,3.8
18524,Compact Cars,Regular,,17.3478947368421,Ford,Automatic 4-spd,6.0,3.8
18525,Compact Cars,Regular,,19.3888235294118,Ford,Automatic 4-spd,8.0,5.0
18526,Compact Cars,Regular,,23.5435714285714,Kenyon Corporation Of America,Automatic 3-spd,8.0,5.0
18527,Compact Cars,Regular,,23.5435714285714,Kenyon Corporation Of America,Automatic 3-spd,8.0,5.0
18528,Compact Cars,Regular,,18.3116666666667,Mercury,Automatic 3-spd,4.0,2.3
18529,Compact Cars,Regular,,17.3478947368421,Mercury,Manual 5-spd,4.0,2.3
18530,Compact Cars,Regular,,19.3888235294118,Mercury,Automatic 3-spd,6.0,3.8
18531,Vans,Regular,Rear-Wheel Drive,21.974,Chevrolet,Automatic 4-spd,6.0,4.3
18532,Compact Cars,Regular,,17.3478947368421,Mercury,Automatic 4-spd,6.0,3.8
18533,Compact Cars,Regular,,19.3888235294118,Mercury,Automatic 4-spd,8.0,5.0
18534,Compact Cars,Regular,,14.3308695652174,Mercury,Automatic 3-spd,4.0,1.6
18535,Compact Cars,Regular,,10.3003125,Mercury,Manual 4-spd,4.0,1.6
18536,Compact Cars,Regular,,12.2077777777778,Mercury,Manual 4-spd,4.0,1.6
18537,Compact Cars,Regular,,13.73375,Mercury,Manual 5-spd,4.0,1.6
18538,Compact Cars,Regular,,13.73375,Mercury,Automatic 3-spd,4.0,1.6
18539,Compact Cars,Regular,,13.1844,Mercury,Manual 5-spd,4.0,1.6
18540,Compact Cars,Regular,,13.73375,Mercury,Manual 5-spd,4.0,1.6
18541,Compact Cars,Diesel,,9.79961538461539,Mercury,Manual 5-spd,4.0,2.0
18542,Vans,Regular,Rear-Wheel Drive,21.974,Chevrolet,Manual 3-spd,6.0,4.3
18543,Compact Cars,Diesel,,11.2407352941176,Mercury,Manual 5-spd,4.0,2.0
18544,Compact Cars,Diesel,,11.2407352941176,Mercury,Manual 5-spd,4.0,2.0
18545,Compact Cars,Regular,,14.9822727272727,Mercury,Automatic 3-spd,4.0,2.3
18546,Compact Cars,Regular,,14.9822727272727,Mercury,Automatic 3-spd,4.0,2.3
18547,Compact Cars,Regular,,13.73375,Mercury,Manual 5-spd,4.0,2.3
18548,Compact Cars,Regular,,14.3308695652174,Mazda,Automatic 3-spd,4.0,2.0
18549,Compact Cars,Regular,,13.1844,Mazda,Manual 5-spd,4.0,2.0
18550,Compact Cars,Diesel,,11.5813636363636,Mazda,Manual 5-spd,4.0,2.0
18551,Compact Cars,Diesel,,17.3720454545455,Mercedes-Benz,Automatic 4-spd,5.0,3.0
18552,Compact Cars,Diesel,,17.3720454545455,Mercedes-Benz,Automatic 4-spd,5.0,3.0
18553,Vans,Regular,Rear-Wheel Drive,23.5435714285714,Chevrolet,Manual 3-spd,6.0,4.3
18554,Compact Cars,Diesel,,17.3720454545455,Mercedes-Benz,Automatic 4-spd,5.0,3.0
18555,Compact Cars,Diesel,,17.3720454545455,Mercedes-Benz,Automatic 4-spd,5.0,3.0
18556,Compact Cars,Regular,,21.974,Mercedes-Benz,Automatic 4-spd,8.0,3.8
18557,Compact Cars,Regular,,25.3546153846154,Mercedes-Benz,Automatic 4-spd,8.0,5.0
18558,Compact Cars,Regular,,13.73375,Oldsmobile,Automatic 3-spd,4.0,1.8
18559,Compact Cars,Regular,,12.6773076923077,Oldsmobile,Manual 5-spd,4.0,1.8
18560,Compact Cars,Regular,,13.1844,Oldsmobile,Automatic 3-spd,4.0,2.0
18561,Compact Cars,Regular,,13.1844,Oldsmobile,Manual 4-spd,4.0,2.0
18562,Compact Cars,Regular,,13.1844,Oldsmobile,Manual 5-spd,4.0,2.0
18563,Compact Cars,Regular,,14.3308695652174,Oldsmobile,Automatic 3-spd,4.0,2.5
18564,Vans,Regular,Rear-Wheel Drive,27.4675,Chevrolet,Automatic 3-spd,8.0,5.0
18565,Compact Cars,Regular,,13.73375,Oldsmobile,Manual 4-spd,4.0,2.5
18566,Compact Cars,Regular,,17.3478947368421,Oldsmobile,Automatic 3-spd,6.0,2.8
18567,Compact Cars,Regular,,17.3478947368421,Oldsmobile,Manual 4-spd,6.0,2.8
18568,Compact Cars,Regular,,19.3888235294118,Peugeot,Automatic 3-spd,4.0,2.0
18569,Compact Cars,Regular,,17.3478947368421,Peugeot,Manual 5-spd,4.0,2.0
18570,Compact Cars,Diesel,,17.3720454545455,Peugeot,Automatic 3-spd,4.0,2.3
18571,Compact Cars,Diesel,,17.3720454545455,Peugeot,Automatic 3-spd,4.0,2.3
18572,Compact Cars,Diesel,,15.2874,Peugeot,Manual 5-spd,4.0,2.3
18573,Compact Cars,Diesel,,15.924375,Peugeot,Manual 5-spd,4.0,2.3
18574,Compact Cars,Diesel,,17.3720454545455,Peugeot,Automatic 3-spd,4.0,2.3
18575,Vans,Regular,Rear-Wheel Drive,23.5435714285714,Chevrolet,Automatic 4-spd,8.0,5.0
18576,Compact Cars,Diesel,,15.924375,Peugeot,Manual 5-spd,4.0,2.3
18577,Compact Cars,Regular,,10.987,Plymouth,Manual 4-spd,4.0,1.6
18578,Compact Cars,Regular,,14.3308695652174,Plymouth,Automatic 3-spd,4.0,2.2
18579,Compact Cars,Regular,,12.6773076923077,Plymouth,Manual 5-spd,4.0,2.2
18580,Compact Cars,Regular,,13.73375,Pontiac,Automatic 3-spd,4.0,1.8
18581,Compact Cars,Regular,,16.4805,Pontiac,Automatic 3-spd,4.0,1.8
18582,Compact Cars,Regular,,14.9822727272727,Pontiac,Manual 4-spd,4.0,1.8
18583,Compact Cars,Regular,,12.6773076923077,Pontiac,Manual 5-spd,4.0,1.8
18584,Compact Cars,Regular,,11.3658620689655,Pontiac,Manual 5-spd,4.0,1.8
18585,Compact Cars,Regular,,13.1844,Pontiac,Manual 4-spd,4.0,2.0
18586,Compact Cars,Regular,Front-Wheel Drive,18.3116666666667,Cadillac,Manual 4-spd,6.0,2.8
18587,Vans,Regular,Rear-Wheel Drive,25.3546153846154,Chevrolet,Automatic 4-spd,8.0,5.7
18588,Compact Cars,Regular,,13.73375,Renault,Automatic 3-spd,4.0,1.4
18589,Compact Cars,Regular,,10.3003125,Renault,Manual 4-spd,4.0,1.4
18590,Compact Cars,Regular,,11.3658620689655,Renault,Manual 5-spd,4.0,1.4
18591,Compact Cars,Regular,,41.20125,Rolls-Royce,Automatic 3-spd,8.0,6.8
18592,Compact Cars,Regular,,18.3116666666667,Saab,Automatic 3-spd,4.0,2.0
18593,Compact Cars,Regular,,18.3116666666667,Saab,Automatic 3-spd,4.0,2.0
18594,Compact Cars,Regular,,15.6957142857143,Saab,Manual 5-spd,4.0,2.0
18595,Compact Cars,Regular,,16.4805,Saab,Manual 5-spd,4.0,2.0
18596,Compact Cars,Diesel,,11.94328125,Toyota,Manual 5-spd,4.0,1.8
18597,Compact Cars,Regular,,12.6773076923077,Toyota,Automatic 4-spd,4.0,2.0
18598,Vans,Regular,Rear-Wheel Drive,25.3546153846154,Chevrolet,Automatic 4-spd,8.0,5.7
18599,Compact Cars,Regular,,12.2077777777778,Toyota,Manual 5-spd,4.0,2.0
18600,Compact Cars,Regular,,12.2077777777778,Toyota,Automatic 3-spd,4.0,1.6
18601,Compact Cars,Regular,,11.3658620689655,Toyota,Manual 5-spd,4.0,1.6
18602,Compact Cars,Diesel,,12.3285483870968,Toyota,Automatic 3-spd,4.0,1.8
18603,Compact Cars,Diesel,,10.0575,Toyota,Manual 4-spd,4.0,1.8
18604,Compact Cars,Diesel,,10.61625,Toyota,Manual 5-spd,4.0,1.8
18605,Compact Cars,Diesel,,14.155,Volkswagen,Automatic 3-spd,4.0,1.6
18606,Compact Cars,Diesel,,14.155,Volkswagen,Automatic 3-spd,4.0,1.6
18607,Compact Cars,Diesel,,11.5813636363636,Volkswagen,Manual 5-spd,4.0,1.6
18608,Compact Cars,Diesel,,11.5813636363636,Volkswagen,Manual 5-spd,4.0,1.6
18609,Vans,Diesel,Rear-Wheel Drive,21.2325,Chevrolet,Automatic 4-spd,8.0,6.2
18610,Compact Cars,Regular,,18.3116666666667,Volkswagen,Automatic 3-spd,5.0,2.1
18611,Compact Cars,Regular,,18.3116666666667,Volkswagen,Manual 5-spd,5.0,2.1
18612,Compact Cars,Regular,,19.3888235294118,Volvo,Automatic 4-spd,4.0,2.1
18613,Compact Cars,Regular,,18.3116666666667,Volvo,Manual 5-spd,4.0,2.1
18614,Compact Cars,Regular,,16.4805,Volvo,Automatic 4-spd,4.0,2.3
18615,Compact Cars,Regular,,17.3478947368421,Volvo,Automatic 4-spd,4.0,2.3
18616,Compact Cars,Regular,,14.3308695652174,Volvo,Manual 5-spd,4.0,2.3
18617,Compact Cars,Regular,,14.9822727272727,Volvo,Manual 5-spd,4.0,2.3
18618,Compact Cars,Diesel,,15.924375,Volvo,Automatic 3-spd,6.0,2.4
18619,Compact Cars,Diesel,,14.6994230769231,Volvo,Manual 5-spd,6.0,2.4
18620,Vans,Diesel,Rear-Wheel Drive,22.4814705882353,Chevrolet,Manual 4-spd,8.0,6.2
18621,Midsize Cars,Regular,,19.3888235294118,Audi,Automatic 3-spd,5.0,2.1
18622,Midsize Cars,Regular,,19.3888235294118,Audi,Automatic 3-spd,5.0,2.1
18623,Midsize Cars,Regular,,17.3478947368421,Audi,Manual 5-spd,5.0,2.1
18624,Midsize Cars,Regular,,25.3546153846154,Bitter Gmbh and Co. Kg,Automatic 3-spd,6.0,3.0
18625,Midsize Cars,Regular,,23.5435714285714,Bitter Gmbh and Co. Kg,Manual 5-spd,6.0,3.0
18626,Midsize Cars,Regular,,14.3308695652174,Buick,Automatic 3-spd,4.0,2.5
18627,Midsize Cars,Regular,,16.4805,Buick,Automatic 3-spd,6.0,3.0
18628,Midsize Cars,Regular,,17.3478947368421,Buick,Automatic 4-spd,6.0,3.8
18629,Midsize Cars,Diesel,,15.2874,Buick,Automatic 3-spd,6.0,4.3
18630,Midsize Cars,Regular,,17.3478947368421,Buick,Automatic 3-spd,6.0,3.8
18631,Vans,Regular,Rear-Wheel Drive,29.9645454545455,Chevrolet,Automatic 4-spd,8.0,5.7
18632,Midsize Cars,Regular,,20.600625,Buick,Automatic 4-spd,6.0,3.8
18633,Midsize Cars,Regular,,19.3888235294118,Buick,Automatic 4-spd,6.0,4.1
18634,Midsize Cars,Diesel,,16.6167391304348,Buick,Automatic 4-spd,6.0,4.3
18635,Midsize Cars,Diesel,,18.1992857142857,Buick,Automatic 4-spd,8.0,5.7
18636,Midsize Cars,Regular,,21.974,Buick,Automatic 4-spd,6.0,3.8
18637,Midsize Cars,Regular,,21.974,Buick,Automatic 4-spd,6.0,4.1
18638,Midsize Cars,Regular,,20.600625,Buick,Automatic 4-spd,8.0,5.0
18639,Midsize Cars,Diesel,,18.1992857142857,Buick,Automatic 4-spd,8.0,5.7
18640,Midsize Cars,Regular,,19.3888235294118,Cadillac,Automatic 4-spd,8.0,4.1
18641,Midsize Cars,Diesel,,18.1992857142857,Cadillac,Automatic 4-spd,8.0,5.7
18642,Vans,Regular,Rear-Wheel Drive,29.9645454545455,Chevrolet,Automatic 4-spd,8.0,5.7
18643,Midsize Cars,Regular,,19.3888235294118,Cadillac,Automatic 4-spd,8.0,4.1
18644,Midsize Cars,Diesel,,18.1992857142857,Cadillac,Automatic 4-spd,8.0,5.7
18645,Midsize Cars,Regular,,14.3308695652174,Chevrolet,Automatic 3-spd,4.0,2.5
18646,Midsize Cars,Regular,,14.3308695652174,Chevrolet,Manual 4-spd,4.0,2.5
18647,Midsize Cars,Regular,,17.3478947368421,Chevrolet,Automatic 3-spd,6.0,2.8
18648,Midsize Cars,Diesel,,15.2874,Chevrolet,Automatic 3-spd,6.0,4.3
18649,Midsize Cars,Regular,,14.3308695652174,Chevrolet,Automatic 3-spd,4.0,2.5
18650,Midsize Cars,Regular,,13.73375,Chevrolet,Manual 4-spd,4.0,2.5
18651,Midsize Cars,Regular,,17.3478947368421,Chevrolet,Automatic 3-spd,6.0,2.8
18652,Midsize Cars,Regular,,17.3478947368421,Chevrolet,Manual 4-spd,6.0,2.8
18653,Vans,Regular,Rear-Wheel Drive,25.3546153846154,Dodge,Automatic 3-spd,6.0,3.7
18654,Midsize Cars,Regular,,18.3116666666667,Chevrolet,Automatic 3-spd,6.0,3.8
18655,Midsize Cars,Regular,,18.3116666666667,Chevrolet,Automatic 4-spd,6.0,3.8
18656,Midsize Cars,Regular,,21.974,Chevrolet,Automatic 3-spd,8.0,5.0
18657,Midsize Cars,Regular,,19.3888235294118,Chevrolet,Automatic 4-spd,8.0,5.0
18658,Midsize Cars,Diesel,,18.1992857142857,Chevrolet,Automatic 3-spd,8.0,5.7
18659,Midsize Cars,Diesel,,18.1992857142857,Chevrolet,Automatic 4-spd,8.0,5.7
18660,Midsize Cars,Regular,,14.9822727272727,Chrysler,Automatic 3-spd,4.0,2.2
18661,Midsize Cars,Regular,,17.3478947368421,Chrysler,Automatic 3-spd,4.0,2.2
18662,Midsize Cars,Regular,,16.4805,Chrysler,Automatic 3-spd,4.0,2.6
18663,Midsize Cars,Regular,,18.3116666666667,Chrysler,Automatic 3-spd,4.0,2.6
18664,Vans,Regular,Rear-Wheel Drive,21.974,Dodge,Automatic 3-spd,6.0,3.7
18665,Midsize Cars,Regular,,14.9822727272727,Chrysler,Automatic 3-spd,4.0,2.2
18666,Midsize Cars,Regular,,13.73375,Chrysler,Manual 5-spd,4.0,2.2
18667,Midsize Cars,Regular,,14.9822727272727,Chrysler,Automatic 3-spd,4.0,2.2
18668,Midsize Cars,Regular,,17.3478947368421,Chrysler,Automatic 3-spd,4.0,2.2
18669,Midsize Cars,Regular,,14.3308695652174,Chrysler,Manual 5-spd,4.0,2.2
18670,Midsize Cars,Regular,,16.4805,Chrysler,Automatic 3-spd,4.0,2.6
18671,Midsize Cars,Regular,,21.974,Chrysler,Automatic 3-spd,8.0,5.2
18672,Midsize Cars,Regular,,14.3308695652174,Dodge,Automatic 3-spd,4.0,2.2
18673,Midsize Cars,Regular,,13.1844,Dodge,Manual 4-spd,4.0,2.2
18674,Midsize Cars,Regular,,13.73375,Dodge,Manual 5-spd,4.0,2.2
18675,Vans,Regular,Rear-Wheel Drive,21.974,Dodge,Manual 4-spd,6.0,3.7
18676,Midsize Cars,Regular,,16.4805,Dodge,Automatic 3-spd,4.0,2.6
18677,Midsize Cars,Regular,,21.974,Dodge,Automatic 3-spd,8.0,5.2
18678,Midsize Cars,Regular,,25.3546153846154,Dodge,Automatic 3-spd,8.0,5.2
18679,Midsize Cars,Regular,,14.3308695652174,Dodge,Automatic 3-spd,4.0,2.2
18680,Midsize Cars,Regular,,13.73375,Dodge,Manual 5-spd,4.0,2.2
18681,Midsize Cars,Regular,,14.9822727272727,Dodge,Automatic 3-spd,4.0,2.2
18682,Midsize Cars,Regular,,17.3478947368421,Dodge,Automatic 3-spd,4.0,2.2
18683,Midsize Cars,Regular,,14.9822727272727,Dodge,Manual 5-spd,4.0,2.2
18684,Midsize Cars,Regular,,16.4805,Dodge,Manual 5-spd,4.0,2.2
18685,Midsize Cars,Regular,,16.4805,Dodge,Automatic 3-spd,4.0,2.6
18686,Vans,Regular,Rear-Wheel Drive,27.4675,Dodge,Automatic 3-spd,8.0,5.2
18687,Midsize Cars,Regular,,16.4805,Ford,Automatic 3-spd,4.0,2.3
18688,Midsize Cars,Regular,,19.3888235294118,Ford,Automatic 3-spd,6.0,3.8
18689,Midsize Cars,Regular,,17.3478947368421,Ford,Automatic 4-spd,6.0,3.8
18690,Midsize Cars,Regular,,18.3116666666667,Ford,Automatic 3-spd,6.0,3.8
18691,Midsize Cars,Regular,,19.3888235294118,Ford,Automatic 4-spd,8.0,5.0
18692,Midsize Cars,Regular,,23.5435714285714,Kenyon Corporation Of America,Automatic 3-spd,8.0,5.0
18693,Midsize Cars,Diesel,,16.6167391304348,Lincoln,Automatic 4-spd,6.0,2.4
18694,Midsize Cars,Regular,,20.600625,Lincoln,Automatic 4-spd,8.0,5.0
18695,Midsize Cars,Diesel,,16.6167391304348,Lincoln,Automatic 4-spd,6.0,2.4
18696,Midsize Cars,Regular,,20.600625,Lincoln,Automatic 4-spd,8.0,5.0
18697,Two Seaters,Regular,Rear-Wheel Drive,13.1844,Pontiac,Automatic 3-spd,4.0,2.5
18698,Compact Cars,Regular,Front-Wheel Drive,19.3888235294118,Cadillac,Automatic 4-spd,8.0,4.1
18699,Vans,Regular,Rear-Wheel Drive,27.4675,Dodge,Automatic 3-spd,8.0,5.2
18700,Midsize Cars,Regular,,16.4805,Mercury,Automatic 3-spd,4.0,2.3
18701,Midsize Cars,Regular,,19.3888235294118,Mercury,Automatic 3-spd,6.0,3.8
18702,Midsize Cars,Regular,,17.3478947368421,Mercury,Automatic 4-spd,6.0,3.8
18703,Midsize Cars,Regular,,18.3116666666667,Mercury,Automatic 3-spd,6.0,3.8
18704,Midsize Cars,Regular,,19.3888235294118,Mercury,Automatic 4-spd,8.0,5.0
18705,Midsize Cars,Regular,,41.20125,Maserati,Automatic 3-spd,8.0,4.9
18706,Midsize Cars,Regular,,25.3546153846154,Mercedes-Benz,Automatic 4-spd,8.0,5.0
18707,Midsize Cars,Regular,,14.3308695652174,Oldsmobile,Automatic 3-spd,4.0,2.5
18708,Midsize Cars,Regular,,16.4805,Oldsmobile,Automatic 3-spd,6.0,3.0
18709,Midsize Cars,Regular,,17.3478947368421,Oldsmobile,Automatic 4-spd,6.0,3.8
18710,Vans,Regular,Rear-Wheel Drive,25.3546153846154,Dodge,Automatic 3-spd,8.0,5.2
18711,Midsize Cars,Diesel,,15.2874,Oldsmobile,Automatic 3-spd,6.0,4.3
18712,Midsize Cars,Regular,,17.3478947368421,Oldsmobile,Automatic 3-spd,6.0,3.8
18713,Midsize Cars,Diesel,,16.6167391304348,Oldsmobile,Automatic 3-spd,6.0,4.3
18714,Midsize Cars,Diesel,,16.6167391304348,Oldsmobile,Automatic 4-spd,6.0,4.3
18715,Midsize Cars,Regular,,20.600625,Oldsmobile,Automatic 3-spd,8.0,5.0
18716,Midsize Cars,Regular,,19.3888235294118,Oldsmobile,Automatic 4-spd,8.0,5.0
18717,Midsize Cars,Diesel,,18.1992857142857,Oldsmobile,Automatic 3-spd,8.0,5.7
18718,Midsize Cars,Diesel,,18.1992857142857,Oldsmobile,Automatic 4-spd,8.0,5.7
18719,Midsize Cars,Regular,,21.974,Oldsmobile,Automatic 4-spd,6.0,4.1
18720,Midsize Cars,Regular,,20.600625,Oldsmobile,Automatic 4-spd,8.0,5.0
18721,Vans,Regular,Rear-Wheel Drive,23.5435714285714,Dodge,Manual 4-spd,8.0,5.2
18722,Midsize Cars,Diesel,,18.1992857142857,Oldsmobile,Automatic 4-spd,8.0,5.7
18723,Midsize Cars,Regular,,21.974,Plymouth,Automatic 3-spd,8.0,5.2
18724,Midsize Cars,Regular,,25.3546153846154,Plymouth,Automatic 3-spd,8.0,5.2
18725,Midsize Cars,Regular,,14.3308695652174,Plymouth,Automatic 3-spd,4.0,2.2
18726,Midsize Cars,Regular,,13.1844,Plymouth,Manual 4-spd,4.0,2.2
18727,Midsize Cars,Regular,,13.73375,Plymouth,Manual 5-spd,4.0,2.2
18728,Midsize Cars,Regular,,16.4805,Plymouth,Automatic 3-spd,4.0,2.6
18729,Midsize Cars,Regular,,17.3478947368421,Pontiac,Automatic 3-spd,6.0,3.8
18730,Midsize Cars,Regular,,21.974,Pontiac,Automatic 3-spd,8.0,5.0
18731,Midsize Cars,Regular,,19.3888235294118,Pontiac,Automatic 4-spd,8.0,5.0
18732,Vans,Regular,Rear-Wheel Drive,25.3546153846154,Dodge,Manual 4-spd,8.0,5.2
18733,Midsize Cars,Diesel,,18.1992857142857,Pontiac,Automatic 3-spd,8.0,5.7
18734,Midsize Cars,Diesel,,18.1992857142857,Pontiac,Automatic 4-spd,8.0,5.7
18735,Midsize Cars,Regular,,17.3478947368421,Pontiac,Automatic 3-spd,6.0,3.8
18736,Midsize Cars,Regular,,21.974,Pontiac,Automatic 3-spd,8.0,5.0
18737,Midsize Cars,Regular,,19.3888235294118,Pontiac,Automatic 4-spd,8.0,5.0
18738,Midsize Cars,Diesel,,18.1992857142857,Pontiac,Automatic 3-spd,8.0,5.7
18739,Midsize Cars,Diesel,,18.1992857142857,Pontiac,Automatic 4-spd,8.0,5.7
18740,Midsize Cars,Regular,,14.3308695652174,Pontiac,Automatic 3-spd,4.0,2.5
18741,Midsize Cars,Regular,,17.3478947368421,Pontiac,Automatic 3-spd,6.0,2.8
18742,Midsize Cars,Regular,,17.3478947368421,Pontiac,Manual 4-spd,6.0,2.8
18743,Vans,Regular,Rear-Wheel Drive,29.9645454545455,Dodge,Automatic 3-spd,8.0,5.9
18744,Midsize Cars,Regular,,14.3308695652174,Pontiac,Automatic 3-spd,4.0,2.5
18745,Midsize Cars,Regular,,17.3478947368421,Pontiac,Automatic 3-spd,6.0,2.8
18746,Midsize Cars,Diesel,,15.2874,Pontiac,Automatic 3-spd,6.0,4.3
18747,Midsize Cars,Regular,,36.6233333333333,Rolls-Royce,Automatic 3-spd,8.0,6.8
18748,Midsize Cars,Regular,,18.3116666666667,Volvo,Automatic 4-spd,4.0,2.3
18749,Midsize Cars,Regular,,17.3478947368421,Volvo,Manual 5-spd,4.0,2.3
18750,Midsize Cars,Diesel,,16.6167391304348,Volvo,Automatic 4-spd,6.0,2.4
18751,Midsize Cars,Diesel,,15.2874,Volvo,Manual 5-spd,6.0,2.4
18752,Midsize Cars,Regular,,18.3116666666667,Volvo,Automatic 4-spd,6.0,2.9
18753,Large Cars,Regular,2-Wheel Drive,20.600625,Buick,Automatic 4-spd,6.0,4.1
18754,Vans,Regular,Rear-Wheel Drive,27.4675,Dodge,Automatic 3-spd,8.0,5.2
18755,Large Cars,Regular,2-Wheel Drive,20.600625,Buick,Automatic 4-spd,8.0,5.0
18756,Large Cars,Diesel,2-Wheel Drive,18.1992857142857,Buick,Automatic 4-spd,8.0,5.7
18757,Large Cars,Regular,,19.3888235294118,Buick,Automatic 3-spd,6.0,3.8
18758,Large Cars,Regular,,20.600625,Buick,Automatic 4-spd,6.0,4.1
18759,Large Cars,Regular,,20.600625,Buick,Automatic 3-spd,8.0,5.0
18760,Large Cars,Regular,,20.600625,Buick,Automatic 4-spd,8.0,5.0
18761,Large Cars,Diesel,,18.1992857142857,Buick,Automatic 4-spd,8.0,5.7
18762,Large Cars,Regular,Rear-Wheel Drive,20.600625,Cadillac,Automatic 4-spd,8.0,4.1
18763,Large Cars,Diesel,Rear-Wheel Drive,18.1992857142857,Cadillac,Automatic 4-spd,8.0,5.7
18764,Large Cars,Regular,,36.6233333333333,Cadillac,Automatic 3-spd,8.0,6.0
18765,Vans,Regular,Rear-Wheel Drive,27.4675,Dodge,Automatic 3-spd,8.0,5.2
18766,Large Cars,Regular,,19.3888235294118,Chevrolet,Automatic 3-spd,6.0,3.8
18767,Large Cars,Regular,,20.600625,Chevrolet,Automatic 3-spd,8.0,5.0
18768,Large Cars,Regular,,20.600625,Chevrolet,Automatic 4-spd,8.0,5.0
18769,Large Cars,Regular,,23.5435714285714,Chevrolet,Automatic 4-spd,8.0,5.7
18770,Large Cars,Diesel,,18.1992857142857,Chevrolet,Automatic 3-spd,8.0,5.7
18771,Large Cars,Diesel,,18.1992857142857,Chevrolet,Automatic 4-spd,8.0,5.7
18772,Large Cars,Regular,,20.600625,Ford,Automatic 4-spd,8.0,5.0
18773,Large Cars,Regular,,23.5435714285714,Ford,Automatic 4-spd,8.0,5.8
18774,Large Cars,Regular,,20.600625,Mercury,Automatic 4-spd,8.0,5.0
18775,Large Cars,Regular,,20.600625,Lincoln,Automatic 4-spd,8.0,5.0
18776,Vans,Regular,Rear-Wheel Drive,32.961,Dodge,Automatic 3-spd,8.0,5.9
18777,Large Cars,Regular,,19.3888235294118,Oldsmobile,Automatic 3-spd,6.0,3.8
18778,Large Cars,Regular,,20.600625,Oldsmobile,Automatic 3-spd,8.0,5.0
18779,Large Cars,Regular,,20.600625,Oldsmobile,Automatic 4-spd,8.0,5.0
18780,Large Cars,Diesel,,18.1992857142857,Oldsmobile,Automatic 3-spd,8.0,5.7
18781,Large Cars,Diesel,,18.1992857142857,Oldsmobile,Automatic 4-spd,8.0,5.7
18782,Large Cars,Regular,,20.600625,Oldsmobile,Automatic 4-spd,8.0,5.0
18783,Large Cars,Diesel,,18.1992857142857,Oldsmobile,Automatic 4-spd,8.0,5.7
18784,Large Cars,Regular,,19.3888235294118,Pontiac,Automatic 3-spd,6.0,3.8
18785,Large Cars,Regular,,20.600625,Pontiac,Automatic 4-spd,8.0,5.0
18786,Large Cars,Diesel,,18.1992857142857,Pontiac,Automatic 3-spd,8.0,5.7
18787,Vans,Regular,Rear-Wheel Drive,14.9822727272727,Ford,Manual 5-spd,4.0,2.3
18788,Large Cars,Diesel,,18.1992857142857,Pontiac,Automatic 4-spd,8.0,5.7
18789,Large Cars,Regular,,41.20125,Rolls-Royce,Automatic 3-spd,8.0,6.8
18790,Small Station Wagons,Regular,,13.73375,Buick,Automatic 3-spd,4.0,1.8
18791,Small Station Wagons,Regular,,12.6773076923077,Buick,Manual 5-spd,4.0,1.8
18792,Small Station Wagons,Regular,,15.6957142857143,Buick,Automatic 3-spd,4.0,2.0
18793,Small Station Wagons,Regular,,14.3308695652174,Buick,Manual 4-spd,4.0,2.0
18794,Small Station Wagons,Regular,,13.1844,Chevrolet,Automatic 3-spd,4.0,2.0
18795,Small Station Wagons,Regular,,13.1844,Chevrolet,Manual 4-spd,4.0,2.0
18796,Small Station Wagons,Regular,,13.1844,Chevrolet,Manual 5-spd,4.0,2.0
18797,Small Station Wagons,Regular,,16.4805,Nissan,Automatic 4-spd,6.0,2.4
18798,Vans,Regular,Rear-Wheel Drive,20.600625,Ford,Automatic 4-spd,6.0,2.8
18799,Small Station Wagons,Regular,,13.1844,Nissan,Automatic 3-spd,4.0,1.6
18800,Small Station Wagons,Regular,,10.987,Nissan,Manual 5-spd,4.0,1.6
18801,Small Station Wagons,Diesel,,12.7395,Nissan,Automatic 3-spd,4.0,1.7
18802,Small Station Wagons,Diesel,,10.9195714285714,Nissan,Manual 5-spd,4.0,1.7
18803,Small Station Wagons,Regular,,14.3308695652174,Dodge,Automatic 3-spd,4.0,2.0
18804,Small Station Wagons,Regular,,13.73375,Dodge,Manual 4-spd Doubled,4.0,2.0
18805,Small Station Wagons,Regular,,13.1844,Dodge,Manual 5-spd,4.0,2.0
18806,Small Station Wagons,Regular,,14.3308695652174,Ford,Automatic 3-spd,4.0,1.6
18807,Small Station Wagons,Regular,,12.6773076923077,Ford,Manual 4-spd,4.0,1.6
18808,Small Station Wagons,Regular,,13.73375,Ford,Manual 5-spd,4.0,1.6
18809,Compact Cars,Regular,Front-Wheel Drive,13.73375,Chevrolet,Automatic 3-spd,4.0,2.0
18810,Vans,Regular,Rear-Wheel Drive,19.3888235294118,Ford,Manual 5-spd,6.0,2.8
18811,Small Station Wagons,Regular,,14.3308695652174,Ford,Automatic 3-spd,4.0,1.6
18812,Small Station Wagons,Regular,,13.1844,Ford,Manual 5-spd,4.0,1.6
18813,Small Station Wagons,Diesel,,11.2407352941176,Ford,Manual 5-spd,4.0,2.0
18814,Small Station Wagons,Regular,,13.1844,Honda,Automatic 3-spd,4.0,1.5
18815,Small Station Wagons,Regular,,11.3658620689655,Honda,Manual 5-spd,4.0,1.5
18816,Small Station Wagons,Regular,,14.3308695652174,Mercury,Automatic 3-spd,4.0,1.6
18817,Small Station Wagons,Regular,,12.6773076923077,Mercury,Manual 4-spd,4.0,1.6
18818,Small Station Wagons,Regular,,13.73375,Mercury,Manual 5-spd,4.0,1.6
18819,Small Station Wagons,Diesel,,11.2407352941176,Mercury,Manual 5-spd,4.0,2.0
18820,Small Station Wagons,Regular,,16.4805,Mazda,Automatic 3-spd,4.0,1.5
18821,Vans,Regular,Rear-Wheel Drive,18.3116666666667,Ford,Manual 5-spd,6.0,3.0
18822,Small Station Wagons,Regular,,13.73375,Mazda,Manual 4-spd,4.0,1.5
18823,Small Station Wagons,Regular,,13.73375,Mazda,Manual 5-spd,4.0,1.5
18824,Small Station Wagons,Regular,,14.9822727272727,Mitsubishi,Automatic 3-spd,4.0,2.0
18825,Small Station Wagons,Regular,,13.73375,Mitsubishi,Manual 4-spd Doubled,4.0,2.0
18826,Small Station Wagons,Regular,,14.3308695652174,Mitsubishi,Manual 5-spd,4.0,2.0
18827,Small Station Wagons,Regular,,13.73375,Oldsmobile,Automatic 3-spd,4.0,1.8
18828,Small Station Wagons,Regular,,12.6773076923077,Oldsmobile,Manual 5-spd,4.0,1.8
18829,Small Station Wagons,Regular,,15.6957142857143,Oldsmobile,Automatic 3-spd,4.0,2.0
18830,Small Station Wagons,Regular,,13.1844,Oldsmobile,Manual 4-spd,4.0,2.0
18831,Small Station Wagons,Regular,,13.1844,Oldsmobile,Manual 5-spd,4.0,2.0
18832,Vans,Regular,Rear-Wheel Drive,19.3888235294118,Ford,Automatic 4-spd,6.0,3.0
18833,Small Station Wagons,Regular,,14.3308695652174,Plymouth,Automatic 3-spd,4.0,2.0
18834,Small Station Wagons,Regular,,13.73375,Plymouth,Manual 4-spd Doubled,4.0,2.0
18835,Small Station Wagons,Regular,,13.1844,Plymouth,Manual 5-spd,4.0,2.0
18836,Small Station Wagons,Regular,,13.73375,Pontiac,Automatic 3-spd,4.0,1.8
18837,Small Station Wagons,Regular,,12.6773076923077,Pontiac,Manual 5-spd,4.0,1.8
18838,Small Station Wagons,Regular,,13.1844,Pontiac,Manual 4-spd,4.0,2.0
18839,Small Station Wagons,Regular,,17.3478947368421,Renault,Automatic 3-spd,4.0,2.2
18840,Small Station Wagons,Regular,,14.3308695652174,Renault,Manual 5-spd,4.0,2.2
18841,Small Station Wagons,Regular,,14.9822727272727,Subaru,Automatic 3-spd,4.0,1.8
18842,Small Station Wagons,Regular,,13.1844,Subaru,Manual 5-spd,4.0,1.8
18843,Vans,Regular,Rear-Wheel Drive,25.3546153846154,Ford,Automatic 3-spd,6.0,4.9
18844,Small Station Wagons,Regular,,14.9822727272727,Subaru,Automatic 3-spd,4.0,1.8
18845,Small Station Wagons,Regular,,13.1844,Subaru,Manual 5-spd,4.0,1.8
18846,Small Station Wagons,Regular,,17.3478947368421,Toyota,Automatic 4-spd,6.0,2.8
18847,Small Station Wagons,Regular,,12.6773076923077,Toyota,Automatic 3-spd,4.0,1.5
18848,Small Station Wagons,Regular,,11.3658620689655,Toyota,Manual 5-spd,4.0,1.5
18849,Small Station Wagons,Regular,,14.3308695652174,Toyota,Automatic 3-spd,4.0,1.5
18850,Small Station Wagons,Regular,,12.6773076923077,Toyota,Manual 5-spd,4.0,1.5
18851,Small Station Wagons,Diesel,,14.155,Volkswagen,Automatic 3-spd,4.0,1.6
18852,Small Station Wagons,Diesel,,14.155,Volkswagen,Automatic 3-spd,4.0,1.6
18853,Small Station Wagons,Diesel,,11.5813636363636,Volkswagen,Manual 5-spd,4.0,1.6
18854,Vans,Regular,Rear-Wheel Drive,23.5435714285714,Ford,Automatic 4-spd,6.0,4.9
18855,Small Station Wagons,Diesel,,11.5813636363636,Volkswagen,Manual 5-spd,4.0,1.6
18856,Small Station Wagons,Regular,,18.3116666666667,Volkswagen,Automatic 3-spd,5.0,2.1
18857,Small Station Wagons,Regular,,18.3116666666667,Volkswagen,Manual 5-spd,5.0,2.1
18858,Midsize Station Wagons,Regular,,19.3888235294118,Audi,Automatic 3-spd,5.0,2.1
18859,Midsize Station Wagons,Regular,,17.3478947368421,Audi,Manual 5-spd,5.0,2.1
18860,Midsize Station Wagons,Regular,,14.9822727272727,Buick,Automatic 3-spd,4.0,2.5
18861,Midsize Station Wagons,Regular,,19.3888235294118,Buick,Automatic 3-spd,6.0,3.0
18862,Midsize Station Wagons,Regular,,17.3478947368421,Buick,Automatic 4-spd,6.0,3.8
18863,Midsize Station Wagons,Diesel,,15.2874,Buick,Automatic 3-spd,6.0,4.3
18864,Midsize Station Wagons,Regular,,14.3308695652174,Chevrolet,Automatic 3-spd,4.0,2.5
18865,Vans,Regular,Rear-Wheel Drive,23.5435714285714,Ford,Manual 4-spd,6.0,4.9
18866,Midsize Station Wagons,Regular,,14.3308695652174,Chevrolet,Manual 4-spd,4.0,2.5
18867,Midsize Station Wagons,Regular,,18.3116666666667,Chevrolet,Automatic 3-spd,6.0,2.8
18868,Midsize Station Wagons,Regular,,17.3478947368421,Chevrolet,Automatic 4-spd,6.0,2.8
18869,Midsize Station Wagons,Diesel,,15.2874,Chevrolet,Automatic 3-spd,6.0,4.3
18870,Midsize Station Wagons,Regular,,15.6957142857143,Chrysler,Automatic 3-spd,4.0,2.2
18871,Midsize Station Wagons,Regular,,16.4805,Chrysler,Automatic 3-spd,4.0,2.6
18872,Midsize Station Wagons,Regular,,14.3308695652174,Dodge,Automatic 3-spd,4.0,2.2
18873,Midsize Station Wagons,Regular,,13.1844,Dodge,Manual 4-spd,4.0,2.2
18874,Midsize Station Wagons,Regular,,13.73375,Dodge,Manual 5-spd,4.0,2.2
18875,Midsize Station Wagons,Regular,,16.4805,Dodge,Automatic 3-spd,4.0,2.6
18876,Vans,Regular,Rear-Wheel Drive,23.5435714285714,Ford,Automatic 4-spd,8.0,5.0
18877,Midsize Station Wagons,Regular,,19.3888235294118,Ford,Automatic 3-spd,6.0,3.8
18878,Midsize Station Wagons,Regular,,17.3478947368421,Ford,Automatic 4-spd,6.0,3.8
18879,Midsize Station Wagons,Regular,,18.3116666666667,Ford,Automatic 3-spd,6.0,3.8
18880,Midsize Station Wagons,Regular,,19.3888235294118,Mercury,Automatic 3-spd,6.0,3.8
18881,Midsize Station Wagons,Regular,,17.3478947368421,Mercury,Automatic 4-spd,6.0,3.8
18882,Midsize Station Wagons,Regular,,18.3116666666667,Mercury,Automatic 3-spd,6.0,3.8
18883,Midsize Station Wagons,Diesel,,17.3720454545455,Mercedes-Benz,Automatic 4-spd,5.0,3.0
18884,Midsize Station Wagons,Diesel,,17.3720454545455,Mercedes-Benz,Automatic 4-spd,5.0,3.0
18885,Midsize Station Wagons,Regular,,14.3308695652174,Oldsmobile,Automatic 3-spd,4.0,2.5
18886,Midsize Station Wagons,Regular,,19.3888235294118,Oldsmobile,Automatic 3-spd,6.0,3.0
18887,Vans,Regular,Rear-Wheel Drive,29.9645454545455,Ford,Automatic 3-spd,8.0,5.8
18888,Midsize Station Wagons,Regular,,17.3478947368421,Oldsmobile,Automatic 4-spd,6.0,3.8
18889,Midsize Station Wagons,Diesel,,15.2874,Oldsmobile,Automatic 3-spd,6.0,4.3
18890,Midsize Station Wagons,Regular,,19.3888235294118,Peugeot,Automatic 3-spd,4.0,2.0
18891,Midsize Station Wagons,Regular,,17.3478947368421,Peugeot,Manual 5-spd,4.0,2.0
18892,Midsize Station Wagons,Diesel,,17.3720454545455,Peugeot,Automatic 3-spd,4.0,2.3
18893,Midsize Station Wagons,Diesel,,17.3720454545455,Peugeot,Automatic 3-spd,4.0,2.3
18894,Midsize Station Wagons,Regular,,14.3308695652174,Plymouth,Automatic 3-spd,4.0,2.2
18895,Midsize Station Wagons,Regular,,13.1844,Plymouth,Manual 4-spd,4.0,2.2
18896,Midsize Station Wagons,Regular,,13.73375,Plymouth,Manual 5-spd,4.0,2.2
18897,Midsize Station Wagons,Regular,,16.4805,Plymouth,Automatic 3-spd,4.0,2.6
18898,Vans,Regular,Rear-Wheel Drive,21.974,GMC,Automatic 3-spd,6.0,4.3
18899,Midsize Station Wagons,Regular,,14.3308695652174,Pontiac,Automatic 3-spd,4.0,2.5
18900,Midsize Station Wagons,Regular,,18.3116666666667,Pontiac,Automatic 3-spd,6.0,2.8
18901,Midsize Station Wagons,Regular,,17.3478947368421,Pontiac,Automatic 4-spd,6.0,2.8
18902,Midsize Station Wagons,Diesel,,15.2874,Pontiac,Automatic 3-spd,6.0,4.3
18903,Midsize Station Wagons,Regular,,19.3888235294118,Volvo,Automatic 4-spd,4.0,2.1
18904,Midsize Station Wagons,Regular,,18.3116666666667,Volvo,Manual 5-spd,4.0,2.1
18905,Midsize Station Wagons,Regular,,16.4805,Volvo,Automatic 4-spd,4.0,2.3
18906,Midsize Station Wagons,Regular,,17.3478947368421,Volvo,Automatic 4-spd,4.0,2.3
18907,Midsize Station Wagons,Regular,,15.6957142857143,Volvo,Manual 5-spd,4.0,2.3
18908,Midsize Station Wagons,Regular,,14.9822727272727,Volvo,Manual 5-spd,4.0,2.3
18909,Vans,Regular,Rear-Wheel Drive,20.600625,GMC,Automatic 4-spd,6.0,4.3
18910,Midsize Station Wagons,Diesel,,15.924375,Volvo,Automatic 3-spd,6.0,2.4
18911,Midsize Station Wagons,Diesel,,14.6994230769231,Volvo,Manual 5-spd,6.0,2.4
18912,Midsize-Large Station Wagons,Regular,,20.600625,Buick,Automatic 4-spd,8.0,5.0
18913,Midsize-Large Station Wagons,Diesel,,18.1992857142857,Buick,Automatic 4-spd,8.0,5.7
18914,Midsize-Large Station Wagons,Regular,,21.974,Chevrolet,Automatic 4-spd,8.0,5.0
18915,Midsize-Large Station Wagons,Diesel,,18.1992857142857,Chevrolet,Automatic 4-spd,8.0,5.7
18916,Midsize-Large Station Wagons,Regular,,20.600625,Ford,Automatic 4-spd,8.0,5.0
18917,Midsize-Large Station Wagons,Regular,,20.600625,Mercury,Automatic 4-spd,8.0,5.0
18918,Midsize-Large Station Wagons,Regular,,20.600625,Oldsmobile,Automatic 4-spd,8.0,5.0
18919,Midsize-Large Station Wagons,Diesel,,18.1992857142857,Oldsmobile,Automatic 4-spd,8.0,5.7
18920,Compact Cars,Regular,Front-Wheel Drive,12.6773076923077,Chevrolet,Manual 4-spd,4.0,2.0
18921,Vans,Regular,Rear-Wheel Drive,21.974,GMC,Automatic 4-spd,6.0,4.3
18922,Midsize-Large Station Wagons,Regular,,21.974,Pontiac,Automatic 4-spd,8.0,5.0
18923,Midsize-Large Station Wagons,Diesel,,18.1992857142857,Pontiac,Automatic 4-spd,8.0,5.7
18924,Small Pickup Trucks 2WD,Regular,2-Wheel Drive,13.73375,Chevrolet,Manual 4-spd,4.0,2.0
18925,Small Pickup Trucks 2WD,Regular,2-Wheel Drive,12.6773076923077,Chevrolet,Manual 5-spd,4.0,2.0
18926,Small Pickup Trucks 2WD,Regular,2-Wheel Drive,16.4805,Chevrolet,Automatic 4-spd,4.0,2.0
18927,Small Pickup Trucks 2WD,Regular,2-Wheel Drive,15.6957142857143,Chevrolet,Manual 4-spd,4.0,2.0
18928,Small Pickup Trucks 2WD,Regular,2-Wheel Drive,14.9822727272727,Chevrolet,Manual 5-spd,4.0,2.0
18929,Small Pickup Trucks 2WD,Diesel,2-Wheel Drive,13.6494642857143,Chevrolet,Manual 4-spd,4.0,2.2
18930,Small Pickup Trucks 2WD,Diesel,2-Wheel Drive,13.1787931034483,Chevrolet,Manual 5-spd,4.0,2.2
18931,Small Pickup Trucks 2WD,Regular,2-Wheel Drive,18.3116666666667,Chevrolet,Automatic 4-spd,6.0,2.8
18932,Vans,Regular,Rear-Wheel Drive,21.974,GMC,Manual 3-spd,6.0,4.3
18933,Small Pickup Trucks 2WD,Regular,2-Wheel Drive,18.3116666666667,Chevrolet,Manual 4-spd,6.0,2.8
18934,Small Pickup Trucks 2WD,Regular,2-Wheel Drive,18.3116666666667,Chevrolet,Manual 5-spd,6.0,2.8
18935,Small Pickup Trucks 2WD,Regular,2-Wheel Drive,12.2077777777778,Nissan,Manual 5-spd,4.0,2.0
18936,Small Pickup Trucks 2WD,Regular,2-Wheel Drive,17.3478947368421,Nissan,Automatic 3-spd,4.0,2.4
18937,Small Pickup Trucks 2WD,Regular,2-Wheel Drive,14.9822727272727,Nissan,Manual 5-spd,4.0,2.4
18938,Small Pickup Trucks 2WD,Diesel,2-Wheel Drive,13.6494642857143,Nissan,Manual 5-spd,4.0,2.5
18939,Small Pickup Trucks 2WD,Regular,2-Wheel Drive,15.6957142857143,Dodge,Automatic 3-spd,4.0,2.2
18940,Small Pickup Trucks 2WD,Regular,2-Wheel Drive,14.3308695652174,Dodge,Manual 4-spd,4.0,2.2
18941,Small Pickup Trucks 2WD,Regular,2-Wheel Drive,14.3308695652174,Dodge,Manual 5-spd,4.0,2.2
18942,Small Pickup Trucks 2WD,Regular,2-Wheel Drive,16.4805,Dodge,Automatic 3-spd,4.0,2.0
18943,Vans,Regular,Rear-Wheel Drive,23.5435714285714,GMC,Manual 3-spd,6.0,4.3
18944,Small Pickup Trucks 2WD,Regular,2-Wheel Drive,17.3478947368421,Dodge,Automatic 3-spd,4.0,2.0
18945,Small Pickup Trucks 2WD,Regular,2-Wheel Drive,14.9822727272727,Dodge,Manual 4-spd,4.0,2.0
18946,Small Pickup Trucks 2WD,Regular,2-Wheel Drive,15.6957142857143,Dodge,Manual 4-spd,4.0,2.0
18947,Small Pickup Trucks 2WD,Regular,2-Wheel Drive,13.73375,Dodge,Manual 5-spd,4.0,2.0
18948,Small Pickup Trucks 2WD,Regular,2-Wheel Drive,14.3308695652174,Dodge,Manual 5-spd,4.0,2.0
18949,Small Pickup Trucks 2WD,Diesel,2-Wheel Drive,13.6494642857143,Dodge,Manual 5-spd,4.0,2.3
18950,Small Pickup Trucks 2WD,Regular,2-Wheel Drive,18.3116666666667,Dodge,Automatic 3-spd,4.0,2.6
18951,Small Pickup Trucks 2WD,Regular,2-Wheel Drive,16.4805,Dodge,Automatic 3-spd,4.0,2.6
18952,Small Pickup Trucks 2WD,Regular,2-Wheel Drive,16.4805,Dodge,Manual 5-spd,4.0,2.6
18953,Small Pickup Trucks 2WD,Regular,2-Wheel Drive,16.4805,Dodge,Manual 5-spd,4.0,2.6
18954,Vans,Regular,Rear-Wheel Drive,27.4675,GMC,Automatic 3-spd,8.0,5.0
18955,Small Pickup Trucks 2WD,Regular,2-Wheel Drive,14.9822727272727,Ford,Manual 4-spd,4.0,2.0
18956,Small Pickup Trucks 2WD,Regular,2-Wheel Drive,13.73375,Ford,Manual 4-spd,4.0,2.0
18957,Small Pickup Trucks 2WD,Regular,2-Wheel Drive,14.9822727272727,Ford,Manual 5-spd,4.0,2.0
18958,Small Pickup Trucks 2WD,Diesel,2-Wheel Drive,14.6994230769231,Ford,Manual 4-spd,4.0,2.2
18959,Small Pickup Trucks 2WD,Regular,2-Wheel Drive,17.3478947368421,Ford,Automatic 3-spd,4.0,2.3
18960,Small Pickup Trucks 2WD,Regular,2-Wheel Drive,15.6957142857143,Ford,Manual 4-spd,4.0,2.3
18961,Small Pickup Trucks 2WD,Regular,2-Wheel Drive,17.3478947368421,Ford,Manual 4-spd,4.0,2.3
18962,Small Pickup Trucks 2WD,Regular,2-Wheel Drive,15.6957142857143,Ford,Manual 5-spd,4.0,2.3
18963,Small Pickup Trucks 2WD,Regular,2-Wheel Drive,17.3478947368421,Ford,Manual 5-spd,4.0,2.3
18964,Small Pickup Trucks 2WD,Regular,2-Wheel Drive,18.3116666666667,Ford,Automatic 3-spd,6.0,2.8
18965,Vans,Regular,Rear-Wheel Drive,23.5435714285714,GMC,Automatic 4-spd,8.0,5.0
18966,Small Pickup Trucks 2WD,Regular,2-Wheel Drive,16.4805,Ford,Manual 4-spd,6.0,2.8
18967,Small Pickup Trucks 2WD,Regular,2-Wheel Drive,17.3478947368421,Ford,Manual 5-spd,6.0,2.8
18968,Small Pickup Trucks 2WD,Regular,2-Wheel Drive,13.73375,GMC,Manual 4-spd,4.0,2.0
18969,Small Pickup Trucks 2WD,Regular,2-Wheel Drive,12.6773076923077,GMC,Manual 5-spd,4.0,2.0
18970,Small Pickup Trucks 2WD,Regular,2-Wheel Drive,16.4805,GMC,Automatic 4-spd,4.0,2.0
18971,Small Pickup Trucks 2WD,Regular,2-Wheel Drive,15.6957142857143,GMC,Manual 4-spd,4.0,2.0
18972,Small Pickup Trucks 2WD,Regular,2-Wheel Drive,14.9822727272727,GMC,Manual 5-spd,4.0,2.0
18973,Small Pickup Trucks 2WD,Diesel,2-Wheel Drive,13.6494642857143,GMC,Manual 4-spd,4.0,2.2
18974,Small Pickup Trucks 2WD,Diesel,2-Wheel Drive,13.1787931034483,GMC,Manual 5-spd,4.0,2.2
18975,Small Pickup Trucks 2WD,Regular,2-Wheel Drive,18.3116666666667,GMC,Automatic 4-spd,6.0,2.8
18976,Vans,Regular,Rear-Wheel Drive,25.3546153846154,GMC,Automatic 4-spd,8.0,5.7
18977,Small Pickup Trucks 2WD,Regular,2-Wheel Drive,18.3116666666667,GMC,Manual 4-spd,6.0,2.8
18978,Small Pickup Trucks 2WD,Regular,2-Wheel Drive,18.3116666666667,GMC,Manual 5-spd,6.0,2.8
18979,Small Pickup Trucks 2WD,Regular,2-Wheel Drive,17.3478947368421,Isuzu,Automatic 3-spd,4.0,2.0
18980,Small Pickup Trucks 2WD,Regular,2-Wheel Drive,13.73375,Isuzu,Manual 4-spd,4.0,2.0
18981,Small Pickup Trucks 2WD,Regular,2-Wheel Drive,14.3308695652174,Isuzu,Manual 5-spd,4.0,2.0
18982,Small Pickup Trucks 2WD,Diesel,2-Wheel Drive,15.924375,Isuzu,Automatic 3-spd,4.0,2.2
18983,Small Pickup Trucks 2WD,Diesel,2-Wheel Drive,12.3285483870968,Isuzu,Manual 4-spd,4.0,2.2
18984,Small Pickup Trucks 2WD,Diesel,2-Wheel Drive,12.7395,Isuzu,Manual 5-spd,4.0,2.2
18985,Small Pickup Trucks 2WD,Regular,2-Wheel Drive,16.4805,Mitsubishi,Automatic 3-spd,4.0,2.0
18986,Small Pickup Trucks 2WD,Regular,2-Wheel Drive,17.3478947368421,Mitsubishi,Automatic 3-spd,4.0,2.0
18987,Vans,Regular,Rear-Wheel Drive,25.3546153846154,GMC,Automatic 4-spd,8.0,5.7
18988,Small Pickup Trucks 2WD,Regular,2-Wheel Drive,14.9822727272727,Mitsubishi,Manual 4-spd,4.0,2.0
18989,Small Pickup Trucks 2WD,Regular,2-Wheel Drive,15.6957142857143,Mitsubishi,Manual 4-spd,4.0,2.0
18990,Small Pickup Trucks 2WD,Regular,2-Wheel Drive,13.73375,Mitsubishi,Manual 5-spd,4.0,2.0
18991,Small Pickup Trucks 2WD,Regular,2-Wheel Drive,14.3308695652174,Mitsubishi,Manual 5-spd,4.0,2.0
18992,Small Pickup Trucks 2WD,Diesel,2-Wheel Drive,13.6494642857143,Mitsubishi,Manual 5-spd,4.0,2.3
18993,Small Pickup Trucks 2WD,Regular,2-Wheel Drive,18.3116666666667,Mitsubishi,Automatic 3-spd,4.0,2.6
18994,Small Pickup Trucks 2WD,Regular,2-Wheel Drive,16.4805,Mitsubishi,Automatic 3-spd,4.0,2.6
18995,Small Pickup Trucks 2WD,Regular,2-Wheel Drive,16.4805,Mitsubishi,Manual 5-spd,4.0,2.6
18996,Small Pickup Trucks 2WD,Regular,2-Wheel Drive,16.4805,Mitsubishi,Manual 5-spd,4.0,2.6
18997,Small Pickup Trucks 2WD,Regular,2-Wheel Drive,17.3478947368421,Mazda,Automatic 3-spd,4.0,2.0
18998,Vans,Diesel,Rear-Wheel Drive,21.2325,GMC,Automatic 4-spd,8.0,6.2
18999,Small Pickup Trucks 2WD,Regular,2-Wheel Drive,14.9822727272727,Mazda,Manual 4-spd,4.0,2.0
19000,Small Pickup Trucks 2WD,Regular,2-Wheel Drive,14.3308695652174,Mazda,Manual 5-spd,4.0,2.0
19001,Small Pickup Trucks 2WD,Diesel,2-Wheel Drive,14.6994230769231,Mazda,Manual 5-spd,4.0,2.2
19002,Small Pickup Trucks 4WD,Regular,4-Wheel or All-Wheel Drive,18.3116666666667,Nissan,Manual 5-spd,4.0,2.4
19003,Small Pickup Trucks 4WD,Regular,4-Wheel or All-Wheel Drive,17.3478947368421,Dodge,Manual 4-spd,4.0,2.0
19004,Small Pickup Trucks 4WD,Regular,4-Wheel or All-Wheel Drive,16.4805,Dodge,Manual 4-spd,4.0,2.0
19005,Small Pickup Trucks 4WD,Diesel,4-Wheel or All-Wheel Drive,15.2874,Dodge,Manual 5-spd,4.0,2.3
19006,Small Pickup Trucks 4WD,Regular,4-Wheel or All-Wheel Drive,19.3888235294118,Dodge,Automatic 3-spd,4.0,2.6
19007,Small Pickup Trucks 4WD,Regular,4-Wheel or All-Wheel Drive,19.3888235294118,Dodge,Automatic 3-spd,4.0,2.6
19008,Small Pickup Trucks 4WD,Regular,4-Wheel or All-Wheel Drive,18.3116666666667,Dodge,Manual 5-spd,4.0,2.6
19009,Vans,Diesel,Rear-Wheel Drive,22.4814705882353,GMC,Manual 4-spd,8.0,6.2
19010,Small Pickup Trucks 4WD,Regular,4-Wheel or All-Wheel Drive,17.3478947368421,Dodge,Manual 5-spd,4.0,2.6
19011,Small Pickup Trucks 4WD,Regular,4-Wheel or All-Wheel Drive,17.3478947368421,Ford,Manual 4-spd,4.0,2.3
19012,Small Pickup Trucks 4WD,Regular,4-Wheel or All-Wheel Drive,18.3116666666667,Ford,Manual 4-spd,4.0,2.3
19013,Small Pickup Trucks 4WD,Regular,4-Wheel or All-Wheel Drive,16.4805,Ford,Manual 5-spd,4.0,2.3
19014,Small Pickup Trucks 4WD,Regular,4-Wheel or All-Wheel Drive,18.3116666666667,Ford,Manual 5-spd,4.0,2.3
19015,Small Pickup Trucks 4WD,Regular,4-Wheel or All-Wheel Drive,21.974,Ford,Automatic 3-spd,6.0,2.8
19016,Small Pickup Trucks 4WD,Regular,4-Wheel or All-Wheel Drive,17.3478947368421,Ford,Manual 4-spd,6.0,2.8
19017,Small Pickup Trucks 4WD,Regular,4-Wheel or All-Wheel Drive,19.3888235294118,Ford,Manual 5-spd,6.0,2.8
19018,Small Pickup Trucks 4WD,Regular,4-Wheel or All-Wheel Drive,16.4805,Isuzu,Manual 4-spd,4.0,2.0
19019,Small Pickup Trucks 4WD,Diesel,4-Wheel or All-Wheel Drive,15.2874,Isuzu,Manual 4-spd,4.0,2.2
19020,Vans,Regular,Rear-Wheel Drive,29.9645454545455,GMC,Automatic 4-spd,8.0,5.7
19021,Small Pickup Trucks 4WD,Regular,4-Wheel or All-Wheel Drive,17.3478947368421,Import Foreign Auto Sales Inc,Manual 4-spd,4.0,1.0
19022,Small Pickup Trucks 4WD,Regular,4-Wheel or All-Wheel Drive,15.6957142857143,Jeep,Manual 4-spd,4.0,2.5
19023,Small Pickup Trucks 4WD,Regular,4-Wheel or All-Wheel Drive,16.4805,Jeep,Manual 4-spd,4.0,2.5
19024,Small Pickup Trucks 4WD,Regular,4-Wheel or All-Wheel Drive,15.6957142857143,Jeep,Manual 5-spd,4.0,2.5
19025,Small Pickup Trucks 4WD,Regular,4-Wheel or All-Wheel Drive,18.3116666666667,Jeep,Automatic 3-spd,6.0,4.2
19026,Small Pickup Trucks 4WD,Regular,4-Wheel or All-Wheel Drive,19.3888235294118,Jeep,Manual 4-spd,6.0,4.2
19027,Small Pickup Trucks 4WD,Regular,4-Wheel or All-Wheel Drive,19.3888235294118,Jeep,Manual 5-spd,6.0,4.2
19028,Small Pickup Trucks 4WD,Regular,4-Wheel or All-Wheel Drive,17.3478947368421,Mitsubishi,Manual 4-spd,4.0,2.0
19029,Small Pickup Trucks 4WD,Regular,4-Wheel or All-Wheel Drive,16.4805,Mitsubishi,Manual 4-spd,4.0,2.0
19030,Small Pickup Trucks 4WD,Diesel,4-Wheel or All-Wheel Drive,15.2874,Mitsubishi,Manual 5-spd,4.0,2.3
19031,Compact Cars,Regular,Front-Wheel Drive,13.73375,Chevrolet,Manual 5-spd,4.0,2.0
19032,Vans,Regular,Rear-Wheel Drive,29.9645454545455,GMC,Automatic 4-spd,8.0,5.7
19033,Small Pickup Trucks 4WD,Regular,4-Wheel or All-Wheel Drive,19.3888235294118,Mitsubishi,Automatic 3-spd,4.0,2.6
19034,Small Pickup Trucks 4WD,Regular,4-Wheel or All-Wheel Drive,19.3888235294118,Mitsubishi,Automatic 3-spd,4.0,2.6
19035,Small Pickup Trucks 4WD,Regular,4-Wheel or All-Wheel Drive,18.3116666666667,Mitsubishi,Manual 5-spd,4.0,2.6
19036,Small Pickup Trucks 4WD,Regular,4-Wheel or All-Wheel Drive,17.3478947368421,Mitsubishi,Manual 5-spd,4.0,2.6
19037,Small Pickup Trucks 4WD,Regular,4-Wheel or All-Wheel Drive,14.9822727272727,Suzuki,Manual 4-spd,4.0,1.0
19038,Standard Pickup Trucks 2WD,Regular,2-Wheel Drive,21.974,Chevrolet,Automatic 3-spd,6.0,4.1
19039,Standard Pickup Trucks 2WD,Regular,2-Wheel Drive,20.600625,Chevrolet,Automatic 4-spd,6.0,4.1
19040,Standard Pickup Trucks 2WD,Regular,2-Wheel Drive,19.3888235294118,Chevrolet,Manual 3-spd,6.0,4.1
19041,Standard Pickup Trucks 2WD,Regular,2-Wheel Drive,19.3888235294118,Chevrolet,Manual 4-spd,6.0,4.1
19042,Standard Pickup Trucks 2WD,Regular,2-Wheel Drive,23.5435714285714,Chevrolet,Automatic 3-spd,8.0,5.0
19043,Vans,Regular,Rear-Wheel Drive,16.4805,GMC,Automatic 4-spd,4.0,2.5
19044,Standard Pickup Trucks 2WD,Regular,2-Wheel Drive,21.974,Chevrolet,Automatic 4-spd,8.0,5.0
19045,Standard Pickup Trucks 2WD,Regular,2-Wheel Drive,21.974,Chevrolet,Manual 3-spd,8.0,5.0
19046,Standard Pickup Trucks 2WD,Regular,2-Wheel Drive,20.600625,Chevrolet,Manual 4-spd,8.0,5.0
19047,Standard Pickup Trucks 2WD,Diesel,2-Wheel Drive,20.115,Chevrolet,Automatic 4-spd,8.0,6.2
19048,Standard Pickup Trucks 2WD,Diesel,2-Wheel Drive,19.10925,Chevrolet,Manual 4-spd,8.0,6.2
19049,Standard Pickup Trucks 2WD,Diesel,2-Wheel Drive,20.115,Chevrolet,Manual 4-spd,8.0,6.2
19050,Standard Pickup Trucks 2WD,Regular,2-Wheel Drive,23.5435714285714,Chevrolet,Automatic 4-spd,6.0,4.1
19051,Standard Pickup Trucks 2WD,Regular,2-Wheel Drive,23.5435714285714,Chevrolet,Manual 4-spd,6.0,4.1
19052,Standard Pickup Trucks 2WD,Regular,2-Wheel Drive,23.5435714285714,Chevrolet,Automatic 4-spd,8.0,5.0
19053,Standard Pickup Trucks 2WD,Regular,2-Wheel Drive,25.3546153846154,Chevrolet,Manual 4-spd,8.0,5.0
19054,Vans,Regular,Rear-Wheel Drive,16.4805,GMC,Manual 4-spd,4.0,2.5
19055,Standard Pickup Trucks 2WD,Diesel,2-Wheel Drive,20.115,Chevrolet,Automatic 4-spd,8.0,6.2
19056,Standard Pickup Trucks 2WD,Diesel,2-Wheel Drive,19.10925,Chevrolet,Manual 4-spd,8.0,6.2
19057,Standard Pickup Trucks 2WD,Diesel,2-Wheel Drive,21.2325,Chevrolet,Manual 4-spd,8.0,6.2
19058,Standard Pickup Trucks 2WD,Regular,2-Wheel Drive,19.3888235294118,Chevrolet,Automatic 3-spd,6.0,3.8
19059,Standard Pickup Trucks 2WD,Regular,2-Wheel Drive,18.3116666666667,Chevrolet,Automatic 4-spd,6.0,3.8
19060,Standard Pickup Trucks 2WD,Regular,2-Wheel Drive,21.974,Chevrolet,Automatic 3-spd,8.0,5.0
19061,Standard Pickup Trucks 2WD,Regular,2-Wheel Drive,19.3888235294118,Chevrolet,Automatic 4-spd,8.0,5.0
19062,Standard Pickup Trucks 2WD,Diesel,2-Wheel Drive,19.10925,Chevrolet,Automatic 3-spd,8.0,5.7
19063,Standard Pickup Trucks 2WD,Diesel,2-Wheel Drive,18.1992857142857,Chevrolet,Automatic 4-spd,8.0,5.7
19064,Standard Pickup Trucks 2WD,Regular,2-Wheel Drive,21.974,Dodge,Automatic 3-spd,6.0,3.7
19065,Vans,Regular,Rear-Wheel Drive,14.9822727272727,GMC,Manual 5-spd,4.0,2.5
19066,Standard Pickup Trucks 2WD,Regular,2-Wheel Drive,20.600625,Dodge,Manual 4-spd,6.0,3.7
19067,Standard Pickup Trucks 2WD,Regular,2-Wheel Drive,21.974,Dodge,Manual 4-spd,6.0,3.7
19068,Standard Pickup Trucks 2WD,Regular,2-Wheel Drive,27.4675,Dodge,Automatic 3-spd,8.0,5.2
19069,Standard Pickup Trucks 2WD,Regular,2-Wheel Drive,25.3546153846154,Dodge,Manual 4-spd,8.0,5.2
19070,Standard Pickup Trucks 2WD,Regular,2-Wheel Drive,27.4675,Dodge,Manual 4-spd,8.0,5.2
19071,Standard Pickup Trucks 2WD,Regular,2-Wheel Drive,29.9645454545455,Dodge,Automatic 3-spd,8.0,5.2
19072,Standard Pickup Trucks 2WD,Regular,2-Wheel Drive,29.9645454545455,Dodge,Automatic 3-spd,8.0,5.9
19073,Standard Pickup Trucks 2WD,Regular,2-Wheel Drive,21.974,Dodge,Automatic 3-spd,6.0,3.7
19074,Standard Pickup Trucks 2WD,Regular,2-Wheel Drive,21.974,Dodge,Manual 4-spd,6.0,3.7
19075,Standard Pickup Trucks 2WD,Regular,2-Wheel Drive,27.4675,Dodge,Automatic 3-spd,8.0,5.2
19076,Vans,Regular,Rear-Wheel Drive,19.3888235294118,GMC,Automatic 4-spd,6.0,4.3
19077,Standard Pickup Trucks 2WD,Regular,2-Wheel Drive,29.9645454545455,Dodge,Manual 4-spd,8.0,5.2
19078,Standard Pickup Trucks 2WD,Regular,2-Wheel Drive,29.9645454545455,Dodge,Automatic 3-spd,8.0,5.2
19079,Standard Pickup Trucks 2WD,Regular,2-Wheel Drive,29.9645454545455,Dodge,Automatic 3-spd,8.0,5.9
19080,Standard Pickup Trucks 2WD,Regular,2-Wheel Drive,23.5435714285714,Ford,Automatic 3-spd,6.0,4.9
19081,Standard Pickup Trucks 2WD,Regular,2-Wheel Drive,21.974,Ford,Automatic 4-spd,6.0,4.9
19082,Standard Pickup Trucks 2WD,Regular,2-Wheel Drive,19.3888235294118,Ford,Manual 3-spd,6.0,4.9
19083,Standard Pickup Trucks 2WD,Regular,2-Wheel Drive,18.3116666666667,Ford,Manual 4-spd,6.0,4.9
19084,Standard Pickup Trucks 2WD,Regular,2-Wheel Drive,27.4675,Ford,Automatic 3-spd,8.0,5.0
19085,Standard Pickup Trucks 2WD,Regular,2-Wheel Drive,23.5435714285714,Ford,Automatic 4-spd,8.0,5.0
19086,Standard Pickup Trucks 2WD,Regular,2-Wheel Drive,25.3546153846154,Ford,Manual 3-spd,8.0,5.0
19087,Vans,Regular,Rear-Wheel Drive,19.3888235294118,GMC,Manual 4-spd,6.0,4.3
19088,Standard Pickup Trucks 2WD,Regular,2-Wheel Drive,21.974,Ford,Manual 4-spd,8.0,5.0
19089,Standard Pickup Trucks 2WD,Regular,2-Wheel Drive,29.9645454545455,Ford,Automatic 3-spd,8.0,5.8
19090,Standard Pickup Trucks 2WD,Regular,2-Wheel Drive,27.4675,Ford,Manual 4-spd,8.0,5.8
19091,Standard Pickup Trucks 2WD,Regular,2-Wheel Drive,29.9645454545455,Ford,,8.0,5.8
19092,Standard Pickup Trucks 2WD,Regular,2-Wheel Drive,29.9645454545455,Ford,Automatic 3-spd,8.0,5.8
19093,Standard Pickup Trucks 2WD,Regular,2-Wheel Drive,25.3546153846154,Ford,Automatic 3-spd,6.0,4.9
19094,Standard Pickup Trucks 2WD,Regular,2-Wheel Drive,23.5435714285714,Ford,Manual 3-spd,6.0,4.9
19095,Standard Pickup Trucks 2WD,Regular,2-Wheel Drive,25.3546153846154,Ford,Automatic 4-spd,8.0,5.0
19096,Standard Pickup Trucks 2WD,Regular,2-Wheel Drive,21.974,Ford,Manual 4-spd,8.0,5.0
19097,Standard Pickup Trucks 2WD,Regular,2-Wheel Drive,25.3546153846154,Ford,Manual 4-spd,8.0,5.0
19098,Vans,Regular,Rear-Wheel Drive,19.3888235294118,GMC,Manual 5-spd,6.0,4.3
19099,Standard Pickup Trucks 2WD,Regular,2-Wheel Drive,29.9645454545455,Ford,Automatic 3-spd,8.0,5.8
19100,Standard Pickup Trucks 2WD,Regular,2-Wheel Drive,29.9645454545455,Ford,Manual 4-spd,8.0,5.8
19101,Standard Pickup Trucks 2WD,Regular,2-Wheel Drive,29.9645454545455,Ford,Automatic 3-spd,8.0,5.8
19102,Standard Pickup Trucks 2WD,Regular,2-Wheel Drive,19.3888235294118,GMC,Automatic 3-spd,6.0,3.8
19103,Standard Pickup Trucks 2WD,Regular,2-Wheel Drive,18.3116666666667,GMC,Automatic 4-spd,6.0,3.8
19104,Standard Pickup Trucks 2WD,Regular,2-Wheel Drive,21.974,GMC,Automatic 3-spd,8.0,5.0
19105,Standard Pickup Trucks 2WD,Regular,2-Wheel Drive,19.3888235294118,GMC,Automatic 4-spd,8.0,5.0
19106,Standard Pickup Trucks 2WD,Diesel,2-Wheel Drive,19.10925,GMC,Automatic 3-spd,8.0,5.7
19107,Standard Pickup Trucks 2WD,Diesel,2-Wheel Drive,18.1992857142857,GMC,Automatic 4-spd,8.0,5.7
19108,Standard Pickup Trucks 2WD,Regular,2-Wheel Drive,21.974,GMC,Automatic 3-spd,6.0,4.1
19109,Vans,Regular,Rear-Wheel Drive,16.4805,Toyota,Automatic 4-spd,4.0,2.2
19110,Standard Pickup Trucks 2WD,Regular,2-Wheel Drive,20.600625,GMC,Automatic 4-spd,6.0,4.1
19111,Standard Pickup Trucks 2WD,Regular,2-Wheel Drive,19.3888235294118,GMC,Manual 3-spd,6.0,4.1
19112,Standard Pickup Trucks 2WD,Regular,2-Wheel Drive,19.3888235294118,GMC,Manual 4-spd,6.0,4.1
19113,Standard Pickup Trucks 2WD,Regular,2-Wheel Drive,23.5435714285714,GMC,Automatic 3-spd,8.0,5.0
19114,Standard Pickup Trucks 2WD,Regular,2-Wheel Drive,21.974,GMC,Automatic 4-spd,8.0,5.0
19115,Standard Pickup Trucks 2WD,Regular,2-Wheel Drive,21.974,GMC,Manual 3-spd,8.0,5.0
19116,Standard Pickup Trucks 2WD,Regular,2-Wheel Drive,20.600625,GMC,Manual 4-spd,8.0,5.0
19117,Standard Pickup Trucks 2WD,Diesel,2-Wheel Drive,20.115,GMC,Automatic 4-spd,8.0,6.2
19118,Standard Pickup Trucks 2WD,Diesel,2-Wheel Drive,19.10925,GMC,Manual 4-spd,8.0,6.2
19119,Standard Pickup Trucks 2WD,Diesel,2-Wheel Drive,20.115,GMC,Manual 4-spd,8.0,6.2
19120,Vans,Regular,Rear-Wheel Drive,16.4805,Toyota,Manual 5-spd,4.0,2.2
19121,Standard Pickup Trucks 2WD,Regular,2-Wheel Drive,23.5435714285714,GMC,Automatic 4-spd,6.0,4.1
19122,Standard Pickup Trucks 2WD,Regular,2-Wheel Drive,23.5435714285714,GMC,,6.0,4.1
19123,Standard Pickup Trucks 2WD,Regular,2-Wheel Drive,23.5435714285714,GMC,Automatic 4-spd,8.0,5.0
19124,Standard Pickup Trucks 2WD,Regular,2-Wheel Drive,25.3546153846154,GMC,Manual 4-spd,8.0,5.0
19125,Standard Pickup Trucks 2WD,Diesel,2-Wheel Drive,20.115,GMC,Automatic 4-spd,8.0,6.2
19126,Standard Pickup Trucks 2WD,Diesel,2-Wheel Drive,19.10925,GMC,Manual 4-spd,8.0,6.2
19127,Standard Pickup Trucks 2WD,Diesel,2-Wheel Drive,21.2325,GMC,Manual 4-spd,8.0,6.2
19128,Standard Pickup Trucks 2WD,Regular,2-Wheel Drive,17.3478947368421,Toyota,Automatic 4-spd,4.0,2.4
19129,Standard Pickup Trucks 2WD,Regular,2-Wheel Drive,13.73375,Toyota,Manual 4-spd,4.0,2.4
19130,Standard Pickup Trucks 2WD,Regular,2-Wheel Drive,15.6957142857143,Toyota,Manual 5-spd,4.0,2.4
19131,Vans,Regular,4-Wheel or All-Wheel Drive,23.5435714285714,Volkswagen,Manual 5 spd,4.0,2.1
19132,Standard Pickup Trucks 2WD,Regular,2-Wheel Drive,16.4805,Toyota,Automatic 4-spd,4.0,2.4
19133,Standard Pickup Trucks 2WD,Regular,2-Wheel Drive,15.6957142857143,Toyota,Manual 5-spd,4.0,2.4
19134,Standard Pickup Trucks 2WD,Diesel,2-Wheel Drive,12.7395,Toyota,Manual 4-spd,4.0,2.4
19135,Standard Pickup Trucks 2WD,Diesel,2-Wheel Drive,13.1787931034483,Toyota,Manual 5-spd,4.0,2.4
19136,Standard Pickup Trucks 4WD,Regular,4-Wheel or All-Wheel Drive,21.974,Chevrolet,Automatic 4-spd,6.0,4.1
19137,Standard Pickup Trucks 4WD,Regular,4-Wheel or All-Wheel Drive,23.5435714285714,Chevrolet,Manual 4-spd,6.0,4.1
19138,Standard Pickup Trucks 4WD,Regular,4-Wheel or All-Wheel Drive,23.5435714285714,Chevrolet,Manual 4-spd,6.0,4.1
19139,Standard Pickup Trucks 4WD,Regular,4-Wheel or All-Wheel Drive,23.5435714285714,Chevrolet,Automatic 4-spd,8.0,5.0
19140,Standard Pickup Trucks 4WD,Regular,4-Wheel or All-Wheel Drive,25.3546153846154,Chevrolet,Manual 4-spd,8.0,5.0
19141,Standard Pickup Trucks 4WD,Regular,4-Wheel or All-Wheel Drive,23.5435714285714,Chevrolet,Manual 4-spd,8.0,5.0
19142,Compact Cars,Regular,Front-Wheel Drive,17.3478947368421,Chevrolet,Automatic 3-spd,6.0,2.8
19143,Vans,Regular,Rear-Wheel Drive,23.5435714285714,Volkswagen,Automatic 3-spd,4.0,2.1
19144,Standard Pickup Trucks 4WD,Diesel,4-Wheel or All-Wheel Drive,21.2325,Chevrolet,Automatic 4-spd,8.0,6.2
19145,Standard Pickup Trucks 4WD,Diesel,4-Wheel or All-Wheel Drive,21.2325,Chevrolet,Manual 4-spd,8.0,6.2
19146,Standard Pickup Trucks 4WD,Diesel,4-Wheel or All-Wheel Drive,22.4814705882353,Chevrolet,Manual 4-spd,8.0,6.2
19147,Standard Pickup Trucks 4WD,Regular,4-Wheel or All-Wheel Drive,27.4675,Chevrolet,Automatic 4-spd,8.0,5.7
19148,Standard Pickup Trucks 4WD,Regular,4-Wheel or All-Wheel Drive,27.4675,Chevrolet,Manual 4-spd,8.0,5.7
19149,Standard Pickup Trucks 4WD,Diesel,4-Wheel or All-Wheel Drive,21.2325,Chevrolet,Automatic 4-spd,8.0,6.2
19150,Standard Pickup Trucks 4WD,Diesel,4-Wheel or All-Wheel Drive,21.2325,Chevrolet,Manual 4-spd,8.0,6.2
19151,Standard Pickup Trucks 4WD,Diesel,4-Wheel or All-Wheel Drive,22.4814705882353,Chevrolet,Manual 4-spd,8.0,6.2
19152,Standard Pickup Trucks 4WD,Regular,4-Wheel or All-Wheel Drive,16.4805,Chevrolet,Manual 4-spd,4.0,2.0
19153,Standard Pickup Trucks 4WD,Regular,4-Wheel or All-Wheel Drive,16.4805,Chevrolet,Manual 5-spd,4.0,2.0
19154,Vans,Regular,Rear-Wheel Drive,21.974,Volkswagen,Manual 4-spd,4.0,2.1
19155,Standard Pickup Trucks 4WD,Regular,4-Wheel or All-Wheel Drive,18.3116666666667,Chevrolet,Automatic 4-spd,6.0,2.8
19156,Standard Pickup Trucks 4WD,Regular,4-Wheel or All-Wheel Drive,19.3888235294118,Chevrolet,Manual 4-spd,6.0,2.8
19157,Standard Pickup Trucks 4WD,Regular,4-Wheel or All-Wheel Drive,18.3116666666667,Chevrolet,Manual 5-spd,6.0,2.8
19158,Standard Pickup Trucks 4WD,Regular,4-Wheel or All-Wheel Drive,23.5435714285714,Dodge,Manual 4-spd,6.0,3.7
19159,Standard Pickup Trucks 4WD,Regular,4-Wheel or All-Wheel Drive,29.9645454545455,Dodge,Automatic 3-spd,8.0,5.2
19160,Standard Pickup Trucks 4WD,Regular,4-Wheel or All-Wheel Drive,29.9645454545455,Dodge,Manual 4-spd,8.0,5.2
19161,Standard Pickup Trucks 4WD,Regular,4-Wheel or All-Wheel Drive,29.9645454545455,Dodge,Automatic 3-spd,8.0,5.2
19162,Standard Pickup Trucks 4WD,Regular,4-Wheel or All-Wheel Drive,32.961,Dodge,Automatic 3-spd,8.0,5.9
19163,Standard Pickup Trucks 4WD,Regular,4-Wheel or All-Wheel Drive,29.9645454545455,Dodge,Automatic 3-spd,8.0,5.2
19164,Standard Pickup Trucks 4WD,Regular,4-Wheel or All-Wheel Drive,29.9645454545455,Dodge,Manual 4-spd,8.0,5.2
19165,Special Purpose Vehicle 2WD,Regular,Rear-Wheel Drive,23.5435714285714,Chevrolet,Automatic 4-spd,8.0,5.0
19166,Standard Pickup Trucks 4WD,Regular,4-Wheel or All-Wheel Drive,32.961,Dodge,Automatic 3-spd,8.0,5.9
19167,Standard Pickup Trucks 4WD,Regular,4-Wheel or All-Wheel Drive,25.3546153846154,Ford,Automatic 3-spd,6.0,4.9
19168,Standard Pickup Trucks 4WD,Regular,4-Wheel or All-Wheel Drive,21.974,Ford,Manual 4-spd,6.0,4.9
19169,Standard Pickup Trucks 4WD,Regular,4-Wheel or All-Wheel Drive,23.5435714285714,Ford,Manual 4-spd,6.0,4.9
19170,Standard Pickup Trucks 4WD,Regular,4-Wheel or All-Wheel Drive,27.4675,Ford,Automatic 3-spd,8.0,5.0
19171,Standard Pickup Trucks 4WD,Regular,4-Wheel or All-Wheel Drive,25.3546153846154,Ford,Manual 4-spd,8.0,5.0
19172,Standard Pickup Trucks 4WD,Regular,4-Wheel or All-Wheel Drive,27.4675,Ford,Manual 4-spd,8.0,5.0
19173,Standard Pickup Trucks 4WD,Regular,4-Wheel or All-Wheel Drive,32.961,Ford,Automatic 3-spd,8.0,5.8
19174,Standard Pickup Trucks 4WD,Regular,4-Wheel or All-Wheel Drive,27.4675,Ford,Manual 4-spd,8.0,5.8
19175,Standard Pickup Trucks 4WD,Regular,4-Wheel or All-Wheel Drive,29.9645454545455,Ford,Manual 4-spd,8.0,5.8
19176,Special Purpose Vehicle 2WD,Regular,Rear-Wheel Drive,25.3546153846154,Chevrolet,Automatic 4-spd,8.0,5.7
19177,Standard Pickup Trucks 4WD,Regular,4-Wheel or All-Wheel Drive,29.9645454545455,Ford,Automatic 3-spd,8.0,5.8
19178,Standard Pickup Trucks 4WD,Regular,4-Wheel or All-Wheel Drive,25.3546153846154,Ford,Automatic 3-spd,6.0,4.9
19179,Standard Pickup Trucks 4WD,Regular,4-Wheel or All-Wheel Drive,23.5435714285714,Ford,Manual 4-spd,6.0,4.9
19180,Standard Pickup Trucks 4WD,Regular,4-Wheel or All-Wheel Drive,27.4675,Ford,Automatic 3-spd,8.0,5.0
19181,Standard Pickup Trucks 4WD,Regular,4-Wheel or All-Wheel Drive,27.4675,Ford,Manual 4-spd,8.0,5.0
19182,Standard Pickup Trucks 4WD,Regular,4-Wheel or All-Wheel Drive,32.961,Ford,Automatic 3-spd,8.0,5.8
19183,Standard Pickup Trucks 4WD,Regular,4-Wheel or All-Wheel Drive,29.9645454545455,Ford,Manual 4-spd,8.0,5.8
19184,Standard Pickup Trucks 4WD,Regular,4-Wheel or All-Wheel Drive,29.9645454545455,Ford,Automatic 3-spd,8.0,5.8
19185,Standard Pickup Trucks 4WD,Regular,4-Wheel or All-Wheel Drive,21.974,GMC,Automatic 4-spd,6.0,4.1
19186,Standard Pickup Trucks 4WD,Regular,4-Wheel or All-Wheel Drive,23.5435714285714,GMC,Manual 4-spd,6.0,4.1
19187,Special Purpose Vehicle 2WD,Regular,Rear-Wheel Drive,25.3546153846154,Chevrolet,Automatic 4-spd,8.0,5.7
19188,Standard Pickup Trucks 4WD,Regular,4-Wheel or All-Wheel Drive,23.5435714285714,GMC,Manual 4-spd,6.0,4.1
19189,Standard Pickup Trucks 4WD,Regular,4-Wheel or All-Wheel Drive,23.5435714285714,GMC,Automatic 4-spd,8.0,5.0
19190,Standard Pickup Trucks 4WD,Regular,4-Wheel or All-Wheel Drive,25.3546153846154,GMC,Manual 4-spd,8.0,5.0
19191,Standard Pickup Trucks 4WD,Regular,4-Wheel or All-Wheel Drive,23.5435714285714,GMC,Manual 4-spd,8.0,5.0
19192,Standard Pickup Trucks 4WD,Diesel,4-Wheel or All-Wheel Drive,21.2325,GMC,Automatic 4-spd,8.0,6.2
19193,Standard Pickup Trucks 4WD,Diesel,4-Wheel or All-Wheel Drive,21.2325,GMC,Manual 4-spd,8.0,6.2
19194,Standard Pickup Trucks 4WD,Diesel,4-Wheel or All-Wheel Drive,22.4814705882353,GMC,Manual 4-spd,8.0,6.2
19195,Standard Pickup Trucks 4WD,Regular,4-Wheel or All-Wheel Drive,27.4675,GMC,Automatic 4-spd,8.0,5.7
19196,Standard Pickup Trucks 4WD,Regular,4-Wheel or All-Wheel Drive,27.4675,GMC,Manual 4-spd,8.0,5.7
19197,Standard Pickup Trucks 4WD,Diesel,4-Wheel or All-Wheel Drive,21.2325,GMC,Automatic 4-spd,8.0,6.2
19198,Special Purpose Vehicle 2WD,Diesel,Rear-Wheel Drive,21.2325,Chevrolet,Automatic 4-spd,8.0,6.2
19199,Standard Pickup Trucks 4WD,Diesel,4-Wheel or All-Wheel Drive,21.2325,GMC,Manual 4-spd,8.0,6.2
19200,Standard Pickup Trucks 4WD,Diesel,4-Wheel or All-Wheel Drive,22.4814705882353,GMC,Manual 4-spd,8.0,6.2
19201,Standard Pickup Trucks 4WD,Regular,4-Wheel or All-Wheel Drive,16.4805,GMC,Manual 4-spd,4.0,2.0
19202,Standard Pickup Trucks 4WD,Regular,4-Wheel or All-Wheel Drive,16.4805,GMC,Manual 5-spd,4.0,2.0
19203,Standard Pickup Trucks 4WD,Regular,4-Wheel or All-Wheel Drive,18.3116666666667,GMC,Automatic 4-spd,6.0,2.8
19204,Standard Pickup Trucks 4WD,Regular,4-Wheel or All-Wheel Drive,19.3888235294118,GMC,Manual 4-spd,6.0,2.8
19205,Standard Pickup Trucks 4WD,Regular,4-Wheel or All-Wheel Drive,18.3116666666667,GMC,Manual 5-spd,6.0,2.8
19206,Standard Pickup Trucks 4WD,Regular,4-Wheel or All-Wheel Drive,19.3888235294118,Jeep,Automatic 3-spd,6.0,4.2
19207,Standard Pickup Trucks 4WD,Regular,4-Wheel or All-Wheel Drive,20.600625,Jeep,Manual 4-spd,6.0,4.2
19208,Standard Pickup Trucks 4WD,Regular,4-Wheel or All-Wheel Drive,29.9645454545455,Jeep,Automatic 3-spd,8.0,5.9
19209,Special Purpose Vehicle 2WD,Regular,Rear-Wheel Drive,16.4805,Chevrolet,Automatic 4-spd,4.0,2.5
19210,Standard Pickup Trucks 4WD,Regular,4-Wheel or All-Wheel Drive,29.9645454545455,Jeep,Automatic 3-spd,8.0,5.9
19211,Standard Pickup Trucks 4WD,Regular,4-Wheel or All-Wheel Drive,18.3116666666667,Toyota,Manual 5-spd,4.0,2.4
19212,Standard Pickup Trucks 4WD,Diesel,4-Wheel or All-Wheel Drive,15.2874,Toyota,Manual 5-spd,4.0,2.4
19213,"Vans, Cargo Type",Regular,2-Wheel Drive,21.974,Chevrolet,Automatic 3-spd,6.0,4.1
19214,"Vans, Cargo Type",Regular,2-Wheel Drive,21.974,Chevrolet,Automatic 4-spd,6.0,4.1
19215,"Vans, Cargo Type",Regular,2-Wheel Drive,20.600625,Chevrolet,Manual 3-spd,6.0,4.1
19216,"Vans, Cargo Type",Regular,2-Wheel Drive,20.600625,Chevrolet,Manual 4-spd,6.0,4.1
19217,"Vans, Cargo Type",Regular,2-Wheel Drive,23.5435714285714,Chevrolet,Automatic 3-spd,8.0,5.0
19218,"Vans, Cargo Type",Regular,2-Wheel Drive,21.974,Chevrolet,Automatic 4-spd,8.0,5.0
19219,"Vans, Cargo Type",Regular,2-Wheel Drive,21.974,Chevrolet,Manual 3-spd,8.0,5.0
19220,Special Purpose Vehicle 2WD,Regular,Rear-Wheel Drive,16.4805,Chevrolet,Manual 4-spd,4.0,2.5
19221,"Vans, Cargo Type",Regular,2-Wheel Drive,20.600625,Chevrolet,Manual 4-spd,8.0,5.0
19222,"Vans, Cargo Type",Diesel,2-Wheel Drive,20.115,Chevrolet,Automatic 4-spd,8.0,6.2
19223,"Vans, Cargo Type",Diesel,2-Wheel Drive,19.10925,Chevrolet,Manual 4-spd,8.0,6.2
19224,"Vans, Cargo Type",Regular,2-Wheel Drive,23.5435714285714,Chevrolet,Automatic 4-spd,6.0,4.1
19225,"Vans, Cargo Type",Regular,2-Wheel Drive,23.5435714285714,Chevrolet,Manual 3-spd,6.0,4.1
19226,"Vans, Cargo Type",Regular,2-Wheel Drive,21.974,Dodge,Automatic 3-spd,6.0,3.7
19227,"Vans, Cargo Type",Regular,2-Wheel Drive,19.3888235294118,Dodge,Manual 4-spd,6.0,3.7
19228,"Vans, Cargo Type",Regular,2-Wheel Drive,27.4675,Dodge,Automatic 3-spd,8.0,5.2
19229,"Vans, Cargo Type",Regular,2-Wheel Drive,25.3546153846154,Dodge,Manual 4-spd,8.0,5.2
19230,"Vans, Cargo Type",Regular,2-Wheel Drive,29.9645454545455,Dodge,Automatic 3-spd,8.0,5.2
19231,Special Purpose Vehicle 2WD,Regular,Rear-Wheel Drive,14.9822727272727,Chevrolet,Manual 5-spd,4.0,2.5
19232,"Vans, Cargo Type",Regular,2-Wheel Drive,29.9645454545455,Dodge,Automatic 3-spd,8.0,5.9
19233,"Vans, Cargo Type",Regular,2-Wheel Drive,27.4675,Dodge,Automatic 3-spd,8.0,5.2
19234,"Vans, Cargo Type",Regular,2-Wheel Drive,29.9645454545455,Dodge,Automatic 3-spd,8.0,5.2
19235,"Vans, Cargo Type",Regular,2-Wheel Drive,29.9645454545455,Dodge,Automatic 3-spd,8.0,5.9
19236,"Vans, Cargo Type",Regular,2-Wheel Drive,23.5435714285714,Ford,Automatic 3-spd,6.0,4.9
19237,"Vans, Cargo Type",Regular,2-Wheel Drive,21.974,Ford,Automatic 4-spd,6.0,4.9
19238,"Vans, Cargo Type",Regular,2-Wheel Drive,20.600625,Ford,Manual 3-spd,6.0,4.9
19239,"Vans, Cargo Type",Regular,2-Wheel Drive,25.3546153846154,Ford,Manual 4-spd,6.0,4.9
19240,"Vans, Cargo Type",Regular,2-Wheel Drive,18.3116666666667,Ford,Manual 4-spd,6.0,4.9
19241,"Vans, Cargo Type",Regular,2-Wheel Drive,25.3546153846154,Ford,Automatic 4-spd,8.0,5.0
19242,Special Purpose Vehicle 2WD,Regular,Rear-Wheel Drive,19.3888235294118,Chevrolet,Automatic 4-spd,6.0,2.8
19243,"Vans, Cargo Type",Regular,2-Wheel Drive,25.3546153846154,Ford,Manual 4-spd,8.0,5.0
19244,"Vans, Cargo Type",Regular,2-Wheel Drive,29.9645454545455,Ford,Automatic 3-spd,8.0,5.8
19245,"Vans, Cargo Type",Regular,2-Wheel Drive,29.9645454545455,Ford,Automatic 3-spd,8.0,5.8
19246,"Vans, Cargo Type",Regular,2-Wheel Drive,25.3546153846154,Ford,Automatic 3-spd,6.0,4.9
19247,"Vans, Cargo Type",Regular,2-Wheel Drive,25.3546153846154,Ford,Automatic 4-spd,6.0,4.9
19248,"Vans, Cargo Type",Regular,2-Wheel Drive,23.5435714285714,Ford,Manual 3-spd,6.0,4.9
19249,"Vans, Cargo Type",Regular,2-Wheel Drive,25.3546153846154,Ford,Automatic 4-spd,8.0,5.0
19250,"Vans, Cargo Type",Regular,2-Wheel Drive,32.961,Ford,Automatic 3-spd,8.0,5.8
19251,"Vans, Cargo Type",Regular,2-Wheel Drive,29.9645454545455,Ford,Automatic 3-spd,8.0,5.8
19252,"Vans, Cargo Type",Regular,2-Wheel Drive,21.974,GMC,Automatic 3-spd,6.0,4.1
19253,Compact Cars,Regular,Front-Wheel Drive,18.3116666666667,Chevrolet,Manual 4-spd,6.0,2.8
19254,Special Purpose Vehicle 2WD,Regular,Rear-Wheel Drive,19.3888235294118,Chevrolet,Manual 4-spd,6.0,2.8
19255,"Vans, Cargo Type",Regular,2-Wheel Drive,21.974,GMC,Automatic 4-spd,6.0,4.1
19256,"Vans, Cargo Type",Regular,2-Wheel Drive,20.600625,GMC,Manual 3-spd,6.0,4.1
19257,"Vans, Cargo Type",Regular,2-Wheel Drive,20.600625,GMC,Manual 4-spd,6.0,4.1
19258,"Vans, Cargo Type",Regular,2-Wheel Drive,23.5435714285714,GMC,Automatic 3-spd,8.0,5.0
19259,"Vans, Cargo Type",Regular,2-Wheel Drive,21.974,GMC,Automatic 4-spd,8.0,5.0
19260,"Vans, Cargo Type",Regular,2-Wheel Drive,21.974,GMC,Manual 3-spd,8.0,5.0
19261,"Vans, Cargo Type",Regular,2-Wheel Drive,20.600625,GMC,Manual 4-spd,8.0,5.0
19262,"Vans, Cargo Type",Diesel,2-Wheel Drive,20.115,GMC,Automatic 4-spd,8.0,6.2
19263,"Vans, Cargo Type",Diesel,2-Wheel Drive,19.10925,GMC,Manual 4-spd,8.0,6.2
19264,"Vans, Cargo Type",Regular,2-Wheel Drive,23.5435714285714,GMC,Automatic 4-spd,6.0,4.1
19265,Special Purpose Vehicle 2WD,Regular,Rear-Wheel Drive,19.3888235294118,Chevrolet,Manual 5-spd,6.0,2.8
19266,"Vans, Cargo Type",Regular,2-Wheel Drive,23.5435714285714,GMC,Manual 3-spd,6.0,4.1
19267,"Vans, Cargo Type",Regular,2-Wheel Drive,16.4805,Toyota,Automatic 4-spd,4.0,2.0
19268,"Vans, Cargo Type",Regular,2-Wheel Drive,15.6957142857143,Toyota,Manual 5-spd,4.0,2.0
19269,"Vans, Passenger Type",Regular,2-Wheel Drive,23.5435714285714,Chevrolet,Automatic 3-spd,6.0,4.1
19270,"Vans, Passenger Type",Regular,2-Wheel Drive,23.5435714285714,Chevrolet,Automatic 4-spd,6.0,4.1
19271,"Vans, Passenger Type",Regular,2-Wheel Drive,23.5435714285714,Chevrolet,Manual 3-spd,6.0,4.1
19272,"Vans, Passenger Type",Regular,2-Wheel Drive,25.3546153846154,Chevrolet,Automatic 3-spd,8.0,5.0
19273,"Vans, Passenger Type",Regular,2-Wheel Drive,25.3546153846154,Chevrolet,Automatic 4-spd,8.0,5.0
19274,"Vans, Passenger Type",Regular,2-Wheel Drive,25.3546153846154,Chevrolet,Automatic 4-spd,8.0,5.7
19275,"Vans, Passenger Type",Diesel,2-Wheel Drive,21.2325,Chevrolet,Automatic 4-spd,8.0,6.2
19276,Special Purpose Vehicle 2WD,Regular,Rear-Wheel Drive,25.3546153846154,Dodge,Automatic 3-spd,8.0,5.2
19277,"Vans, Passenger Type",Diesel,2-Wheel Drive,21.2325,Chevrolet,Manual 4-spd,8.0,6.2
19278,"Vans, Passenger Type",Regular,2-Wheel Drive,29.9645454545455,Chevrolet,Automatic 4-spd,8.0,5.7
19279,"Vans, Passenger Type",Regular,2-Wheel Drive,23.5435714285714,Dodge,Automatic 3-spd,6.0,3.7
19280,"Vans, Passenger Type",Regular,2-Wheel Drive,20.600625,Dodge,Manual 4-spd,6.0,3.7
19281,"Vans, Passenger Type",Regular,2-Wheel Drive,27.4675,Dodge,Automatic 3-spd,8.0,5.2
19282,"Vans, Passenger Type",Regular,2-Wheel Drive,27.4675,Dodge,Manual 4-spd,8.0,5.2
19283,"Vans, Passenger Type",Regular,2-Wheel Drive,32.961,Dodge,Automatic 3-spd,8.0,5.9
19284,"Vans, Passenger Type",Regular,2-Wheel Drive,27.4675,Dodge,Automatic 3-spd,8.0,5.2
19285,"Vans, Passenger Type",Regular,2-Wheel Drive,36.6233333333333,Dodge,Automatic 3-spd,8.0,5.9
19286,"Vans, Passenger Type",Regular,2-Wheel Drive,27.4675,Ford,Automatic 3-spd,6.0,4.9
19287,Special Purpose Vehicle 2WD,Regular,Rear-Wheel Drive,27.4675,Dodge,Automatic 3-spd,8.0,5.2
19288,"Vans, Passenger Type",Regular,2-Wheel Drive,25.3546153846154,Ford,Automatic 4-spd,6.0,4.9
19289,"Vans, Passenger Type",Regular,2-Wheel Drive,23.5435714285714,Ford,Manual 4-spd,6.0,4.9
19290,"Vans, Passenger Type",Regular,2-Wheel Drive,25.3546153846154,Ford,Automatic 4-spd,8.0,5.0
19291,"Vans, Passenger Type",Regular,2-Wheel Drive,25.3546153846154,Ford,Manual 4-spd,8.0,5.0
19292,"Vans, Passenger Type",Regular,2-Wheel Drive,32.961,Ford,Automatic 3-spd,8.0,5.8
19293,"Vans, Passenger Type",Regular,2-Wheel Drive,29.9645454545455,Ford,Automatic 3-spd,8.0,5.8
19294,"Vans, Passenger Type",Regular,2-Wheel Drive,23.5435714285714,GMC,Automatic 3-spd,6.0,4.1
19295,"Vans, Passenger Type",Regular,2-Wheel Drive,23.5435714285714,GMC,Automatic 4-spd,6.0,4.1
19296,"Vans, Passenger Type",Regular,2-Wheel Drive,23.5435714285714,GMC,Manual 3-spd,6.0,4.1
19297,"Vans, Passenger Type",Regular,2-Wheel Drive,25.3546153846154,GMC,Automatic 3-spd,8.0,5.0
19298,Special Purpose Vehicle 2WD,Regular,Rear-Wheel Drive,25.3546153846154,Dodge,Automatic 3-spd,8.0,5.2
19299,"Vans, Passenger Type",Regular,2-Wheel Drive,25.3546153846154,GMC,Automatic 4-spd,8.0,5.0
19300,"Vans, Passenger Type",Regular,2-Wheel Drive,25.3546153846154,GMC,Automatic 4-spd,8.0,5.7
19301,"Vans, Passenger Type",Diesel,2-Wheel Drive,21.2325,GMC,Automatic 4-spd,8.0,6.2
19302,"Vans, Passenger Type",Diesel,2-Wheel Drive,21.2325,GMC,Manual 4-spd,8.0,6.2
19303,"Vans, Passenger Type",Regular,2-Wheel Drive,29.9645454545455,GMC,Automatic 4-spd,8.0,5.7
19304,"Vans, Passenger Type",Regular,2-Wheel Drive,16.4805,Toyota,Automatic 4-spd,4.0,2.0
19305,"Vans, Passenger Type",Regular,2-Wheel Drive,15.6957142857143,Toyota,Manual 5-spd,4.0,2.0
19306,"Vans, Passenger Type",Regular,2-Wheel Drive,21.974,Volkswagen,Automatic 3-spd,4.0,1.9
19307,"Vans, Passenger Type",Regular,2-Wheel Drive,20.600625,Volkswagen,Manual 4-spd,4.0,1.9
19308,Special Purpose Vehicle 2WD,Regular,2-Wheel Drive,25.3546153846154,AM General,Automatic 3-spd,6.0,4.2
19309,Special Purpose Vehicle 2WD,Regular,Rear-Wheel Drive,29.9645454545455,Dodge,Automatic 3-spd,8.0,5.9
19310,Special Purpose Vehicle 2WD,Regular,2-Wheel Drive,19.3888235294118,AM General,Automatic 3-spd,4.0,2.5
19311,Special Purpose Vehicle 2WD,Regular,2-Wheel Drive,25.3546153846154,Chevrolet,Automatic 4-spd,8.0,5.0
19312,Special Purpose Vehicle 2WD,Regular,2-Wheel Drive,25.3546153846154,Chevrolet,Automatic 4-spd,8.0,5.7
19313,Special Purpose Vehicle 2WD,Diesel,2-Wheel Drive,21.2325,Chevrolet,Automatic 4-spd,8.0,6.2
19314,Special Purpose Vehicle 2WD,Regular,2-Wheel Drive,15.6957142857143,Chevrolet,Manual 4-spd,4.0,2.0
19315,Special Purpose Vehicle 2WD,Regular,2-Wheel Drive,14.9822727272727,Chevrolet,Manual 5-spd,4.0,2.0
19316,Special Purpose Vehicle 2WD,Regular,2-Wheel Drive,18.3116666666667,Chevrolet,Automatic 4-spd,6.0,2.8
19317,Special Purpose Vehicle 2WD,Regular,2-Wheel Drive,18.3116666666667,Chevrolet,Manual 4-spd,6.0,2.8
19318,Special Purpose Vehicle 2WD,Regular,2-Wheel Drive,18.3116666666667,Chevrolet,Manual 5-spd,6.0,2.8
19319,Special Purpose Vehicle 2WD,Regular,2-Wheel Drive,18.3116666666667,Chevrolet,Automatic 4-spd,6.0,2.8
19320,Special Purpose Vehicle 2WD,Regular,Front-Wheel Drive,17.3478947368421,Dodge,Automatic 3-spd,4.0,2.2
19321,Special Purpose Vehicle 2WD,Regular,2-Wheel Drive,18.3116666666667,Chevrolet,Manual 4-spd,6.0,2.8
19322,Special Purpose Vehicle 2WD,Regular,2-Wheel Drive,27.4675,Dodge,Automatic 3-spd,8.0,5.2
19323,Special Purpose Vehicle 2WD,Regular,2-Wheel Drive,29.9645454545455,Dodge,Automatic 3-spd,8.0,5.2
19324,Special Purpose Vehicle 2WD,Regular,2-Wheel Drive,29.9645454545455,Dodge,Automatic 3-spd,8.0,5.9
19325,Special Purpose Vehicle 2WD,Regular,2-Wheel Drive,17.3478947368421,Dodge,Automatic 3-spd,4.0,2.2
19326,Special Purpose Vehicle 2WD,Regular,2-Wheel Drive,14.9822727272727,Dodge,Manual 4-spd,4.0,2.2
19327,Special Purpose Vehicle 2WD,Regular,2-Wheel Drive,14.9822727272727,Dodge,Manual 5-spd,4.0,2.2
19328,Special Purpose Vehicle 2WD,Regular,2-Wheel Drive,18.3116666666667,Dodge,Automatic 3-spd,4.0,2.6
19329,Special Purpose Vehicle 2WD,Regular,2-Wheel Drive,25.3546153846154,GMC,Automatic 4-spd,8.0,5.0
19330,Special Purpose Vehicle 2WD,Regular,2-Wheel Drive,25.3546153846154,GMC,Automatic 4-spd,8.0,5.7
19331,Special Purpose Vehicle 2WD,Regular,Front-Wheel Drive,18.3116666666667,Dodge,Automatic 3-spd,4.0,2.2
19332,Special Purpose Vehicle 2WD,Diesel,2-Wheel Drive,21.2325,GMC,Automatic 4-spd,8.0,6.2
19333,Special Purpose Vehicle 2WD,Regular,2-Wheel Drive,15.6957142857143,GMC,Manual 4-spd,4.0,2.0
19334,Special Purpose Vehicle 2WD,Regular,2-Wheel Drive,14.9822727272727,GMC,Manual 5-spd,4.0,2.0
19335,Special Purpose Vehicle 2WD,Regular,2-Wheel Drive,18.3116666666667,GMC,Automatic 4-spd,6.0,2.8
19336,Special Purpose Vehicle 2WD,Regular,2-Wheel Drive,18.3116666666667,GMC,Manual 4-spd,6.0,2.8
19337,Special Purpose Vehicle 2WD,Regular,2-Wheel Drive,18.3116666666667,GMC,Manual 5-spd,6.0,2.8
19338,Special Purpose Vehicle 2WD,Regular,2-Wheel Drive,18.3116666666667,GMC,Automatic 4-spd,6.0,2.8
19339,Special Purpose Vehicle 2WD,Regular,2-Wheel Drive,18.3116666666667,GMC,Manual 4-spd,6.0,2.8
19340,Special Purpose Vehicle 2WD,Diesel,2-Wheel Drive,14.155,Grumman Olson,Automatic 3-spd,4.0,1.6
19341,Special Purpose Vehicle 2WD,Diesel,2-Wheel Drive,12.3285483870968,Grumman Olson,Manual 5-spd,4.0,1.6
19342,Special Purpose Vehicle 2WD,Regular,Front-Wheel Drive,14.9822727272727,Dodge,Manual 4-spd,4.0,2.2
19343,Special Purpose Vehicle 2WD,Regular,2-Wheel Drive,17.3478947368421,Plymouth,Automatic 3-spd,4.0,2.2
19344,Special Purpose Vehicle 2WD,Regular,2-Wheel Drive,14.9822727272727,Plymouth,Manual 5-spd,4.0,2.2
19345,Special Purpose Vehicle 2WD,Regular,2-Wheel Drive,18.3116666666667,Plymouth,Automatic 3-spd,4.0,2.6
19346,Special Purpose Vehicle 2WD,Regular,2-Wheel Drive,32.961,S and S Coach Company  E.p. Dutton,Automatic 3-spd,8.0,6.0
19347,Special Purpose Vehicle 2WD,Regular,2-Wheel Drive,32.961,Superior Coaches Div E.p. Dutton,Automatic 3-spd,8.0,6.0
19348,Special Purpose Vehicle 4WD,Regular,4-Wheel or All-Wheel Drive,18.3116666666667,American Motors Corporation,Automatic 3-spd,4.0,2.5
19349,Special Purpose Vehicle 4WD,Regular,4-Wheel or All-Wheel Drive,16.4805,American Motors Corporation,Manual 4-spd,4.0,2.5
19350,Special Purpose Vehicle 4WD,Regular,4-Wheel or All-Wheel Drive,15.6957142857143,American Motors Corporation,Manual 5-spd,4.0,2.5
19351,Special Purpose Vehicle 4WD,Regular,4-Wheel or All-Wheel Drive,18.3116666666667,American Motors Corporation,Automatic 3-spd,6.0,4.2
19352,Special Purpose Vehicle 4WD,Regular,4-Wheel or All-Wheel Drive,19.3888235294118,American Motors Corporation,Manual 4-spd,6.0,4.2
19353,Special Purpose Vehicle 2WD,Regular,Front-Wheel Drive,15.6957142857143,Dodge,Manual 4-spd,4.0,2.2
19354,Special Purpose Vehicle 4WD,Regular,4-Wheel or All-Wheel Drive,18.3116666666667,American Motors Corporation,Manual 5-spd,6.0,4.2
19355,Special Purpose Vehicle 4WD,Regular,4-Wheel or All-Wheel Drive,16.4805,American Motors Corporation,Manual 4-spd,4.0,2.5
19356,Special Purpose Vehicle 4WD,Regular,4-Wheel or All-Wheel Drive,15.6957142857143,American Motors Corporation,Manual 5-spd,4.0,2.5
19357,Special Purpose Vehicle 4WD,Regular,4-Wheel or All-Wheel Drive,19.3888235294118,American Motors Corporation,Automatic 3-spd,6.0,4.2
19358,Special Purpose Vehicle 4WD,Regular,4-Wheel or All-Wheel Drive,19.3888235294118,American Motors Corporation,Manual 4-spd,6.0,4.2
19359,Special Purpose Vehicle 4WD,Regular,4-Wheel or All-Wheel Drive,18.3116666666667,American Motors Corporation,Manual 5-spd,6.0,4.2
19360,Special Purpose Vehicle 4WD,Regular,4-Wheel or All-Wheel Drive,23.5435714285714,Chevrolet,Automatic 4-spd,8.0,5.0
19361,Special Purpose Vehicle 4WD,Regular,4-Wheel or All-Wheel Drive,23.5435714285714,Chevrolet,Manual 4-spd,8.0,5.0
19362,Special Purpose Vehicle 4WD,Diesel,4-Wheel or All-Wheel Drive,21.2325,Chevrolet,Automatic 4-spd,8.0,6.2
19363,Special Purpose Vehicle 4WD,Regular,4-Wheel or All-Wheel Drive,27.4675,Chevrolet,Automatic 4-spd,8.0,5.7
19364,Compact Cars,Regular,Front-Wheel Drive,12.6773076923077,Chevrolet,Automatic 3-spd,4.0,1.6
19365,Special Purpose Vehicle 2WD,Regular,Front-Wheel Drive,15.6957142857143,Dodge,Manual 5-spd,4.0,2.2
19366,Special Purpose Vehicle 4WD,Regular,4-Wheel or All-Wheel Drive,29.9645454545455,Chevrolet,Manual 4-spd,8.0,5.7
19367,Special Purpose Vehicle 4WD,Diesel,4-Wheel or All-Wheel Drive,23.8865625,Chevrolet,Automatic 4-spd,8.0,6.2
19368,Special Purpose Vehicle 4WD,Regular,4-Wheel or All-Wheel Drive,16.4805,Chevrolet,Manual 4-spd,4.0,2.0
19369,Special Purpose Vehicle 4WD,Regular,4-Wheel or All-Wheel Drive,16.4805,Chevrolet,Manual 5-spd,4.0,2.0
19370,Special Purpose Vehicle 4WD,Regular,4-Wheel or All-Wheel Drive,18.3116666666667,Chevrolet,Automatic 4-spd,6.0,2.8
19371,Special Purpose Vehicle 4WD,Regular,4-Wheel or All-Wheel Drive,19.3888235294118,Chevrolet,Manual 4-spd,6.0,2.8
19372,Special Purpose Vehicle 4WD,Regular,4-Wheel or All-Wheel Drive,19.3888235294118,Chevrolet,Manual 5-spd,6.0,2.8
19373,Special Purpose Vehicle 4WD,Regular,4-Wheel or All-Wheel Drive,29.9645454545455,Dodge,Automatic 3-spd,8.0,5.2
19374,Special Purpose Vehicle 4WD,Regular,4-Wheel or All-Wheel Drive,29.9645454545455,Dodge,Manual 4-spd,8.0,5.2
19375,Special Purpose Vehicle 4WD,Regular,4-Wheel or All-Wheel Drive,32.961,Dodge,Automatic 3-spd,8.0,5.9
19376,Special Purpose Vehicle 2WD,Regular,Front-Wheel Drive,15.6957142857143,Dodge,Manual 5-spd,4.0,2.2
19377,Special Purpose Vehicle 4WD,Regular,4-Wheel or All-Wheel Drive,20.600625,Ford,Automatic 3-spd,6.0,2.8
19378,Special Purpose Vehicle 4WD,Regular,4-Wheel or All-Wheel Drive,18.3116666666667,Ford,Manual 4-spd,6.0,2.8
19379,Special Purpose Vehicle 4WD,Regular,4-Wheel or All-Wheel Drive,19.3888235294118,Ford,Manual 5-spd,6.0,2.8
19380,Special Purpose Vehicle 4WD,Regular,4-Wheel or All-Wheel Drive,25.3546153846154,Ford,Automatic 3-spd,6.0,4.9
19381,Special Purpose Vehicle 4WD,Regular,4-Wheel or All-Wheel Drive,21.974,Ford,Manual 4-spd,6.0,4.9
19382,Special Purpose Vehicle 4WD,Regular,4-Wheel or All-Wheel Drive,23.5435714285714,Ford,Manual 4-spd,6.0,4.9
19383,Special Purpose Vehicle 4WD,Regular,4-Wheel or All-Wheel Drive,29.9645454545455,Ford,Automatic 3-spd,8.0,5.0
19384,Special Purpose Vehicle 4WD,Regular,4-Wheel or All-Wheel Drive,25.3546153846154,Ford,Manual 4-spd,8.0,5.0
19385,Special Purpose Vehicle 4WD,Regular,4-Wheel or All-Wheel Drive,27.4675,Ford,Manual 4-spd,8.0,5.0
19386,Special Purpose Vehicle 4WD,Regular,4-Wheel or All-Wheel Drive,32.961,Ford,Automatic 3-spd,8.0,5.8
19387,Special Purpose Vehicle 2WD,Regular,Front-Wheel Drive,18.3116666666667,Dodge,Automatic 3-spd,4.0,2.6
19388,Special Purpose Vehicle 4WD,Regular,4-Wheel or All-Wheel Drive,27.4675,Ford,Manual 4-spd,8.0,5.8
19389,Special Purpose Vehicle 4WD,Regular,4-Wheel or All-Wheel Drive,29.9645454545455,Ford,Manual 4-spd,8.0,5.8
19390,Special Purpose Vehicle 4WD,Regular,4-Wheel or All-Wheel Drive,29.9645454545455,Ford,Automatic 3-spd,8.0,5.8
19391,Special Purpose Vehicle 4WD,Regular,4-Wheel or All-Wheel Drive,23.5435714285714,GMC,Automatic 4-spd,8.0,5.0
19392,Special Purpose Vehicle 4WD,Regular,4-Wheel or All-Wheel Drive,23.5435714285714,GMC,Manual 4-spd,8.0,5.0
19393,Special Purpose Vehicle 4WD,Diesel,4-Wheel or All-Wheel Drive,21.2325,GMC,Automatic 4-spd,8.0,6.2
19394,Special Purpose Vehicle 4WD,Regular,4-Wheel or All-Wheel Drive,27.4675,GMC,Automatic 4-spd,8.0,5.7
19395,Special Purpose Vehicle 4WD,Regular,4-Wheel or All-Wheel Drive,29.9645454545455,GMC,Manual 4-spd,8.0,5.7
19396,Special Purpose Vehicle 4WD,Diesel,4-Wheel or All-Wheel Drive,23.8865625,GMC,Automatic 4-spd,8.0,6.2
19397,Special Purpose Vehicle 4WD,Regular,4-Wheel or All-Wheel Drive,16.4805,GMC,Manual 4-spd,4.0,2.0
19398,Special Purpose Vehicle 2WD,Regular,Rear-Wheel Drive,14.9822727272727,Ford,Manual 5-spd,4.0,2.3
19399,Special Purpose Vehicle 4WD,Regular,4-Wheel or All-Wheel Drive,16.4805,GMC,Manual 5-spd,4.0,2.0
19400,Special Purpose Vehicle 4WD,Regular,4-Wheel or All-Wheel Drive,18.3116666666667,GMC,Automatic 4-spd,6.0,2.8
19401,Special Purpose Vehicle 4WD,Regular,4-Wheel or All-Wheel Drive,19.3888235294118,GMC,Manual 4-spd,6.0,2.8
19402,Special Purpose Vehicle 4WD,Regular,4-Wheel or All-Wheel Drive,19.3888235294118,GMC,Manual 5-spd,6.0,2.8
19403,Special Purpose Vehicle 4WD,Regular,4-Wheel or All-Wheel Drive,18.3116666666667,Isuzu,Manual 4-spd,4.0,2.0
19404,Special Purpose Vehicle 4WD,Regular,4-Wheel or All-Wheel Drive,18.3116666666667,Jeep,Automatic 3-spd,4.0,2.5
19405,Special Purpose Vehicle 4WD,Regular,4-Wheel or All-Wheel Drive,15.6957142857143,Jeep,Manual 4-spd,4.0,2.5
19406,Special Purpose Vehicle 4WD,Regular,4-Wheel or All-Wheel Drive,16.4805,Jeep,Manual 4-spd,4.0,2.5
19407,Special Purpose Vehicle 4WD,Regular,4-Wheel or All-Wheel Drive,15.6957142857143,Jeep,Manual 5-spd,4.0,2.5
19408,Special Purpose Vehicle 4WD,Regular,4-Wheel or All-Wheel Drive,20.600625,Jeep,Automatic 3-spd,6.0,2.8
19409,Special Purpose Vehicle 2WD,Regular,Rear-Wheel Drive,18.3116666666667,Ford,Automatic 4-spd,6.0,2.9
19410,Special Purpose Vehicle 4WD,Regular,4-Wheel or All-Wheel Drive,19.3888235294118,Jeep,Manual 5-spd,6.0,2.8
19411,Special Purpose Vehicle 4WD,Regular,4-Wheel or All-Wheel Drive,15.6957142857143,Jeep,Manual 4-spd,4.0,2.5
19412,Special Purpose Vehicle 4WD,Regular,4-Wheel or All-Wheel Drive,16.4805,Jeep,Manual 4-spd,4.0,2.5
19413,Special Purpose Vehicle 4WD,Regular,4-Wheel or All-Wheel Drive,15.6957142857143,Jeep,Manual 5-spd,4.0,2.5
19414,Special Purpose Vehicle 4WD,Regular,4-Wheel or All-Wheel Drive,20.600625,Jeep,Automatic 3-spd,6.0,4.2
19415,Special Purpose Vehicle 4WD,Regular,4-Wheel or All-Wheel Drive,19.3888235294118,Jeep,Manual 4-spd,6.0,4.2
19416,Special Purpose Vehicle 4WD,Regular,4-Wheel or All-Wheel Drive,19.3888235294118,Jeep,Manual 5-spd,6.0,4.2
19417,Special Purpose Vehicle 4WD,Regular,4-Wheel or All-Wheel Drive,21.974,Jeep,Automatic 3-spd,6.0,4.2
19418,Special Purpose Vehicle 4WD,Regular,4-Wheel or All-Wheel Drive,20.600625,Jeep,Manual 4-spd,6.0,4.2
19419,Special Purpose Vehicle 4WD,Regular,4-Wheel or All-Wheel Drive,29.9645454545455,Jeep,Automatic 3-spd,8.0,5.9
19420,Special Purpose Vehicle 2WD,Regular,Rear-Wheel Drive,17.3478947368421,Ford,Manual 5-spd,6.0,2.9
19421,Special Purpose Vehicle 4WD,Regular,4-Wheel or All-Wheel Drive,18.3116666666667,Jeep,Automatic 3-spd,6.0,4.2
19422,Special Purpose Vehicle 4WD,Regular,4-Wheel or All-Wheel Drive,20.600625,Mitsubishi,Automatic 3-spd,4.0,2.6
19423,Special Purpose Vehicle 4WD,Regular,4-Wheel or All-Wheel Drive,21.974,Mitsubishi,Automatic 3-spd,4.0,2.6
19424,Special Purpose Vehicle 4WD,Regular,4-Wheel or All-Wheel Drive,19.3888235294118,Mitsubishi,Manual 5-spd,4.0,2.6
19425,Special Purpose Vehicle 4WD,Regular,4-Wheel or All-Wheel Drive,19.3888235294118,Mitsubishi,Manual 5-spd,4.0,2.6
19426,Special Purpose Vehicle 4WD,Regular,4-Wheel or All-Wheel Drive,16.4805,Subaru,Automatic 3-spd,4.0,1.8
19427,Special Purpose Vehicle 4WD,Regular,4-Wheel or All-Wheel Drive,14.3308695652174,Subaru,Manual 4-spd,4.0,1.8
19428,Special Purpose Vehicle 4WD,Regular,4-Wheel or All-Wheel Drive,16.4805,Subaru,Automatic 3-spd,4.0,1.8
19429,Special Purpose Vehicle 4WD,Regular,4-Wheel or All-Wheel Drive,16.4805,Subaru,Automatic 3-spd,4.0,1.8
19430,Special Purpose Vehicle 4WD,Regular,4-Wheel or All-Wheel Drive,14.3308695652174,Subaru,Manual 4-spd,4.0,1.8
19431,Special Purpose Vehicle 2WD,Regular,Rear-Wheel Drive,23.5435714285714,GMC,Automatic 4-spd,8.0,5.0
19432,Special Purpose Vehicle 4WD,Regular,4-Wheel or All-Wheel Drive,16.4805,Subaru,Automatic 3-spd,4.0,1.8
19433,Special Purpose Vehicle 4WD,Regular,4-Wheel or All-Wheel Drive,16.4805,Subaru,Automatic 3-spd,4.0,1.8
19434,Special Purpose Vehicle 4WD,Regular,4-Wheel or All-Wheel Drive,14.3308695652174,Subaru,Manual 4-spd,4.0,1.8
19435,Special Purpose Vehicle 4WD,Regular,4-Wheel or All-Wheel Drive,16.4805,Subaru,Automatic 3-spd,4.0,1.8
19436,Special Purpose Vehicle 4WD,Regular,4-Wheel or All-Wheel Drive,14.9822727272727,Suzuki,Manual 4-spd,4.0,1.0
19437,Special Purpose Vehicle 4WD,Regular,4-Wheel or All-Wheel Drive,14.9822727272727,Suzuki,Manual 4-spd,4.0,1.0
19438,Special Purpose Vehicle 4WD,Regular,4-Wheel or All-Wheel Drive,29.9645454545455,Toyota,Manual 4-spd,6.0,4.2
19439,Special Purpose Vehicle 4WD,Regular,4-Wheel or All-Wheel Drive,19.3888235294118,Toyota,Manual 5-spd,4.0,2.4
19440,Special Purpose Vehicles,Regular,2-Wheel Drive,21.974,Chevrolet,Manual 4-spd,4.0,2.0
19441,Special Purpose Vehicles,Regular,2-Wheel Drive,25.3546153846154,Chevrolet,Automatic 4-spd,6.0,2.8
19442,Special Purpose Vehicle 2WD,Regular,Rear-Wheel Drive,25.3546153846154,GMC,Automatic 4-spd,8.0,5.7
19443,Special Purpose Vehicles,Regular,2-Wheel Drive,25.3546153846154,Chevrolet,Manual 4-spd,6.0,2.8
19444,Special Purpose Vehicles,Regular,,25.3546153846154,Nissan,Manual 5-spd,4.0,2.4
19445,Special Purpose Vehicles,Regular,2-Wheel Drive,32.961,Dodge,Automatic 3-spd,8.0,5.9
19446,Special Purpose Vehicles,Regular,2-Wheel Drive,29.9645454545455,Ford,Automatic 3-spd,8.0,5.0
19447,Special Purpose Vehicles,Regular,2-Wheel Drive,27.4675,Ford,Manual 4-spd,8.0,5.0
19448,Special Purpose Vehicles,Regular,2-Wheel Drive,19.3888235294118,Ford,Manual 4-spd,4.0,2.3
19449,Special Purpose Vehicles,Regular,2-Wheel Drive,23.5435714285714,Ford,Manual 4-spd,6.0,2.8
19450,Special Purpose Vehicles,Regular,2-Wheel Drive,21.974,GMC,Manual 4-spd,4.0,2.0
19451,Special Purpose Vehicles,Regular,2-Wheel Drive,25.3546153846154,GMC,Automatic 4-spd,6.0,2.8
19452,Special Purpose Vehicles,Regular,2-Wheel Drive,25.3546153846154,GMC,Manual 4-spd,6.0,2.8
19453,Special Purpose Vehicle 2WD,Regular,Rear-Wheel Drive,25.3546153846154,GMC,Automatic 4-spd,8.0,5.7
19454,Special Purpose Vehicles,Regular,2-Wheel Drive,21.974,Toyota,Manual 4-spd,4.0,2.4
19455,Two Seaters,Regular,,15.6957142857143,Alfa Romeo,Manual 5-spd,4.0,2.0
19456,Two Seaters,Regular,,14.9822727272727,Bertone,Manual 5-spd,4.0,1.5
19457,Two Seaters,Regular,,21.974,Chevrolet,Automatic 4-spd,8.0,5.7
19458,Two Seaters,Regular,,21.974,Chevrolet,Manual 4-spd,8.0,5.7
19459,Two Seaters,Regular,,19.3888235294118,Nissan,Automatic 4-spd,6.0,3.0
19460,Two Seaters,Regular,,18.3116666666667,Nissan,Automatic 4-spd,6.0,3.0
19461,Two Seaters,Regular,,16.4805,Nissan,Manual 5-spd,6.0,3.0
19462,Two Seaters,Regular,,18.3116666666667,Nissan,Manual 5-spd,6.0,3.0
19463,Two Seaters,Regular,,14.3308695652174,Ford,Automatic 3-spd,4.0,1.6
19464,Special Purpose Vehicle 2WD,Diesel,Rear-Wheel Drive,21.2325,GMC,Automatic 4-spd,8.0,6.2
19465,Two Seaters,Regular,,13.1844,Ford,Manual 5-spd,4.0,1.6
19466,Two Seaters,Regular,,13.73375,Ford,Manual 5-spd,4.0,1.6
19467,Two Seaters,Regular,,8.45153846153846,Honda,Manual 5-spd,4.0,1.3
19468,Two Seaters,Regular,,12.6773076923077,Honda,Automatic 3-spd,4.0,1.5
19469,Two Seaters,Regular,,10.987,Honda,Manual 5-spd,4.0,1.5
19470,Two Seaters,Regular,,29.9645454545455,Lamborghini,Manual 5-spd,12.0,4.8
19471,Two Seaters,Regular,,23.5435714285714,Lotus,Manual 5-spd,4.0,2.2
19472,Two Seaters,Regular,,19.3888235294118,Mazda,Automatic 4-spd,2.0,1.1
19473,Two Seaters,Regular,,19.3888235294118,Mazda,Manual 5-spd,2.0,1.1
19474,Two Seaters,Regular,,19.3888235294118,Mazda,Manual 5-spd,2.0,1.3
19475,Compact Cars,Regular,Front-Wheel Drive,11.3658620689655,Chevrolet,Manual 5-spd,4.0,1.6
19476,Special Purpose Vehicle 2WD,Regular,Rear-Wheel Drive,16.4805,GMC,Automatic 4-spd,4.0,2.5
19477,Two Seaters,Regular,,21.974,Mercedes-Benz,Automatic 4-spd,8.0,3.8
19478,Two Seaters,Regular,,17.3478947368421,Pininfarina,Automatic 3-spd,4.0,2.0
19479,Two Seaters,Regular,,14.9822727272727,Pininfarina,Manual 5-spd,4.0,2.0
19480,Two Seaters,Regular,,13.73375,Pontiac,Automatic 3-spd,4.0,2.5
19481,Two Seaters,Regular,,13.73375,Pontiac,Manual 4-spd,4.0,2.5
19482,Minicompact Cars,Regular,,16.4805,Alfa Romeo,Manual 5-spd,6.0,2.5
19483,Minicompact Cars,Regular,,19.3888235294118,Avanti Motor Corporation,Automatic 4-spd,8.0,5.0
19484,Minicompact Cars,Regular,,23.5435714285714,Maserati,Manual 5-spd,6.0,2.5
19485,Minicompact Cars,Regular,,18.3116666666667,Porsche,Manual 5-spd,6.0,3.2
19486,Minicompact Cars,Regular,,21.974,Porsche,Automatic 4-spd,8.0,4.7
19487,Special Purpose Vehicle 2WD,Regular,Rear-Wheel Drive,16.4805,GMC,Manual 4-spd,4.0,2.5
19488,Minicompact Cars,Regular,,21.974,Porsche,Manual 5-spd,8.0,4.7
19489,Minicompact Cars,Regular,,19.3888235294118,Porsche,Automatic 3-spd,4.0,2.5
19490,Minicompact Cars,Regular,,16.4805,Porsche,Manual 5-spd,4.0,2.5
19491,Minicompact Cars,Regular,,9.69441176470588,Toyota,Manual 4-spd,4.0,1.3
19492,Minicompact Cars,Regular,,15.6957142857143,Volkswagen,Automatic 3-spd,4.0,1.8
19493,Minicompact Cars,Regular,,14.3308695652174,Volkswagen,Manual 5-spd,4.0,1.8
19494,Subcompact Cars,Regular,,36.6233333333333,Aston Martin,Automatic 3-spd,8.0,5.3
19495,Subcompact Cars,Regular,,36.6233333333333,Aston Martin,Automatic 3-spd,8.0,5.3
19496,Subcompact Cars,Regular,,41.20125,Aston Martin,Manual 5-spd,8.0,5.3
19497,Subcompact Cars,Regular,,19.3888235294118,Audi,Automatic 3-spd,5.0,2.1
19498,Special Purpose Vehicle 2WD,Regular,Rear-Wheel Drive,14.9822727272727,GMC,Manual 5-spd,4.0,2.5
19499,Subcompact Cars,Regular,,16.4805,Audi,Manual 5-spd,5.0,2.1
19500,Subcompact Cars,Regular,,18.3116666666667,Audi,Automatic 3-spd,5.0,2.2
19501,Subcompact Cars,Regular,,17.3478947368421,Audi,Manual 5-spd,5.0,2.2
19502,Subcompact Cars,Regular,,20.600625,Audi,Manual 5-spd,5.0,2.1
19503,Subcompact Cars,Regular,,15.6957142857143,Audi,Automatic 3-spd,4.0,1.8
19504,Subcompact Cars,Regular,,13.73375,Audi,Manual 5-spd,4.0,1.8
19505,Subcompact Cars,Regular,,18.3116666666667,Audi,Manual 5-spd,5.0,2.2
19506,Subcompact Cars,Regular,,14.3308695652174,BMW,Automatic 3-spd,4.0,1.8
19507,Subcompact Cars,Regular,,13.73375,BMW,Manual 5-spd,4.0,1.8
19508,Subcompact Cars,Regular,,16.4805,BMW,Automatic 4-spd,6.0,2.7
19509,Special Purpose Vehicle 2WD,Regular,Rear-Wheel Drive,19.3888235294118,GMC,Automatic 4-spd,6.0,2.8
19510,Subcompact Cars,Regular,,15.6957142857143,BMW,Manual 5-spd,6.0,2.7
19511,Subcompact Cars,Regular,,18.3116666666667,BMW,Automatic 4-spd,6.0,3.2
19512,Subcompact Cars,Regular,,14.9822727272727,Chevrolet,Automatic 4-spd,4.0,2.5
19513,Subcompact Cars,Regular,,14.9822727272727,Chevrolet,Manual 4-spd,4.0,2.5
19514,Subcompact Cars,Regular,,14.9822727272727,Chevrolet,Manual 5-spd,4.0,2.5
19515,Subcompact Cars,Regular,,17.3478947368421,Chevrolet,Automatic 4-spd,6.0,2.8
19516,Subcompact Cars,Regular,,18.3116666666667,Chevrolet,Manual 5-spd,6.0,2.8
19517,Subcompact Cars,Regular,,19.3888235294118,Chevrolet,Automatic 4-spd,8.0,5.0
19518,Subcompact Cars,Regular,,21.974,Chevrolet,Manual 5-spd,8.0,5.0
19519,Subcompact Cars,Regular,,15.6957142857143,Chevrolet,Automatic 3-spd,4.0,2.0
19520,Special Purpose Vehicle 2WD,Regular,Rear-Wheel Drive,19.3888235294118,GMC,Manual 4-spd,6.0,2.8
19521,Subcompact Cars,Regular,,13.73375,Chevrolet,Manual 4-spd,4.0,2.0
19522,Subcompact Cars,Regular,,13.1844,Chevrolet,Manual 5-spd,4.0,2.0
19523,Subcompact Cars,Regular,,13.73375,Chevrolet,Automatic 3-spd,4.0,1.6
19524,Subcompact Cars,Regular,,13.1844,Chevrolet,Manual 4-spd,4.0,1.6
19525,Subcompact Cars,Diesel,,10.61625,Chevrolet,Manual 5-spd,4.0,1.8
19526,Subcompact Cars,Regular,,15.6957142857143,Chrysler,Automatic 3-spd,4.0,2.2
19527,Subcompact Cars,Regular,,17.3478947368421,Chrysler,Automatic 3-spd,4.0,2.2
19528,Subcompact Cars,Regular,,14.3308695652174,Chrysler,Manual 5-spd,4.0,2.2
19529,Subcompact Cars,Regular,,16.4805,Chrysler,Manual 5-spd,4.0,2.2
19530,Subcompact Cars,Regular,,15.6957142857143,Chrysler,Automatic 3-spd,4.0,2.2
19531,Special Purpose Vehicle 2WD,Regular,Rear-Wheel Drive,19.3888235294118,GMC,Manual 5-spd,6.0,2.8
19532,Subcompact Cars,Regular,,17.3478947368421,Chrysler,Automatic 3-spd,4.0,2.2
19533,Subcompact Cars,Regular,,15.6957142857143,Chrysler,Automatic 3-spd,4.0,2.2
19534,Subcompact Cars,Regular,,17.3478947368421,Chrysler,Automatic 3-spd,4.0,2.6
19535,Subcompact Cars,Regular,,15.6957142857143,Nissan,Automatic 4-spd,6.0,2.4
19536,Subcompact Cars,Regular,,15.6957142857143,Nissan,Manual 5-spd,6.0,2.4
19537,Subcompact Cars,Regular,,13.1844,Nissan,Automatic 3-spd,4.0,1.6
19538,Subcompact Cars,Regular,,10.987,Nissan,Manual 5-spd,4.0,1.6
19539,Subcompact Cars,Regular,,13.1844,Nissan,Automatic 3-spd,4.0,1.6
19540,Subcompact Cars,Regular,,10.987,Nissan,Manual 5-spd,4.0,1.6
19541,Subcompact Cars,Diesel,,9.554625,Nissan,Manual 4-spd,4.0,1.7
19542,Special Purpose Vehicle 2WD,Diesel,Rear-Wheel Drive,14.6994230769231,Jeep,Manual 5-spd,4.0,2.1
19543,Subcompact Cars,Diesel,,10.3293243243243,Nissan,Manual 5-spd,4.0,1.7
19544,Subcompact Cars,Regular,,15.6957142857143,Nissan,Automatic 4-spd,4.0,1.8
19545,Subcompact Cars,Regular,,14.9822727272727,Nissan,Manual 5-spd,4.0,1.8
19546,Subcompact Cars,Regular,,12.6773076923077,Nissan,Automatic 4-spd,4.0,2.0
19547,Subcompact Cars,Regular,,13.1844,Nissan,Manual 5-spd,4.0,2.0
19548,Subcompact Cars,Regular,,19.3888235294118,Nissan,Automatic 4-spd,6.0,3.0
19549,Subcompact Cars,Regular,,18.3116666666667,Nissan,Automatic 4-spd,6.0,3.0
19550,Subcompact Cars,Regular,,16.4805,Nissan,Manual 5-spd,6.0,3.0
19551,Subcompact Cars,Regular,,18.3116666666667,Nissan,Manual 5-spd,6.0,3.0
19552,Subcompact Cars,Regular,,11.3658620689655,Dodge,Manual 4-spd,4.0,1.6
19553,Special Purpose Vehicle 2WD,Regular,Rear-Wheel Drive,17.3478947368421,Jeep,Automatic 3-spd,4.0,2.5
19554,Subcompact Cars,Regular,,15.6957142857143,Dodge,Automatic 3-spd,4.0,2.2
19555,Subcompact Cars,Regular,,13.1844,Dodge,Manual 5-spd,4.0,2.2
19556,Subcompact Cars,Regular,,9.98818181818182,Dodge,Manual 4-spd,4.0,1.4
19557,Subcompact Cars,Regular,,10.987,Dodge,Manual 4-spd Doubled,4.0,1.4
19558,Subcompact Cars,Regular,,12.6773076923077,Dodge,Automatic 3-spd,4.0,1.6
19559,Subcompact Cars,Regular,,13.1844,Dodge,Manual 4-spd Doubled,4.0,1.6
19560,Subcompact Cars,Regular,,17.3478947368421,Dodge,Automatic 4-spd,4.0,2.6
19561,Subcompact Cars,Regular,,17.3478947368421,Dodge,Manual 5-spd,4.0,2.6
19562,Subcompact Cars,Regular,,15.6957142857143,Dodge,Automatic 3-spd,4.0,2.2
19563,Subcompact Cars,Regular,,17.3478947368421,Dodge,Automatic 3-spd,4.0,2.2
19564,Special Purpose Vehicle 2WD,Regular,Rear-Wheel Drive,14.3308695652174,Jeep,Manual 4-spd,4.0,2.5
19565,Subcompact Cars,Regular,,14.9822727272727,Dodge,Manual 5-spd,4.0,2.2
19566,Subcompact Cars,Regular,,16.4805,Dodge,Manual 5-spd,4.0,2.2
19567,Subcompact Cars,Regular,,15.6957142857143,Dodge,Automatic 3-spd,4.0,2.2
19568,Subcompact Cars,Regular,,17.3478947368421,Dodge,Automatic 3-spd,4.0,2.2
19569,Subcompact Cars,Regular,,15.6957142857143,Dodge,Automatic 3-spd,4.0,2.2
19570,Subcompact Cars,Regular,,17.3478947368421,Dodge,Automatic 3-spd,4.0,2.6
19571,Subcompact Cars,Regular,,17.3478947368421,Ford,Automatic 3-spd,4.0,2.3
19572,Subcompact Cars,Regular,,15.6957142857143,Ford,Manual 4-spd,4.0,2.3
19573,Subcompact Cars,Regular,,17.3478947368421,Ford,Manual 5-spd,4.0,2.3
19574,Subcompact Cars,Regular,,18.3116666666667,Ford,Automatic 3-spd,6.0,3.8
19575,Special Purpose Vehicle 2WD,Regular,Rear-Wheel Drive,17.3478947368421,Jeep,Manual 4-spd,4.0,2.5
19576,Subcompact Cars,Regular,,21.974,Ford,Manual 5-spd,8.0,5.0
19577,Subcompact Cars,Regular,,20.600625,Ford,Automatic 4-spd,8.0,5.0
19578,Subcompact Cars,Regular,,13.73375,Honda,Automatic 4-spd,4.0,1.8
19579,Subcompact Cars,Regular,,12.6773076923077,Honda,Manual 5-spd,4.0,1.8
19580,Subcompact Cars,Regular,,9.98818181818182,Honda,Manual 4-spd,4.0,1.3
19581,Subcompact Cars,Regular,,13.1844,Honda,Automatic 3-spd,4.0,1.5
19582,Subcompact Cars,Regular,,11.3658620689655,Honda,Manual 5-spd,4.0,1.5
19583,Subcompact Cars,Regular,,14.3308695652174,Honda,Automatic 4-spd,4.0,1.8
19584,Subcompact Cars,Regular,,13.1844,Honda,Manual 5-spd,4.0,1.8
19585,Subcompact Cars,Regular,,16.4805,Isuzu,Automatic 3-spd,4.0,1.8
19586,Compact Cars,Regular,Rear-Wheel Drive,19.3888235294118,Bill Dovell Motor Car Company,Automatic 4-spd,4.0,2.3
19587,Special Purpose Vehicle 2WD,Regular,Rear-Wheel Drive,15.6957142857143,Jeep,Manual 5-spd,4.0,2.5
19588,Subcompact Cars,Regular,,14.3308695652174,Isuzu,Manual 5-spd,4.0,1.8
19589,Subcompact Cars,Diesel,,14.155,Isuzu,Automatic 3-spd,4.0,1.8
19590,Subcompact Cars,Diesel,,11.94328125,Isuzu,Manual 5-spd,4.0,1.8
19591,Subcompact Cars,Regular,,15.6957142857143,Isuzu,Automatic 4-spd,4.0,2.0
19592,Subcompact Cars,Regular,,14.9822727272727,Isuzu,Manual 5-spd,4.0,2.0
19593,Subcompact Cars,Regular,,21.974,Jaguar,Automatic 3-spd,6.0,4.2
19594,Subcompact Cars,Regular,,17.3478947368421,Mercury,Automatic 3-spd,4.0,2.3
19595,Subcompact Cars,Regular,,15.6957142857143,Mercury,Manual 4-spd,4.0,2.3
19596,Subcompact Cars,Regular,,17.3478947368421,Mercury,Manual 5-spd,4.0,2.3
19597,Subcompact Cars,Regular,,17.3478947368421,Mercury,Automatic 3-spd,6.0,3.8
19598,Special Purpose Vehicle 2WD,Regular,Rear-Wheel Drive,20.600625,Jeep,Automatic 3-spd,6.0,2.8
19599,Subcompact Cars,Regular,,21.974,Mercury,Manual 5-spd,8.0,5.0
19600,Subcompact Cars,Regular,,20.600625,Mercury,Automatic 4-spd,8.0,5.0
19601,Subcompact Cars,Regular,,12.6773076923077,Mazda,Automatic 3-spd,4.0,1.5
19602,Subcompact Cars,Regular,,12.2077777777778,Mazda,Manual 4-spd,4.0,1.5
19603,Subcompact Cars,Regular,,10.987,Mazda,Manual 5-spd,4.0,1.5
19604,Subcompact Cars,Diesel,,13.6494642857143,Mercedes-Benz,Automatic 4-spd,4.0,2.2
19605,Subcompact Cars,Diesel,,12.7395,Mercedes-Benz,Manual 5-spd,4.0,2.2
19606,Subcompact Cars,Regular,,16.4805,Mercedes-Benz,Automatic 4-spd,4.0,2.3
19607,Subcompact Cars,Regular,,15.6957142857143,Mercedes-Benz,Manual 5-spd,4.0,2.3
19608,Subcompact Cars,Regular,,14.3308695652174,Mitsubishi,Manual 5-spd,4.0,1.8
19609,Special Purpose Vehicle 2WD,Regular,Rear-Wheel Drive,19.3888235294118,Jeep,Manual 5-spd,6.0,2.8
19610,Subcompact Cars,Regular,,14.3308695652174,Mitsubishi,Automatic 3-spd,4.0,2.0
19611,Subcompact Cars,Regular,,13.1844,Mitsubishi,Manual 5-spd,4.0,2.0
19612,Subcompact Cars,Regular,,17.3478947368421,Mitsubishi,Automatic 4-spd,4.0,2.6
19613,Subcompact Cars,Regular,,17.3478947368421,Mitsubishi,Manual 5-spd,4.0,2.6
19614,Subcompact Cars,Regular,,14.3308695652174,Mitsubishi,Manual 5-spd,4.0,1.8
19615,Subcompact Cars,Regular,,14.3308695652174,Mitsubishi,Automatic 3-spd,4.0,2.0
19616,Subcompact Cars,Regular,,14.3308695652174,Mitsubishi,Manual 4-spd Doubled,4.0,2.0
19617,Subcompact Cars,Regular,,13.1844,Mitsubishi,Manual 5-spd,4.0,2.0
19618,Subcompact Cars,Regular,,9.98818181818182,Plymouth,Manual 4-spd,4.0,1.4
19619,Subcompact Cars,Regular,,10.987,Plymouth,Manual 4-spd Doubled,4.0,1.4
19620,Special Purpose Vehicle 2WD,Regular,Front-Wheel Drive,17.3478947368421,Plymouth,Automatic 3-spd,4.0,2.2
19621,Subcompact Cars,Regular,,12.6773076923077,Plymouth,Automatic 3-spd,4.0,1.6
19622,Subcompact Cars,Regular,,13.1844,Plymouth,Manual 4-spd Doubled,4.0,1.6
19623,Subcompact Cars,Regular,,17.3478947368421,Plymouth,Automatic 4-spd,4.0,2.6
19624,Subcompact Cars,Regular,,17.3478947368421,Plymouth,Manual 5-spd,4.0,2.6
19625,Subcompact Cars,Regular,,11.3658620689655,Plymouth,Manual 4-spd,4.0,1.6
19626,Subcompact Cars,Regular,,15.6957142857143,Plymouth,Automatic 3-spd,4.0,2.2
19627,Subcompact Cars,Regular,,13.1844,Plymouth,Manual 5-spd,4.0,2.2
19628,Subcompact Cars,Regular,,14.9822727272727,Pontiac,Automatic 4-spd,4.0,2.5
19629,Subcompact Cars,Regular,,15.6957142857143,Pontiac,Manual 4-spd,4.0,2.5
19630,Subcompact Cars,Regular,,14.3308695652174,Pontiac,Manual 5-spd,4.0,2.5
19631,Special Purpose Vehicle 2WD,Regular,Front-Wheel Drive,15.6957142857143,Plymouth,Manual 5-spd,4.0,2.2
19632,Subcompact Cars,Regular,,17.3478947368421,Pontiac,Automatic 4-spd,6.0,2.8
19633,Subcompact Cars,Regular,,18.3116666666667,Pontiac,Manual 5-spd,6.0,2.8
19634,Subcompact Cars,Regular,,19.3888235294118,Pontiac,Automatic 4-spd,8.0,5.0
19635,Subcompact Cars,Regular,,21.974,Pontiac,Manual 5-spd,8.0,5.0
19636,Subcompact Cars,Regular,,13.73375,Pontiac,Automatic 3-spd,4.0,1.6
19637,Subcompact Cars,Regular,,13.1844,Pontiac,Manual 4-spd,4.0,1.6
19638,Subcompact Cars,Diesel,,10.61625,Pontiac,Manual 5-spd,4.0,1.8
19639,Subcompact Cars,Regular,,13.73375,Pontiac,Automatic 3-spd,4.0,1.8
19640,Subcompact Cars,Regular,,16.4805,Pontiac,Automatic 3-spd,4.0,1.8
19641,Subcompact Cars,Regular,,14.9822727272727,Pontiac,Manual 4-spd,4.0,1.8
19642,Special Purpose Vehicle 2WD,Regular,Front-Wheel Drive,15.6957142857143,Plymouth,Manual 5-spd,4.0,2.2
19643,Subcompact Cars,Regular,,12.6773076923077,Pontiac,Manual 5-spd,4.0,1.8
19644,Subcompact Cars,Regular,,13.73375,Renault,Manual 5-spd,4.0,1.6
19645,Subcompact Cars,Regular,,17.3478947368421,Renault,Automatic 3-spd,4.0,2.2
19646,Subcompact Cars,Regular,,14.3308695652174,Renault,Manual 5-spd,4.0,2.2
19647,Subcompact Cars,Regular,,17.3478947368421,Renault,Automatic 3-spd,4.0,2.2
19648,Subcompact Cars,Regular,,14.3308695652174,Renault,Manual 5-spd,4.0,2.2
19649,Subcompact Cars,Regular,,41.20125,Rolls-Royce,Automatic 3-spd,8.0,6.8
19650,Subcompact Cars,Regular,,11.3658620689655,Subaru,Manual 4-spd,4.0,1.6
19651,Subcompact Cars,Regular,,11.7717857142857,Subaru,Manual 5-spd,4.0,1.6
19652,Subcompact Cars,Regular,,14.3308695652174,Subaru,Automatic 3-spd,4.0,1.8
19653,Special Purpose Vehicle 2WD,Regular,Front-Wheel Drive,18.3116666666667,Plymouth,Automatic 3-spd,4.0,2.6
19654,Subcompact Cars,Regular,,12.6773076923077,Subaru,Manual 5-spd,4.0,1.8
19655,Subcompact Cars,Regular,,14.9822727272727,Toyota,Automatic 4-spd,4.0,2.4
19656,Subcompact Cars,Regular,,14.3308695652174,Toyota,Manual 5-spd,4.0,2.4
19657,Subcompact Cars,Regular,,17.3478947368421,Toyota,Automatic 4-spd,6.0,2.8
19658,Subcompact Cars,Regular,,18.3116666666667,Toyota,Manual 5-spd,6.0,2.8
19659,Subcompact Cars,Regular,,12.6773076923077,Toyota,Automatic 4-spd,4.0,1.6
19660,Subcompact Cars,Regular,,12.2077777777778,Toyota,Manual 5-spd,4.0,1.6
19661,Subcompact Cars,Regular,,17.3478947368421,Toyota,Automatic 4-spd,6.0,2.8
19662,Subcompact Cars,Regular,,18.3116666666667,Toyota,Manual 5-spd,6.0,2.8
19663,Subcompact Cars,Regular,,12.2077777777778,Toyota,Automatic 3-spd,4.0,1.5
19664,Special Purpose Vehicle 2WD,Diesel,Rear-Wheel Drive,23.8865625,Vixen Motor Company,Manual 5-spd,6.0,2.4
19665,Subcompact Cars,Regular,,10.3003125,Toyota,Manual 4-spd,4.0,1.5
19666,Subcompact Cars,Regular,,11.3658620689655,Toyota,Manual 5-spd,4.0,1.5
19667,Subcompact Cars,Diesel,,10.3293243243243,Volkswagen,Manual 4-spd,4.0,1.6
19668,Subcompact Cars,Diesel,,11.2407352941176,Volkswagen,Manual 5-spd,4.0,1.6
19669,Subcompact Cars,Diesel,,11.5813636363636,Volkswagen,Manual 5-spd,4.0,1.6
19670,Subcompact Cars,Regular,,15.6957142857143,Volkswagen,Automatic 3-spd,4.0,1.7
19671,Subcompact Cars,Regular,,15.6957142857143,Volkswagen,Automatic 3-spd,4.0,1.7
19672,Subcompact Cars,Regular,,13.1844,Volkswagen,Manual 5-spd,4.0,1.7
19673,Subcompact Cars,Regular,,13.1844,Volkswagen,Manual 5-spd,4.0,1.7
19674,Subcompact Cars,Regular,,14.3308695652174,Volkswagen,Manual 5-spd,4.0,1.8
19675,Special Purpose Vehicles,Regular,4-Wheel or All-Wheel Drive,20.600625,American Motors Corporation,Automatic 3-spd,6.0,4.2
19676,Subcompact Cars,Diesel,,10.0575,Volkswagen,Manual 4-spd,4.0,1.6
19677,Subcompact Cars,Regular,,15.6957142857143,Volkswagen,Automatic 3-spd,4.0,1.7
19678,Subcompact Cars,Regular,,15.6957142857143,Volkswagen,Automatic 3-spd,4.0,1.7
19679,Subcompact Cars,Regular,,13.1844,Volkswagen,Manual 5-spd,4.0,1.7
19680,Subcompact Cars,Regular,,13.1844,Volkswagen,Manual 5-spd,4.0,1.7
19681,Subcompact Cars,Regular,,14.3308695652174,Volkswagen,Manual 5-spd,4.0,1.8
19682,Subcompact Cars,Regular,,15.6957142857143,Volkswagen,Automatic 3-spd,4.0,1.8
19683,Subcompact Cars,Regular,,14.3308695652174,Volkswagen,Manual 5-spd,4.0,1.8
19684,Compact Cars,Regular,,16.4805,BMW,Automatic 4-spd,6.0,2.7
19685,Compact Cars,Regular,,18.3116666666667,BMW,Automatic 4-spd,6.0,3.2
19686,Special Purpose Vehicles,Regular,4-Wheel or All-Wheel Drive,19.3888235294118,American Motors Corporation,Manual 5-spd,6.0,4.2
19687,Compact Cars,Regular,,18.3116666666667,BMW,Automatic 4-spd,6.0,3.2
19688,Compact Cars,Regular,,21.974,Buick,Automatic 4-spd,6.0,4.1
19689,Compact Cars,Regular,,20.600625,Buick,Automatic 4-spd,8.0,5.0
19690,Compact Cars,Regular,,13.73375,Buick,Automatic 3-spd,4.0,1.8
19691,Compact Cars,Regular,,16.4805,Buick,Automatic 3-spd,4.0,1.8
19692,Compact Cars,Regular,,14.9822727272727,Buick,Manual 4-spd,4.0,1.8
19693,Compact Cars,Regular,,12.6773076923077,Buick,Manual 5-spd,4.0,1.8
19694,Compact Cars,Regular,,14.9822727272727,Buick,Automatic 3-spd,4.0,2.0
19695,Compact Cars,Regular,,13.73375,Buick,Manual 4-spd,4.0,2.0
19696,Compact Cars,Regular,,14.3308695652174,Buick,Automatic 3-spd,4.0,2.5
19697,Compact Cars,Regular,Rear-Wheel Drive,19.3888235294118,Bill Dovell Motor Car Company,Automatic 4-spd,4.0,2.3
19698,Special Purpose Vehicles,Regular,4-Wheel or All-Wheel Drive,25.3546153846154,Chevrolet,Automatic 4-spd,8.0,5.0
19699,Compact Cars,Regular,,14.3308695652174,Buick,Manual 4-spd,4.0,2.5
19700,Compact Cars,Regular,,17.3478947368421,Buick,Automatic 3-spd,6.0,2.8
19701,Compact Cars,Regular,,16.4805,Buick,Manual 4-spd,6.0,2.8
19702,Compact Cars,Regular,,15.6957142857143,Cadillac,Automatic 3-spd,4.0,2.0
19703,Compact Cars,Regular,,13.1844,Cadillac,Manual 5-spd,4.0,2.0
19704,Compact Cars,Regular,,20.600625,Cadillac,Automatic 4-spd,8.0,4.1
19705,Compact Cars,Regular,,14.9822727272727,Chevrolet,Automatic 3-spd,4.0,2.0
19706,Compact Cars,Regular,,13.73375,Chevrolet,Manual 4-spd,4.0,2.0
19707,Compact Cars,Regular,,13.1844,Chevrolet,Manual 5-spd,4.0,2.0
19708,Compact Cars,Regular,,14.3308695652174,Nissan,Automatic 3-spd,4.0,2.0
19709,Special Purpose Vehicles,Regular,4-Wheel or All-Wheel Drive,23.5435714285714,Chevrolet,Manual 4-spd,8.0,5.0
19710,Compact Cars,Regular,,12.6773076923077,Nissan,Manual 5-spd,4.0,2.0
19711,Compact Cars,Regular,,11.3658620689655,Dodge,Manual 4-spd,4.0,1.6
19712,Compact Cars,Regular,,15.6957142857143,Dodge,Automatic 3-spd,4.0,2.2
19713,Compact Cars,Regular,,13.1844,Dodge,Manual 5-spd,4.0,2.2
19714,Compact Cars,Regular,,14.3308695652174,Ford,Automatic 3-spd,4.0,1.6
19715,Compact Cars,Regular,,12.2077777777778,Ford,Manual 4-spd,4.0,1.6
19716,Compact Cars,Regular,,13.1844,Ford,Manual 5-spd,4.0,1.6
19717,Compact Cars,Regular,,13.73375,Ford,Automatic 3-spd,4.0,1.6
19718,Compact Cars,Regular,,13.1844,Ford,Manual 5-spd,4.0,1.6
19719,Compact Cars,Regular,,13.73375,Ford,Manual 5-spd,4.0,1.6
19720,Special Purpose Vehicles,Regular,4-Wheel or All-Wheel Drive,27.4675,Chevrolet,Automatic 4-spd,8.0,5.7
19721,Compact Cars,Diesel,,11.2407352941176,Ford,Manual 5-spd,4.0,2.0
19722,Compact Cars,Diesel,,11.2407352941176,Ford,Manual 5-spd,4.0,2.0
19723,Compact Cars,Regular,,15.6957142857143,Ford,Automatic 3-spd,4.0,2.3
19724,Compact Cars,Regular,,14.9822727272727,Ford,Manual 5-spd,4.0,2.3
19725,Compact Cars,Regular,,18.3116666666667,Ford,Automatic 3-spd,4.0,2.3
19726,Compact Cars,Regular,,17.3478947368421,Ford,Manual 5-spd,4.0,2.3
19727,Compact Cars,Regular,,18.3116666666667,Ford,Automatic 3-spd,6.0,3.8
19728,Compact Cars,Regular,,17.3478947368421,Ford,Automatic 4-spd,6.0,3.8
19729,Compact Cars,Regular,,20.600625,Ford,Automatic 4-spd,8.0,5.0
19730,Compact Cars,Regular,,18.3116666666667,Mercury,Automatic 3-spd,4.0,2.3
19731,Special Purpose Vehicles,Diesel,4-Wheel or All-Wheel Drive,22.4814705882353,Chevrolet,Automatic 4-spd,8.0,6.2
19732,Compact Cars,Regular,,17.3478947368421,Mercury,Manual 5-spd,4.0,2.3
19733,Compact Cars,Regular,,18.3116666666667,Mercury,Automatic 3-spd,6.0,3.8
19734,Compact Cars,Regular,,17.3478947368421,Mercury,Automatic 4-spd,6.0,3.8
19735,Compact Cars,Regular,,20.600625,Mercury,Automatic 4-spd,8.0,5.0
19736,Compact Cars,Regular,,14.3308695652174,Mercury,Automatic 3-spd,4.0,1.6
19737,Compact Cars,Regular,,12.6773076923077,Mercury,Manual 4-spd,4.0,1.6
19738,Compact Cars,Regular,,13.1844,Mercury,Manual 5-spd,4.0,1.6
19739,Compact Cars,Regular,,13.73375,Mercury,Automatic 3-spd,4.0,1.6
19740,Compact Cars,Regular,,13.1844,Mercury,Manual 5-spd,4.0,1.6
19741,Compact Cars,Regular,,13.73375,Mercury,Manual 5-spd,4.0,1.6
19742,Special Purpose Vehicles,Regular,4-Wheel or All-Wheel Drive,27.4675,Chevrolet,Automatic 4-spd,8.0,5.7
19743,Compact Cars,Diesel,,11.2407352941176,Mercury,Manual 5-spd,4.0,2.0
19744,Compact Cars,Diesel,,11.2407352941176,Mercury,Manual 5-spd,4.0,2.0
19745,Compact Cars,Regular,,15.6957142857143,Mercury,Automatic 3-spd,4.0,2.3
19746,Compact Cars,Regular,,14.9822727272727,Mercury,Manual 5-spd,4.0,2.3
19747,Compact Cars,Regular,,14.3308695652174,Mazda,Automatic 3-spd,4.0,2.0
19748,Compact Cars,Regular,,13.1844,Mazda,Manual 5-spd,4.0,2.0
19749,Compact Cars,Diesel,,11.5813636363636,Mazda,Manual 5-spd,4.0,2.0
19750,Compact Cars,Diesel,,17.3720454545455,Mercedes-Benz,Automatic 4-spd,5.0,3.0
19751,Compact Cars,Diesel,,17.3720454545455,Mercedes-Benz,Automatic 4-spd,5.0,3.0
19752,Compact Cars,Regular,,21.974,Mercedes-Benz,Automatic 4-spd,8.0,3.8
19753,Special Purpose Vehicles,Regular,4-Wheel or All-Wheel Drive,27.4675,Chevrolet,Automatic 4-spd,8.0,5.7
19754,Compact Cars,Regular,,25.3546153846154,Mercedes-Benz,Automatic 4-spd,8.0,5.0
19755,Compact Cars,Regular,,13.73375,Oldsmobile,Automatic 3-spd,4.0,1.8
19756,Compact Cars,Regular,,12.6773076923077,Oldsmobile,Manual 5-spd,4.0,1.8
19757,Compact Cars,Regular,,14.9822727272727,Oldsmobile,Automatic 3-spd,4.0,2.0
19758,Compact Cars,Regular,,13.73375,Oldsmobile,Manual 4-spd,4.0,2.0
19759,Compact Cars,Regular,,13.1844,Oldsmobile,Manual 5-spd,4.0,2.0
19760,Compact Cars,Regular,,14.3308695652174,Oldsmobile,Automatic 3-spd,4.0,2.5
19761,Compact Cars,Regular,,13.73375,Oldsmobile,Manual 4-spd,4.0,2.5
19762,Compact Cars,Regular,,17.3478947368421,Oldsmobile,Automatic 3-spd,6.0,2.8
19763,Compact Cars,Regular,,16.4805,Oldsmobile,Manual 4-spd,6.0,2.8
19764,Special Purpose Vehicles,Regular,4-Wheel or All-Wheel Drive,29.9645454545455,Chevrolet,Manual 4-spd,8.0,5.7
19765,Compact Cars,Regular,,19.3888235294118,Peugeot,Automatic 3-spd,4.0,2.0
19766,Compact Cars,Regular,,17.3478947368421,Peugeot,Manual 5-spd,4.0,2.0
19767,Compact Cars,Diesel,,17.3720454545455,Peugeot,Automatic 3-spd,4.0,2.3
19768,Compact Cars,Diesel,,17.3720454545455,Peugeot,Automatic 3-spd,4.0,2.3
19769,Compact Cars,Diesel,,15.2874,Peugeot,Manual 5-spd,4.0,2.3
19770,Compact Cars,Diesel,,15.924375,Peugeot,Manual 5-spd,4.0,2.3
19771,Compact Cars,Regular,,11.3658620689655,Plymouth,Manual 4-spd,4.0,1.6
19772,Compact Cars,Regular,,15.6957142857143,Plymouth,Automatic 3-spd,4.0,2.2
19773,Compact Cars,Regular,,13.1844,Plymouth,Manual 5-spd,4.0,2.2
19774,Compact Cars,Regular,,13.73375,Pontiac,Automatic 3-spd,4.0,1.8
19775,Special Purpose Vehicles,Diesel,4-Wheel or All-Wheel Drive,23.8865625,Chevrolet,Automatic 4-spd,8.0,6.2
19776,Compact Cars,Regular,,16.4805,Pontiac,Automatic 3-spd,4.0,1.8
19777,Compact Cars,Regular,,14.9822727272727,Pontiac,Manual 4-spd,4.0,1.8
19778,Compact Cars,Regular,,12.6773076923077,Pontiac,Manual 5-spd,4.0,1.8
19779,Compact Cars,Regular,,13.73375,Pontiac,Manual 4-spd,4.0,2.0
19780,Compact Cars,Regular,,13.73375,Renault,Automatic 3-spd,4.0,1.4
19781,Compact Cars,Regular,,13.73375,Renault,Automatic 3-spd,4.0,1.4
19782,Compact Cars,Regular,,10.3003125,Renault,Manual 4-spd,4.0,1.4
19783,Compact Cars,Regular,,10.987,Renault,Manual 4-spd,4.0,1.4
19784,Compact Cars,Regular,,11.3658620689655,Renault,Manual 5-spd,4.0,1.4
19785,Compact Cars,Regular,,10.987,Renault,Manual 5-spd,4.0,1.4
19786,Special Purpose Vehicles,Regular,4-Wheel or All-Wheel Drive,17.3478947368421,Chevrolet,Automatic 4-spd,4.0,2.5
19787,Compact Cars,Regular,,41.20125,Rolls-Royce,Automatic 3-spd,8.0,6.8
19788,Compact Cars,Regular,,18.3116666666667,Saab,Automatic 3-spd,4.0,2.0
19789,Compact Cars,Regular,,18.3116666666667,Saab,Automatic 3-spd,4.0,2.0
19790,Compact Cars,Regular,,15.6957142857143,Saab,Manual 5-spd,4.0,2.0
19791,Compact Cars,Regular,,16.4805,Saab,Manual 5-spd,4.0,2.0
19792,Compact Cars,Regular,,12.6773076923077,Toyota,Automatic 4-spd,4.0,2.0
19793,Compact Cars,Regular,,12.2077777777778,Toyota,Manual 5-spd,4.0,2.0
19794,Compact Cars,Regular,,12.6773076923077,Toyota,Automatic 3-spd,4.0,1.6
19795,Compact Cars,Regular,,11.3658620689655,Toyota,Manual 5-spd,4.0,1.6
19796,Compact Cars,Diesel,,10.3293243243243,Toyota,Manual 5-spd,4.0,1.8
19797,Special Purpose Vehicles,Regular,4-Wheel or All-Wheel Drive,15.6957142857143,Chevrolet,Manual 4-spd,4.0,2.5
19798,Compact Cars,Diesel,,12.3285483870968,Volkswagen,Manual 5-spd,4.0,1.6
19799,Compact Cars,Diesel,,12.3285483870968,Volkswagen,Manual 5-spd,4.0,1.6
19800,Compact Cars,Regular,,18.3116666666667,Volkswagen,Automatic 3-spd,5.0,2.1
19801,Compact Cars,Regular,,17.3478947368421,Volkswagen,Manual 5-spd,5.0,2.1
19802,Compact Cars,Regular,,19.3888235294118,Volvo,Automatic 4-spd,4.0,2.1
19803,Compact Cars,Regular,,18.3116666666667,Volvo,Manual 5-spd,4.0,2.1
19804,Compact Cars,Regular,,16.4805,Volvo,Automatic 4-spd,4.0,2.3
19805,Compact Cars,Regular,,17.3478947368421,Volvo,Automatic 4-spd,4.0,2.3
19806,Compact Cars,Regular,,14.3308695652174,Volvo,Manual 5-spd,4.0,2.3
19807,Compact Cars,Regular,,14.9822727272727,Volvo,Manual 5-spd,4.0,2.3
19808,Two Seaters,Regular,Rear-Wheel Drive,13.1844,Pontiac,Manual 5-spd,4.0,2.5
19809,Compact Cars,Regular,Front-Wheel Drive,19.3888235294118,Nissan,Automatic 4-spd,6.0,3.0
19810,Special Purpose Vehicles,Regular,4-Wheel or All-Wheel Drive,16.4805,Chevrolet,Manual 5-spd,4.0,2.5
19811,Midsize Cars,Regular,,19.3888235294118,Audi,Automatic 3-spd,5.0,2.1
19812,Midsize Cars,Regular,,18.3116666666667,Audi,Automatic 3-spd,5.0,2.1
19813,Midsize Cars,Regular,,17.3478947368421,Audi,Manual 5-spd,5.0,2.1
19814,Midsize Cars,Regular,,14.3308695652174,Buick,Automatic 3-spd,4.0,2.5
19815,Midsize Cars,Regular,,18.3116666666667,Buick,Automatic 3-spd,6.0,3.0
19816,Midsize Cars,Regular,,17.3478947368421,Buick,Automatic 4-spd,6.0,3.8
19817,Midsize Cars,Diesel,,15.924375,Buick,Automatic 3-spd,6.0,4.3
19818,Midsize Cars,Diesel,,15.924375,Buick,Automatic 4-spd,6.0,4.3
19819,Midsize Cars,Regular,,18.3116666666667,Buick,Automatic 3-spd,6.0,3.8
19820,Midsize Cars,Regular,,20.600625,Buick,Automatic 4-spd,6.0,3.8
19821,Special Purpose Vehicles,Regular,4-Wheel or All-Wheel Drive,20.600625,Chevrolet,Automatic 4-spd,6.0,2.8
19822,Midsize Cars,Regular,,19.3888235294118,Buick,Automatic 4-spd,6.0,4.1
19823,Midsize Cars,Diesel,,17.3720454545455,Buick,Automatic 4-spd,6.0,4.3
19824,Midsize Cars,Regular,,21.974,Buick,Automatic 4-spd,6.0,4.1
19825,Midsize Cars,Regular,,20.600625,Buick,Automatic 4-spd,8.0,5.0
19826,Midsize Cars,Regular,,20.600625,Cadillac,Automatic 4-spd,8.0,4.1
19827,Midsize Cars,Regular,,20.600625,Cadillac,Automatic 4-spd,8.0,4.1
19828,Midsize Cars,Regular,,14.3308695652174,Chevrolet,Automatic 3-spd,4.0,2.5
19829,Midsize Cars,Regular,,14.3308695652174,Chevrolet,Manual 4-spd,4.0,2.5
19830,Midsize Cars,Regular,,17.3478947368421,Chevrolet,Automatic 3-spd,6.0,2.8
19831,Midsize Cars,Diesel,,15.924375,Chevrolet,Automatic 3-spd,6.0,4.3
19832,Special Purpose Vehicles,Regular,4-Wheel or All-Wheel Drive,20.600625,Chevrolet,Manual 4-spd,6.0,2.8
19833,Midsize Cars,Diesel,,15.924375,Chevrolet,Automatic 4-spd,6.0,4.3
19834,Midsize Cars,Regular,,14.3308695652174,Chevrolet,Automatic 3-spd,4.0,2.5
19835,Midsize Cars,Regular,,13.73375,Chevrolet,Manual 4-spd,4.0,2.5
19836,Midsize Cars,Regular,,17.3478947368421,Chevrolet,Automatic 3-spd,6.0,2.8
19837,Midsize Cars,Regular,,16.4805,Chevrolet,Manual 4-spd,6.0,2.8
19838,Midsize Cars,Regular,,18.3116666666667,Chevrolet,Automatic 3-spd,6.0,3.8
19839,Midsize Cars,Regular,,20.600625,Chevrolet,Automatic 3-spd,8.0,5.0
19840,Midsize Cars,Regular,,19.3888235294118,Chevrolet,Automatic 4-spd,8.0,5.0
19841,Midsize Cars,Regular,,15.6957142857143,Chrysler,Automatic 3-spd,4.0,2.2
19842,Midsize Cars,Regular,,17.3478947368421,Chrysler,Automatic 3-spd,4.0,2.2
19843,Special Purpose Vehicles,Regular,4-Wheel or All-Wheel Drive,19.3888235294118,Chevrolet,Manual 5-spd,6.0,2.8
19844,Midsize Cars,Regular,,17.3478947368421,Chrysler,Automatic 3-spd,4.0,2.6
19845,Midsize Cars,Regular,,19.3888235294118,Chrysler,Automatic 3-spd,4.0,2.6
19846,Midsize Cars,Regular,,15.6957142857143,Chrysler,Automatic 3-spd,4.0,2.2
19847,Midsize Cars,Regular,,13.1844,Chrysler,Manual 5-spd,4.0,2.2
19848,Midsize Cars,Regular,,17.3478947368421,Chrysler,Automatic 3-spd,4.0,2.2
19849,Midsize Cars,Regular,,15.6957142857143,Chrysler,Automatic 3-spd,4.0,2.2
19850,Midsize Cars,Regular,,14.9822727272727,Chrysler,Manual 5-spd,4.0,2.2
19851,Midsize Cars,Regular,,17.3478947368421,Chrysler,Automatic 3-spd,4.0,2.6
19852,Midsize Cars,Regular,,21.974,Chrysler,Automatic 3-spd,8.0,5.2
19853,Midsize Cars,Regular,,15.6957142857143,Dodge,Automatic 3-spd,4.0,2.2
19854,Special Purpose Vehicles,Regular,4-Wheel or All-Wheel Drive,18.3116666666667,Nissan,Automatic 4-spd,4.0,2.0
19855,Midsize Cars,Regular,,13.73375,Dodge,Manual 4-spd,4.0,2.2
19856,Midsize Cars,Regular,,13.1844,Dodge,Manual 5-spd,4.0,2.2
19857,Midsize Cars,Regular,,17.3478947368421,Dodge,Automatic 3-spd,4.0,2.6
19858,Midsize Cars,Regular,,21.974,Dodge,Automatic 3-spd,8.0,5.2
19859,Midsize Cars,Regular,,15.6957142857143,Dodge,Automatic 3-spd,4.0,2.2
19860,Midsize Cars,Regular,,13.1844,Dodge,Manual 5-spd,4.0,2.2
19861,Midsize Cars,Regular,,15.6957142857143,Dodge,Automatic 3-spd,4.0,2.2
19862,Midsize Cars,Regular,,17.3478947368421,Dodge,Automatic 3-spd,4.0,2.2
19863,Midsize Cars,Regular,,14.9822727272727,Dodge,Manual 5-spd,4.0,2.2
19864,Midsize Cars,Regular,,16.4805,Dodge,Manual 5-spd,4.0,2.2
19865,Special Purpose Vehicles,Regular,4-Wheel or All-Wheel Drive,17.3478947368421,Nissan,Manual 5-spd,4.0,2.0
19866,Midsize Cars,Regular,,17.3478947368421,Dodge,Automatic 3-spd,4.0,2.6
19867,Midsize Cars,Regular,,17.3478947368421,Ford,Automatic 3-spd,4.0,2.3
19868,Midsize Cars,Regular,,18.3116666666667,Ford,Automatic 3-spd,6.0,3.8
19869,Midsize Cars,Regular,,17.3478947368421,Ford,Automatic 4-spd,6.0,3.8
19870,Midsize Cars,Regular,,20.600625,Ford,Automatic 4-spd,8.0,5.0
19871,Midsize Cars,Diesel,,15.924375,Lincoln,Automatic 4-spd,6.0,2.4
19872,Midsize Cars,Regular,,20.600625,Lincoln,Automatic 4-spd,8.0,5.0
19873,Midsize Cars,Diesel,,15.924375,Lincoln,Automatic 4-spd,6.0,2.4
19874,Midsize Cars,Regular,,17.3478947368421,Mercury,Automatic 3-spd,4.0,2.3
19875,Midsize Cars,Regular,,18.3116666666667,Mercury,Automatic 3-spd,6.0,3.8
19876,Special Purpose Vehicles,Regular,4-Wheel or All-Wheel Drive,29.9645454545455,Dodge,Automatic 3-spd,8.0,5.2
19877,Midsize Cars,Regular,,17.3478947368421,Mercury,Automatic 4-spd,6.0,3.8
19878,Midsize Cars,Regular,,20.600625,Mercury,Automatic 4-spd,8.0,5.0
19879,Midsize Cars,Regular,,41.20125,Maserati,Automatic 3-spd,8.0,4.9
19880,Midsize Cars,Regular,,25.3546153846154,Mercedes-Benz,Automatic 4-spd,8.0,5.0
19881,Midsize Cars,Regular,,14.3308695652174,Oldsmobile,Automatic 3-spd,4.0,2.5
19882,Midsize Cars,Regular,,18.3116666666667,Oldsmobile,Automatic 3-spd,6.0,3.0
19883,Midsize Cars,Regular,,17.3478947368421,Oldsmobile,Automatic 4-spd,6.0,3.8
19884,Midsize Cars,Diesel,,15.924375,Oldsmobile,Automatic 3-spd,6.0,4.3
19885,Midsize Cars,Diesel,,15.924375,Oldsmobile,Automatic 4-spd,6.0,4.3
19886,Midsize Cars,Regular,,18.3116666666667,Oldsmobile,Automatic 3-spd,6.0,3.8
19887,Special Purpose Vehicles,Regular,4-Wheel or All-Wheel Drive,29.9645454545455,Dodge,Automatic 3-spd,8.0,5.2
19888,Midsize Cars,Diesel,,17.3720454545455,Oldsmobile,Automatic 4-spd,6.0,4.3
19889,Midsize Cars,Regular,,20.600625,Oldsmobile,Automatic 3-spd,8.0,5.0
19890,Midsize Cars,Regular,,20.600625,Oldsmobile,Automatic 4-spd,8.0,5.0
19891,Midsize Cars,Regular,,21.974,Oldsmobile,Automatic 4-spd,6.0,4.1
19892,Midsize Cars,Regular,,20.600625,Oldsmobile,Automatic 4-spd,8.0,5.0
19893,Midsize Cars,Regular,,21.974,Plymouth,Automatic 3-spd,8.0,5.2
19894,Midsize Cars,Regular,,15.6957142857143,Plymouth,Automatic 3-spd,4.0,2.2
19895,Midsize Cars,Regular,,13.73375,Plymouth,Manual 4-spd,4.0,2.2
19896,Midsize Cars,Regular,,13.1844,Plymouth,Manual 5-spd,4.0,2.2
19897,Midsize Cars,Regular,,17.3478947368421,Plymouth,Automatic 3-spd,4.0,2.6
19898,Special Purpose Vehicles,Regular,4-Wheel or All-Wheel Drive,29.9645454545455,Dodge,Manual 4-spd,8.0,5.2
19899,Midsize Cars,Regular,,18.3116666666667,Pontiac,Automatic 3-spd,6.0,3.8
19900,Midsize Cars,Regular,,20.600625,Pontiac,Automatic 3-spd,8.0,5.0
19901,Midsize Cars,Regular,,19.3888235294118,Pontiac,Automatic 4-spd,8.0,5.0
19902,Midsize Cars,Regular,,18.3116666666667,Pontiac,Automatic 3-spd,6.0,3.8
19903,Midsize Cars,Regular,,20.600625,Pontiac,Automatic 3-spd,8.0,5.0
19904,Midsize Cars,Regular,,19.3888235294118,Pontiac,Automatic 4-spd,8.0,5.0
19905,Midsize Cars,Regular,,14.3308695652174,Pontiac,Automatic 3-spd,4.0,2.5
19906,Midsize Cars,Regular,,17.3478947368421,Pontiac,Automatic 3-spd,6.0,2.8
19907,Midsize Cars,Regular,,16.4805,Pontiac,Manual 4-spd,6.0,2.8
19908,Midsize Cars,Regular,,14.3308695652174,Pontiac,Automatic 3-spd,4.0,2.5
19909,Special Purpose Vehicles,Regular,4-Wheel or All-Wheel Drive,32.961,Dodge,Automatic 3-spd,8.0,5.9
19910,Midsize Cars,Regular,,17.3478947368421,Pontiac,Automatic 3-spd,6.0,2.8
19911,Midsize Cars,Diesel,,15.924375,Pontiac,Automatic 3-spd,6.0,4.3
19912,Midsize Cars,Diesel,,15.924375,Pontiac,Automatic 4-spd,6.0,4.3
19913,Midsize Cars,Regular,,36.6233333333333,Rolls-Royce,Automatic 3-spd,8.0,6.8
19914,Midsize Cars,Regular,,18.3116666666667,Volvo,Automatic 4-spd,4.0,2.3
19915,Midsize Cars,Regular,,17.3478947368421,Volvo,Manual 5-spd,4.0,2.3
19916,Midsize Cars,Diesel,,17.3720454545455,Volvo,Automatic 4-spd,6.0,2.4
19917,Midsize Cars,Regular,,18.3116666666667,Volvo,Automatic 4-spd,6.0,2.9
19918,Large Cars,Regular,,20.600625,Buick,Automatic 4-spd,6.0,4.1
19919,Large Cars,Regular,,21.974,Buick,Automatic 4-spd,8.0,5.0
19920,Compact Cars,Regular,Front-Wheel Drive,17.3478947368421,Nissan,Manual 5-spd,6.0,3.0
19921,Special Purpose Vehicles,Regular,4-Wheel or All-Wheel Drive,29.9645454545455,Dodge,Manual 4-spd,8.0,5.9
19922,Large Cars,Diesel,,15.924375,Buick,Automatic 4-spd,6.0,4.3
19923,Large Cars,Regular,,19.3888235294118,Buick,Automatic 3-spd,6.0,3.8
19924,Large Cars,Regular,,20.600625,Buick,Automatic 4-spd,6.0,4.1
19925,Large Cars,Regular,,20.600625,Buick,Automatic 3-spd,8.0,5.0
19926,Large Cars,Regular,,20.600625,Buick,Automatic 4-spd,8.0,5.0
19927,Large Cars,Regular,Rear-Wheel Drive,20.600625,Cadillac,Automatic 4-spd,8.0,4.1
19928,Large Cars,Diesel,Rear-Wheel Drive,15.924375,Cadillac,Automatic 4-spd,6.0,4.3
19929,Large Cars,Regular,,19.3888235294118,Chevrolet,Automatic 3-spd,6.0,3.8
19930,Large Cars,Regular,,20.600625,Chevrolet,Automatic 3-spd,8.0,5.0
19931,Large Cars,Regular,,19.3888235294118,Chevrolet,Automatic 4-spd,8.0,5.0
19932,Special Purpose Vehicles,Regular,4-Wheel or All-Wheel Drive,17.3478947368421,Dodge,Manual 5-spd,4.0,2.0
19933,Large Cars,Regular,,21.974,Ford,Automatic 4-spd,8.0,5.0
19934,Large Cars,Regular,,21.974,Mercury,Automatic 4-spd,8.0,5.0
19935,Large Cars,Regular,,21.974,Lincoln,Automatic 4-spd,8.0,5.0
19936,Large Cars,Regular,,19.3888235294118,Oldsmobile,Automatic 3-spd,6.0,3.8
19937,Large Cars,Regular,,20.600625,Oldsmobile,Automatic 3-spd,8.0,5.0
19938,Large Cars,Regular,,20.600625,Oldsmobile,Automatic 4-spd,8.0,5.0
19939,Large Cars,Regular,,20.600625,Oldsmobile,Automatic 4-spd,8.0,5.0
19940,Large Cars,Diesel,,15.924375,Oldsmobile,Automatic 4-spd,6.0,4.3
19941,Large Cars,Regular,,19.3888235294118,Pontiac,Automatic 3-spd,6.0,3.8
19942,Large Cars,Regular,,19.3888235294118,Pontiac,Automatic 4-spd,8.0,5.0
19943,Special Purpose Vehicles,Regular,4-Wheel or All-Wheel Drive,19.3888235294118,Ford,Automatic 4-spd,6.0,2.9
19944,Large Cars,Regular,,41.20125,Rolls-Royce,Automatic 3-spd,8.0,6.8
19945,Small Station Wagons,Regular,,13.73375,Buick,Automatic 3-spd,4.0,1.8
19946,Small Station Wagons,Regular,,12.6773076923077,Buick,Manual 5-spd,4.0,1.8
19947,Small Station Wagons,Regular,,15.6957142857143,Buick,Automatic 3-spd,4.0,2.0
19948,Small Station Wagons,Regular,,14.3308695652174,Buick,Manual 4-spd,4.0,2.0
19949,Small Station Wagons,Regular,,14.9822727272727,Chevrolet,Automatic 3-spd,4.0,2.0
19950,Small Station Wagons,Regular,,13.73375,Chevrolet,Manual 4-spd,4.0,2.0
19951,Small Station Wagons,Regular,,13.1844,Chevrolet,Manual 5-spd,4.0,2.0
19952,Small Station Wagons,Regular,,16.4805,Nissan,Automatic 4-spd,6.0,2.4
19953,Small Station Wagons,Regular,,13.1844,Nissan,Automatic 3-spd,4.0,1.6
19954,Special Purpose Vehicles,Regular,4-Wheel or All-Wheel Drive,18.3116666666667,Ford,Manual 5-spd,6.0,2.9
19955,Small Station Wagons,Regular,,10.987,Nissan,Manual 5-spd,4.0,1.6
19956,Small Station Wagons,Diesel,,10.61625,Nissan,Manual 5-spd,4.0,1.7
19957,Small Station Wagons,Regular,,14.9822727272727,Dodge,Automatic 3-spd,4.0,2.0
19958,Small Station Wagons,Regular,,14.3308695652174,Dodge,Manual 4-spd Doubled,4.0,2.0
19959,Small Station Wagons,Regular,,13.73375,Dodge,Manual 5-spd,4.0,2.0
19960,Small Station Wagons,Regular,,14.3308695652174,Ford,Automatic 3-spd,4.0,1.6
19961,Small Station Wagons,Regular,,12.6773076923077,Ford,Manual 4-spd,4.0,1.6
19962,Small Station Wagons,Regular,,13.1844,Ford,Manual 5-spd,4.0,1.6
19963,Small Station Wagons,Regular,,14.3308695652174,Ford,Automatic 3-spd,4.0,1.6
19964,Small Station Wagons,Regular,,13.1844,Ford,Manual 5-spd,4.0,1.6
19965,Special Purpose Vehicles,Regular,4-Wheel or All-Wheel Drive,23.5435714285714,Ford,Automatic 3-spd,6.0,4.9
19966,Small Station Wagons,Diesel,,11.2407352941176,Ford,Manual 5-spd,4.0,2.0
19967,Small Station Wagons,Regular,,13.1844,Honda,Automatic 3-spd,4.0,1.5
19968,Small Station Wagons,Regular,,11.7717857142857,Honda,Manual 5-spd,4.0,1.5
19969,Small Station Wagons,Regular,,14.3308695652174,Mercury,Automatic 3-spd,4.0,1.6
19970,Small Station Wagons,Regular,,12.6773076923077,Mercury,Manual 4-spd,4.0,1.6
19971,Small Station Wagons,Regular,,13.1844,Mercury,Manual 5-spd,4.0,1.6
19972,Small Station Wagons,Diesel,,11.2407352941176,Mercury,Manual 5-spd,4.0,2.0
19973,Small Station Wagons,Regular,,13.73375,Oldsmobile,Automatic 3-spd,4.0,1.8
19974,Small Station Wagons,Regular,,12.6773076923077,Oldsmobile,Manual 5-spd,4.0,1.8
19975,Small Station Wagons,Regular,,15.6957142857143,Oldsmobile,Automatic 3-spd,4.0,2.0
19976,Special Purpose Vehicles,Regular,4-Wheel or All-Wheel Drive,19.3888235294118,Ford,Manual 4-spd,6.0,4.9
19977,Small Station Wagons,Regular,,13.73375,Oldsmobile,Manual 4-spd,4.0,2.0
19978,Small Station Wagons,Regular,,13.1844,Oldsmobile,Manual 5-spd,4.0,2.0
19979,Small Station Wagons,Regular,,14.9822727272727,Plymouth,Automatic 3-spd,4.0,2.0
19980,Small Station Wagons,Regular,,14.3308695652174,Plymouth,Manual 4-spd Doubled,4.0,2.0
19981,Small Station Wagons,Regular,,13.73375,Plymouth,Manual 5-spd,4.0,2.0
19982,Small Station Wagons,Regular,,13.73375,Pontiac,Automatic 3-spd,4.0,1.8
19983,Small Station Wagons,Regular,,12.6773076923077,Pontiac,Manual 5-spd,4.0,1.8
19984,Small Station Wagons,Regular,,13.73375,Pontiac,Manual 4-spd,4.0,2.0
19985,Small Station Wagons,Regular,,17.3478947368421,Renault,Automatic 3-spd,4.0,2.2
19986,Small Station Wagons,Regular,,14.3308695652174,Renault,Manual 5-spd,4.0,2.2
19987,Special Purpose Vehicles,Regular,4-Wheel or All-Wheel Drive,21.974,Ford,Manual 4-spd,6.0,4.9
19988,Small Station Wagons,Regular,,14.9822727272727,Subaru,Automatic 3-spd,4.0,1.8
19989,Small Station Wagons,Regular,,13.1844,Subaru,Manual 5-spd,4.0,1.8
19990,Small Station Wagons,Regular,,17.3478947368421,Toyota,Automatic 4-spd,6.0,2.8
19991,Small Station Wagons,Regular,,12.6773076923077,Toyota,Automatic 3-spd,4.0,1.5
19992,Small Station Wagons,Regular,,11.3658620689655,Toyota,Manual 5-spd,4.0,1.5
19993,Small Station Wagons,Regular,,14.3308695652174,Toyota,Automatic 3-spd,4.0,1.5
19994,Small Station Wagons,Regular,,12.6773076923077,Toyota,Manual 5-spd,4.0,1.5
19995,Small Station Wagons,Diesel,,12.3285483870968,Volkswagen,Manual 5-spd,4.0,1.6
19996,Small Station Wagons,Diesel,,12.3285483870968,Volkswagen,Manual 5-spd,4.0,1.6
19997,Small Station Wagons,Regular,,18.3116666666667,Volkswagen,Automatic 3-spd,5.0,2.1
19998,Special Purpose Vehicles,Regular,4-Wheel or All-Wheel Drive,25.3546153846154,Ford,Automatic 4-spd,8.0,5.0
19999,Small Station Wagons,Regular,,18.3116666666667,Volkswagen,Manual 5-spd,5.0,2.1
20000,Midsize Station Wagons,Regular,,18.3116666666667,Audi,Automatic 3-spd,5.0,2.1
20001,Midsize Station Wagons,Regular,,17.3478947368421,Audi,Manual 5-spd,5.0,2.1
20002,Midsize Station Wagons,Regular,,14.9822727272727,Buick,Automatic 3-spd,4.0,2.5
20003,Midsize Station Wagons,Regular,,19.3888235294118,Buick,Automatic 3-spd,6.0,3.0
20004,Midsize Station Wagons,Regular,,17.3478947368421,Buick,Automatic 4-spd,6.0,3.8
20005,Midsize Station Wagons,Diesel,,15.924375,Buick,Automatic 3-spd,6.0,4.3
20006,Midsize Station Wagons,Diesel,,15.924375,Buick,Automatic 4-spd,6.0,4.3
20007,Midsize Station Wagons,Regular,,14.3308695652174,Chevrolet,Automatic 3-spd,4.0,2.5
20008,Midsize Station Wagons,Regular,,14.3308695652174,Chevrolet,Manual 4-spd,4.0,2.5
20009,Special Purpose Vehicles,Regular,4-Wheel or All-Wheel Drive,25.3546153846154,Ford,Manual 4-spd,8.0,5.0
20010,Midsize Station Wagons,Regular,,18.3116666666667,Chevrolet,Automatic 3-spd,6.0,2.8
20011,Midsize Station Wagons,Regular,,18.3116666666667,Chevrolet,Automatic 4-spd,6.0,2.8
20012,Midsize Station Wagons,Diesel,,15.924375,Chevrolet,Automatic 3-spd,6.0,4.3
20013,Midsize Station Wagons,Diesel,,15.924375,Chevrolet,Automatic 4-spd,6.0,4.3
20014,Midsize Station Wagons,Regular,,15.6957142857143,Chrysler,Automatic 3-spd,4.0,2.2
20015,Midsize Station Wagons,Regular,,17.3478947368421,Chrysler,Automatic 3-spd,4.0,2.6
20016,Midsize Station Wagons,Regular,,15.6957142857143,Dodge,Automatic 3-spd,4.0,2.2
20017,Midsize Station Wagons,Regular,,13.73375,Dodge,Manual 4-spd,4.0,2.2
20018,Midsize Station Wagons,Regular,,13.1844,Dodge,Manual 5-spd,4.0,2.2
20019,Midsize Station Wagons,Regular,,17.3478947368421,Dodge,Automatic 3-spd,4.0,2.6
20020,Special Purpose Vehicles,Regular,4-Wheel or All-Wheel Drive,29.9645454545455,Ford,Automatic 3-spd,8.0,5.8
20021,Midsize Station Wagons,Regular,,18.3116666666667,Ford,Automatic 3-spd,6.0,3.8
20022,Midsize Station Wagons,Regular,,17.3478947368421,Ford,Automatic 4-spd,6.0,3.8
20023,Midsize Station Wagons,Regular,,18.3116666666667,Mercury,Automatic 3-spd,6.0,3.8
20024,Midsize Station Wagons,Regular,,17.3478947368421,Mercury,Automatic 4-spd,6.0,3.8
20025,Midsize Station Wagons,Diesel,,17.3720454545455,Mercedes-Benz,Automatic 4-spd,5.0,3.0
20026,Midsize Station Wagons,Regular,,14.3308695652174,Oldsmobile,Automatic 3-spd,4.0,2.5
20027,Midsize Station Wagons,Regular,,19.3888235294118,Oldsmobile,Automatic 3-spd,6.0,3.0
20028,Midsize Station Wagons,Regular,,17.3478947368421,Oldsmobile,Automatic 4-spd,6.0,3.8
20029,Midsize Station Wagons,Diesel,,15.924375,Oldsmobile,Automatic 3-spd,6.0,4.3
20030,Midsize Station Wagons,Diesel,,15.924375,Oldsmobile,Automatic 4-spd,6.0,4.3
20031,Compact Cars,Regular,Front-Wheel Drive,14.9822727272727,Nissan,Automatic 3-spd,4.0,2.0
20032,Special Purpose Vehicles,Regular,4-Wheel or All-Wheel Drive,25.3546153846154,GMC,Automatic 4-spd,8.0,5.0
20033,Midsize Station Wagons,Regular,,19.3888235294118,Peugeot,Automatic 3-spd,4.0,2.0
20034,Midsize Station Wagons,Regular,,17.3478947368421,Peugeot,Manual 5-spd,4.0,2.0
20035,Midsize Station Wagons,Diesel,,17.3720454545455,Peugeot,Automatic 3-spd,4.0,2.3
20036,Midsize Station Wagons,Diesel,,17.3720454545455,Peugeot,Automatic 3-spd,4.0,2.3
20037,Midsize Station Wagons,Regular,,15.6957142857143,Plymouth,Automatic 3-spd,4.0,2.2
20038,Midsize Station Wagons,Regular,,13.73375,Plymouth,Manual 4-spd,4.0,2.2
20039,Midsize Station Wagons,Regular,,13.1844,Plymouth,Manual 5-spd,4.0,2.2
20040,Midsize Station Wagons,Regular,,17.3478947368421,Plymouth,Automatic 3-spd,4.0,2.6
20041,Midsize Station Wagons,Regular,,14.3308695652174,Pontiac,Automatic 3-spd,4.0,2.5
20042,Midsize Station Wagons,Regular,,18.3116666666667,Pontiac,Automatic 3-spd,6.0,2.8
20043,Special Purpose Vehicles,Regular,4-Wheel or All-Wheel Drive,23.5435714285714,GMC,Manual 4-spd,8.0,5.0
20044,Midsize Station Wagons,Regular,,18.3116666666667,Pontiac,Automatic 4-spd,6.0,2.8
20045,Midsize Station Wagons,Diesel,,15.924375,Pontiac,Automatic 3-spd,6.0,4.3
20046,Midsize Station Wagons,Diesel,,15.924375,Pontiac,Automatic 4-spd,6.0,4.3
20047,Midsize Station Wagons,Regular,,19.3888235294118,Volvo,Automatic 4-spd,4.0,2.1
20048,Midsize Station Wagons,Regular,,18.3116666666667,Volvo,Manual 5-spd,4.0,2.1
20049,Midsize Station Wagons,Regular,,16.4805,Volvo,Automatic 4-spd,4.0,2.3
20050,Midsize Station Wagons,Regular,,17.3478947368421,Volvo,Automatic 4-spd,4.0,2.3
20051,Midsize Station Wagons,Regular,,15.6957142857143,Volvo,Manual 5-spd,4.0,2.3
20052,Midsize Station Wagons,Regular,,14.9822727272727,Volvo,Manual 5-spd,4.0,2.3
20053,Midsize-Large Station Wagons,Regular,,21.974,Buick,Automatic 4-spd,8.0,5.0
20054,Special Purpose Vehicles,Regular,4-Wheel or All-Wheel Drive,27.4675,GMC,Automatic 4-spd,8.0,5.7
20055,Midsize-Large Station Wagons,Regular,,20.600625,Chevrolet,Automatic 4-spd,8.0,5.0
20056,Midsize-Large Station Wagons,Regular,,21.974,Ford,Automatic 4-spd,8.0,5.0
20057,Midsize-Large Station Wagons,Regular,,21.974,Mercury,Automatic 4-spd,8.0,5.0
20058,Midsize-Large Station Wagons,Regular,,21.974,Oldsmobile,Automatic 4-spd,8.0,5.0
20059,Midsize-Large Station Wagons,Regular,,20.600625,Pontiac,Automatic 4-spd,8.0,5.0
20060,Small Pickup Trucks 2WD,Regular,2-Wheel Drive,16.4805,Chevrolet,Automatic 3-spd,4.0,2.0
20061,Small Pickup Trucks 2WD,Regular,2-Wheel Drive,14.3308695652174,Chevrolet,Manual 4-spd,4.0,2.0
20062,Small Pickup Trucks 2WD,Regular,2-Wheel Drive,14.3308695652174,Chevrolet,Manual 5-spd,4.0,2.0
20063,Small Pickup Trucks 2WD,Diesel,2-Wheel Drive,13.6494642857143,Chevrolet,Manual 4-spd,4.0,2.2
20064,Small Pickup Trucks 2WD,Diesel,2-Wheel Drive,13.6494642857143,Chevrolet,Manual 5-spd,4.0,2.2
20065,Special Purpose Vehicles,Diesel,4-Wheel or All-Wheel Drive,22.4814705882353,GMC,Automatic 4-spd,8.0,6.2
20066,Small Pickup Trucks 2WD,Regular,2-Wheel Drive,17.3478947368421,Chevrolet,Automatic 4-spd,6.0,2.8
20067,Small Pickup Trucks 2WD,Regular,2-Wheel Drive,18.3116666666667,Chevrolet,Manual 4-spd,6.0,2.8
20068,Small Pickup Trucks 2WD,Regular,2-Wheel Drive,17.3478947368421,Chevrolet,Manual 5-spd,6.0,2.8
20069,Small Pickup Trucks 2WD,Regular,2-Wheel Drive,17.3478947368421,Nissan,Automatic 3-spd,4.0,2.4
20070,Small Pickup Trucks 2WD,Regular,2-Wheel Drive,15.6957142857143,Nissan,Manual 5-spd,4.0,2.4
20071,Small Pickup Trucks 2WD,Diesel,2-Wheel Drive,14.6994230769231,Nissan,Manual 5-spd,4.0,2.5
20072,Small Pickup Trucks 2WD,Regular,2-Wheel Drive,15.6957142857143,Dodge,Automatic 3-spd,4.0,2.2
20073,Small Pickup Trucks 2WD,Regular,2-Wheel Drive,14.3308695652174,Dodge,Manual 5-spd,4.0,2.2
20074,Small Pickup Trucks 2WD,Regular,2-Wheel Drive,17.3478947368421,Dodge,Automatic 3-spd,4.0,2.0
20075,Small Pickup Trucks 2WD,Regular,2-Wheel Drive,15.6957142857143,Dodge,Manual 4-spd,4.0,2.0
20076,Special Purpose Vehicles,Regular,4-Wheel or All-Wheel Drive,27.4675,GMC,Automatic 4-spd,8.0,5.7
20077,Small Pickup Trucks 2WD,Regular,2-Wheel Drive,14.3308695652174,Dodge,Manual 5-spd,4.0,2.0
20078,Small Pickup Trucks 2WD,Diesel,2-Wheel Drive,15.2874,Dodge,Manual 5-spd,4.0,2.3
20079,Small Pickup Trucks 2WD,Regular,2-Wheel Drive,18.3116666666667,Dodge,Automatic 3-spd,4.0,2.6
20080,Small Pickup Trucks 2WD,Regular,2-Wheel Drive,16.4805,Dodge,Manual 5-spd,4.0,2.6
20081,Small Pickup Trucks 2WD,Regular,2-Wheel Drive,17.3478947368421,Ford,Automatic 3-spd,4.0,2.3
20082,Small Pickup Trucks 2WD,Regular,2-Wheel Drive,15.6957142857143,Ford,Manual 4-spd,4.0,2.3
20083,Small Pickup Trucks 2WD,Regular,2-Wheel Drive,15.6957142857143,Ford,Manual 5-spd,4.0,2.3
20084,Small Pickup Trucks 2WD,Regular,2-Wheel Drive,19.3888235294118,Ford,Automatic 3-spd,6.0,2.8
20085,Small Pickup Trucks 2WD,Regular,2-Wheel Drive,17.3478947368421,Ford,Manual 4-spd,6.0,2.8
20086,Small Pickup Trucks 2WD,Regular,2-Wheel Drive,18.3116666666667,Ford,Manual 5-spd,6.0,2.8
20087,Special Purpose Vehicles,Regular,4-Wheel or All-Wheel Drive,27.4675,GMC,Automatic 4-spd,8.0,5.7
20088,Small Pickup Trucks 2WD,Regular,2-Wheel Drive,16.4805,GMC,Automatic 3-spd,4.0,2.0
20089,Small Pickup Trucks 2WD,Regular,2-Wheel Drive,14.3308695652174,GMC,Manual 4-spd,4.0,2.0
20090,Small Pickup Trucks 2WD,Regular,2-Wheel Drive,14.3308695652174,GMC,Manual 5-spd,4.0,2.0
20091,Small Pickup Trucks 2WD,Diesel,2-Wheel Drive,13.6494642857143,GMC,Manual 4-spd,4.0,2.2
20092,Small Pickup Trucks 2WD,Diesel,2-Wheel Drive,13.6494642857143,GMC,Manual 5-spd,4.0,2.2
20093,Small Pickup Trucks 2WD,Regular,2-Wheel Drive,17.3478947368421,GMC,Automatic 4-spd,6.0,2.8
20094,Small Pickup Trucks 2WD,Regular,2-Wheel Drive,18.3116666666667,GMC,Manual 4-spd,6.0,2.8
20095,Small Pickup Trucks 2WD,Regular,2-Wheel Drive,17.3478947368421,GMC,Manual 5-spd,6.0,2.8
20096,Small Pickup Trucks 2WD,Regular,2-Wheel Drive,17.3478947368421,Isuzu,Automatic 3-spd,4.0,2.0
20097,Small Pickup Trucks 2WD,Regular,2-Wheel Drive,14.3308695652174,Isuzu,Manual 4-spd,4.0,2.0
20098,Special Purpose Vehicles,Regular,4-Wheel or All-Wheel Drive,29.9645454545455,GMC,Manual 4-spd,8.0,5.7
20099,Small Pickup Trucks 2WD,Regular,2-Wheel Drive,14.9822727272727,Isuzu,Manual 5-spd,4.0,2.0
20100,Small Pickup Trucks 2WD,Diesel,2-Wheel Drive,15.924375,Isuzu,Automatic 3-spd,4.0,2.2
20101,Small Pickup Trucks 2WD,Diesel,2-Wheel Drive,13.1787931034483,Isuzu,Manual 5-spd,4.0,2.2
20102,Small Pickup Trucks 2WD,Regular,2-Wheel Drive,17.3478947368421,Mitsubishi,Automatic 3-spd,4.0,2.0
20103,Small Pickup Trucks 2WD,Regular,2-Wheel Drive,15.6957142857143,Mitsubishi,Manual 4-spd,4.0,2.0
20104,Small Pickup Trucks 2WD,Regular,2-Wheel Drive,14.3308695652174,Mitsubishi,Manual 5-spd,4.0,2.0
20105,Small Pickup Trucks 2WD,Diesel,2-Wheel Drive,15.2874,Mitsubishi,Manual 5-spd,4.0,2.3
20106,Small Pickup Trucks 2WD,Regular,2-Wheel Drive,18.3116666666667,Mitsubishi,Automatic 3-spd,4.0,2.6
20107,Small Pickup Trucks 2WD,Regular,2-Wheel Drive,16.4805,Mitsubishi,Manual 5-spd,4.0,2.6
20108,Small Pickup Trucks 2WD,Regular,2-Wheel Drive,18.3116666666667,Mazda,Automatic 3-spd,4.0,2.0
20109,Special Purpose Vehicles,Diesel,4-Wheel or All-Wheel Drive,23.8865625,GMC,Automatic 4-spd,8.0,6.2
20110,Small Pickup Trucks 2WD,Regular,2-Wheel Drive,14.3308695652174,Mazda,Manual 5-spd,4.0,2.0
20111,Small Pickup Trucks 2WD,Diesel,2-Wheel Drive,14.6994230769231,Mazda,Manual 5-spd,4.0,2.2
20112,Small Pickup Trucks 4WD,Regular,4-Wheel or All-Wheel Drive,18.3116666666667,Nissan,Manual 5-spd,4.0,2.4
20113,Small Pickup Trucks 4WD,Regular,4-Wheel or All-Wheel Drive,17.3478947368421,Dodge,Manual 4-spd,4.0,2.0
20114,Small Pickup Trucks 4WD,Diesel,4-Wheel or All-Wheel Drive,16.6167391304348,Dodge,Manual 5-spd,4.0,2.3
20115,Small Pickup Trucks 4WD,Regular,4-Wheel or All-Wheel Drive,19.3888235294118,Dodge,Automatic 3-spd,4.0,2.6
20116,Small Pickup Trucks 4WD,Regular,4-Wheel or All-Wheel Drive,18.3116666666667,Dodge,Manual 5-spd,4.0,2.6
20117,Small Pickup Trucks 4WD,Regular,4-Wheel or All-Wheel Drive,18.3116666666667,Ford,Manual 4-spd,4.0,2.3
20118,Small Pickup Trucks 4WD,Regular,4-Wheel or All-Wheel Drive,23.5435714285714,Ford,Automatic 3-spd,6.0,2.8
20119,Small Pickup Trucks 4WD,Regular,4-Wheel or All-Wheel Drive,19.3888235294118,Ford,Manual 4-spd,6.0,2.8
20120,Special Purpose Vehicles,Regular,4-Wheel or All-Wheel Drive,17.3478947368421,GMC,Automatic 4-spd,4.0,2.5
20121,Small Pickup Trucks 4WD,Regular,4-Wheel or All-Wheel Drive,19.3888235294118,Ford,Manual 5-spd,6.0,2.8
20122,Small Pickup Trucks 4WD,Regular,4-Wheel or All-Wheel Drive,17.3478947368421,Isuzu,Manual 4-spd,4.0,2.0
20123,Small Pickup Trucks 4WD,Diesel,4-Wheel or All-Wheel Drive,15.924375,Isuzu,Manual 4-spd,4.0,2.2
20124,Small Pickup Trucks 4WD,Regular,4-Wheel or All-Wheel Drive,16.4805,Jeep,Manual 4-spd,4.0,2.5
20125,Small Pickup Trucks 4WD,Regular,4-Wheel or All-Wheel Drive,16.4805,Jeep,Manual 4-spd,4.0,2.5
20126,Small Pickup Trucks 4WD,Regular,4-Wheel or All-Wheel Drive,15.6957142857143,Jeep,Manual 5-spd,4.0,2.5
20127,Small Pickup Trucks 4WD,Regular,4-Wheel or All-Wheel Drive,19.3888235294118,Jeep,Automatic 3-spd,6.0,4.2
20128,Small Pickup Trucks 4WD,Regular,4-Wheel or All-Wheel Drive,20.600625,Jeep,Manual 4-spd,6.0,4.2
20129,Small Pickup Trucks 4WD,Regular,4-Wheel or All-Wheel Drive,19.3888235294118,Jeep,Manual 5-spd,6.0,4.2
20130,Small Pickup Trucks 4WD,Regular,4-Wheel or All-Wheel Drive,17.3478947368421,Mitsubishi,Manual 4-spd,4.0,2.0
20131,Special Purpose Vehicles,Regular,4-Wheel or All-Wheel Drive,15.6957142857143,GMC,Manual 4-spd,4.0,2.5
20132,Small Pickup Trucks 4WD,Diesel,4-Wheel or All-Wheel Drive,16.6167391304348,Mitsubishi,Manual 5-spd,4.0,2.3
20133,Small Pickup Trucks 4WD,Regular,4-Wheel or All-Wheel Drive,19.3888235294118,Mitsubishi,Automatic 3-spd,4.0,2.6
20134,Small Pickup Trucks 4WD,Regular,4-Wheel or All-Wheel Drive,18.3116666666667,Mitsubishi,Manual 5-spd,4.0,2.6
20135,Standard Pickup Trucks 2WD,Regular,2-Wheel Drive,21.974,Chevrolet,Automatic 4-spd,6.0,4.1
20136,Standard Pickup Trucks 2WD,Regular,2-Wheel Drive,21.974,Chevrolet,Manual 3-spd,6.0,4.1
20137,Standard Pickup Trucks 2WD,Regular,2-Wheel Drive,21.974,Chevrolet,Manual 4-spd,6.0,4.1
20138,Standard Pickup Trucks 2WD,Regular,2-Wheel Drive,23.5435714285714,Chevrolet,Automatic 4-spd,8.0,5.0
20139,Standard Pickup Trucks 2WD,Diesel,2-Wheel Drive,20.115,Chevrolet,Automatic 4-spd,8.0,6.2
20140,Standard Pickup Trucks 2WD,Diesel,2-Wheel Drive,19.10925,Chevrolet,Manual 4-spd,8.0,6.2
20141,Standard Pickup Trucks 2WD,Regular,2-Wheel Drive,25.3546153846154,Chevrolet,Automatic 4-spd,8.0,5.7
20142,Compact Cars,Regular,Front-Wheel Drive,12.6773076923077,Nissan,Manual 5-spd,4.0,2.0
20143,Special Purpose Vehicles,Regular,4-Wheel or All-Wheel Drive,16.4805,GMC,Manual 5-spd,4.0,2.5
20144,Standard Pickup Trucks 2WD,Diesel,2-Wheel Drive,20.115,Chevrolet,Automatic 4-spd,8.0,6.2
20145,Standard Pickup Trucks 2WD,Diesel,2-Wheel Drive,20.115,Chevrolet,Manual 4-spd,8.0,6.2
20146,Standard Pickup Trucks 2WD,Regular,2-Wheel Drive,19.3888235294118,Chevrolet,Automatic 3-spd,6.0,3.8
20147,Standard Pickup Trucks 2WD,Regular,2-Wheel Drive,21.974,Chevrolet,Automatic 3-spd,8.0,5.0
20148,Standard Pickup Trucks 2WD,Regular,2-Wheel Drive,19.3888235294118,Chevrolet,Automatic 4-spd,8.0,5.0
20149,Standard Pickup Trucks 2WD,Regular,2-Wheel Drive,25.3546153846154,Dodge,Automatic 3-spd,6.0,3.7
20150,Standard Pickup Trucks 2WD,Regular,2-Wheel Drive,25.3546153846154,Dodge,Manual 4-spd,6.0,3.7
20151,Standard Pickup Trucks 2WD,Regular,2-Wheel Drive,27.4675,Dodge,Automatic 3-spd,8.0,5.2
20152,Standard Pickup Trucks 2WD,Regular,2-Wheel Drive,23.5435714285714,Dodge,Manual 4-spd,8.0,5.2
20153,Standard Pickup Trucks 2WD,Regular,2-Wheel Drive,27.4675,Dodge,Manual 4-spd,8.0,5.2
20154,Special Purpose Vehicles,Regular,4-Wheel or All-Wheel Drive,20.600625,GMC,Automatic 4-spd,6.0,2.8
20155,Standard Pickup Trucks 2WD,Regular,2-Wheel Drive,29.9645454545455,Dodge,Automatic 3-spd,8.0,5.9
20156,Standard Pickup Trucks 2WD,Regular,2-Wheel Drive,27.4675,Dodge,Automatic 3-spd,8.0,5.2
20157,Standard Pickup Trucks 2WD,Regular,2-Wheel Drive,27.4675,Dodge,Manual 4-spd,8.0,5.2
20158,Standard Pickup Trucks 2WD,Regular,2-Wheel Drive,23.5435714285714,Ford,Automatic 3-spd,6.0,4.9
20159,Standard Pickup Trucks 2WD,Regular,2-Wheel Drive,21.974,Ford,Automatic 4-spd,6.0,4.9
20160,Standard Pickup Trucks 2WD,Regular,2-Wheel Drive,21.974,Ford,Manual 3-spd,6.0,4.9
20161,Standard Pickup Trucks 2WD,Regular,2-Wheel Drive,20.600625,Ford,Manual 4-spd,6.0,4.9
20162,Standard Pickup Trucks 2WD,Regular,2-Wheel Drive,25.3546153846154,Ford,Automatic 4-spd,8.0,5.0
20163,Standard Pickup Trucks 2WD,Regular,2-Wheel Drive,32.961,Ford,Automatic 3-spd,8.0,5.8
20164,Standard Pickup Trucks 2WD,Regular,2-Wheel Drive,25.3546153846154,Ford,Automatic 3-spd,6.0,4.9
20165,Special Purpose Vehicles,Regular,4-Wheel or All-Wheel Drive,20.600625,GMC,Manual 4-spd,6.0,2.8
20166,Standard Pickup Trucks 2WD,Regular,2-Wheel Drive,23.5435714285714,Ford,Manual 4-spd,6.0,4.9
20167,Standard Pickup Trucks 2WD,Regular,2-Wheel Drive,27.4675,Ford,Automatic 4-spd,8.0,5.0
20168,Standard Pickup Trucks 2WD,Regular,2-Wheel Drive,32.961,Ford,Automatic 3-spd,8.0,5.8
20169,Standard Pickup Trucks 2WD,Regular,2-Wheel Drive,19.3888235294118,GMC,Automatic 3-spd,6.0,3.8
20170,Standard Pickup Trucks 2WD,Regular,2-Wheel Drive,21.974,GMC,Automatic 3-spd,8.0,5.0
20171,Standard Pickup Trucks 2WD,Regular,2-Wheel Drive,19.3888235294118,GMC,Automatic 4-spd,8.0,5.0
20172,Standard Pickup Trucks 2WD,Regular,2-Wheel Drive,21.974,GMC,Automatic 4-spd,6.0,4.1
20173,Standard Pickup Trucks 2WD,Regular,2-Wheel Drive,21.974,GMC,Manual 3-spd,6.0,4.1
20174,Standard Pickup Trucks 2WD,Regular,2-Wheel Drive,21.974,GMC,Manual 4-spd,6.0,4.1
20175,Standard Pickup Trucks 2WD,Regular,2-Wheel Drive,23.5435714285714,GMC,Automatic 4-spd,8.0,5.0
20176,Special Purpose Vehicles,Regular,4-Wheel or All-Wheel Drive,19.3888235294118,GMC,Manual 5-spd,6.0,2.8
20177,Standard Pickup Trucks 2WD,Diesel,2-Wheel Drive,20.115,GMC,Automatic 4-spd,8.0,6.2
20178,Standard Pickup Trucks 2WD,Diesel,2-Wheel Drive,19.10925,GMC,Manual 4-spd,8.0,6.2
20179,Standard Pickup Trucks 2WD,Regular,2-Wheel Drive,25.3546153846154,GMC,Automatic 4-spd,8.0,5.7
20180,Standard Pickup Trucks 2WD,Diesel,2-Wheel Drive,20.115,GMC,Automatic 4-spd,8.0,6.2
20181,Standard Pickup Trucks 2WD,Diesel,2-Wheel Drive,20.115,GMC,Manual 4-spd,8.0,6.2
20182,Standard Pickup Trucks 2WD,Regular,2-Wheel Drive,18.3116666666667,Toyota,Automatic 4-spd,4.0,2.4
20183,Standard Pickup Trucks 2WD,Regular,2-Wheel Drive,14.9822727272727,Toyota,Manual 4-spd,4.0,2.4
20184,Standard Pickup Trucks 2WD,Regular,2-Wheel Drive,16.4805,Toyota,Manual 5-spd,4.0,2.4
20185,Standard Pickup Trucks 2WD,Regular,2-Wheel Drive,16.4805,Toyota,Automatic 4-spd,4.0,2.4
20186,Standard Pickup Trucks 2WD,Regular,2-Wheel Drive,15.6957142857143,Toyota,Manual 5-spd,4.0,2.4
20187,Special Purpose Vehicles,Diesel,4-Wheel or All-Wheel Drive,15.2874,Isuzu,Manual 5-spd,4.0,2.2
20188,Standard Pickup Trucks 2WD,Diesel,2-Wheel Drive,14.155,Toyota,Manual 5-spd,4.0,2.4
20189,Standard Pickup Trucks 4WD,Regular,4-Wheel or All-Wheel Drive,25.3546153846154,Chevrolet,Automatic 4-spd,8.0,5.7
20190,Standard Pickup Trucks 4WD,Diesel,4-Wheel or All-Wheel Drive,22.4814705882353,Chevrolet,Automatic 4-spd,8.0,6.2
20191,Standard Pickup Trucks 4WD,Diesel,4-Wheel or All-Wheel Drive,21.2325,Chevrolet,Manual 4-spd,8.0,6.2
20192,Standard Pickup Trucks 4WD,Regular,4-Wheel or All-Wheel Drive,16.4805,Chevrolet,Manual 4-spd,4.0,2.0
20193,Standard Pickup Trucks 4WD,Regular,4-Wheel or All-Wheel Drive,16.4805,Chevrolet,Manual 5-spd,4.0,2.0
20194,Standard Pickup Trucks 4WD,Regular,4-Wheel or All-Wheel Drive,18.3116666666667,Chevrolet,Automatic 4-spd,6.0,2.8
20195,Standard Pickup Trucks 4WD,Regular,4-Wheel or All-Wheel Drive,19.3888235294118,Chevrolet,Manual 4-spd,6.0,2.8
20196,Standard Pickup Trucks 4WD,Regular,4-Wheel or All-Wheel Drive,18.3116666666667,Chevrolet,Manual 5-spd,6.0,2.8
20197,Standard Pickup Trucks 4WD,Regular,4-Wheel or All-Wheel Drive,29.9645454545455,Dodge,Automatic 3-spd,8.0,5.2
20198,Special Purpose Vehicles,Regular,4-Wheel or All-Wheel Drive,19.3888235294118,Isuzu,Manual 5-spd,4.0,2.3
20199,Standard Pickup Trucks 4WD,Regular,4-Wheel or All-Wheel Drive,27.4675,Dodge,Manual 4-spd,8.0,5.2
20200,Standard Pickup Trucks 4WD,Regular,4-Wheel or All-Wheel Drive,32.961,Dodge,Automatic 3-spd,8.0,5.9
20201,Standard Pickup Trucks 4WD,Regular,4-Wheel or All-Wheel Drive,25.3546153846154,Ford,Automatic 3-spd,6.0,4.9
20202,Standard Pickup Trucks 4WD,Regular,4-Wheel or All-Wheel Drive,23.5435714285714,Ford,Manual 4-spd,6.0,4.9
20203,Standard Pickup Trucks 4WD,Regular,4-Wheel or All-Wheel Drive,23.5435714285714,Ford,Manual 4-spd,6.0,4.9
20204,Standard Pickup Trucks 4WD,Regular,4-Wheel or All-Wheel Drive,29.9645454545455,Ford,Automatic 3-spd,8.0,5.0
20205,Standard Pickup Trucks 4WD,Regular,4-Wheel or All-Wheel Drive,32.961,Ford,Automatic 3-spd,8.0,5.8
20206,Standard Pickup Trucks 4WD,Regular,4-Wheel or All-Wheel Drive,25.3546153846154,Ford,Automatic 3-spd,6.0,4.9
20207,Standard Pickup Trucks 4WD,Regular,4-Wheel or All-Wheel Drive,23.5435714285714,Ford,Manual 4-spd,6.0,4.9
20208,Standard Pickup Trucks 4WD,Regular,4-Wheel or All-Wheel Drive,29.9645454545455,Ford,Automatic 3-spd,8.0,5.0
20209,Special Purpose Vehicles,Regular,4-Wheel or All-Wheel Drive,19.3888235294118,Isuzu,Manual 5-spd,4.0,2.3
20210,Standard Pickup Trucks 4WD,Regular,4-Wheel or All-Wheel Drive,32.961,Ford,Automatic 3-spd,8.0,5.8
20211,Standard Pickup Trucks 4WD,Regular,4-Wheel or All-Wheel Drive,25.3546153846154,GMC,Automatic 4-spd,8.0,5.7
20212,Standard Pickup Trucks 4WD,Diesel,4-Wheel or All-Wheel Drive,22.4814705882353,GMC,Automatic 4-spd,8.0,6.2
20213,Standard Pickup Trucks 4WD,Diesel,4-Wheel or All-Wheel Drive,21.2325,GMC,Manual 4-spd,8.0,6.2
20214,Standard Pickup Trucks 4WD,Regular,4-Wheel or All-Wheel Drive,16.4805,GMC,Manual 4-spd,4.0,2.0
20215,Standard Pickup Trucks 4WD,Regular,4-Wheel or All-Wheel Drive,16.4805,GMC,Manual 5-spd,4.0,2.0
20216,Standard Pickup Trucks 4WD,Regular,4-Wheel or All-Wheel Drive,18.3116666666667,GMC,Automatic 4-spd,6.0,2.8
20217,Standard Pickup Trucks 4WD,Regular,4-Wheel or All-Wheel Drive,19.3888235294118,GMC,Manual 4-spd,6.0,2.8
20218,Standard Pickup Trucks 4WD,Regular,4-Wheel or All-Wheel Drive,18.3116666666667,GMC,Manual 5-spd,6.0,2.8
20219,Standard Pickup Trucks 4WD,Regular,4-Wheel or All-Wheel Drive,20.600625,Jeep,Automatic 3-spd,6.0,4.2
20220,Special Purpose Vehicles,Diesel,4-Wheel or All-Wheel Drive,15.2874,Jeep,Manual 5-spd,4.0,2.1
20221,Standard Pickup Trucks 4WD,Regular,4-Wheel or All-Wheel Drive,20.600625,Jeep,Manual 4-spd,6.0,4.2
20222,Standard Pickup Trucks 4WD,Regular,4-Wheel or All-Wheel Drive,29.9645454545455,Jeep,Automatic 3-spd,8.0,5.9
20223,Standard Pickup Trucks 4WD,Regular,4-Wheel or All-Wheel Drive,19.3888235294118,Toyota,Manual 5-spd,4.0,2.4
20224,"Vans, Cargo Type",Regular,2-Wheel Drive,21.974,Chevrolet,Automatic 4-spd,6.0,4.1
20225,"Vans, Cargo Type",Regular,2-Wheel Drive,21.974,Chevrolet,Manual 3-spd,6.0,4.1
20226,"Vans, Cargo Type",Regular,2-Wheel Drive,21.974,Chevrolet,Manual 4-spd,6.0,4.1
20227,"Vans, Cargo Type",Regular,2-Wheel Drive,23.5435714285714,Chevrolet,Automatic 4-spd,8.0,5.0
20228,"Vans, Cargo Type",Diesel,2-Wheel Drive,20.115,Chevrolet,Automatic 4-spd,8.0,6.2
20229,"Vans, Cargo Type",Diesel,2-Wheel Drive,20.115,Chevrolet,Manual 4-spd,8.0,6.2
20230,"Vans, Cargo Type",Regular,2-Wheel Drive,25.3546153846154,Dodge,Automatic 3-spd,6.0,3.7
20231,Special Purpose Vehicles,Regular,4-Wheel or All-Wheel Drive,18.3116666666667,Jeep,Automatic 3-spd,4.0,2.5
20232,"Vans, Cargo Type",Regular,2-Wheel Drive,25.3546153846154,Dodge,Manual 4-spd,6.0,3.7
20233,"Vans, Cargo Type",Regular,2-Wheel Drive,27.4675,Dodge,Automatic 3-spd,8.0,5.2
20234,"Vans, Cargo Type",Regular,2-Wheel Drive,23.5435714285714,Dodge,Manual 4-spd,8.0,5.2
20235,"Vans, Cargo Type",Regular,2-Wheel Drive,27.4675,Dodge,Automatic 3-spd,8.0,5.2
20236,"Vans, Cargo Type",Regular,2-Wheel Drive,23.5435714285714,Ford,Automatic 3-spd,6.0,4.9
20237,"Vans, Cargo Type",Regular,2-Wheel Drive,21.974,Ford,Automatic 4-spd,6.0,4.9
20238,"Vans, Cargo Type",Regular,2-Wheel Drive,21.974,Ford,Manual 3-spd,6.0,4.9
20239,"Vans, Cargo Type",Regular,2-Wheel Drive,20.600625,Ford,Manual 4-spd,6.0,4.9
20240,"Vans, Cargo Type",Regular,2-Wheel Drive,27.4675,Ford,Automatic 4-spd,8.0,5.0
20241,"Vans, Cargo Type",Regular,2-Wheel Drive,32.961,Ford,Automatic 3-spd,8.0,5.8
20242,Special Purpose Vehicles,Regular,4-Wheel or All-Wheel Drive,15.6957142857143,Jeep,Manual 4-spd,4.0,2.5
20243,"Vans, Cargo Type",Regular,2-Wheel Drive,25.3546153846154,Ford,Automatic 3-spd,6.0,4.9
20244,"Vans, Cargo Type",Regular,2-Wheel Drive,25.3546153846154,Ford,Automatic 4-spd,6.0,4.9
20245,"Vans, Cargo Type",Regular,2-Wheel Drive,23.5435714285714,Ford,Manual 3-spd,6.0,4.9
20246,"Vans, Cargo Type",Regular,2-Wheel Drive,27.4675,Ford,Automatic 4-spd,8.0,5.0
20247,"Vans, Cargo Type",Regular,2-Wheel Drive,36.6233333333333,Ford,Automatic 3-spd,8.0,5.8
20248,"Vans, Cargo Type",Regular,2-Wheel Drive,21.974,GMC,Automatic 4-spd,6.0,4.1
20249,"Vans, Cargo Type",Regular,2-Wheel Drive,21.974,GMC,Manual 3-spd,6.0,4.1
20250,"Vans, Cargo Type",Regular,2-Wheel Drive,21.974,GMC,Manual 4-spd,6.0,4.1
20251,"Vans, Cargo Type",Regular,2-Wheel Drive,23.5435714285714,GMC,Automatic 4-spd,8.0,5.0
20252,"Vans, Cargo Type",Diesel,2-Wheel Drive,20.115,GMC,Automatic 4-spd,8.0,6.2
20253,Compact Cars,Regular,Front-Wheel Drive,10.987,Dodge,Manual 4-spd,4.0,1.6
20254,Special Purpose Vehicles,Regular,4-Wheel or All-Wheel Drive,18.3116666666667,Jeep,Manual 4-spd,4.0,2.5
20255,"Vans, Cargo Type",Diesel,2-Wheel Drive,20.115,GMC,Manual 4-spd,8.0,6.2
20256,"Vans, Cargo Type",Regular,2-Wheel Drive,16.4805,Toyota,Automatic 4-spd,4.0,2.0
20257,"Vans, Cargo Type",Regular,2-Wheel Drive,15.6957142857143,Toyota,Manual 5-spd,4.0,2.0
20258,"Vans, Passenger Type",Regular,2-Wheel Drive,25.3546153846154,Chevrolet,Automatic 4-spd,8.0,5.7
20259,"Vans, Passenger Type",Diesel,2-Wheel Drive,22.4814705882353,Chevrolet,Automatic 4-spd,8.0,6.2
20260,"Vans, Passenger Type",Diesel,2-Wheel Drive,20.115,Chevrolet,Manual 4-spd,8.0,6.2
20261,"Vans, Passenger Type",Regular,2-Wheel Drive,29.9645454545455,Chevrolet,Automatic 4-spd,8.0,5.7
20262,"Vans, Passenger Type",Regular,2-Wheel Drive,25.3546153846154,Dodge,Automatic 3-spd,6.0,3.7
20263,"Vans, Passenger Type",Regular,2-Wheel Drive,25.3546153846154,Dodge,Manual 4-spd,6.0,3.7
20264,"Vans, Passenger Type",Regular,2-Wheel Drive,27.4675,Dodge,Automatic 3-spd,8.0,5.2
20265,Special Purpose Vehicles,Regular,4-Wheel or All-Wheel Drive,16.4805,Jeep,Manual 5-spd,4.0,2.5
20266,"Vans, Passenger Type",Regular,2-Wheel Drive,25.3546153846154,Dodge,Manual 4-spd,8.0,5.2
20267,"Vans, Passenger Type",Regular,2-Wheel Drive,32.961,Dodge,Automatic 3-spd,8.0,5.2
20268,"Vans, Passenger Type",Regular,2-Wheel Drive,27.4675,Ford,Automatic 3-spd,6.0,4.9
20269,"Vans, Passenger Type",Regular,2-Wheel Drive,25.3546153846154,Ford,Automatic 4-spd,6.0,4.9
20270,"Vans, Passenger Type",Regular,2-Wheel Drive,25.3546153846154,Ford,Manual 4-spd,6.0,4.9
20271,"Vans, Passenger Type",Regular,2-Wheel Drive,27.4675,Ford,Automatic 4-spd,8.0,5.0
20272,"Vans, Passenger Type",Regular,2-Wheel Drive,36.6233333333333,Ford,Automatic 3-spd,8.0,5.8
20273,"Vans, Passenger Type",Regular,2-Wheel Drive,25.3546153846154,GMC,Automatic 4-spd,8.0,5.7
20274,"Vans, Passenger Type",Diesel,2-Wheel Drive,22.4814705882353,GMC,Automatic 4-spd,8.0,6.2
20275,"Vans, Passenger Type",Diesel,2-Wheel Drive,20.115,GMC,Manual 4-spd,8.0,6.2
20276,Special Purpose Vehicles,Regular,4-Wheel or All-Wheel Drive,20.600625,Jeep,Automatic 3-spd,6.0,2.8
20277,"Vans, Passenger Type",Regular,2-Wheel Drive,29.9645454545455,GMC,Automatic 4-spd,8.0,5.7
20278,"Vans, Passenger Type",Regular,2-Wheel Drive,16.4805,Toyota,Automatic 4-spd,4.0,2.0
20279,"Vans, Passenger Type",Regular,2-Wheel Drive,15.6957142857143,Toyota,Manual 5-spd,4.0,2.0
20280,"Vans, Passenger Type",Regular,2-Wheel Drive,21.974,Volkswagen,Automatic 3-spd,4.0,1.9
20281,"Vans, Passenger Type",Regular,2-Wheel Drive,20.600625,Volkswagen,Manual 4-spd,4.0,1.9
20282,Special Purpose Vehicle 2WD,Regular,2-Wheel Drive,25.3546153846154,AM General,Automatic 3-spd,6.0,4.2
20283,Special Purpose Vehicle 2WD,Regular,2-Wheel Drive,19.3888235294118,AM General,Automatic 3-spd,4.0,2.5
20284,Special Purpose Vehicle 2WD,Regular,2-Wheel Drive,25.3546153846154,Chevrolet,Automatic 4-spd,8.0,5.7
20285,Special Purpose Vehicle 2WD,Diesel,2-Wheel Drive,22.4814705882353,Chevrolet,Automatic 4-spd,8.0,6.2
20286,Special Purpose Vehicle 2WD,Regular,2-Wheel Drive,15.6957142857143,Chevrolet,Automatic 3-spd,4.0,2.0
20287,Special Purpose Vehicles,Regular,4-Wheel or All-Wheel Drive,19.3888235294118,Jeep,Manual 5-spd,6.0,2.8
20288,Special Purpose Vehicle 2WD,Regular,2-Wheel Drive,14.9822727272727,Chevrolet,Manual 4-spd,4.0,2.0
20289,Special Purpose Vehicle 2WD,Regular,2-Wheel Drive,14.3308695652174,Chevrolet,Manual 5-spd,4.0,2.0
20290,Special Purpose Vehicle 2WD,Regular,2-Wheel Drive,17.3478947368421,Chevrolet,Automatic 4-spd,6.0,2.8
20291,Special Purpose Vehicle 2WD,Regular,2-Wheel Drive,18.3116666666667,Chevrolet,Manual 4-spd,6.0,2.8
20292,Special Purpose Vehicle 2WD,Regular,2-Wheel Drive,18.3116666666667,Chevrolet,Manual 5-spd,6.0,2.8
20293,Special Purpose Vehicle 2WD,Regular,2-Wheel Drive,27.4675,Dodge,Automatic 3-spd,8.0,5.2
20294,Special Purpose Vehicle 2WD,Regular,2-Wheel Drive,29.9645454545455,Dodge,Automatic 3-spd,8.0,5.9
20295,Special Purpose Vehicle 2WD,Regular,2-Wheel Drive,16.4805,Dodge,Automatic 3-spd,4.0,2.2
20296,Special Purpose Vehicle 2WD,Regular,2-Wheel Drive,14.9822727272727,Dodge,Manual 4-spd,4.0,2.2
20297,Special Purpose Vehicle 2WD,Regular,2-Wheel Drive,15.6957142857143,Dodge,Manual 5-spd,4.0,2.2
20298,Special Purpose Vehicles,Regular,4-Wheel or All-Wheel Drive,18.3116666666667,Jeep,Manual 4-spd,4.0,2.5
20299,Special Purpose Vehicle 2WD,Regular,2-Wheel Drive,25.3546153846154,GMC,Automatic 4-spd,8.0,5.7
20300,Special Purpose Vehicle 2WD,Diesel,2-Wheel Drive,22.4814705882353,GMC,Automatic 4-spd,8.0,6.2
20301,Special Purpose Vehicle 2WD,Regular,2-Wheel Drive,15.6957142857143,GMC,Automatic 3-spd,4.0,2.0
20302,Special Purpose Vehicle 2WD,Regular,2-Wheel Drive,14.9822727272727,GMC,Manual 4-spd,4.0,2.0
20303,Special Purpose Vehicle 2WD,Regular,2-Wheel Drive,14.3308695652174,GMC,Manual 5-spd,4.0,2.0
20304,Special Purpose Vehicle 2WD,Regular,2-Wheel Drive,17.3478947368421,GMC,Automatic 4-spd,6.0,2.8
20305,Special Purpose Vehicle 2WD,Regular,2-Wheel Drive,18.3116666666667,GMC,Manual 4-spd,6.0,2.8
20306,Special Purpose Vehicle 2WD,Regular,2-Wheel Drive,18.3116666666667,GMC,Manual 5-spd,6.0,2.8
20307,Special Purpose Vehicle 2WD,Regular,2-Wheel Drive,15.6957142857143,Plymouth,Manual 5-spd,4.0,2.2
20308,Special Purpose Vehicle 4WD,Regular,4-Wheel or All-Wheel Drive,18.3116666666667,American Motors Corporation,Automatic 3-spd,4.0,2.5
20309,Special Purpose Vehicles,Regular,4-Wheel or All-Wheel Drive,19.3888235294118,Jeep,Manual 5-spd,4.0,2.5
20310,Special Purpose Vehicle 4WD,Regular,4-Wheel or All-Wheel Drive,16.4805,American Motors Corporation,Manual 4-spd,4.0,2.5
20311,Special Purpose Vehicle 4WD,Regular,4-Wheel or All-Wheel Drive,19.3888235294118,American Motors Corporation,Automatic 3-spd,6.0,4.2
20312,Special Purpose Vehicle 4WD,Regular,4-Wheel or All-Wheel Drive,19.3888235294118,American Motors Corporation,Manual 4-spd,6.0,4.2
20313,Special Purpose Vehicle 4WD,Regular,4-Wheel or All-Wheel Drive,18.3116666666667,American Motors Corporation,Manual 5-spd,6.0,4.2
20314,Special Purpose Vehicle 4WD,Regular,4-Wheel or All-Wheel Drive,16.4805,American Motors Corporation,Manual 4-spd,4.0,2.5
20315,Special Purpose Vehicle 4WD,Regular,4-Wheel or All-Wheel Drive,19.3888235294118,American Motors Corporation,Automatic 3-spd,6.0,4.2
20316,Special Purpose Vehicle 4WD,Regular,4-Wheel or All-Wheel Drive,19.3888235294118,American Motors Corporation,Manual 4-spd,6.0,4.2
20317,Special Purpose Vehicle 4WD,Regular,4-Wheel or All-Wheel Drive,18.3116666666667,American Motors Corporation,Manual 5-spd,6.0,4.2
20318,Special Purpose Vehicle 4WD,Regular,4-Wheel or All-Wheel Drive,27.4675,Chevrolet,Automatic 4-spd,8.0,5.7
20319,Special Purpose Vehicle 4WD,Diesel,4-Wheel or All-Wheel Drive,23.8865625,Chevrolet,Automatic 4-spd,8.0,6.2
20320,Special Purpose Vehicles,Regular,4-Wheel or All-Wheel Drive,21.974,Jeep,Automatic 3-spd,6.0,4.2
20321,Special Purpose Vehicle 4WD,Regular,4-Wheel or All-Wheel Drive,27.4675,Chevrolet,Automatic 4-spd,8.0,5.7
20322,Special Purpose Vehicle 4WD,Diesel,4-Wheel or All-Wheel Drive,23.8865625,Chevrolet,Automatic 4-spd,8.0,6.2
20323,Special Purpose Vehicle 4WD,Regular,4-Wheel or All-Wheel Drive,16.4805,Chevrolet,Manual 4-spd,4.0,2.0
20324,Special Purpose Vehicle 4WD,Regular,4-Wheel or All-Wheel Drive,16.4805,Chevrolet,Manual 5-spd,4.0,2.0
20325,Special Purpose Vehicle 4WD,Regular,4-Wheel or All-Wheel Drive,18.3116666666667,Chevrolet,Automatic 4-spd,6.0,2.8
20326,Special Purpose Vehicle 4WD,Regular,4-Wheel or All-Wheel Drive,19.3888235294118,Chevrolet,Manual 4-spd,6.0,2.8
20327,Special Purpose Vehicle 4WD,Regular,4-Wheel or All-Wheel Drive,19.3888235294118,Chevrolet,Manual 5-spd,6.0,2.8
20328,Special Purpose Vehicle 4WD,Regular,4-Wheel or All-Wheel Drive,29.9645454545455,Dodge,Automatic 3-spd,8.0,5.2
20329,Special Purpose Vehicle 4WD,Regular,4-Wheel or All-Wheel Drive,32.961,Dodge,Automatic 3-spd,8.0,5.9
20330,Special Purpose Vehicle 4WD,Regular,4-Wheel or All-Wheel Drive,23.5435714285714,Ford,Automatic 3-spd,6.0,2.8
20331,Special Purpose Vehicles,Regular,4-Wheel or All-Wheel Drive,20.600625,Jeep,Manual 4-spd,6.0,4.2
20332,Special Purpose Vehicle 4WD,Regular,4-Wheel or All-Wheel Drive,19.3888235294118,Ford,Manual 4-spd,6.0,2.8
20333,Special Purpose Vehicle 4WD,Regular,4-Wheel or All-Wheel Drive,19.3888235294118,Ford,Manual 5-spd,6.0,2.8
20334,Special Purpose Vehicle 4WD,Regular,4-Wheel or All-Wheel Drive,25.3546153846154,Ford,Automatic 3-spd,6.0,4.9
20335,Special Purpose Vehicle 4WD,Regular,4-Wheel or All-Wheel Drive,23.5435714285714,Ford,Manual 4-spd,6.0,4.9
20336,Special Purpose Vehicle 4WD,Regular,4-Wheel or All-Wheel Drive,23.5435714285714,Ford,Manual 4-spd,6.0,4.9
20337,Special Purpose Vehicle 4WD,Regular,4-Wheel or All-Wheel Drive,29.9645454545455,Ford,Automatic 3-spd,8.0,5.0
20338,Special Purpose Vehicle 4WD,Regular,4-Wheel or All-Wheel Drive,32.961,Ford,Automatic 3-spd,8.0,5.8
20339,Special Purpose Vehicle 4WD,Regular,4-Wheel or All-Wheel Drive,27.4675,GMC,Automatic 4-spd,8.0,5.7
20340,Special Purpose Vehicle 4WD,Diesel,4-Wheel or All-Wheel Drive,23.8865625,GMC,Automatic 4-spd,8.0,6.2
20341,Special Purpose Vehicle 4WD,Regular,4-Wheel or All-Wheel Drive,27.4675,GMC,Automatic 4-spd,8.0,5.7
20342,Special Purpose Vehicles,Regular,4-Wheel or All-Wheel Drive,19.3888235294118,Jeep,Manual 5-spd,6.0,4.2
20343,Special Purpose Vehicle 4WD,Diesel,4-Wheel or All-Wheel Drive,23.8865625,GMC,Automatic 4-spd,8.0,6.2
20344,Special Purpose Vehicle 4WD,Regular,4-Wheel or All-Wheel Drive,16.4805,GMC,Manual 4-spd,4.0,2.0
20345,Special Purpose Vehicle 4WD,Regular,4-Wheel or All-Wheel Drive,16.4805,GMC,Manual 5-spd,4.0,2.0
20346,Special Purpose Vehicle 4WD,Regular,4-Wheel or All-Wheel Drive,18.3116666666667,GMC,Automatic 4-spd,6.0,2.8
20347,Special Purpose Vehicle 4WD,Regular,4-Wheel or All-Wheel Drive,19.3888235294118,GMC,Manual 4-spd,6.0,2.8
20348,Special Purpose Vehicle 4WD,Regular,4-Wheel or All-Wheel Drive,19.3888235294118,GMC,Manual 5-spd,6.0,2.8
20349,Special Purpose Vehicle 4WD,Regular,4-Wheel or All-Wheel Drive,18.3116666666667,Isuzu,Manual 4-spd,4.0,2.0
20350,Special Purpose Vehicle 4WD,Regular,4-Wheel or All-Wheel Drive,18.3116666666667,Jeep,Automatic 3-spd,4.0,2.5
20351,Special Purpose Vehicle 4WD,Regular,4-Wheel or All-Wheel Drive,16.4805,Jeep,Manual 4-spd,4.0,2.5
20352,Special Purpose Vehicle 4WD,Regular,4-Wheel or All-Wheel Drive,16.4805,Jeep,Manual 4-spd,4.0,2.5
20353,Special Purpose Vehicles,Regular,4-Wheel or All-Wheel Drive,23.5435714285714,Jeep,Automatic 3-spd,6.0,4.2
20354,Special Purpose Vehicle 4WD,Regular,4-Wheel or All-Wheel Drive,15.6957142857143,Jeep,Manual 5-spd,4.0,2.5
20355,Special Purpose Vehicle 4WD,Regular,4-Wheel or All-Wheel Drive,20.600625,Jeep,Automatic 3-spd,6.0,2.8
20356,Special Purpose Vehicle 4WD,Regular,4-Wheel or All-Wheel Drive,16.4805,Jeep,Manual 4-spd,4.0,2.5
20357,Special Purpose Vehicle 4WD,Regular,4-Wheel or All-Wheel Drive,16.4805,Jeep,Manual 4-spd,4.0,2.5
20358,Special Purpose Vehicle 4WD,Regular,4-Wheel or All-Wheel Drive,15.6957142857143,Jeep,Manual 5-spd,4.0,2.5
20359,Special Purpose Vehicle 4WD,Regular,4-Wheel or All-Wheel Drive,20.600625,Jeep,Automatic 3-spd,6.0,4.2
20360,Special Purpose Vehicle 4WD,Regular,4-Wheel or All-Wheel Drive,20.600625,Jeep,Manual 4-spd,6.0,4.2
20361,Special Purpose Vehicle 4WD,Regular,4-Wheel or All-Wheel Drive,19.3888235294118,Jeep,Manual 5-spd,6.0,4.2
20362,Special Purpose Vehicle 4WD,Regular,4-Wheel or All-Wheel Drive,21.974,Jeep,Automatic 3-spd,6.0,4.2
20363,Special Purpose Vehicle 4WD,Regular,4-Wheel or All-Wheel Drive,20.600625,Jeep,Manual 4-spd,6.0,4.2
20364,Compact Cars,Regular,Front-Wheel Drive,10.987,Dodge,Manual 4-spd,4.0,1.6
20365,Special Purpose Vehicles,Regular,4-Wheel or All-Wheel Drive,21.974,Jeep,Manual 4-spd,6.0,4.2
20366,Special Purpose Vehicle 4WD,Regular,4-Wheel or All-Wheel Drive,29.9645454545455,Jeep,Automatic 3-spd,8.0,5.9
20367,Special Purpose Vehicle 4WD,Regular,4-Wheel or All-Wheel Drive,21.974,Mitsubishi,Automatic 3-spd,4.0,2.6
20368,Special Purpose Vehicle 4WD,Regular,4-Wheel or All-Wheel Drive,19.3888235294118,Mitsubishi,Manual 5-spd,4.0,2.6
20369,Special Purpose Vehicle 4WD,Regular,4-Wheel or All-Wheel Drive,15.6957142857143,Subaru,Automatic 3-spd,4.0,1.8
20370,Special Purpose Vehicle 4WD,Regular,4-Wheel or All-Wheel Drive,13.73375,Subaru,Manual 4-spd,4.0,1.8
20371,Special Purpose Vehicle 4WD,Regular,4-Wheel or All-Wheel Drive,16.4805,Subaru,Automatic 3-spd,4.0,1.8
20372,Special Purpose Vehicle 4WD,Regular,4-Wheel or All-Wheel Drive,16.4805,Subaru,Automatic 3-spd,4.0,1.8
20373,Special Purpose Vehicle 4WD,Regular,4-Wheel or All-Wheel Drive,14.3308695652174,Subaru,Manual 4-spd,4.0,1.8
20374,Special Purpose Vehicle 4WD,Regular,4-Wheel or All-Wheel Drive,16.4805,Subaru,Automatic 3-spd,4.0,1.8
20375,Special Purpose Vehicle 4WD,Regular,4-Wheel or All-Wheel Drive,16.4805,Subaru,Automatic 3-spd,4.0,1.8
20376,Special Purpose Vehicles,Regular,4-Wheel or All-Wheel Drive,29.9645454545455,Jeep,Automatic 3-spd,8.0,5.9
20377,Special Purpose Vehicle 4WD,Regular,4-Wheel or All-Wheel Drive,13.73375,Subaru,Manual 4-spd,4.0,1.8
20378,Special Purpose Vehicle 4WD,Regular,4-Wheel or All-Wheel Drive,16.4805,Subaru,Automatic 3-spd,4.0,1.8
20379,Special Purpose Vehicle 4WD,Regular,4-Wheel or All-Wheel Drive,19.3888235294118,Toyota,Manual 5-spd,4.0,2.4
20380,Special Purpose Vehicles,Regular,2-Wheel Drive,23.5435714285714,Chevrolet,Automatic 4-spd,6.0,2.8
20381,Special Purpose Vehicles,Regular,,23.5435714285714,Nissan,Manual 5-spd,4.0,2.4
20382,Special Purpose Vehicles,Regular,2-Wheel Drive,29.9645454545455,Ford,Automatic 3-spd,8.0,5.0
20383,Special Purpose Vehicles,Regular,2-Wheel Drive,19.3888235294118,Ford,Manual 4-spd,4.0,2.3
20384,Special Purpose Vehicles,Regular,2-Wheel Drive,23.5435714285714,GMC,Automatic 4-spd,6.0,2.8
20385,Special Purpose Vehicles,Regular,2-Wheel Drive,21.974,Toyota,Manual 4-spd,4.0,2.4
20386,Special Purpose Vehicles,Regular,4-Wheel or All-Wheel Drive,20.600625,Mitsubishi,Automatic 3-spd,4.0,2.6
20387,Two Seaters,Premium,All-Wheel Drive,21.974,Audi,Manual 6-spd,10.0,5.2
20388,Two Seaters,Premium,All-Wheel Drive,20.600625,Audi,Auto(AM6),10.0,5.2
20389,Two Seaters,Premium,All-Wheel Drive,21.974,Audi,Manual 6-spd,8.0,4.2
20390,Two Seaters,Premium,All-Wheel Drive,21.974,Audi,Automatic (AM6),8.0,4.2
20391,Two Seaters,Premium,All-Wheel Drive,13.73375,Audi,Automatic (S6),4.0,2.0
20392,Two Seaters,Premium,Rear-Wheel Drive,18.3116666666667,Chevrolet,Manual 6-spd,8.0,7.0
20393,Two Seaters,Regular,Rear-Wheel Drive,17.3478947368421,Chevrolet,Manual 6-spd,8.0,6.2
20394,Two Seaters,Premium,Rear-Wheel Drive,20.600625,Chevrolet,Manual 6-spd,8.0,6.2
20395,Two Seaters,Regular,Rear-Wheel Drive,18.3116666666667,Chevrolet,Automatic (S6),8.0,6.2
20396,Special Purpose Vehicles,Regular,4-Wheel or All-Wheel Drive,19.3888235294118,Mitsubishi,Manual 5-spd,4.0,2.6
20397,Two Seaters,Premium,All-Wheel Drive,21.974,Lamborghini,Manual 6-spd,10.0,5.2
20398,Two Seaters,Premium,All-Wheel Drive,20.600625,Lamborghini,Auto(AM6),10.0,5.2
20399,Two Seaters,Premium,All-Wheel Drive,23.5435714285714,Lamborghini,Manual 6-spd,10.0,5.2
20400,Two Seaters,Premium,All-Wheel Drive,20.600625,Lamborghini,Auto(AM6),10.0,5.2
20401,Two Seaters,Premium,All-Wheel Drive,32.961,Lamborghini,Manual 7-spd,12.0,6.5
20402,Two Seaters,Premium,All-Wheel Drive,29.9645454545455,Lamborghini,Auto(AM7),12.0,6.5
20403,Two Seaters,Premium,All-Wheel Drive,32.961,Lamborghini,Manual 7-spd,12.0,6.5
20404,Two Seaters,Premium,All-Wheel Drive,29.9645454545455,Lamborghini,Auto(AM7),12.0,6.5
20405,Two Seaters,Premium,Rear-Wheel Drive,13.73375,Mazda,Manual 5-spd,4.0,2.0
20406,Two Seaters,Premium,Rear-Wheel Drive,13.73375,Mazda,Manual 6-spd,4.0,2.0
20407,Special Purpose Vehicles,Regular,4-Wheel or All-Wheel Drive,17.3478947368421,Plymouth,Manual 5-spd,4.0,2.0
20408,Two Seaters,Premium,Rear-Wheel Drive,14.3308695652174,Mazda,Automatic (S6),4.0,2.0
20409,Minicompact Cars,Premium,Rear-Wheel Drive,21.974,Ferrari,Auto(AM7),8.0,4.3
20410,Minicompact Cars,Premium,Front-Wheel Drive,17.3478947368421,Mitsubishi,Automatic (S5),6.0,3.8
20411,Minicompact Cars,Regular,Front-Wheel Drive,14.9822727272727,Mitsubishi,Automatic (S4),4.0,2.4
20412,Subcompact Cars,Premium,Front-Wheel Drive,12.6773076923077,Audi,Automatic (variable gear ratios),4.0,2.0
20413,Subcompact Cars,Premium,All-Wheel Drive,14.3308695652174,Audi,Automatic (S6),4.0,2.0
20414,Subcompact Cars,Premium,All-Wheel Drive,13.1844,Audi,Manual 6-spd,4.0,2.0
20415,Subcompact Cars,Premium,All-Wheel Drive,14.3308695652174,Audi,Automatic (S6),4.0,2.0
20416,Subcompact Cars,Premium,All-Wheel Drive,16.4805,Audi,Automatic (S7),6.0,3.0
20417,Subcompact Cars,Premium,All-Wheel Drive,13.73375,Audi,Automatic (S6),4.0,2.0
20418,Special Purpose Vehicles,Regular,4-Wheel or All-Wheel Drive,14.3308695652174,Subaru,Manual 4-spd,4.0,1.8
20419,Subcompact Cars,Premium,All-Wheel Drive,27.4675,Bentley,Automatic (S6),12.0,6.0
20420,Subcompact Cars,Regular,Front-Wheel Drive,11.7717857142857,Chevrolet,Automatic 4-spd,4.0,1.6
20421,Subcompact Cars,Regular,Front-Wheel Drive,10.987,Chevrolet,Manual 5-spd,4.0,1.6
20422,Subcompact Cars,Regular,Front-Wheel Drive,12.2077777777778,Chevrolet,Automatic 4-spd,4.0,2.2
20423,Subcompact Cars,Regular,Front-Wheel Drive,11.3658620689655,Chevrolet,Manual 5-spd,4.0,2.2
20424,Subcompact Cars,Regular,Front-Wheel Drive,13.1844,Chevrolet,Manual 5-spd,4.0,2.0
20425,Subcompact Cars,Regular,Front-Wheel Drive,10.987,Chevrolet,Manual 5-spd,4.0,2.2
20426,Subcompact Cars,Premium,Rear-Wheel Drive,18.3116666666667,Mazda,Manual 6-spd,2.0,1.3
20427,Subcompact Cars,Premium,Rear-Wheel Drive,17.3478947368421,Mazda,Automatic (S6),2.0,1.3
20428,Subcompact Cars,Premium,Front-Wheel Drive,17.3478947368421,Mitsubishi,Manual 6-spd,6.0,3.8
20429,Special Purpose Vehicles,Regular,4-Wheel or All-Wheel Drive,14.3308695652174,Subaru,Manual 4-spd,4.0,1.8
20430,Subcompact Cars,Regular,Front-Wheel Drive,14.3308695652174,Mitsubishi,Manual 5-spd,4.0,2.4
20431,Subcompact Cars,Premium,Front-Wheel Drive,17.3478947368421,Mitsubishi,Automatic (S5),6.0,3.8
20432,Subcompact Cars,Regular,Front-Wheel Drive,14.3308695652174,Mitsubishi,Automatic (S4),4.0,2.4
20433,Subcompact Cars,Regular,Front-Wheel Drive,12.2077777777778,Pontiac,Automatic 4-spd,4.0,2.2
20434,Subcompact Cars,Regular,Front-Wheel Drive,11.3658620689655,Pontiac,Manual 5-spd,4.0,2.2
20435,Subcompact Cars,Regular,Front-Wheel Drive,12.6773076923077,Pontiac,Automatic 4-spd,4.0,2.2
20436,Subcompact Cars,Regular,Front-Wheel Drive,11.3658620689655,Pontiac,Manual 5-spd,4.0,2.2
20437,Subcompact Cars,Regular,Front-Wheel Drive,10.987,Pontiac,Manual 5-spd,4.0,2.2
20438,Subcompact Cars,Premium,Front-Wheel Drive,13.1844,Volkswagen,Manual 6-spd,4.0,2.0
20439,Subcompact Cars,Regular,Front-Wheel Drive,14.3308695652174,Volvo,Manual 6-spd,5.0,2.5
20440,Special Purpose Vehicles,Regular,4-Wheel or All-Wheel Drive,16.4805,Subaru,Automatic 3-spd,4.0,1.8
20441,Subcompact Cars,Regular,Front-Wheel Drive,14.9822727272727,Volvo,Automatic (S5),5.0,2.5
20442,Compact Cars,Premium,Front-Wheel Drive,14.3308695652174,Acura,Manual 6-spd,4.0,2.4
20443,Compact Cars,Premium,Front-Wheel Drive,13.1844,Acura,Automatic (S5),4.0,2.4
20444,Compact Cars,Premium,Front-Wheel Drive,15.6957142857143,Acura,Automatic (S5),6.0,3.5
20445,Compact Cars,Premium,Front-Wheel Drive,12.6773076923077,Audi,Automatic (variable gear ratios),4.0,2.0
20446,Compact Cars,Premium,All-Wheel Drive,13.1844,Audi,Manual 6-spd,4.0,2.0
20447,Compact Cars,Premium,All-Wheel Drive,14.3308695652174,Audi,Automatic (S6),4.0,2.0
20448,Compact Cars,Premium,All-Wheel Drive,15.6957142857143,Audi,Automatic (S7),6.0,3.0
20449,Compact Cars,Premium,All-Wheel Drive,15.6957142857143,Audi,Manual 6-spd,6.0,3.0
20450,Compact Cars,Premium,All-Wheel Drive,25.3546153846154,Bentley,Automatic (S6),12.0,6.0
20451,Special Purpose Vehicles,Regular,4-Wheel or All-Wheel Drive,15.6957142857143,Subaru,Automatic 3-spd,4.0,1.8
20452,Compact Cars,Regular,Front-Wheel Drive,11.7717857142857,Chevrolet,Automatic 4-spd,4.0,1.6
20453,Compact Cars,Regular,Front-Wheel Drive,10.987,Chevrolet,Manual 5-spd,4.0,1.6
20454,Compact Cars,Regular,Front-Wheel Drive,12.2077777777778,Chevrolet,Automatic 4-spd,4.0,2.2
20455,Compact Cars,Regular,Front-Wheel Drive,11.3658620689655,Chevrolet,Manual 5-spd,4.0,2.2
20456,Compact Cars,Regular,Front-Wheel Drive,10.987,Chevrolet,Manual 5-spd,4.0,2.2
20457,Compact Cars,Regular,Rear-Wheel Drive,17.3478947368421,Dodge,Automatic 5-spd,8.0,5.7
20458,Compact Cars,Premium,Rear-Wheel Drive,20.600625,Dodge,Manual 6-spd,8.0,6.1
20459,Compact Cars,Regular,Rear-Wheel Drive,18.3116666666667,Dodge,Manual 6-spd,8.0,5.7
20460,Compact Cars,Regular,Front-Wheel Drive,9.41742857142857,Lexus,Automatic (variable gear ratios),4.0,2.4
20461,Compact Cars,Premium,All-Wheel Drive,16.4805,Mitsubishi,Auto(AM6),4.0,2.0
20462,Special Purpose Vehicles,Regular,4-Wheel or All-Wheel Drive,14.9822727272727,Subaru,Manual 5-spd,4.0,1.8
20463,Compact Cars,Regular,Front-Wheel Drive,14.3308695652174,Mitsubishi,Manual 5-spd,4.0,2.4
20464,Compact Cars,Regular,Front-Wheel Drive,13.1844,Mitsubishi,Manual 5-spd,4.0,2.0
20465,Compact Cars,Regular,Front-Wheel Drive,13.1844,Mitsubishi,Automatic (AV-S6),4.0,2.4
20466,Compact Cars,Regular,Front-Wheel Drive,12.6773076923077,Mitsubishi,Automatic (AV-S6),4.0,2.0
20467,Compact Cars,Premium,All-Wheel Drive,17.3478947368421,Mitsubishi,Auto(AM6),4.0,2.0
20468,Compact Cars,Premium,All-Wheel Drive,18.3116666666667,Mitsubishi,Manual 5-spd,4.0,2.0
20469,Compact Cars,Premium,Rear-Wheel Drive,23.5435714285714,Rolls-Royce,Automatic (S6),12.0,6.7
20470,Compact Cars,Premium,Rear-Wheel Drive,23.5435714285714,Rolls-Royce,Automatic (S6),12.0,6.7
20471,Compact Cars,Premium,All-Wheel Drive,15.6957142857143,Subaru,Automatic (S4),4.0,2.5
20472,Compact Cars,Regular,All-Wheel Drive,14.9822727272727,Subaru,Manual 5-spd,4.0,2.5
20473,Compact Cars,Regular,Front-Wheel Drive,12.2077777777778,Dodge,Manual 4-spd,4.0,1.6
20474,Special Purpose Vehicles,Regular,4-Wheel or All-Wheel Drive,14.3308695652174,Subaru,Manual 5-spd,4.0,1.8
20475,Compact Cars,Premium,All-Wheel Drive,15.6957142857143,Subaru,Manual 5-spd,4.0,2.5
20476,Compact Cars,Regular,All-Wheel Drive,14.9822727272727,Subaru,Automatic (S4),4.0,2.5
20477,Compact Cars,Regular,Front-Wheel Drive,12.6773076923077,Suzuki,Manual 6-spd,4.0,2.0
20478,Compact Cars,Regular,Front-Wheel Drive,11.7717857142857,Suzuki,Automatic (variable gear ratios),4.0,2.0
20479,Compact Cars,Regular,Front-Wheel Drive,12.6773076923077,Suzuki,Manual 6-spd,4.0,2.0
20480,Compact Cars,Regular,Front-Wheel Drive,12.6773076923077,Suzuki,Automatic (variable gear ratios),4.0,2.0
20481,Compact Cars,Regular,Front-Wheel Drive,13.1844,Volkswagen,Manual 5-spd,5.0,2.5
20482,Compact Cars,Regular,Front-Wheel Drive,12.6773076923077,Volkswagen,Automatic (S6),5.0,2.5
20483,Compact Cars,Premium,Front-Wheel Drive,13.1844,Volkswagen,Manual 6-spd,4.0,2.0
20484,Compact Cars,Premium,Front-Wheel Drive,13.1844,Volkswagen,Manual 6-spd,4.0,2.0
20485,Special Purpose Vehicles,Regular,4-Wheel or All-Wheel Drive,16.4805,Subaru,Automatic 3-spd,4.0,1.8
20486,Compact Cars,Regular,Front-Wheel Drive,13.1844,Volkswagen,Manual 5-spd,5.0,2.5
20487,Compact Cars,Regular,Front-Wheel Drive,13.1844,Volkswagen,Automatic (S6),5.0,2.5
20488,Compact Cars,Premium,Front-Wheel Drive,13.1844,Volkswagen,Automatic (S6),4.0,2.0
20489,Compact Cars,Premium,Front-Wheel Drive,13.1844,Volkswagen,Manual 6-spd,4.0,2.0
20490,Compact Cars,Regular,Front-Wheel Drive,13.73375,Volvo,Manual 6-spd,5.0,2.5
20491,Compact Cars,Regular,Front-Wheel Drive,13.73375,Volvo,Automatic (S5),5.0,2.5
20492,Compact Cars,Regular,All-Wheel Drive,14.9822727272727,Volvo,Automatic (S5),5.0,2.5
20493,Compact Cars,Regular,Front-Wheel Drive,13.73375,Volvo,Automatic (S5),5.0,2.5
20494,Compact Cars,Regular,Front-Wheel Drive,13.73375,Volvo,Automatic (S5),5.0,2.4
20495,Midsize Cars,Premium,All-Wheel Drive,18.3116666666667,Acura,Automatic (S5),6.0,3.7
20496,Special Purpose Vehicles,Regular,4-Wheel or All-Wheel Drive,14.3308695652174,Subaru,Manual 5-spd,4.0,1.8
20497,Midsize Cars,Premium,All-Wheel Drive,15.6957142857143,Audi,Automatic (S6),6.0,3.0
20498,Midsize Cars,Premium,All-Wheel Drive,20.600625,Audi,Automatic (S6),10.0,5.2
20499,Midsize Cars,Premium,All-Wheel Drive,27.4675,Bentley,Automatic (S6),12.0,6.0
20500,Midsize Cars,Premium,Rear-Wheel Drive,20.600625,Cadillac,Manual 6-spd,8.0,6.2
20501,Midsize Cars,Premium,Rear-Wheel Drive,23.5435714285714,Cadillac,Automatic (S6),8.0,6.2
20502,Midsize Cars,Regular,Rear-Wheel Drive,18.3116666666667,Cadillac,Automatic (S6),8.0,4.6
20503,Midsize Cars,Regular,All-Wheel Drive,19.3888235294118,Cadillac,Automatic (S6),8.0,4.6
20504,Midsize Cars,Regular,Front-Wheel Drive,14.9822727272727,Chevrolet,Automatic 4-spd,6.0,3.5
20505,Midsize Cars,Gasoline or E85,Front-Wheel Drive,14.3308695652174,Chevrolet,Automatic 4-spd,6.0,3.5
20506,Midsize Cars,Regular,Front-Wheel Drive,12.6773076923077,Chevrolet,Automatic (S6),4.0,2.4
20507,Special Purpose Vehicles,Regular,4-Wheel or All-Wheel Drive,15.6957142857143,Subaru,Automatic 3-spd,4.0,1.8
20508,Midsize Cars,Regular,Front-Wheel Drive,16.4805,Chevrolet,Automatic (S6),6.0,3.6
20509,Midsize Cars,Gasoline or E85,Front-Wheel Drive,12.6773076923077,Chevrolet,Automatic (S6),4.0,2.4
20510,Midsize Cars,Regular,Front-Wheel Drive,13.1844,Chevrolet,Automatic 4-spd,4.0,2.4
20511,Midsize Cars,Gasoline or E85,Front-Wheel Drive,13.1844,Chevrolet,Automatic 4-spd,4.0,2.4
20512,Midsize Cars,Regular,Front-Wheel Drive,11.3658620689655,Chevrolet,Automatic 4-spd,4.0,2.4
20513,Midsize Cars,Regular,Front-Wheel Drive,13.1844,Kia,Manual 5-spd,4.0,2.4
20514,Midsize Cars,Regular,Front-Wheel Drive,14.3308695652174,Kia,Automatic 5-spd,6.0,2.7
20515,Midsize Cars,Regular,Front-Wheel Drive,13.1844,Kia,Automatic 5-spd,4.0,2.4
20516,Midsize Cars,Regular,Front-Wheel Drive,14.3308695652174,Mazda,Manual 6-spd,4.0,2.5
20517,Midsize Cars,Regular,Front-Wheel Drive,16.4805,Mazda,Automatic (S6),6.0,3.7
20518,Special Purpose Vehicles,Regular,4-Wheel or All-Wheel Drive,16.4805,Subaru,Automatic 3-spd,4.0,1.8
20519,Midsize Cars,Regular,Front-Wheel Drive,13.73375,Mazda,Automatic (S5),4.0,2.5
20520,Midsize Cars,Premium,Rear-Wheel Drive,23.5435714285714,Rolls-Royce,Automatic (S6),12.0,6.7
20521,Midsize Cars,Gasoline or E85,Front-Wheel Drive,12.6773076923077,Saturn,Automatic (S6),4.0,2.4
20522,Midsize Cars,Regular,Front-Wheel Drive,12.6773076923077,Saturn,Automatic (S6),4.0,2.4
20523,Midsize Cars,Regular,Front-Wheel Drive,16.4805,Saturn,Automatic (S6),6.0,3.6
20524,Midsize Cars,Regular,All-Wheel Drive,14.9822727272727,Subaru,Manual 6-spd,4.0,2.5
20525,Midsize Cars,Regular,All-Wheel Drive,16.4805,Subaru,Automatic (S5),6.0,3.6
20526,Midsize Cars,Premium,All-Wheel Drive,15.6957142857143,Subaru,Manual 6-spd,4.0,2.5
20527,Midsize Cars,Regular,All-Wheel Drive,12.6773076923077,Subaru,Automatic (variable gear ratios),4.0,2.5
20528,Midsize Cars,Premium,Front-Wheel Drive,13.1844,Volkswagen,Automatic (S6),4.0,2.0
20529,Special Purpose Vehicles,Regular,4-Wheel or All-Wheel Drive,14.3308695652174,Subaru,Manual 5-spd,4.0,1.8
20530,Midsize Cars,Regular,All-Wheel Drive,18.3116666666667,Volvo,Automatic (S6),8.0,4.4
20531,Midsize Cars,Regular,All-Wheel Drive,17.3478947368421,Volvo,Automatic (S6),6.0,3.0
20532,Midsize Cars,Regular,Front-Wheel Drive,15.6957142857143,Volvo,Automatic (S6),6.0,3.2
20533,Large Cars,Regular,Front-Wheel Drive,18.3116666666667,Buick,Automatic 4-spd,8.0,4.6
20534,Large Cars,Regular,Front-Wheel Drive,16.4805,Buick,Automatic 4-spd,6.0,3.9
20535,Large Cars,Gasoline or E85,Front-Wheel Drive,16.4805,Buick,Automatic 4-spd,6.0,3.9
20536,Large Cars,Regular,Front-Wheel Drive,18.3116666666667,Cadillac,Automatic 4-spd,8.0,4.6
20537,Large Cars,Regular,Front-Wheel Drive,18.3116666666667,Cadillac,Automatic 4-spd,8.0,4.6
20538,Large Cars,Regular,Front-Wheel Drive,23.5435714285714,Cadillac,Automatic 4-spd,8.0,4.6
20539,Large Cars,Regular,Front-Wheel Drive,23.5435714285714,Cadillac,Automatic 4-spd,8.0,4.6
20540,Special Purpose Vehicles,Regular,4-Wheel or All-Wheel Drive,14.9822727272727,Subaru,Manual 5-spd,4.0,1.8
20541,Large Cars,Gasoline or E85,Front-Wheel Drive,15.6957142857143,Chevrolet,Automatic 4-spd,6.0,3.9
20542,Large Cars,Regular,Front-Wheel Drive,14.9822727272727,Chevrolet,Automatic 4-spd,6.0,3.5
20543,Large Cars,Gasoline or E85,Front-Wheel Drive,14.9822727272727,Chevrolet,Automatic 4-spd,6.0,3.5
20544,Large Cars,Regular,All-Wheel Drive,18.3116666666667,Chrysler,Automatic 5-spd,8.0,5.7
20545,Large Cars,Regular,Rear-Wheel Drive,17.3478947368421,Chrysler,Automatic 5-spd,8.0,5.7
20546,Large Cars,Regular,Rear-Wheel Drive,17.3478947368421,Dodge,Automatic 5-spd,8.0,5.7
20547,Large Cars,Premium,Rear-Wheel Drive,21.974,Dodge,Automatic 5-spd,8.0,6.1
20548,Large Cars,Regular,All-Wheel Drive,18.3116666666667,Dodge,Automatic 5-spd,8.0,5.7
20549,Large Cars,Regular,All-Wheel Drive,16.4805,Ford,Automatic 6-spd,6.0,3.5
20550,Large Cars,Regular,4-Wheel Drive,16.4805,Ford,Automatic (S6),6.0,3.5
20551,Special Purpose Vehicles,Regular,4-Wheel or All-Wheel Drive,16.4805,Subaru,Automatic 3-spd,4.0,1.8
20552,Large Cars,Regular,Front-Wheel Drive,14.9822727272727,Ford,Automatic 6-spd,6.0,3.5
20553,Large Cars,Regular,Front-Wheel Drive,15.6957142857143,Ford,Automatic (S6),6.0,3.5
20554,Large Cars,Regular,Front-Wheel Drive,15.6957142857143,Hyundai,Automatic 5-spd,6.0,3.3
20555,Large Cars,Regular,Front-Wheel Drive,16.4805,Hyundai,Automatic 5-spd,6.0,3.8
20556,Large Cars,Premium,Rear-Wheel Drive,17.3478947368421,Hyundai,Automatic 6-spd,8.0,4.6
20557,Large Cars,Regular,Rear-Wheel Drive,15.6957142857143,Hyundai,Automatic 6-spd,6.0,3.8
20558,Large Cars,Regular,All-Wheel Drive,16.4805,Lincoln,Automatic 6-spd,6.0,3.5
20559,Large Cars,Premium,Rear-Wheel Drive,23.5435714285714,Rolls-Royce,Automatic (S6),12.0,6.7
20560,Small Station Wagons,Premium,Front-Wheel Drive,13.73375,Audi,Manual 6-spd,4.0,2.0
20561,Small Station Wagons,Premium,Front-Wheel Drive,13.73375,Audi,Automatic (S6),4.0,2.0
20562,Special Purpose Vehicles,Regular,4-Wheel or All-Wheel Drive,14.9822727272727,Subaru,Manual 5-spd,4.0,1.8
20563,Small Station Wagons,Premium,All-Wheel Drive,13.73375,Audi,Automatic (S6),4.0,2.0
20564,Small Station Wagons,Premium,All-Wheel Drive,14.3308695652174,Audi,Automatic (S6),4.0,2.0
20565,Small Station Wagons,Regular,Front-Wheel Drive,12.6773076923077,Dodge,Manual 5-spd,4.0,2.0
20566,Small Station Wagons,Regular,Front-Wheel Drive,12.6773076923077,Hyundai,Manual 5-spd,4.0,2.0
20567,Small Station Wagons,Regular,Front-Wheel Drive,12.6773076923077,Hyundai,Automatic 4-spd,4.0,2.0
20568,Small Station Wagons,Premium,All-Wheel Drive,16.4805,Mitsubishi,Auto(AM6),4.0,2.0
20569,Small Station Wagons,Regular,Front-Wheel Drive,14.9822727272727,Mitsubishi,Manual 5-spd,4.0,2.4
20570,Small Station Wagons,Regular,Front-Wheel Drive,14.3308695652174,Mitsubishi,Automatic (AV-S6),4.0,2.4
20571,Small Station Wagons,Premium,All-Wheel Drive,15.6957142857143,Subaru,Automatic (S4),4.0,2.5
20572,Small Station Wagons,Premium,All-Wheel Drive,15.6957142857143,Subaru,Manual 5-spd,4.0,2.5
20573,Special Purpose Vehicles,Regular,4-Wheel or All-Wheel Drive,16.4805,Subaru,Automatic 3-spd,4.0,1.8
20574,Small Station Wagons,Premium,All-Wheel Drive,17.3478947368421,Subaru,Manual 6-spd,4.0,2.5
20575,Small Station Wagons,Regular,All-Wheel Drive,14.9822727272727,Subaru,Manual 5-spd,4.0,2.5
20576,Small Station Wagons,Regular,All-Wheel Drive,14.9822727272727,Subaru,Automatic (S4),4.0,2.5
20577,Small Station Wagons,Regular,Front-Wheel Drive,13.1844,Suzuki,Manual 6-spd,4.0,2.0
20578,Small Station Wagons,Regular,Front-Wheel Drive,12.6773076923077,Suzuki,Automatic (variable gear ratios),4.0,2.0
20579,Small Station Wagons,Regular,All-Wheel Drive,13.1844,Suzuki,Manual 6-spd,4.0,2.0
20580,Small Station Wagons,Regular,All-Wheel Drive,13.1844,Suzuki,Automatic (variable gear ratios),4.0,2.0
20581,Small Station Wagons,Regular,Front-Wheel Drive,13.1844,Volkswagen,Automatic (S6),5.0,2.5
20582,Small Station Wagons,Regular,Front-Wheel Drive,13.1844,Volkswagen,Automatic 6-spd,5.0,2.5
20583,Small Station Wagons,Regular,All-Wheel Drive,14.9822727272727,Volvo,Automatic (S5),5.0,2.5
20584,Compact Cars,Regular,Front-Wheel Drive,14.3308695652174,Dodge,Automatic 3-spd,4.0,2.2
20585,Special Purpose Vehicles,Regular,4-Wheel or All-Wheel Drive,14.9822727272727,Subaru,Manual 5-spd,4.0,1.8
20586,Small Station Wagons,Regular,Front-Wheel Drive,13.73375,Volvo,Automatic (S5),5.0,2.4
20587,Midsize Station Wagons,Premium,All-Wheel Drive,15.6957142857143,Audi,Automatic (S6),6.0,3.0
20588,Midsize Station Wagons,Regular,Front-Wheel Drive,14.9822727272727,Kia,Automatic 4-spd,4.0,2.4
20589,Midsize Station Wagons,Regular,Front-Wheel Drive,15.6957142857143,Kia,Automatic 5-spd,6.0,2.7
20590,Midsize Station Wagons,Premium,Front-Wheel Drive,13.1844,Volkswagen,Automatic (S6),4.0,2.0
20591,Midsize Station Wagons,Regular,Front-Wheel Drive,15.6957142857143,Volvo,Automatic (S6),6.0,3.2
20592,Sport Utility Vehicle - 2WD,Regular,Front-Wheel Drive,15.6957142857143,Volvo,Automatic (S6),6.0,3.2
20593,Standard Pickup Trucks 2WD,Regular,Rear-Wheel Drive,19.3888235294118,Chevrolet,Automatic 4-spd,6.0,4.3
20594,Standard Pickup Trucks 2WD,Regular,Rear-Wheel Drive,20.600625,Dodge,Automatic 5-spd,8.0,5.7
20595,Standard Pickup Trucks 2WD,Regular,Rear-Wheel Drive,19.3888235294118,Ford,Automatic 6-spd,8.0,4.6
20596,Special Purpose Vehicles,Regular,4-Wheel or All-Wheel Drive,13.1844,Suzuki,Manual 5-spd,4.0,1.3
20597,Standard Pickup Trucks 2WD,Regular,Rear-Wheel Drive,20.600625,Ford,Automatic 5-spd,6.0,4.0
20598,Standard Pickup Trucks 2WD,Gasoline or E85,Rear-Wheel Drive,20.600625,Ford,Automatic 6-spd,8.0,5.4
20599,Standard Pickup Trucks 2WD,Regular,Rear-Wheel Drive,19.3888235294118,Ford,Automatic 6-spd,8.0,4.6
20600,Standard Pickup Trucks 2WD,Regular,Rear-Wheel Drive,20.600625,Ford,Automatic 4-spd,8.0,4.6
20601,Standard Pickup Trucks 2WD,Regular,Rear-Wheel Drive,19.3888235294118,GMC,Automatic 4-spd,6.0,4.3
20602,Standard Pickup Trucks 4WD,Regular,4-Wheel Drive,21.974,Chevrolet,Automatic 4-spd,6.0,4.3
20603,Standard Pickup Trucks 4WD,Regular,4-Wheel Drive,21.974,Dodge,Automatic 5-spd,8.0,5.7
20604,Standard Pickup Trucks 4WD,Regular,4-Wheel Drive,20.600625,Ford,Automatic 6-spd,8.0,4.6
20605,Standard Pickup Trucks 4WD,Regular,4-Wheel Drive,21.974,Ford,Automatic 5-spd,6.0,4.0
20606,Standard Pickup Trucks 4WD,Gasoline or E85,4-Wheel Drive,21.974,Ford,Automatic 6-spd,8.0,5.4
20607,Special Purpose Vehicles,Regular,4-Wheel or All-Wheel Drive,13.1844,Suzuki,Manual 5-spd,4.0,1.3
20608,Standard Pickup Trucks 4WD,Regular,4-Wheel Drive,20.600625,Ford,Automatic 4-spd,8.0,4.6
20609,Standard Pickup Trucks 4WD,Regular,4-Wheel Drive,20.600625,Ford,Automatic 6-spd,8.0,4.6
20610,Standard Pickup Trucks 4WD,Regular,4-Wheel Drive,21.974,GMC,Automatic 4-spd,6.0,4.3
20611,"Vans, Cargo Type",Regular,Rear-Wheel Drive,19.3888235294118,Chevrolet,Automatic 4-spd,6.0,4.3
20612,"Vans, Cargo Type",Regular,Rear-Wheel Drive,19.3888235294118,GMC,Automatic 4-spd,6.0,4.3
20613,Minivan - 2WD,Regular,Front-Wheel Drive,16.4805,Chrysler,Automatic 6-spd,6.0,4.0
20614,Minivan - 2WD,Gasoline or E85,Front-Wheel Drive,17.3478947368421,Chrysler,Automatic 4-spd,6.0,3.3
20615,Minivan - 2WD,Regular,Front-Wheel Drive,18.3116666666667,Chrysler,Automatic 6-spd,6.0,3.8
20616,Minivan - 2WD,Regular,Front-Wheel Drive,16.4805,Dodge,Automatic 6-spd,6.0,4.0
20617,Minivan - 2WD,Gasoline or E85,Front-Wheel Drive,17.3478947368421,Dodge,Automatic 4-spd,6.0,3.3
20618,Special Purpose Vehicles,Regular,4-Wheel or All-Wheel Drive,20.600625,Toyota,Automatic 4-spd,4.0,2.4
20619,Minivan - 2WD,Regular,Front-Wheel Drive,18.3116666666667,Dodge,Automatic 6-spd,6.0,3.8
20620,Minivan - 2WD,Regular,Front-Wheel Drive,18.3116666666667,Honda,Automatic 5-spd,6.0,3.5
20621,Minivan - 2WD,Regular,Front-Wheel Drive,16.4805,Honda,Automatic 5-spd,6.0,3.5
20622,Minivan - 2WD,Regular,Front-Wheel Drive,16.4805,Volkswagen,Automatic 6-spd,6.0,4.0
20623,Minivan - 2WD,Regular,Front-Wheel Drive,18.3116666666667,Volkswagen,Automatic 6-spd,6.0,3.8
20624,Sport Utility Vehicle - 2WD,Regular,Front-Wheel Drive,15.6957142857143,Cadillac,Automatic (S6),6.0,3.0
20625,Sport Utility Vehicle - 2WD,Regular,Front-Wheel Drive,16.4805,Chevrolet,Automatic 6-spd,6.0,3.0
20626,Sport Utility Vehicle - 2WD,Regular,Front-Wheel Drive,13.73375,Chevrolet,Manual 5-spd,4.0,2.0
20627,Sport Utility Vehicle - 2WD,Gasoline or E85,Front-Wheel Drive,12.6773076923077,Chevrolet,Manual 5-spd,4.0,2.2
20628,Sport Utility Vehicle - 2WD,Regular,Front-Wheel Drive,14.3308695652174,Chevrolet,Automatic 4-spd,4.0,2.0
20629,Special Purpose Vehicles,Regular,4-Wheel or All-Wheel Drive,18.3116666666667,Toyota,Automatic 4-spd,4.0,2.4
20630,Sport Utility Vehicle - 2WD,Gasoline or E85,Front-Wheel Drive,13.1844,Chevrolet,Automatic 4-spd,4.0,2.4
20631,Sport Utility Vehicle - 2WD,Gasoline or E85,Front-Wheel Drive,13.1844,Chevrolet,Automatic 4-spd,4.0,2.2
20632,Sport Utility Vehicle - 2WD,Gasoline or E85,Front-Wheel Drive,13.1844,Chevrolet,Manual 5-spd,4.0,2.4
20633,Sport Utility Vehicle - 2WD,Gasoline or E85,Front-Wheel Drive,13.1844,Chevrolet,Automatic 4-spd,4.0,2.4
20634,Sport Utility Vehicle - 2WD,Gasoline or E85,Front-Wheel Drive,12.6773076923077,Chevrolet,Manual 5-spd,4.0,2.2
20635,Sport Utility Vehicle - 2WD,Gasoline or E85,Front-Wheel Drive,13.1844,Chevrolet,Automatic 4-spd,4.0,2.2
20636,Sport Utility Vehicle - 2WD,Gasoline or E85,Front-Wheel Drive,13.1844,Chevrolet,Manual 5-spd,4.0,2.4
20637,Sport Utility Vehicle - 2WD,Regular,Front-Wheel Drive,15.6957142857143,Dodge,Automatic 4-spd,4.0,2.4
20638,Sport Utility Vehicle - 2WD,Regular,Front-Wheel Drive,17.3478947368421,Dodge,Automatic 6-spd,6.0,3.5
20639,Sport Utility Vehicle - 2WD,Regular,Rear-Wheel Drive,18.3116666666667,Dodge,Automatic 5-spd,6.0,4.0
20640,Special Purpose Vehicles,Regular,4-Wheel or All-Wheel Drive,17.3478947368421,Toyota,Manual 5-spd,4.0,2.4
20641,Sport Utility Vehicle - 2WD,Regular,Front-Wheel Drive,16.4805,Ford,Automatic 6-spd,6.0,3.5
20642,Sport Utility Vehicle - 2WD,Gasoline or E85,Rear-Wheel Drive,20.600625,Ford,Automatic 6-spd,8.0,5.4
20643,Sport Utility Vehicle - 2WD,Regular,Rear-Wheel Drive,19.3888235294118,Ford,Automatic 6-spd,8.0,4.6
20644,Sport Utility Vehicle - 2WD,Regular,Rear-Wheel Drive,20.600625,Ford,Automatic 5-spd,6.0,4.0
20645,Sport Utility Vehicle - 2WD,Regular,Front-Wheel Drive,16.4805,Ford,Automatic 6-spd,6.0,3.5
20646,Sport Utility Vehicle - 2WD,Regular,Front-Wheel Drive,16.4805,GMC,Automatic 6-spd,6.0,3.0
20647,Sport Utility Vehicle - 2WD,Regular,Front-Wheel Drive,17.3478947368421,Honda,Automatic 5-spd,6.0,3.5
20648,Sport Utility Vehicle - 2WD,Regular,Front-Wheel Drive,17.3478947368421,Hyundai,Automatic 6-spd,6.0,3.8
20649,Sport Utility Vehicle - 2WD,Premium,Rear-Wheel Drive,23.5435714285714,Infiniti,Automatic 5-spd,8.0,5.6
20650,Sport Utility Vehicle - 2WD,Regular,Rear-Wheel Drive,20.600625,Jeep,Automatic 5-spd,8.0,5.7
20651,Special Purpose Vehicles,Regular,4-Wheel or All-Wheel Drive,17.3478947368421,Volga Associated Automobile,Manual 4-spd,4.0,1.6
20652,Sport Utility Vehicle - 2WD,Regular,Front-Wheel Drive,13.1844,Jeep,Manual 5-spd,4.0,2.0
20653,Sport Utility Vehicle - 2WD,Regular,Rear-Wheel Drive,18.3116666666667,Jeep,Automatic 5-spd,6.0,3.7
20654,Sport Utility Vehicle - 2WD,Regular,Rear-Wheel Drive,20.600625,Jeep,Automatic 5-spd,8.0,5.7
20655,Sport Utility Vehicle - 2WD,Regular,Front-Wheel Drive,13.1844,Jeep,Manual 5-spd,4.0,2.0
20656,Sport Utility Vehicle - 2WD,Regular,Front-Wheel Drive,14.9822727272727,Kia,Manual 5-spd,4.0,2.0
20657,Sport Utility Vehicle - 2WD,Regular,Front-Wheel Drive,16.4805,Kia,Automatic 4-spd,6.0,2.7
20658,Sport Utility Vehicle - 2WD,Regular,Front-Wheel Drive,14.9822727272727,Kia,Automatic 4-spd,4.0,2.0
20659,Sport Utility Vehicle - 2WD,Regular,Front-Wheel Drive,17.3478947368421,Lincoln,Automatic (S6),6.0,3.5
20660,Sport Utility Vehicle - 2WD,Regular,Front-Wheel Drive,16.4805,Lincoln,Automatic 6-spd,6.0,3.5
20661,Sport Utility Vehicle - 2WD,Gasoline or E85,Rear-Wheel Drive,20.600625,Lincoln,Automatic 6-spd,8.0,5.4
20662,Special Purpose Vehicle 2WD,Regular,Rear-Wheel Drive,19.3888235294118,Chevrolet,Manual 4-spd,4.0,2.5
20663,Sport Utility Vehicle - 2WD,Regular,Front-Wheel Drive,14.3308695652174,Mazda,Automatic (S5),4.0,2.5
20664,Sport Utility Vehicle - 2WD,Regular,Front-Wheel Drive,18.3116666666667,Mazda,Automatic (S6),6.0,3.7
20665,Sport Utility Vehicle - 2WD,Regular,Rear-Wheel Drive,19.3888235294118,Mercury,Automatic 6-spd,8.0,4.6
20666,Sport Utility Vehicle - 2WD,Regular,Rear-Wheel Drive,20.600625,Mercury,Automatic 5-spd,6.0,4.0
20667,Sport Utility Vehicle - 2WD,Regular,Front-Wheel Drive,13.73375,Mitsubishi,Automatic (AV-S6),4.0,2.4
20668,Sport Utility Vehicle - 2WD,Premium,Front-Wheel Drive,18.3116666666667,Mitsubishi,Automatic (S4),6.0,3.8
20669,Sport Utility Vehicle - 2WD,Regular,Front-Wheel Drive,17.3478947368421,Saturn,Automatic (S6),6.0,3.6
20670,Sport Utility Vehicle - 2WD,Regular,Front-Wheel Drive,17.3478947368421,Saturn,Automatic 6-spd,6.0,3.6
20671,Sport Utility Vehicle - 2WD,Regular,Front-Wheel Drive,14.9822727272727,Saturn,Automatic 4-spd,4.0,2.4
20672,Sport Utility Vehicle - 2WD,Regular,Front-Wheel Drive,11.7717857142857,Saturn,Automatic 4-spd,4.0,2.4
20673,Special Purpose Vehicle 2WD,Regular,Rear-Wheel Drive,25.3546153846154,Chevrolet,Automatic 4-spd,6.0,2.8
20674,Sport Utility Vehicle - 2WD,Regular,Rear-Wheel Drive,14.9822727272727,Suzuki,Manual 5-spd,4.0,2.4
20675,Sport Utility Vehicle - 2WD,Regular,Rear-Wheel Drive,16.4805,Suzuki,Automatic 5-spd,6.0,3.2
20676,Sport Utility Vehicle - 2WD,Regular,Rear-Wheel Drive,15.6957142857143,Suzuki,Automatic 4-spd,4.0,2.4
20677,Sport Utility Vehicle - 2WD,Premium,Front-Wheel Drive,15.6957142857143,Volkswagen,Manual 6-spd,4.0,2.0
20678,Sport Utility Vehicle - 2WD,Premium,Front-Wheel Drive,15.6957142857143,Volkswagen,Automatic (S6),4.0,2.0
20679,Sport Utility Vehicle - 2WD,Regular,Front-Wheel Drive,18.3116666666667,Volvo,Automatic (S6),6.0,3.2
20680,Sport Utility Vehicle - 4WD,Regular,All-Wheel Drive,17.3478947368421,Cadillac,Automatic (S6),6.0,3.0
20681,Sport Utility Vehicle - 4WD,Regular,All-Wheel Drive,16.4805,Chevrolet,Automatic 6-spd,6.0,3.0
20682,Sport Utility Vehicle - 4WD,Regular,All-Wheel Drive,18.3116666666667,Dodge,Automatic 6-spd,6.0,3.5
20683,Sport Utility Vehicle - 4WD,Regular,4-Wheel Drive,19.3888235294118,Dodge,Automatic 5-spd,6.0,4.0
20684,Special Purpose Vehicle 2WD,Regular,Rear-Wheel Drive,25.3546153846154,Chevrolet,Manual 4-spd,6.0,2.8
20685,Sport Utility Vehicle - 4WD,Regular,All-Wheel Drive,17.3478947368421,Ford,Automatic 6-spd,6.0,3.5
20686,Sport Utility Vehicle - 4WD,Regular,4-Wheel Drive,20.600625,Ford,Automatic 6-spd,8.0,4.6
20687,Sport Utility Vehicle - 4WD,Regular,4-Wheel Drive,21.974,Ford,Automatic 5-spd,6.0,4.0
20688,Sport Utility Vehicle - 4WD,Regular,All-Wheel Drive,18.3116666666667,Ford,Automatic 6-spd,6.0,3.5
20689,Sport Utility Vehicle - 4WD,Regular,4-Wheel Drive,18.3116666666667,Ford,Automatic (S6),6.0,3.5
20690,Sport Utility Vehicle - 4WD,Regular,All-Wheel Drive,16.4805,GMC,Automatic 6-spd,6.0,3.0
20691,Sport Utility Vehicle - 4WD,Regular,All-Wheel Drive,18.3116666666667,Honda,Automatic 5-spd,6.0,3.5
20692,Sport Utility Vehicle - 4WD,Regular,4-Wheel Drive,18.3116666666667,Hyundai,Automatic 6-spd,6.0,3.8
20693,Sport Utility Vehicle - 4WD,Premium,4-Wheel Drive,23.5435714285714,Infiniti,Automatic 5-spd,8.0,5.6
20694,Sport Utility Vehicle - 4WD,Regular,4-Wheel Drive,21.974,Jeep,Automatic 5-spd,8.0,5.7
20695,Compact Cars,Regular,Front-Wheel Drive,12.6773076923077,Dodge,Manual 5-spd,4.0,2.2
20696,Special Purpose Vehicle 2WD,Regular,Rear-Wheel Drive,23.5435714285714,Nissan,Manual 5-spd,4.0,2.4
20697,Sport Utility Vehicle - 4WD,Regular,4-Wheel Drive,19.3888235294118,Jeep,Automatic 5-spd,6.0,3.7
20698,Sport Utility Vehicle - 4WD,Regular,4-Wheel Drive,21.974,Jeep,Automatic 5-spd,8.0,5.7
20699,Sport Utility Vehicle - 4WD,Regular,4-Wheel Drive,15.6957142857143,Kia,Manual 5-spd,4.0,2.0
20700,Sport Utility Vehicle - 4WD,Regular,4-Wheel Drive,16.4805,Kia,Automatic 4-spd,6.0,2.7
20701,Sport Utility Vehicle - 4WD,Regular,4-Wheel Drive,18.3116666666667,Lincoln,Automatic (S6),6.0,3.5
20702,Sport Utility Vehicle - 4WD,Regular,All-Wheel Drive,18.3116666666667,Lincoln,Automatic (S6),6.0,3.5
20703,Sport Utility Vehicle - 4WD,Regular,All-Wheel Drive,17.3478947368421,Lincoln,Automatic 6-spd,6.0,3.5
20704,Sport Utility Vehicle - 4WD,Regular,4-Wheel Drive,19.3888235294118,Mazda,Automatic (S6),6.0,3.7
20705,Sport Utility Vehicle - 4WD,Regular,4-Wheel Drive,20.600625,Mercury,Automatic 6-spd,8.0,4.6
20706,Sport Utility Vehicle - 4WD,Regular,4-Wheel Drive,21.974,Mercury,Automatic 5-spd,6.0,4.0
20707,Special Purpose Vehicle 2WD,Regular,Rear-Wheel Drive,29.9645454545455,Nissan,Automatic 4-spd,6.0,3.0
20708,Sport Utility Vehicle - 4WD,Regular,4-Wheel Drive,14.9822727272727,Mitsubishi,Automatic (AV-S6),4.0,2.4
20709,Sport Utility Vehicle - 4WD,Premium,All-Wheel Drive,19.3888235294118,Mitsubishi,Automatic (S4),6.0,3.8
20710,Sport Utility Vehicle - 4WD,Regular,4-Wheel Drive,17.3478947368421,Saturn,Automatic (S6),6.0,3.6
20711,Sport Utility Vehicle - 4WD,Regular,4-Wheel Drive,17.3478947368421,Saturn,Automatic 6-spd,6.0,3.5
20712,Sport Utility Vehicle - 4WD,Regular,4-Wheel Drive,17.3478947368421,Saturn,Automatic 6-spd,6.0,3.6
20713,Sport Utility Vehicle - 4WD,Regular,All-Wheel Drive,14.9822727272727,Subaru,Manual 6-spd,4.0,2.5
20714,Sport Utility Vehicle - 4WD,Regular,All-Wheel Drive,16.4805,Subaru,Automatic (S5),6.0,3.6
20715,Sport Utility Vehicle - 4WD,Regular,All-Wheel Drive,13.73375,Subaru,Automatic (variable gear ratios),4.0,2.5
20716,Sport Utility Vehicle - 4WD,Regular,All-Wheel Drive,18.3116666666667,Subaru,Automatic (S5),6.0,3.6
20717,Sport Utility Vehicle - 4WD,Regular,4-Wheel Drive,15.6957142857143,Suzuki,Manual 5-spd,4.0,2.4
20718,Special Purpose Vehicle 2WD,Regular,Rear-Wheel Drive,25.3546153846154,Nissan,Manual 5-spd,6.0,3.0
20719,Sport Utility Vehicle - 4WD,Regular,4-Wheel Drive,17.3478947368421,Suzuki,Automatic 5-spd,6.0,3.2
20720,Sport Utility Vehicle - 4WD,Regular,4-Wheel Drive,16.4805,Suzuki,Automatic 4-spd,4.0,2.4
20721,Sport Utility Vehicle - 4WD,Premium,All-Wheel Drive,16.4805,Volkswagen,Automatic (S6),4.0,2.0
20722,Sport Utility Vehicle - 4WD,Regular,All-Wheel Drive,18.3116666666667,Volvo,Automatic (S6),6.0,3.2
20723,Sport Utility Vehicle - 4WD,Regular,All-Wheel Drive,18.3116666666667,Volvo,Automatic (S6),6.0,3.0
20724,Sport Utility Vehicle - 4WD,Regular,All-Wheel Drive,18.3116666666667,Volvo,Automatic (S6),6.0,3.2
20725,Sport Utility Vehicle - 4WD,Regular,All-Wheel Drive,21.974,Volvo,Automatic (S6),8.0,4.4
20726,Sport Utility Vehicle - 4WD,Regular,All-Wheel Drive,19.3888235294118,Volvo,Automatic (S6),6.0,3.2
20727,Compact Cars,Regular,Front-Wheel Drive,11.7717857142857,Pontiac,Automatic 4-spd,4.0,1.6
20728,Compact Cars,Regular,Front-Wheel Drive,10.987,Pontiac,Manual 5-spd,4.0,1.6
20729,Special Purpose Vehicle 2WD,Regular,Rear-Wheel Drive,29.9645454545455,Dodge,Automatic 3-spd,8.0,5.9
20730,Sport Utility Vehicle - 2WD,Regular,Front-Wheel Drive,13.1844,Jeep,Manual 5-spd,4.0,2.0
20731,Subcompact Cars,Premium,Rear-Wheel Drive,17.3478947368421,Infiniti,Manual 6-spd,6.0,3.7
20732,Subcompact Cars,Premium,Rear-Wheel Drive,16.4805,Infiniti,Automatic (S7),6.0,3.7
20733,Subcompact Cars,Regular,Rear-Wheel Drive,36.6233333333333,Aston Martin,Automatic 3-spd,8.0,5.3
20734,Subcompact Cars,Regular,Rear-Wheel Drive,36.6233333333333,Aston Martin,Automatic 3-spd,8.0,5.3
20735,Subcompact Cars,Regular,Rear-Wheel Drive,36.6233333333333,Aston Martin,Manual 5-spd,8.0,5.3
20736,Special Purpose Vehicle 2WD,Regular,Rear-Wheel Drive,18.3116666666667,Ford,Automatic 4-spd,6.0,2.9
20737,Subcompact Cars,Regular,Rear-Wheel Drive,18.3116666666667,Chevrolet,Manual 5-spd,8.0,5.0
20738,Subcompact Cars,Regular,Rear-Wheel Drive,18.3116666666667,Pontiac,Manual 5-spd,8.0,5.0
20739,Small Pickup Trucks 2WD,Regular,Rear-Wheel Drive,16.4805,Ford,Automatic 4-spd,4.0,2.2
20740,Small Pickup Trucks 2WD,Regular,Rear-Wheel Drive,15.6957142857143,Ford,Manual 5-spd,4.0,2.2
20741,Small Pickup Trucks 2WD,Regular,Rear-Wheel Drive,14.9822727272727,Ford,Manual 5-spd,4.0,2.0
20742,Small Pickup Trucks 2WD,Regular,Rear-Wheel Drive,16.4805,Mazda,Automatic 4-spd,4.0,2.2
20743,Small Pickup Trucks 2WD,Regular,Rear-Wheel Drive,16.4805,Mazda,Manual 4-spd,4.0,2.2
20744,Small Pickup Trucks 2WD,Regular,Rear-Wheel Drive,15.6957142857143,Mazda,Manual 5-spd,4.0,2.2
20745,Small Pickup Trucks 2WD,Regular,Rear-Wheel Drive,19.3888235294118,Mazda,Automatic 4-spd,4.0,2.6
20746,Small Pickup Trucks 2WD,Regular,Rear-Wheel Drive,18.3116666666667,Mazda,Manual 5-spd,4.0,2.6
20747,Special Purpose Vehicle 2WD,Regular,Rear-Wheel Drive,19.3888235294118,Ford,Manual 5-spd,6.0,2.9
20748,Small Pickup Trucks 4WD,Regular,4-Wheel or All-Wheel Drive,20.600625,Ford,Manual 5-spd,4.0,2.6
20749,Small Pickup Trucks 4WD,Regular,4-Wheel or All-Wheel Drive,21.974,Mazda,Automatic 3-spd,4.0,2.6
20750,Small Pickup Trucks 4WD,Regular,4-Wheel or All-Wheel Drive,20.600625,Mazda,Manual 5-spd,4.0,2.6
20751,Standard Pickup Trucks 2WD,Regular,Rear-Wheel Drive,27.4675,Ford,Automatic 3-spd,8.0,5.0
20752,Two Seaters,Premium,Front-Wheel Drive,17.3478947368421,Chrysler,Automatic 3-spd,4.0,2.2
20753,Compact Cars,Regular,Front-Wheel Drive,15.6957142857143,Ford,Manual 5-spd,4.0,2.3
20754,Compact Cars,Regular,Front-Wheel Drive,15.6957142857143,Mercury,Manual 5-spd,4.0,2.3
20755,Midsize-Large Station Wagons,Regular,Front-Wheel Drive,18.3116666666667,Ford,Automatic 4-spd,6.0,3.8
20756,Midsize-Large Station Wagons,Regular,Front-Wheel Drive,18.3116666666667,Mercury,Automatic 4-spd,6.0,3.8
20757,Standard Pickup Trucks 4WD,Regular,4-Wheel or All-Wheel Drive,25.3546153846154,Ford,Manual 5-spd,8.0,5.0
20758,Special Purpose Vehicle 2WD,Regular,Rear-Wheel Drive,19.3888235294118,GMC,Manual 4-spd,4.0,2.5
20759,Standard Pickup Trucks 4WD,Regular,4-Wheel or All-Wheel Drive,25.3546153846154,Ford,Manual 5-spd,8.0,5.0
20760,Special Purpose Vehicle 4WD,Regular,4-Wheel or All-Wheel Drive,25.3546153846154,Ford,Manual 5-spd,8.0,5.0
20761,Small Pickup Trucks 2WD,Regular,Rear-Wheel Drive,19.3888235294118,Ford,Automatic 4-spd,6.0,2.9
20762,Small Pickup Trucks 4WD,Regular,4-Wheel or All-Wheel Drive,20.600625,Ford,Automatic 4-spd,6.0,2.9
20763,Special Purpose Vehicle 2WD,Regular,Rear-Wheel Drive,19.3888235294118,Ford,Automatic 4-spd,6.0,2.9
20764,Two Seaters,Regular,Front-Wheel Drive,10.987,Geo,Automatic 3-spd,3.0,1.0
20765,Two Seaters,Regular,Front-Wheel Drive,8.90837837837838,Geo,Manual 5-spd,3.0,1.0
20766,Minicompact Cars,Regular,Front-Wheel Drive,14.3308695652174,Yugo,Manual 4-spd,4.0,1.3
20767,Special Purpose Vehicle 2WD,Regular,Rear-Wheel Drive,25.3546153846154,GMC,Automatic 4-spd,6.0,2.8
20768,Compact Cars,Regular,Rear-Wheel Drive,17.3478947368421,Volvo,Automatic 4-spd,4.0,2.3
20769,Compact Cars,Regular,Rear-Wheel Drive,15.6957142857143,Volvo,Manual 5-spd,4.0,2.3
20770,Compact Cars,Regular,Rear-Wheel Drive,17.3478947368421,Volvo,Automatic 4-spd,4.0,2.3
20771,Compact Cars,Regular,Rear-Wheel Drive,15.6957142857143,Volvo,Manual 5-spd,4.0,2.3
20772,Midsize Cars,Premium,Rear-Wheel Drive,25.3546153846154,Mercedes-Benz,Automatic 4-spd,8.0,4.2
20773,Midsize Cars,Regular,Rear-Wheel Drive,16.4805,Volvo,Automatic 4-spd,4.0,2.3
20774,Midsize Cars,Regular,Rear-Wheel Drive,16.4805,Volvo,Manual 5-spd,4.0,2.3
20775,Midsize-Large Station Wagons,Regular,Rear-Wheel Drive,17.3478947368421,Volvo,Automatic 4-spd,4.0,2.3
20776,Midsize-Large Station Wagons,Regular,Rear-Wheel Drive,17.3478947368421,Volvo,Automatic 4-spd,4.0,2.3
20777,Midsize-Large Station Wagons,Regular,Rear-Wheel Drive,16.4805,Volvo,Manual 5-spd,4.0,2.3
20778,Special Purpose Vehicle 2WD,Regular,Rear-Wheel Drive,25.3546153846154,GMC,Manual 4-spd,6.0,2.8
20779,Midsize-Large Station Wagons,Regular,Rear-Wheel Drive,15.6957142857143,Volvo,Manual 5-spd,4.0,2.3
20780,Midsize-Large Station Wagons,Regular,Rear-Wheel Drive,16.4805,Volvo,Automatic 4-spd,4.0,2.3
20781,Midsize-Large Station Wagons,Regular,Rear-Wheel Drive,16.4805,Volvo,Manual 5-spd,4.0,2.3
20782,Small Pickup Trucks 2WD,Regular,Rear-Wheel Drive,16.4805,Ford,Automatic 4-spd,4.0,2.3
20783,Small Pickup Trucks 2WD,Regular,Rear-Wheel Drive,19.3888235294118,Ford,Automatic 4-spd,6.0,2.9
20784,Standard Pickup Trucks 2WD,Regular,Rear-Wheel Drive,21.974,Ford,Manual 4-spd,6.0,4.9
20785,Standard Pickup Trucks 2WD,Regular,Rear-Wheel Drive,21.974,Ford,Manual 4-spd,6.0,4.9
20786,"Vans, Cargo Type",Regular,Rear-Wheel Drive,25.3546153846154,Ford,Automatic 3-spd,6.0,4.9
20787,Special Purpose Vehicle 4WD,Diesel,4-Wheel or All-Wheel Drive,23.8865625,Chevrolet,Automatic 4-spd,8.0,6.2
20788,Special Purpose Vehicle 4WD,Diesel,4-Wheel or All-Wheel Drive,23.8865625,GMC,Automatic 4-spd,8.0,6.2
20789,Special Purpose Vehicle 2WD,Regular,Rear-Wheel Drive,27.4675,Toyota,Automatic 4-spd,4.0,2.4
20790,Two Seaters,Premium,Rear-Wheel Drive,25.3546153846154,Wallace Environmental,Automatic 4-spd,8.0,5.6
20791,Two Seaters,Premium,Rear-Wheel Drive,25.3546153846154,Wallace Environmental,Automatic 4-spd,8.0,5.6
20792,Subcompact Cars,Premium,Rear-Wheel Drive,20.600625,Import Trade Services,Automatic 4-spd,4.0,2.3
20793,Subcompact Cars,Premium,Rear-Wheel Drive,20.600625,Import Trade Services,Automatic 4-spd,4.0,2.3
20794,Subcompact Cars,Premium,Rear-Wheel Drive,20.600625,Import Trade Services,Automatic 4-spd,4.0,2.3
20795,Subcompact Cars,Premium,Rear-Wheel Drive,20.600625,Import Trade Services,Automatic 4-spd,4.0,2.3
20796,Compact Cars,Regular,Rear-Wheel Drive,23.5435714285714,Import Trade Services,Manual 5-spd,6.0,2.9
20797,Compact Cars,Premium,Rear-Wheel Drive,25.3546153846154,Wallace Environmental,Automatic 4-spd,8.0,5.6
20798,Compact Cars,Premium,Rear-Wheel Drive,25.3546153846154,Wallace Environmental,Automatic 4-spd,8.0,5.6
20799,Compact Cars,Premium,Rear-Wheel Drive,25.3546153846154,Wallace Environmental,Automatic 4-spd,8.0,5.6
20800,Compact Cars,Regular,Front-Wheel Drive,12.2077777777778,Dodge,Manual 5-spd,4.0,2.2
20801,Special Purpose Vehicle 2WD,Regular,Rear-Wheel Drive,23.5435714285714,Toyota,Manual 4-spd,4.0,2.4
20802,Midsize Cars,Premium,Rear-Wheel Drive,21.974,Import Trade Services,Automatic 4-spd,6.0,2.5
20803,Midsize Cars,Premium,Rear-Wheel Drive,25.3546153846154,Wallace Environmental,Automatic 4-spd,8.0,5.6
20804,Midsize Cars,Premium,Rear-Wheel Drive,25.3546153846154,Wallace Environmental,Automatic 4-spd,8.0,5.6
20805,Midsize-Large Station Wagons,Premium,Rear-Wheel Drive,20.600625,Import Trade Services,Automatic 4-spd,4.0,2.3
20806,Midsize-Large Station Wagons,Premium,Rear-Wheel Drive,20.600625,Import Trade Services,Automatic 4-spd,4.0,2.3
20807,Standard Pickup Trucks 4WD,Diesel,4-Wheel or All-Wheel Drive,22.4814705882353,Chevrolet,Manual 5-spd,8.0,6.2
20808,Standard Pickup Trucks 4WD,Diesel,4-Wheel or All-Wheel Drive,21.2325,Chevrolet,Manual 5-spd,8.0,6.2
20809,Standard Pickup Trucks 4WD,Diesel,4-Wheel or All-Wheel Drive,22.4814705882353,GMC,Manual 5-spd,8.0,6.2
20810,Standard Pickup Trucks 4WD,Diesel,4-Wheel or All-Wheel Drive,21.2325,GMC,Manual 5-spd,8.0,6.2
20811,Special Purpose Vehicle 4WD,Regular,4-Wheel or All-Wheel Drive,23.5435714285714,Isuzu,Automatic 4-spd,6.0,3.1
20812,Two Seaters,Regular,Rear-Wheel Drive,15.6957142857143,Alfa Romeo,Manual 5-spd,4.0,2.0
20813,Special Purpose Vehicle 4WD,Regular,4-Wheel or All-Wheel Drive,21.974,Isuzu,Manual 5-spd,6.0,3.1
20814,Two Seaters,Premium,Rear-Wheel Drive,20.600625,Autokraft Limited,Manual 5-spd,8.0,4.9
20815,Two Seaters,Premium,Rear-Wheel Drive,23.5435714285714,Dodge,Manual 6-spd,10.0,8.0
20816,Two Seaters,Regular,Rear-Wheel Drive,19.3888235294118,Import Trade Services,Manual 5-spd,6.0,2.9
20817,Two Seaters,Regular,Rear-Wheel Drive,21.974,J.K. Motors,Automatic 4-spd,6.0,3.0
20818,Two Seaters,Regular,Rear-Wheel Drive,21.974,J.K. Motors,Automatic 4-spd,6.0,3.0
20819,Two Seaters,Premium,Rear-Wheel Drive,29.9645454545455,J.K. Motors,Manual 5-spd,12.0,4.9
20820,Two Seaters,Premium,Rear-Wheel Drive,29.9645454545455,Wallace Environmental,Manual 5-spd,12.0,4.9
20821,Subcompact Cars,Premium,Front-Wheel Drive,14.3308695652174,Acura,Manual 5-spd,4.0,1.7
20822,Subcompact Cars,Premium,Rear-Wheel Drive,14.9822727272727,BMW,Manual 5-spd,4.0,1.8
20823,Two Seaters,Regular,Rear-Wheel Drive,19.3888235294118,Autokraft Limited,Manual 5-spd,8.0,5.0
20824,Subcompact Cars,Premium,Rear-Wheel Drive,17.3478947368421,BMW,Automatic 4-spd,6.0,2.5
20825,Subcompact Cars,Premium,Rear-Wheel Drive,17.3478947368421,BMW,Manual 5-spd,6.0,2.5
20826,Subcompact Cars,Premium,Rear-Wheel Drive,17.3478947368421,Wallace Environmental,Manual 5-spd,4.0,2.3
20827,Subcompact Cars,Premium,Rear-Wheel Drive,17.3478947368421,Wallace Environmental,Manual 5-spd,4.0,2.3
20828,Subcompact Cars,Premium,Rear-Wheel Drive,25.3546153846154,Wallace Environmental,Automatic 4-spd,12.0,5.0
20829,Subcompact Cars,Premium,Rear-Wheel Drive,25.3546153846154,Wallace Environmental,Manual 6-spd,12.0,5.0
20830,Compact Cars,Premium,Rear-Wheel Drive,18.3116666666667,BMW,Automatic 4-spd,6.0,2.5
20831,Compact Cars,Premium,Rear-Wheel Drive,18.3116666666667,BMW,Manual 5-spd,6.0,2.5
20832,Compact Cars,Regular,Rear-Wheel Drive,21.974,Import Trade Services,Automatic 4-spd,6.0,2.5
20833,Two Seaters,Regular,Rear-Wheel Drive,14.9822727272727,Bertone,Manual 5-spd,4.0,1.5
20834,Compact Cars,Premium,Rear-Wheel Drive,32.961,Wallace Environmental,Manual 5-spd,12.0,4.9
20835,Compact Cars,Premium,Rear-Wheel Drive,25.3546153846154,Wallace Environmental,Automatic 4-spd,8.0,5.6
20836,Compact Cars,Premium,Rear-Wheel Drive,25.3546153846154,Wallace Environmental,Automatic 4-spd,8.0,5.6
20837,Compact Cars,Premium,Rear-Wheel Drive,25.3546153846154,Wallace Environmental,Automatic 4-spd,8.0,5.6
20838,Midsize Cars,Premium,Front-Wheel Drive,21.974,CX Automotive,Manual 5-spd,6.0,3.0
20839,Midsize Cars,Premium,Front-Wheel Drive,21.974,CX Automotive,Automatic 4-spd,6.0,3.0
20840,Midsize Cars,Regular,Rear-Wheel Drive,21.974,J.K. Motors,Automatic 4-spd,6.0,3.0
20841,Midsize Cars,Regular,Rear-Wheel Drive,21.974,J.K. Motors,Automatic 4-spd,6.0,3.0
20842,Midsize Cars,Regular,Rear-Wheel Drive,23.5435714285714,J.K. Motors,Automatic 4-spd,6.0,3.4
20843,Midsize Cars,Regular,Rear-Wheel Drive,23.5435714285714,J.K. Motors,Automatic 4-spd,6.0,3.4
20844,Two Seaters,Premium,Front-Wheel Drive,19.3888235294118,Cadillac,Automatic 4-spd,8.0,4.1
20845,Midsize Cars,Regular,Rear-Wheel Drive,23.5435714285714,J.K. Motors,Automatic 4-spd,6.0,3.4
20846,Midsize Cars,Regular,Rear-Wheel Drive,23.5435714285714,J.K. Motors,Automatic 4-spd,6.0,3.4
20847,Midsize Cars,Regular,Rear-Wheel Drive,23.5435714285714,J.K. Motors,Automatic 4-spd,6.0,3.4
20848,Midsize Cars,Regular,Rear-Wheel Drive,21.974,J.K. Motors,Automatic 4-spd,6.0,3.0
20849,Midsize Cars,Regular,Rear-Wheel Drive,21.974,J.K. Motors,Automatic 4-spd,6.0,3.0
20850,Midsize Cars,Regular,Rear-Wheel Drive,21.974,J.K. Motors,Automatic 4-spd,6.0,3.0
20851,Midsize Cars,Regular,Rear-Wheel Drive,21.974,J.K. Motors,Automatic 4-spd,6.0,3.0
20852,Midsize Cars,Premium,Rear-Wheel Drive,25.3546153846154,Wallace Environmental,Automatic 4-spd,8.0,5.6
20853,Midsize Cars,Premium,Rear-Wheel Drive,25.3546153846154,Wallace Environmental,Automatic 4-spd,8.0,5.6
20854,Large Cars,Regular,Rear-Wheel Drive,21.974,J.K. Motors,Automatic 4-spd,6.0,3.0
20855,Two Seaters,Regular,Rear-Wheel Drive,19.3888235294118,Chevrolet,Automatic 4-spd,8.0,5.7
20856,Large Cars,Premium,Rear-Wheel Drive,27.4675,Wallace Environmental,Automatic 4-spd,12.0,6.0
20857,Small Station Wagons,Premium,4-Wheel or All-Wheel Drive,18.3116666666667,Audi,Automatic 4-spd,6.0,2.8
20858,Small Station Wagons,Premium,Rear-Wheel Drive,18.3116666666667,BMW,Automatic 4-spd,6.0,2.5
20859,Small Station Wagons,Premium,Front-Wheel Drive,21.974,CX Automotive,Automatic 4-spd,6.0,3.0
20860,Midsize-Large Station Wagons,Regular,Rear-Wheel Drive,21.974,J.K. Motors,Automatic 4-spd,6.0,3.0
20861,Midsize-Large Station Wagons,Regular,Rear-Wheel Drive,21.974,J.K. Motors,Automatic 4-spd,6.0,3.0
20862,Midsize-Large Station Wagons,Regular,Rear-Wheel Drive,18.3116666666667,Peugeot,Automatic 4-spd,4.0,2.2
20863,Midsize-Large Station Wagons,Regular,Rear-Wheel Drive,18.3116666666667,Peugeot,Manual 5-spd,4.0,2.2
20864,Two Seaters,Premium,Rear-Wheel Drive,20.600625,Autokraft Limited,Manual 5-spd,8.0,4.9
20865,Two Seaters,Regular,Rear-Wheel Drive,19.3888235294118,Chevrolet,Automatic 4-spd,8.0,5.7
20866,Two Seaters,Premium,Rear-Wheel Drive,21.974,Dodge,Manual 6-spd,10.0,8.0
20867,Two Seaters,Premium,Rear-Wheel Drive,25.3546153846154,Ferrari,Manual 5-spd,8.0,3.4
20868,Two Seaters,Regular,Rear-Wheel Drive,21.974,J.K. Motors,Automatic 4-spd,6.0,3.0
20869,Two Seaters,Regular,Rear-Wheel Drive,29.9645454545455,J.K. Motors,Manual 5-spd,12.0,4.9
20870,Two Seaters,Regular,Rear-Wheel Drive,29.9645454545455,J.K. Motors,Manual 5-spd,12.0,4.9
20871,Two Seaters,Premium,Rear-Wheel Drive,19.3888235294118,Mercedes-Benz,Automatic 5-spd,6.0,3.0
20872,Two Seaters,Premium,Rear-Wheel Drive,20.600625,Mercedes-Benz,Manual 5-spd,6.0,3.0
20873,Two Seaters,Premium,Rear-Wheel Drive,20.600625,Mercedes-Benz,Automatic 4-spd,8.0,5.0
20874,Two Seaters,Premium,Rear-Wheel Drive,25.3546153846154,Mercedes-Benz,Automatic 4-spd,12.0,6.0
20875,Two Seaters,Regular,Rear-Wheel Drive,21.974,Panos,Manual 5-spd,8.0,4.9
20876,Two Seaters,Regular,Rear-Wheel Drive,19.3888235294118,CX Automotive,Manual 5-spd,4.0,2.5
20877,Minicompact Cars,Premium,Rear-Wheel Drive,18.3116666666667,Toyota,Automatic 4-spd,6.0,3.0
20878,Minicompact Cars,Premium,Rear-Wheel Drive,18.3116666666667,Toyota,Manual 5-spd,6.0,3.0
20879,Minicompact Cars,Premium,Rear-Wheel Drive,17.3478947368421,Toyota,Automatic 4-spd,6.0,3.0
20880,Minicompact Cars,Premium,Rear-Wheel Drive,18.3116666666667,Toyota,Manual 6-spd,6.0,3.0
20881,Subcompact Cars,Premium,Rear-Wheel Drive,27.4675,Aston Martin,Automatic 4-spd,8.0,5.3
20882,Subcompact Cars,Premium,Rear-Wheel Drive,25.3546153846154,Aston Martin,Manual 5-spd,8.0,5.3
20883,Subcompact Cars,Regular,Front-Wheel Drive,9.98818181818182,Chevrolet,Automatic 3-spd,3.0,1.0
20884,Subcompact Cars,Regular,Front-Wheel Drive,8.03926829268293,Chevrolet,Manual 5-spd,3.0,1.0
20885,Subcompact Cars,Regular,Front-Wheel Drive,14.3308695652174,Honda,Automatic 4-spd,4.0,2.2
20886,Subcompact Cars,Premium,Rear-Wheel Drive,17.3478947368421,Mercedes-Benz,Automatic 4-spd,6.0,3.2
20887,Two Seaters,Regular,Rear-Wheel Drive,19.3888235294118,CX Automotive,Manual 5-spd,4.0,2.5
20888,Subcompact Cars,Regular,Front-Wheel Drive,9.98818181818182,Pontiac,Automatic 3-spd,3.0,1.0
20889,Subcompact Cars,Regular,Front-Wheel Drive,8.03926829268293,Pontiac,Manual 5-spd,3.0,1.0
20890,Subcompact Cars,Regular,Rear-Wheel Drive,23.5435714285714,Saleen,Manual 5-spd,8.0,4.9
20891,Subcompact Cars,Regular,Front-Wheel Drive,14.3308695652174,Subaru,Automatic 4-spd,4.0,1.8
20892,Subcompact Cars,Regular,Front-Wheel Drive,13.73375,Subaru,Manual 5-spd,4.0,1.8
20893,Subcompact Cars,Regular,4-Wheel or All-Wheel Drive,14.9822727272727,Subaru,Automatic 4-spd,4.0,1.8
20894,Subcompact Cars,Regular,4-Wheel or All-Wheel Drive,14.3308695652174,Subaru,Manual 5-spd,4.0,1.8
20895,Subcompact Cars,Regular,Front-Wheel Drive,17.3478947368421,Volkswagen,Automatic 4-spd,6.0,2.8
20896,Compact Cars,Premium,Front-Wheel Drive,18.3116666666667,Acura,Automatic 4-spd,6.0,3.2
20897,Two Seaters,Regular,Rear-Wheel Drive,18.3116666666667,Nissan,Automatic 4-spd,6.0,3.0
20898,Compact Cars,Premium,Front-Wheel Drive,18.3116666666667,Acura,Manual 6-spd,6.0,3.2
20899,Compact Cars,Premium,4-Wheel or All-Wheel Drive,21.974,Audi,Automatic 4-spd,8.0,4.2
20900,Compact Cars,Regular,Front-Wheel Drive,14.9822727272727,Infiniti,Automatic 4-spd,4.0,2.0
20901,Compact Cars,Regular,Rear-Wheel Drive,19.3888235294118,J.K. Motors,Automatic 4-spd,4.0,2.0
20902,Compact Cars,Regular,Front-Wheel Drive,13.73375,Kia,Automatic 4-spd,4.0,1.6
20903,Compact Cars,Regular,Front-Wheel Drive,12.2077777777778,Kia,Manual 5-spd,4.0,1.6
20904,Compact Cars,Diesel,Rear-Wheel Drive,14.6994230769231,Mercedes-Benz,Automatic 4-spd,5.0,2.5
20905,Compact Cars,Premium,Rear-Wheel Drive,17.3478947368421,Mercedes-Benz,Automatic 4-spd,6.0,3.2
20906,Compact Cars,Premium,Rear-Wheel Drive,17.3478947368421,Mercedes-Benz,Automatic 4-spd,6.0,2.8
20907,Two Seaters,Regular,Rear-Wheel Drive,18.3116666666667,Pontiac,Automatic 3-spd,6.0,2.8
20908,Compact Cars,Premium,Front-Wheel Drive,15.6957142857143,Dodge,Manual 5-spd,4.0,2.2
20909,Two Seaters,Regular,Rear-Wheel Drive,17.3478947368421,Nissan,Automatic 4-spd,6.0,3.0
20910,Compact Cars,Premium,4-Wheel or All-Wheel Drive,19.3888235294118,Mercedes-Benz,Automatic 4-spd,6.0,3.0
20911,Compact Cars,Premium,Rear-Wheel Drive,20.600625,Mercedes-Benz,Automatic 4-spd,8.0,5.0
20912,Compact Cars,Premium,Front-Wheel Drive,16.4805,Oldsmobile,Manual 5-spd,4.0,2.3
20913,Compact Cars,Regular,Front-Wheel Drive,14.9822727272727,Volkswagen,Automatic 4-spd,4.0,2.0
20914,Compact Cars,Regular,Front-Wheel Drive,14.9822727272727,Volkswagen,Automatic 4-spd,4.0,2.0
20915,Midsize Cars,Premium,Front-Wheel Drive,18.3116666666667,Ford,Automatic 4-spd,6.0,3.2
20916,Midsize Cars,Regular,Front-Wheel Drive,16.4805,Ford,Automatic 4-spd,6.0,3.0
20917,Midsize Cars,Regular,Rear-Wheel Drive,19.3888235294118,J.K. Motors,Automatic 4-spd,4.0,2.0
20918,Midsize Cars,Regular,Rear-Wheel Drive,23.5435714285714,J.K. Motors,Automatic 4-spd,6.0,3.4
20919,Midsize Cars,Regular,Rear-Wheel Drive,23.5435714285714,J.K. Motors,Automatic 4-spd,6.0,3.4
20920,Two Seaters,Regular,Rear-Wheel Drive,18.3116666666667,Nissan,Manual 5-spd,6.0,3.0
20921,Midsize Cars,Regular,Rear-Wheel Drive,23.5435714285714,J.K. Motors,Automatic 4-spd,6.0,3.4
20922,Midsize Cars,Regular,Rear-Wheel Drive,23.5435714285714,J.K. Motors,Automatic 4-spd,6.0,3.4
20923,Midsize Cars,Regular,Rear-Wheel Drive,23.5435714285714,J.K. Motors,Automatic 4-spd,6.0,3.4
20924,Midsize Cars,Regular,Rear-Wheel Drive,21.974,J.K. Motors,Automatic 4-spd,6.0,3.0
20925,Midsize Cars,Regular,Rear-Wheel Drive,21.974,J.K. Motors,Automatic 4-spd,6.0,3.0
20926,Midsize Cars,Regular,Rear-Wheel Drive,21.974,J.K. Motors,Automatic 4-spd,6.0,3.0
20927,Midsize Cars,Regular,Rear-Wheel Drive,20.600625,J.K. Motors,Manual 4-spd,6.0,2.6
20928,Midsize Cars,Regular,Rear-Wheel Drive,21.974,J.K. Motors,Automatic 4-spd,8.0,4.9
20929,Midsize Cars,Premium,Rear-Wheel Drive,18.3116666666667,Lexus,Automatic 4-spd,6.0,3.0
20930,Midsize Cars,Premium,Rear-Wheel Drive,18.3116666666667,Lincoln,Automatic 4-spd,8.0,4.6
20931,Two Seaters,Regular,Rear-Wheel Drive,18.3116666666667,Nissan,Manual 5-spd,6.0,3.0
20932,Midsize Cars,Premium,Rear-Wheel Drive,25.3546153846154,Mercedes-Benz,Automatic 4-spd,8.0,5.0
20933,Midsize Cars,Regular,Front-Wheel Drive,15.6957142857143,Volkswagen,Automatic 4-spd,4.0,2.0
20934,Midsize Cars,Regular,Front-Wheel Drive,18.3116666666667,Volkswagen,Automatic 4-spd,6.0,2.8
20935,Large Cars,Regular,Rear-Wheel Drive,21.974,Chevrolet,Automatic 4-spd,8.0,5.7
20936,Large Cars,Regular,Rear-Wheel Drive,19.3888235294118,Ford,Automatic 4-spd,8.0,4.6
20937,Large Cars,Regular,Rear-Wheel Drive,21.974,J.K. Motors,Automatic 4-spd,6.0,3.0
20938,Large Cars,Premium,Rear-Wheel Drive,27.4675,Mercedes-Benz,Automatic 4-spd,12.0,6.0
20939,Large Cars,Premium,Front-Wheel Drive,15.6957142857143,Saab,Manual 5-spd,4.0,2.3
20940,Small Station Wagons,Regular,Front-Wheel Drive,14.3308695652174,Subaru,Automatic 4-spd,4.0,1.8
20941,Small Station Wagons,Regular,Front-Wheel Drive,13.73375,Subaru,Manual 5-spd,4.0,1.8
20942,Two Seaters,Regular,Rear-Wheel Drive,29.9645454545455,Ferrari,Manual 5-spd,12.0,4.9
20943,Small Station Wagons,Regular,4-Wheel or All-Wheel Drive,14.9822727272727,Subaru,Automatic 4-spd,4.0,1.8
20944,Small Station Wagons,Regular,4-Wheel or All-Wheel Drive,14.3308695652174,Subaru,Manual 5-spd,4.0,1.8
20945,Midsize-Large Station Wagons,Regular,Rear-Wheel Drive,21.974,J.K. Motors,Automatic 4-spd,6.0,3.0
20946,Midsize-Large Station Wagons,Premium,Rear-Wheel Drive,18.3116666666667,Mercedes-Benz,Automatic 4-spd,6.0,3.2
20947,Midsize-Large Station Wagons,Premium,4-Wheel or All-Wheel Drive,19.3888235294118,Mercedes-Benz,Automatic 4-spd,6.0,3.0
20948,Midsize-Large Station Wagons,Regular,Front-Wheel Drive,18.3116666666667,Volkswagen,Automatic 4-spd,6.0,2.8
20949,Standard Pickup Trucks 2WD,Diesel,Rear-Wheel Drive,21.2325,Chevrolet,Automatic 4-spd,8.0,6.2
20950,Standard Pickup Trucks 2WD,Diesel,Rear-Wheel Drive,22.4814705882353,Chevrolet,Manual 5-spd,8.0,6.2
20951,Standard Pickup Trucks 2WD,Diesel,Rear-Wheel Drive,22.4814705882353,Chevrolet,Automatic 4-spd,8.0,6.2
20952,Standard Pickup Trucks 2WD,Diesel,Rear-Wheel Drive,22.4814705882353,Chevrolet,Manual 5-spd,8.0,6.2
20953,Two Seaters,Regular,Rear-Wheel Drive,25.3546153846154,Ferrari,Manual 5-spd,8.0,3.2
20954,Standard Pickup Trucks 2WD,Diesel,Rear-Wheel Drive,21.2325,GMC,Automatic 4-spd,8.0,6.2
20955,Standard Pickup Trucks 2WD,Diesel,Rear-Wheel Drive,22.4814705882353,GMC,Manual 5-spd,8.0,6.2
20956,Standard Pickup Trucks 2WD,Diesel,Rear-Wheel Drive,22.4814705882353,GMC,Automatic 4-spd,8.0,6.2
20957,Standard Pickup Trucks 2WD,Diesel,Rear-Wheel Drive,22.4814705882353,GMC,Manual 5-spd,8.0,6.2
20958,Standard Pickup Trucks 2WD,Regular,Rear-Wheel Drive,20.600625,Toyota,Automatic 4-spd,6.0,3.0
20959,Standard Pickup Trucks 2WD,Regular,Rear-Wheel Drive,18.3116666666667,Toyota,Automatic 4-spd,6.0,3.0
20960,Standard Pickup Trucks 2WD,Regular,Rear-Wheel Drive,19.3888235294118,Toyota,Manual 5-spd,6.0,3.0
20961,Standard Pickup Trucks 4WD,Diesel,4-Wheel or All-Wheel Drive,22.4814705882353,Chevrolet,Manual 5-spd,8.0,6.2
20962,Standard Pickup Trucks 4WD,Diesel,4-Wheel or All-Wheel Drive,22.4814705882353,Chevrolet,Manual 5-spd,8.0,6.2
20963,Standard Pickup Trucks 4WD,Diesel,4-Wheel or All-Wheel Drive,22.4814705882353,GMC,Manual 5-spd,8.0,6.2
20964,Two Seaters,Regular,Front-Wheel Drive,13.1844,Ford,Automatic 3-spd,4.0,1.9
20965,Standard Pickup Trucks 4WD,Diesel,4-Wheel or All-Wheel Drive,22.4814705882353,GMC,Manual 5-spd,8.0,6.2
20966,Standard Pickup Trucks 4WD,Regular,4-Wheel or All-Wheel Drive,25.3546153846154,Toyota,Automatic 4-spd,6.0,3.0
20967,Standard Pickup Trucks 4WD,Regular,4-Wheel or All-Wheel Drive,21.974,Toyota,Manual 5-spd,6.0,3.0
20968,"Vans, Cargo Type",Diesel,Rear-Wheel Drive,22.4814705882353,Chevrolet,Automatic 4-spd,8.0,6.2
20969,"Vans, Cargo Type",Diesel,Rear-Wheel Drive,22.4814705882353,GMC,Automatic 4-spd,8.0,6.2
20970,"Vans, Passenger Type",Diesel,Rear-Wheel Drive,22.4814705882353,Chevrolet,Automatic 4-spd,8.0,6.2
20971,"Vans, Passenger Type",Diesel,Rear-Wheel Drive,22.4814705882353,GMC,Automatic 4-spd,8.0,6.2
20972,"Vans, Passenger Type",Regular,Front-Wheel Drive,21.974,Volkswagen,Automatic 4-spd,5.0,2.5
20973,Special Purpose Vehicles,Regular,Rear-Wheel Drive,20.600625,Isuzu,Automatic 4-spd,6.0,3.2
20974,Two Seaters,Regular,Front-Wheel Drive,11.7717857142857,Ford,Manual 5-spd,4.0,1.9
20975,Special Purpose Vehicles,Regular,Rear-Wheel Drive,20.600625,Isuzu,Manual 5-spd,6.0,3.2
20976,Special Purpose Vehicles,Regular,Rear-Wheel Drive,21.974,Jeep,Automatic 4-spd,6.0,4.0
20977,Special Purpose Vehicle 4WD,Regular,4-Wheel or All-Wheel Drive,20.600625,Isuzu,Automatic 4-spd,6.0,3.2
20978,Special Purpose Vehicle 4WD,Regular,4-Wheel or All-Wheel Drive,20.600625,Isuzu,Manual 5-spd,6.0,3.2
20979,Special Purpose Vehicles,Regular,Rear-Wheel Drive,32.961,Toyota,Automatic 4-spd,6.0,3.0
20980,Special Purpose Vehicles,Regular,Rear-Wheel Drive,29.9645454545455,Toyota,Manual 5-spd,6.0,3.0
20981,Two Seaters,Premium,Rear-Wheel Drive,18.3116666666667,Jaguar,Automatic 4-spd,6.0,4.0
20982,Two Seaters,Regular,Front-Wheel Drive,13.1844,Ford,Manual 5-spd,4.0,1.9
20983,Two Seaters,Premium,Rear-Wheel Drive,18.3116666666667,Jaguar,Automatic 4-spd,6.0,4.0
20984,Two Seaters,Premium,4-Wheel or All-Wheel Drive,32.961,Lamborghini,Manual 5-spd,12.0,5.7
20985,Minicompact Cars,Premium,Rear-Wheel Drive,16.4805,Nissan,Automatic 4-spd,4.0,2.4
20986,Subcompact Cars,Premium,Rear-Wheel Drive,20.600625,BMW,Automatic 5-spd,8.0,4.0
20987,Subcompact Cars,Regular,Rear-Wheel Drive,25.3546153846154,Saleen,Manual 5-spd,8.0,5.8
20988,Compact Cars,Regular,Front-Wheel Drive,18.3116666666667,Volkswagen,Automatic 4-spd,6.0,2.8
20989,Large Cars,Regular,Front-Wheel Drive,17.3478947368421,Chrysler,Automatic 4-spd,6.0,3.3
20990,Large Cars,Regular,Front-Wheel Drive,17.3478947368421,Dodge,Automatic 4-spd,6.0,3.3
20991,Large Cars,Regular,Front-Wheel Drive,17.3478947368421,Eagle,Automatic 4-spd,6.0,3.3
20992,Standard Pickup Trucks 2WD,Regular,Rear-Wheel Drive,23.5435714285714,GMC,Manual 5-spd,8.0,5.0
20993,Two Seaters,Regular,Front-Wheel Drive,12.2077777777778,Honda,Automatic 4-spd,4.0,1.5
20994,Standard Pickup Trucks 4WD,Regular,4-Wheel or All-Wheel Drive,21.974,GMC,Automatic 4-spd,6.0,4.3
20995,Vans,Regular,Front-Wheel Drive,21.974,Volkswagen,Automatic 4-spd,5.0,2.5
20996,Vans,Regular,Front-Wheel Drive,19.3888235294118,Volkswagen,Manual 5-spd,5.0,2.5
20997,Special Purpose Vehicle 2WD,Regular,Front-Wheel Drive,18.3116666666667,Dodge,Automatic 4-spd,6.0,3.3
20998,Special Purpose Vehicle 2WD,Regular,Front-Wheel Drive,18.3116666666667,Plymouth,Automatic 4-spd,6.0,3.3
20999,Special Purpose Vehicle 4WD,Regular,4-Wheel or All-Wheel Drive,20.600625,Jeep,Automatic 3-spd,4.0,2.5
21000,Subcompact Cars,Premium,Rear-Wheel Drive,18.3116666666667,Jaguar,Automatic 4-spd,6.0,4.0
21001,Subcompact Cars,Regular,Front-Wheel Drive,14.3308695652174,Mitsubishi,Automatic 4-spd,4.0,1.8
21002,Two Seaters,Regular,Front-Wheel Drive,11.3658620689655,Honda,Manual 5-spd,4.0,1.5
21003,Subcompact Cars,Regular,Front-Wheel Drive,13.73375,Mitsubishi,Manual 5-spd,4.0,1.8
21004,Compact Cars,Regular,Front-Wheel Drive,13.1844,Ford,Manual 5-spd,4.0,2.0
21005,Compact Cars,Premium,Rear-Wheel Drive,21.974,Jaguar,Automatic 4-spd,6.0,5.3
21006,Compact Cars,Regular,Front-Wheel Drive,13.73375,Kia,Manual 5-spd,4.0,1.6
21007,Compact Cars,Regular,Front-Wheel Drive,13.1844,Mercury,Manual 5-spd,4.0,2.0
21008,Midsize Cars,Regular,Front-Wheel Drive,18.3116666666667,Hyundai,Automatic 4-spd,6.0,3.0
21009,Midsize Cars,Regular,Rear-Wheel Drive,16.4805,Volvo,Automatic 4-spd,4.0,2.3
21010,Midsize-Large Station Wagons,Regular,Front-Wheel Drive,15.6957142857143,Volvo,Automatic 4-spd,5.0,2.4
21011,Compact Cars,Premium,Front-Wheel Drive,16.4805,Dodge,Manual 5-spd,4.0,2.2
21012,Two Seaters,Regular,Front-Wheel Drive,12.2077777777778,Honda,Manual 5-spd,4.0,1.5
21013,Midsize-Large Station Wagons,Regular,Front-Wheel Drive,15.6957142857143,Volvo,Manual 5-spd,5.0,2.4
21014,Midsize-Large Station Wagons,Regular,Rear-Wheel Drive,16.4805,Volvo,Automatic 4-spd,4.0,2.3
21015,Standard Pickup Trucks 4WD,Regular,4-Wheel or All-Wheel Drive,25.3546153846154,GMC,Automatic 4-spd,8.0,5.0
21016,Special Purpose Vehicles,Regular,Rear-Wheel Drive,20.600625,Honda,Automatic 4-spd,6.0,3.2
21017,Special Purpose Vehicles,Regular,Rear-Wheel Drive,20.600625,Honda,Manual 5-spd,6.0,3.2
21018,Special Purpose Vehicles,Regular,Rear-Wheel Drive,20.600625,Isuzu,Automatic 4-spd,6.0,3.2
21019,Special Purpose Vehicles,Regular,Rear-Wheel Drive,20.600625,Isuzu,Manual 5-spd,6.0,3.2
21020,Special Purpose Vehicle 4WD,Regular,4-Wheel or All-Wheel Drive,21.974,Honda,Automatic 4-spd,6.0,3.2
21021,Special Purpose Vehicle 4WD,Regular,4-Wheel or All-Wheel Drive,20.600625,Honda,Manual 5-spd,6.0,3.2
21022,Special Purpose Vehicle 4WD,Regular,4-Wheel or All-Wheel Drive,21.974,Isuzu,Automatic 4-spd,6.0,3.2
21023,Two Seaters,Regular,Front-Wheel Drive,7.1654347826087,Honda,Manual 5-spd,4.0,1.5
21024,Special Purpose Vehicle 4WD,Regular,4-Wheel or All-Wheel Drive,20.600625,Isuzu,Manual 5-spd,6.0,3.2
21025,Subcompact Cars,Regular,Front-Wheel Drive,17.3478947368421,Saab,Automatic 4-spd,4.0,2.3
21026,Subcompact Cars,Regular,Front-Wheel Drive,15.6957142857143,Saab,Manual 5-spd,4.0,2.3
21027,Subcompact Cars,Regular,Front-Wheel Drive,17.3478947368421,Saab,Automatic 4-spd,6.0,2.5
21028,Subcompact Cars,Regular,Front-Wheel Drive,18.3116666666667,Saab,Automatic 4-spd,4.0,2.0
21029,Subcompact Cars,Regular,Front-Wheel Drive,16.4805,Saab,Manual 5-spd,4.0,2.0
21030,Midsize Cars,Regular,Front-Wheel Drive,15.6957142857143,Buick,Automatic 4-spd,6.0,3.8
21031,Midsize Cars,Regular,Front-Wheel Drive,15.6957142857143,Buick,Automatic 4-spd,6.0,3.8
21032,Midsize Cars,Premium,Front-Wheel Drive,17.3478947368421,Buick,Automatic 4-spd,6.0,3.8
21033,Midsize Cars,Regular,Front-Wheel Drive,17.3478947368421,Saab,Automatic 4-spd,4.0,2.3
21034,Two Seaters,Regular,Front-Wheel Drive,8.24025,Honda,Manual 5-spd,4.0,1.5
21035,Midsize Cars,Regular,Front-Wheel Drive,15.6957142857143,Saab,Manual 5-spd,4.0,2.3
21036,Midsize Cars,Regular,Front-Wheel Drive,17.3478947368421,Saab,Automatic 4-spd,6.0,2.5
21037,Midsize Cars,Regular,Front-Wheel Drive,18.3116666666667,Saab,Automatic 4-spd,4.0,2.0
21038,Midsize Cars,Regular,Front-Wheel Drive,16.4805,Saab,Manual 5-spd,4.0,2.0
21039,Large Cars,Regular,Front-Wheel Drive,15.6957142857143,Buick,Automatic 4-spd,6.0,3.8
21040,Large Cars,Premium,Front-Wheel Drive,17.3478947368421,Buick,Automatic 4-spd,6.0,3.8
21041,Large Cars,Regular,Front-Wheel Drive,15.6957142857143,Oldsmobile,Automatic 4-spd,6.0,3.8
21042,Large Cars,Premium,Front-Wheel Drive,17.3478947368421,Oldsmobile,Automatic 4-spd,6.0,3.8
21043,Large Cars,Regular,Front-Wheel Drive,15.6957142857143,Oldsmobile,Automatic 4-spd,6.0,3.8
21044,Large Cars,Regular,Front-Wheel Drive,15.6957142857143,Pontiac,Automatic 4-spd,6.0,3.8
21045,Two Seaters,Regular,Rear-Wheel Drive,23.5435714285714,Jaguar,Automatic 3-spd,12.0,5.3
21046,Large Cars,Regular,Front-Wheel Drive,17.3478947368421,Saab,Automatic 4-spd,6.0,3.0
21047,Large Cars,Regular,Front-Wheel Drive,18.3116666666667,Saab,Automatic 4-spd,4.0,2.3
21048,Large Cars,Regular,Front-Wheel Drive,15.6957142857143,Saab,Manual 5-spd,4.0,2.3
21049,Large Cars,Regular,Front-Wheel Drive,16.4805,Saab,Manual 5-spd,4.0,2.3
21050,Two Seaters,Premium,Rear-Wheel Drive,14.3308695652174,BMW,Automatic 4-spd,4.0,1.9
21051,Two Seaters,Premium,Rear-Wheel Drive,13.73375,BMW,Manual 5-spd,4.0,1.9
21052,Two Seaters,Premium,Rear-Wheel Drive,17.3478947368421,BMW,Automatic 4-spd,6.0,2.8
21053,Two Seaters,Premium,Rear-Wheel Drive,16.4805,BMW,Manual 5-spd,6.0,2.8
21054,Two Seaters,Premium,Rear-Wheel Drive,47.0871428571429,Lamborghini,Manual 5-spd,12.0,5.2
21055,Minicompact Cars,Premium,Rear-Wheel Drive,14.3308695652174,BMW,Manual 5-spd,4.0,1.9
21056,Subcompact Cars,Premium,Rear-Wheel Drive,14.3308695652174,BMW,Automatic 4-spd,4.0,1.9
21057,Subcompact Cars,Premium,Rear-Wheel Drive,13.73375,BMW,Manual 5-spd,4.0,1.9
21058,Compact Cars,Premium,Rear-Wheel Drive,14.3308695652174,BMW,Automatic 4-spd,4.0,1.9
21059,Compact Cars,Premium,Rear-Wheel Drive,13.73375,BMW,Manual 5-spd,4.0,1.9
21060,Compact Cars,Regular,Front-Wheel Drive,14.3308695652174,Hyundai,Automatic 4-spd,4.0,1.8
21061,Midsize Cars,Premium,Front-Wheel Drive,17.3478947368421,Buick,Automatic 4-spd,6.0,3.8
21062,Two Seaters,Regular,Rear-Wheel Drive,17.3478947368421,Lotus,Manual 5-spd,4.0,2.2
21063,Midsize Cars,Premium,Rear-Wheel Drive,18.3116666666667,Jaguar,Automatic 4-spd,6.0,4.0
21064,Midsize Cars,Premium,Rear-Wheel Drive,18.3116666666667,Jaguar,Automatic 4-spd,6.0,4.0
21065,Large Cars,Regular,Rear-Wheel Drive,19.3888235294118,Ford,Automatic 4-spd,8.0,4.6
21066,Small Pickup Trucks 2WD,Regular,Rear-Wheel Drive,17.3478947368421,Isuzu,Manual 5-spd,6.0,4.3
21067,Small Pickup Trucks 2WD,Regular,Rear-Wheel Drive,18.3116666666667,Isuzu,Automatic 4-spd,6.0,4.3
21068,Subcompact Cars,Regular,Front-Wheel Drive,15.6957142857143,Quantum Technologies,Automatic 3-spd,4.0,2.2
21069,Large Cars,Regular,Rear-Wheel Drive,19.3888235294118,Ford,Automatic 4-spd,8.0,4.6
21070,Two Seaters,Regular,Rear-Wheel Drive,17.3478947368421,Lotus,Manual 5-spd,4.0,2.2
21071,Two Seaters,Regular,Rear-Wheel Drive,17.3478947368421,BMW,Manual 5-spd,6.0,2.8
21072,Two Seaters,Premium,Rear-Wheel Drive,25.3546153846154,Dodge,Manual 6-spd,10.0,8.0
21073,Two Seaters,Premium,Rear-Wheel Drive,25.3546153846154,Dodge,Manual 6-spd,10.0,8.0
21074,Two Seaters,Premium,Rear-Wheel Drive,29.9645454545455,Ferrari,Manual 6-spd,8.0,3.6
21075,Two Seaters,Premium,Rear-Wheel Drive,27.4675,Ferrari,Automatic 6-spd,8.0,3.6
21076,Two Seaters,Premium,Rear-Wheel Drive,21.974,Lotus,Manual 5-spd,8.0,3.5
21077,Two Seaters,Regular,Rear-Wheel Drive,14.3308695652174,Mazda,Manual 6-spd,4.0,1.8
21078,Minicompact Cars,Premium,Rear-Wheel Drive,19.3888235294118,Porsche,Automatic 5-spd,6.0,3.4
21079,Minicompact Cars,Premium,Rear-Wheel Drive,19.3888235294118,Porsche,Manual 6-spd,6.0,3.4
21080,Subcompact Cars,Premium,Rear-Wheel Drive,19.3888235294118,Ford,Manual 5-spd,8.0,4.6
21081,Two Seaters,Regular,Rear-Wheel Drive,25.3546153846154,Maserati,Automatic 3-spd,6.0,2.5
21082,Subcompact Cars,CNG,Front-Wheel Drive,0.0688888888888888,Honda,Automatic 4-spd,4.0,1.6
21083,Subcompact Cars,Regular,Front-Wheel Drive,15.6957142857143,Quantum Technologies,Automatic 3-spd,4.0,2.2
21084,Subcompact Cars,Regular,Front-Wheel Drive,13.1844,Suzuki,Automatic 4-spd,4.0,1.8
21085,Subcompact Cars,Premium,Front-Wheel Drive,13.73375,Volkswagen,Manual 5-spd,4.0,1.8
21086,Subcompact Cars,Premium,Front-Wheel Drive,14.9822727272727,Volkswagen,Automatic 4-spd,4.0,1.8
21087,Compact Cars,CNG,Front-Wheel Drive,0.0808695652173913,Toyota,Automatic 4-spd,4.0,2.2
21088,Midsize Cars,Regular,Front-Wheel Drive,17.3478947368421,Chevrolet,Automatic 4-spd,6.0,3.8
21089,Midsize Cars,Premium,Rear-Wheel Drive,19.3888235294118,Mercedes-Benz,Automatic 5-spd,8.0,5.4
21090,Midsize Cars,Regular,Front-Wheel Drive,17.3478947368421,Saab,Manual 5-spd,4.0,2.3
21091,Two Seaters,Regular,Rear-Wheel Drive,23.5435714285714,Maserati,Manual 5-spd,6.0,2.5
21092,Midsize Cars,Premium,Front-Wheel Drive,17.3478947368421,Volkswagen,Automatic 5-spd,6.0,2.8
21093,Midsize Cars,Premium,Front-Wheel Drive,15.6957142857143,Volkswagen,Manual 5-spd,6.0,2.8
21094,Midsize Cars,Premium,Front-Wheel Drive,18.3116666666667,Volkswagen,Automatic 5-spd,6.0,2.8
21095,Small Station Wagons,Regular,Front-Wheel Drive,12.6773076923077,Suzuki,Manual 5-spd,4.0,1.8
21096,Small Station Wagons,Regular,Front-Wheel Drive,12.6773076923077,Suzuki,Automatic 4-spd,4.0,1.8
21097,Midsize Station Wagons,Regular,Front-Wheel Drive,16.4805,Saab,Automatic 4-spd,4.0,2.3
21098,Midsize Station Wagons,Regular,Front-Wheel Drive,17.3478947368421,Saab,Automatic 4-spd,6.0,3.0
21099,Midsize Station Wagons,Regular,Front-Wheel Drive,14.9822727272727,Saab,Manual 5-spd,4.0,2.3
21100,Midsize Station Wagons,Premium,Front-Wheel Drive,15.6957142857143,Volkswagen,Manual 5-spd,6.0,2.8
21101,Midsize Station Wagons,Premium,Front-Wheel Drive,17.3478947368421,Volkswagen,Automatic 5-spd,6.0,2.8
21102,Two Seaters,Regular,Rear-Wheel Drive,19.3888235294118,Mazda,Automatic 4-spd,2.0,1.3
21103,Midsize Station Wagons,Premium,Front-Wheel Drive,18.3116666666667,Volkswagen,Automatic 5-spd,6.0,2.8
21104,Standard Pickup Trucks 2WD,Premium,2-Wheel Drive,25.3546153846154,Ford,Automatic 4-spd,8.0,5.4
21105,Special Purpose Vehicle 4WD,Regular,4-Wheel or All-Wheel Drive,21.974,Isuzu,Automatic 4-spd,6.0,3.5
21106,Sport Utility Vehicle - 2WD,Regular,2-Wheel Drive,25.3546153846154,Chevrolet,Automatic 4-spd,8.0,5.7
21107,Sport Utility Vehicle - 2WD,Regular,2-Wheel Drive,25.3546153846154,GMC,Automatic 4-spd,8.0,5.7
21108,Sport Utility Vehicle - 2WD,Regular,2-Wheel Drive,15.6957142857143,Honda,Automatic 4-spd,4.0,2.0
21109,Sport Utility Vehicle - 2WD,Regular,2-Wheel Drive,20.600625,Nissan,Automatic 4-spd,6.0,3.3
21110,Sport Utility Vehicle - 2WD,Regular,2-Wheel Drive,20.600625,Nissan,Manual 5-spd,6.0,3.3
21111,Compact Cars,Regular,Front-Wheel Drive,13.73375,Ford,Automatic 3-spd,4.0,1.6
21112,Two Seaters,Regular,Rear-Wheel Drive,18.3116666666667,Mazda,Manual 5-spd,2.0,1.3
21113,Sport Utility Vehicle - 2WD,Regular,2-Wheel Drive,20.600625,Nissan,Automatic 4-spd,6.0,3.3
21114,Sport Utility Vehicle - 2WD,Regular,2-Wheel Drive,20.600625,Nissan,Automatic 4-spd,6.0,3.3
21115,Sport Utility Vehicle - 4WD,Regular,4-Wheel or All-Wheel Drive,15.6957142857143,Honda,Manual 5-spd,4.0,2.0
21116,Sport Utility Vehicle - 4WD,Regular,4-Wheel or All-Wheel Drive,15.6957142857143,Honda,Automatic 4-spd,4.0,2.0
21117,Sport Utility Vehicle - 4WD,Regular,4-Wheel or All-Wheel Drive,21.974,Infiniti,Automatic 4-spd,6.0,3.3
21118,Large Cars,Regular,Rear-Wheel Drive,20.600625,Ford,Automatic 4-spd,8.0,4.6
21119,Large Cars,Regular,Front-Wheel Drive,16.4805,Chevrolet,Automatic 4-spd,6.0,3.8
21120,Two Seaters,Regular,Rear-Wheel Drive,19.3888235294118,Mazda,Manual 5-spd,2.0,1.3
21121,Large Cars,Regular,Rear-Wheel Drive,19.3888235294118,Ford,Automatic 4-spd,8.0,4.6
21122,Special Purpose Vehicle 4WD,Regular,4-Wheel or All-Wheel Drive,21.974,Oldsmobile,Automatic 4-spd,6.0,4.3
21123,Two Seaters,Premium,,20.600625,Lotus,Manual 5-spd,8.0,3.5
21124,Two Seaters,Premium,Rear-Wheel Drive,19.3888235294118,Morgan,Manual 5-spd,8.0,3.9
21125,Compact Cars,Regular,Front-Wheel Drive,15.6957142857143,Chrysler,Manual 5-spd,6.0,3.0
21126,Compact Cars,Regular,Front-Wheel Drive,16.4805,Chrysler,Automatic (S4),6.0,3.0
21127,Compact Cars,Regular,Front-Wheel Drive,16.4805,Chrysler,Automatic 4-spd,6.0,3.0
21128,Compact Cars,Regular,Front-Wheel Drive,15.6957142857143,Dodge,Manual 5-spd,6.0,3.0
21129,Compact Cars,Regular,Front-Wheel Drive,16.4805,Dodge,Automatic (S4),6.0,3.0
21130,Compact Cars,Regular,Front-Wheel Drive,16.4805,Dodge,Automatic 4-spd,6.0,3.0
21131,Two Seaters,Premium,Rear-Wheel Drive,23.5435714285714,Mercedes-Benz,Automatic 4-spd,8.0,5.6
21132,Compact Cars,Premium,4-Wheel or All-Wheel Drive,18.3116666666667,Volkswagen,Automatic (S5),8.0,4.0
21133,Large Cars,Regular,Rear-Wheel Drive,20.600625,Ford,Automatic 4-spd,8.0,4.6
21134,Midsize Station Wagons,Premium,4-Wheel or All-Wheel Drive,18.3116666666667,Volkswagen,Automatic (S5),8.0,4.0
21135,Standard Pickup Trucks 2WD,Regular,2-Wheel Drive,29.9645454545455,Chevrolet,Automatic 4-spd,8.0,6.0
21136,Standard Pickup Trucks 2WD,Regular,2-Wheel Drive,29.9645454545455,Chevrolet,Automatic 4-spd,8.0,6.0
21137,Compact Cars,Regular,Front-Wheel Drive,13.1844,Hyundai,Automatic 4-spd,4.0,2.0
21138,Large Cars,Regular,Front-Wheel Drive,16.4805,Chevrolet,Automatic 4-spd,6.0,3.8
21139,Large Cars,Regular,Rear-Wheel Drive,20.600625,Ford,Automatic 4-spd,8.0,4.6
21140,Two Seaters,Regular,Rear-Wheel Drive,13.73375,Pontiac,Automatic 3-spd,4.0,2.5
21141,Special Purpose Vehicle,Diesel,Rear-Wheel Drive,17.3720454545455,London Taxi,Automatic 4-spd,4.0,2.4
21142,Large Cars,Regular,Front-Wheel Drive,16.4805,Chevrolet,Automatic 4-spd,6.0,3.8
21143,Large Cars,Regular,Rear-Wheel Drive,20.600625,Ford,Automatic 4-spd,8.0,4.6
21144,Large Cars,Regular,Front-Wheel Drive,15.6957142857143,Chevrolet,Automatic 4-spd,6.0,3.8
21145,Large Cars,Regular,Rear-Wheel Drive,20.600625,Ford,Automatic 4-spd,8.0,4.6
21146,Sport Utility Vehicle - 2WD,Regular,2-Wheel Drive,21.974,Mercury,Automatic 5-spd,6.0,4.0
21147,Two Seaters,Premium,Rear-Wheel Drive,15.6957142857143,Porsche,Manual 5-spd,6.0,2.7
21148,Two Seaters,Premium,Rear-Wheel Drive,15.6957142857143,Porsche,Manual 6-spd,6.0,2.7
21149,Two Seaters,Premium,Rear-Wheel Drive,17.3478947368421,Porsche,Automatic 5-spd,6.0,2.7
21150,Two Seaters,Premium,Rear-Wheel Drive,16.4805,Porsche,Manual 6-spd,6.0,3.2
21151,Two Seaters,Regular,Rear-Wheel Drive,13.1844,Pontiac,Manual 5-spd,4.0,2.5
21152,Two Seaters,Premium,Rear-Wheel Drive,17.3478947368421,Porsche,Automatic 5-spd,6.0,3.2
21153,Large Cars,Regular,Front-Wheel Drive,17.3478947368421,Chevrolet,Automatic 4-spd,6.0,3.9
21154,Large Cars,Regular,Rear-Wheel Drive,19.3888235294118,Ford,Automatic 4-spd,8.0,4.6
21155,Large Cars,Regular,Front-Wheel Drive,16.4805,Mercury,Automatic (variable gear ratios),6.0,3.0
21156,Midsize Cars,Regular,Front-Wheel Drive,13.73375,Hyundai,Automatic 4-spd,4.0,2.0
21157,Minivan - 2WD,Regular,2-Wheel Drive,17.3478947368421,Chrysler,Automatic 4-spd,6.0,3.3
21158,Sport Utility Vehicle - 2WD,Regular,2-Wheel Drive,21.974,Chevrolet,Automatic 4-spd,8.0,5.3
21159,Sport Utility Vehicle - 4WD,Regular,4-Wheel or All-Wheel Drive,18.3116666666667,Dodge,Automatic 5-spd,6.0,3.5
21160,Subcompact Cars,Premium,Front-Wheel Drive,15.6957142857143,Volvo,Automatic (S5),5.0,2.5
21161,Special Purpose Vehicles,Regular,Front-Wheel Drive,18.3116666666667,Dodge,Automatic 4-spd,6.0,3.3
21162,Two Seaters,Regular,Rear-Wheel Drive,18.3116666666667,Pontiac,Automatic 3-spd,6.0,2.8
21163,Two Seaters,Premium,All-Wheel Drive,32.961,Bugatti,Automatic (S7),16.0,8.0
21164,Two Seaters,Premium,Rear-Wheel Drive,13.73375,Porsche,Automatic 7-spd,6.0,2.9
21165,Two Seaters,Premium,Rear-Wheel Drive,14.9822727272727,Porsche,Manual 6-spd,6.0,2.9
21166,Two Seaters,Premium,Rear-Wheel Drive,14.3308695652174,Porsche,Automatic 7-spd,6.0,3.4
21167,Two Seaters,Premium,Rear-Wheel Drive,14.9822727272727,Porsche,Manual 6-spd,6.0,3.4
21168,Two Seaters,Premium,Rear-Wheel Drive,13.73375,Porsche,Automatic 7-spd,6.0,2.9
21169,Two Seaters,Premium,Rear-Wheel Drive,14.9822727272727,Porsche,Manual 6-spd,6.0,2.9
21170,Two Seaters,Premium,Rear-Wheel Drive,14.3308695652174,Porsche,Automatic 7-spd,6.0,3.4
21171,Two Seaters,Premium,Rear-Wheel Drive,14.9822727272727,Porsche,Manual 6-spd,6.0,3.4
21172,Minicompact Cars,Premium,Rear-Wheel Drive,14.9822727272727,Porsche,Automatic 7-spd,6.0,3.6
21173,Two Seaters,Regular,Rear-Wheel Drive,17.3478947368421,Pontiac,Manual 5-spd,6.0,2.8
21174,Minicompact Cars,Premium,Rear-Wheel Drive,15.6957142857143,Porsche,Manual 6-spd,6.0,3.6
21175,Minicompact Cars,Premium,4-Wheel Drive,15.6957142857143,Porsche,Automatic 7-spd,6.0,3.6
21176,Minicompact Cars,Premium,4-Wheel Drive,15.6957142857143,Porsche,Manual 6-spd,6.0,3.6
21177,Minicompact Cars,Premium,4-Wheel Drive,15.6957142857143,Porsche,Automatic 7-spd,6.0,3.6
21178,Minicompact Cars,Premium,4-Wheel Drive,15.6957142857143,Porsche,Manual 6-spd,6.0,3.6
21179,Minicompact Cars,Premium,4-Wheel Drive,15.6957142857143,Porsche,Automatic 7-spd,6.0,3.6
21180,Minicompact Cars,Premium,4-Wheel Drive,15.6957142857143,Porsche,Manual 6-spd,6.0,3.6
21181,Minicompact Cars,Premium,4-Wheel Drive,15.6957142857143,Porsche,Automatic 7-spd,6.0,3.8
21182,Minicompact Cars,Premium,4-Wheel Drive,16.4805,Porsche,Manual 6-spd,6.0,3.8
21183,Minicompact Cars,Premium,4-Wheel Drive,15.6957142857143,Porsche,Automatic 7-spd,6.0,3.8
21184,Two Seaters,Premium,Rear-Wheel Drive,14.3308695652174,Red Shift Ltd.,Manual 5-spd,4.0,2.0
21185,Minicompact Cars,Premium,4-Wheel Drive,16.4805,Porsche,Manual 6-spd,6.0,3.8
21186,Minicompact Cars,Premium,4-Wheel Drive,15.6957142857143,Porsche,Automatic 7-spd,6.0,3.8
21187,Minicompact Cars,Premium,4-Wheel Drive,16.4805,Porsche,Manual 6-spd,6.0,3.8
21188,Minicompact Cars,Premium,Rear-Wheel Drive,14.9822727272727,Porsche,Automatic 7-spd,6.0,3.6
21189,Minicompact Cars,Premium,Rear-Wheel Drive,15.6957142857143,Porsche,Manual 6-spd,6.0,3.6
21190,Minicompact Cars,Premium,Rear-Wheel Drive,14.9822727272727,Porsche,Automatic 7-spd,6.0,3.8
21191,Minicompact Cars,Premium,Rear-Wheel Drive,15.6957142857143,Porsche,Manual 6-spd,6.0,3.8
21192,Minicompact Cars,Premium,Rear-Wheel Drive,14.9822727272727,Porsche,Automatic 7-spd,6.0,3.8
21193,Minicompact Cars,Premium,Rear-Wheel Drive,15.6957142857143,Porsche,Manual 6-spd,6.0,3.8
21194,Subcompact Cars,Premium,All-Wheel Drive,15.6957142857143,Audi,Automatic (S6),6.0,3.2
21195,Two Seaters,Premium,Rear-Wheel Drive,25.3546153846154,Ruf Automobile Gmbh,Manual 5-spd,6.0,3.4
21196,Subcompact Cars,Premium,Rear-Wheel Drive,18.3116666666667,Mercedes-Benz,Automatic 7-spd,8.0,5.5
21197,Subcompact Cars,Regular,Front-Wheel Drive,11.7717857142857,Pontiac,Automatic 4-spd,4.0,1.6
21198,Subcompact Cars,Regular,Front-Wheel Drive,10.987,Pontiac,Manual 5-spd,4.0,1.6
21199,Subcompact Cars,Regular,Front-Wheel Drive,12.6773076923077,Suzuki,Automatic 4-spd,4.0,1.6
21200,Subcompact Cars,Regular,Front-Wheel Drive,10.987,Suzuki,Manual 5-spd,4.0,1.6
21201,Subcompact Cars,Regular,Front-Wheel Drive,11.3658620689655,Scion,Automatic 4-spd,4.0,1.8
21202,Subcompact Cars,Regular,Front-Wheel Drive,11.3658620689655,Scion,Manual 5-spd,4.0,1.8
21203,Subcompact Cars,Premium,Front-Wheel Drive,13.1844,Volkswagen,Automatic (S6),4.0,2.0
21204,Subcompact Cars,Regular,Front-Wheel Drive,14.3308695652174,Volkswagen,Manual 5-spd,5.0,2.5
21205,Subcompact Cars,Regular,Front-Wheel Drive,14.3308695652174,Volkswagen,Automatic (S6),5.0,2.5
21206,Two Seaters,Premium,Rear-Wheel Drive,25.3546153846154,Ruf Automobile Gmbh,Manual 5-spd,6.0,3.4
21207,Compact Cars,Regular,Rear-Wheel Drive,16.4805,Dodge,Automatic 5-spd,6.0,3.5
21208,Compact Cars,Regular,Front-Wheel Drive,11.7717857142857,Ford,Automatic 4-spd,4.0,2.0
21209,Compact Cars,Regular,Front-Wheel Drive,11.7717857142857,Ford,Manual 5-spd,4.0,2.0
21210,Compact Cars,Regular,Front-Wheel Drive,10.987,Hyundai,Automatic 4-spd,4.0,1.6
21211,Compact Cars,Regular,Front-Wheel Drive,10.987,Hyundai,Manual 5-spd,4.0,1.6
21212,Compact Cars,Premium,Rear-Wheel Drive,15.6957142857143,Mercedes-Benz,Manual 6-spd,6.0,3.0
21213,Compact Cars,Premium,4-Wheel Drive,19.3888235294118,Mercedes-Benz,Automatic 7-spd,8.0,5.5
21214,Compact Cars,Premium,Rear-Wheel Drive,20.600625,Mercedes-Benz,Automatic 7-spd,8.0,5.5
21215,Compact Cars,Regular,Front-Wheel Drive,13.1844,Pontiac,Automatic 4-spd,4.0,2.4
21216,Compact Cars,Gasoline or E85,Front-Wheel Drive,13.1844,Pontiac,Automatic 4-spd,4.0,2.4
21217,Compact Cars,Regular,Front-Wheel Drive,12.2077777777778,Ford,Manual 4-spd,4.0,1.6
21218,Two Seaters,Regular,Front-Wheel Drive,13.1844,Subaru,Manual 5-spd,4.0,1.8
21219,Compact Cars,Regular,Front-Wheel Drive,12.6773076923077,Pontiac,Automatic (S6),4.0,2.4
21220,Compact Cars,Gasoline or E85,Front-Wheel Drive,12.6773076923077,Pontiac,Automatic (S6),4.0,2.4
21221,Compact Cars,Gasoline or E85,Front-Wheel Drive,14.3308695652174,Pontiac,Automatic 4-spd,6.0,3.5
21222,Compact Cars,Regular,Front-Wheel Drive,14.9822727272727,Pontiac,Automatic 4-spd,6.0,3.5
21223,Compact Cars,Regular,Front-Wheel Drive,16.4805,Pontiac,Automatic (S6),6.0,3.6
21224,Compact Cars,Regular,Front-Wheel Drive,18.3116666666667,Pontiac,Automatic (S4),6.0,3.6
21225,Compact Cars,Premium,Front-Wheel Drive,15.6957142857143,Volkswagen,Automatic (S6),6.0,3.6
21226,Compact Cars,Premium,All-Wheel Drive,16.4805,Volkswagen,Automatic (S6),6.0,3.6
21227,Compact Cars,Premium,Front-Wheel Drive,12.2077777777778,Volkswagen,Automatic (S6),4.0,2.0
21228,Compact Cars,Premium,Front-Wheel Drive,12.2077777777778,Volkswagen,Automatic (S6),4.0,2.0
21229,Two Seaters,Regular,Front-Wheel Drive,13.1844,Subaru,Manual 5-spd,4.0,1.8
21230,Compact Cars,Regular,Front-Wheel Drive,13.73375,Volvo,Manual 5-spd,5.0,2.4
21231,Compact Cars,Regular,Front-Wheel Drive,13.73375,Volvo,Automatic (S5),5.0,2.4
21232,Compact Cars,Regular,All-Wheel Drive,14.9822727272727,Volvo,Manual 6-spd,5.0,2.5
21233,Compact Cars,Regular,Front-Wheel Drive,13.73375,Volvo,Manual 6-spd,5.0,2.5
21234,Compact Cars,Regular,Front-Wheel Drive,13.73375,Volvo,Manual 5-spd,5.0,2.4
21235,Midsize Cars,Regular,Front-Wheel Drive,16.4805,Buick,Automatic (S6),6.0,3.0
21236,Midsize Cars,Premium,4-Wheel Drive,17.3478947368421,Mercedes-Benz,Automatic 7-spd,6.0,3.5
21237,Midsize Cars,Premium,Rear-Wheel Drive,18.3116666666667,Mercedes-Benz,Automatic 7-spd,8.0,5.5
21238,Midsize Cars,Premium,4-Wheel Drive,18.3116666666667,Mercedes-Benz,Automatic 7-spd,8.0,5.5
21239,Large Cars,Regular,All-Wheel Drive,17.3478947368421,Chrysler,Automatic 5-spd,6.0,3.5
21240,Two Seaters,Regular,Rear-Wheel Drive,13.1844,Toyota,Automatic 4-spd,4.0,1.6
21241,Large Cars,Regular,Rear-Wheel Drive,15.6957142857143,Chrysler,Automatic 4-spd,6.0,2.7
21242,Large Cars,Regular,Rear-Wheel Drive,16.4805,Chrysler,Automatic 4-spd,6.0,3.5
21243,Large Cars,Regular,Rear-Wheel Drive,15.6957142857143,Dodge,Automatic 4-spd,6.0,2.7
21244,Large Cars,Regular,Rear-Wheel Drive,16.4805,Dodge,Automatic 4-spd,6.0,3.5
21245,Large Cars,Regular,All-Wheel Drive,17.3478947368421,Dodge,Automatic 5-spd,6.0,3.5
21246,Large Cars,Gasoline or E85,Rear-Wheel Drive,17.3478947368421,Ford,Automatic 4-spd,8.0,4.6
21247,Large Cars,Gasoline or E85,Rear-Wheel Drive,17.3478947368421,Mercury,Automatic 4-spd,8.0,4.6
21248,Large Cars,Gasoline or E85,Rear-Wheel Drive,17.3478947368421,Lincoln,Automatic 4-spd,8.0,4.6
21249,Large Cars,Premium,4-Wheel Drive,19.3888235294118,Mercedes-Benz,Automatic 7-spd,8.0,5.5
21250,Two Seaters,Regular,Rear-Wheel Drive,13.1844,Toyota,Manual 5-spd,4.0,1.6
21251,Large Cars,Premium,Rear-Wheel Drive,25.3546153846154,Mercedes-Benz,Automatic 5-spd,12.0,5.5
21252,Large Cars,Premium,Rear-Wheel Drive,23.5435714285714,Mercedes-Benz,Automatic 7-spd,8.0,6.3
21253,Large Cars,Premium,Rear-Wheel Drive,25.3546153846154,Mercedes-Benz,Automatic 5-spd,12.0,6.0
21254,Large Cars,Premium,Rear-Wheel Drive,15.6957142857143,Mercedes-Benz,Automatic 7-spd,6.0,3.5
21255,Small Station Wagons,Regular,All-Wheel Drive,14.9822727272727,Volvo,Manual 6-spd,5.0,2.5
21256,Small Station Wagons,Regular,Front-Wheel Drive,13.73375,Volvo,Manual 6-spd,5.0,2.5
21257,Small Station Wagons,Regular,Front-Wheel Drive,13.73375,Volvo,Automatic (S5),5.0,2.5
21258,Small Pickup Trucks 2WD,Regular,Rear-Wheel Drive,15.6957142857143,Chevrolet,Automatic 4-spd,4.0,2.9
21259,Small Pickup Trucks 2WD,Regular,Rear-Wheel Drive,15.6957142857143,Chevrolet,Manual 5-spd,4.0,2.9
21260,Small Pickup Trucks 2WD,Regular,Rear-Wheel Drive,17.3478947368421,Chevrolet,Automatic 4-spd,5.0,3.7
21261,Minicompact Cars,Regular,Rear-Wheel Drive,17.3478947368421,Alfa Romeo,Manual 5-spd,6.0,2.5
21262,Small Pickup Trucks 2WD,Regular,Rear-Wheel Drive,19.3888235294118,Chevrolet,Automatic 4-spd,5.0,3.7
21263,Small Pickup Trucks 2WD,Regular,Rear-Wheel Drive,15.6957142857143,Chevrolet,Automatic 4-spd,4.0,2.9
21264,Small Pickup Trucks 2WD,Regular,Rear-Wheel Drive,15.6957142857143,Chevrolet,Manual 5-spd,4.0,2.9
21265,Small Pickup Trucks 2WD,Regular,Rear-Wheel Drive,17.3478947368421,Chevrolet,Automatic 4-spd,5.0,3.7
21266,Small Pickup Trucks 2WD,Regular,Rear-Wheel Drive,15.6957142857143,GMC,Automatic 4-spd,4.0,2.9
21267,Small Pickup Trucks 2WD,Regular,Rear-Wheel Drive,15.6957142857143,GMC,Manual 5-spd,4.0,2.9
21268,Small Pickup Trucks 2WD,Regular,Rear-Wheel Drive,17.3478947368421,GMC,Automatic 4-spd,5.0,3.7
21269,Small Pickup Trucks 2WD,Regular,Rear-Wheel Drive,19.3888235294118,GMC,Automatic 4-spd,5.0,3.7
21270,Small Pickup Trucks 2WD,Regular,Rear-Wheel Drive,15.6957142857143,GMC,Automatic 4-spd,4.0,2.9
21271,Small Pickup Trucks 2WD,Regular,Rear-Wheel Drive,15.6957142857143,GMC,Manual 5-spd,4.0,2.9
21272,Minicompact Cars,Regular,Front-Wheel Drive,7.01297872340426,Chevrolet,Manual 5-spd,3.0,1.0
21273,Small Pickup Trucks 2WD,Regular,Rear-Wheel Drive,17.3478947368421,GMC,Automatic 4-spd,5.0,3.7
21274,Small Pickup Trucks 4WD,Regular,4-Wheel Drive,16.4805,Chevrolet,Automatic 4-spd,4.0,2.9
21275,Small Pickup Trucks 4WD,Regular,4-Wheel Drive,16.4805,Chevrolet,Manual 5-spd,4.0,2.9
21276,Small Pickup Trucks 4WD,Regular,4-Wheel Drive,17.3478947368421,Chevrolet,Automatic 4-spd,5.0,3.7
21277,Small Pickup Trucks 4WD,Regular,4-Wheel Drive,18.3116666666667,Chevrolet,Automatic 4-spd,5.0,3.7
21278,Small Pickup Trucks 4WD,Regular,4-Wheel Drive,18.3116666666667,Chevrolet,Automatic 4-spd,5.0,3.7
21279,Small Pickup Trucks 4WD,Regular,4-Wheel Drive,16.4805,GMC,Automatic 4-spd,4.0,2.9
21280,Small Pickup Trucks 4WD,Regular,4-Wheel Drive,16.4805,GMC,Manual 5-spd,4.0,2.9
21281,Small Pickup Trucks 4WD,Regular,4-Wheel Drive,17.3478947368421,GMC,Automatic 4-spd,5.0,3.7
21282,Small Pickup Trucks 4WD,Regular,4-Wheel Drive,18.3116666666667,GMC,Automatic 4-spd,5.0,3.7
21283,Minicompact Cars,Regular,Front-Wheel Drive,9.69441176470588,Chevrolet,Manual 5-spd,3.0,1.0
21284,Standard Pickup Trucks 4WD,Regular,4-Wheel Drive,20.600625,Hummer,Automatic 4-spd,5.0,3.7
21285,Standard Pickup Trucks 4WD,Regular,4-Wheel Drive,21.974,Hummer,Manual 5-spd,5.0,3.7
21286,Minivan - 2WD,Regular,Front-Wheel Drive,17.3478947368421,Hyundai,Automatic 5-spd,6.0,3.8
21287,Minivan - 2WD,Regular,Front-Wheel Drive,17.3478947368421,Kia,Automatic 5-spd,6.0,3.8
21288,Sport Utility Vehicle - 2WD,Premium,Front-Wheel Drive,15.6957142857143,Acura,Automatic (S5),4.0,2.3
21289,Sport Utility Vehicle - 2WD,Premium,Rear-Wheel Drive,18.3116666666667,Mercedes-Benz,Automatic 7-spd,6.0,3.5
21290,Sport Utility Vehicle - 4WD,Premium,All-Wheel Drive,17.3478947368421,Acura,Automatic (S5),4.0,2.3
21291,Sport Utility Vehicle - 4WD,Premium,All-Wheel Drive,16.4805,Audi,Automatic (S6),6.0,3.2
21292,Sport Utility Vehicle - 4WD,Premium,All-Wheel Drive,20.600625,Audi,Automatic (S6),6.0,3.6
21293,Minicompact Cars,Regular,Rear-Wheel Drive,25.3546153846154,Ferrari,Manual 5-spd,8.0,3.2
21294,Sport Utility Vehicle - 4WD,Regular,4-Wheel Drive,20.600625,Hummer,Automatic 4-spd,5.0,3.7
21295,Sport Utility Vehicle - 4WD,Regular,4-Wheel Drive,21.974,Hummer,Manual 5-spd,5.0,3.7
21296,Sport Utility Vehicle - 4WD,Regular,4-Wheel Drive,20.600625,Jeep,Automatic 5-spd,6.0,3.7
21297,Sport Utility Vehicle - 4WD,Premium,4-Wheel Drive,23.5435714285714,Mercedes-Benz,Automatic 7-spd,8.0,4.7
21298,Sport Utility Vehicle - 4WD,Premium,4-Wheel Drive,23.5435714285714,Mercedes-Benz,Automatic 7-spd,8.0,5.5
21299,Sport Utility Vehicle - 4WD,Premium,4-Wheel Drive,19.3888235294118,Mercedes-Benz,Automatic 7-spd,6.0,3.5
21300,Sport Utility Vehicle - 4WD,Premium,4-Wheel Drive,21.974,Mercedes-Benz,Automatic 7-spd,8.0,5.5
21301,Sport Utility Vehicle - 4WD,Premium,All-Wheel Drive,20.600625,Volkswagen,Automatic (S6),6.0,3.6
21302,Sport Utility Vehicle - 2WD,Regular,Front-Wheel Drive,13.1844,Jeep,Manual 5-spd,4.0,2.0
21303,Minicompact Cars,Regular,Rear-Wheel Drive,25.3546153846154,Maserati,Automatic 3-spd,6.0,2.5
21304,Sport Utility Vehicle - 2WD,Regular,Front-Wheel Drive,14.9822727272727,Toyota,Automatic (S6),4.0,2.7
21305,Sport Utility Vehicle - 2WD,Regular,Front-Wheel Drive,13.73375,Toyota,Automatic (S6),4.0,2.7
21306,Sport Utility Vehicle - 4WD,Regular,All-Wheel Drive,14.3308695652174,Toyota,Automatic (S6),4.0,2.7
21307,Special Purpose Vehicles,Regular,Rear-Wheel Drive,16.4805,Jeep,Manual 5-spd,4.0,2.5
21308,Special Purpose Vehicles,Regular,4-Wheel Drive,18.3116666666667,Jeep,Manual 5-spd,4.0,2.5
21309,Special Purpose Vehicles,Regular,Rear-Wheel Drive,19.3888235294118,Jeep,Manual 5-spd,6.0,4.0
21310,Special Purpose Vehicles,Regular,Rear-Wheel Drive,20.600625,Jeep,Auto(L4),6.0,4.0
21311,Special Purpose Vehicles,Regular,4-Wheel Drive,20.600625,Jeep,Manual 5-spd,6.0,4.0
21312,Special Purpose Vehicles,Regular,4-Wheel Drive,21.974,Jeep,Auto(L4),6.0,4.0
21313,Special Purpose Vehicles,Regular,4-Wheel Drive,18.3116666666667,Jeep,Manual 5-spd,4.0,2.5
21314,Minicompact Cars,Regular,Rear-Wheel Drive,23.5435714285714,Maserati,Manual 5-spd,6.0,2.5
21315,Special Purpose Vehicles,Regular,4-Wheel Drive,20.600625,Jeep,Auto(L3),4.0,2.5
21316,Special Purpose Vehicles,Regular,4-Wheel Drive,20.600625,Jeep,Manual 5-spd,6.0,4.0
21317,Special Purpose Vehicles,Regular,4-Wheel Drive,21.974,Jeep,Auto(L3),6.0,4.0
21318,Two Seaters,Premium,All-Wheel Drive,23.5435714285714,Bentley,Automatic (S6),12.0,6.0
21319,Two Seaters,Premium,All-Wheel Drive,29.9645454545455,Lamborghini,Auto(AM7),12.0,6.5
21320,Two Seaters,Premium,Rear-Wheel Drive,20.600625,Porsche,Manual 6-spd,6.0,3.8
21321,Two Seaters,Premium,Rear-Wheel Drive,20.600625,Porsche,Manual 6-spd,6.0,3.8
21322,Subcompact Cars,Premium,Rear-Wheel Drive,16.4805,Mercedes-Benz,Automatic 7-spd,6.0,3.5
21323,Compact Cars,Premium or E85,Rear-Wheel Drive,15.6957142857143,Mercedes-Benz,Automatic 7-spd,6.0,3.0
21324,Compact Cars,Premium,Rear-Wheel Drive,15.6957142857143,Mercedes-Benz,Automatic 7-spd,6.0,3.5
21325,Compact Cars,Regular,Front-Wheel Drive,9.98818181818182,Ford,Manual 4-spd,4.0,1.6
21326,Minicompact Cars,Regular,Front-Wheel Drive,9.69441176470588,Pontiac,Manual 5-spd,3.0,1.0
21327,Compact Cars,Premium or E85,4-Wheel Drive,16.4805,Mercedes-Benz,Automatic 7-spd,6.0,3.0
21328,Compact Cars,Premium,4-Wheel Drive,16.4805,Mercedes-Benz,Automatic 7-spd,6.0,3.5
21329,Compact Cars,Premium,Rear-Wheel Drive,16.4805,Mercedes-Benz,Automatic 7-spd,6.0,3.5
21330,Compact Cars,Premium,Rear-Wheel Drive,23.5435714285714,Mercedes-Benz,Automatic 5-spd,12.0,5.5
21331,Compact Cars,Premium,Rear-Wheel Drive,23.5435714285714,Mercedes-Benz,Automatic 7-spd,8.0,6.3
21332,Compact Cars,Premium,Rear-Wheel Drive,25.3546153846154,Mercedes-Benz,Automatic 5-spd,12.0,6.0
21333,Minicompact Cars,Premium,Rear-Wheel Drive,18.3116666666667,Porsche,Manual 5-spd,6.0,3.2
21334,Midsize Cars,Regular,4-Wheel or All-Wheel Drive,17.3478947368421,Buick,Automatic (S6),6.0,3.0
21335,Midsize Cars,Premium,Rear-Wheel Drive,15.6957142857143,Mercedes-Benz,Automatic 7-spd,6.0,3.5
21336,Large Cars,Premium,Rear-Wheel Drive,23.5435714285714,Maserati,Automatic 6-spd,8.0,4.7
21337,Large Cars,Premium,Rear-Wheel Drive,18.3116666666667,Mercedes-Benz,Automatic 7-spd,8.0,5.5
21338,Small Pickup Trucks 2WD,Regular,Rear-Wheel Drive,19.3888235294118,Chevrolet,Automatic 4-spd,8.0,5.3
21339,Small Pickup Trucks 2WD,Regular,Rear-Wheel Drive,19.3888235294118,Chevrolet,Automatic 4-spd,8.0,5.3
21340,Small Pickup Trucks 2WD,Regular,Rear-Wheel Drive,19.3888235294118,GMC,Automatic 4-spd,8.0,5.3
21341,Minicompact Cars,Premium,Rear-Wheel Drive,19.3888235294118,Porsche,Manual 4-spd,6.0,3.3
21342,Small Pickup Trucks 2WD,Regular,Rear-Wheel Drive,19.3888235294118,GMC,Automatic 4-spd,8.0,5.3
21343,Small Pickup Trucks 4WD,Regular,4-Wheel Drive,20.600625,Chevrolet,Automatic 4-spd,8.0,5.3
21344,Small Pickup Trucks 4WD,Regular,4-Wheel Drive,20.600625,Chevrolet,Automatic 4-spd,8.0,5.3
21345,Small Pickup Trucks 4WD,Regular,4-Wheel Drive,20.600625,GMC,Automatic 4-spd,8.0,5.3
21346,Small Pickup Trucks 4WD,Regular,4-Wheel Drive,18.3116666666667,GMC,Automatic 4-spd,5.0,3.7
21347,Small Pickup Trucks 4WD,Regular,4-Wheel Drive,20.600625,GMC,Automatic 4-spd,8.0,5.3
21348,Standard Pickup Trucks 4WD,Gasoline or E85,4-Wheel Drive,23.5435714285714,Hummer,Automatic 4-spd,8.0,5.3
21349,"Vans, Cargo Type",Gasoline or E85,Rear-Wheel Drive,21.974,Chevrolet,Automatic 4-spd,8.0,5.3
21350,"Vans, Cargo Type",Gasoline or E85,Rear-Wheel Drive,23.5435714285714,Chevrolet,Automatic 4-spd,8.0,5.3
21351,"Vans, Cargo Type",Gasoline or E85,All-Wheel Drive,23.5435714285714,Chevrolet,Automatic 4-spd,8.0,5.3
21352,Minicompact Cars,Premium,Rear-Wheel Drive,20.600625,Porsche,Automatic 4-spd,8.0,5.0
21353,"Vans, Cargo Type",Gasoline or E85,All-Wheel Drive,23.5435714285714,Chevrolet,Automatic 4-spd,8.0,5.3
21354,"Vans, Cargo Type",Gasoline or E85,Rear-Wheel Drive,21.974,GMC,Automatic 4-spd,8.0,5.3
21355,"Vans, Cargo Type",Gasoline or E85,Rear-Wheel Drive,23.5435714285714,GMC,Automatic 4-spd,8.0,5.3
21356,"Vans, Cargo Type",Gasoline or E85,All-Wheel Drive,23.5435714285714,GMC,Automatic 4-spd,8.0,5.3
21357,"Vans, Cargo Type",Gasoline or E85,All-Wheel Drive,23.5435714285714,GMC,Automatic 4-spd,8.0,5.3
21358,"Vans, Passenger Type",Gasoline or E85,Rear-Wheel Drive,23.5435714285714,Chevrolet,Automatic 4-spd,8.0,5.3
21359,"Vans, Passenger Type",Gasoline or E85,All-Wheel Drive,23.5435714285714,Chevrolet,Automatic 4-spd,8.0,5.3
21360,"Vans, Passenger Type",Gasoline or E85,Rear-Wheel Drive,23.5435714285714,GMC,Automatic 4-spd,8.0,5.3
21361,"Vans, Passenger Type",Gasoline or E85,All-Wheel Drive,23.5435714285714,GMC,Automatic 4-spd,8.0,5.3
21362,Sport Utility Vehicle - 2WD,Regular,Front-Wheel Drive,14.3308695652174,Ford,Automatic 6-spd,4.0,2.5
21363,Minicompact Cars,Premium,Rear-Wheel Drive,20.600625,Porsche,Manual 5-spd,8.0,5.0
21364,Sport Utility Vehicle - 2WD,Regular,Front-Wheel Drive,13.73375,Ford,Manual 5-spd,4.0,2.5
21365,Sport Utility Vehicle - 2WD,Gasoline or E85,Front-Wheel Drive,15.6957142857143,Ford,Automatic 6-spd,6.0,3.0
21366,Sport Utility Vehicle - 2WD,Regular,Front-Wheel Drive,10.3003125,Ford,Automatic (variable gear ratios),4.0,2.5
21367,Sport Utility Vehicle - 2WD,Regular,Rear-Wheel Drive,20.600625,Jeep,Automatic 5-spd,6.0,3.7
21368,Sport Utility Vehicle - 2WD,Regular,Front-Wheel Drive,14.3308695652174,Mazda,Automatic 6-spd,4.0,2.5
21369,Sport Utility Vehicle - 2WD,Regular,Front-Wheel Drive,13.73375,Mazda,Manual 5-spd,4.0,2.5
21370,Sport Utility Vehicle - 2WD,Gasoline or E85,Front-Wheel Drive,15.6957142857143,Mazda,Automatic 6-spd,6.0,3.0
21371,Sport Utility Vehicle - 2WD,Regular,Front-Wheel Drive,10.3003125,Mazda,Automatic (variable gear ratios),4.0,2.5
21372,Sport Utility Vehicle - 2WD,Regular,Front-Wheel Drive,14.3308695652174,Mercury,Automatic 6-spd,4.0,2.5
21373,Sport Utility Vehicle - 2WD,Gasoline or E85,Front-Wheel Drive,15.6957142857143,Mercury,Automatic 6-spd,6.0,3.0
21374,Minicompact Cars,Regular,Rear-Wheel Drive,17.3478947368421,Porsche,Automatic 3-spd,4.0,2.5
21375,Sport Utility Vehicle - 2WD,Regular,Front-Wheel Drive,10.3003125,Mercury,Automatic (variable gear ratios),4.0,2.5
21376,Sport Utility Vehicle - 4WD,Premium,All-Wheel Drive,23.5435714285714,BMW,Automatic (S6),8.0,4.4
21377,Sport Utility Vehicle - 4WD,Premium,All-Wheel Drive,23.5435714285714,BMW,Automatic (S6),8.0,4.4
21378,Sport Utility Vehicle - 4WD,Regular,4-Wheel Drive,14.9822727272727,Ford,Automatic 6-spd,4.0,2.5
21379,Sport Utility Vehicle - 4WD,Gasoline or E85,4-Wheel Drive,16.4805,Ford,Automatic 6-spd,6.0,3.0
21380,Sport Utility Vehicle - 4WD,Regular,4-Wheel Drive,11.3658620689655,Ford,Automatic (variable gear ratios),4.0,2.5
21381,Sport Utility Vehicle - 4WD,Gasoline or E85,4-Wheel Drive,23.5435714285714,Hummer,Automatic 4-spd,8.0,5.3
21382,Sport Utility Vehicle - 4WD,Regular,4-Wheel Drive,14.3308695652174,Mazda,Automatic 6-spd,4.0,2.5
21383,Sport Utility Vehicle - 4WD,Gasoline or E85,4-Wheel Drive,16.4805,Mazda,Automatic 6-spd,6.0,3.0
21384,Sport Utility Vehicle - 4WD,Regular,4-Wheel Drive,11.3658620689655,Mazda,Automatic (variable gear ratios),4.0,2.5
21385,Minicompact Cars,Regular,Rear-Wheel Drive,15.6957142857143,Porsche,Manual 5-spd,4.0,2.5
21386,Sport Utility Vehicle - 4WD,Premium,4-Wheel Drive,18.3116666666667,Mercedes-Benz,Automatic 7-spd,6.0,3.5
21387,Sport Utility Vehicle - 4WD,Premium,4-Wheel Drive,27.4675,Mercedes-Benz,Automatic 7-spd,8.0,6.3
21388,Sport Utility Vehicle - 4WD,Regular,4-Wheel Drive,14.9822727272727,Mercury,Automatic 6-spd,4.0,2.5
21389,Sport Utility Vehicle - 4WD,Gasoline or E85,4-Wheel Drive,16.4805,Mercury,Automatic 6-spd,6.0,3.0
21390,Sport Utility Vehicle - 4WD,Regular,4-Wheel Drive,11.3658620689655,Mercury,Automatic (variable gear ratios),4.0,2.5
21391,Vans,Regular,Rear-Wheel Drive,27.4675,Chevrolet,Automatic 4-spd,8.0,5.7
21392,Vans,Regular,Rear-Wheel Drive,27.4675,Chevrolet,Automatic 4-spd,8.0,5.7
21393,Vans,Regular,Rear-Wheel Drive,27.4675,GMC,Automatic 4-spd,8.0,5.7
21394,Vans,Regular,Rear-Wheel Drive,27.4675,Chevrolet,Automatic 4-spd,8.0,5.7
21395,Vans,Regular,Rear-Wheel Drive,27.4675,GMC,Automatic 4-spd,8.0,5.7
21396,Minicompact Cars,Regular,Rear-Wheel Drive,17.3478947368421,Porsche,Automatic 3-spd,4.0,2.5
21397,Standard Pickup Trucks,Regular,2-Wheel Drive,18.3116666666667,Isuzu,Manual 5-spd,4.0,2.6
21398,Subcompact Cars,Regular,4-Wheel Drive,13.73375,Subaru,Manual 5-spd,,
21399,Subcompact Cars,Regular,4-Wheel Drive,14.3308695652174,Subaru,Manual 5-spd,,
21400,Two Seaters,Premium,Rear-Wheel Drive,15.6957142857143,Mercedes-Benz,Automatic 7-spd,6.0,3.5
21401,Two Seaters,Premium,Rear-Wheel Drive,16.4805,Mercedes-Benz,Manual 6-spd,6.0,3.5
21402,Two Seaters,Premium,Rear-Wheel Drive,16.4805,Mercedes-Benz,Automatic 7-spd,6.0,3.5
21403,Two Seaters,Premium,Rear-Wheel Drive,19.3888235294118,Mercedes-Benz,Automatic 7-spd,8.0,5.5
21404,Minicompact Cars,Premium,Rear-Wheel Drive,17.3478947368421,Lexus,Automatic (S6),8.0,4.3
21405,Minicompact Cars,Premium,Rear-Wheel Drive,17.3478947368421,Porsche,Manual 5-spd,4.0,2.5
21406,Minicompact Cars,Regular,Front-Wheel Drive,14.3308695652174,Volkswagen,Automatic (S6),5.0,2.5
21407,Subcompact Cars,Regular,Front-Wheel Drive,14.3308695652174,Saab,Manual 6-spd,4.0,2.0
21408,Subcompact Cars,Regular,Front-Wheel Drive,14.9822727272727,Saab,Automatic (S5),4.0,2.0
21409,Subcompact Cars,Premium,Rear-Wheel Drive,21.974,Maserati,Automatic 6-spd,8.0,4.2
21410,Subcompact Cars,Premium,Rear-Wheel Drive,21.974,Maserati,Automatic 6-spd,8.0,4.7
21411,Subcompact Cars,Premium,All-Wheel Drive,14.9822727272727,Lexus,Automatic (S6),6.0,2.5
21412,Subcompact Cars,Premium,Rear-Wheel Drive,18.3116666666667,Lexus,Automatic (S8),8.0,5.0
21413,Compact Cars,Regular,Front-Wheel Drive,14.3308695652174,Chrysler,Automatic 4-spd,4.0,2.4
21414,Compact Cars,Regular,Front-Wheel Drive,16.4805,Chrysler,Automatic 6-spd,6.0,3.5
21415,Compact Cars,Regular,All-Wheel Drive,14.3308695652174,Saab,Manual 6-spd,4.0,2.0
21416,Minicompact Cars,Premium,Rear-Wheel Drive,16.4805,Porsche,Manual 5-spd,4.0,2.5
21417,Compact Cars,Regular,All-Wheel Drive,15.6957142857143,Saab,Automatic (S6),4.0,2.0
21418,Compact Cars,Premium,All-Wheel Drive,14.9822727272727,Saab,Automatic (S5),4.0,2.0
21419,Compact Cars,Regular,Front-Wheel Drive,13.73375,Saab,Manual 6-spd,4.0,2.0
21420,Compact Cars,Regular,Front-Wheel Drive,14.9822727272727,Saab,Automatic (S5),4.0,2.0
21421,Compact Cars,Premium,Rear-Wheel Drive,21.974,Mercedes-Benz,Automatic 7-spd,8.0,6.3
21422,Compact Cars,Premium,Rear-Wheel Drive,23.5435714285714,Mercedes-Benz,Automatic 7-spd,8.0,6.3
21423,Midsize Cars,Regular,Front-Wheel Drive,13.73375,Dodge,Automatic 4-spd,4.0,2.4
21424,Midsize Cars,Regular,Front-Wheel Drive,16.4805,Dodge,Automatic 6-spd,6.0,3.5
21425,Midsize Cars,Regular,Front-Wheel Drive,13.73375,Chrysler,Automatic 4-spd,4.0,2.4
21426,Midsize Cars,Regular,Front-Wheel Drive,16.4805,Chrysler,Automatic 6-spd,6.0,3.5
21427,Compact Cars,Regular,Front-Wheel Drive,12.6773076923077,Ford,Manual 5-spd,4.0,1.6
21428,Minicompact Cars,Premium,Rear-Wheel Drive,23.5435714285714,Excalibur Autos,Automatic 4-spd,8.0,5.0
21429,Midsize Cars,Regular,Front-Wheel Drive,15.6957142857143,Buick,Automatic (S6),6.0,3.6
21430,Midsize Cars,Regular,Front-Wheel Drive,11.3658620689655,Hyundai,Automatic 4-spd,4.0,2.0
21431,Midsize Cars,Regular,Front-Wheel Drive,11.3658620689655,Hyundai,Manual 5-spd,4.0,2.0
21432,Midsize Cars,Premium,Front-Wheel Drive,14.9822727272727,Lexus,Automatic (S6),6.0,3.5
21433,Large Cars,Premium,Rear-Wheel Drive,23.5435714285714,Maserati,Automatic 6-spd,8.0,4.2
21434,Midsize Cars,Premium,Rear-Wheel Drive,21.974,Mercedes-Benz,Automatic 7-spd,8.0,6.3
21435,Large Cars,Regular,Front-Wheel Drive,14.3308695652174,Toyota,Automatic (S6),6.0,3.5
21436,Small Station Wagons,Regular,Front-Wheel Drive,13.73375,Saab,Manual 6-spd,4.0,2.0
21437,Small Station Wagons,Regular,Front-Wheel Drive,14.9822727272727,Saab,Automatic (S5),4.0,2.0
21438,Small Station Wagons,Regular,All-Wheel Drive,14.3308695652174,Saab,Manual 6-spd,4.0,2.0
21439,Minicompact Cars,Regular,Front-Wheel Drive,9.69441176470588,Suzuki,Manual 5-spd,3.0,1.0
21440,Small Station Wagons,Regular,All-Wheel Drive,14.9822727272727,Saab,Automatic (S5),4.0,2.0
21441,Small Station Wagons,Regular,All-Wheel Drive,15.6957142857143,Saab,Automatic (S6),4.0,2.0
21442,Small Pickup Trucks 2WD,Regular,Rear-Wheel Drive,17.3478947368421,Suzuki,Automatic 5-spd,4.0,2.5
21443,Small Pickup Trucks 2WD,Regular,Rear-Wheel Drive,15.6957142857143,Suzuki,Manual 5-spd,4.0,2.5
21444,Small Pickup Trucks 2WD,Regular,Rear-Wheel Drive,19.3888235294118,Suzuki,Automatic 5-spd,6.0,4.0
21445,Small Pickup Trucks 2WD,Regular,Rear-Wheel Drive,17.3478947368421,Nissan,Automatic 5-spd,4.0,2.5
21446,Small Pickup Trucks 2WD,Regular,Rear-Wheel Drive,15.6957142857143,Nissan,Manual 5-spd,4.0,2.5
21447,Small Pickup Trucks 2WD,Regular,Rear-Wheel Drive,19.3888235294118,Nissan,Automatic 5-spd,6.0,4.0
21448,Small Pickup Trucks 2WD,Regular,Rear-Wheel Drive,19.3888235294118,Nissan,Manual 6-spd,6.0,4.0
21449,Small Pickup Trucks 2WD,Regular,Rear-Wheel Drive,15.6957142857143,Toyota,Automatic 4-spd,4.0,2.7
21450,Minicompact Cars,Regular,Front-Wheel Drive,12.6773076923077,Toyota,Automatic 4-spd,4.0,2.0
21451,Small Pickup Trucks 2WD,Regular,Rear-Wheel Drive,14.9822727272727,Toyota,Manual 5-spd,4.0,2.7
21452,Small Pickup Trucks 2WD,Regular,Rear-Wheel Drive,18.3116666666667,Toyota,Automatic 5-spd,6.0,4.0
21453,Small Pickup Trucks 2WD,Regular,Rear-Wheel Drive,20.600625,Toyota,Manual 6-spd,6.0,4.0
21454,Small Pickup Trucks 4WD,Regular,4-Wheel Drive,20.600625,Suzuki,Automatic 5-spd,6.0,4.0
21455,Small Pickup Trucks 4WD,Regular,4-Wheel Drive,20.600625,Nissan,Automatic 5-spd,6.0,4.0
21456,Small Pickup Trucks 4WD,Regular,4-Wheel Drive,19.3888235294118,Nissan,Manual 6-spd,6.0,4.0
21457,Small Pickup Trucks 4WD,Regular,Part-time 4-Wheel Drive,17.3478947368421,Toyota,Manual 5-spd,4.0,2.7
21458,Small Pickup Trucks 4WD,Regular,Part-time 4-Wheel Drive,18.3116666666667,Toyota,Automatic 5-spd,6.0,4.0
21459,Small Pickup Trucks 4WD,Regular,Part-time 4-Wheel Drive,21.974,Toyota,Manual 6-spd,6.0,4.0
21460,Sport Utility Vehicle - 2WD,Regular,Rear-Wheel Drive,18.3116666666667,Jeep,Automatic 4-spd,6.0,3.7
21461,Minicompact Cars,Regular,Front-Wheel Drive,12.6773076923077,Toyota,Manual 5-spd,4.0,2.0
21462,Sport Utility Vehicle - 2WD,Regular,Rear-Wheel Drive,18.3116666666667,Dodge,Automatic 4-spd,6.0,3.7
21463,Sport Utility Vehicle - 2WD,Regular,Rear-Wheel Drive,19.3888235294118,Jeep,Automatic 4-spd,6.0,3.8
21464,Sport Utility Vehicle - 2WD,Premium,Rear-Wheel Drive,19.3888235294118,Nissan,Automatic (S5),6.0,4.0
21465,Sport Utility Vehicle - 2WD,Premium,Rear-Wheel Drive,18.3116666666667,Nissan,Automatic 5-spd,6.0,4.0
21466,Sport Utility Vehicle - 2WD,Regular,Rear-Wheel Drive,19.3888235294118,Nissan,Automatic 5-spd,6.0,4.0
21467,Sport Utility Vehicle - 2WD,Regular,Rear-Wheel Drive,18.3116666666667,Nissan,Manual 6-spd,6.0,4.0
21468,Sport Utility Vehicle - 4WD,Regular,4-Wheel Drive,19.3888235294118,Jeep,Automatic 4-spd,6.0,3.7
21469,Sport Utility Vehicle - 4WD,Regular,4-Wheel Drive,19.3888235294118,Dodge,Automatic 4-spd,6.0,3.7
21470,Sport Utility Vehicle - 4WD,Regular,4-Wheel Drive,19.3888235294118,Jeep,Automatic 4-spd,6.0,3.8
21471,Sport Utility Vehicle - 4WD,Regular,4-Wheel Drive,19.3888235294118,Jeep,Manual 6-spd,6.0,3.8
21472,Minicompact Cars,Regular,Front-Wheel Drive,15.6957142857143,Volkswagen,Automatic 3-spd,4.0,1.8
21473,Sport Utility Vehicle - 4WD,Diesel,4-Wheel Drive,20.115,Mercedes-Benz,Automatic 7-spd,6.0,3.0
21474,Sport Utility Vehicle - 4WD,Diesel,4-Wheel Drive,18.1992857142857,Mercedes-Benz,Automatic 7-spd,6.0,3.0
21475,Sport Utility Vehicle - 4WD,Premium,4-Wheel Drive,20.600625,Mercedes-Benz,Automatic 7-spd,6.0,3.5
21476,Sport Utility Vehicle - 4WD,Diesel,4-Wheel Drive,19.10925,Mercedes-Benz,Automatic 7-spd,6.0,3.0
21477,Sport Utility Vehicle - 4WD,Premium,4-Wheel Drive,20.600625,Nissan,Automatic 5-spd,6.0,4.0
21478,Sport Utility Vehicle - 4WD,Premium,4-Wheel Drive,23.5435714285714,Nissan,Automatic (S5),8.0,5.6
21479,Sport Utility Vehicle - 4WD,Regular,4-Wheel Drive,19.3888235294118,Nissan,Automatic 5-spd,6.0,4.0
21480,Sport Utility Vehicle - 4WD,Regular,4-Wheel Drive,19.3888235294118,Nissan,Manual 6-spd,6.0,4.0
21481,Sport Utility Vehicle - 4WD,Regular,4-Wheel Drive,21.974,Toyota,Automatic (S6),8.0,5.7
21482,Sport Utility Vehicle - 4WD,Premium,4-Wheel Drive,23.5435714285714,Lexus,Automatic (S6),8.0,5.7
21483,Minicompact Cars,Regular,Front-Wheel Drive,14.3308695652174,Volkswagen,Manual 5-spd,4.0,1.8
21484,Special Purpose Vehicles,Regular,Rear-Wheel Drive,25.3546153846154,Chevrolet,Automatic 4-spd,8.0,5.7
21485,Special Purpose Vehicles,Regular,Rear-Wheel Drive,25.3546153846154,GMC,Automatic 4-spd,8.0,5.7
21486,Small Pickup Trucks,Regular,Rear-Wheel Drive,18.3116666666667,Nissan,Automatic 4-spd,6.0,3.0
21487,"Vans, Cargo Type",Regular,Rear-Wheel Drive,27.4675,Chevrolet,Automatic 4-spd,8.0,5.7
21488,Special Purpose Vehicles,Regular,Rear-Wheel Drive,27.4675,GMC,Automatic 4-spd,8.0,5.7
21489,Minicompact Cars,Regular,Rear-Wheel Drive,15.6957142857143,Porsche,Manual 5-spd,4.0,2.5
21490,Minicompact Cars,Regular,Rear-Wheel Drive,17.3478947368421,Porsche,Automatic 3-spd,4.0,2.5
21491,Two Seaters,Regular,Rear-Wheel Drive,18.3116666666667,Mazda,Manual 5-spd,,1.3
21492,Minicompact Cars,Premium,Rear-Wheel Drive,25.3546153846154,Alfa Romeo,Automatic 6-spd,8.0,4.7
21493,Standard Pickup Trucks 2WD,Regular,Rear-Wheel Drive,21.974,Nissan,Automatic 5-spd,8.0,5.6
21494,Subcompact Cars,Regular,Rear-Wheel Drive,18.3116666666667,Alfa Romeo,Automatic 3-spd,6.0,2.5
21495,Standard Pickup Trucks 2WD,Gasoline or E85,Rear-Wheel Drive,21.974,Nissan,Automatic 5-spd,8.0,5.6
21496,Sport Utility Vehicle - 2WD,Premium,Rear-Wheel Drive,18.3116666666667,Nissan,Automatic 5-spd,6.0,4.0
21497,Standard Pickup Trucks/2wd,Regular,Rear-Wheel Drive,23.5435714285714,Chevrolet,Automatic 4-spd,8.0,5.7
21498,Standard Pickup Trucks/2wd,Regular,Rear-Wheel Drive,27.4675,Chevrolet,Automatic 4-spd,8.0,5.7
21499,Standard Pickup Trucks/2wd,Regular,Rear-Wheel Drive,23.5435714285714,GMC,Automatic 4-spd,8.0,5.7
21500,Standard Pickup Trucks/2wd,Regular,Rear-Wheel Drive,27.4675,GMC,Automatic 4-spd,8.0,5.7
21501,Vans Passenger,Regular,Rear-Wheel Drive,27.4675,GMC,Automatic 4-spd,8.0,5.7
21502,Subcompact Cars,Regular,Rear-Wheel Drive,17.3478947368421,Alfa Romeo,Manual 5-spd,6.0,2.5
21503,Standard Pickup Trucks,Regular,Rear-Wheel Drive,23.5435714285714,Ford,Automatic 4-spd,8.0,5.0
21504,Special Purpose Vehicles,Regular,4-Wheel Drive,29.9645454545455,Toyota,Manual 4-spd,6.0,4.2
21505,Special Purpose Vehicle 4WD,Regular,4-Wheel Drive,15.6957142857143,Honda,Automatic 4-spd,4.0,2.0
21506,Sport Utility Vehicle - 4WD,Regular,4-Wheel Drive,23.5435714285714,Land Rover,Automatic (S6),8.0,4.0
21507,Sport Utility Vehicle - 4WD,Regular,4-Wheel Drive,23.5435714285714,Land Rover,Automatic (S6),8.0,4.4
21508,Small Station Wagons,Regular,Front-Wheel Drive,14.9822727272727,Dodge,Manual 6-spd,4.0,2.4
21509,Special Purpose Vehicles/2wd,Regular,Rear-Wheel Drive,18.3116666666667,Mitsubishi,Automatic 4-spd,6.0,3.0
21510,Special Purpose Vehicles/4wd,Regular,4-Wheel Drive,19.3888235294118,Mitsubishi,Automatic 4-spd,6.0,3.0
21511,Special Purpose Vehicles/4wd,Regular,4-Wheel Drive,19.3888235294118,Mitsubishi,Manual 5-spd,6.0,3.0
21512,Subcompact Cars,Regular,Rear-Wheel Drive,17.3478947368421,Alfa Romeo,Manual 5-spd,6.0,3.0
21513,Special Purpose Vehicles/2wd,Regular,Rear-Wheel Drive,15.6957142857143,Mitsubishi,Manual 5-spd,4.0,2.4
21514,Two Seaters,Premium,Rear-Wheel Drive,17.3478947368421,Chevrolet,Automatic 4-spd,8.0,5.7
21515,Two Seaters,Premium,Rear-Wheel Drive,17.3478947368421,Chevrolet,Manual 6-spd,8.0,5.7
21516,Midsize Cars,Diesel,Rear-Wheel Drive,17.3720454545455,Mercedes-Benz,Automatic 4-spd,6.0,3.0
21517,Two Seaters,Premium,Rear-Wheel Drive,20.600625,Aston Martin,Auto(AM6),8.0,4.7
21518,Two Seaters,Premium,Rear-Wheel Drive,23.5435714285714,Aston Martin,Manual 6-spd,8.0,4.7
21519,Midsize Cars,Premium,Front-Wheel Drive,14.9822727272727,Audi,Automatic (variable gear ratios),6.0,3.2
21520,Midsize Cars,Regular,Rear-Wheel Drive,14.9822727272727,Cadillac,Automatic (S6),6.0,3.0
21521,Midsize Cars,Regular,All-Wheel Drive,15.6957142857143,Cadillac,Automatic (S6),6.0,3.0
21522,Midsize Cars,Premium,Front-Wheel Drive,14.9822727272727,Nissan,Automatic (AV-S6),6.0,3.5
21523,Subcompact Cars,Regular,Front-Wheel Drive,18.3116666666667,Audi,Automatic 3-spd,5.0,2.2
21524,Midsize Cars,Regular,Front-Wheel Drive,11.3658620689655,Nissan,Automatic (variable gear ratios),4.0,2.0
21525,Midsize Cars,Regular,Front-Wheel Drive,12.2077777777778,Nissan,Manual 6-spd,4.0,2.0
21526,Midsize Cars,Regular,Front-Wheel Drive,12.6773076923077,Nissan,Automatic (AV-S6),4.0,2.5
21527,Midsize Cars,Premium,Front-Wheel Drive,13.73375,Nissan,Manual 6-spd,4.0,2.5
21528,Small Station Wagons,Regular,Rear-Wheel Drive,14.9822727272727,Cadillac,Automatic (S6),6.0,3.0
21529,Small Station Wagons,Regular,All-Wheel Drive,15.6957142857143,Cadillac,Automatic (S6),6.0,3.0
21530,Standard Pickup Trucks 2WD,Regular,Rear-Wheel Drive,19.3888235294118,Dodge,Automatic 4-spd,6.0,3.7
21531,Standard Pickup Trucks 2WD,Regular,Rear-Wheel Drive,20.600625,Dodge,Automatic 4-spd,6.0,3.7
21532,Standard Pickup Trucks 4WD,Regular,All-Wheel Drive,19.3888235294118,Honda,Automatic 5-spd,6.0,3.5
21533,Sport Utility Vehicle - 2WD,Premium,Rear-Wheel Drive,18.3116666666667,Mercedes-Benz,Automatic 7-spd,6.0,3.5
21534,Compact Cars,Regular,Front-Wheel Drive,14.3308695652174,Ford,Automatic 3-spd,4.0,1.6
21535,Subcompact Cars,Regular,Front-Wheel Drive,17.3478947368421,Audi,Manual 5-spd,5.0,2.2
21536,Standard Pickup Trucks,Regular,Rear-Wheel Drive,19.3888235294118,Chevrolet,Manual 4-spd,6.0,4.3
21537,Standard Pickup Trucks,Regular,Rear-Wheel Drive,23.5435714285714,Chevrolet,Manual 4-spd,8.0,5.0
21538,Standard Pickup Trucks,Regular,Rear-Wheel Drive,20.600625,Ford,Manual 4-spd,6.0,4.9
21539,Standard Pickup Trucks,Regular,Rear-Wheel Drive,20.600625,Ford,Manual 4-spd,6.0,4.9
21540,Standard Pickup Trucks,Regular,Rear-Wheel Drive,29.9645454545455,Ford,Manual 4-spd,8.0,5.8
21541,Standard Pickup Trucks,Regular,Rear-Wheel Drive,19.3888235294118,GMC,Manual 4-spd,6.0,4.3
21542,Standard Pickup Trucks,Regular,Rear-Wheel Drive,23.5435714285714,GMC,Manual 4-spd,8.0,5.0
21543,Special Purpose Vehicle 4WD,Regular,4-Wheel or All-Wheel Drive,29.9645454545455,Dodge,Automatic 3-spd,8.0,5.2
21544,Standard Pickup Trucks 4WD,Regular,4-Wheel Drive,21.974,GMC,Automatic 4-spd,6.0,4.3
21545,"Vans, Cargo Type",Regular,Rear-Wheel Drive,27.4675,Dodge,Automatic 4-spd,8.0,5.2
21546,Subcompact Cars,Regular,Front-Wheel Drive,18.3116666666667,Audi,Automatic 3-spd,5.0,2.3
21547,"Vans, Cargo Type",Regular,Rear-Wheel Drive,27.4675,Dodge,Automatic 4-spd,8.0,5.2
21548,Standard Pickup Trucks,Regular,Rear-Wheel Drive,20.600625,Ford,Manual 4-spd,6.0,4.9
21549,Standard Pickup Trucks,Regular,Rear-Wheel Drive,20.600625,Ford,Manual 4-spd,6.0,4.9
21550,Standard Pickup Trucks,Regular,Rear-Wheel Drive,19.3888235294118,Chevrolet,Manual 4-spd,6.0,4.3
21551,Standard Pickup Trucks,Regular,Rear-Wheel Drive,23.5435714285714,Chevrolet,Manual 4-spd,8.0,5.0
21552,Standard Pickup Trucks,Regular,Rear-Wheel Drive,20.600625,Ford,Manual 4-spd,6.0,4.9
21553,Standard Pickup Trucks,Regular,Rear-Wheel Drive,19.3888235294118,GMC,Manual 4-spd,6.0,4.3
21554,Standard Pickup Trucks,Regular,Rear-Wheel Drive,23.5435714285714,GMC,Manual 4-spd,8.0,5.0
21555,Standard Pickup Trucks 2WD,Regular,2-Wheel Drive,19.3888235294118,Chevrolet,Manual 4-spd,6.0,4.1
21556,Standard Pickup Trucks 2WD,Regular,2-Wheel Drive,21.974,Chevrolet,Manual 4-spd,8.0,5.0
21557,Subcompact Cars,Regular,Front-Wheel Drive,17.3478947368421,Audi,Manual 5-spd,5.0,2.3
21558,Standard Pickup Trucks 2WD,Regular,2-Wheel Drive,19.3888235294118,Ford,Manual 4-spd,6.0,4.9
21559,Standard Pickup Trucks 2WD,Regular,2-Wheel Drive,23.5435714285714,Ford,Manual 4-spd,6.0,4.9
21560,Standard Pickup Trucks 2WD,Regular,2-Wheel Drive,19.3888235294118,GMC,Manual 4-spd,6.0,4.1
21561,Standard Pickup Trucks 2WD,Regular,2-Wheel Drive,21.974,GMC,Manual 4-spd,8.0,5.0
21562,Special Purpose Vehicle 2WD,Regular,Front-Wheel Drive,18.3116666666667,Plymouth,Automatic 4-spd,6.0,3.8
21563,Vans Passenger,Regular,Rear-Wheel Drive,19.3888235294118,GMC,Automatic 4-spd,6.0,4.3
21564,Sport Utility Vehicle - 2WD,Regular,Rear-Wheel Drive,21.974,Chevrolet,Automatic 4-spd,8.0,5.3
21565,Two Seaters,Premium,Rear-Wheel Drive,16.4805,Porsche,Manual 5-spd,6.0,2.5
21566,Two Seaters,Premium,Rear-Wheel Drive,19.3888235294118,Porsche,Automatic 5-spd,6.0,2.5
21567,Subcompact Cars,Regular,Front-Wheel Drive,10.6325806451613,Toyota,Automatic 4-spd,4.0,1.5
21568,Subcompact Cars,Regular,Front-Wheel Drive,14.9822727272727,Audi,Automatic 3-spd,4.0,1.8
21569,Subcompact Cars,Regular,Front-Wheel Drive,10.3003125,Toyota,Manual 5-spd,4.0,1.5
21570,Midsize Cars,Regular,Front-Wheel Drive,11.3658620689655,Hyundai,Manual 5-spd,4.0,2.0
21571,Large Cars,Premium,Rear-Wheel Drive,17.3478947368421,Infiniti,Automatic (S7),6.0,3.5
21572,Large Cars,Premium,All-Wheel Drive,18.3116666666667,Infiniti,Automatic (S5),6.0,3.5
21573,Large Cars,Premium,Rear-Wheel Drive,18.3116666666667,Infiniti,Automatic (S5),8.0,4.5
21574,Large Cars,Premium,All-Wheel Drive,20.600625,Infiniti,Automatic (S5),8.0,4.5
21575,Small Station Wagons,Regular,Front-Wheel Drive,10.6325806451613,Honda,Automatic 5-spd,4.0,1.5
21576,Small Station Wagons,Regular,Front-Wheel Drive,11.3658620689655,Honda,Manual 5-spd,4.0,1.5
21577,Small Station Wagons,Regular,Front-Wheel Drive,10.987,Honda,Automatic (S5),4.0,1.5
21578,Standard Pickup Trucks 4WD,Regular,4-Wheel Drive,21.974,Dodge,Automatic 4-spd,6.0,3.7
21579,Subcompact Cars,Regular,Front-Wheel Drive,13.73375,Audi,Manual 5-spd,4.0,1.8
21580,Standard Pickup Trucks 2WD,Regular,Rear-Wheel Drive,19.3888235294118,Mitsubishi,Automatic 4-spd,6.0,3.7
21581,Sport Utility Vehicle - 2WD,Premium,Front-Wheel Drive,15.6957142857143,Mitsubishi,Automatic (S6),6.0,3.0
21582,Sport Utility Vehicle - 2WD,Regular,Front-Wheel Drive,13.73375,Toyota,Automatic 4-spd,4.0,2.5
21583,Sport Utility Vehicle - 2WD,Regular,Front-Wheel Drive,14.9822727272727,Toyota,Automatic 5-spd,6.0,3.5
21584,Sport Utility Vehicle - 4WD,Premium,4-Wheel Drive,25.3546153846154,Jeep,Automatic 5-spd,8.0,6.1
21585,Sport Utility Vehicle - 4WD,Premium,4-Wheel Drive,21.974,Land Rover,Automatic (S6),8.0,5.0
21586,Sport Utility Vehicle - 4WD,Premium,4-Wheel Drive,16.4805,Mitsubishi,Automatic (S6),6.0,3.0
21587,Sport Utility Vehicle - 4WD,Regular,All-Wheel Drive,13.73375,Toyota,Automatic 4-spd,4.0,2.5
21588,Sport Utility Vehicle - 4WD,Regular,All-Wheel Drive,15.6957142857143,Toyota,Automatic 5-spd,6.0,3.5
21589,Midsize Cars,Premium,Front-Wheel Drive,15.6957142857143,Audi,Automatic (AV),6.0,3.1
21590,Subcompact Cars,Regular,4-Wheel or All-Wheel Drive,19.3888235294118,Audi,Manual 5-spd,5.0,2.2
21591,Standard Pickup Trucks 4WD,Gasoline or E85,4-Wheel Drive,21.974,Dodge,Automatic 5-spd,8.0,4.7
21592,Standard Pickup Trucks 2WD,Gasoline or E85,Rear-Wheel Drive,21.974,Dodge,Automatic 5-spd,8.0,4.7
21593,Standard Pickup Trucks 2WD,Gasoline or E85,Rear-Wheel Drive,21.974,Dodge,Automatic 5-spd,8.0,4.7
21594,Standard Pickup Trucks 4WD,Gasoline or E85,4-Wheel Drive,21.974,Dodge,Automatic 5-spd,8.0,4.7
21595,Compact Cars,Regular,Front-Wheel Drive,13.1844,Honda,Automatic 5-spd,4.0,2.4
21596,Compact Cars,Regular,Front-Wheel Drive,13.1844,Honda,Manual 5-spd,4.0,2.4
21597,Compact Cars,Regular,Front-Wheel Drive,14.9822727272727,Honda,Automatic 5-spd,6.0,3.5
21598,Compact Cars,Regular,Front-Wheel Drive,16.4805,Honda,Manual 6-spd,6.0,3.5
21599,Large Cars,Regular,Front-Wheel Drive,13.1844,Honda,Automatic 5-spd,4.0,2.4
21600,Large Cars,Regular,Front-Wheel Drive,13.1844,Honda,Manual 5-spd,4.0,2.4
21601,Subcompact Cars,Regular,Rear-Wheel Drive,18.3116666666667,BMW,Automatic 4-spd,6.0,2.5
21602,Large Cars,Regular,Front-Wheel Drive,14.3308695652174,Honda,Automatic 5-spd,6.0,3.5
21603,Large Cars,Regular,Rear-Wheel Drive,20.600625,Ford,Automatic 4-spd,8.0,4.6
21604,Compact Cars,Gasoline or E85,Front-Wheel Drive,14.3308695652174,Pontiac,Automatic 4-spd,6.0,3.5
21605,Midsize Cars,Gasoline or E85,Front-Wheel Drive,14.3308695652174,Chevrolet,Automatic 4-spd,6.0,3.5
21606,Special Purpose Vehicle 2WD,CNG,Front-Wheel Drive,0.109411764705882,Dodge,Automatic 4-spd,6.0,3.3
21607,Special Purpose Vehicle 2WD,CNG,Front-Wheel Drive,0.109411764705882,Dodge,Automatic 4-spd,6.0,3.3
21608,Special Purpose Vehicle 2WD,CNG,Front-Wheel Drive,0.109411764705882,Dodge,Automatic 4-spd,6.0,3.3
21609,Small Pickup Trucks 2WD,Regular,Rear-Wheel Drive,15.6957142857143,Ford,Automatic 5-spd,4.0,2.3
21610,Sport Utility Vehicle - 2WD,Regular,Front-Wheel Drive,13.1844,Jeep,Automatic (variable gear ratios),4.0,2.0
21611,Subcompact Cars,Regular,Rear-Wheel Drive,18.3116666666667,BMW,Manual 5-spd,6.0,2.5
21612,Sport Utility Vehicle - 2WD,Regular,Front-Wheel Drive,13.1844,Jeep,Automatic (variable gear ratios),4.0,2.0
21613,Sport Utility Vehicle - 2WD,Regular,Front-Wheel Drive,14.3308695652174,Jeep,Automatic (variable gear ratios),4.0,2.4
21614,Small Pickup Trucks 2WD,Regular,Rear-Wheel Drive,19.3888235294118,Ford,Manual 5-spd,6.0,4.0
21615,Small Pickup Trucks 4WD,Regular,4-Wheel Drive,21.974,Ford,Automatic 5-spd,6.0,4.0
21616,Small Pickup Trucks 4WD,Regular,4-Wheel Drive,19.3888235294118,Ford,Manual 5-spd,6.0,4.0
21617,Sport Utility Vehicle - 2WD,Regular,Front-Wheel Drive,13.1844,Jeep,Manual 5-spd,4.0,2.4
21618,Sport Utility Vehicle - 4WD,Regular,4-Wheel Drive,14.9822727272727,Jeep,Automatic (variable gear ratios),4.0,2.4
21619,Sport Utility Vehicle - 4WD,Regular,4-Wheel Drive,13.1844,Jeep,Manual 5-spd,4.0,2.4
21620,Sport Utility Vehicle - 2WD,Regular,Front-Wheel Drive,14.3308695652174,Jeep,Automatic (variable gear ratios),4.0,2.4
21621,Sport Utility Vehicle - 2WD,Regular,Front-Wheel Drive,13.1844,Jeep,Manual 5-spd,4.0,2.4
21622,Subcompact Cars,Regular,Rear-Wheel Drive,16.4805,BMW,Automatic 4-spd,6.0,2.7
21623,Sport Utility Vehicle - 4WD,Regular,4-Wheel Drive,14.9822727272727,Jeep,Automatic (variable gear ratios),4.0,2.4
21624,Sport Utility Vehicle - 4WD,Regular,4-Wheel Drive,13.1844,Jeep,Manual 5-spd,4.0,2.4
21625,Minicompact Cars,Regular,Rear-Wheel Drive,16.4805,Porsche,Manual 5-spd,4.0,2.5
21626,Standard Pickup Trucks 2WD,Regular,Rear-Wheel Drive,20.600625,Chevrolet,Manual 4-spd,6.0,4.3
21627,Two Seaters,Premium,Rear-Wheel Drive,14.3308695652174,Lotus,Manual 6-spd,4.0,1.8
21628,Two Seaters,Premium,Rear-Wheel Drive,14.9822727272727,Lotus,Manual 6-spd,4.0,1.8
21629,Minicompact Cars,Premium,Rear-Wheel Drive,25.3546153846154,Aston Martin,Manual 6-spd,12.0,5.9
21630,Minicompact Cars,Premium,Rear-Wheel Drive,21.974,Aston Martin,Automatic (S6),12.0,5.9
21631,Minicompact Cars,Premium,Rear-Wheel Drive,25.3546153846154,Aston Martin,Manual 6-spd,12.0,5.9
21632,Minicompact Cars,Premium,Rear-Wheel Drive,23.5435714285714,Aston Martin,Automatic (S6),12.0,5.9
21633,Subcompact Cars,Regular,Rear-Wheel Drive,15.6957142857143,BMW,Manual 5-spd,6.0,2.7
21634,Minicompact Cars,Premium,Front-Wheel Drive,10.6325806451613,MINI,Manual 6-spd,4.0,1.6
21635,Minicompact Cars,Premium,Front-Wheel Drive,11.7717857142857,MINI,Automatic (S6),4.0,1.6
21636,Minicompact Cars,Premium,Front-Wheel Drive,11.7717857142857,MINI,Automatic (S6),4.0,1.6
21637,Minicompact Cars,Premium,Front-Wheel Drive,11.3658620689655,MINI,Manual 6-spd,4.0,1.6
21638,Minicompact Cars,Premium,Front-Wheel Drive,12.2077777777778,MINI,Automatic (S6),4.0,1.6
21639,Minicompact Cars,Premium,Front-Wheel Drive,11.3658620689655,MINI,Manual 6-spd,4.0,1.6
21640,Minicompact Cars,Premium,Front-Wheel Drive,12.2077777777778,MINI,Automatic (S6),4.0,1.6
21641,Subcompact Cars,Premium,Rear-Wheel Drive,20.600625,BMW,Automatic (S7),8.0,4.0
21642,Subcompact Cars,Premium,Rear-Wheel Drive,20.600625,BMW,Manual 6-spd,8.0,4.0
21643,Subcompact Cars,Premium,Rear-Wheel Drive,20.600625,BMW,Automatic (S7),8.0,4.0
21644,Compact Cars,Regular,Front-Wheel Drive,13.1844,Ford,Manual 5-spd,4.0,1.6
21645,Subcompact Cars,Regular,Rear-Wheel Drive,20.600625,BMW,Automatic 4-spd,6.0,3.4
21646,Subcompact Cars,Regular,Front-Wheel Drive,11.3658620689655,Honda,Automatic 5-spd,4.0,1.8
21647,Subcompact Cars,Regular,Front-Wheel Drive,11.3658620689655,Honda,Manual 5-spd,4.0,1.8
21648,Subcompact Cars,Premium,Front-Wheel Drive,13.73375,Honda,Manual 6-spd,4.0,2.0
21649,Subcompact Cars,Premium,Front-Wheel Drive,10.6325806451613,MINI,Manual 6-spd,4.0,1.6
21650,Subcompact Cars,Premium,Front-Wheel Drive,11.7717857142857,MINI,Automatic (S6),4.0,1.6
21651,Subcompact Cars,Premium,Front-Wheel Drive,11.3658620689655,MINI,Manual 6-spd,4.0,1.6
21652,Subcompact Cars,Premium,Front-Wheel Drive,12.2077777777778,MINI,Automatic (S6),4.0,1.6
21653,Compact Cars,Premium,Rear-Wheel Drive,29.9645454545455,Bentley,Automatic (A6),8.0,6.8
21654,Compact Cars,Premium,Rear-Wheel Drive,29.9645454545455,Bentley,Automatic (A6),8.0,6.8
21655,Compact Cars,Premium,Rear-Wheel Drive,20.600625,BMW,Manual 6-spd,8.0,4.0
21656,Subcompact Cars,Regular,Rear-Wheel Drive,20.600625,BMW,Manual 5-spd,6.0,3.4
21657,Compact Cars,Premium,Rear-Wheel Drive,20.600625,BMW,Automatic (S7),8.0,4.0
21658,Compact Cars,Gasoline or E85,Front-Wheel Drive,15.6957142857143,Chrysler,Automatic 4-spd,6.0,2.7
21659,Compact Cars,Regular,Front-Wheel Drive,7.84785714285714,Honda,Automatic (variable gear ratios),4.0,1.3
21660,Compact Cars,Regular,Front-Wheel Drive,10.987,Kia,Automatic 4-spd,4.0,1.6
21661,Compact Cars,Regular,Front-Wheel Drive,10.6325806451613,Kia,Manual 5-spd,4.0,1.6
21662,Compact Cars,Premium,Rear-Wheel Drive,14.3308695652174,Lexus,Auto (AV-S6),6.0,3.5
21663,Midsize Cars,Premium,Front-Wheel Drive,15.6957142857143,Acura,Automatic (S5),6.0,3.5
21664,Midsize Cars,Premium,All-Wheel Drive,16.4805,Acura,Manual 6-spd,6.0,3.7
21665,Midsize Cars,Premium,All-Wheel Drive,16.4805,Acura,Automatic (S5),6.0,3.7
21666,Midsize Cars,Gasoline or E85,Front-Wheel Drive,14.9822727272727,Chrysler,Automatic 4-spd,6.0,2.7
21667,Subcompact Cars,Premium,Rear-Wheel Drive,27.4675,BMW,Manual 5-spd,6.0,3.5
21668,Midsize Cars,Gasoline or E85,Front-Wheel Drive,14.9822727272727,Dodge,Automatic 4-spd,6.0,2.7
21669,Midsize Cars,Premium,Rear-Wheel Drive,16.4805,Lexus,Automatic (S8),8.0,4.6
21670,Midsize Cars,Premium,Rear-Wheel Drive,17.3478947368421,Lexus,Automatic (S8),8.0,4.6
21671,Midsize Cars,Premium,All-Wheel Drive,18.3116666666667,Lexus,Automatic (S8),8.0,4.6
21672,Midsize Cars,Premium,Rear-Wheel Drive,17.3478947368421,Lexus,Automatic (S8),8.0,4.6
21673,Midsize Cars,Premium,All-Wheel Drive,18.3116666666667,Lexus,Automatic (S8),8.0,4.6
21674,Midsize Cars,Regular,Front-Wheel Drive,13.73375,Mitsubishi,Automatic (S4),4.0,2.4
21675,Large Cars,Premium,Rear-Wheel Drive,18.3116666666667,BMW,Automatic (S8),8.0,4.4
21676,Large Cars,Premium,Rear-Wheel Drive,19.3888235294118,BMW,Automatic (S6),8.0,4.4
21677,Large Cars,Premium,All-Wheel Drive,20.600625,BMW,Automatic (S6),8.0,4.4
21678,Subcompact Cars,Regular,Rear-Wheel Drive,16.4805,Chevrolet,Automatic 4-spd,6.0,2.8
21679,Large Cars,Premium,Rear-Wheel Drive,19.3888235294118,BMW,Automatic (S6),8.0,4.4
21680,Large Cars,Premium,All-Wheel Drive,20.600625,BMW,Automatic (S6),8.0,4.4
21681,Small Station Wagons,Regular,Front-Wheel Drive,13.1844,Dodge,Automatic (variable gear ratios),4.0,2.0
21682,Small Station Wagons,Regular,Front-Wheel Drive,14.3308695652174,Dodge,Automatic (variable gear ratios),4.0,2.4
21683,Small Station Wagons,Regular,Front-Wheel Drive,13.1844,Dodge,Manual 5-spd,4.0,2.4
21684,Small Pickup Trucks 2WD,Regular,Rear-Wheel Drive,13.73375,Ford,Manual 5-spd,4.0,2.3
21685,Small Pickup Trucks 2WD,Regular,Rear-Wheel Drive,18.3116666666667,Ford,Automatic 5-spd,6.0,4.0
21686,Standard Pickup Trucks 2WD,Regular,Rear-Wheel Drive,21.974,Nissan,Automatic 5-spd,8.0,5.6
21687,Standard Pickup Trucks 2WD,Gasoline or E85,Rear-Wheel Drive,21.974,Nissan,Automatic 5-spd,8.0,5.6
21688,Standard Pickup Trucks 4WD,Regular,4-Wheel Drive,23.5435714285714,Nissan,Automatic 5-spd,8.0,5.6
21689,Subcompact Cars,Regular,Rear-Wheel Drive,18.3116666666667,Chevrolet,Manual 5-spd,6.0,2.8
21690,Standard Pickup Trucks 4WD,Gasoline or E85,4-Wheel Drive,23.5435714285714,Nissan,Automatic 5-spd,8.0,5.6
21691,Minivan - 2WD,Regular,Front-Wheel Drive,13.73375,Mazda,Manual 5-spd,4.0,2.3
21692,Minivan - 2WD,Regular,Front-Wheel Drive,14.3308695652174,Mazda,Automatic (S5),4.0,2.3
21693,Sport Utility Vehicle - 2WD,Regular,Front-Wheel Drive,13.73375,Honda,Automatic 5-spd,4.0,2.4
21694,Sport Utility Vehicle - 2WD,Regular,Front-Wheel Drive,13.73375,Nissan,Automatic (variable gear ratios),4.0,2.5
21695,Sport Utility Vehicle - 2WD,Regular,Rear-Wheel Drive,17.3478947368421,Toyota,Automatic (S5),6.0,4.0
21696,Sport Utility Vehicle - 2WD,Regular,Rear-Wheel Drive,17.3478947368421,Toyota,Automatic 5-spd,6.0,4.0
21697,Sport Utility Vehicle - 2WD,Regular,Front-Wheel Drive,14.9822727272727,Toyota,Automatic (S6),4.0,2.7
21698,Sport Utility Vehicle - 2WD,Regular,Front-Wheel Drive,16.4805,Toyota,Automatic (S5),6.0,3.5
21699,Sport Utility Vehicle - 4WD,Regular,All-Wheel Drive,14.3308695652174,Honda,Automatic 5-spd,4.0,2.4
21700,Subcompact Cars,Regular,Rear-Wheel Drive,18.3116666666667,Chevrolet,Automatic 4-spd,8.0,5.0
21701,Sport Utility Vehicle - 4WD,Regular,4-Wheel Drive,15.6957142857143,Jeep,Automatic (variable gear ratios),4.0,2.4
21702,Sport Utility Vehicle - 4WD,Regular,All-Wheel Drive,14.3308695652174,Nissan,Automatic (variable gear ratios),4.0,2.5
21703,Sport Utility Vehicle - 4WD,Regular,4-Wheel Drive,17.3478947368421,Toyota,Automatic (S5),6.0,4.0
21704,Sport Utility Vehicle - 4WD,Regular,Part-time 4-Wheel Drive,17.3478947368421,Toyota,Automatic (S5),6.0,4.0
21705,Sport Utility Vehicle - 4WD,Regular,Part-time 4-Wheel Drive,18.3116666666667,Toyota,Automatic 5-spd,6.0,4.0
21706,Sport Utility Vehicle - 4WD,Regular,4-Wheel Drive,19.3888235294118,Toyota,Manual 6-spd,6.0,4.0
21707,Sport Utility Vehicle - 4WD,Regular,All-Wheel Drive,17.3478947368421,Toyota,Automatic (S5),6.0,3.5
21708,Sport Utility Vehicle - 4WD,Regular,All-Wheel Drive,12.6773076923077,Toyota,Automatic (variable gear ratios),6.0,3.3
21709,Subcompact Cars,CNG,Front-Wheel Drive,0.0664285714285714,Honda,Automatic 5-spd,4.0,1.8
21710,Midsize Cars,Premium,Rear-Wheel Drive,14.9822727272727,Lexus,Automatic (S6),6.0,3.5
21711,Subcompact Cars,Regular,Rear-Wheel Drive,19.3888235294118,Chevrolet,Manual 5-spd,8.0,5.0
21712,Midsize Cars,Premium,All-Wheel Drive,16.4805,Lexus,Automatic (S6),6.0,3.5
21713,Standard Pickup Trucks 2WD,Gasoline or E85,Rear-Wheel Drive,20.600625,Chevrolet,Automatic 4-spd,8.0,4.8
21714,Standard Pickup Trucks 2WD,Gasoline or E85,Rear-Wheel Drive,19.3888235294118,Chevrolet,Automatic 6-spd,8.0,5.3
21715,Standard Pickup Trucks 2WD,Gasoline or E85,Rear-Wheel Drive,21.974,Chevrolet,Automatic 6-spd,8.0,6.2
21716,Standard Pickup Trucks 2WD,Regular,Rear-Wheel Drive,14.9822727272727,Chevrolet,Automatic (variable gear ratios),8.0,6.0
21717,Standard Pickup Trucks 2WD,Gasoline or E85,Rear-Wheel Drive,18.3116666666667,Chevrolet,Automatic 6-spd,8.0,5.3
21718,Standard Pickup Trucks 2WD,Gasoline or E85,Rear-Wheel Drive,20.600625,GMC,Automatic 4-spd,8.0,4.8
21719,Standard Pickup Trucks 2WD,Gasoline or E85,Rear-Wheel Drive,19.3888235294118,GMC,Automatic 6-spd,8.0,5.3
21720,Standard Pickup Trucks 2WD,Gasoline or E85,Rear-Wheel Drive,21.974,GMC,Automatic 6-spd,8.0,6.2
21721,Standard Pickup Trucks 2WD,Regular,Rear-Wheel Drive,14.9822727272727,GMC,Automatic (variable gear ratios),8.0,6.0
21722,Subcompact Cars,Regular,Rear-Wheel Drive,18.3116666666667,Chevrolet,Automatic 4-spd,8.0,5.0
21723,Standard Pickup Trucks 2WD,Gasoline or E85,Rear-Wheel Drive,18.3116666666667,GMC,Automatic 6-spd,8.0,5.3
21724,Standard Pickup Trucks 4WD,Gasoline or E85,4-Wheel Drive,21.974,Chevrolet,Automatic 4-spd,8.0,4.8
21725,Standard Pickup Trucks 4WD,Gasoline or E85,4-Wheel Drive,19.3888235294118,Chevrolet,Automatic 6-spd,8.0,5.3
21726,Standard Pickup Trucks 4WD,Gasoline or E85,4-Wheel Drive,23.5435714285714,Chevrolet,Automatic 6-spd,8.0,6.2
21727,Standard Pickup Trucks 4WD,Regular,4-Wheel Drive,15.6957142857143,Chevrolet,Automatic (variable gear ratios),8.0,6.0
21728,Standard Pickup Trucks 4WD,Gasoline or E85,4-Wheel Drive,21.974,GMC,Automatic 4-spd,8.0,4.8
21729,Standard Pickup Trucks 4WD,Gasoline or E85,4-Wheel Drive,19.3888235294118,GMC,Automatic 6-spd,8.0,5.3
21730,Standard Pickup Trucks 4WD,Gasoline or E85,4-Wheel Drive,23.5435714285714,GMC,Automatic 6-spd,8.0,6.2
21731,Standard Pickup Trucks 4WD,Regular,4-Wheel Drive,15.6957142857143,GMC,Automatic (variable gear ratios),8.0,6.0
21732,Standard Pickup Trucks 4WD,Gasoline or E85,All-Wheel Drive,23.5435714285714,GMC,Automatic 6-spd,8.0,6.2
21733,Subcompact Cars,Regular,Rear-Wheel Drive,18.3116666666667,Chevrolet,Manual 5-spd,8.0,5.0
21734,Sport Utility Vehicle - 2WD,Gasoline or E85,Rear-Wheel Drive,20.600625,Cadillac,Automatic 6-spd,8.0,6.2
21735,Sport Utility Vehicle - 2WD,Regular,Rear-Wheel Drive,14.9822727272727,Cadillac,Automatic (variable gear ratios),8.0,6.0
21736,Sport Utility Vehicle - 2WD,Gasoline or E85,Rear-Wheel Drive,20.600625,Cadillac,Automatic 6-spd,8.0,6.2
21737,Sport Utility Vehicle - 2WD,Gasoline or E85,Rear-Wheel Drive,19.3888235294118,Chevrolet,Automatic 6-spd,8.0,5.3
21738,Sport Utility Vehicle - 2WD,Gasoline or E85,Rear-Wheel Drive,23.5435714285714,Chevrolet,Automatic 6-spd,8.0,6.2
21739,Sport Utility Vehicle - 2WD,Gasoline or E85,Rear-Wheel Drive,19.3888235294118,Chevrolet,Automatic 6-spd,8.0,5.3
21740,Sport Utility Vehicle - 2WD,Gasoline or E85,Rear-Wheel Drive,23.5435714285714,Chevrolet,Automatic 6-spd,8.0,6.2
21741,Sport Utility Vehicle - 2WD,Gasoline or E85,Rear-Wheel Drive,19.3888235294118,Chevrolet,Automatic 6-spd,8.0,5.3
21742,Sport Utility Vehicle - 2WD,Regular,Rear-Wheel Drive,14.9822727272727,Chevrolet,Automatic (variable gear ratios),8.0,6.0
21743,Sport Utility Vehicle - 2WD,Gasoline or E85,Rear-Wheel Drive,19.3888235294118,GMC,Automatic 6-spd,8.0,5.3
21744,Subcompact Cars,Regular,Rear-Wheel Drive,19.3888235294118,Chevrolet,Automatic 4-spd,8.0,5.7
21745,Sport Utility Vehicle - 2WD,Gasoline or E85,Rear-Wheel Drive,20.600625,GMC,Automatic 6-spd,8.0,6.2
21746,Sport Utility Vehicle - 2WD,Regular,Rear-Wheel Drive,14.9822727272727,GMC,Automatic (variable gear ratios),8.0,6.0
21747,Sport Utility Vehicle - 2WD,Gasoline or E85,Rear-Wheel Drive,19.3888235294118,GMC,Automatic 6-spd,8.0,5.3
21748,Sport Utility Vehicle - 2WD,Gasoline or E85,Rear-Wheel Drive,20.600625,GMC,Automatic 6-spd,8.0,6.2
21749,Sport Utility Vehicle - 2WD,Gasoline or E85,Rear-Wheel Drive,23.5435714285714,GMC,Automatic 6-spd,8.0,6.2
21750,Sport Utility Vehicle - 2WD,Regular,Front-Wheel Drive,14.9822727272727,Honda,Automatic 5-spd,4.0,2.4
21751,Sport Utility Vehicle - 2WD,Regular,Front-Wheel Drive,16.4805,Honda,Manual 5-spd,4.0,2.4
21752,Sport Utility Vehicle - 4WD,Premium,All-Wheel Drive,18.3116666666667,Acura,Automatic (S6),6.0,3.7
21753,Sport Utility Vehicle - 4WD,Gasoline or E85,All-Wheel Drive,21.974,Cadillac,Automatic 6-spd,8.0,6.2
21754,Sport Utility Vehicle - 4WD,Gasoline or E85,4-Wheel Drive,19.3888235294118,Chevrolet,Automatic 6-spd,8.0,5.3
21755,Compact Cars,Regular,Front-Wheel Drive,13.73375,Ford,Manual 5-spd,4.0,1.6
21756,Subcompact Cars,Regular,Front-Wheel Drive,13.73375,Chevrolet,Automatic 3-spd,4.0,2.0
21757,Sport Utility Vehicle - 4WD,Regular,4-Wheel Drive,15.6957142857143,Chevrolet,Automatic (variable gear ratios),8.0,6.0
21758,Sport Utility Vehicle - 4WD,Gasoline or E85,4-Wheel Drive,19.3888235294118,GMC,Automatic 6-spd,8.0,5.3
21759,Sport Utility Vehicle - 4WD,Regular,4-Wheel Drive,15.6957142857143,GMC,Automatic (variable gear ratios),8.0,6.0
21760,Sport Utility Vehicle - 4WD,Gasoline or E85,All-Wheel Drive,21.974,GMC,Automatic 6-spd,8.0,6.2
21761,Sport Utility Vehicle - 4WD,Regular,All-Wheel Drive,15.6957142857143,Honda,Automatic 5-spd,4.0,2.4
21762,Sport Utility Vehicle - 4WD,Regular,All-Wheel Drive,16.4805,Honda,Manual 5-spd,4.0,2.4
21763,Subcompact Cars,Premium,Rear-Wheel Drive,20.600625,BMW,Manual 6-spd,8.0,4.0
21764,Minicompact Cars,Premium,Front-Wheel Drive,10.3003125,MINI,Manual 6-spd,4.0,1.6
21765,Minicompact Cars,Premium,Front-Wheel Drive,11.7717857142857,MINI,Manual 6-spd,4.0,1.6
21766,Subcompact Cars,Premium,Front-Wheel Drive,11.7717857142857,MINI,Manual 6-spd,4.0,1.6
21767,Subcompact Cars,Regular,Front-Wheel Drive,13.1844,Chevrolet,Manual 4-spd,4.0,2.0
21768,Minicompact Cars,Premium,Front-Wheel Drive,11.7717857142857,MINI,Manual 6-spd,4.0,1.6
21769,Two Seaters,Premium,Rear-Wheel Drive,9.15583333333333,smart,Auto(AM5),3.0,1.0
21770,Two Seaters,Premium,Rear-Wheel Drive,9.15583333333333,smart,Auto(AM5),3.0,1.0
21771,Two Seaters,Premium,Rear-Wheel Drive,14.9822727272727,BMW,Automatic (S6),6.0,3.0
21772,Two Seaters,Premium,Rear-Wheel Drive,14.9822727272727,BMW,Manual 6-spd,6.0,3.0
21773,Two Seaters,Premium,Rear-Wheel Drive,16.4805,BMW,Automatic (S7),6.0,3.0
21774,Two Seaters,Premium,Rear-Wheel Drive,16.4805,BMW,Manual 6-spd,6.0,3.0
21775,Two Seaters,Premium,Rear-Wheel Drive,27.4675,Ferrari,Auto(AM6),12.0,5.7
21776,Two Seaters,Premium,Rear-Wheel Drive,27.4675,Ferrari,Manual 6-spd,12.0,5.7
21777,Subcompact Cars,Regular,Front-Wheel Drive,13.1844,Chevrolet,Manual 5-spd,4.0,2.0
21778,Two Seaters,Premium,Rear-Wheel Drive,15.6957142857143,Mercedes-Benz,Manual 6-spd,6.0,3.0
21779,Two Seaters,Premium,Rear-Wheel Drive,15.6957142857143,Nissan,Automatic (S7),6.0,3.7
21780,Two Seaters,Premium,Rear-Wheel Drive,16.4805,Nissan,Manual 6-spd,6.0,3.7
21781,Subcompact Cars,Premium,Rear-Wheel Drive,15.6957142857143,BMW,Automatic (S6),6.0,3.0
21782,Subcompact Cars,Premium,Rear-Wheel Drive,14.9822727272727,BMW,Manual 6-spd,6.0,3.0
21783,Subcompact Cars,Premium,Rear-Wheel Drive,14.9822727272727,BMW,Automatic (S6),6.0,3.0
21784,Subcompact Cars,Premium,Rear-Wheel Drive,14.9822727272727,BMW,Manual 6-spd,6.0,3.0
21785,Subcompact Cars,Premium,Rear-Wheel Drive,16.4805,BMW,Automatic (S6),6.0,3.0
21786,Subcompact Cars,Premium,Rear-Wheel Drive,16.4805,BMW,Manual 6-spd,6.0,3.0
21787,Subcompact Cars,Premium,Rear-Wheel Drive,16.4805,BMW,Automatic (S6),6.0,3.0
21788,Subcompact Cars,Regular,Front-Wheel Drive,16.4805,Chevrolet,Automatic 3-spd,6.0,2.8
21789,Subcompact Cars,Premium,Rear-Wheel Drive,16.4805,BMW,Manual 6-spd,6.0,3.0
21790,Subcompact Cars,Premium,Rear-Wheel Drive,14.9822727272727,BMW,Automatic (S6),6.0,3.0
21791,Subcompact Cars,Premium,Rear-Wheel Drive,14.9822727272727,BMW,Manual 6-spd,6.0,3.0
21792,Subcompact Cars,Premium,Rear-Wheel Drive,15.6957142857143,BMW,Automatic (S6),6.0,3.0
21793,Subcompact Cars,Premium,Rear-Wheel Drive,16.4805,BMW,Manual 6-spd,6.0,3.0
21794,Subcompact Cars,Premium,All-Wheel Drive,16.4805,BMW,Automatic (S6),6.0,3.0
21795,Subcompact Cars,Premium,All-Wheel Drive,16.4805,BMW,Manual 6-spd,6.0,3.0
21796,Subcompact Cars,Premium,Rear-Wheel Drive,16.4805,BMW,Automatic (S6),6.0,3.0
21797,Subcompact Cars,Premium,Rear-Wheel Drive,16.4805,BMW,Manual 6-spd,6.0,3.0
21798,Subcompact Cars,Premium,Rear-Wheel Drive,16.4805,BMW,Automatic (S6),6.0,3.0
21799,Subcompact Cars,Regular,Front-Wheel Drive,16.4805,Chevrolet,Manual 5-spd,6.0,2.8
21800,Subcompact Cars,Premium,Rear-Wheel Drive,16.4805,BMW,Manual 6-spd,6.0,3.0
21801,Subcompact Cars,Premium,All-Wheel Drive,16.4805,BMW,Automatic (S6),6.0,3.0
21802,Subcompact Cars,Premium,All-Wheel Drive,17.3478947368421,BMW,Manual 6-spd,6.0,3.0
21803,Subcompact Cars,Regular,Front-Wheel Drive,12.6773076923077,Nissan,Auto(AV-S6),4.0,2.5
21804,Subcompact Cars,Regular,Front-Wheel Drive,12.6773076923077,Nissan,Manual 6-spd,4.0,2.5
21805,Subcompact Cars,Regular,Front-Wheel Drive,14.3308695652174,Nissan,Auto(AV-S6),6.0,3.5
21806,Subcompact Cars,Regular,Front-Wheel Drive,15.6957142857143,Nissan,Manual 6-spd,6.0,3.5
21807,Compact Cars,Premium,Rear-Wheel Drive,14.9822727272727,BMW,Automatic (S6),6.0,3.0
21808,Compact Cars,Premium,Rear-Wheel Drive,14.9822727272727,BMW,Manual 6-spd,6.0,3.0
21809,Compact Cars,Premium,All-Wheel Drive,16.4805,BMW,Automatic (S6),6.0,3.0
21810,Subcompact Cars,Regular,Rear-Wheel Drive,13.73375,Chevrolet,Automatic 3-spd,4.0,1.6
21811,Compact Cars,Premium,All-Wheel Drive,16.4805,BMW,Manual 6-spd,6.0,3.0
21812,Compact Cars,Diesel,Rear-Wheel Drive,14.155,BMW,Automatic (S6),6.0,3.0
21813,Compact Cars,Premium,Rear-Wheel Drive,16.4805,BMW,Automatic (S6),6.0,3.0
21814,Compact Cars,Premium,Rear-Wheel Drive,16.4805,BMW,Manual 6-spd,6.0,3.0
21815,Compact Cars,Premium,All-Wheel Drive,16.4805,BMW,Automatic (S6),6.0,3.0
21816,Compact Cars,Premium,All-Wheel Drive,17.3478947368421,BMW,Manual 6-spd,6.0,3.0
21817,Compact Cars,Regular,Front-Wheel Drive,10.6325806451613,Hyundai,Manual 5-spd,4.0,1.6
21818,Midsize Cars,Premium,Rear-Wheel Drive,29.9645454545455,Ferrari,Auto(AM6),12.0,5.7
21819,Midsize Cars,Premium,Rear-Wheel Drive,27.4675,Ferrari,Manual 6-spd,12.0,5.7
21820,Midsize Cars,Regular,Front-Wheel Drive,12.2077777777778,Nissan,Automatic (variable gear ratios),4.0,2.5
21821,Subcompact Cars,Regular,Rear-Wheel Drive,12.2077777777778,Chevrolet,Manual 4-spd,4.0,1.6
21822,Midsize Cars,Regular,Front-Wheel Drive,14.3308695652174,Nissan,Auto(AV-S6),6.0,3.5
21823,Midsize Cars,Regular,Front-Wheel Drive,15.6957142857143,Nissan,Manual 6-spd,6.0,3.5
21824,Midsize Cars,Regular,Front-Wheel Drive,9.69441176470588,Nissan,Automatic (variable gear ratios),4.0,2.5
21825,Midsize Cars,Regular,Front-Wheel Drive,11.7717857142857,Nissan,Automatic 4-spd,4.0,1.6
21826,Midsize Cars,Regular,Front-Wheel Drive,11.3658620689655,Nissan,Manual 5-spd,4.0,1.6
21827,Midsize Cars,Regular,Front-Wheel Drive,12.2077777777778,Nissan,Automatic 4-spd,4.0,1.8
21828,Midsize Cars,Regular,Front-Wheel Drive,10.987,Nissan,Automatic (variable gear ratios),4.0,1.8
21829,Midsize Cars,Regular,Front-Wheel Drive,11.7717857142857,Nissan,Manual 6-spd,4.0,1.8
21830,Large Cars,Premium,Rear-Wheel Drive,21.974,BMW,Automatic (S8),12.0,6.0
21831,Subcompact Cars,Regular,Rear-Wheel Drive,12.2077777777778,Chevrolet,Manual 5-spd,4.0,1.6
21832,Large Cars,Premium,Rear-Wheel Drive,27.4675,Maybach,Automatic 5-spd,12.0,5.5
21833,Large Cars,Premium,Rear-Wheel Drive,27.4675,Maybach,Automatic 5-spd,12.0,6.0
21834,Small Station Wagons,Premium,Rear-Wheel Drive,15.6957142857143,BMW,Automatic (S6),6.0,3.0
21835,Small Station Wagons,Premium,Rear-Wheel Drive,16.4805,BMW,Manual 6-spd,6.0,3.0
21836,Small Station Wagons,Premium,All-Wheel Drive,16.4805,BMW,Automatic (S6),6.0,3.0
21837,Small Station Wagons,Premium,All-Wheel Drive,16.4805,BMW,Manual 6-spd,6.0,3.0
21838,Small Station Wagons,Premium,Rear-Wheel Drive,17.3478947368421,Infiniti,Automatic (S5),6.0,3.5
21839,Small Station Wagons,Premium,All-Wheel Drive,17.3478947368421,Infiniti,Automatic (S5),6.0,3.5
21840,Sport Utility Vehicle - 2WD,Regular,Front-Wheel Drive,14.9822727272727,Hyundai,Manual 6-spd,4.0,2.4
21841,Sport Utility Vehicle - 2WD,Premium,Rear-Wheel Drive,17.3478947368421,Infiniti,Automatic (S7),6.0,3.5
21842,Subcompact Cars,Regular,Front-Wheel Drive,11.7717857142857,Chevrolet,Automatic 3-spd,4.0,1.5
21843,Sport Utility Vehicle - 2WD,Premium,Front-Wheel Drive,16.4805,Nissan,Automatic (variable gear ratios),6.0,3.5
21844,Sport Utility Vehicle - 4WD,Premium,All-Wheel Drive,18.3116666666667,BMW,Automatic (S7),8.0,4.4
21845,Sport Utility Vehicle - 4WD,Premium,All-Wheel Drive,16.4805,BMW,Automatic (S6),6.0,3.0
21846,Sport Utility Vehicle - 4WD,Premium,All-Wheel Drive,17.3478947368421,BMW,Manual 6-spd,6.0,3.0
21847,Sport Utility Vehicle - 4WD,Premium,All-Wheel Drive,18.3116666666667,BMW,Automatic (S6),6.0,3.0
21848,Sport Utility Vehicle - 4WD,Diesel,All-Wheel Drive,17.3720454545455,BMW,Automatic (S6),6.0,3.0
21849,Sport Utility Vehicle - 4WD,Premium,All-Wheel Drive,20.600625,BMW,Automatic (S6),8.0,4.8
21850,Sport Utility Vehicle - 4WD,Premium,All-Wheel Drive,19.3888235294118,BMW,Automatic (S6),6.0,3.0
21851,Sport Utility Vehicle - 4WD,Premium,All-Wheel Drive,21.974,BMW,Automatic (S6),8.0,4.4
21852,Sport Utility Vehicle - 4WD,Gasoline or E85,4-Wheel Drive,23.5435714285714,Ford,Automatic 6-spd,8.0,5.4
21853,Subcompact Cars,Regular,Front-Wheel Drive,9.98818181818182,Chevrolet,Manual 5-spd,4.0,1.5
21854,Sport Utility Vehicle - 4WD,Premium,All-Wheel Drive,18.3116666666667,Infiniti,Automatic (S7),6.0,3.5
21855,Sport Utility Vehicle - 4WD,Premium,All-Wheel Drive,20.600625,Infiniti,Automatic (S7),8.0,5.0
21856,Sport Utility Vehicle - 4WD,Premium,4-Wheel Drive,25.3546153846154,Mercedes-Benz,Automatic 7-spd,8.0,5.5
21857,Sport Utility Vehicle - 4WD,Premium,All-Wheel Drive,16.4805,Nissan,Automatic (variable gear ratios),6.0,3.5
21858,Sport Utility Vehicle - 2WD,Regular,Front-Wheel Drive,15.6957142857143,Chrysler,Automatic 4-spd,4.0,2.4
21859,Two Seaters,Premium,Rear-Wheel Drive,20.600625,Dodge,Manual 6-spd,10.0,8.4
21860,Two Seaters,Premium,Rear-Wheel Drive,20.600625,Dodge,Manual 6-spd,10.0,8.4
21861,Two Seaters,Premium,Rear-Wheel Drive,15.6957142857143,Nissan,Manual 6-spd,6.0,3.7
21862,Two Seaters,Premium,Rear-Wheel Drive,14.9822727272727,Nissan,Automatic (S7),6.0,3.7
21863,Minicompact Cars,Premium,Rear-Wheel Drive,17.3478947368421,Porsche,Automatic 7-spd,6.0,3.8
21864,Compact Cars,Regular,Front-Wheel Drive,13.1844,Ford,Automatic 3-spd,4.0,1.9
21865,Subcompact Cars,Regular,Front-Wheel Drive,12.2077777777778,Chevrolet,Manual 5-spd,4.0,1.5
21866,Minicompact Cars,Premium,Rear-Wheel Drive,17.3478947368421,Porsche,Automatic 7-spd,6.0,3.8
21867,Minicompact Cars,Premium,Rear-Wheel Drive,17.3478947368421,Porsche,Automatic 7-spd,6.0,3.8
21868,Minicompact Cars,Premium,Rear-Wheel Drive,17.3478947368421,Porsche,Automatic 7-spd,6.0,3.8
21869,Minicompact Cars,Premium,Rear-Wheel Drive,17.3478947368421,Porsche,Manual 6-spd,6.0,3.8
21870,Minicompact Cars,Premium,Rear-Wheel Drive,17.3478947368421,Porsche,Manual 6-spd,6.0,3.8
21871,Subcompact Cars,Premium,Rear-Wheel Drive,21.974,Aston Martin,Automatic (S6),12.0,5.9
21872,Subcompact Cars,Premium,Rear-Wheel Drive,21.974,Maserati,Automatic 6-spd,8.0,4.7
21873,Subcompact Cars,Premium,Rear-Wheel Drive,17.3478947368421,Infiniti,Manual 6-spd,6.0,3.7
21874,Subcompact Cars,Premium,Rear-Wheel Drive,16.4805,Infiniti,Automatic (S7),6.0,3.7
21875,Subcompact Cars,Premium,Rear-Wheel Drive,16.4805,Infiniti,Manual 6-spd,6.0,3.7
21876,Subcompact Cars,Regular,Front-Wheel Drive,9.69441176470588,Chevrolet,Automatic 3-spd,3.0,1.0
21877,Subcompact Cars,Premium,Rear-Wheel Drive,14.9822727272727,Infiniti,Automatic (S7),6.0,3.7
21878,Subcompact Cars,Premium,4-Wheel Drive,16.4805,Infiniti,Automatic (S7),6.0,3.7
21879,Compact Cars,Regular,Front-Wheel Drive,12.6773076923077,Suzuki,Automatic (variable gear ratios),4.0,2.4
21880,Compact Cars,Regular,Front-Wheel Drive,12.6773076923077,Suzuki,Automatic (variable gear ratios),4.0,2.4
21881,Compact Cars,Regular,Front-Wheel Drive,13.1844,Suzuki,Manual 6-spd,4.0,2.4
21882,Compact Cars,Regular,Front-Wheel Drive,13.73375,Suzuki,Manual 6-spd,4.0,2.4
21883,Compact Cars,Regular,All-Wheel Drive,13.1844,Suzuki,Automatic (variable gear ratios),4.0,2.4
21884,Compact Cars,Regular,All-Wheel Drive,13.1844,Suzuki,Automatic (variable gear ratios),4.0,2.4
21885,Midsize Cars,Regular,Rear-Wheel Drive,17.3478947368421,Cadillac,Manual 6-spd,6.0,3.0
21886,Midsize Cars,Regular,Front-Wheel Drive,14.3308695652174,Buick,Automatic (S6),4.0,2.4
21887,Subcompact Cars,Regular,Front-Wheel Drive,8.45153846153846,Chevrolet,Manual 5-spd,3.0,1.0
21888,Midsize Cars,Premium,Rear-Wheel Drive,16.4805,Infiniti,Manual 6-spd,6.0,3.7
21889,Midsize Cars,Premium,Rear-Wheel Drive,14.9822727272727,Infiniti,Automatic (S7),6.0,3.7
21890,Midsize Cars,Premium,4-Wheel Drive,16.4805,Infiniti,Automatic (S7),6.0,3.7
21891,Midsize Cars,Premium,All-Wheel Drive,15.6957142857143,Lexus,Auto (AV-S8),8.0,5.0
21892,Large Cars,Premium,Rear-Wheel Drive,14.9822727272727,BMW,Automatic (S8),6.0,3.0
21893,Large Cars,Premium,Rear-Wheel Drive,17.3478947368421,Jaguar,Automatic (S6),8.0,5.0
21894,Large Cars,Premium,Rear-Wheel Drive,19.3888235294118,Jaguar,Automatic (S6),8.0,5.0
21895,Large Cars,Premium,Rear-Wheel Drive,18.3116666666667,Jaguar,Automatic (S6),8.0,5.0
21896,Large Cars,Premium,Rear-Wheel Drive,27.4675,Maybach,Automatic 5-spd,12.0,6.0
21897,Large Cars,Premium,Rear-Wheel Drive,17.3478947368421,Porsche,Automatic 7-spd,8.0,4.8
21898,Subcompact Cars,Premium,Rear-Wheel Drive,18.3116666666667,Chrysler,Automatic 4-spd,4.0,2.6
21899,Large Cars,Premium,All-Wheel Drive,17.3478947368421,Porsche,Automatic 7-spd,8.0,4.8
21900,Large Cars,Premium,All-Wheel Drive,18.3116666666667,Porsche,Automatic 7-spd,8.0,4.8
21901,Large Cars,Premium,Rear-Wheel Drive,21.974,Rolls-Royce,Automatic (S8),12.0,6.6
21902,Small Station Wagons,Regular,Front-Wheel Drive,12.2077777777778,Nissan,Manual 6-spd,4.0,1.8
21903,Small Station Wagons,Regular,Front-Wheel Drive,11.3658620689655,Nissan,Automatic (variable gear ratios),4.0,1.8
21904,Sport Utility Vehicle - 2WD,Regular,Front-Wheel Drive,15.6957142857143,Honda,Automatic 5-spd,6.0,3.5
21905,Sport Utility Vehicle - 2WD,Regular,Front-Wheel Drive,14.3308695652174,Hyundai,Automatic 6-spd,4.0,2.4
21906,Sport Utility Vehicle - 2WD,Regular,Front-Wheel Drive,14.3308695652174,Hyundai,Automatic 6-spd,6.0,3.5
21907,Sport Utility Vehicle - 2WD,Regular,Front-Wheel Drive,12.6773076923077,Hyundai,Automatic 6-spd,4.0,2.4
21908,Sport Utility Vehicle - 2WD,Regular,Front-Wheel Drive,13.1844,Hyundai,Manual 6-spd,4.0,2.4
21909,Subcompact Cars,Premium,Rear-Wheel Drive,18.3116666666667,Chrysler,Manual 5-spd,4.0,2.6
21910,Sport Utility Vehicle - 2WD,Regular,Front-Wheel Drive,13.73375,Toyota,Automatic (S6),4.0,2.7
21911,Sport Utility Vehicle - 2WD,Regular,Front-Wheel Drive,14.9822727272727,Toyota,Automatic (S6),6.0,3.5
21912,Sport Utility Vehicle - 2WD,Regular,Rear-Wheel Drive,16.4805,Toyota,Automatic 4-spd,4.0,2.7
21913,Sport Utility Vehicle - 4WD,Premium,All-Wheel Drive,18.3116666666667,Cadillac,Automatic (S6),6.0,2.8
21914,Sport Utility Vehicle - 4WD,Regular,All-Wheel Drive,16.4805,Honda,Automatic 5-spd,6.0,3.5
21915,Sport Utility Vehicle - 4WD,Premium,All-Wheel Drive,17.3478947368421,Acura,Automatic (S6),6.0,3.7
21916,Sport Utility Vehicle - 4WD,Regular,4-Wheel Drive,14.3308695652174,Hyundai,Automatic 6-spd,4.0,2.4
21917,Sport Utility Vehicle - 4WD,Regular,4-Wheel Drive,14.9822727272727,Hyundai,Automatic 6-spd,6.0,3.5
21918,Sport Utility Vehicle - 4WD,Regular,4-Wheel Drive,13.73375,Hyundai,Automatic 6-spd,4.0,2.4
21919,Sport Utility Vehicle - 4WD,Regular,4-Wheel Drive,13.73375,Hyundai,Manual 6-spd,4.0,2.4
21920,Subcompact Cars,Premium,Front-Wheel Drive,17.3478947368421,Chrysler,Automatic 3-spd,4.0,2.2
21921,Sport Utility Vehicle - 4WD,Premium,4-Wheel Drive,14.9822727272727,Mercedes-Benz,Automatic (variable gear ratios),6.0,3.5
21922,Sport Utility Vehicle - 4WD,Premium,4-Wheel Drive,27.4675,Mercedes-Benz,Automatic 5-spd,8.0,5.4
21923,Sport Utility Vehicle - 4WD,Regular,All-Wheel Drive,14.3308695652174,Toyota,Automatic (S6),4.0,2.7
21924,Sport Utility Vehicle - 4WD,Regular,All-Wheel Drive,15.6957142857143,Toyota,Automatic (S6),6.0,3.5
21925,Sport Utility Vehicle - 4WD,Premium,4-Wheel Drive,19.3888235294118,Lexus,Automatic (S6),8.0,4.6
21926,Two Seaters,Premium,Rear-Wheel Drive,14.9822727272727,BMW,Manual 6-spd,6.0,3.0
21927,Two Seaters,Premium,Rear-Wheel Drive,14.9822727272727,BMW,Automatic (S6),6.0,3.0
21928,Two Seaters,Premium,Rear-Wheel Drive,15.6957142857143,BMW,Manual 6-spd,6.0,3.0
21929,Two Seaters,Premium,Rear-Wheel Drive,17.3478947368421,BMW,Automatic (S7),6.0,3.0
21930,Two Seaters,Premium,Rear-Wheel Drive,17.3478947368421,BMW,Automatic (S7),6.0,3.0
21931,Subcompact Cars,Premium,Front-Wheel Drive,15.6957142857143,Chrysler,Manual 5-spd,4.0,2.2
21932,Two Seaters,Premium,Rear-Wheel Drive,19.3888235294118,Mercedes-Benz,Automatic 7-spd,8.0,5.5
21933,Two Seaters,Premium,Rear-Wheel Drive,23.5435714285714,Mercedes-Benz,Automatic 7-spd,8.0,6.3
21934,Two Seaters,Premium,Rear-Wheel Drive,23.5435714285714,Mercedes-Benz,Automatic 5-spd,12.0,6.0
21935,Two Seaters,Premium,Rear-Wheel Drive,20.600625,Mercedes-Benz,Auto(AM7),8.0,6.2
21936,Subcompact Cars,Premium,Front-Wheel Drive,17.3478947368421,Chrysler,Automatic 3-spd,4.0,2.2
21937,Minicompact Cars,Premium,Rear-Wheel Drive,17.3478947368421,Jaguar,Automatic (S6),8.0,5.0
21938,Minicompact Cars,Premium,Rear-Wheel Drive,19.3888235294118,Jaguar,Automatic (S6),8.0,5.0
21939,Minicompact Cars,Premium,Rear-Wheel Drive,18.3116666666667,Jaguar,Automatic (S6),8.0,5.0
21940,Minicompact Cars,Regular,Front-Wheel Drive,14.3308695652174,Mitsubishi,Automatic (S4),4.0,2.4
21941,Subcompact Cars,Premium,Front-Wheel Drive,15.6957142857143,Chrysler,Manual 5-spd,4.0,2.2
21942,Minicompact Cars,Premium,Front-Wheel Drive,17.3478947368421,Mitsubishi,Automatic (S5),6.0,3.8
21943,Subcompact Cars,Regular,Front-Wheel Drive,15.6957142857143,Chrysler,Automatic 3-spd,4.0,2.5
21944,Two Seaters,Regular,Rear-Wheel Drive,19.3888235294118,Chevrolet,Automatic 4-spd,8.0,5.7
21945,Two Seaters,Regular,Rear-Wheel Drive,17.3478947368421,Pontiac,Manual 4-spd,6.0,2.8
21946,Compact Cars,Regular,Front-Wheel Drive,10.3003125,Ford,Manual 4-spd,4.0,1.9
21947,Subcompact Cars,Regular,Front-Wheel Drive,14.3308695652174,Chrysler,Manual 5-spd,4.0,2.5
21948,Subcompact Cars,Premium,Rear-Wheel Drive,14.9822727272727,BMW,Manual 6-spd,6.0,3.0
21949,Subcompact Cars,Premium,Rear-Wheel Drive,15.6957142857143,BMW,Automatic (S6),6.0,3.0
21950,Subcompact Cars,Premium,Rear-Wheel Drive,14.9822727272727,BMW,Manual 6-spd,6.0,3.0
21951,Subcompact Cars,Regular,Front-Wheel Drive,14.3308695652174,Nissan,Automatic 3-spd,4.0,1.6
21952,Subcompact Cars,Premium,Rear-Wheel Drive,14.9822727272727,BMW,Automatic (S6),6.0,3.0
21953,Subcompact Cars,Premium,Rear-Wheel Drive,14.3308695652174,BMW,Manual 6-spd,6.0,3.0
21954,Subcompact Cars,Premium,Rear-Wheel Drive,16.4805,BMW,Automatic (S7),6.0,3.0
21955,Subcompact Cars,Premium,Rear-Wheel Drive,14.9822727272727,BMW,Manual 6-spd,6.0,3.0
21956,Subcompact Cars,Premium,Rear-Wheel Drive,16.4805,BMW,Automatic (S7),6.0,3.0
21957,Subcompact Cars,Premium,Rear-Wheel Drive,14.9822727272727,BMW,Manual 6-spd,6.0,3.0
21958,Subcompact Cars,Premium,Rear-Wheel Drive,14.9822727272727,BMW,Automatic (S6),6.0,3.0
21959,Subcompact Cars,Premium,Rear-Wheel Drive,16.4805,BMW,Manual 6-spd,6.0,3.0
21960,Subcompact Cars,Premium,Rear-Wheel Drive,15.6957142857143,BMW,Automatic (S6),6.0,3.0
21961,Subcompact Cars,Premium,All-Wheel Drive,16.4805,BMW,Manual 6-spd,6.0,3.0
21962,Subcompact Cars,Regular,Front-Wheel Drive,14.3308695652174,Nissan,Manual 5-spd,4.0,1.6
21963,Subcompact Cars,Premium,All-Wheel Drive,16.4805,BMW,Automatic (S6),6.0,3.0
21964,Subcompact Cars,Premium,Rear-Wheel Drive,14.9822727272727,BMW,Manual 6-spd,6.0,3.0
21965,Subcompact Cars,Premium,Rear-Wheel Drive,14.9822727272727,BMW,Automatic (S6),6.0,3.0
21966,Subcompact Cars,Premium,Rear-Wheel Drive,14.9822727272727,BMW,Manual 6-spd,6.0,3.0
21967,Subcompact Cars,Premium,Rear-Wheel Drive,14.9822727272727,BMW,Automatic (S6),6.0,3.0
21968,Subcompact Cars,Premium,All-Wheel Drive,15.6957142857143,BMW,Manual 6-spd,6.0,3.0
21969,Subcompact Cars,Premium,All-Wheel Drive,15.6957142857143,BMW,Automatic (S6),6.0,3.0
21970,Subcompact Cars,Premium,Rear-Wheel Drive,15.6957142857143,BMW,Manual 6-spd,6.0,3.0
21971,Subcompact Cars,Premium,Rear-Wheel Drive,17.3478947368421,BMW,Automatic (S7),6.0,3.0
21972,Subcompact Cars,Premium,Rear-Wheel Drive,15.6957142857143,BMW,Manual 6-spd,6.0,3.0
21973,Subcompact Cars,Regular,Front-Wheel Drive,13.1844,Nissan,Manual 5-spd,4.0,1.6
21974,Subcompact Cars,Premium,Rear-Wheel Drive,17.3478947368421,BMW,Automatic (S7),6.0,3.0
21975,Subcompact Cars,Premium,Rear-Wheel Drive,20.600625,BMW,Manual 6-spd,8.0,4.0
21976,Subcompact Cars,Premium,Rear-Wheel Drive,20.600625,BMW,Automatic (S7),8.0,4.0
21977,Subcompact Cars,Premium,Rear-Wheel Drive,20.600625,BMW,Manual 6-spd,8.0,4.0
21978,Subcompact Cars,Premium,Rear-Wheel Drive,20.600625,BMW,Automatic (S7),8.0,4.0
21979,Subcompact Cars,Regular,Front-Wheel Drive,10.6325806451613,Ford,Manual 5-spd,4.0,1.6
21980,Subcompact Cars,Regular,Front-Wheel Drive,10.3003125,Ford,Auto(AM6),4.0,1.6
21981,Subcompact Cars,Regular,Front-Wheel Drive,9.98818181818182,Ford,Auto(AM6),4.0,1.6
21982,Subcompact Cars,Premium,Rear-Wheel Drive,19.3888235294118,Ford,Manual 6-spd,8.0,5.4
21983,Subcompact Cars,Regular,Rear-Wheel Drive,14.3308695652174,Ford,Automatic 6-spd,6.0,3.7
21984,Subcompact Cars,Regular,Front-Wheel Drive,13.1844,Nissan,Automatic 3-spd,4.0,1.6
21985,Subcompact Cars,Regular,Rear-Wheel Drive,14.9822727272727,Ford,Manual 6-spd,6.0,3.7
21986,Subcompact Cars,Regular,Rear-Wheel Drive,16.4805,Ford,Manual 6-spd,8.0,5.0
21987,Subcompact Cars,Regular,Rear-Wheel Drive,16.4805,Ford,Automatic 6-spd,8.0,5.0
21988,Subcompact Cars,Regular,Rear-Wheel Drive,14.3308695652174,Ford,Automatic 6-spd,6.0,3.7
21989,Subcompact Cars,Premium,Rear-Wheel Drive,16.4805,Mercedes-Benz,Automatic 7-spd,6.0,3.5
21990,Subcompact Cars,Premium,Rear-Wheel Drive,19.3888235294118,Mercedes-Benz,Automatic 7-spd,8.0,5.5
21991,Subcompact Cars,Regular,Front-Wheel Drive,14.3308695652174,Mitsubishi,Manual 5-spd,4.0,2.4
21992,Subcompact Cars,Regular,Front-Wheel Drive,14.3308695652174,Mitsubishi,Automatic (S4),4.0,2.4
21993,Subcompact Cars,Premium,Front-Wheel Drive,16.4805,Mitsubishi,Automatic (S5),6.0,3.8
21994,Subcompact Cars,Premium,All-Wheel Drive,19.3888235294118,Nissan,Auto(AM6),6.0,3.8
21995,Subcompact Cars,Regular,Front-Wheel Drive,12.6773076923077,Nissan,Manual 5-spd,4.0,1.6
21996,Subcompact Cars,Regular,Front-Wheel Drive,14.3308695652174,Volvo,Manual 6-spd,5.0,2.5
21997,Subcompact Cars,Regular,Front-Wheel Drive,14.3308695652174,Volvo,Automatic (S5),5.0,2.5
21998,Compact Cars,Premium,Rear-Wheel Drive,14.9822727272727,BMW,Manual 6-spd,6.0,3.0
21999,Compact Cars,Premium,Rear-Wheel Drive,14.9822727272727,BMW,Automatic (S6),6.0,3.0
22000,Compact Cars,Premium,All-Wheel Drive,16.4805,BMW,Manual 6-spd,6.0,3.0
22001,Compact Cars,Premium,All-Wheel Drive,16.4805,BMW,Automatic (S6),6.0,3.0
22002,Compact Cars,Diesel,Rear-Wheel Drive,14.155,BMW,Automatic (S6),6.0,3.0
22003,Compact Cars,Premium,Rear-Wheel Drive,14.9822727272727,BMW,Manual 6-spd,6.0,3.0
22004,Compact Cars,Premium,Rear-Wheel Drive,14.9822727272727,BMW,Automatic (S6),6.0,3.0
22005,Compact Cars,Premium,All-Wheel Drive,15.6957142857143,BMW,Manual 6-spd,6.0,3.0
22006,Subcompact Cars,Regular,Front-Wheel Drive,13.1844,Nissan,Automatic 3-spd,4.0,1.6
22007,Compact Cars,Premium,All-Wheel Drive,15.6957142857143,BMW,Automatic (S6),6.0,3.0
22008,Compact Cars,Premium,Rear-Wheel Drive,20.600625,BMW,Manual 6-spd,8.0,4.0
22009,Compact Cars,Premium,Rear-Wheel Drive,20.600625,BMW,Automatic (S7),8.0,4.0
22010,Compact Cars,Regular,Front-Wheel Drive,10.987,Kia,Automatic 4-spd,4.0,1.6
22011,Compact Cars,Regular,Front-Wheel Drive,10.987,Kia,Manual 5-spd,4.0,1.6
22012,Compact Cars,Premium,Rear-Wheel Drive,23.5435714285714,Mercedes-Benz,Automatic 7-spd,8.0,6.3
22013,Compact Cars,Regular,All-Wheel Drive,14.9822727272727,Subaru,Manual 5-spd,4.0,2.5
22014,Compact Cars,Regular,All-Wheel Drive,14.9822727272727,Subaru,Automatic (S4),4.0,2.5
22015,Compact Cars,Regular,Front-Wheel Drive,13.73375,Volvo,Manual 6-spd,5.0,2.5
22016,Compact Cars,Regular,Front-Wheel Drive,13.73375,Volvo,Automatic (S5),5.0,2.5
22017,Subcompact Cars,Regular,Front-Wheel Drive,10.6325806451613,Nissan,Manual 5-spd,4.0,1.6
22018,Midsize Cars,Premium,Rear-Wheel Drive,13.1844,BMW,Automatic (S8),6.0,3.0
22019,Midsize Cars,Premium,Rear-Wheel Drive,14.9822727272727,BMW,Manual 6-spd,6.0,3.0
22020,Midsize Cars,Premium,Rear-Wheel Drive,19.3888235294118,BMW,Manual 6-spd,8.0,4.4
22021,Midsize Cars,Premium,Rear-Wheel Drive,16.4805,BMW,Automatic (S8),8.0,4.4
22022,Midsize Cars,Premium,Rear-Wheel Drive,16.4805,BMW,Automatic (S8),8.0,4.4
22023,Midsize Cars,Regular,Front-Wheel Drive,14.3308695652174,Buick,Automatic (S6),4.0,2.4
22024,Midsize Cars,Premium,Rear-Wheel Drive,15.6957142857143,Infiniti,Automatic (S7),6.0,3.7
22025,Midsize Cars,Premium,All-Wheel Drive,16.4805,Infiniti,Automatic (S7),6.0,3.7
22026,Midsize Cars,Premium,Rear-Wheel Drive,17.3478947368421,Infiniti,Automatic (S7),8.0,5.6
22027,Midsize Cars,Premium,All-Wheel Drive,18.3116666666667,Infiniti,Automatic (S7),8.0,5.6
22028,Subcompact Cars,Regular,Rear-Wheel Drive,15.6957142857143,Nissan,Automatic 4-spd,4.0,2.0
22029,Midsize Cars,Premium,Rear-Wheel Drive,17.3478947368421,Jaguar,Automatic (S6),8.0,5.0
22030,Midsize Cars,Premium,Rear-Wheel Drive,19.3888235294118,Jaguar,Automatic (S6),8.0,5.0
22031,Midsize Cars,Regular,All-Wheel Drive,13.1844,Subaru,Automatic (variable gear ratios),4.0,2.5
22032,Midsize Cars,Regular,All-Wheel Drive,14.9822727272727,Subaru,Manual 6-spd,4.0,2.5
22033,Midsize Cars,Premium,All-Wheel Drive,15.6957142857143,Subaru,Manual 6-spd,4.0,2.5
22034,Midsize Cars,Regular,All-Wheel Drive,16.4805,Subaru,Automatic (S5),6.0,3.6
22035,Midsize Cars,Regular,Front-Wheel Drive,12.6773076923077,Toyota,Manual 6-spd,4.0,2.5
22036,Midsize Cars,Regular,Front-Wheel Drive,13.1844,Toyota,Automatic (S6),4.0,2.5
22037,Midsize Cars,Regular,Front-Wheel Drive,14.3308695652174,Toyota,Automatic (S6),6.0,3.5
22038,Midsize Cars,Regular,Front-Wheel Drive,9.98818181818182,Toyota,Automatic (variable gear ratios),4.0,2.4
22039,Subcompact Cars,Regular,Rear-Wheel Drive,14.9822727272727,Nissan,Manual 5-spd,4.0,2.0
22040,Large Cars,Premium,Rear-Wheel Drive,16.4805,BMW,Automatic (S6),6.0,3.0
22041,Large Cars,Premium,Rear-Wheel Drive,16.4805,BMW,Automatic (S6),6.0,3.0
22042,Large Cars,Premium,Rear-Wheel Drive,19.3888235294118,BMW,Automatic (S6),8.0,4.4
22043,Large Cars,Premium,All-Wheel Drive,20.600625,BMW,Automatic (S6),8.0,4.4
22044,Large Cars,Premium,All-Wheel Drive,20.600625,BMW,Automatic (S6),8.0,4.4
22045,Large Cars,Premium,Rear-Wheel Drive,16.4805,BMW,Automatic (S8),8.0,4.4
22046,Large Cars,Premium,All-Wheel Drive,20.600625,BMW,Automatic (S6),8.0,4.4
22047,Large Cars,Premium,All-Wheel Drive,20.600625,BMW,Automatic (S6),8.0,4.4
22048,Large Cars,Regular,All-Wheel Drive,16.4805,Ford,Automatic 6-spd,6.0,3.5
22049,Large Cars,Regular,All-Wheel Drive,16.4805,Ford,Automatic (S6),6.0,3.5
22050,Compact Cars,Regular,Front-Wheel Drive,12.2077777777778,Ford,Manual 5-spd,4.0,1.9
22051,Subcompact Cars,Regular,Rear-Wheel Drive,17.3478947368421,Nissan,Automatic 4-spd,6.0,3.0
22052,Large Cars,Regular,Front-Wheel Drive,14.9822727272727,Ford,Automatic 6-spd,6.0,3.5
22053,Large Cars,Regular,Front-Wheel Drive,15.6957142857143,Ford,Automatic (S6),6.0,3.5
22054,Large Cars,Regular,Front-Wheel Drive,14.9822727272727,Hyundai,Automatic 6-spd,6.0,3.3
22055,Large Cars,Regular,Front-Wheel Drive,14.9822727272727,Hyundai,Automatic 6-spd,6.0,3.8
22056,Large Cars,Regular,Front-Wheel Drive,12.2077777777778,Hyundai,Manual 6-spd,4.0,2.4
22057,Large Cars,Regular,Front-Wheel Drive,12.6773076923077,Hyundai,Automatic 6-spd,4.0,2.4
22058,Large Cars,Premium,Rear-Wheel Drive,18.3116666666667,Jaguar,Automatic (S6),8.0,5.0
22059,Large Cars,Premium,Rear-Wheel Drive,19.3888235294118,Jaguar,Automatic (S6),8.0,5.0
22060,Large Cars,Premium,Rear-Wheel Drive,17.3478947368421,Jaguar,Automatic (S6),8.0,5.0
22061,Large Cars,Regular,All-Wheel Drive,16.4805,Lincoln,Automatic (S6),6.0,3.5
22062,Subcompact Cars,Regular,Rear-Wheel Drive,17.3478947368421,Nissan,Manual 5-spd,6.0,3.0
22063,Large Cars,Regular,All-Wheel Drive,17.3478947368421,Lincoln,Automatic (S6),6.0,3.7
22064,Large Cars,Regular,Front-Wheel Drive,17.3478947368421,Lincoln,Automatic (S6),6.0,3.7
22065,Large Cars,Regular,Front-Wheel Drive,14.3308695652174,Toyota,Automatic (S6),6.0,3.5
22066,Small Station Wagons,Premium,Rear-Wheel Drive,16.4805,BMW,Manual 6-spd,6.0,3.0
22067,Small Station Wagons,Premium,Rear-Wheel Drive,15.6957142857143,BMW,Automatic (S6),6.0,3.0
22068,Small Station Wagons,Premium,All-Wheel Drive,16.4805,BMW,Manual 6-spd,6.0,3.0
22069,Small Station Wagons,Premium,All-Wheel Drive,16.4805,BMW,Automatic (S6),6.0,3.0
22070,Small Station Wagons,Regular,Front-Wheel Drive,12.6773076923077,Hyundai,Automatic 4-spd,4.0,2.0
22071,Small Station Wagons,Regular,Front-Wheel Drive,12.6773076923077,Hyundai,Manual 5-spd,4.0,2.0
22072,Small Station Wagons,Regular,Front-Wheel Drive,13.73375,Scion,Manual 5-spd,4.0,2.4
22073,Subcompact Cars,Regular,Rear-Wheel Drive,17.3478947368421,Nissan,Automatic 4-spd,6.0,3.0
22074,Small Station Wagons,Regular,Front-Wheel Drive,13.73375,Scion,Automatic (S4),4.0,2.4
22075,Small Station Wagons,Regular,All-Wheel Drive,14.9822727272727,Subaru,Manual 5-spd,4.0,2.5
22076,Small Station Wagons,Regular,All-Wheel Drive,14.9822727272727,Subaru,Automatic (S4),4.0,2.5
22077,Small Pickup Trucks 2WD,Regular,Rear-Wheel Drive,15.6957142857143,Chevrolet,Automatic 4-spd,4.0,2.9
22078,Small Pickup Trucks 2WD,Regular,Rear-Wheel Drive,15.6957142857143,Chevrolet,Manual 5-spd,4.0,2.9
22079,Small Pickup Trucks 2WD,Regular,Rear-Wheel Drive,17.3478947368421,Chevrolet,Automatic 4-spd,5.0,3.7
22080,Small Pickup Trucks 2WD,Regular,Rear-Wheel Drive,20.600625,Chevrolet,Automatic 4-spd,8.0,5.3
22081,Small Pickup Trucks 2WD,Regular,Rear-Wheel Drive,19.3888235294118,Chevrolet,Automatic 4-spd,5.0,3.7
22082,Small Pickup Trucks 2WD,Regular,Rear-Wheel Drive,15.6957142857143,Chevrolet,Automatic 4-spd,4.0,2.9
22083,Small Pickup Trucks 2WD,Regular,Rear-Wheel Drive,15.6957142857143,Chevrolet,Manual 5-spd,4.0,2.9
22084,Subcompact Cars,Regular,Rear-Wheel Drive,18.3116666666667,Nissan,Manual 5-spd,6.0,3.0
22085,Small Pickup Trucks 2WD,Regular,Rear-Wheel Drive,17.3478947368421,Chevrolet,Automatic 4-spd,5.0,3.7
22086,Small Pickup Trucks 2WD,Regular,Rear-Wheel Drive,20.600625,Chevrolet,Automatic 4-spd,8.0,5.3
22087,Small Pickup Trucks 2WD,Regular,Rear-Wheel Drive,15.6957142857143,GMC,Automatic 4-spd,4.0,2.9
22088,Small Pickup Trucks 2WD,Regular,Rear-Wheel Drive,15.6957142857143,GMC,Manual 5-spd,4.0,2.9
22089,Small Pickup Trucks 2WD,Regular,Rear-Wheel Drive,17.3478947368421,GMC,Automatic 4-spd,5.0,3.7
22090,Small Pickup Trucks 2WD,Regular,Rear-Wheel Drive,20.600625,GMC,Automatic 4-spd,8.0,5.3
22091,Small Pickup Trucks 2WD,Regular,Rear-Wheel Drive,19.3888235294118,GMC,Automatic 4-spd,5.0,3.7
22092,Small Pickup Trucks 2WD,Regular,Rear-Wheel Drive,15.6957142857143,GMC,Automatic 4-spd,4.0,2.9
22093,Small Pickup Trucks 2WD,Regular,Rear-Wheel Drive,15.6957142857143,GMC,Manual 5-spd,4.0,2.9
22094,Small Pickup Trucks 2WD,Regular,Rear-Wheel Drive,17.3478947368421,GMC,Automatic 4-spd,5.0,3.7
22095,Subcompact Cars,Regular,Front-Wheel Drive,14.9822727272727,Dodge,Automatic 3-spd,4.0,2.2
22096,Small Pickup Trucks 2WD,Regular,Rear-Wheel Drive,20.600625,GMC,Automatic 4-spd,8.0,5.3
22097,Small Pickup Trucks 4WD,Regular,4-Wheel Drive,16.4805,Chevrolet,Automatic 4-spd,4.0,2.9
22098,Small Pickup Trucks 4WD,Regular,4-Wheel Drive,16.4805,Chevrolet,Manual 5-spd,4.0,2.9
22099,Small Pickup Trucks 4WD,Regular,4-Wheel Drive,17.3478947368421,Chevrolet,Automatic 4-spd,5.0,3.7
22100,Small Pickup Trucks 4WD,Regular,4-Wheel Drive,20.600625,Chevrolet,Automatic 4-spd,8.0,5.3
22101,Small Pickup Trucks 4WD,Regular,4-Wheel Drive,18.3116666666667,Chevrolet,Automatic 4-spd,5.0,3.7
22102,Small Pickup Trucks 4WD,Regular,4-Wheel Drive,18.3116666666667,Chevrolet,Automatic 4-spd,5.0,3.7
22103,Small Pickup Trucks 4WD,Regular,4-Wheel Drive,20.600625,Chevrolet,Automatic 4-spd,8.0,5.3
22104,Small Pickup Trucks 4WD,Regular,4-Wheel Drive,16.4805,GMC,Automatic 4-spd,4.0,2.9
22105,Small Pickup Trucks 4WD,Regular,4-Wheel Drive,16.4805,GMC,Manual 5-spd,4.0,2.9
22106,Subcompact Cars,Regular,Front-Wheel Drive,12.6773076923077,Dodge,Manual 5-spd,4.0,2.2
22107,Small Pickup Trucks 4WD,Regular,4-Wheel Drive,17.3478947368421,GMC,Automatic 4-spd,5.0,3.7
22108,Small Pickup Trucks 4WD,Regular,4-Wheel Drive,20.600625,GMC,Automatic 4-spd,8.0,5.3
22109,Small Pickup Trucks 4WD,Regular,4-Wheel Drive,18.3116666666667,GMC,Automatic 4-spd,5.0,3.7
22110,Small Pickup Trucks 4WD,Regular,4-Wheel Drive,18.3116666666667,GMC,Automatic 4-spd,5.0,3.7
22111,Small Pickup Trucks 4WD,Regular,4-Wheel Drive,20.600625,GMC,Automatic 4-spd,8.0,5.3
22112,Standard Pickup Trucks 2WD,Regular,Rear-Wheel Drive,19.3888235294118,Chevrolet,Automatic 4-spd,6.0,4.3
22113,Standard Pickup Trucks 2WD,Gasoline or E85,Rear-Wheel Drive,19.3888235294118,Chevrolet,Automatic 6-spd,8.0,5.3
22114,Standard Pickup Trucks 2WD,Gasoline or E85,Rear-Wheel Drive,20.600625,Chevrolet,Automatic 4-spd,8.0,4.8
22115,Standard Pickup Trucks 2WD,Gasoline or E85,Rear-Wheel Drive,18.3116666666667,Chevrolet,Automatic 6-spd,8.0,5.3
22116,Standard Pickup Trucks 2WD,Regular,Rear-Wheel Drive,19.3888235294118,GMC,Automatic 4-spd,6.0,4.3
22117,Subcompact Cars,Premium,Front-Wheel Drive,16.4805,Dodge,Manual 5-spd,4.0,2.2
22118,Standard Pickup Trucks 2WD,Gasoline or E85,Rear-Wheel Drive,19.3888235294118,GMC,Automatic 6-spd,8.0,5.3
22119,Standard Pickup Trucks 2WD,Gasoline or E85,Rear-Wheel Drive,20.600625,GMC,Automatic 4-spd,8.0,4.8
22120,Standard Pickup Trucks 2WD,Gasoline or E85,Rear-Wheel Drive,18.3116666666667,GMC,Automatic 6-spd,8.0,5.3
22121,Standard Pickup Trucks 4WD,Regular,4-Wheel Drive,20.600625,Chevrolet,Automatic 4-spd,6.0,4.3
22122,Standard Pickup Trucks 4WD,Gasoline or E85,4-Wheel Drive,19.3888235294118,Chevrolet,Automatic 6-spd,8.0,5.3
22123,Standard Pickup Trucks 4WD,Gasoline or E85,4-Wheel Drive,21.974,Chevrolet,Automatic 4-spd,8.0,4.8
22124,Standard Pickup Trucks 4WD,Regular,4-Wheel Drive,20.600625,GMC,Automatic 4-spd,6.0,4.3
22125,Standard Pickup Trucks 4WD,Gasoline or E85,4-Wheel Drive,19.3888235294118,GMC,Automatic 6-spd,8.0,5.3
22126,Standard Pickup Trucks 4WD,Gasoline or E85,4-Wheel Drive,21.974,GMC,Automatic 4-spd,8.0,4.8
22127,"Vans, Cargo Type",Regular,Rear-Wheel Drive,19.3888235294118,Chevrolet,Automatic 4-spd,6.0,4.3
22128,Subcompact Cars,Regular,Front-Wheel Drive,12.2077777777778,Dodge,Automatic 3-spd,4.0,1.5
22129,"Vans, Cargo Type",Regular,Rear-Wheel Drive,19.3888235294118,GMC,Automatic 4-spd,6.0,4.3
22130,"Vans, Passenger Type",Gasoline or E85,Rear-Wheel Drive,25.3546153846154,Chevrolet,Automatic 6-spd,8.0,4.8
22131,"Vans, Passenger Type",Gasoline or E85,Rear-Wheel Drive,25.3546153846154,GMC,Automatic 6-spd,8.0,4.8
22132,Minivan - 2WD,Regular,Front-Wheel Drive,15.6957142857143,Hyundai,Automatic 6-spd,6.0,3.5
22133,Minivan - 2WD,Regular,Front-Wheel Drive,15.6957142857143,Kia,Automatic 6-spd,6.0,3.5
22134,Minivan - 2WD,Regular,Front-Wheel Drive,16.4805,Toyota,Automatic (S6),6.0,3.5
22135,Minivan - 2WD,Regular,Front-Wheel Drive,15.6957142857143,Toyota,Automatic (S6),4.0,2.7
22136,Minivan - 4WD,Regular,All-Wheel Drive,18.3116666666667,Toyota,Automatic (S6),6.0,3.5
22137,Sport Utility Vehicle - 2WD,Gasoline or E85,Rear-Wheel Drive,19.3888235294118,Chevrolet,Automatic 6-spd,8.0,5.3
22138,Sport Utility Vehicle - 2WD,Gasoline or E85,Rear-Wheel Drive,19.3888235294118,Chevrolet,Automatic 6-spd,8.0,5.3
22139,Subcompact Cars,Regular,Front-Wheel Drive,10.6325806451613,Dodge,Manual 4-spd,4.0,1.5
22140,Sport Utility Vehicle - 2WD,Gasoline or E85,Rear-Wheel Drive,19.3888235294118,Chevrolet,Automatic 6-spd,8.0,5.3
22141,Sport Utility Vehicle - 2WD,Regular,Front-Wheel Drive,17.3478947368421,Ford,Automatic 6-spd,6.0,3.5
22142,Sport Utility Vehicle - 2WD,Gasoline or E85,Rear-Wheel Drive,19.3888235294118,GMC,Automatic 6-spd,8.0,5.3
22143,Sport Utility Vehicle - 2WD,Gasoline or E85,Rear-Wheel Drive,19.3888235294118,GMC,Automatic 6-spd,8.0,5.3
22144,Sport Utility Vehicle - 2WD,Regular,Front-Wheel Drive,17.3478947368421,Honda,Automatic 5-spd,6.0,3.5
22145,Sport Utility Vehicle - 2WD,Regular,Rear-Wheel Drive,20.600625,Jeep,Automatic 5-spd,8.0,5.7
22146,Sport Utility Vehicle - 2WD,Gasoline or E85,Rear-Wheel Drive,18.3116666666667,Jeep,Automatic 5-spd,6.0,3.6
22147,Sport Utility Vehicle - 2WD,Regular,Rear-Wheel Drive,18.3116666666667,Kia,Automatic 5-spd,6.0,3.8
22148,Sport Utility Vehicle - 2WD,Regular,Rear-Wheel Drive,18.3116666666667,Kia,Automatic 6-spd,8.0,4.6
22149,Sport Utility Vehicle - 2WD,Regular,Front-Wheel Drive,13.73375,Kia,Automatic 6-spd,4.0,2.4
22150,Subcompact Cars,Regular,Front-Wheel Drive,10.987,Dodge,Manual 5-spd,4.0,1.5
22151,Sport Utility Vehicle - 2WD,Regular,Front-Wheel Drive,14.9822727272727,Kia,Manual 6-spd,4.0,2.4
22152,Sport Utility Vehicle - 2WD,Regular,Front-Wheel Drive,14.9822727272727,Kia,Automatic 6-spd,6.0,3.5
22153,Sport Utility Vehicle - 2WD,Regular,Front-Wheel Drive,17.3478947368421,Lincoln,Automatic (S6),6.0,3.7
22154,Sport Utility Vehicle - 4WD,Premium,All-Wheel Drive,18.3116666666667,BMW,Automatic (S7),8.0,4.4
22155,Sport Utility Vehicle - 4WD,Diesel,All-Wheel Drive,17.3720454545455,BMW,Automatic (S6),6.0,3.0
22156,Sport Utility Vehicle - 4WD,Premium,All-Wheel Drive,17.3478947368421,BMW,Automatic (S8),6.0,3.0
22157,Sport Utility Vehicle - 4WD,Premium,All-Wheel Drive,20.600625,BMW,Automatic (S8),8.0,4.4
22158,Sport Utility Vehicle - 4WD,Premium,All-Wheel Drive,23.5435714285714,BMW,Automatic (S6),8.0,4.4
22159,Sport Utility Vehicle - 4WD,Premium,All-Wheel Drive,17.3478947368421,BMW,Automatic (S8),6.0,3.0
22160,Sport Utility Vehicle - 4WD,Premium,All-Wheel Drive,20.600625,BMW,Automatic (S8),8.0,4.4
22161,Compact Cars,Diesel,Front-Wheel Drive,11.2407352941176,Ford,Manual 5-spd,4.0,2.0
22162,Subcompact Cars,Premium,Front-Wheel Drive,14.9822727272727,Dodge,Automatic 3-spd,4.0,1.6
22163,Sport Utility Vehicle - 4WD,Premium,All-Wheel Drive,23.5435714285714,BMW,Automatic (S6),8.0,4.4
22164,Sport Utility Vehicle - 4WD,Gasoline or E85,4-Wheel Drive,19.3888235294118,Chevrolet,Automatic 6-spd,8.0,5.3
22165,Sport Utility Vehicle - 4WD,Gasoline or E85,4-Wheel Drive,19.3888235294118,Chevrolet,Automatic 6-spd,8.0,5.3
22166,Sport Utility Vehicle - 4WD,Gasoline or E85,4-Wheel Drive,19.3888235294118,Chevrolet,Automatic 6-spd,8.0,5.3
22167,Sport Utility Vehicle - 4WD,Regular,All-Wheel Drive,18.3116666666667,Ford,Automatic 6-spd,6.0,3.5
22168,Sport Utility Vehicle - 4WD,Regular,4-Wheel Drive,18.3116666666667,Ford,Automatic (S6),6.0,3.5
22169,Sport Utility Vehicle - 4WD,Gasoline or E85,4-Wheel Drive,19.3888235294118,GMC,Automatic 6-spd,8.0,5.3
22170,Sport Utility Vehicle - 4WD,Gasoline or E85,4-Wheel Drive,19.3888235294118,GMC,Automatic 6-spd,8.0,5.3
22171,Sport Utility Vehicle - 4WD,Regular,All-Wheel Drive,18.3116666666667,Honda,Automatic 5-spd,6.0,3.5
22172,Sport Utility Vehicle - 4WD,Regular,4-Wheel Drive,21.974,Jeep,Automatic 5-spd,8.0,5.7
22173,Subcompact Cars,Premium,Front-Wheel Drive,13.1844,Dodge,Manual 5-spd,4.0,1.6
22174,Sport Utility Vehicle - 4WD,Gasoline or E85,4-Wheel Drive,18.3116666666667,Jeep,Automatic 5-spd,6.0,3.6
22175,Sport Utility Vehicle - 4WD,Regular,4-Wheel Drive,18.3116666666667,Kia,Automatic 5-spd,6.0,3.8
22176,Sport Utility Vehicle - 4WD,Regular,4-Wheel Drive,19.3888235294118,Kia,Automatic 6-spd,8.0,4.6
22177,Sport Utility Vehicle - 4WD,Regular,4-Wheel Drive,14.3308695652174,Kia,Automatic 6-spd,4.0,2.4
22178,Sport Utility Vehicle - 4WD,Regular,4-Wheel Drive,16.4805,Kia,Automatic 6-spd,6.0,3.5
22179,Sport Utility Vehicle - 4WD,Regular,All-Wheel Drive,18.3116666666667,Lincoln,Automatic (S6),6.0,3.5
22180,Sport Utility Vehicle - 4WD,Regular,All-Wheel Drive,18.3116666666667,Lincoln,Automatic (S6),6.0,3.7
22181,Sport Utility Vehicle - 4WD,Regular,All-Wheel Drive,13.73375,Subaru,Automatic (variable gear ratios),4.0,2.5
22182,Sport Utility Vehicle - 4WD,Regular,All-Wheel Drive,14.9822727272727,Subaru,Manual 6-spd,4.0,2.5
22183,Sport Utility Vehicle - 4WD,Regular,All-Wheel Drive,16.4805,Subaru,Automatic (S5),6.0,3.6
22184,Subcompact Cars,Premium,Front-Wheel Drive,17.3478947368421,Dodge,Automatic 3-spd,4.0,2.2
22185,Two Seaters,Premium,All-Wheel Drive,12.6773076923077,Audi,Automatic (S6),4.0,2.0
22186,Two Seaters,Premium,All-Wheel Drive,21.974,Audi,Auto(AM6),10.0,5.2
22187,Two Seaters,Premium,All-Wheel Drive,21.974,Audi,Auto(AM6),10.0,5.2
22188,Two Seaters,Premium,All-Wheel Drive,23.5435714285714,Audi,Manual 6-spd,10.0,5.2
22189,Two Seaters,Premium,All-Wheel Drive,23.5435714285714,Audi,Manual 6-spd,10.0,5.2
22190,Two Seaters,Premium or E85,All-Wheel Drive,23.5435714285714,Bentley,Automatic (S6),12.0,6.0
22191,Two Seaters,Premium,All-Wheel Drive,32.961,Bugatti,Automatic (S7),16.0,8.0
22192,Two Seaters,Premium,Rear-Wheel Drive,18.3116666666667,Chevrolet,Manual 6-spd,8.0,7.0
22193,Two Seaters,Premium,Rear-Wheel Drive,20.600625,Chevrolet,Manual 6-spd,8.0,6.2
22194,Two Seaters,Regular,Rear-Wheel Drive,17.3478947368421,Chevrolet,Manual 6-spd,8.0,6.2
22195,Subcompact Cars,Premium,Front-Wheel Drive,15.6957142857143,Dodge,Manual 5-spd,4.0,2.2
22196,Two Seaters,Regular,Rear-Wheel Drive,18.3116666666667,Chevrolet,Automatic (S6),8.0,6.2
22197,Two Seaters,Premium,Rear-Wheel Drive,16.4805,Mercedes-Benz,Manual 6-spd,6.0,3.5
22198,Two Seaters,Premium,Rear-Wheel Drive,16.4805,Mercedes-Benz,Manual 6-spd,6.0,3.0
22199,Two Seaters,Premium,Rear-Wheel Drive,15.6957142857143,Mercedes-Benz,Automatic 7-spd,6.0,3.0
22200,Two Seaters,Premium,Rear-Wheel Drive,15.6957142857143,Mercedes-Benz,Automatic 7-spd,6.0,3.5
22201,Two Seaters,Premium,All-Wheel Drive,20.600625,Lamborghini,Auto(AM6),10.0,5.2
22202,Two Seaters,Premium,All-Wheel Drive,20.600625,Lamborghini,Auto(AM6),10.0,5.2
22203,Two Seaters,Premium,All-Wheel Drive,21.974,Lamborghini,Manual 6-spd,10.0,5.2
22204,Two Seaters,Premium,All-Wheel Drive,23.5435714285714,Lamborghini,Manual 6-spd,10.0,5.2
22205,Two Seaters,Premium,Rear-Wheel Drive,14.9822727272727,Porsche,Manual 6-spd,6.0,2.9
22206,Subcompact Cars,Regular,Front-Wheel Drive,15.6957142857143,Dodge,Automatic 3-spd,4.0,2.5
22207,Two Seaters,Premium,Rear-Wheel Drive,14.3308695652174,Porsche,Automatic 7-spd,6.0,2.9
22208,Two Seaters,Premium,Rear-Wheel Drive,14.9822727272727,Porsche,Manual 6-spd,6.0,2.9
22209,Two Seaters,Premium,Rear-Wheel Drive,14.3308695652174,Porsche,Automatic 7-spd,6.0,2.9
22210,Two Seaters,Premium,Rear-Wheel Drive,14.9822727272727,Porsche,Manual 6-spd,6.0,3.4
22211,Two Seaters,Premium,Rear-Wheel Drive,14.3308695652174,Porsche,Automatic 7-spd,6.0,3.4
22212,Two Seaters,Premium,Rear-Wheel Drive,14.9822727272727,Porsche,Manual 6-spd,6.0,3.4
22213,Two Seaters,Premium,Rear-Wheel Drive,14.3308695652174,Porsche,Automatic 7-spd,6.0,3.4
22214,Two Seaters,Premium,Rear-Wheel Drive,14.9822727272727,Porsche,Manual 6-spd,6.0,3.4
22215,Two Seaters,Premium,Rear-Wheel Drive,14.3308695652174,Porsche,Automatic 7-spd,6.0,3.4
22216,Two Seaters,Premium,Rear-Wheel Drive,20.600625,Porsche,Manual 6-spd,6.0,3.8
22217,Subcompact Cars,Regular,Front-Wheel Drive,14.3308695652174,Dodge,Manual 5-spd,4.0,2.5
22218,Two Seaters,Premium,Rear-Wheel Drive,20.600625,Porsche,Manual 6-spd,6.0,3.8
22219,Two Seaters,Premium,Rear-Wheel Drive,13.73375,Mazda,Manual 5-spd,4.0,2.0
22220,Two Seaters,Premium,Rear-Wheel Drive,13.73375,Mazda,Manual 6-spd,4.0,2.0
22221,Two Seaters,Premium,Rear-Wheel Drive,14.3308695652174,Mazda,Automatic (S6),4.0,2.0
22222,Minicompact Cars,Premium,Rear-Wheel Drive,15.6957142857143,Porsche,Manual 6-spd,6.0,3.6
22223,Minicompact Cars,Premium,Rear-Wheel Drive,14.9822727272727,Porsche,Automatic 7-spd,6.0,3.6
22224,Minicompact Cars,Premium,Rear-Wheel Drive,15.6957142857143,Porsche,Manual 6-spd,6.0,3.6
22225,Minicompact Cars,Premium,Rear-Wheel Drive,15.6957142857143,Porsche,Automatic 7-spd,6.0,3.6
22226,Minicompact Cars,Premium,Rear-Wheel Drive,16.4805,Porsche,Manual 6-spd,6.0,3.8
22227,Minicompact Cars,Premium,Rear-Wheel Drive,15.6957142857143,Porsche,Automatic 7-spd,6.0,3.8
22228,Subcompact Cars,Premium,Front-Wheel Drive,17.3478947368421,Dodge,Automatic 3-spd,4.0,2.2
22229,Minicompact Cars,Premium,Rear-Wheel Drive,15.6957142857143,Porsche,Manual 6-spd,6.0,3.8
22230,Minicompact Cars,Premium,Rear-Wheel Drive,15.6957142857143,Porsche,Automatic 7-spd,6.0,3.8
22231,Minicompact Cars,Premium,All-Wheel Drive,15.6957142857143,Porsche,Manual 6-spd,6.0,3.6
22232,Minicompact Cars,Premium,All-Wheel Drive,15.6957142857143,Porsche,Automatic 7-spd,6.0,3.6
22233,Minicompact Cars,Premium,All-Wheel Drive,15.6957142857143,Porsche,Manual 6-spd,6.0,3.6
22234,Minicompact Cars,Premium,All-Wheel Drive,15.6957142857143,Porsche,Automatic 7-spd,6.0,3.6
22235,Minicompact Cars,Premium,All-Wheel Drive,15.6957142857143,Porsche,Manual 6-spd,6.0,3.8
22236,Minicompact Cars,Premium,All-Wheel Drive,15.6957142857143,Porsche,Automatic 7-spd,6.0,3.8
22237,Minicompact Cars,Premium,All-Wheel Drive,16.4805,Porsche,Manual 6-spd,6.0,3.8
22238,Minicompact Cars,Premium,All-Wheel Drive,15.6957142857143,Porsche,Automatic 7-spd,6.0,3.8
22239,Subcompact Cars,Premium,Front-Wheel Drive,15.6957142857143,Dodge,Manual 5-spd,4.0,2.2
22240,Minicompact Cars,Premium,All-Wheel Drive,15.6957142857143,Porsche,Manual 6-spd,6.0,3.6
22241,Minicompact Cars,Premium,All-Wheel Drive,15.6957142857143,Porsche,Automatic 7-spd,6.0,3.6
22242,Minicompact Cars,Premium,All-Wheel Drive,16.4805,Porsche,Manual 6-spd,6.0,3.8
22243,Minicompact Cars,Premium,All-Wheel Drive,15.6957142857143,Porsche,Automatic 7-spd,6.0,3.8
22244,Minicompact Cars,Premium,All-Wheel Drive,17.3478947368421,Porsche,Automatic 7-spd,6.0,3.8
22245,Minicompact Cars,Premium,All-Wheel Drive,17.3478947368421,Porsche,Automatic 7-spd,6.0,3.8
22246,Minicompact Cars,Premium,All-Wheel Drive,17.3478947368421,Porsche,Automatic 7-spd,6.0,3.8
22247,Minicompact Cars,Premium,All-Wheel Drive,17.3478947368421,Porsche,Automatic 7-spd,6.0,3.8
22248,Minicompact Cars,Premium,All-Wheel Drive,17.3478947368421,Porsche,Manual 6-spd,6.0,3.8
22249,Minicompact Cars,Premium,All-Wheel Drive,17.3478947368421,Porsche,Manual 6-spd,6.0,3.8
22250,Subcompact Cars,Regular,Rear-Wheel Drive,15.6957142857143,Ford,Automatic 4-spd,4.0,2.3
22251,Subcompact Cars,Premium,Front-Wheel Drive,13.1844,Audi,Automatic (variable gear ratios),4.0,2.0
22252,Subcompact Cars,Premium,All-Wheel Drive,13.73375,Audi,Automatic (S8),4.0,2.0
22253,Subcompact Cars,Premium,All-Wheel Drive,13.73375,Audi,Automatic (S8),4.0,2.0
22254,Subcompact Cars,Premium,All-Wheel Drive,13.1844,Audi,Manual 6-spd,4.0,2.0
22255,Subcompact Cars,Premium,All-Wheel Drive,19.3888235294118,Audi,Manual 6-spd,8.0,4.2
22256,Subcompact Cars,Premium,All-Wheel Drive,17.3478947368421,Audi,Automatic (S6),8.0,4.2
22257,Subcompact Cars,Premium,All-Wheel Drive,16.4805,Audi,Automatic (S7),6.0,3.0
22258,Subcompact Cars,Premium,All-Wheel Drive,12.6773076923077,Audi,Automatic (S6),4.0,2.0
22259,Subcompact Cars,Premium,Front-Wheel Drive,13.1844,Volkswagen,Manual 6-spd,4.0,2.0
22260,Subcompact Cars,Premium or E85,All-Wheel Drive,25.3546153846154,Bentley,Automatic (S6),12.0,6.0
22261,Subcompact Cars,Regular,Rear-Wheel Drive,14.9822727272727,Ford,Automatic 4-spd,4.0,2.3
22262,Subcompact Cars,Premium or E85,All-Wheel Drive,23.5435714285714,Bentley,Automatic (S6),12.0,6.0
22263,Subcompact Cars,Regular,Front-Wheel Drive,11.7717857142857,Chevrolet,Automatic 4-spd,4.0,1.6
22264,Subcompact Cars,Regular,Front-Wheel Drive,11.7717857142857,Suzuki,Automatic 4-spd,4.0,1.6
22265,Subcompact Cars,Regular,Front-Wheel Drive,11.3658620689655,Chevrolet,Manual 5-spd,4.0,1.6
22266,Subcompact Cars,Regular,Front-Wheel Drive,11.3658620689655,Suzuki,Manual 5-spd,4.0,1.6
22267,Subcompact Cars,Premium,Rear-Wheel Drive,14.3308695652174,Hyundai,Automatic 5-spd,4.0,2.0
22268,Subcompact Cars,Premium,Rear-Wheel Drive,13.73375,Hyundai,Manual 6-spd,4.0,2.0
22269,Subcompact Cars,Regular,Rear-Wheel Drive,16.4805,Hyundai,Automatic 6-spd,6.0,3.8
22270,Subcompact Cars,Regular,Rear-Wheel Drive,16.4805,Hyundai,Manual 6-spd,6.0,3.8
22271,Subcompact Cars,Premium,Rear-Wheel Drive,16.4805,Mercedes-Benz,Automatic 7-spd,6.0,3.5
22272,Compact Cars,Diesel,Front-Wheel Drive,9.554625,Ford,Manual 5-spd,4.0,2.0
22273,Subcompact Cars,Regular,Rear-Wheel Drive,13.73375,Ford,Manual 5-spd,4.0,2.3
22274,Subcompact Cars,Premium,Rear-Wheel Drive,18.3116666666667,Mercedes-Benz,Automatic 7-spd,8.0,5.5
22275,Subcompact Cars,Premium,Front-Wheel Drive,13.1844,Volkswagen,Automatic (S6),4.0,2.0
22276,Compact Cars,Premium,Front-Wheel Drive,13.1844,Audi,Automatic (variable gear ratios),4.0,2.0
22277,Compact Cars,Premium,All-Wheel Drive,13.73375,Audi,Automatic (S8),4.0,2.0
22278,Compact Cars,Premium,All-Wheel Drive,13.1844,Audi,Manual 6-spd,4.0,2.0
22279,Compact Cars,Premium,All-Wheel Drive,15.6957142857143,Audi,Automatic (S7),6.0,3.0
22280,Compact Cars,Premium,All-Wheel Drive,15.6957142857143,Audi,Manual 6-spd,6.0,3.0
22281,Compact Cars,Premium,Front-Wheel Drive,13.1844,Volkswagen,Manual 6-spd,4.0,2.0
22282,Compact Cars,Premium,Front-Wheel Drive,13.1844,Volkswagen,Manual 6-spd,4.0,2.0
22283,Compact Cars,Premium,All-Wheel Drive,17.3478947368421,Subaru,Manual 6-spd,4.0,2.5
22284,Subcompact Cars,Regular,Rear-Wheel Drive,17.3478947368421,Ford,Automatic 4-spd,8.0,5.0
22285,Compact Cars,Premium,All-Wheel Drive,15.6957142857143,Subaru,Manual 5-spd,4.0,2.5
22286,Compact Cars,Regular,Front-Wheel Drive,11.7717857142857,Ford,Automatic 4-spd,4.0,2.0
22287,Compact Cars,Regular,Front-Wheel Drive,11.3658620689655,Ford,Manual 5-spd,4.0,2.0
22288,Compact Cars,Regular,Front-Wheel Drive,11.7717857142857,Chevrolet,Automatic 4-spd,4.0,1.6
22289,Compact Cars,Regular,Front-Wheel Drive,11.3658620689655,Chevrolet,Manual 5-spd,4.0,1.6
22290,Compact Cars,Regular,Rear-Wheel Drive,14.9822727272727,Chevrolet,Automatic (S6),6.0,3.6
22291,Compact Cars,Regular,Rear-Wheel Drive,17.3478947368421,Chevrolet,Manual 6-spd,8.0,6.2
22292,Compact Cars,Regular,Rear-Wheel Drive,17.3478947368421,Chevrolet,Automatic (S6),8.0,6.2
22293,Compact Cars,Regular,Rear-Wheel Drive,16.4805,Chevrolet,Manual 6-spd,6.0,3.6
22294,Compact Cars,Regular,Front-Wheel Drive,10.987,Hyundai,Automatic 4-spd,4.0,1.6
22295,Subcompact Cars,Regular,Rear-Wheel Drive,19.3888235294118,Ford,Manual 5-spd,8.0,5.0
22296,Compact Cars,Regular,Front-Wheel Drive,10.987,Hyundai,Manual 5-spd,4.0,1.6
22297,Compact Cars,Regular,Front-Wheel Drive,11.3658620689655,Hyundai,Manual 5-spd,4.0,1.6
22298,Compact Cars,Premium,Rear-Wheel Drive,16.4805,Mercedes-Benz,Automatic 7-spd,6.0,3.5
22299,Compact Cars,Premium,Rear-Wheel Drive,15.6957142857143,Mercedes-Benz,Automatic 7-spd,6.0,3.0
22300,Compact Cars,Premium,4-Wheel Drive,16.4805,Mercedes-Benz,Automatic 7-spd,6.0,3.0
22301,Compact Cars,Premium,Rear-Wheel Drive,21.974,Mercedes-Benz,Automatic 7-spd,8.0,6.2
22302,Compact Cars,Premium,Rear-Wheel Drive,20.600625,Mercedes-Benz,Automatic 7-spd,8.0,5.5
22303,Compact Cars,Regular,Front-Wheel Drive,12.2077777777778,Mitsubishi,Manual 5-spd,4.0,2.0
22304,Compact Cars,Regular,Front-Wheel Drive,11.7717857142857,Mitsubishi,Auto(AV-S6),4.0,2.0
22305,Compact Cars,Regular,Front-Wheel Drive,13.1844,Mitsubishi,Manual 5-spd,4.0,2.4
22306,Subcompact Cars,Regular,Front-Wheel Drive,9.69441176470588,Honda,Manual 4-spd,4.0,1.3
22307,Compact Cars,Regular,Front-Wheel Drive,12.6773076923077,Mitsubishi,Auto(AV-S6),4.0,2.4
22308,Compact Cars,Premium,All-Wheel Drive,16.4805,Mitsubishi,Auto(AM6),4.0,2.0
22309,Compact Cars,Premium,All-Wheel Drive,17.3478947368421,Mitsubishi,Manual 5-spd,4.0,2.0
22310,Compact Cars,Premium,All-Wheel Drive,17.3478947368421,Mitsubishi,Auto(AM6),4.0,2.0
22311,Compact Cars,Premium,Rear-Wheel Drive,23.5435714285714,Rolls-Royce,Automatic (S6),12.0,6.7
22312,Compact Cars,Premium,Rear-Wheel Drive,23.5435714285714,Rolls-Royce,Automatic (S6),12.0,6.7
22313,Compact Cars,Regular,Front-Wheel Drive,10.6325806451613,Mazda,Manual 5-spd,4.0,1.5
22314,Compact Cars,Regular,Front-Wheel Drive,11.3658620689655,Mazda,Automatic 4-spd,4.0,1.5
22315,Compact Cars,Regular,Front-Wheel Drive,11.7717857142857,Mazda,Manual 5-spd,4.0,2.0
22316,Compact Cars,Regular,Front-Wheel Drive,12.2077777777778,Mazda,Automatic (S5),4.0,2.0
22317,Subcompact Cars,Regular,Front-Wheel Drive,12.6773076923077,Honda,Automatic 4-spd,4.0,1.5
22318,Compact Cars,Regular,Front-Wheel Drive,14.3308695652174,Mazda,Manual 6-spd,4.0,2.5
22319,Compact Cars,Regular,Front-Wheel Drive,13.1844,Mazda,Automatic (S5),4.0,2.5
22320,Compact Cars,Regular,All-Wheel Drive,15.6957142857143,Volvo,Automatic (S6),6.0,3.0
22321,Compact Cars,Regular,Front-Wheel Drive,13.73375,Volvo,Automatic (S5),5.0,2.5
22322,Compact Cars,Regular,Front-Wheel Drive,12.2077777777778,Volkswagen,Automatic (S6),5.0,2.5
22323,Compact Cars,Regular,Front-Wheel Drive,12.2077777777778,Volkswagen,Automatic (S6),5.0,2.5
22324,Compact Cars,Regular,Front-Wheel Drive,12.6773076923077,Volkswagen,Manual 5-spd,5.0,2.5
22325,Compact Cars,Regular,Front-Wheel Drive,12.6773076923077,Volkswagen,Manual 5-spd,5.0,2.5
22326,Compact Cars,Premium,Front-Wheel Drive,13.1844,Volkswagen,Automatic (S6),4.0,2.0
22327,Compact Cars,Premium,Front-Wheel Drive,12.2077777777778,Volkswagen,Automatic (S6),4.0,2.0
22328,Subcompact Cars,Regular,Front-Wheel Drive,11.7717857142857,Honda,Manual 5-spd,4.0,1.5
22329,Compact Cars,Regular,Front-Wheel Drive,13.1844,Volkswagen,Automatic (S6),4.0,2.0
22330,Compact Cars,Regular,Front-Wheel Drive,11.7717857142857,Volkswagen,Manual 5-spd,4.0,2.0
22331,Compact Cars,Premium,All-Wheel Drive,16.4805,Volkswagen,Automatic (S6),6.0,3.6
22332,Midsize Cars,Premium,All-Wheel Drive,15.6957142857143,Audi,Automatic (S8),8.0,4.2
22333,Midsize Cars,Premium,All-Wheel Drive,17.3478947368421,Audi,Automatic (S6),8.0,4.2
22334,Midsize Cars,Premium,Front-Wheel Drive,13.73375,Audi,Automatic (variable gear ratios),6.0,3.2
22335,Midsize Cars,Premium,All-Wheel Drive,15.6957142857143,Audi,Automatic (S6),6.0,3.0
22336,Midsize Cars,Premium,All-Wheel Drive,20.600625,Audi,Automatic (S6),10.0,5.2
22337,Midsize Cars,Premium or E85,All-Wheel Drive,25.3546153846154,Bentley,Automatic (S6),12.0,6.0
22338,Midsize Cars,Regular,Front-Wheel Drive,13.73375,Ford,Automatic (S6),4.0,2.5
22339,Subcompact Cars,Regular,Front-Wheel Drive,12.2077777777778,Honda,Manual 5-spd,4.0,1.5
22340,Midsize Cars,Regular,Front-Wheel Drive,12.6773076923077,Ford,Automatic 6-spd,4.0,2.5
22341,Midsize Cars,Regular,Front-Wheel Drive,12.6773076923077,Mercury,Automatic 6-spd,4.0,2.5
22342,Midsize Cars,Regular,Front-Wheel Drive,13.73375,Ford,Manual 6-spd,4.0,2.5
22343,Midsize Cars,Regular,Front-Wheel Drive,13.73375,Mercury,Manual 6-spd,4.0,2.5
22344,Midsize Cars,Regular,All-Wheel Drive,17.3478947368421,Ford,Automatic (S6),6.0,3.5
22345,Midsize Cars,Regular,Front-Wheel Drive,15.6957142857143,Ford,Automatic (S6),6.0,3.5
22346,Midsize Cars,Regular,4-Wheel Drive,17.3478947368421,Lincoln,Automatic (S6),6.0,3.5
22347,Midsize Cars,Regular,Front-Wheel Drive,15.6957142857143,Lincoln,Automatic (S6),6.0,3.5
22348,Midsize Cars,Regular,Front-Wheel Drive,13.1844,Ford,Manual 6-spd,4.0,2.5
22349,Midsize Cars,Gasoline or E85,All-Wheel Drive,16.4805,Ford,Automatic (S6),6.0,3.0
22350,Subcompact Cars,Regular,Front-Wheel Drive,13.73375,Acura,Automatic 4-spd,4.0,1.6
22351,Midsize Cars,Regular,Front-Wheel Drive,8.67394736842105,Mercury,Automatic (variable gear ratios),4.0,2.5
22352,Midsize Cars,Regular,Front-Wheel Drive,8.67394736842105,Lincoln,Automatic (variable gear ratios),4.0,2.5
22353,Midsize Cars,Gasoline or E85,All-Wheel Drive,16.4805,Mercury,Automatic (S6),6.0,3.0
22354,Midsize Cars,Regular,Front-Wheel Drive,8.67394736842105,Ford,Automatic (variable gear ratios),4.0,2.5
22355,Midsize Cars,Regular,Front-Wheel Drive,13.1844,Mercury,Manual 6-spd,4.0,2.5
22356,Midsize Cars,Gasoline or E85,Front-Wheel Drive,14.3308695652174,Mercury,Automatic (S6),6.0,3.0
22357,Midsize Cars,Gasoline or E85,Front-Wheel Drive,14.3308695652174,Ford,Automatic (S6),6.0,3.0
22358,Midsize Cars,Regular,Front-Wheel Drive,14.3308695652174,Buick,Automatic (S6),4.0,2.4
22359,Midsize Cars,Regular,Rear-Wheel Drive,15.6957142857143,Cadillac,Automatic (S6),6.0,3.6
22360,Midsize Cars,Regular,Rear-Wheel Drive,15.6957142857143,Cadillac,Automatic (S6),6.0,3.6
22361,Subcompact Cars,Regular,Front-Wheel Drive,13.1844,Acura,Manual 5-spd,4.0,1.6
22362,Midsize Cars,Regular,Front-Wheel Drive,12.6773076923077,Chevrolet,Automatic (S6),4.0,2.4
22363,Midsize Cars,Regular,Front-Wheel Drive,16.4805,Buick,Automatic (S6),6.0,3.6
22364,Midsize Cars,Premium,Rear-Wheel Drive,23.5435714285714,Cadillac,Automatic (S6),8.0,6.2
22365,Midsize Cars,Premium,Rear-Wheel Drive,20.600625,Cadillac,Manual 6-spd,8.0,6.2
22366,Midsize Cars,Regular,Front-Wheel Drive,16.4805,Chevrolet,Automatic (S6),6.0,3.6
22367,Midsize Cars,Regular,All-Wheel Drive,16.4805,Buick,Automatic (S6),6.0,3.6
22368,Midsize Cars,Regular,All-Wheel Drive,15.6957142857143,Cadillac,Automatic (S6),6.0,3.6
22369,Midsize Cars,Regular,All-Wheel Drive,15.6957142857143,Cadillac,Automatic (S6),6.0,3.6
22370,Midsize Cars,Regular,Rear-Wheel Drive,17.3478947368421,Cadillac,Manual 6-spd,6.0,3.6
22371,Midsize Cars,Regular,Rear-Wheel Drive,15.6957142857143,Cadillac,Automatic (S6),6.0,3.0
22372,Subcompact Cars,Regular,Front-Wheel Drive,14.3308695652174,Honda,Automatic 4-spd,4.0,1.8
22373,Midsize Cars,Regular,All-Wheel Drive,15.6957142857143,Cadillac,Automatic (S6),6.0,3.0
22374,Midsize Cars,Regular,Rear-Wheel Drive,17.3478947368421,Cadillac,Manual 6-spd,6.0,3.0
22375,Midsize Cars,Gasoline or E85,Front-Wheel Drive,12.6773076923077,Chevrolet,Automatic (S6),4.0,2.4
22376,Midsize Cars,Premium,Rear-Wheel Drive,18.3116666666667,Mercedes-Benz,Automatic 7-spd,8.0,5.5
22377,Midsize Cars,Premium,4-Wheel Drive,17.3478947368421,Mercedes-Benz,Automatic 7-spd,6.0,3.5
22378,Midsize Cars,Premium,4-Wheel Drive,18.3116666666667,Mercedes-Benz,Automatic 7-spd,8.0,5.5
22379,Midsize Cars,Premium,Rear-Wheel Drive,21.974,Mercedes-Benz,Automatic 7-spd,8.0,6.2
22380,Midsize Cars,Regular,Front-Wheel Drive,10.987,Nissan,Automatic (variable gear ratios),4.0,1.8
22381,Midsize Cars,Regular,Front-Wheel Drive,12.2077777777778,Nissan,Automatic 4-spd,4.0,1.8
22382,Midsize Cars,Regular,Front-Wheel Drive,11.7717857142857,Nissan,Manual 6-spd,4.0,1.8
22383,Compact Cars,Diesel,Front-Wheel Drive,11.2407352941176,Ford,Manual 5-spd,4.0,2.0
22384,Subcompact Cars,Regular,Front-Wheel Drive,13.1844,Honda,Manual 5-spd,4.0,1.8
22385,Midsize Cars,Regular,Front-Wheel Drive,11.7717857142857,Nissan,Automatic 4-spd,4.0,1.6
22386,Midsize Cars,Regular,Front-Wheel Drive,11.7717857142857,Nissan,Manual 5-spd,4.0,1.6
22387,Midsize Cars,Premium,Front-Wheel Drive,15.6957142857143,Mazda,Manual 6-spd,4.0,2.3
22388,Midsize Cars,Regular,Front-Wheel Drive,14.9822727272727,Volvo,Automatic (S6),6.0,3.2
22389,Midsize Cars,Regular,All-Wheel Drive,15.6957142857143,Volvo,Automatic (S6),6.0,3.0
22390,Large Cars,Premium,All-Wheel Drive,15.6957142857143,Audi,Automatic (S8),8.0,4.2
22391,Large Cars,Gasoline or E85,Front-Wheel Drive,15.6957142857143,Buick,Automatic 4-spd,6.0,3.9
22392,Large Cars,Gasoline or E85,Front-Wheel Drive,15.6957142857143,Chevrolet,Automatic 4-spd,6.0,3.9
22393,Large Cars,Gasoline or E85,Front-Wheel Drive,14.3308695652174,Chevrolet,Automatic 4-spd,6.0,3.5
22394,Large Cars,Regular,Front-Wheel Drive,18.3116666666667,Buick,Automatic 4-spd,8.0,4.6
22395,Subcompact Cars,Regular,Front-Wheel Drive,14.3308695652174,Honda,Automatic 4-spd,4.0,2.0
22396,Large Cars,Regular,Front-Wheel Drive,18.3116666666667,Cadillac,Automatic 4-spd,8.0,4.6
22397,Large Cars,Regular,Front-Wheel Drive,23.5435714285714,Cadillac,Automatic 4-spd,8.0,4.6
22398,Large Cars,Regular,Front-Wheel Drive,23.5435714285714,Cadillac,Automatic 4-spd,8.0,4.6
22399,Large Cars,Regular,Rear-Wheel Drive,15.6957142857143,Hyundai,Automatic 6-spd,6.0,3.8
22400,Large Cars,Premium,Rear-Wheel Drive,16.4805,Hyundai,Automatic 6-spd,8.0,4.6
22401,Large Cars,Premium,Rear-Wheel Drive,18.3116666666667,Mercedes-Benz,Automatic 7-spd,8.0,5.5
22402,Large Cars,Premium,4-Wheel Drive,19.3888235294118,Mercedes-Benz,Automatic 7-spd,8.0,5.5
22403,Large Cars,Premium,Rear-Wheel Drive,15.6957142857143,Porsche,Automatic 7-spd,6.0,3.6
22404,Large Cars,Premium,Rear-Wheel Drive,17.3478947368421,Porsche,Automatic 7-spd,8.0,4.8
22405,Large Cars,Premium,All-Wheel Drive,17.3478947368421,Porsche,Automatic 7-spd,8.0,4.8
22406,Subcompact Cars,Regular,Front-Wheel Drive,13.1844,Honda,Manual 5-spd,4.0,2.0
22407,Large Cars,Premium,All-Wheel Drive,18.3116666666667,Porsche,Automatic 7-spd,8.0,4.8
22408,Large Cars,Premium,4-Wheel Drive,15.6957142857143,Porsche,Automatic 7-spd,6.0,3.6
22409,Large Cars,Premium,Rear-Wheel Drive,23.5435714285714,Rolls-Royce,Automatic (S6),12.0,6.7
22410,Large Cars,Premium,Rear-Wheel Drive,23.5435714285714,Rolls-Royce,Automatic (S6),12.0,6.7
22411,Small Station Wagons,Premium,All-Wheel Drive,13.73375,Audi,Automatic (S8),4.0,2.0
22412,Small Station Wagons,Premium,Front-Wheel Drive,13.73375,Audi,Manual 6-spd,4.0,2.0
22413,Small Station Wagons,Premium,Front-Wheel Drive,13.73375,Audi,Automatic (S6),4.0,2.0
22414,Small Station Wagons,Premium,All-Wheel Drive,13.73375,Audi,Automatic (S6),4.0,2.0
22415,Small Station Wagons,Premium,All-Wheel Drive,17.3478947368421,Subaru,Manual 6-spd,4.0,2.5
22416,Small Station Wagons,Premium,All-Wheel Drive,15.6957142857143,Subaru,Manual 5-spd,4.0,2.5
22417,Subcompact Cars,Regular,Front-Wheel Drive,13.73375,Hyundai,Automatic 3-spd,4.0,1.5
22418,Sport Utility Vehicle - 2WD,Premium,Front-Wheel Drive,15.6957142857143,Acura,Automatic (S5),4.0,2.3
22419,Small Station Wagons,Regular,Front-Wheel Drive,12.2077777777778,Kia,Automatic 4-spd,4.0,1.6
22420,Small Station Wagons,Regular,Front-Wheel Drive,11.7717857142857,Kia,Manual 5-spd,4.0,1.6
22421,Small Station Wagons,Regular,Front-Wheel Drive,12.6773076923077,Kia,Automatic 4-spd,4.0,2.0
22422,Small Station Wagons,Regular,Front-Wheel Drive,12.6773076923077,Kia,Manual 5-spd,4.0,2.0
22423,Small Station Wagons,Regular,Front-Wheel Drive,12.2077777777778,Mitsubishi,Manual 5-spd,4.0,2.0
22424,Small Station Wagons,Regular,Front-Wheel Drive,13.1844,Mitsubishi,Manual 5-spd,4.0,2.4
22425,Small Station Wagons,Premium,All-Wheel Drive,16.4805,Mitsubishi,Auto(AM6),4.0,2.0
22426,Small Station Wagons,Regular,Front-Wheel Drive,13.73375,Volvo,Automatic (S5),5.0,2.5
22427,Small Station Wagons,Regular,Front-Wheel Drive,12.2077777777778,Volkswagen,Automatic (S6),5.0,2.5
22428,Subcompact Cars,Regular,Front-Wheel Drive,12.6773076923077,Hyundai,Manual 4-spd,4.0,1.5
22429,Small Station Wagons,Regular,Front-Wheel Drive,12.6773076923077,Volkswagen,Manual 5-spd,5.0,2.5
22430,Midsize Station Wagons,Premium,All-Wheel Drive,15.6957142857143,Audi,Automatic (S6),6.0,3.0
22431,Midsize Station Wagons,Regular,Front-Wheel Drive,14.9822727272727,Kia,Automatic 4-spd,4.0,2.4
22432,Midsize Station Wagons,Regular,Front-Wheel Drive,15.6957142857143,Kia,Automatic 5-spd,6.0,2.7
22433,Midsize Station Wagons,Premium,4-Wheel Drive,17.3478947368421,Mercedes-Benz,Automatic 7-spd,6.0,3.5
22434,Small Pickup Trucks 2WD,Regular,Rear-Wheel Drive,15.6957142857143,Toyota,Automatic 4-spd,4.0,2.7
22435,Small Pickup Trucks 2WD,Regular,Rear-Wheel Drive,14.9822727272727,Toyota,Manual 5-spd,4.0,2.7
22436,Small Pickup Trucks 2WD,Regular,Rear-Wheel Drive,18.3116666666667,Toyota,Automatic 5-spd,6.0,4.0
22437,Small Pickup Trucks 2WD,Regular,Rear-Wheel Drive,19.3888235294118,Toyota,Manual 6-spd,6.0,4.0
22438,Small Pickup Trucks 4WD,Regular,Part-time 4-Wheel Drive,17.3478947368421,Toyota,Automatic 4-spd,4.0,2.7
22439,Subcompact Cars,Regular,Front-Wheel Drive,12.2077777777778,Hyundai,Manual 5-spd,4.0,1.5
22440,Small Pickup Trucks 4WD,Regular,Part-time 4-Wheel Drive,17.3478947368421,Toyota,Manual 5-spd,4.0,2.7
22441,Small Pickup Trucks 4WD,Regular,Part-time 4-Wheel Drive,18.3116666666667,Toyota,Automatic 5-spd,6.0,4.0
22442,Small Pickup Trucks 4WD,Regular,Part-time 4-Wheel Drive,20.600625,Toyota,Manual 6-spd,6.0,4.0
22443,Standard Pickup Trucks 2WD,Regular,Rear-Wheel Drive,19.3888235294118,Dodge,Automatic 4-spd,6.0,3.7
22444,Standard Pickup Trucks 2WD,Gasoline or E85,Rear-Wheel Drive,20.600625,Dodge,Automatic 5-spd,8.0,4.7
22445,Standard Pickup Trucks 2WD,Regular,Rear-Wheel Drive,20.600625,Dodge,Automatic 4-spd,6.0,3.7
22446,Standard Pickup Trucks 2WD,Gasoline or E85,Rear-Wheel Drive,21.974,Dodge,Automatic 5-spd,8.0,4.7
22447,Standard Pickup Trucks 2WD,Midgrade,Rear-Wheel Drive,20.600625,Dodge,Automatic 5-spd,8.0,5.7
22448,Standard Pickup Trucks 2WD,Regular,Rear-Wheel Drive,15.6957142857143,Chevrolet,Automatic (variable gear ratios),8.0,6.0
22449,Standard Pickup Trucks 2WD,Regular,Rear-Wheel Drive,15.6957142857143,GMC,Automatic (variable gear ratios),8.0,6.0
22450,Subcompact Cars,Regular,Front-Wheel Drive,11.7717857142857,Isuzu,Automatic 3-spd,4.0,1.5
22451,Standard Pickup Trucks 2WD,Gasoline or E85,Rear-Wheel Drive,23.5435714285714,Chevrolet,Automatic 6-spd,8.0,6.2
22452,Standard Pickup Trucks 2WD,Gasoline or E85,Rear-Wheel Drive,23.5435714285714,GMC,Automatic 6-spd,8.0,6.2
22453,Standard Pickup Trucks 4WD,Regular,4-Wheel Drive,21.974,Dodge,Automatic 4-spd,6.0,3.7
22454,Standard Pickup Trucks 4WD,Gasoline or E85,4-Wheel Drive,21.974,Dodge,Automatic 5-spd,8.0,4.7
22455,Standard Pickup Trucks 4WD,Gasoline or E85,4-Wheel Drive,21.974,Dodge,Automatic 5-spd,8.0,4.7
22456,Standard Pickup Trucks 4WD,Midgrade,4-Wheel Drive,21.974,Dodge,Automatic 5-spd,8.0,5.7
22457,Standard Pickup Trucks 4WD,Regular,4-Wheel Drive,15.6957142857143,Chevrolet,Automatic (variable gear ratios),8.0,6.0
22458,Standard Pickup Trucks 4WD,Regular,4-Wheel Drive,15.6957142857143,GMC,Automatic (variable gear ratios),8.0,6.0
22459,Standard Pickup Trucks 4WD,Gasoline or E85,4-Wheel Drive,23.5435714285714,Chevrolet,Automatic 6-spd,8.0,6.2
22460,Standard Pickup Trucks 4WD,Gasoline or E85,4-Wheel Drive,23.5435714285714,GMC,Automatic 6-spd,8.0,6.2
22461,Subcompact Cars,Regular,Front-Wheel Drive,9.98818181818182,Isuzu,Manual 5-spd,4.0,1.5
22462,Standard Pickup Trucks 4WD,Gasoline or E85,All-Wheel Drive,23.5435714285714,GMC,Automatic 6-spd,8.0,6.2
22463,Standard Pickup Trucks 4WD,Regular,All-Wheel Drive,19.3888235294118,Honda,Automatic 5-spd,6.0,3.5
22464,"Vans, Cargo Type",Gasoline or E85,Rear-Wheel Drive,21.974,Chevrolet,Automatic 4-spd,8.0,5.3
22465,"Vans, Cargo Type",Gasoline or E85,Rear-Wheel Drive,23.5435714285714,Chevrolet,Automatic 4-spd,8.0,5.3
22466,"Vans, Cargo Type",Gasoline or E85,Rear-Wheel Drive,21.974,GMC,Automatic 4-spd,8.0,5.3
22467,"Vans, Cargo Type",Gasoline or E85,Rear-Wheel Drive,23.5435714285714,GMC,Automatic 4-spd,8.0,5.3
22468,"Vans, Cargo Type",Gasoline or E85,Rear-Wheel Drive,27.4675,Chevrolet,Automatic 6-spd,8.0,6.0
22469,"Vans, Cargo Type",Gasoline or E85,Rear-Wheel Drive,27.4675,Chevrolet,Automatic 6-spd,8.0,6.0
22470,"Vans, Cargo Type",Gasoline or E85,Rear-Wheel Drive,27.4675,Chevrolet,Automatic 6-spd,8.0,6.0
22471,"Vans, Cargo Type",Gasoline or E85,Rear-Wheel Drive,27.4675,GMC,Automatic 6-spd,8.0,6.0
22472,Subcompact Cars,Regular,Front-Wheel Drive,10.6325806451613,Isuzu,Manual 5-spd,4.0,1.5
22473,"Vans, Cargo Type",Gasoline or E85,Rear-Wheel Drive,27.4675,GMC,Automatic 6-spd,8.0,6.0
22474,"Vans, Cargo Type",Gasoline or E85,Rear-Wheel Drive,27.4675,GMC,Automatic 6-spd,8.0,6.0
22475,"Vans, Cargo Type",Gasoline or E85,All-Wheel Drive,23.5435714285714,Chevrolet,Automatic 4-spd,8.0,5.3
22476,"Vans, Cargo Type",Gasoline or E85,All-Wheel Drive,23.5435714285714,Chevrolet,Automatic 4-spd,8.0,5.3
22477,"Vans, Cargo Type",Gasoline or E85,All-Wheel Drive,23.5435714285714,GMC,Automatic 4-spd,8.0,5.3
22478,"Vans, Cargo Type",Gasoline or E85,All-Wheel Drive,23.5435714285714,GMC,Automatic 4-spd,8.0,5.3
22479,"Vans, Passenger Type",Gasoline or E85,Rear-Wheel Drive,23.5435714285714,Chevrolet,Automatic 4-spd,8.0,5.3
22480,"Vans, Passenger Type",Gasoline or E85,Rear-Wheel Drive,23.5435714285714,GMC,Automatic 4-spd,8.0,5.3
22481,"Vans, Passenger Type",Gasoline or E85,Rear-Wheel Drive,25.3546153846154,Chevrolet,Automatic 6-spd,8.0,6.0
22482,"Vans, Passenger Type",Gasoline or E85,Rear-Wheel Drive,27.4675,Chevrolet,Automatic 6-spd,8.0,6.0
22483,Subcompact Cars,Regular,Front-Wheel Drive,12.2077777777778,Isuzu,Manual 5-spd,4.0,1.5
22484,"Vans, Passenger Type",Gasoline or E85,Rear-Wheel Drive,25.3546153846154,GMC,Automatic 6-spd,8.0,6.0
22485,"Vans, Passenger Type",Gasoline or E85,Rear-Wheel Drive,27.4675,GMC,Automatic 6-spd,8.0,6.0
22486,"Vans, Passenger Type",Gasoline or E85,All-Wheel Drive,23.5435714285714,Chevrolet,Automatic 4-spd,8.0,5.3
22487,"Vans, Passenger Type",Gasoline or E85,All-Wheel Drive,23.5435714285714,GMC,Automatic 4-spd,8.0,5.3
22488,Sport Utility Vehicle - 2WD,Regular,Rear-Wheel Drive,18.3116666666667,Jeep,Automatic 4-spd,6.0,3.7
22489,Sport Utility Vehicle - 2WD,Regular,Rear-Wheel Drive,18.3116666666667,Dodge,Automatic 4-spd,6.0,3.7
22490,Sport Utility Vehicle - 2WD,Regular,Rear-Wheel Drive,18.3116666666667,Dodge,Automatic 5-spd,6.0,4.0
22491,Sport Utility Vehicle - 2WD,Premium,Front-Wheel Drive,18.3116666666667,Mitsubishi,Automatic (S4),6.0,3.8
22492,Sport Utility Vehicle - 2WD,Regular,Front-Wheel Drive,15.6957142857143,Ford,Automatic 6-spd,6.0,3.5
22493,Sport Utility Vehicle - 2WD,Regular,Front-Wheel Drive,15.6957142857143,Ford,Automatic (S6),6.0,3.5
22494,Compact Cars,Regular,Front-Wheel Drive,13.73375,Ford,Automatic 3-spd,4.0,2.3
22495,Subcompact Cars,Regular,Rear-Wheel Drive,16.4805,Isuzu,Automatic 4-spd,4.0,2.0
22496,Sport Utility Vehicle - 2WD,Regular,Front-Wheel Drive,16.4805,Ford,Automatic (S6),6.0,3.7
22497,Sport Utility Vehicle - 2WD,Regular,Front-Wheel Drive,15.6957142857143,Lincoln,Automatic (S6),6.0,3.7
22498,Sport Utility Vehicle - 2WD,Gasoline or E85,Front-Wheel Drive,13.73375,Chevrolet,Automatic 4-spd,4.0,2.4
22499,Sport Utility Vehicle - 2WD,Gasoline or E85,Front-Wheel Drive,13.73375,Chevrolet,Automatic 4-spd,4.0,2.4
22500,Sport Utility Vehicle - 2WD,Regular,Front-Wheel Drive,16.4805,Cadillac,Automatic (S6),6.0,3.0
22501,Sport Utility Vehicle - 2WD,Regular,Front-Wheel Drive,12.6773076923077,Chevrolet,Automatic 6-spd,4.0,2.4
22502,Sport Utility Vehicle - 2WD,Regular,Front-Wheel Drive,12.6773076923077,GMC,Automatic 6-spd,4.0,2.4
22503,Sport Utility Vehicle - 2WD,Gasoline or E85,Front-Wheel Drive,13.73375,Chevrolet,Automatic 4-spd,4.0,2.2
22504,Sport Utility Vehicle - 2WD,Gasoline or E85,Front-Wheel Drive,13.73375,Chevrolet,Automatic 4-spd,4.0,2.2
22505,Sport Utility Vehicle - 2WD,Gasoline or E85,Front-Wheel Drive,12.6773076923077,Chevrolet,Manual 5-spd,4.0,2.2
22506,Subcompact Cars,Regular,Rear-Wheel Drive,15.6957142857143,Isuzu,Manual 5-spd,4.0,2.0
22507,Sport Utility Vehicle - 2WD,Gasoline or E85,Front-Wheel Drive,12.6773076923077,Chevrolet,Manual 5-spd,4.0,2.2
22508,Sport Utility Vehicle - 2WD,Regular,Rear-Wheel Drive,15.6957142857143,Cadillac,Automatic (variable gear ratios),8.0,6.0
22509,Sport Utility Vehicle - 2WD,Regular,Rear-Wheel Drive,15.6957142857143,Chevrolet,Automatic (variable gear ratios),8.0,6.0
22510,Sport Utility Vehicle - 2WD,Regular,Rear-Wheel Drive,15.6957142857143,GMC,Automatic (variable gear ratios),8.0,6.0
22511,Sport Utility Vehicle - 2WD,Regular,Front-Wheel Drive,17.3478947368421,Buick,Automatic 6-spd,6.0,3.6
22512,Sport Utility Vehicle - 2WD,Regular,Front-Wheel Drive,17.3478947368421,Chevrolet,Automatic 6-spd,6.0,3.6
22513,Sport Utility Vehicle - 2WD,Regular,Front-Wheel Drive,17.3478947368421,GMC,Automatic 6-spd,6.0,3.6
22514,Sport Utility Vehicle - 2WD,Gasoline or E85,Rear-Wheel Drive,20.600625,GMC,Automatic 6-spd,8.0,6.2
22515,Sport Utility Vehicle - 2WD,Gasoline or E85,Rear-Wheel Drive,20.600625,GMC,Automatic 6-spd,8.0,6.2
22516,Sport Utility Vehicle - 2WD,Gasoline or E85,Rear-Wheel Drive,20.600625,Cadillac,Automatic 6-spd,8.0,6.2
22517,Subcompact Cars,Regular,Rear-Wheel Drive,16.4805,Isuzu,Automatic 4-spd,4.0,2.0
22518,Sport Utility Vehicle - 2WD,Gasoline or E85,Rear-Wheel Drive,20.600625,Cadillac,Automatic 6-spd,8.0,6.2
22519,Sport Utility Vehicle - 2WD,Gasoline or E85,Front-Wheel Drive,13.1844,Chevrolet,Manual 5-spd,4.0,2.4
22520,Sport Utility Vehicle - 2WD,Gasoline or E85,Front-Wheel Drive,13.1844,Chevrolet,Manual 5-spd,4.0,2.4
22521,Sport Utility Vehicle - 2WD,Regular,Rear-Wheel Drive,27.4675,Chevrolet,Automatic 6-spd,8.0,6.0
22522,Sport Utility Vehicle - 2WD,Regular,Rear-Wheel Drive,27.4675,GMC,Automatic 6-spd,8.0,6.0
22523,Sport Utility Vehicle - 2WD,Regular,Front-Wheel Drive,13.1844,Hyundai,Automatic 6-spd,4.0,2.4
22524,Sport Utility Vehicle - 2WD,Regular,Front-Wheel Drive,14.3308695652174,Hyundai,Manual 6-spd,4.0,2.4
22525,Sport Utility Vehicle - 2WD,Regular,Front-Wheel Drive,13.1844,Hyundai,Automatic 6-spd,4.0,2.0
22526,Sport Utility Vehicle - 2WD,Regular,Front-Wheel Drive,14.3308695652174,Hyundai,Manual 5-spd,4.0,2.0
22527,Sport Utility Vehicle - 2WD,Regular,Front-Wheel Drive,13.1844,Kia,Automatic 6-spd,4.0,2.4
22528,Subcompact Cars,Regular,Rear-Wheel Drive,16.4805,Isuzu,Manual 5-spd,4.0,2.0
22529,Sport Utility Vehicle - 2WD,Regular,Front-Wheel Drive,14.3308695652174,Kia,Manual 6-spd,4.0,2.4
22530,Sport Utility Vehicle - 2WD,Premium,Rear-Wheel Drive,19.3888235294118,Mercedes-Benz,Automatic 7-spd,6.0,3.5
22531,Sport Utility Vehicle - 2WD,Premium,Rear-Wheel Drive,20.600625,Infiniti,Automatic (S7),8.0,5.6
22532,Sport Utility Vehicle - 2WD,Regular,Front-Wheel Drive,15.6957142857143,Volvo,Automatic (S6),6.0,3.2
22533,Sport Utility Vehicle - 2WD,Regular,Front-Wheel Drive,15.6957142857143,Volvo,Automatic (S6),6.0,3.2
22534,Sport Utility Vehicle - 2WD,Regular,Front-Wheel Drive,18.3116666666667,Volvo,Automatic (S6),6.0,3.2
22535,Sport Utility Vehicle - 2WD,Premium,Front-Wheel Drive,14.9822727272727,Volkswagen,Automatic (S6),4.0,2.0
22536,Sport Utility Vehicle - 2WD,Premium,Front-Wheel Drive,15.6957142857143,Volkswagen,Manual 6-spd,4.0,2.0
22537,Sport Utility Vehicle - 4WD,Premium,All-Wheel Drive,14.9822727272727,Audi,Automatic (S8),4.0,2.0
22538,Sport Utility Vehicle - 4WD,Premium,All-Wheel Drive,16.4805,Audi,Automatic (S6),6.0,3.2
22539,Subcompact Cars,Regular,Rear-Wheel Drive,23.5435714285714,Jaguar,Automatic 3-spd,12.0,5.3
22540,Sport Utility Vehicle - 4WD,Premium,All-Wheel Drive,18.3116666666667,Audi,Automatic (S8),6.0,3.0
22541,Sport Utility Vehicle - 4WD,Regular,4-Wheel Drive,19.3888235294118,Jeep,Automatic 4-spd,6.0,3.7
22542,Sport Utility Vehicle - 4WD,Regular,4-Wheel Drive,19.3888235294118,Dodge,Automatic 4-spd,6.0,3.7
22543,Sport Utility Vehicle - 4WD,Regular,4-Wheel Drive,19.3888235294118,Dodge,Automatic 5-spd,6.0,4.0
22544,Sport Utility Vehicle - 4WD,Premium,All-Wheel Drive,19.3888235294118,Mitsubishi,Automatic (S4),6.0,3.8
22545,Sport Utility Vehicle - 4WD,Regular,All-Wheel Drive,16.4805,Ford,Automatic (S6),6.0,3.5
22546,Sport Utility Vehicle - 4WD,Regular,All-Wheel Drive,15.6957142857143,Ford,Automatic 6-spd,6.0,3.5
22547,Sport Utility Vehicle - 4WD,Regular,All-Wheel Drive,17.3478947368421,Ford,Automatic (S6),6.0,3.7
22548,Subcompact Cars,Regular,Rear-Wheel Drive,21.974,Jaguar,Automatic 3-spd,6.0,4.2
22549,Sport Utility Vehicle - 4WD,Regular,All-Wheel Drive,17.3478947368421,Lincoln,Automatic (S6),6.0,3.7
22550,Sport Utility Vehicle - 4WD,Regular,All-Wheel Drive,14.3308695652174,Chevrolet,Automatic 6-spd,4.0,2.4
22551,Sport Utility Vehicle - 4WD,Regular,All-Wheel Drive,14.3308695652174,GMC,Automatic 6-spd,4.0,2.4
22552,Sport Utility Vehicle - 4WD,Regular,All-Wheel Drive,17.3478947368421,Cadillac,Automatic (S6),6.0,3.0
22553,Sport Utility Vehicle - 4WD,Premium,All-Wheel Drive,18.3116666666667,Cadillac,Automatic (S6),6.0,2.8
22554,Sport Utility Vehicle - 4WD,Regular,4-Wheel Drive,15.6957142857143,Cadillac,Automatic (variable gear ratios),8.0,6.0
22555,Sport Utility Vehicle - 4WD,Regular,4-Wheel Drive,15.6957142857143,Chevrolet,Automatic (variable gear ratios),8.0,6.0
22556,Sport Utility Vehicle - 4WD,Regular,4-Wheel Drive,15.6957142857143,GMC,Automatic (variable gear ratios),8.0,6.0
22557,Sport Utility Vehicle - 4WD,Regular,All-Wheel Drive,18.3116666666667,Buick,Automatic 6-spd,6.0,3.6
22558,Sport Utility Vehicle - 4WD,Regular,All-Wheel Drive,17.3478947368421,Chevrolet,Automatic 6-spd,6.0,3.6
22559,Subcompact Cars,Regular,Rear-Wheel Drive,25.3546153846154,Maserati,Automatic 3-spd,6.0,2.5
22560,Sport Utility Vehicle - 4WD,Regular,All-Wheel Drive,17.3478947368421,GMC,Automatic 6-spd,6.0,3.6
22561,Sport Utility Vehicle - 4WD,Gasoline or E85,All-Wheel Drive,21.974,Cadillac,Automatic 6-spd,8.0,6.2
22562,Sport Utility Vehicle - 4WD,Gasoline or E85,All-Wheel Drive,21.974,GMC,Automatic 6-spd,8.0,6.2
22563,Sport Utility Vehicle - 4WD,Gasoline or E85,All-Wheel Drive,23.5435714285714,Cadillac,Automatic 6-spd,8.0,6.2
22564,Sport Utility Vehicle - 4WD,Gasoline or E85,All-Wheel Drive,23.5435714285714,GMC,Automatic 6-spd,8.0,6.2
22565,Sport Utility Vehicle - 4WD,Regular,4-Wheel Drive,27.4675,Chevrolet,Automatic 6-spd,8.0,6.0
22566,Sport Utility Vehicle - 4WD,Regular,4-Wheel Drive,27.4675,GMC,Automatic 6-spd,8.0,6.0
22567,Sport Utility Vehicle - 4WD,Premium,All-Wheel Drive,17.3478947368421,Acura,Automatic (S5),4.0,2.3
22568,Sport Utility Vehicle - 4WD,Regular,4-Wheel Drive,13.73375,Hyundai,Automatic 6-spd,4.0,2.4
22569,Sport Utility Vehicle - 4WD,Regular,4-Wheel Drive,14.9822727272727,Hyundai,Manual 6-spd,4.0,2.4
22570,Subcompact Cars,Regular,Rear-Wheel Drive,23.5435714285714,Maserati,Manual 5-spd,6.0,2.5
22571,Sport Utility Vehicle - 4WD,Regular,4-Wheel Drive,14.3308695652174,Kia,Automatic 6-spd,4.0,2.4
22572,Sport Utility Vehicle - 4WD,Regular,4-Wheel Drive,14.9822727272727,Kia,Manual 6-spd,4.0,2.4
22573,Sport Utility Vehicle - 4WD,Premium,Rear-Wheel Drive,19.3888235294118,Mercedes-Benz,Automatic 7-spd,6.0,3.5
22574,Sport Utility Vehicle - 4WD,Premium,4-Wheel Drive,21.974,Mercedes-Benz,Automatic 7-spd,8.0,5.5
22575,Sport Utility Vehicle - 4WD,Premium,Rear-Wheel Drive,20.600625,Mercedes-Benz,Automatic 7-spd,6.0,3.5
22576,Sport Utility Vehicle - 4WD,Premium,4-Wheel Drive,21.974,Mercedes-Benz,Automatic 7-spd,8.0,4.7
22577,Sport Utility Vehicle - 4WD,Premium,4-Wheel Drive,20.600625,Infiniti,Automatic (S7),8.0,5.6
22578,Sport Utility Vehicle - 4WD,Premium,All-Wheel Drive,18.3116666666667,Porsche,Automatic 8-spd,8.0,4.8
22579,Sport Utility Vehicle - 4WD,Premium,All-Wheel Drive,19.3888235294118,Porsche,Automatic 8-spd,8.0,4.8
22580,Sport Utility Vehicle - 4WD,Regular,All-Wheel Drive,17.3478947368421,Volvo,Automatic (S6),6.0,3.0
22581,Subcompact Cars,Diesel,Rear-Wheel Drive,13.6494642857143,Mercedes-Benz,Automatic 4-spd,5.0,2.5
22582,Sport Utility Vehicle - 4WD,Regular,All-Wheel Drive,17.3478947368421,Volvo,Automatic (S6),6.0,3.0
22583,Sport Utility Vehicle - 4WD,Regular,All-Wheel Drive,20.600625,Volvo,Automatic (S6),8.0,4.4
22584,Sport Utility Vehicle - 4WD,Regular,All-Wheel Drive,18.3116666666667,Volvo,Automatic (S6),6.0,3.2
22585,Sport Utility Vehicle - 4WD,Regular,All-Wheel Drive,16.4805,Volvo,Automatic (S6),6.0,3.2
22586,Sport Utility Vehicle - 4WD,Regular,All-Wheel Drive,16.4805,Volvo,Automatic (S6),6.0,3.2
22587,Sport Utility Vehicle - 4WD,Premium,All-Wheel Drive,15.6957142857143,Volkswagen,Automatic (S6),4.0,2.0
22588,Midsize Cars,Premium,All-Wheel Drive,16.4805,Saab,Automatic (S6),6.0,2.8
22589,Two Seaters,Regular,Front-Wheel Drive,9.69441176470588,Honda,Manual 6-spd,4.0,1.5
22590,Two Seaters,Regular,Front-Wheel Drive,9.15583333333333,Honda,Auto(AV-S7),4.0,1.5
22591,Two Seaters,Premium,Rear-Wheel Drive,17.3478947368421,Porsche,Manual 6-spd,6.0,3.6
22592,Subcompact Cars,Diesel,Rear-Wheel Drive,13.6494642857143,Mercedes-Benz,Manual 5-spd,5.0,2.5
22593,Minicompact Cars,Premium,Rear-Wheel Drive,25.3546153846154,Aston Martin,Manual 6-spd,12.0,5.9
22594,Minicompact Cars,Premium,Front-Wheel Drive,10.6325806451613,MINI,Automatic (S6),4.0,1.6
22595,Minicompact Cars,Premium,Front-Wheel Drive,10.3003125,MINI,Manual 6-spd,4.0,1.6
22596,Minicompact Cars,Premium,Front-Wheel Drive,10.987,MINI,Automatic (S6),4.0,1.6
22597,Minicompact Cars,Premium,Front-Wheel Drive,10.987,MINI,Manual 6-spd,4.0,1.6
22598,Minicompact Cars,Premium,Front-Wheel Drive,11.7717857142857,MINI,Automatic (S6),4.0,1.6
22599,Minicompact Cars,Premium,Front-Wheel Drive,10.987,MINI,Manual 6-spd,4.0,1.6
22600,Minicompact Cars,Premium,Front-Wheel Drive,11.7717857142857,MINI,Automatic (S6),4.0,1.6
22601,Minicompact Cars,Premium,Front-Wheel Drive,10.987,MINI,Manual 6-spd,4.0,1.6
22602,Minicompact Cars,Premium,Front-Wheel Drive,11.7717857142857,MINI,Manual 6-spd,4.0,1.6
22603,Compact Cars,Regular,Front-Wheel Drive,14.3308695652174,Ford,Manual 5-spd,4.0,2.3
22604,Subcompact Cars,Diesel,Rear-Wheel Drive,14.6994230769231,Mercedes-Benz,Automatic 4-spd,5.0,2.5
22605,Minicompact Cars,Premium,Front-Wheel Drive,11.7717857142857,MINI,Manual 6-spd,4.0,1.6
22606,Subcompact Cars,CNG,Front-Wheel Drive,0.0664285714285714,Honda,Automatic 5-spd,4.0,1.8
22607,Subcompact Cars,Regular,Front-Wheel Drive,11.3658620689655,Honda,Manual 5-spd,4.0,1.8
22608,Subcompact Cars,Regular,Front-Wheel Drive,11.3658620689655,Honda,Automatic 5-spd,4.0,1.8
22609,Subcompact Cars,Premium,Front-Wheel Drive,13.73375,Honda,Manual 6-spd,4.0,2.0
22610,Subcompact Cars,Premium,Rear-Wheel Drive,13.73375,Lexus,Automatic (S6),6.0,2.5
22611,Subcompact Cars,Premium,Rear-Wheel Drive,14.9822727272727,Lexus,Manual 6-spd,6.0,2.5
22612,Subcompact Cars,Premium,All-Wheel Drive,14.9822727272727,Lexus,Automatic (S6),6.0,2.5
22613,Subcompact Cars,Premium,Rear-Wheel Drive,14.9822727272727,Lexus,Automatic (S6),6.0,3.5
22614,Subcompact Cars,Premium,All-Wheel Drive,16.4805,Lexus,Automatic (S6),6.0,3.5
22615,Subcompact Cars,Premium,Rear-Wheel Drive,16.4805,Mercedes-Benz,Automatic 4-spd,4.0,2.3
22616,Subcompact Cars,Premium,Rear-Wheel Drive,18.3116666666667,Lexus,Automatic (S8),8.0,5.0
22617,Subcompact Cars,Premium,Rear-Wheel Drive,21.974,Maserati,Automatic 6-spd,8.0,4.2
22618,Subcompact Cars,Premium,Rear-Wheel Drive,21.974,Maserati,Automatic 6-spd,8.0,4.7
22619,Subcompact Cars,Premium,Rear-Wheel Drive,21.974,Maserati,Automatic 6-spd,8.0,4.7
22620,Subcompact Cars,Premium,Rear-Wheel Drive,18.3116666666667,Mazda,Manual 6-spd,2.0,1.3
22621,Subcompact Cars,Premium,Rear-Wheel Drive,17.3478947368421,Mazda,Automatic (S6),2.0,1.3
22622,Subcompact Cars,Premium,Front-Wheel Drive,10.987,MINI,Automatic (S6),4.0,1.6
22623,Subcompact Cars,Premium,Front-Wheel Drive,10.987,MINI,Manual 6-spd,4.0,1.6
22624,Subcompact Cars,Premium,Front-Wheel Drive,11.7717857142857,MINI,Automatic (S6),4.0,1.6
22625,Subcompact Cars,Premium,Front-Wheel Drive,10.987,MINI,Manual 6-spd,4.0,1.6
22626,Subcompact Cars,Premium,Rear-Wheel Drive,15.6957142857143,Mercedes-Benz,Manual 5-spd,4.0,2.3
22627,Subcompact Cars,Premium,Front-Wheel Drive,11.7717857142857,MINI,Manual 6-spd,4.0,1.6
22628,Subcompact Cars,Regular,Front-Wheel Drive,11.3658620689655,Scion,Automatic 4-spd,4.0,1.8
22629,Subcompact Cars,Regular,Front-Wheel Drive,11.3658620689655,Scion,Manual 5-spd,4.0,1.8
22630,Subcompact Cars,Regular,Front-Wheel Drive,10.6325806451613,Toyota,Automatic 4-spd,4.0,1.5
22631,Subcompact Cars,Regular,Front-Wheel Drive,10.6325806451613,Toyota,Manual 5-spd,4.0,1.5
22632,Midsize Cars,Regular,Front-Wheel Drive,11.3658620689655,Chevrolet,Manual 6-spd,4.0,1.8
22633,Midsize Cars,Regular,Front-Wheel Drive,12.6773076923077,Chevrolet,Automatic (S6),4.0,1.4
22634,Compact Cars,Regular,Front-Wheel Drive,8.03926829268293,Honda,Automatic (variable gear ratios),4.0,1.3
22635,Compact Cars,Regular,Front-Wheel Drive,12.6773076923077,Honda,Manual 5-spd,4.0,2.4
22636,Compact Cars,Regular,Front-Wheel Drive,12.6773076923077,Honda,Automatic 5-spd,4.0,2.4
22637,Subcompact Cars,Premium,Rear-Wheel Drive,17.3478947368421,Mercedes-Benz,Automatic 4-spd,4.0,2.3
22638,Compact Cars,Regular,Front-Wheel Drive,15.6957142857143,Honda,Manual 6-spd,6.0,3.5
22639,Compact Cars,Regular,Front-Wheel Drive,14.3308695652174,Honda,Automatic (S5),6.0,3.5
22640,Compact Cars,Premium,Rear-Wheel Drive,14.3308695652174,Lexus,Auto(AV-S6),6.0,3.5
22641,Compact Cars,Premium or E85,Rear-Wheel Drive,16.4805,Mercedes-Benz,Automatic 7-spd,6.0,3.0
22642,Compact Cars,Premium or E85,4-Wheel Drive,16.4805,Mercedes-Benz,Automatic 7-spd,6.0,3.0
22643,Compact Cars,Premium,Front-Wheel Drive,12.2077777777778,MINI,Automatic (S6),4.0,1.6
22644,Compact Cars,Premium,Front-Wheel Drive,10.987,MINI,Manual 6-spd,4.0,1.6
22645,Compact Cars,Premium,Front-Wheel Drive,11.7717857142857,MINI,Automatic (S6),4.0,1.6
22646,Compact Cars,Premium,Front-Wheel Drive,11.7717857142857,MINI,Manual 6-spd,4.0,1.6
22647,Compact Cars,Premium,All-Wheel Drive,12.6773076923077,MINI,Automatic (S6),4.0,1.6
22648,Subcompact Cars,Premium,Rear-Wheel Drive,17.3478947368421,Mercedes-Benz,Manual 5-spd,4.0,2.3
22649,Compact Cars,Premium,All-Wheel Drive,12.2077777777778,MINI,Manual 6-spd,4.0,1.6
22650,Compact Cars,Regular,Front-Wheel Drive,13.1844,Scion,Automatic (S6),4.0,2.5
22651,Compact Cars,Regular,Front-Wheel Drive,13.1844,Scion,Manual 6-spd,4.0,2.5
22652,Compact Cars,Regular,Front-Wheel Drive,12.6773076923077,Suzuki,Manual 6-spd,4.0,2.0
22653,Compact Cars,Regular,Front-Wheel Drive,11.7717857142857,Suzuki,Automatic (variable gear ratios),4.0,2.0
22654,Compact Cars,Regular,Front-Wheel Drive,12.6773076923077,Suzuki,Manual 6-spd,4.0,2.0
22655,Compact Cars,Regular,Front-Wheel Drive,13.1844,Suzuki,Automatic (variable gear ratios),4.0,2.0
22656,Compact Cars,Regular,Front-Wheel Drive,12.6773076923077,Suzuki,Automatic (variable gear ratios),4.0,2.4
22657,Compact Cars,Regular,Front-Wheel Drive,13.1844,Suzuki,Automatic (variable gear ratios),4.0,2.4
22658,Compact Cars,Regular,Front-Wheel Drive,13.73375,Suzuki,Manual 6-spd,4.0,2.4
22659,Subcompact Cars,Premium,Rear-Wheel Drive,18.3116666666667,Mercedes-Benz,Automatic 4-spd,6.0,2.6
22660,Compact Cars,Regular,Front-Wheel Drive,13.73375,Suzuki,Manual 6-spd,4.0,2.4
22661,Compact Cars,Regular,All-Wheel Drive,13.1844,Suzuki,Automatic (variable gear ratios),4.0,2.4
22662,Compact Cars,Regular,All-Wheel Drive,13.1844,Suzuki,Automatic (variable gear ratios),4.0,2.4
22663,Midsize Cars,Premium,Front-Wheel Drive,15.6957142857143,Acura,Automatic (S5),6.0,3.5
22664,Midsize Cars,Premium,All-Wheel Drive,16.4805,Acura,Manual 6-spd,6.0,3.7
22665,Midsize Cars,Premium,All-Wheel Drive,16.4805,Acura,Automatic (S5),6.0,3.7
22666,Subcompact Cars,Premium,Front-Wheel Drive,14.9822727272727,Mitsubishi,Manual 5-spd,4.0,1.8
22667,Midsize Cars,Premium,Rear-Wheel Drive,13.73375,BMW,Automatic (S8),6.0,3.0
22668,Midsize Cars,Premium,All-Wheel Drive,14.3308695652174,BMW,Automatic (S8),6.0,3.0
22669,Midsize Cars,Premium,All-Wheel Drive,18.3116666666667,BMW,Automatic (S8),8.0,4.4
22670,Midsize Cars,Premium,Rear-Wheel Drive,15.6957142857143,Lexus,Automatic (S6),6.0,3.5
22671,Midsize Cars,Premium,All-Wheel Drive,16.4805,Lexus,Automatic (S6),6.0,3.5
22672,Midsize Cars,Premium,Rear-Wheel Drive,16.4805,Lexus,Automatic (S8),8.0,4.6
22673,Midsize Cars,Regular,Front-Wheel Drive,15.6957142857143,Mazda,Automatic (S6),6.0,3.7
22674,Midsize Cars,Premium,Rear-Wheel Drive,16.4805,Mercedes-Benz,Automatic 7-spd,6.0,3.5
22675,Midsize Cars,Diesel,Rear-Wheel Drive,14.6994230769231,Mercedes-Benz,Automatic 7-spd,6.0,3.0
22676,Midsize Cars,Regular,Front-Wheel Drive,13.73375,Mitsubishi,Automatic (S4),4.0,2.4
22677,Subcompact Cars,Regular,Front-Wheel Drive,14.9822727272727,Mitsubishi,Automatic 3-spd,4.0,2.0
22678,Midsize Cars,Regular,Front-Wheel Drive,11.3658620689655,Nissan,Automatic (variable gear ratios),4.0,2.0
22679,Midsize Cars,Regular,Front-Wheel Drive,12.6773076923077,Nissan,Manual 6-spd,4.0,2.0
22680,Midsize Cars,Regular,Front-Wheel Drive,12.6773076923077,Nissan,Automatic (variable gear ratios),4.0,2.5
22681,Midsize Cars,Premium,Front-Wheel Drive,13.73375,Nissan,Manual 6-spd,4.0,2.5
22682,Midsize Cars,Premium,Front-Wheel Drive,14.9822727272727,Nissan,Auto(AV-S6),6.0,3.5
22683,Large Cars,Premium,Rear-Wheel Drive,13.73375,BMW,Automatic (S8),6.0,3.0
22684,Large Cars,Premium,All-Wheel Drive,15.6957142857143,BMW,Automatic (S8),6.0,3.0
22685,Large Cars,Premium,Rear-Wheel Drive,18.3116666666667,BMW,Automatic (S8),8.0,4.4
22686,Large Cars,Premium,All-Wheel Drive,18.3116666666667,BMW,Automatic (S8),8.0,4.4
22687,Large Cars,Premium,Rear-Wheel Drive,19.3888235294118,BMW,Automatic (S6),8.0,4.4
22688,Subcompact Cars,Regular,Front-Wheel Drive,13.1844,Mitsubishi,Manual 5-spd,4.0,2.0
22689,Large Cars,Premium,Rear-Wheel Drive,19.3888235294118,BMW,Automatic (S6),8.0,4.4
22690,Large Cars,Premium,Rear-Wheel Drive,19.3888235294118,BMW,Automatic (S6),8.0,4.4
22691,Large Cars,Premium,Rear-Wheel Drive,21.974,BMW,Automatic (S8),12.0,6.0
22692,Large Cars,Gasoline or E85,Rear-Wheel Drive,17.3478947368421,Ford,Automatic 4-spd,8.0,4.6
22693,Large Cars,Regular,Front-Wheel Drive,12.6773076923077,Honda,Manual 5-spd,4.0,2.4
22694,Large Cars,Regular,Front-Wheel Drive,12.6773076923077,Honda,Automatic 5-spd,4.0,2.4
22695,Large Cars,Regular,Front-Wheel Drive,14.3308695652174,Honda,Automatic 5-spd,6.0,3.5
22696,Large Cars,Premium,Rear-Wheel Drive,18.3116666666667,Hyundai,Automatic 6-spd,8.0,4.6
22697,Large Cars,Gasoline or E85,Rear-Wheel Drive,17.3478947368421,Mercury,Automatic 4-spd,8.0,4.6
22698,Large Cars,Gasoline or E85,Rear-Wheel Drive,17.3478947368421,Lincoln,Automatic 4-spd,8.0,4.6
22699,Subcompact Cars,Regular,Front-Wheel Drive,12.2077777777778,Mitsubishi,Automatic 3-spd,4.0,1.5
22700,Large Cars,Premium,Rear-Wheel Drive,21.974,Maserati,Automatic 6-spd,8.0,4.2
22701,Large Cars,Premium,Rear-Wheel Drive,23.5435714285714,Maserati,Automatic 6-spd,8.0,4.7
22702,Small Station Wagons,Regular,Rear-Wheel Drive,15.6957142857143,Cadillac,Automatic (S6),6.0,3.6
22703,Small Station Wagons,Regular,All-Wheel Drive,15.6957142857143,Cadillac,Automatic (S6),6.0,3.6
22704,Small Station Wagons,Regular,Rear-Wheel Drive,15.6957142857143,Cadillac,Automatic (S6),6.0,3.0
22705,Small Station Wagons,Regular,All-Wheel Drive,15.6957142857143,Cadillac,Automatic (S6),6.0,3.0
22706,Small Station Wagons,Regular,Front-Wheel Drive,12.2077777777778,Mitsubishi,Auto(AV-S6),4.0,2.0
22707,Small Station Wagons,Regular,Front-Wheel Drive,13.1844,Mitsubishi,Auto(AV-S6),4.0,2.4
22708,Small Station Wagons,Regular,All-Wheel Drive,13.1844,Suzuki,Manual 6-spd,4.0,2.0
22709,Compact Cars,Regular,Front-Wheel Drive,13.1844,Ford,Manual 5-spd,4.0,2.3
22710,Subcompact Cars,Regular,Front-Wheel Drive,10.6325806451613,Mitsubishi,Manual 4-spd,4.0,1.5
22711,Small Station Wagons,Regular,All-Wheel Drive,13.1844,Suzuki,Automatic (variable gear ratios),4.0,2.0
22712,Small Station Wagons,Regular,Front-Wheel Drive,13.1844,Suzuki,Manual 6-spd,4.0,2.0
22713,Small Station Wagons,Regular,Front-Wheel Drive,13.1844,Suzuki,Automatic (variable gear ratios),4.0,2.0
22714,Small Pickup Trucks 2WD,Regular,Rear-Wheel Drive,16.4805,Ford,Automatic 5-spd,4.0,2.3
22715,Small Pickup Trucks 2WD,Regular,Rear-Wheel Drive,13.73375,Ford,Manual 5-spd,4.0,2.3
22716,Small Pickup Trucks 2WD,Regular,Rear-Wheel Drive,19.3888235294118,Ford,Automatic 5-spd,6.0,4.0
22717,Small Pickup Trucks 2WD,Regular,Rear-Wheel Drive,18.3116666666667,Ford,Manual 5-spd,6.0,4.0
22718,Small Pickup Trucks 2WD,Regular,Rear-Wheel Drive,15.6957142857143,Nissan,Manual 5-spd,4.0,2.5
22719,Subcompact Cars,Regular,Front-Wheel Drive,10.987,Mitsubishi,Manual 5-spd,4.0,1.5
22720,Small Pickup Trucks 2WD,Regular,Rear-Wheel Drive,17.3478947368421,Suzuki,Automatic 5-spd,4.0,2.5
22721,Small Pickup Trucks 2WD,Regular,Rear-Wheel Drive,15.6957142857143,Suzuki,Manual 5-spd,4.0,2.5
22722,Small Pickup Trucks 4WD,Regular,4-Wheel Drive,20.600625,Ford,Automatic 5-spd,6.0,4.0
22723,Small Pickup Trucks 4WD,Regular,4-Wheel Drive,19.3888235294118,Ford,Manual 5-spd,6.0,4.0
22724,Standard Pickup Trucks 2WD,Regular,Rear-Wheel Drive,21.974,Nissan,Automatic 5-spd,8.0,5.6
22725,Standard Pickup Trucks 2WD,Regular,Rear-Wheel Drive,19.3888235294118,Toyota,Automatic (S6),8.0,4.6
22726,Standard Pickup Trucks 2WD,Regular,Rear-Wheel Drive,20.600625,Toyota,Automatic (S6),8.0,5.7
22727,Standard Pickup Trucks 4WD,Regular,4-Wheel Drive,23.5435714285714,Nissan,Automatic 5-spd,8.0,5.6
22728,Standard Pickup Trucks 2WD,Gasoline or E85,Rear-Wheel Drive,21.974,Nissan,Automatic 5-spd,8.0,5.6
22729,Standard Pickup Trucks 4WD,Gasoline or E85,4-Wheel Drive,23.5435714285714,Nissan,Automatic 5-spd,8.0,5.6
22730,Subcompact Cars,Premium,Front-Wheel Drive,14.9822727272727,Mitsubishi,Automatic 3-spd,4.0,1.6
22731,Standard Pickup Trucks 4WD,Regular,Part-time 4-Wheel Drive,20.600625,Toyota,Automatic (S6),8.0,4.6
22732,Standard Pickup Trucks 4WD,Regular,Part-time 4-Wheel Drive,23.5435714285714,Toyota,Automatic (S6),8.0,5.7
22733,Standard Pickup Trucks 4WD,Gasoline or E85,Part-time 4-Wheel Drive,21.974,Toyota,Automatic (S6),8.0,5.7
22734,"Vans, Cargo Type",Regular,Rear-Wheel Drive,27.4675,Ford,Automatic 5-spd,10.0,6.8
22735,"Vans, Cargo Type",Gasoline or E85,Rear-Wheel Drive,21.974,Ford,Automatic 4-spd,8.0,4.6
22736,"Vans, Cargo Type",Gasoline or E85,Rear-Wheel Drive,23.5435714285714,Ford,Automatic 4-spd,8.0,5.4
22737,"Vans, Cargo Type",Gasoline or E85,Rear-Wheel Drive,25.3546153846154,Ford,Automatic 4-spd,8.0,5.4
22738,"Vans, Cargo Type",Gasoline or E85,Rear-Wheel Drive,23.5435714285714,Ford,Automatic 4-spd,8.0,5.4
22739,"Vans, Cargo Type",Gasoline or E85,Rear-Wheel Drive,21.974,Ford,Automatic 4-spd,8.0,4.6
22740,"Vans, Passenger Type",Regular,Rear-Wheel Drive,29.9645454545455,Ford,Automatic 5-spd,10.0,6.8
22741,Subcompact Cars,Premium,Front-Wheel Drive,13.1844,Mitsubishi,Manual 5-spd,4.0,1.6
22742,"Vans, Passenger Type",Gasoline or E85,Rear-Wheel Drive,25.3546153846154,Ford,Automatic 4-spd,8.0,5.4
22743,"Vans, Passenger Type",Gasoline or E85,Rear-Wheel Drive,25.3546153846154,Ford,Automatic 4-spd,8.0,5.4
22744,"Vans, Passenger Type",Gasoline or E85,Rear-Wheel Drive,23.5435714285714,Ford,Automatic 4-spd,8.0,4.6
22745,Sport Utility Vehicle - 2WD,Regular,Front-Wheel Drive,17.3478947368421,Chevrolet,Automatic 6-spd,6.0,3.0
22746,Sport Utility Vehicle - 2WD,Gasoline or E85,Front-Wheel Drive,16.4805,Chevrolet,Automatic 6-spd,6.0,3.0
22747,Sport Utility Vehicle - 2WD,Gasoline or E85,Rear-Wheel Drive,20.600625,Ford,Automatic 6-spd,8.0,5.4
22748,Sport Utility Vehicle - 2WD,Regular,Front-Wheel Drive,13.1844,Ford,Manual 5-spd,4.0,2.5
22749,Sport Utility Vehicle - 2WD,Regular,Front-Wheel Drive,10.3003125,Ford,Automatic (variable gear ratios),4.0,2.5
22750,Sport Utility Vehicle - 2WD,Gasoline or E85,Front-Wheel Drive,15.6957142857143,Ford,Automatic 6-spd,6.0,3.0
22751,Sport Utility Vehicle - 2WD,Regular,Front-Wheel Drive,14.3308695652174,Ford,Automatic 6-spd,4.0,2.5
22752,Subcompact Cars,Regular,Front-Wheel Drive,13.73375,Mitsubishi,Automatic 3-spd,4.0,1.5
22753,Sport Utility Vehicle - 2WD,Regular,Front-Wheel Drive,17.3478947368421,GMC,Automatic 6-spd,6.0,3.0
22754,Sport Utility Vehicle - 2WD,Gasoline or E85,Front-Wheel Drive,16.4805,GMC,Automatic 6-spd,6.0,3.0
22755,Sport Utility Vehicle - 2WD,Regular,Front-Wheel Drive,13.73375,Honda,Automatic 5-spd,4.0,2.4
22756,Sport Utility Vehicle - 2WD,Regular,Front-Wheel Drive,17.3478947368421,Hyundai,Automatic 6-spd,6.0,3.8
22757,Sport Utility Vehicle - 4WD,Gasoline or E85,4-Wheel Drive,21.974,Lincoln,Automatic 6-spd,8.0,5.4
22758,Sport Utility Vehicle - 2WD,Gasoline or E85,Rear-Wheel Drive,20.600625,Lincoln,Automatic 6-spd,8.0,5.4
22759,Sport Utility Vehicle - 2WD,Regular,Front-Wheel Drive,17.3478947368421,Mazda,Automatic (S6),6.0,3.7
22760,Sport Utility Vehicle - 2WD,Gasoline or E85,Front-Wheel Drive,15.6957142857143,Mazda,Automatic 6-spd,6.0,3.0
22761,Sport Utility Vehicle - 2WD,Regular,Front-Wheel Drive,13.1844,Mazda,Manual 5-spd,4.0,2.5
22762,Sport Utility Vehicle - 2WD,Regular,Front-Wheel Drive,14.3308695652174,Mazda,Automatic 6-spd,4.0,2.5
22763,Subcompact Cars,Regular,Front-Wheel Drive,12.6773076923077,Mitsubishi,Manual 4-spd,4.0,1.5
22764,Sport Utility Vehicle - 2WD,Regular,Front-Wheel Drive,10.3003125,Mazda,Automatic (variable gear ratios),4.0,2.5
22765,Sport Utility Vehicle - 2WD,Premium,Rear-Wheel Drive,18.3116666666667,Mercedes-Benz,Automatic 7-spd,6.0,3.5
22766,Sport Utility Vehicle - 2WD,Gasoline or E85,Front-Wheel Drive,15.6957142857143,Mercury,Automatic 6-spd,6.0,3.0
22767,Sport Utility Vehicle - 2WD,Regular,Front-Wheel Drive,10.3003125,Mercury,Automatic (variable gear ratios),4.0,2.5
22768,Sport Utility Vehicle - 2WD,Regular,Front-Wheel Drive,14.3308695652174,Mercury,Automatic 6-spd,4.0,2.5
22769,Sport Utility Vehicle - 2WD,Regular,Front-Wheel Drive,13.1844,Mitsubishi,Auto(AV-S6),4.0,2.4
22770,Sport Utility Vehicle - 2WD,Premium,Front-Wheel Drive,14.9822727272727,Mitsubishi,Automatic (S6),6.0,3.0
22771,Sport Utility Vehicle - 2WD,Regular,Front-Wheel Drive,12.6773076923077,Mitsubishi,Manual 5-spd,4.0,2.0
22772,Sport Utility Vehicle - 2WD,Regular,Front-Wheel Drive,12.2077777777778,Mitsubishi,Auto(AV-S6),4.0,2.0
22773,Sport Utility Vehicle - 2WD,Regular,Front-Wheel Drive,13.73375,Nissan,Automatic (variable gear ratios),4.0,2.5
22774,Subcompact Cars,Regular,Front-Wheel Drive,12.2077777777778,Mitsubishi,Manual 5-spd,4.0,1.5
22775,Sport Utility Vehicle - 2WD,Regular,Rear-Wheel Drive,21.974,Nissan,Automatic 5-spd,8.0,5.6
22776,Sport Utility Vehicle - 2WD,Gasoline or E85,Rear-Wheel Drive,21.974,Nissan,Automatic 5-spd,8.0,5.6
22777,Sport Utility Vehicle - 2WD,Regular,Rear-Wheel Drive,14.9822727272727,Suzuki,Manual 5-spd,4.0,2.4
22778,Sport Utility Vehicle - 2WD,Regular,Rear-Wheel Drive,15.6957142857143,Suzuki,Automatic 4-spd,4.0,2.4
22779,Sport Utility Vehicle - 2WD,Regular,Front-Wheel Drive,13.73375,Toyota,Automatic 4-spd,4.0,2.5
22780,Sport Utility Vehicle - 2WD,Regular,Front-Wheel Drive,14.9822727272727,Toyota,Automatic (S6),4.0,2.7
22781,Sport Utility Vehicle - 2WD,Regular,Front-Wheel Drive,16.4805,Toyota,Automatic (S5),6.0,3.5
22782,Sport Utility Vehicle - 2WD,Regular,Front-Wheel Drive,14.9822727272727,Toyota,Automatic 5-spd,6.0,3.5
22783,Sport Utility Vehicle - 2WD,Regular,Rear-Wheel Drive,17.3478947368421,Toyota,Automatic 4-spd,4.0,2.7
22784,Sport Utility Vehicle - 2WD,Regular,Rear-Wheel Drive,17.3478947368421,Toyota,Automatic (S5),6.0,4.0
22785,Subcompact Cars,Premium,Rear-Wheel Drive,18.3116666666667,Mitsubishi,Automatic 4-spd,4.0,2.6
22786,Sport Utility Vehicle - 2WD,Regular,Rear-Wheel Drive,20.600625,Toyota,Automatic (S6),8.0,4.6
22787,Sport Utility Vehicle - 2WD,Regular,Rear-Wheel Drive,20.600625,Toyota,Automatic (S6),8.0,5.7
22788,Sport Utility Vehicle - 4WD,Premium,All-Wheel Drive,18.3116666666667,Acura,Automatic (S6),6.0,3.7
22789,Sport Utility Vehicle - 4WD,Gasoline or E85,All-Wheel Drive,23.5435714285714,Cadillac,Automatic 6-spd,8.0,6.2
22790,Sport Utility Vehicle - 4WD,Regular,All-Wheel Drive,17.3478947368421,Chevrolet,Automatic 6-spd,6.0,3.0
22791,Sport Utility Vehicle - 4WD,Gasoline or E85,All-Wheel Drive,17.3478947368421,Chevrolet,Automatic 6-spd,6.0,3.0
22792,Sport Utility Vehicle - 4WD,Gasoline or E85,4-Wheel Drive,21.974,Ford,Automatic 6-spd,8.0,5.4
22793,Sport Utility Vehicle - 4WD,Regular,4-Wheel Drive,11.3658620689655,Ford,Automatic (variable gear ratios),4.0,2.5
22794,Sport Utility Vehicle - 4WD,Gasoline or E85,All-Wheel Drive,16.4805,Ford,Automatic 6-spd,6.0,3.0
22795,Sport Utility Vehicle - 4WD,Regular,All-Wheel Drive,14.9822727272727,Ford,Automatic 6-spd,4.0,2.5
22796,Subcompact Cars,Premium,Rear-Wheel Drive,18.3116666666667,Mitsubishi,Manual 5-spd,4.0,2.6
22797,Sport Utility Vehicle - 4WD,Regular,All-Wheel Drive,17.3478947368421,GMC,Automatic 6-spd,6.0,3.0
22798,Sport Utility Vehicle - 4WD,Gasoline or E85,All-Wheel Drive,17.3478947368421,GMC,Automatic 6-spd,6.0,3.0
22799,Sport Utility Vehicle - 4WD,Regular,All-Wheel Drive,14.3308695652174,Honda,Automatic 5-spd,4.0,2.4
22800,Sport Utility Vehicle - 4WD,Regular,4-Wheel Drive,18.3116666666667,Hyundai,Automatic 6-spd,6.0,3.8
22801,Sport Utility Vehicle - 4WD,Regular,4-Wheel Drive,19.3888235294118,Jeep,Manual 6-spd,6.0,3.8
22802,Sport Utility Vehicle - 4WD,Regular,4-Wheel Drive,19.3888235294118,Jeep,Automatic 4-spd,6.0,3.8
22803,Sport Utility Vehicle - 4WD,Regular,4-Wheel Drive,18.3116666666667,Land Rover,Automatic (S6),6.0,3.2
22804,Sport Utility Vehicle - 4WD,Premium,4-Wheel Drive,23.5435714285714,Land Rover,Automatic (S6),8.0,5.0
22805,Sport Utility Vehicle - 4WD,Premium,4-Wheel Drive,21.974,Land Rover,Automatic (S6),8.0,5.0
22806,Sport Utility Vehicle - 4WD,Premium,4-Wheel Drive,23.5435714285714,Land Rover,Automatic (S6),8.0,5.0
22807,Subcompact Cars,Premium,Front-Wheel Drive,14.9822727272727,Mitsubishi,Manual 5-spd,4.0,1.8
22808,Sport Utility Vehicle - 4WD,Premium,4-Wheel Drive,21.974,Land Rover,Automatic (S6),8.0,5.0
22809,Sport Utility Vehicle - 4WD,Premium,4-Wheel Drive,23.5435714285714,Land Rover,Automatic (S6),8.0,5.0
22810,Sport Utility Vehicle - 4WD,Premium,4-Wheel Drive,19.3888235294118,Lexus,Automatic (S6),8.0,4.6
22811,Sport Utility Vehicle - 4WD,Premium,4-Wheel Drive,23.5435714285714,Lexus,Automatic (S6),8.0,5.7
22812,Sport Utility Vehicle - 4WD,Regular,4-Wheel Drive,17.3478947368421,Mazda,Automatic (S6),6.0,3.7
22813,Sport Utility Vehicle - 4WD,Regular,4-Wheel Drive,11.3658620689655,Mazda,Automatic (variable gear ratios),4.0,2.5
22814,Sport Utility Vehicle - 4WD,Gasoline or E85,All-Wheel Drive,16.4805,Mazda,Automatic 6-spd,6.0,3.0
22815,Sport Utility Vehicle - 4WD,Regular,All-Wheel Drive,14.9822727272727,Mazda,Automatic 6-spd,4.0,2.5
22816,Sport Utility Vehicle - 4WD,Premium,4-Wheel Drive,18.3116666666667,Mercedes-Benz,Automatic 7-spd,6.0,3.5
22817,Sport Utility Vehicle - 4WD,Diesel,4-Wheel Drive,18.1992857142857,Mercedes-Benz,Automatic 7-spd,6.0,3.0
22818,Compact Cars,Regular,Rear-Wheel Drive,19.3888235294118,Ford,Automatic 3-spd,4.0,2.3
22819,Subcompact Cars,Regular,Front-Wheel Drive,14.9822727272727,Mitsubishi,Automatic 3-spd,4.0,2.0
22820,Sport Utility Vehicle - 4WD,Premium,4-Wheel Drive,14.9822727272727,Mercedes-Benz,Automatic (variable gear ratios),6.0,3.5
22821,Sport Utility Vehicle - 4WD,Premium,4-Wheel Drive,27.4675,Mercedes-Benz,Automatic 7-spd,8.0,6.3
22822,Sport Utility Vehicle - 4WD,Diesel,4-Wheel Drive,19.10925,Mercedes-Benz,Automatic 7-spd,6.0,3.0
22823,Sport Utility Vehicle - 4WD,Diesel,4-Wheel Drive,20.115,Mercedes-Benz,Automatic 7-spd,6.0,3.0
22824,Sport Utility Vehicle - 4WD,Premium,4-Wheel Drive,23.5435714285714,Mercedes-Benz,Automatic 7-spd,8.0,5.5
22825,Sport Utility Vehicle - 4WD,Premium,4-Wheel Drive,25.3546153846154,Mercedes-Benz,Automatic 7-spd,8.0,5.5
22826,Sport Utility Vehicle - 4WD,Premium,4-Wheel Drive,27.4675,Mercedes-Benz,Automatic 5-spd,8.0,5.4
22827,Sport Utility Vehicle - 4WD,Regular,4-Wheel Drive,11.3658620689655,Mercury,Automatic (variable gear ratios),4.0,2.5
22828,Sport Utility Vehicle - 4WD,Gasoline or E85,All-Wheel Drive,16.4805,Mercury,Automatic 6-spd,6.0,3.0
22829,Sport Utility Vehicle - 4WD,Regular,All-Wheel Drive,14.9822727272727,Mercury,Automatic 6-spd,4.0,2.5
22830,Subcompact Cars,Regular,Front-Wheel Drive,13.73375,Mitsubishi,Manual 5-spd,4.0,2.0
22831,Sport Utility Vehicle - 4WD,Regular,4-Wheel Drive,13.73375,Mitsubishi,Auto(AV-S6),4.0,2.4
22832,Sport Utility Vehicle - 4WD,Premium,4-Wheel Drive,15.6957142857143,Mitsubishi,Automatic (S6),6.0,3.0
22833,Sport Utility Vehicle - 4WD,Regular,4-Wheel Drive,12.6773076923077,Mitsubishi,Auto(AV-S6),4.0,2.0
22834,Sport Utility Vehicle - 4WD,Regular,All-Wheel Drive,13.73375,Nissan,Automatic (variable gear ratios),4.0,2.5
22835,Sport Utility Vehicle - 4WD,Regular,4-Wheel Drive,23.5435714285714,Nissan,Automatic 5-spd,8.0,5.6
22836,Sport Utility Vehicle - 4WD,Gasoline or E85,4-Wheel Drive,23.5435714285714,Nissan,Automatic 5-spd,8.0,5.6
22837,Sport Utility Vehicle - 4WD,Premium,All-Wheel Drive,17.3478947368421,Porsche,Automatic 8-spd,6.0,3.6
22838,Sport Utility Vehicle - 4WD,Premium,All-Wheel Drive,18.3116666666667,Porsche,Manual 6-spd,6.0,3.6
22839,Sport Utility Vehicle - 4WD,Regular,All-Wheel Drive,14.3308695652174,Subaru,Manual 5-spd,4.0,2.5
22840,Sport Utility Vehicle - 4WD,Regular,All-Wheel Drive,14.3308695652174,Subaru,Automatic (S4),4.0,2.5
22841,Subcompact Cars,Regular,Front-Wheel Drive,12.2077777777778,Plymouth,Automatic 3-spd,4.0,1.5
22842,Sport Utility Vehicle - 4WD,Premium,All-Wheel Drive,15.6957142857143,Subaru,Automatic (S4),4.0,2.5
22843,Sport Utility Vehicle - 4WD,Regular,All-Wheel Drive,18.3116666666667,Subaru,Automatic (S5),6.0,3.6
22844,Sport Utility Vehicle - 4WD,Regular,4-Wheel Drive,16.4805,Suzuki,Automatic 4-spd,4.0,2.4
22845,Sport Utility Vehicle - 4WD,Regular,All-Wheel Drive,14.3308695652174,Toyota,Automatic 4-spd,4.0,2.5
22846,Sport Utility Vehicle - 4WD,Regular,All-Wheel Drive,17.3478947368421,Toyota,Automatic (S5),6.0,3.5
22847,Sport Utility Vehicle - 4WD,Regular,All-Wheel Drive,15.6957142857143,Toyota,Automatic 5-spd,6.0,3.5
22848,Sport Utility Vehicle - 4WD,Regular,All-Wheel Drive,11.7717857142857,Toyota,Automatic (variable gear ratios),6.0,3.5
22849,Sport Utility Vehicle - 4WD,Regular,4-Wheel Drive,17.3478947368421,Toyota,Automatic (S5),6.0,4.0
22850,Sport Utility Vehicle - 4WD,Regular,Part-time 4-Wheel Drive,17.3478947368421,Toyota,Automatic (S5),6.0,4.0
22851,Sport Utility Vehicle - 4WD,Regular,Part-time 4-Wheel Drive,21.974,Toyota,Automatic (S6),8.0,4.6
22852,Subcompact Cars,Regular,Front-Wheel Drive,10.6325806451613,Plymouth,Manual 4-spd,4.0,1.5
22853,Sport Utility Vehicle - 4WD,Regular,4-Wheel Drive,21.974,Toyota,Automatic (S6),8.0,5.7
22854,Sport Utility Vehicle - 4WD,Regular,Part-time 4-Wheel Drive,21.974,Toyota,Automatic (S6),8.0,5.7
22855,Sport Utility Vehicle - 4WD,Gasoline or E85,Part-time 4-Wheel Drive,23.5435714285714,Toyota,Automatic (S6),8.0,5.7
22856,Sport Utility Vehicle - 4WD,Premium,All-Wheel Drive,17.3478947368421,Volkswagen,Automatic (S8),6.0,3.6
22857,Midsize Cars,Regular,Front-Wheel Drive,13.73375,Mazda,Manual 6-spd,4.0,2.5
22858,Midsize Cars,Regular,Front-Wheel Drive,13.1844,Mazda,Automatic (S5),4.0,2.5
22859,Subcompact Cars,Premium,Rear-Wheel Drive,17.3478947368421,Infiniti,Manual 6-spd,6.0,3.7
22860,Subcompact Cars,Premium,Rear-Wheel Drive,14.9822727272727,Infiniti,Automatic (S7),6.0,3.7
22861,Subcompact Cars,Premium,All-Wheel Drive,16.4805,Infiniti,Automatic (S7),6.0,3.7
22862,Subcompact Cars,Regular,Front-Wheel Drive,12.6773076923077,Nissan,Manual 6-spd,4.0,2.5
22863,Subcompact Cars,Regular,Front-Wheel Drive,10.987,Plymouth,Manual 5-spd,4.0,1.5
22864,Subcompact Cars,Regular,Front-Wheel Drive,12.6773076923077,Nissan,Auto(AV-S6),4.0,2.5
22865,Subcompact Cars,Regular,Front-Wheel Drive,15.6957142857143,Nissan,Manual 6-spd,6.0,3.5
22866,Subcompact Cars,Regular,Front-Wheel Drive,14.3308695652174,Nissan,Auto(AV-S6),6.0,3.5
22867,Compact Cars,Regular,Front-Wheel Drive,8.24025,Honda,Automatic (variable gear ratios),4.0,1.3
22868,Compact Cars,Regular,Front-Wheel Drive,8.24025,Honda,Auto(AV-S7),4.0,1.3
22869,Compact Cars,Regular,Front-Wheel Drive,9.69441176470588,Lexus,Automatic (variable gear ratios),4.0,2.4
22870,Compact Cars,Regular,Front-Wheel Drive,11.3658620689655,Toyota,Automatic 4-spd,4.0,1.8
22871,Compact Cars,Regular,Front-Wheel Drive,10.987,Toyota,Manual 5-spd,4.0,1.8
22872,Compact Cars,Regular,Front-Wheel Drive,13.73375,Toyota,Manual 5-spd,4.0,2.4
22873,Compact Cars,Regular,Front-Wheel Drive,13.1844,Toyota,Automatic (S5),4.0,2.4
22874,Subcompact Cars,Premium,Front-Wheel Drive,14.9822727272727,Plymouth,Automatic 3-spd,4.0,1.6
22875,Midsize Cars,Premium,All-Wheel Drive,16.4805,Acura,Automatic (S6),6.0,3.7
22876,Midsize Cars,Premium,Rear-Wheel Drive,14.3308695652174,Infiniti,Automatic (S7),6.0,2.5
22877,Midsize Cars,Premium,All-Wheel Drive,14.9822727272727,Infiniti,Automatic (S7),6.0,2.5
22878,Midsize Cars,Regular,Front-Wheel Drive,12.2077777777778,Kia,Automatic 6-spd,4.0,2.4
22879,Midsize Cars,Regular,Front-Wheel Drive,12.2077777777778,Kia,Manual 6-spd,4.0,2.4
22880,Midsize Cars,Regular,Front-Wheel Drive,14.9822727272727,Lexus,Automatic (S6),6.0,3.5
22881,Midsize Cars,Premium,Rear-Wheel Drive,17.3478947368421,Lexus,Automatic (S8),8.0,4.6
22882,Midsize Cars,Premium,All-Wheel Drive,18.3116666666667,Lexus,Automatic (S8),8.0,4.6
22883,Midsize Cars,Premium,Rear-Wheel Drive,17.3478947368421,Lexus,Automatic (S8),8.0,4.6
22884,Midsize Cars,Premium,All-Wheel Drive,18.3116666666667,Lexus,Automatic (S8),8.0,4.6
22885,Subcompact Cars,Premium,Front-Wheel Drive,13.1844,Plymouth,Manual 5-spd,4.0,1.6
22886,Midsize Cars,Premium,All-Wheel Drive,16.4805,Lexus,Auto(AV-S8),8.0,5.0
22887,Midsize Cars,Regular,Front-Wheel Drive,12.6773076923077,Nissan,Auto(AV-S6),4.0,2.5
22888,Midsize Cars,Regular,Front-Wheel Drive,14.9822727272727,Nissan,Auto(AV-S6),6.0,3.5
22889,Midsize Cars,Regular,Front-Wheel Drive,9.98818181818182,Nissan,Automatic (variable gear ratios),4.0,2.5
22890,Small Station Wagons,Regular,Front-Wheel Drive,13.73375,Dodge,Automatic (variable gear ratios),4.0,2.0
22891,Small Station Wagons,Regular,Front-Wheel Drive,13.73375,Dodge,Automatic (variable gear ratios),4.0,2.4
22892,Small Station Wagons,Regular,Front-Wheel Drive,12.2077777777778,Dodge,Manual 5-spd,4.0,2.0
22893,Small Station Wagons,Premium,Front-Wheel Drive,12.2077777777778,Nissan,Manual 6-spd,4.0,1.6
22894,Small Station Wagons,Premium,Front-Wheel Drive,11.3658620689655,Nissan,Auto(AV-S6),4.0,1.6
22895,Small Station Wagons,Premium,All-Wheel Drive,12.2077777777778,Nissan,Auto(AV-S6),4.0,1.6
22896,Subcompact Cars,Regular,Front-Wheel Drive,14.9822727272727,Plymouth,Automatic 3-spd,4.0,2.2
22897,Small Station Wagons,Regular,Front-Wheel Drive,12.2077777777778,Toyota,Automatic 4-spd,4.0,1.8
22898,Small Station Wagons,Regular,Front-Wheel Drive,11.3658620689655,Toyota,Manual 5-spd,4.0,1.8
22899,Small Station Wagons,Regular,All-Wheel Drive,14.9822727272727,Toyota,Automatic 4-spd,4.0,2.4
22900,Small Station Wagons,Regular,Front-Wheel Drive,13.73375,Toyota,Manual 5-spd,4.0,2.4
22901,Small Station Wagons,Regular,Front-Wheel Drive,13.73375,Toyota,Automatic (S5),4.0,2.4
22902,Small Pickup Trucks 2WD,Regular,Rear-Wheel Drive,17.3478947368421,Nissan,Automatic 5-spd,4.0,2.5
22903,Small Pickup Trucks 2WD,Regular,Rear-Wheel Drive,19.3888235294118,Nissan,Automatic 5-spd,6.0,4.0
22904,Small Pickup Trucks 2WD,Regular,Rear-Wheel Drive,19.3888235294118,Nissan,Manual 6-spd,6.0,4.0
22905,Small Pickup Trucks 2WD,Regular,Rear-Wheel Drive,19.3888235294118,Suzuki,Automatic 5-spd,6.0,4.0
22906,Small Pickup Trucks 4WD,Regular,4-Wheel Drive,20.600625,Nissan,Automatic 5-spd,6.0,4.0
22907,Subcompact Cars,Regular,Front-Wheel Drive,12.6773076923077,Plymouth,Manual 5-spd,4.0,2.2
22908,Small Pickup Trucks 4WD,Regular,4-Wheel Drive,19.3888235294118,Nissan,Manual 6-spd,6.0,4.0
22909,Small Pickup Trucks 4WD,Regular,4-Wheel Drive,20.600625,Suzuki,Automatic 5-spd,6.0,4.0
22910,Standard Pickup Trucks 2WD,Regular,Rear-Wheel Drive,18.3116666666667,Toyota,Automatic (S5),6.0,4.0
22911,Minivan - 2WD,Regular,Front-Wheel Drive,14.9822727272727,Honda,Automatic 6-spd,6.0,3.5
22912,Minivan - 2WD,Regular,Front-Wheel Drive,15.6957142857143,Honda,Automatic 5-spd,6.0,3.5
22913,Sport Utility Vehicle - 2WD,Regular,Front-Wheel Drive,15.6957142857143,Honda,Automatic 5-spd,6.0,3.5
22914,Sport Utility Vehicle - 2WD,Regular,Front-Wheel Drive,14.9822727272727,Honda,Automatic 5-spd,4.0,2.4
22915,Sport Utility Vehicle - 2WD,Premium,Rear-Wheel Drive,17.3478947368421,Infiniti,Automatic (S7),6.0,3.5
22916,Sport Utility Vehicle - 2WD,Regular,Front-Wheel Drive,13.73375,Jeep,Automatic (variable gear ratios),4.0,2.0
22917,Sport Utility Vehicle - 2WD,Regular,Front-Wheel Drive,14.3308695652174,Jeep,Automatic (variable gear ratios),4.0,2.4
22918,Subcompact Cars,Regular,Rear-Wheel Drive,16.4805,Pontiac,Automatic 4-spd,6.0,2.8
22919,Sport Utility Vehicle - 2WD,Regular,Front-Wheel Drive,13.73375,Jeep,Automatic (variable gear ratios),4.0,2.0
22920,Sport Utility Vehicle - 2WD,Regular,Front-Wheel Drive,14.3308695652174,Jeep,Automatic (variable gear ratios),4.0,2.4
22921,Sport Utility Vehicle - 2WD,Premium,Front-Wheel Drive,15.6957142857143,Lexus,Automatic (S6),6.0,3.5
22922,Sport Utility Vehicle - 2WD,Premium,Front-Wheel Drive,11.3658620689655,Lexus,Auto(AV-S6),6.0,3.5
22923,Sport Utility Vehicle - 2WD,Premium,Front-Wheel Drive,16.4805,Mazda,Automatic (S6),4.0,2.3
22924,Sport Utility Vehicle - 2WD,Regular,Front-Wheel Drive,14.3308695652174,Mazda,Automatic (S5),4.0,2.5
22925,Sport Utility Vehicle - 2WD,Premium,Rear-Wheel Drive,19.3888235294118,Nissan,Automatic 5-spd,6.0,4.0
22926,Sport Utility Vehicle - 2WD,Regular,Rear-Wheel Drive,17.3478947368421,Toyota,Automatic 5-spd,6.0,4.0
22927,Sport Utility Vehicle - 2WD,Regular,Front-Wheel Drive,14.3308695652174,Toyota,Automatic (S6),4.0,2.7
22928,Sport Utility Vehicle - 2WD,Regular,Front-Wheel Drive,15.6957142857143,Toyota,Automatic (S6),6.0,3.5
22929,Compact Cars,Regular,Rear-Wheel Drive,17.3478947368421,Ford,Manual 5-spd,4.0,2.3
22930,Subcompact Cars,Regular,Rear-Wheel Drive,18.3116666666667,Pontiac,Manual 5-spd,6.0,2.8
22931,Sport Utility Vehicle - 4WD,Premium,All-Wheel Drive,17.3478947368421,Acura,Automatic (S6),6.0,3.7
22932,Sport Utility Vehicle - 4WD,Regular,All-Wheel Drive,15.6957142857143,Honda,Automatic 5-spd,6.0,3.5
22933,Sport Utility Vehicle - 4WD,Regular,All-Wheel Drive,15.6957142857143,Honda,Automatic 5-spd,4.0,2.4
22934,Sport Utility Vehicle - 4WD,Regular,All-Wheel Drive,16.4805,Honda,Manual 5-spd,4.0,2.4
22935,Sport Utility Vehicle - 4WD,Premium,All-Wheel Drive,18.3116666666667,Infiniti,Automatic (S7),6.0,3.5
22936,Sport Utility Vehicle - 4WD,Premium,All-Wheel Drive,20.600625,Infiniti,Automatic (S7),8.0,5.0
22937,Sport Utility Vehicle - 4WD,Premium,All-Wheel Drive,16.4805,Lexus,Automatic (S6),6.0,3.5
22938,Sport Utility Vehicle - 4WD,Premium,All-Wheel Drive,11.7717857142857,Lexus,Auto(AV-S6),6.0,3.5
22939,Sport Utility Vehicle - 4WD,Premium,4-Wheel Drive,17.3478947368421,Mazda,Automatic (S6),4.0,2.3
22940,Sport Utility Vehicle - 4WD,Premium,4-Wheel Drive,20.600625,Nissan,Automatic 5-spd,6.0,4.0
22941,Subcompact Cars,Regular,Rear-Wheel Drive,18.3116666666667,Pontiac,Automatic 4-spd,8.0,5.0
22942,Sport Utility Vehicle - 4WD,Premium,4-Wheel Drive,21.974,Nissan,Automatic (S5),8.0,5.6
22943,Sport Utility Vehicle - 4WD,Regular,4-Wheel Drive,19.3888235294118,Nissan,Automatic 5-spd,6.0,4.0
22944,Sport Utility Vehicle - 4WD,Regular,4-Wheel Drive,19.3888235294118,Nissan,Manual 6-spd,6.0,4.0
22945,Sport Utility Vehicle - 4WD,Regular,Part-time 4-Wheel Drive,17.3478947368421,Toyota,Automatic 5-spd,6.0,4.0
22946,Sport Utility Vehicle - 4WD,Regular,4-Wheel Drive,19.3888235294118,Toyota,Manual 6-spd,6.0,4.0
22947,Sport Utility Vehicle - 4WD,Regular,All-Wheel Drive,14.9822727272727,Toyota,Automatic (S6),4.0,2.7
22948,Sport Utility Vehicle - 4WD,Regular,All-Wheel Drive,15.6957142857143,Toyota,Automatic (S6),6.0,3.5
22949,Two Seaters,Premium,Rear-Wheel Drive,9.15583333333333,smart,Auto(AM5),3.0,1.0
22950,Two Seaters,Premium,Rear-Wheel Drive,9.15583333333333,smart,Auto(AM5),3.0,1.0
22951,Midsize Cars,Regular,Front-Wheel Drive,6.866875,Toyota,Automatic (variable gear ratios),4.0,1.8
22952,Subcompact Cars,Regular,Rear-Wheel Drive,19.3888235294118,Pontiac,Manual 5-spd,8.0,5.0
22953,Sport Utility Vehicle - 4WD,Regular,4-Wheel Drive,15.6957142857143,GMC,Automatic (variable gear ratios),8.0,6.0
22954,Two Seaters,Premium,Rear-Wheel Drive,25.3546153846154,Aston Martin,Manual 6-spd,12.0,5.9
22955,Two Seaters,Premium,Rear-Wheel Drive,21.974,Aston Martin,Manual 6-spd,8.0,4.7
22956,Two Seaters,Premium,Rear-Wheel Drive,20.600625,Aston Martin,Auto(AM6),8.0,4.7
22957,Two Seaters,Premium,All-Wheel Drive,23.5435714285714,Audi,Manual 6-spd,8.0,4.2
22958,Two Seaters,Premium,All-Wheel Drive,20.600625,Audi,Auto(AM6),8.0,4.2
22959,Two Seaters,Premium,All-Wheel Drive,23.5435714285714,Audi,Manual 6-spd,8.0,4.2
22960,Two Seaters,Premium,All-Wheel Drive,20.600625,Audi,Auto(AM6),8.0,4.2
22961,Two Seaters,Premium,Rear-Wheel Drive,15.6957142857143,Porsche,Automatic 7-spd,6.0,3.8
22962,Minicompact Cars,Premium,Rear-Wheel Drive,21.974,Aston Martin,Automatic (S6),12.0,5.9
22963,Subcompact Cars,Regular,Rear-Wheel Drive,18.3116666666667,Pontiac,Automatic 4-spd,8.0,5.0
22964,Minicompact Cars,Premium,Rear-Wheel Drive,25.3546153846154,Aston Martin,Manual 6-spd,12.0,5.9
22965,Minicompact Cars,Premium,Rear-Wheel Drive,23.5435714285714,Aston Martin,Automatic (S6),12.0,5.9
22966,Minicompact Cars,Premium,Rear-Wheel Drive,16.4805,Porsche,Manual 6-spd,6.0,3.8
22967,Minicompact Cars,Premium,Rear-Wheel Drive,15.6957142857143,Porsche,Automatic 7-spd,6.0,3.8
22968,Minicompact Cars,Premium,Rear-Wheel Drive,15.6957142857143,Porsche,Manual 6-spd,6.0,3.8
22969,Minicompact Cars,Premium,Rear-Wheel Drive,15.6957142857143,Porsche,Automatic 7-spd,6.0,3.8
22970,Subcompact Cars,Premium,Rear-Wheel Drive,21.974,Aston Martin,Automatic (S6),12.0,5.9
22971,Midsize Cars,Regular,Front-Wheel Drive,11.7717857142857,Kia,Manual 6-spd,4.0,2.0
22972,Midsize Cars,Regular,Front-Wheel Drive,11.3658620689655,Kia,Automatic 6-spd,4.0,2.0
22973,Midsize Cars,Regular,Front-Wheel Drive,10.987,Kia,Automatic 6-spd,4.0,2.0
22974,Subcompact Cars,Regular,Rear-Wheel Drive,18.3116666666667,Pontiac,Manual 5-spd,8.0,5.0
22975,Midsize Cars,Regular,Front-Wheel Drive,12.6773076923077,Kia,Automatic 6-spd,4.0,2.0
22976,Midsize Cars,Regular,All-Wheel Drive,16.4805,Saab,Automatic (S6),6.0,2.8
22977,Large Cars,Regular,Front-Wheel Drive,12.6773076923077,Hyundai,Automatic 6-spd,4.0,2.0
22978,Large Cars,Premium,Rear-Wheel Drive,21.974,Rolls-Royce,Automatic (S8),12.0,6.6
22979,Small Station Wagons,Regular,Front-Wheel Drive,13.1844,Dodge,Manual 5-spd,4.0,2.4
22980,Small Station Wagons,Premium,Rear-Wheel Drive,16.4805,Infiniti,Automatic (S7),6.0,3.5
22981,Small Station Wagons,Premium,All-Wheel Drive,17.3478947368421,Infiniti,Automatic (S7),6.0,3.5
22982,Special Purpose Vehicle 2WD,Regular,Front-Wheel Drive,14.9822727272727,Ford,Automatic 4-spd,4.0,2.0
22983,Sport Utility Vehicle - 2WD,Regular,Front-Wheel Drive,15.6957142857143,Hyundai,Manual 6-spd,4.0,2.4
22984,Sport Utility Vehicle - 2WD,Regular,Front-Wheel Drive,14.9822727272727,Hyundai,Automatic 6-spd,6.0,3.5
22985,Subcompact Cars,Regular,Rear-Wheel Drive,19.3888235294118,Pontiac,Automatic 4-spd,8.0,5.7
22986,Sport Utility Vehicle - 2WD,Regular,Front-Wheel Drive,14.3308695652174,Hyundai,Automatic 6-spd,4.0,2.4
22987,Sport Utility Vehicle - 2WD,Regular,Front-Wheel Drive,13.1844,Jeep,Manual 5-spd,4.0,2.4
22988,Sport Utility Vehicle - 2WD,Regular,Front-Wheel Drive,13.1844,Jeep,Manual 5-spd,4.0,2.0
22989,Sport Utility Vehicle - 2WD,Regular,Front-Wheel Drive,13.1844,Jeep,Manual 5-spd,4.0,2.4
22990,Sport Utility Vehicle - 2WD,Regular,Front-Wheel Drive,13.1844,Jeep,Manual 5-spd,4.0,2.0
22991,Sport Utility Vehicle - 2WD,Regular,Front-Wheel Drive,16.4805,Nissan,Automatic (variable gear ratios),6.0,3.5
22992,Sport Utility Vehicle - 4WD,Regular,4-Wheel Drive,14.9822727272727,Hyundai,Automatic 6-spd,4.0,2.4
22993,Sport Utility Vehicle - 4WD,Regular,4-Wheel Drive,14.9822727272727,Hyundai,Automatic 6-spd,6.0,3.5
22994,Sport Utility Vehicle - 4WD,Regular,4-Wheel Drive,14.3308695652174,Jeep,Automatic (variable gear ratios),4.0,2.4
22995,Sport Utility Vehicle - 4WD,Regular,4-Wheel Drive,13.73375,Jeep,Manual 5-spd,4.0,2.4
22996,Subcompact Cars,Regular,Front-Wheel Drive,9.69441176470588,Pontiac,Automatic 3-spd,3.0,1.0
22997,Sport Utility Vehicle - 4WD,Regular,4-Wheel Drive,15.6957142857143,Jeep,Automatic (variable gear ratios),4.0,2.4
22998,Sport Utility Vehicle - 4WD,Regular,4-Wheel Drive,14.3308695652174,Jeep,Automatic (variable gear ratios),4.0,2.4
22999,Sport Utility Vehicle - 4WD,Regular,4-Wheel Drive,13.73375,Jeep,Manual 5-spd,4.0,2.4
23000,Sport Utility Vehicle - 4WD,Regular,All-Wheel Drive,16.4805,Nissan,Automatic (variable gear ratios),6.0,3.5
23001,Sport Utility Vehicle - 4WD,Premium,All-Wheel Drive,15.6957142857143,Porsche,Automatic 8-spd,6.0,3.0
23002,Standard Pickup Trucks 2WD,Electricity,2-Wheel Drive,0.348,Ford,Automatic (A1),,
23003,Standard Pickup Trucks 2WD,Electricity,2-Wheel Drive,0.348,Ford,Automatic (A1),,
23004,Standard Pickup Trucks 2WD,Electricity,2-Wheel Drive,0.36,Ford,Automatic (A1),,
23005,Two Seaters,Electricity,,0.24,GMC,Automatic (A1),,
23006,Two Seaters,Electricity,,0.546,GMC,Automatic (A1),,
23007,Subcompact Cars,Regular,Front-Wheel Drive,8.45153846153846,Pontiac,Manual 5-spd,3.0,1.0
23008,Compact Cars,Electricity,,0.426,Honda,Automatic (A1),,
23009,Standard Pickup Trucks 2WD,Electricity,2-Wheel Drive,0.348,Ford,Automatic (A1),,
23010,Standard Pickup Trucks 2WD,Electricity,2-Wheel Drive,0.432,Ford,Automatic (A1),,
23011,Minivan - 2WD,Electricity,2-Wheel Drive,0.576,Dodge,Automatic (A1),,
23012,Minivan - 2WD,Electricity,Front-Wheel Drive,0.576,Plymouth,Automatic (A1),,
23013,Compact Cars,Electricity,,0.426,Honda,Automatic (A1),,
23014,Small Pickup Trucks 2WD,Electricity,2-Wheel Drive,0.372,Chevrolet,Automatic (A1),,
23015,Small Pickup Trucks 2WD,Electricity,2-Wheel Drive,0.726,Chevrolet,Automatic (A1),,
23016,Minicompact Cars,Electricity,,0.204,MINI,Automatic (A1),,
23017,Midsize Cars,Electricity,Front-Wheel Drive,0.204,Nissan,Automatic (A1),,
23018,Subcompact Cars,Premium,Front-Wheel Drive,16.4805,Pontiac,Automatic 3-spd,4.0,2.0
23019,Compact Cars,Premium Gas or Electricity,Front-Wheel Drive,3.37562148214286,Chevrolet,Auto (AV),4.0,1.4
23020,Two Seaters,Premium,Rear-Wheel Drive,14.9822727272727,Nissan,Automatic (S7),6.0,3.7
23021,Two Seaters,Premium,Rear-Wheel Drive,15.6957142857143,Nissan,Manual 6-spd,6.0,3.7
23022,Two Seaters,Premium,Rear-Wheel Drive,16.4805,Nissan,Automatic (S7),6.0,3.7
23023,Two Seaters,Premium,Rear-Wheel Drive,16.4805,Nissan,Manual 6-spd,6.0,3.7
23024,Subcompact Cars,Premium,Rear-Wheel Drive,16.4805,Infiniti,Automatic (S7),6.0,3.7
23025,Subcompact Cars,Premium,Rear-Wheel Drive,17.3478947368421,Infiniti,Manual 6-spd,6.0,3.7
23026,Midsize Cars,Regular,Front-Wheel Drive,10.987,Chevrolet,Automatic (S6),4.0,1.4
23027,Compact Cars,Regular,Rear-Wheel Drive,14.9822727272727,Chevrolet,Automatic 6-spd,6.0,3.6
23028,Midsize Cars,Regular,Front-Wheel Drive,10.3003125,Chevrolet,Manual 6-spd,4.0,1.4
23029,Subcompact Cars,Premium,Front-Wheel Drive,14.9822727272727,Pontiac,Manual 5-spd,4.0,2.0
23030,Compact Cars,Regular,Front-Wheel Drive,14.3308695652174,Chrysler,Automatic 4-spd,4.0,2.4
23031,Compact Cars,Regular,Front-Wheel Drive,14.9822727272727,Chrysler,Automatic 6-spd,4.0,2.4
23032,Compact Cars,Gasoline or E85,Front-Wheel Drive,14.9822727272727,Chrysler,Automatic 6-spd,6.0,3.6
23033,Compact Cars,Regular,Rear-Wheel Drive,15.6957142857143,Dodge,Automatic 5-spd,6.0,3.6
23034,Compact Cars,Premium,Rear-Wheel Drive,18.3116666666667,Dodge,Manual 6-spd,8.0,5.7
23035,Compact Cars,Midgrade,Rear-Wheel Drive,17.3478947368421,Dodge,Automatic 5-spd,8.0,5.7
23036,Compact Cars,Premium,Rear-Wheel Drive,19.3888235294118,Dodge,Manual 6-spd,8.0,6.4
23037,Compact Cars,Premium,Rear-Wheel Drive,20.600625,Dodge,Automatic 5-spd,8.0,6.4
23038,Compact Cars,Regular,Front-Wheel Drive,11.7717857142857,Kia,Automatic 6-spd,4.0,2.0
23039,Compact Cars,Regular,Front-Wheel Drive,12.2077777777778,Kia,Manual 6-spd,4.0,2.0
23040,Two Seaters,Regular,Front-Wheel Drive,13.1844,Subaru,Manual 5-spd,4.0,1.8
23041,Compact Cars,Regular,Rear-Wheel Drive,18.3116666666667,Ford,Automatic 3-spd,6.0,3.8
23042,Subcompact Cars,Regular,Front-Wheel Drive,13.73375,Pontiac,Automatic 3-spd,4.0,2.0
23043,Compact Cars,Regular,Front-Wheel Drive,12.6773076923077,Kia,Automatic 6-spd,4.0,2.4
23044,Compact Cars,Regular,Front-Wheel Drive,12.6773076923077,Kia,Manual 6-spd,4.0,2.4
23045,Compact Cars,Regular,Front-Wheel Drive,7.84785714285714,Lexus,Automatic (variable gear ratios),4.0,1.8
23046,Compact Cars,Regular,Front-Wheel Drive,13.73375,Saab,Manual 6-spd,4.0,2.0
23047,Compact Cars,Regular,All-Wheel Drive,14.3308695652174,Saab,Manual 6-spd,4.0,2.0
23048,Compact Cars,Regular,All-Wheel Drive,16.4805,Saab,Automatic (S6),4.0,2.0
23049,Compact Cars,Regular,Front-Wheel Drive,14.9822727272727,Saab,Automatic (S5),4.0,2.0
23050,Midsize Cars,Premium,Rear-Wheel Drive,25.3546153846154,Bentley,Automatic (S8),8.0,6.8
23051,Midsize Cars,Gasoline or E85,Front-Wheel Drive,15.6957142857143,Buick,Automatic (S6),4.0,2.0
23052,Midsize Cars,Gasoline or E85,Front-Wheel Drive,13.73375,Buick,Manual 6-spd,4.0,2.0
23053,Subcompact Cars,Regular,Front-Wheel Drive,12.6773076923077,Pontiac,Manual 5-spd,4.0,2.0
23054,Midsize Cars,Regular,Front-Wheel Drive,13.73375,Chrysler,Automatic 4-spd,4.0,2.4
23055,Midsize Cars,Regular,Front-Wheel Drive,14.3308695652174,Chrysler,Automatic 6-spd,4.0,2.4
23056,Midsize Cars,Gasoline or E85,Front-Wheel Drive,14.9822727272727,Chrysler,Automatic 6-spd,6.0,3.6
23057,Midsize Cars,Regular,Front-Wheel Drive,13.73375,Dodge,Automatic 4-spd,4.0,2.4
23058,Midsize Cars,Regular,Front-Wheel Drive,14.3308695652174,Dodge,Automatic 6-spd,4.0,2.4
23059,Midsize Cars,Gasoline or E85,Front-Wheel Drive,14.9822727272727,Dodge,Automatic 6-spd,6.0,3.6
23060,Midsize Cars,Regular,Front-Wheel Drive,10.3003125,Hyundai,Automatic 6-spd,4.0,1.8
23061,Midsize Cars,Regular,Front-Wheel Drive,10.3003125,Hyundai,Manual 6-spd,4.0,1.8
23062,Large Cars,Gasoline or E85,Rear-Wheel Drive,15.6957142857143,Chrysler,Automatic 5-spd,6.0,3.6
23063,Large Cars,Midgrade,Rear-Wheel Drive,17.3478947368421,Chrysler,Automatic 5-spd,8.0,5.7
23064,Subcompact Cars,Regular,Front-Wheel Drive,11.7717857142857,Pontiac,Automatic 3-spd,4.0,1.5
23065,Large Cars,Regular,All-Wheel Drive,18.3116666666667,Chrysler,Automatic 5-spd,8.0,5.7
23066,Large Cars,Gasoline or E85,Rear-Wheel Drive,15.6957142857143,Dodge,Automatic 5-spd,6.0,3.6
23067,Large Cars,Midgrade,Rear-Wheel Drive,17.3478947368421,Dodge,Automatic 5-spd,8.0,5.7
23068,Large Cars,Regular,All-Wheel Drive,18.3116666666667,Dodge,Automatic 5-spd,8.0,5.7
23069,Large Cars,Premium,Rear-Wheel Drive,15.6957142857143,Mercedes-Benz,Automatic 7-spd,6.0,3.5
23070,Small Station Wagons,Premium,Rear-Wheel Drive,20.600625,Cadillac,Manual 6-spd,8.0,6.2
23071,Small Station Wagons,Premium,Rear-Wheel Drive,23.5435714285714,Cadillac,Automatic (S6),8.0,6.2
23072,Small Station Wagons,Regular,Front-Wheel Drive,11.7717857142857,Nissan,Automatic (variable gear ratios),4.0,1.8
23073,Small Station Wagons,Regular,Front-Wheel Drive,12.2077777777778,Nissan,Manual 6-spd,4.0,1.8
23074,Standard Pickup Trucks 2WD,Gasoline or E85,Rear-Wheel Drive,17.3478947368421,Ford,Automatic (S6),6.0,3.7
23075,Subcompact Cars,Regular,Front-Wheel Drive,9.98818181818182,Pontiac,Manual 5-spd,4.0,1.5
23076,Standard Pickup Trucks 2WD,Gasoline or E85,Rear-Wheel Drive,19.3888235294118,Ford,Automatic (S6),8.0,5.0
23077,Standard Pickup Trucks 2WD,Regular,Rear-Wheel Drive,23.5435714285714,Ford,Automatic (S6),8.0,6.2
23078,Standard Pickup Trucks 2WD,Regular,Rear-Wheel Drive,18.3116666666667,Ford,Automatic (S6),6.0,3.5
23079,Standard Pickup Trucks 2WD,Gasoline or E85,Rear-Wheel Drive,17.3478947368421,Ford,Automatic 6-spd,6.0,3.7
23080,Standard Pickup Trucks 2WD,Gasoline or E85,Rear-Wheel Drive,19.3888235294118,Ford,Automatic 6-spd,8.0,5.0
23081,Standard Pickup Trucks 2WD,Regular,Rear-Wheel Drive,18.3116666666667,Ford,Automatic 6-spd,6.0,3.5
23082,Standard Pickup Trucks 4WD,Regular,Part-time 4-Wheel Drive,25.3546153846154,Ford,Automatic (S6),8.0,6.2
23083,Standard Pickup Trucks 4WD,Gasoline or E85,4-Wheel Drive,20.600625,Ford,Automatic (S6),8.0,5.0
23084,Standard Pickup Trucks 4WD,Regular,4-Wheel Drive,19.3888235294118,Ford,Automatic (S6),6.0,3.5
23085,Standard Pickup Trucks 4WD,Gasoline or E85,4-Wheel Drive,18.3116666666667,Ford,Automatic 6-spd,6.0,3.7
23086,Subcompact Cars,Regular,Rear-Wheel Drive,13.73375,Pontiac,Automatic 3-spd,4.0,1.6
23087,Standard Pickup Trucks 4WD,Gasoline or E85,4-Wheel Drive,20.600625,Ford,Automatic 6-spd,8.0,5.0
23088,Standard Pickup Trucks 4WD,Regular,4-Wheel Drive,19.3888235294118,Ford,Automatic 6-spd,6.0,3.5
23089,Standard Pickup Trucks 4WD,Regular,4-Wheel Drive,27.4675,Ford,Automatic (S6),8.0,6.2
23090,Standard Pickup Trucks 4WD,Gasoline or E85,4-Wheel Drive,18.3116666666667,Ford,Automatic (S6),6.0,3.7
23091,Standard Pickup Trucks 4WD,Diesel,4-Wheel Drive,19.10925,Mahindra,Automatic 6-spd,4.0,2.2
23092,Minivan - 2WD,Gasoline or E85,Front-Wheel Drive,16.4805,Chrysler,Automatic 6-spd,6.0,3.6
23093,Minivan - 2WD,Gasoline or E85,Front-Wheel Drive,16.4805,Dodge,Automatic 6-spd,6.0,3.6
23094,Minivan - 2WD,Gasoline or E85,Front-Wheel Drive,16.4805,Volkswagen,Automatic 6-spd,6.0,3.6
23095,Sport Utility Vehicle - 2WD,Gasoline or E85,Rear-Wheel Drive,17.3478947368421,Dodge,Automatic 5-spd,6.0,3.6
23096,Sport Utility Vehicle - 2WD,Regular,Rear-Wheel Drive,20.600625,Dodge,Automatic 5-spd,8.0,5.7
23097,Subcompact Cars,Regular,Rear-Wheel Drive,12.2077777777778,Pontiac,Manual 4-spd,4.0,1.6
23098,Sport Utility Vehicle - 2WD,Regular,Front-Wheel Drive,14.9822727272727,Dodge,Automatic 4-spd,4.0,2.4
23099,Sport Utility Vehicle - 2WD,Gasoline or E85,Front-Wheel Drive,16.4805,Dodge,Automatic 6-spd,6.0,3.6
23100,Sport Utility Vehicle - 2WD,Regular,Front-Wheel Drive,16.4805,Ford,Automatic 6-spd,6.0,3.5
23101,Sport Utility Vehicle - 2WD,Regular,Front-Wheel Drive,16.4805,Ford,Automatic (S6),6.0,3.5
23102,Sport Utility Vehicle - 2WD,Regular,Rear-Wheel Drive,18.3116666666667,Nissan,Automatic 5-spd,6.0,4.0
23103,Sport Utility Vehicle - 4WD,Premium,All-Wheel Drive,15.6957142857143,BMW,Automatic (S8),6.0,3.0
23104,Sport Utility Vehicle - 4WD,Premium,All-Wheel Drive,15.6957142857143,BMW,Automatic (S8),6.0,3.0
23105,Sport Utility Vehicle - 4WD,Gasoline or E85,4-Wheel Drive,18.3116666666667,Dodge,Automatic 5-spd,6.0,3.6
23106,Sport Utility Vehicle - 4WD,Regular,4-Wheel Drive,21.974,Dodge,Automatic 5-spd,8.0,5.7
23107,Sport Utility Vehicle - 4WD,Regular,4-Wheel Drive,17.3478947368421,Dodge,Automatic 6-spd,6.0,3.6
23108,Subcompact Cars,Regular,Rear-Wheel Drive,12.2077777777778,Pontiac,Manual 5-spd,4.0,1.6
23109,Sport Utility Vehicle - 4WD,Regular,4-Wheel Drive,17.3478947368421,Ford,Automatic 6-spd,6.0,3.5
23110,Sport Utility Vehicle - 4WD,Regular,4-Wheel Drive,17.3478947368421,Ford,Automatic (S6),6.0,3.5
23111,Sport Utility Vehicle - 4WD,Regular,4-Wheel Drive,15.6957142857143,Jeep,Automatic (variable gear ratios),4.0,2.4
23112,Sport Utility Vehicle - 4WD,Premium,All-Wheel Drive,15.6957142857143,Volkswagen,Automatic (S8),6.0,3.0
23113,Two Seaters,Electricity,Rear-Wheel Drive,0.234,smart,Automatic (A1),,
23114,Two Seaters,Electricity,Rear-Wheel Drive,0.234,smart,Automatic (A1),,
23115,Compact Cars,Premium,4-Wheel Drive,18.3116666666667,Mercedes-Benz,Automatic 7-spd,8.0,4.7
23116,Compact Cars,Premium,Rear-Wheel Drive,23.5435714285714,Mercedes-Benz,Automatic 5-spd,12.0,5.5
23117,Compact Cars,Premium,Rear-Wheel Drive,19.3888235294118,Mercedes-Benz,Automatic 7-spd,8.0,5.5
23118,Compact Cars,Premium,Rear-Wheel Drive,23.5435714285714,Mercedes-Benz,Automatic 5-spd,12.0,6.0
23119,Subcompact Cars,Regular,Front-Wheel Drive,14.3308695652174,Renault,Automatic 3-spd,4.0,1.7
23120,Midsize Cars,Regular,Front-Wheel Drive,11.7717857142857,Chevrolet,Automatic 6-spd,4.0,1.8
23121,Large Cars,Premium,Rear-Wheel Drive,23.5435714285714,Mercedes-Benz,Automatic 5-spd,12.0,5.5
23122,Large Cars,Premium,Rear-Wheel Drive,18.3116666666667,Mercedes-Benz,Automatic 7-spd,8.0,5.5
23123,Large Cars,Premium,Rear-Wheel Drive,23.5435714285714,Mercedes-Benz,Automatic 5-spd,12.0,6.0
23124,Special Purpose Vehicle 2WD,CNG,Rear-Wheel Drive,0.143076923076923,VPG,Automatic 4-spd,8.0,4.6
23125,Special Purpose Vehicle 2WD,Regular,Rear-Wheel Drive,21.974,VPG,Automatic 4-spd,8.0,4.6
23126,Midsize Cars,Regular,Front-Wheel Drive,9.15583333333333,Hyundai,Automatic 6-spd,4.0,2.4
23127,Midsize Cars,Regular,Front-Wheel Drive,12.6773076923077,Kia,Automatic 6-spd,4.0,2.4
23128,Midsize Cars,Regular,Front-Wheel Drive,12.6773076923077,Kia,Manual 6-spd,4.0,2.4
23129,Small Station Wagons,Regular,Front-Wheel Drive,10.6325806451613,Honda,Automatic 5-spd,4.0,1.5
23130,Subcompact Cars,Regular,Front-Wheel Drive,12.2077777777778,Renault,Manual 5-spd,4.0,1.7
23131,Small Station Wagons,Regular,Front-Wheel Drive,11.3658620689655,Honda,Manual 5-spd,4.0,1.5
23132,Small Station Wagons,Regular,Front-Wheel Drive,10.987,Honda,Automatic (S5),4.0,1.5
23133,Two Seaters,Premium,All-Wheel Drive,21.974,Audi,Auto(AM6),10.0,5.2
23134,Two Seaters,Premium,All-Wheel Drive,23.5435714285714,Audi,Manual 6-spd,10.0,5.2
23135,Two Seaters,Premium,All-Wheel Drive,21.974,Audi,Auto(AM6),10.0,5.2
23136,Two Seaters,Premium,All-Wheel Drive,23.5435714285714,Audi,Manual 6-spd,10.0,5.2
23137,Two Seaters,Premium or E85,All-Wheel Drive,23.5435714285714,Bentley,Automatic (S6),12.0,6.0
23138,Two Seaters,Premium,All-Wheel Drive,25.3546153846154,Lamborghini,Automatic (S7),12.0,6.5
23139,Two Seaters,Premium,Rear-Wheel Drive,25.3546153846154,Lexus,Automatic (S6),10.0,4.8
23140,Subcompact Cars,Regular,Front-Wheel Drive,14.3308695652174,Renault,Manual 5-spd,4.0,2.0
23141,Two Seaters,Premium,Rear-Wheel Drive,15.6957142857143,Porsche,Automatic 7-spd,6.0,3.8
23142,Two Seaters,Premium,Rear-Wheel Drive,14.3308695652174,Porsche,Automatic 7-spd,6.0,2.9
23143,Two Seaters,Premium,Rear-Wheel Drive,14.9822727272727,Porsche,Manual 6-spd,6.0,2.9
23144,Two Seaters,Premium,Rear-Wheel Drive,14.3308695652174,Porsche,Automatic 7-spd,6.0,3.4
23145,Two Seaters,Premium,Rear-Wheel Drive,15.6957142857143,Porsche,Manual 6-spd,6.0,3.4
23146,Two Seaters,Premium,Rear-Wheel Drive,14.3308695652174,Porsche,Automatic 7-spd,6.0,3.4
23147,Two Seaters,Premium,Rear-Wheel Drive,14.9822727272727,Porsche,Manual 6-spd,6.0,3.4
23148,Two Seaters,Premium,Rear-Wheel Drive,14.3308695652174,Porsche,Automatic 7-spd,6.0,2.9
23149,Two Seaters,Premium,Rear-Wheel Drive,14.9822727272727,Porsche,Manual 6-spd,6.0,2.9
23150,Two Seaters,Premium,Rear-Wheel Drive,14.3308695652174,Porsche,Automatic 7-spd,6.0,3.4
23151,Compact Cars,Regular,Rear-Wheel Drive,17.3478947368421,Ford,Automatic 4-spd,6.0,3.8
23152,Subcompact Cars,Regular,Rear-Wheel Drive,41.20125,Rolls-Royce,Automatic 3-spd,8.0,6.8
23153,Two Seaters,Premium,Rear-Wheel Drive,14.9822727272727,Porsche,Manual 6-spd,6.0,3.4
23154,Two Seaters,Premium,Rear-Wheel Drive,14.3308695652174,Porsche,Automatic 7-spd,6.0,3.4
23155,Two Seaters,Premium,Rear-Wheel Drive,15.6957142857143,Porsche,Manual 6-spd,6.0,3.4
23156,Minicompact Cars,Premium,Rear-Wheel Drive,21.974,Aston Martin,Automatic (S6),12.0,5.9
23157,Minicompact Cars,Premium,Rear-Wheel Drive,25.3546153846154,Aston Martin,Manual 6-spd,12.0,5.9
23158,Minicompact Cars,Premium,Rear-Wheel Drive,23.5435714285714,Aston Martin,Automatic (S6),12.0,5.9
23159,Minicompact Cars,Premium,Rear-Wheel Drive,25.3546153846154,Aston Martin,Manual 6-spd,12.0,5.9
23160,Minicompact Cars,Premium,Rear-Wheel Drive,21.974,Aston Martin,Automatic (S6),12.0,5.9
23161,Minicompact Cars,Premium,Front-Wheel Drive,11.3658620689655,Fiat,Automatic 6-spd,4.0,1.4
23162,Minicompact Cars,Premium,Front-Wheel Drive,10.3003125,Fiat,Manual 5-spd,4.0,1.4
23163,Subcompact Cars,Regular,Rear-Wheel Drive,36.6233333333333,Rolls-Royce,Automatic 3-spd,8.0,6.8
23164,Minicompact Cars,Premium,Front-Wheel Drive,11.3658620689655,Fiat,Automatic 6-spd,4.0,1.4
23165,Minicompact Cars,Regular,Front-Wheel Drive,14.3308695652174,Mitsubishi,Automatic (S4),4.0,2.4
23166,Minicompact Cars,Premium,Front-Wheel Drive,17.3478947368421,Mitsubishi,Automatic (S5),6.0,3.8
23167,Minicompact Cars,Premium,Rear-Wheel Drive,14.9822727272727,Porsche,Automatic 7-spd,6.0,3.6
23168,Minicompact Cars,Premium,Rear-Wheel Drive,15.6957142857143,Porsche,Manual 6-spd,6.0,3.6
23169,Minicompact Cars,Premium,4-Wheel Drive,15.6957142857143,Porsche,Automatic 7-spd,6.0,3.6
23170,Minicompact Cars,Premium,4-Wheel Drive,15.6957142857143,Porsche,Manual 6-spd,6.0,3.6
23171,Minicompact Cars,Premium,4-Wheel Drive,15.6957142857143,Porsche,Automatic 7-spd,6.0,3.6
23172,Minicompact Cars,Premium,4-Wheel Drive,15.6957142857143,Porsche,Manual 6-spd,6.0,3.6
23173,Minicompact Cars,Premium,4-Wheel Drive,15.6957142857143,Porsche,Automatic 7-spd,6.0,3.6
23174,Subcompact Cars,Regular,Rear-Wheel Drive,36.6233333333333,Rolls-Royce,Automatic 3-spd,8.0,6.8
23175,Minicompact Cars,Premium,4-Wheel Drive,15.6957142857143,Porsche,Manual 6-spd,6.0,3.6
23176,Minicompact Cars,Premium,4-Wheel Drive,15.6957142857143,Porsche,Automatic 7-spd,6.0,3.8
23177,Minicompact Cars,Premium,4-Wheel Drive,15.6957142857143,Porsche,Manual 6-spd,6.0,3.8
23178,Minicompact Cars,Premium,4-Wheel Drive,15.6957142857143,Porsche,Automatic 7-spd,6.0,3.8
23179,Minicompact Cars,Premium,4-Wheel Drive,16.4805,Porsche,Manual 6-spd,6.0,3.8
23180,Minicompact Cars,Premium,4-Wheel Drive,15.6957142857143,Porsche,Automatic 7-spd,6.0,3.8
23181,Minicompact Cars,Premium,4-Wheel Drive,16.4805,Porsche,Manual 6-spd,6.0,3.8
23182,Minicompact Cars,Premium,Rear-Wheel Drive,15.6957142857143,Porsche,Automatic 7-spd,6.0,3.6
23183,Minicompact Cars,Premium,Rear-Wheel Drive,15.6957142857143,Porsche,Manual 6-spd,6.0,3.6
23184,Minicompact Cars,Premium,Rear-Wheel Drive,15.6957142857143,Porsche,Automatic 7-spd,6.0,3.8
23185,Subcompact Cars,Regular,Rear-Wheel Drive,41.20125,Rolls-Royce,Automatic 3-spd,8.0,6.8
23186,Minicompact Cars,Premium,Rear-Wheel Drive,16.4805,Porsche,Manual 6-spd,6.0,3.8
23187,Minicompact Cars,Premium,Rear-Wheel Drive,15.6957142857143,Porsche,Automatic 7-spd,6.0,3.8
23188,Minicompact Cars,Premium,Rear-Wheel Drive,15.6957142857143,Porsche,Manual 6-spd,6.0,3.8
23189,Minicompact Cars,Premium,Rear-Wheel Drive,15.6957142857143,Porsche,Automatic 7-spd,6.0,3.8
23190,Minicompact Cars,Premium,Rear-Wheel Drive,16.4805,Porsche,Manual 6-spd,6.0,3.8
23191,Minicompact Cars,Premium,Rear-Wheel Drive,15.6957142857143,Porsche,Automatic 7-spd,6.0,3.8
23192,Minicompact Cars,Premium,Rear-Wheel Drive,15.6957142857143,Porsche,Manual 6-spd,6.0,3.8
23193,Minicompact Cars,Premium,Rear-Wheel Drive,17.3478947368421,Porsche,Automatic 7-spd,6.0,3.8
23194,Minicompact Cars,Premium,Rear-Wheel Drive,17.3478947368421,Porsche,Manual 6-spd,6.0,3.8
23195,Minicompact Cars,Premium,Rear-Wheel Drive,17.3478947368421,Porsche,Automatic 7-spd,6.0,3.8
23196,Subcompact Cars,Regular,Rear-Wheel Drive,36.6233333333333,Rolls-Royce,Automatic 3-spd,8.0,6.8
23197,Minicompact Cars,Premium,Rear-Wheel Drive,17.3478947368421,Porsche,Manual 6-spd,6.0,3.8
23198,Minicompact Cars,Premium,Rear-Wheel Drive,17.3478947368421,Porsche,Automatic 7-spd,6.0,3.8
23199,Minicompact Cars,Premium,Rear-Wheel Drive,17.3478947368421,Porsche,Automatic 7-spd,6.0,3.8
23200,Subcompact Cars,Premium,Rear-Wheel Drive,21.974,Aston Martin,Automatic (S6),12.0,5.9
23201,Subcompact Cars,Premium,Front-Wheel Drive,13.1844,Audi,Automatic (AV),4.0,2.0
23202,Subcompact Cars,Premium,All-Wheel Drive,13.73375,Audi,Automatic (S8),4.0,2.0
23203,Subcompact Cars,Premium,All-Wheel Drive,13.73375,Audi,Automatic (S8),4.0,2.0
23204,Subcompact Cars,Premium,All-Wheel Drive,13.1844,Audi,Manual 6-spd,4.0,2.0
23205,Subcompact Cars,Premium,All-Wheel Drive,17.3478947368421,Audi,Automatic (S6),8.0,4.2
23206,Subcompact Cars,Premium,All-Wheel Drive,19.3888235294118,Audi,Manual 6-spd,8.0,4.2
23207,Subcompact Cars,Regular,Rear-Wheel Drive,41.20125,Rolls-Royce,Automatic 3-spd,8.0,6.8
23208,Subcompact Cars,Premium,All-Wheel Drive,16.4805,Audi,Automatic (S7),6.0,3.0
23209,Subcompact Cars,Premium or E85,All-Wheel Drive,23.5435714285714,Bentley,Automatic (S6),12.0,6.0
23210,Subcompact Cars,Premium,Rear-Wheel Drive,15.6957142857143,BMW,Automatic (S6),6.0,3.0
23211,Subcompact Cars,Premium,Rear-Wheel Drive,14.9822727272727,BMW,Manual 6-spd,6.0,3.0
23212,Subcompact Cars,Premium,Rear-Wheel Drive,15.6957142857143,BMW,Automatic (S6),6.0,3.0
23213,Subcompact Cars,Premium,Rear-Wheel Drive,14.9822727272727,BMW,Manual 6-spd,6.0,3.0
23214,Subcompact Cars,Premium,Rear-Wheel Drive,16.4805,BMW,Automatic (S7),6.0,3.0
23215,Subcompact Cars,Premium,Rear-Wheel Drive,14.3308695652174,BMW,Manual 6-spd,6.0,3.0
23216,Subcompact Cars,Premium,Rear-Wheel Drive,16.4805,BMW,Automatic (S7),6.0,3.0
23217,Subcompact Cars,Premium,Rear-Wheel Drive,14.9822727272727,BMW,Manual 6-spd,6.0,3.0
23218,Subcompact Cars,Regular,Front-Wheel Drive,18.3116666666667,Saab,Automatic 3-spd,4.0,2.0
23219,Compact Cars,Premium,Rear-Wheel Drive,18.3116666666667,BMW,Automatic (S8),8.0,4.4
23220,Compact Cars,Premium,Rear-Wheel Drive,19.3888235294118,BMW,Manual 6-spd,8.0,4.4
23221,Subcompact Cars,Regular,Rear-Wheel Drive,14.3308695652174,Ford,Automatic 6-spd,6.0,3.7
23222,Subcompact Cars,Regular,Rear-Wheel Drive,14.9822727272727,Ford,Manual 6-spd,6.0,3.7
23223,Subcompact Cars,Regular,Rear-Wheel Drive,16.4805,Ford,Automatic 6-spd,8.0,5.0
23224,Subcompact Cars,Regular,Rear-Wheel Drive,16.4805,Ford,Manual 6-spd,8.0,5.0
23225,Subcompact Cars,Premium,Rear-Wheel Drive,18.3116666666667,Ford,Manual 6-spd,8.0,5.4
23226,Subcompact Cars,Regular,Rear-Wheel Drive,14.3308695652174,Ford,Automatic 6-spd,6.0,3.7
23227,Subcompact Cars,Regular,Front-Wheel Drive,14.3308695652174,Mitsubishi,Automatic (S4),4.0,2.4
23228,Subcompact Cars,Regular,Front-Wheel Drive,14.3308695652174,Mitsubishi,Manual 5-spd,4.0,2.4
23229,Subcompact Cars,Regular,Front-Wheel Drive,16.4805,Saab,Manual 5-spd,4.0,2.0
23230,Subcompact Cars,Premium,Front-Wheel Drive,16.4805,Mitsubishi,Automatic (S5),6.0,3.8
23231,Subcompact Cars,Premium,All-Wheel Drive,17.3478947368421,Nissan,Auto(AM6),6.0,3.8
23232,Subcompact Cars,Premium,Rear-Wheel Drive,20.600625,Roush Performance,Manual 6-spd,8.0,5.0
23233,Subcompact Cars,Premium,Front-Wheel Drive,13.1844,Volkswagen,Automatic (S6),4.0,2.0
23234,Subcompact Cars,Regular,Front-Wheel Drive,13.1844,Volkswagen,Automatic (S6),5.0,2.5
23235,Subcompact Cars,Premium,Front-Wheel Drive,13.1844,Volkswagen,Automatic (S6),4.0,2.0
23236,Compact Cars,Premium,Front-Wheel Drive,13.1844,Audi,Automatic (AV),4.0,2.0
23237,Compact Cars,Premium,All-Wheel Drive,13.73375,Audi,Automatic (S8),4.0,2.0
23238,Compact Cars,Premium,All-Wheel Drive,13.1844,Audi,Manual 6-spd,4.0,2.0
23239,Compact Cars,Premium,All-Wheel Drive,15.6957142857143,Audi,Automatic (S7),6.0,3.0
23240,Subcompact Cars,Regular,Front-Wheel Drive,11.3658620689655,Subaru,Manual 4-spd,4.0,1.6
23241,Compact Cars,Premium,All-Wheel Drive,15.6957142857143,Audi,Manual 6-spd,6.0,3.0
23242,Compact Cars,Premium or E85,All-Wheel Drive,23.5435714285714,Bentley,Automatic (S6),12.0,6.0
23243,Compact Cars,Regular,Front-Wheel Drive,10.6325806451613,Ford,Auto(AM6),4.0,2.0
23244,Compact Cars,Regular,Front-Wheel Drive,10.987,Ford,Auto(AM-S6),4.0,2.0
23245,Compact Cars,Regular,Front-Wheel Drive,11.3658620689655,Ford,Manual 5-spd,4.0,2.0
23246,Compact Cars,Regular,Front-Wheel Drive,10.3003125,Ford,Auto(AM6),4.0,2.0
23247,Compact Cars,Regular,Front-Wheel Drive,10.6325806451613,Honda,Automatic 5-spd,4.0,1.8
23248,Compact Cars,Regular,Front-Wheel Drive,10.6325806451613,Honda,Manual 5-spd,4.0,1.8
23249,Compact Cars,Premium,Front-Wheel Drive,13.1844,Honda,Manual 6-spd,4.0,2.4
23250,Compact Cars,Regular,Front-Wheel Drive,10.3003125,Honda,Automatic 5-spd,4.0,1.8
23251,Subcompact Cars,Regular,Front-Wheel Drive,12.6773076923077,Subaru,Manual 5-spd,4.0,1.6
23252,Compact Cars,Regular,Front-Wheel Drive,7.49113636363637,Honda,Automatic (variable gear ratios),4.0,1.5
23253,Compact Cars,Regular,Front-Wheel Drive,10.6325806451613,Hyundai,Automatic 6-spd,4.0,1.6
23254,Compact Cars,Regular,Front-Wheel Drive,10.3003125,Hyundai,Manual 6-spd,4.0,1.6
23255,Compact Cars,Regular,All-Wheel Drive,14.9822727272727,Saab,Automatic (S6),4.0,2.0
23256,Compact Cars,Regular,All-Wheel Drive,14.3308695652174,Saab,Manual 6-spd,4.0,2.0
23257,Compact Cars,Premium,Front-Wheel Drive,13.1844,Volkswagen,Automatic (S6),4.0,2.0
23258,Compact Cars,Premium,Front-Wheel Drive,13.73375,Volkswagen,Manual 6-spd,4.0,2.0
23259,Compact Cars,Premium,All-Wheel Drive,16.4805,Volkswagen,Automatic (S6),6.0,3.6
23260,Compact Cars,Regular,Front-Wheel Drive,12.6773076923077,Volkswagen,Automatic (S6),5.0,2.5
23261,Compact Cars,Regular,Front-Wheel Drive,12.6773076923077,Volkswagen,Manual 5-spd,5.0,2.5
23262,Compact Cars,Regular,Rear-Wheel Drive,19.3888235294118,Ford,Automatic 4-spd,8.0,5.0
23263,Subcompact Cars,Regular,Front-Wheel Drive,14.9822727272727,Subaru,Automatic 3-spd,4.0,1.8
23264,Compact Cars,Premium,Front-Wheel Drive,12.2077777777778,Volkswagen,Automatic (S6),4.0,2.0
23265,Compact Cars,Premium,Front-Wheel Drive,13.1844,Volkswagen,Manual 6-spd,4.0,2.0
23266,Compact Cars,Premium,Front-Wheel Drive,12.2077777777778,Volkswagen,Automatic (S6),4.0,2.0
23267,Compact Cars,Premium,Front-Wheel Drive,12.6773076923077,Volkswagen,Manual 6-spd,4.0,2.0
23268,Compact Cars,Regular,Front-Wheel Drive,12.6773076923077,Volkswagen,Automatic (S6),5.0,2.5
23269,Compact Cars,Regular,Front-Wheel Drive,12.6773076923077,Volkswagen,Manual 5-spd,5.0,2.5
23270,Compact Cars,Regular,Front-Wheel Drive,13.73375,Volvo,Manual 6-spd,5.0,2.5
23271,Compact Cars,Regular,All-Wheel Drive,15.6957142857143,Volvo,Automatic (S6),6.0,3.0
23272,Compact Cars,Regular,Front-Wheel Drive,14.3308695652174,Volvo,Automatic (S6),5.0,2.5
23273,Midsize Cars,Premium,Front-Wheel Drive,14.3308695652174,Acura,Automatic (S6),6.0,3.5
23274,Subcompact Cars,Regular,Front-Wheel Drive,9.69441176470588,Subaru,Manual 5-spd,3.0,1.2
23275,Midsize Cars,Premium,All-Wheel Drive,15.6957142857143,Acura,Automatic (S6),6.0,3.7
23276,Midsize Cars,Premium,All-Wheel Drive,16.4805,Acura,Manual 6-spd,6.0,3.7
23277,Midsize Cars,Premium,Front-Wheel Drive,11.7717857142857,Audi,Automatic (AV),4.0,2.0
23278,Midsize Cars,Premium,All-Wheel Drive,14.9822727272727,Audi,Automatic (S8),6.0,3.0
23279,Midsize Cars,Premium,All-Wheel Drive,14.9822727272727,Audi,Automatic (S8),6.0,3.0
23280,Midsize Cars,Premium or E85,All-Wheel Drive,23.5435714285714,Bentley,Automatic (S6),12.0,6.0
23281,Midsize Cars,Regular,Front-Wheel Drive,10.3003125,Hyundai,Automatic 6-spd,4.0,1.8
23282,Midsize Cars,Regular,Front-Wheel Drive,10.3003125,Hyundai,Manual 6-spd,4.0,1.8
23283,Midsize Cars,Premium,Rear-Wheel Drive,11.3658620689655,Infiniti,Automatic (S7),6.0,3.5
23284,Midsize Cars,Premium,Rear-Wheel Drive,15.6957142857143,Infiniti,Automatic (S7),6.0,3.7
23285,Subcompact Cars,Regular,Front-Wheel Drive,14.3308695652174,Subaru,Automatic 3-spd,4.0,1.8
23286,Midsize Cars,Premium,All-Wheel Drive,16.4805,Infiniti,Automatic (S7),6.0,3.7
23287,Midsize Cars,Premium,Rear-Wheel Drive,17.3478947368421,Infiniti,Automatic (S7),8.0,5.6
23288,Midsize Cars,Premium,All-Wheel Drive,18.3116666666667,Infiniti,Automatic (S7),8.0,5.6
23289,Midsize Cars,Regular,Front-Wheel Drive,13.1844,Mazda,Automatic (S5),4.0,2.5
23290,Midsize Cars,Regular,Front-Wheel Drive,13.73375,Mazda,Manual 6-spd,4.0,2.5
23291,Midsize Cars,Regular,Front-Wheel Drive,15.6957142857143,Mazda,Automatic (S6),6.0,3.7
23292,Large Cars,Premium,All-Wheel Drive,20.600625,Audi,Automatic (S8),12.0,6.3
23293,Large Cars,Premium,Rear-Wheel Drive,16.4805,BMW,Automatic (S6),6.0,3.0
23294,Large Cars,Premium,Rear-Wheel Drive,16.4805,BMW,Automatic (S6),6.0,3.0
23295,Subcompact Cars,Regular,Front-Wheel Drive,16.4805,Subaru,Automatic 3-spd,4.0,1.8
23296,Large Cars,Premium,Rear-Wheel Drive,19.3888235294118,BMW,Automatic (S6),8.0,4.4
23297,Large Cars,Premium,All-Wheel Drive,20.600625,BMW,Automatic (S6),8.0,4.4
23298,Large Cars,Premium,Rear-Wheel Drive,19.3888235294118,BMW,Automatic (S6),8.0,4.4
23299,Large Cars,Premium,All-Wheel Drive,20.600625,BMW,Automatic (S6),8.0,4.4
23300,Large Cars,Premium,Rear-Wheel Drive,19.3888235294118,BMW,Automatic (S6),8.0,4.4
23301,Large Cars,Premium,All-Wheel Drive,20.600625,BMW,Automatic (S6),8.0,4.4
23302,Large Cars,Premium,Rear-Wheel Drive,19.3888235294118,BMW,Automatic (S6),8.0,4.4
23303,Large Cars,Premium,All-Wheel Drive,20.600625,BMW,Automatic (S6),8.0,4.4
23304,Large Cars,Premium,Rear-Wheel Drive,18.3116666666667,Hyundai,Automatic 8-spd,8.0,5.0
23305,Large Cars,Regular,Rear-Wheel Drive,14.9822727272727,Hyundai,Automatic 8-spd,6.0,3.8
23306,Subcompact Cars,Regular,Front-Wheel Drive,14.9822727272727,Subaru,Automatic 4-spd,4.0,1.8
23307,Large Cars,Premium,Rear-Wheel Drive,17.3478947368421,Hyundai,Automatic 8-spd,8.0,4.6
23308,Large Cars,Premium,Rear-Wheel Drive,17.3478947368421,Hyundai,Automatic 8-spd,8.0,5.0
23309,Small Station Wagons,Premium,All-Wheel Drive,13.73375,Audi,Automatic (S8),4.0,2.0
23310,Small Station Wagons,Regular,All-Wheel Drive,14.9822727272727,Saab,Automatic (S6),4.0,2.0
23311,Small Station Wagons,Regular,All-Wheel Drive,14.3308695652174,Saab,Manual 6-spd,4.0,2.0
23312,Small Station Wagons,Regular,Front-Wheel Drive,13.73375,Scion,Automatic (S4),4.0,2.4
23313,Small Station Wagons,Regular,Front-Wheel Drive,13.73375,Scion,Manual 5-spd,4.0,2.4
23314,Small Station Wagons,Regular,Front-Wheel Drive,12.6773076923077,Volkswagen,Automatic (S6),5.0,2.5
23315,Small Station Wagons,Regular,Front-Wheel Drive,12.6773076923077,Volkswagen,Manual 5-spd,5.0,2.5
23316,Midsize Station Wagons,Regular,Front-Wheel Drive,14.9822727272727,Kia,Automatic 4-spd,4.0,2.4
23317,Subcompact Cars,Regular,Front-Wheel Drive,14.3308695652174,Subaru,Automatic 4-spd,4.0,1.8
23318,Midsize Station Wagons,Regular,Front-Wheel Drive,15.6957142857143,Kia,Automatic 5-spd,6.0,2.7
23319,Small Pickup Trucks 2WD,Regular,Rear-Wheel Drive,15.6957142857143,Chevrolet,Automatic 4-spd,4.0,2.9
23320,Small Pickup Trucks 2WD,Regular,Rear-Wheel Drive,15.6957142857143,Chevrolet,Manual 5-spd,4.0,2.9
23321,Small Pickup Trucks 2WD,Regular,Rear-Wheel Drive,20.600625,Chevrolet,Automatic 4-spd,8.0,5.3
23322,Small Pickup Trucks 2WD,Regular,Rear-Wheel Drive,15.6957142857143,Chevrolet,Automatic 4-spd,4.0,2.9
23323,Small Pickup Trucks 2WD,Regular,Rear-Wheel Drive,15.6957142857143,Chevrolet,Manual 5-spd,4.0,2.9
23324,Small Pickup Trucks 2WD,Regular,Rear-Wheel Drive,20.600625,Chevrolet,Automatic 4-spd,8.0,5.3
23325,Small Pickup Trucks 2WD,Regular,Rear-Wheel Drive,15.6957142857143,GMC,Automatic 4-spd,4.0,2.9
23326,Small Pickup Trucks 2WD,Regular,Rear-Wheel Drive,15.6957142857143,GMC,Manual 5-spd,4.0,2.9
23327,Small Pickup Trucks 2WD,Regular,Rear-Wheel Drive,20.600625,GMC,Automatic 4-spd,8.0,5.3
23328,Subcompact Cars,Regular,Front-Wheel Drive,14.3308695652174,Subaru,Manual 5-spd,4.0,1.8
23329,Small Pickup Trucks 2WD,Regular,Rear-Wheel Drive,15.6957142857143,GMC,Automatic 4-spd,4.0,2.9
23330,Small Pickup Trucks 2WD,Regular,Rear-Wheel Drive,15.6957142857143,GMC,Manual 5-spd,4.0,2.9
23331,Small Pickup Trucks 2WD,Regular,Rear-Wheel Drive,20.600625,GMC,Automatic 4-spd,8.0,5.3
23332,Small Pickup Trucks 4WD,Regular,4-Wheel Drive,16.4805,Chevrolet,Automatic 4-spd,4.0,2.9
23333,Small Pickup Trucks 4WD,Regular,4-Wheel Drive,16.4805,Chevrolet,Manual 5-spd,4.0,2.9
23334,Small Pickup Trucks 4WD,Regular,4-Wheel Drive,20.600625,Chevrolet,Automatic 4-spd,8.0,5.3
23335,Small Pickup Trucks 4WD,Regular,4-Wheel Drive,20.600625,Chevrolet,Automatic 4-spd,8.0,5.3
23336,Small Pickup Trucks 4WD,Regular,4-Wheel Drive,16.4805,GMC,Automatic 4-spd,4.0,2.9
23337,Small Pickup Trucks 4WD,Regular,4-Wheel Drive,16.4805,GMC,Manual 5-spd,4.0,2.9
23338,Small Pickup Trucks 4WD,Regular,4-Wheel Drive,20.600625,GMC,Automatic 4-spd,8.0,5.3
23339,Subcompact Cars,Regular,Front-Wheel Drive,14.3308695652174,Subaru,Manual 5-spd,4.0,1.8
23340,Small Pickup Trucks 4WD,Regular,4-Wheel Drive,20.600625,GMC,Automatic 4-spd,8.0,5.3
23341,"Vans, Cargo Type",Gasoline or E85,Rear-Wheel Drive,21.974,Chevrolet,Automatic 4-spd,8.0,5.3
23342,"Vans, Cargo Type",Gasoline or E85,Rear-Wheel Drive,23.5435714285714,Chevrolet,Automatic 4-spd,8.0,5.3
23343,"Vans, Cargo Type",Gasoline or E85,All-Wheel Drive,23.5435714285714,Chevrolet,Automatic 4-spd,8.0,5.3
23344,"Vans, Cargo Type",Gasoline or E85,All-Wheel Drive,23.5435714285714,Chevrolet,Automatic 4-spd,8.0,5.3
23345,"Vans, Cargo Type",Gasoline or E85,Rear-Wheel Drive,21.974,GMC,Automatic 4-spd,8.0,5.3
23346,"Vans, Cargo Type",Gasoline or E85,Rear-Wheel Drive,23.5435714285714,GMC,Automatic 4-spd,8.0,5.3
23347,"Vans, Cargo Type",Gasoline or E85,All-Wheel Drive,23.5435714285714,GMC,Automatic 4-spd,8.0,5.3
23348,"Vans, Cargo Type",Gasoline or E85,All-Wheel Drive,23.5435714285714,GMC,Automatic 4-spd,8.0,5.3
23349,"Vans, Passenger Type",Gasoline or E85,Rear-Wheel Drive,23.5435714285714,Chevrolet,Automatic 4-spd,8.0,5.3
23350,Subcompact Cars,Regular,Front-Wheel Drive,13.1844,Subaru,Manual 5-spd,4.0,1.8
23351,"Vans, Passenger Type",Gasoline or E85,All-Wheel Drive,23.5435714285714,Chevrolet,Automatic 4-spd,8.0,5.3
23352,"Vans, Passenger Type",Gasoline or E85,Rear-Wheel Drive,23.5435714285714,GMC,Automatic 4-spd,8.0,5.3
23353,"Vans, Passenger Type",Gasoline or E85,All-Wheel Drive,23.5435714285714,GMC,Automatic 4-spd,8.0,5.3
23354,Minivan - 2WD,Regular,Front-Wheel Drive,15.6957142857143,Kia,Automatic 6-spd,6.0,3.5
23355,Minivan - 2WD,Regular,Front-Wheel Drive,13.73375,Mazda,Automatic (S5),4.0,2.5
23356,Minivan - 2WD,Regular,Front-Wheel Drive,13.73375,Mazda,Manual 6-spd,4.0,2.5
23357,Sport Utility Vehicle - 2WD,Regular,Front-Wheel Drive,13.1844,Hyundai,Automatic 6-spd,4.0,2.0
23358,Sport Utility Vehicle - 2WD,Regular,Front-Wheel Drive,14.9822727272727,Hyundai,Manual 5-spd,4.0,2.0
23359,Sport Utility Vehicle - 2WD,Regular,Front-Wheel Drive,13.1844,Hyundai,Automatic 6-spd,4.0,2.4
23360,Sport Utility Vehicle - 2WD,Regular,Front-Wheel Drive,14.3308695652174,Hyundai,Manual 6-spd,4.0,2.4
23361,Subcompact Cars,Regular,Front-Wheel Drive,13.1844,Subaru,Manual 5-spd,4.0,1.8
23362,Sport Utility Vehicle - 2WD,Regular,Front-Wheel Drive,13.73375,Kia,Automatic 6-spd,4.0,2.4
23363,Sport Utility Vehicle - 2WD,Regular,Front-Wheel Drive,13.73375,Kia,Automatic 6-spd,4.0,2.4
23364,Sport Utility Vehicle - 2WD,Regular,Front-Wheel Drive,14.9822727272727,Kia,Manual 6-spd,4.0,2.4
23365,Sport Utility Vehicle - 2WD,Regular,Front-Wheel Drive,14.9822727272727,Kia,Automatic 6-spd,6.0,3.5
23366,Sport Utility Vehicle - 2WD,Regular,Front-Wheel Drive,13.73375,Kia,Automatic 6-spd,4.0,2.0
23367,Sport Utility Vehicle - 2WD,Regular,Front-Wheel Drive,13.1844,Kia,Automatic 6-spd,4.0,2.4
23368,Sport Utility Vehicle - 2WD,Regular,Front-Wheel Drive,14.3308695652174,Kia,Manual 6-spd,4.0,2.4
23369,Sport Utility Vehicle - 4WD,Premium,All-Wheel Drive,14.9822727272727,Audi,Automatic (S8),4.0,2.0
23370,Sport Utility Vehicle - 4WD,Premium,All-Wheel Drive,16.4805,Audi,Automatic (S6),6.0,3.2
23371,Sport Utility Vehicle - 4WD,Premium,All-Wheel Drive,17.3478947368421,BMW,Automatic (S8),6.0,3.0
23372,Compact Cars,Regular,Rear-Wheel Drive,23.5435714285714,Mercedes-Benz,Automatic 4-spd,8.0,5.0
23373,Subcompact Cars,Regular,4-Wheel or All-Wheel Drive,16.4805,Subaru,Automatic 3-spd,4.0,1.8
23374,Sport Utility Vehicle - 4WD,Premium,All-Wheel Drive,20.600625,BMW,Automatic (S8),8.0,4.4
23375,Sport Utility Vehicle - 4WD,Premium,All-Wheel Drive,23.5435714285714,BMW,Automatic (S6),8.0,4.4
23376,Sport Utility Vehicle - 4WD,Premium,All-Wheel Drive,17.3478947368421,BMW,Automatic (S8),6.0,3.0
23377,Sport Utility Vehicle - 4WD,Premium,All-Wheel Drive,20.600625,BMW,Automatic (S8),8.0,4.4
23378,Sport Utility Vehicle - 4WD,Premium,All-Wheel Drive,23.5435714285714,BMW,Automatic (S6),8.0,4.4
23379,Sport Utility Vehicle - 4WD,Regular,4-Wheel Drive,14.3308695652174,Hyundai,Automatic 6-spd,4.0,2.4
23380,Sport Utility Vehicle - 4WD,Regular,4-Wheel Drive,15.6957142857143,Hyundai,Manual 6-spd,4.0,2.4
23381,Sport Utility Vehicle - 4WD,Regular,4-Wheel Drive,14.9822727272727,Kia,Automatic 6-spd,4.0,2.4
23382,Sport Utility Vehicle - 4WD,Regular,4-Wheel Drive,14.3308695652174,Kia,Automatic 6-spd,4.0,2.4
23383,Sport Utility Vehicle - 4WD,Regular,4-Wheel Drive,16.4805,Kia,Automatic 6-spd,6.0,3.5
23384,Subcompact Cars,Regular,4-Wheel or All-Wheel Drive,14.9822727272727,Subaru,Automatic 4-spd,4.0,1.8
23385,Sport Utility Vehicle - 4WD,Regular,4-Wheel Drive,14.9822727272727,Kia,Automatic 6-spd,4.0,2.0
23386,Sport Utility Vehicle - 4WD,Regular,4-Wheel Drive,14.3308695652174,Kia,Automatic 6-spd,4.0,2.4
23387,Sport Utility Vehicle - 4WD,Regular,4-Wheel Drive,15.6957142857143,Kia,Manual 6-spd,4.0,2.4
23388,Two Seaters,Premium,Rear-Wheel Drive,25.3546153846154,Aston Martin,Manual 6-spd,12.0,5.9
23389,Midsize Cars,Regular,Front-Wheel Drive,10.987,Chevrolet,Automatic 6-spd,4.0,1.4
23390,Two Seaters,Premium,Rear-Wheel Drive,23.5435714285714,Ferrari,Auto(AM7),8.0,4.5
23391,Two Seaters,Premium,Rear-Wheel Drive,19.3888235294118,Spyker,Automatic 6-spd,8.0,4.2
23392,Minicompact Cars,Premium,Rear-Wheel Drive,15.6957142857143,Lotus,Manual 6-spd,6.0,3.5
23393,Compact Cars,Premium,Rear-Wheel Drive,21.974,Dodge,Automatic 5-spd,8.0,6.1
23394,Subcompact Cars,Regular,4-Wheel or All-Wheel Drive,14.3308695652174,Subaru,Manual 5-spd,4.0,1.8
23395,Large Cars,Premium,All-Wheel Drive,18.3116666666667,BMW,Automatic (S8),8.0,4.4
23396,Large Cars,Premium,Rear-Wheel Drive,21.974,Chrysler,Automatic 5-spd,8.0,6.1
23397,Minivan - 2WD,Regular,Front-Wheel Drive,15.6957142857143,Nissan,Automatic (variable gear ratios),6.0,3.5
23398,Two Seaters,Premium,Rear-Wheel Drive,21.974,Aston Martin,Manual 6-spd,8.0,4.7
23399,Two Seaters,Premium,Rear-Wheel Drive,20.600625,Aston Martin,Auto(AM7),8.0,4.7
23400,Two Seaters,Regular,Rear-Wheel Drive,18.3116666666667,Chevrolet,Automatic (S6),8.0,6.2
23401,Two Seaters,Regular,Rear-Wheel Drive,17.3478947368421,Chevrolet,Manual 6-spd,8.0,6.2
23402,Two Seaters,Premium,Rear-Wheel Drive,19.3888235294118,Chevrolet,Manual 6-spd,8.0,6.2
23403,Two Seaters,Premium,Rear-Wheel Drive,18.3116666666667,Chevrolet,Manual 6-spd,8.0,7.0
23404,Two Seaters,Premium,All-Wheel Drive,20.600625,Lamborghini,Auto(AM6),10.0,5.2
23405,Subcompact Cars,Regular,4-Wheel or All-Wheel Drive,15.6957142857143,Subaru,Manual 5-spd,4.0,1.8
23406,Two Seaters,Premium,All-Wheel Drive,20.600625,Lamborghini,Auto(AM6),10.0,5.2
23407,Two Seaters,Premium,Rear-Wheel Drive,19.3888235294118,Mercedes-Benz,Automatic 7-spd,8.0,5.5
23408,Two Seaters,Premium,Rear-Wheel Drive,23.5435714285714,Mercedes-Benz,Automatic 7-spd,8.0,6.2
23409,Two Seaters,Premium,Rear-Wheel Drive,20.600625,Mercedes-Benz,Auto(AM7),8.0,6.2
23410,Minicompact Cars,Premium,4-Wheel Drive,15.6957142857143,Porsche,Manual 6-spd,6.0,3.8
23411,Minicompact Cars,Premium,4-Wheel Drive,15.6957142857143,Porsche,Automatic 7-spd,6.0,3.8
23412,Minicompact Cars,Premium,4-Wheel Drive,16.4805,Porsche,Manual 6-spd,6.0,3.8
23413,Minicompact Cars,Premium,4-Wheel Drive,15.6957142857143,Porsche,Automatic 7-spd,6.0,3.8
23414,Subcompact Cars,Premium,Rear-Wheel Drive,14.3308695652174,Hyundai,Automatic 5-spd,4.0,2.0
23415,Subcompact Cars,Premium,Rear-Wheel Drive,13.73375,Hyundai,Manual 6-spd,4.0,2.0
23416,Subcompact Cars,Regular,4-Wheel or All-Wheel Drive,14.9822727272727,Subaru,Manual 5-spd,4.0,1.8
23417,Subcompact Cars,Regular,Rear-Wheel Drive,16.4805,Hyundai,Automatic 6-spd,6.0,3.8
23418,Subcompact Cars,Regular,Rear-Wheel Drive,16.4805,Hyundai,Manual 6-spd,6.0,3.8
23419,Subcompact Cars,Regular,Front-Wheel Drive,12.6773076923077,Nissan,Auto(AV-S6),4.0,2.5
23420,Subcompact Cars,Regular,Front-Wheel Drive,12.6773076923077,Nissan,Manual 6-spd,4.0,2.5
23421,Subcompact Cars,Regular,Front-Wheel Drive,14.3308695652174,Nissan,Auto(AV-S6),6.0,3.5
23422,Compact Cars,Regular,Rear-Wheel Drive,14.9822727272727,Chevrolet,Automatic (S6),6.0,3.6
23423,Compact Cars,Regular,Rear-Wheel Drive,17.3478947368421,Chevrolet,Manual 6-spd,8.0,6.2
23424,Compact Cars,Regular,Rear-Wheel Drive,18.3116666666667,Chevrolet,Automatic (S6),8.0,6.2
23425,Compact Cars,Regular,Rear-Wheel Drive,14.9822727272727,Chevrolet,Automatic 6-spd,6.0,3.6
23426,Compact Cars,Regular,Rear-Wheel Drive,16.4805,Chevrolet,Manual 6-spd,6.0,3.6
23427,Subcompact Cars,Regular,Front-Wheel Drive,9.69441176470588,Suzuki,Automatic 3-spd,3.0,1.0
23428,Compact Cars,Regular,Front-Wheel Drive,14.9822727272727,Chrysler,Automatic 6-spd,4.0,2.4
23429,Compact Cars,Gasoline or E85,Front-Wheel Drive,14.9822727272727,Chrysler,Automatic 6-spd,6.0,3.6
23430,Compact Cars,Premium,Rear-Wheel Drive,23.5435714285714,Rolls-Royce,Automatic (S6),12.0,6.7
23431,Compact Cars,Premium,Rear-Wheel Drive,23.5435714285714,Rolls-Royce,Automatic (S6),12.0,6.7
23432,Compact Cars,Gasoline or E85,Front-Wheel Drive,14.9822727272727,Saab,Automatic (S6),4.0,2.0
23433,Compact Cars,Gasoline or E85,Front-Wheel Drive,13.73375,Saab,Manual 6-spd,4.0,2.0
23434,Compact Cars,Regular,Front-Wheel Drive,13.1844,Scion,Manual 6-spd,4.0,2.5
23435,Compact Cars,Regular,Front-Wheel Drive,13.1844,Scion,Automatic (S6),4.0,2.5
23436,Compact Cars,Regular,Front-Wheel Drive,13.73375,Volvo,Automatic (S5),5.0,2.5
23437,Midsize Cars,Gasoline or E85,Front-Wheel Drive,14.9822727272727,Buick,Automatic (S6),4.0,2.0
23438,Subcompact Cars,Regular,Front-Wheel Drive,8.45153846153846,Suzuki,Manual 5-spd,3.0,1.0
23439,Midsize Cars,Gasoline or E85,Front-Wheel Drive,13.73375,Buick,Manual 6-spd,4.0,2.0
23440,Midsize Cars,Gasoline or E85,Front-Wheel Drive,15.6957142857143,Buick,Automatic (S6),6.0,3.6
23441,Midsize Cars,Gasoline or E85,All-Wheel Drive,16.4805,Buick,Automatic (S6),6.0,3.6
23442,Midsize Cars,Regular,Front-Wheel Drive,11.7717857142857,Buick,Auto(AV-S6),4.0,2.4
23443,Midsize Cars,Regular,Front-Wheel Drive,11.7717857142857,Buick,Auto(AV-S6),4.0,2.4
23444,Midsize Cars,Regular,Rear-Wheel Drive,15.6957142857143,Cadillac,Automatic (S6),6.0,3.6
23445,Midsize Cars,Premium,Rear-Wheel Drive,23.5435714285714,Cadillac,Automatic (S6),8.0,6.2
23446,Midsize Cars,Premium,Rear-Wheel Drive,20.600625,Cadillac,Manual 6-spd,8.0,6.2
23447,Midsize Cars,Regular,Rear-Wheel Drive,17.3478947368421,Cadillac,Manual 6-spd,6.0,3.6
23448,Midsize Cars,Regular,All-Wheel Drive,15.6957142857143,Cadillac,Automatic (S6),6.0,3.0
23449,Subcompact Cars,Regular,Front-Wheel Drive,14.9822727272727,Toyota,Automatic 4-spd,4.0,2.0
23450,Midsize Cars,Regular,Front-Wheel Drive,10.987,Chevrolet,Automatic (S6),4.0,1.4
23451,Midsize Cars,Regular,Front-Wheel Drive,12.6773076923077,Chevrolet,Automatic (S6),4.0,1.8
23452,Midsize Cars,Regular,Front-Wheel Drive,10.987,Chevrolet,Manual 6-spd,4.0,1.4
23453,Midsize Cars,Regular,Front-Wheel Drive,11.3658620689655,Chevrolet,Manual 6-spd,4.0,1.8
23454,Midsize Cars,Regular,Front-Wheel Drive,12.6773076923077,Chevrolet,Automatic (S6),4.0,2.4
23455,Midsize Cars,Regular,Front-Wheel Drive,16.4805,Chevrolet,Automatic (S6),6.0,3.6
23456,Midsize Cars,Gasoline or E85,Front-Wheel Drive,12.6773076923077,Chevrolet,Automatic (S6),4.0,2.4
23457,Midsize Cars,Regular,Front-Wheel Drive,10.3003125,Chevrolet,Manual 6-spd,4.0,1.4
23458,Midsize Cars,Regular,Front-Wheel Drive,13.73375,Chrysler,Automatic 4-spd,4.0,2.4
23459,Midsize Cars,Regular,Front-Wheel Drive,14.3308695652174,Chrysler,Automatic 6-spd,4.0,2.4
23460,Subcompact Cars,Regular,Front-Wheel Drive,12.6773076923077,Toyota,Automatic 4-spd,4.0,2.0
23461,Midsize Cars,Gasoline or E85,Front-Wheel Drive,14.9822727272727,Chrysler,Automatic 6-spd,6.0,3.6
23462,Midsize Cars,Premium,Rear-Wheel Drive,19.3888235294118,Dodge,Manual 6-spd,8.0,6.4
23463,Midsize Cars,Regular,Front-Wheel Drive,13.73375,Dodge,Automatic 4-spd,4.0,2.4
23464,Midsize Cars,Regular,Front-Wheel Drive,14.3308695652174,Dodge,Automatic 6-spd,4.0,2.4
23465,Midsize Cars,Gasoline or E85,Front-Wheel Drive,14.9822727272727,Dodge,Automatic 6-spd,6.0,3.6
23466,Midsize Cars,Regular,Front-Wheel Drive,13.73375,Ford,Manual 6-spd,4.0,2.5
23467,Midsize Cars,Regular,All-Wheel Drive,17.3478947368421,Ford,Automatic (S6),6.0,3.5
23468,Midsize Cars,Gasoline or E85,All-Wheel Drive,16.4805,Ford,Automatic (S6),6.0,3.0
23469,Midsize Cars,Regular,Front-Wheel Drive,8.67394736842105,Ford,Automatic (variable gear ratios),4.0,2.5
23470,Midsize Cars,Regular,Front-Wheel Drive,13.1844,Ford,Manual 6-spd,4.0,2.5
23471,Subcompact Cars,Regular,Front-Wheel Drive,12.6773076923077,Toyota,Manual 5-spd,4.0,2.0
23472,Midsize Cars,Regular,Front-Wheel Drive,12.6773076923077,Ford,Automatic 6-spd,4.0,2.5
23473,Midsize Cars,Regular,Front-Wheel Drive,13.73375,Ford,Automatic (S6),4.0,2.5
23474,Midsize Cars,Regular,Front-Wheel Drive,15.6957142857143,Ford,Automatic (S6),6.0,3.5
23475,Midsize Cars,Gasoline or E85,Front-Wheel Drive,14.3308695652174,Ford,Automatic (S6),6.0,3.0
23476,Midsize Cars,Regular,All-Wheel Drive,17.3478947368421,Lincoln,Automatic (S6),6.0,3.5
23477,Midsize Cars,Regular,Front-Wheel Drive,8.67394736842105,Lincoln,Automatic (variable gear ratios),4.0,2.5
23478,Midsize Cars,Regular,Front-Wheel Drive,15.6957142857143,Lincoln,Automatic (S6),6.0,3.5
23479,Midsize Cars,Regular,Front-Wheel Drive,11.3658620689655,Nissan,Automatic (variable gear ratios),4.0,2.0
23480,Midsize Cars,Regular,Front-Wheel Drive,12.6773076923077,Nissan,Manual 6-spd,4.0,2.0
23481,Midsize Cars,Regular,Front-Wheel Drive,12.6773076923077,Nissan,Auto(AV-S6),4.0,2.5
23482,Compact Cars,Regular,Rear-Wheel Drive,19.3888235294118,Mercury,Automatic 3-spd,4.0,2.3
23483,Subcompact Cars,Regular,Front-Wheel Drive,14.9822727272727,Toyota,Manual 5-spd,4.0,2.0
23484,Midsize Cars,Premium,Front-Wheel Drive,13.73375,Nissan,Manual 6-spd,4.0,2.5
23485,Midsize Cars,Regular,Front-Wheel Drive,12.6773076923077,Nissan,Auto(AV-S6),4.0,2.5
23486,Midsize Cars,Regular,Front-Wheel Drive,14.9822727272727,Nissan,Auto(AV-S6),6.0,3.5
23487,Midsize Cars,Gasoline or E85,Front-Wheel Drive,15.6957142857143,Saab,Automatic (S6),4.0,2.0
23488,Midsize Cars,Gasoline or E85,Front-Wheel Drive,13.73375,Saab,Manual 6-spd,4.0,2.0
23489,Midsize Cars,Regular,Front-Wheel Drive,14.3308695652174,Volvo,Automatic (S6),6.0,3.2
23490,Midsize Cars,Regular,All-Wheel Drive,15.6957142857143,Volvo,Automatic (S6),6.0,3.0
23491,Large Cars,Regular,Front-Wheel Drive,14.9822727272727,Chevrolet,Automatic 6-spd,6.0,3.6
23492,Large Cars,Gasoline or E85,Front-Wheel Drive,14.9822727272727,Chevrolet,Automatic 6-spd,6.0,3.6
23493,Large Cars,Regular,Front-Wheel Drive,12.6773076923077,Hyundai,Automatic 6-spd,4.0,2.0
23494,Subcompact Cars,Regular,Front-Wheel Drive,13.73375,Toyota,Automatic 4-spd,4.0,1.6
23495,Large Cars,Regular,Front-Wheel Drive,12.2077777777778,Hyundai,Automatic 6-spd,4.0,2.4
23496,Large Cars,Regular,Front-Wheel Drive,12.2077777777778,Hyundai,Manual 6-spd,4.0,2.4
23497,Large Cars,Premium,Rear-Wheel Drive,16.4805,Hyundai,Automatic 8-spd,8.0,5.0
23498,Large Cars,Premium,Rear-Wheel Drive,23.5435714285714,Rolls-Royce,Automatic (S6),12.0,6.7
23499,Large Cars,Premium,Rear-Wheel Drive,23.5435714285714,Rolls-Royce,Automatic (S6),12.0,6.7
23500,Small Station Wagons,Regular,Rear-Wheel Drive,15.6957142857143,Cadillac,Automatic (S6),6.0,3.6
23501,Small Station Wagons,Premium,Rear-Wheel Drive,23.5435714285714,Cadillac,Automatic (S6),8.0,6.2
23502,Small Station Wagons,Premium,Rear-Wheel Drive,20.600625,Cadillac,Manual 6-spd,8.0,6.2
23503,Small Station Wagons,Regular,All-Wheel Drive,15.6957142857143,Cadillac,Automatic (S6),6.0,3.0
23504,Small Station Wagons,Regular,Front-Wheel Drive,12.6773076923077,Hyundai,Automatic 4-spd,4.0,2.0
23505,Subcompact Cars,Regular,Front-Wheel Drive,13.73375,Toyota,Manual 5-spd,4.0,1.6
23506,Small Station Wagons,Regular,Front-Wheel Drive,12.6773076923077,Hyundai,Manual 5-spd,4.0,2.0
23507,Small Station Wagons,Gasoline or E85,Front-Wheel Drive,15.6957142857143,Saab,Automatic (S6),4.0,2.0
23508,Small Station Wagons,Gasoline or E85,Front-Wheel Drive,13.73375,Saab,Manual 6-spd,4.0,2.0
23509,Small Pickup Trucks 2WD,Regular,Rear-Wheel Drive,17.3478947368421,Chevrolet,Automatic 4-spd,5.0,3.7
23510,Small Pickup Trucks 2WD,Regular,Rear-Wheel Drive,17.3478947368421,Chevrolet,Automatic 4-spd,5.0,3.7
23511,Small Pickup Trucks 2WD,Regular,Rear-Wheel Drive,19.3888235294118,Chevrolet,Automatic 4-spd,5.0,3.7
23512,Small Pickup Trucks 2WD,Regular,Rear-Wheel Drive,17.3478947368421,GMC,Automatic 4-spd,5.0,3.7
23513,Small Pickup Trucks 2WD,Regular,Rear-Wheel Drive,19.3888235294118,GMC,Automatic 4-spd,5.0,3.7
23514,Small Pickup Trucks 2WD,Regular,Rear-Wheel Drive,17.3478947368421,GMC,Automatic 4-spd,5.0,3.7
23515,Small Pickup Trucks 4WD,Regular,4-Wheel Drive,17.3478947368421,Chevrolet,Automatic 4-spd,5.0,3.7
23516,Subcompact Cars,Regular,Rear-Wheel Drive,12.6773076923077,Toyota,Automatic 4-spd,4.0,1.6
23517,Small Pickup Trucks 4WD,Regular,4-Wheel Drive,18.3116666666667,Chevrolet,Automatic 4-spd,5.0,3.7
23518,Small Pickup Trucks 4WD,Regular,4-Wheel Drive,18.3116666666667,Chevrolet,Automatic 4-spd,5.0,3.7
23519,Small Pickup Trucks 4WD,Regular,4-Wheel Drive,17.3478947368421,GMC,Automatic 4-spd,5.0,3.7
23520,Small Pickup Trucks 4WD,Regular,4-Wheel Drive,18.3116666666667,GMC,Automatic 4-spd,5.0,3.7
23521,Small Pickup Trucks 4WD,Regular,4-Wheel Drive,18.3116666666667,GMC,Automatic 4-spd,5.0,3.7
23522,Standard Pickup Trucks 2WD,Gasoline or E85,Rear-Wheel Drive,19.3888235294118,Chevrolet,Automatic 6-spd,8.0,5.3
23523,Standard Pickup Trucks 2WD,Gasoline or E85,Rear-Wheel Drive,23.5435714285714,Chevrolet,Automatic 6-spd,8.0,6.2
23524,Standard Pickup Trucks 2WD,Regular,Rear-Wheel Drive,19.3888235294118,Chevrolet,Automatic 4-spd,6.0,4.3
23525,Standard Pickup Trucks 2WD,Gasoline or E85,Rear-Wheel Drive,20.600625,Chevrolet,Automatic 4-spd,8.0,4.8
23526,Standard Pickup Trucks 2WD,Gasoline or E85,Rear-Wheel Drive,18.3116666666667,Chevrolet,Automatic 6-spd,8.0,5.3
23527,Subcompact Cars,Regular,Rear-Wheel Drive,12.2077777777778,Toyota,Manual 5-spd,4.0,1.6
23528,Standard Pickup Trucks 2WD,Regular,Rear-Wheel Drive,20.600625,Dodge,Automatic 4-spd,6.0,3.7
23529,Standard Pickup Trucks 2WD,Midgrade,Rear-Wheel Drive,20.600625,Dodge,Automatic 6-spd,8.0,5.7
23530,Standard Pickup Trucks 2WD,Gasoline or E85,Rear-Wheel Drive,18.3116666666667,GMC,Automatic 6-spd,8.0,5.3
23531,Standard Pickup Trucks 2WD,Gasoline or E85,Rear-Wheel Drive,19.3888235294118,GMC,Automatic 6-spd,8.0,5.3
23532,Standard Pickup Trucks 2WD,Gasoline or E85,Rear-Wheel Drive,23.5435714285714,GMC,Automatic 6-spd,8.0,6.2
23533,Standard Pickup Trucks 2WD,Regular,Rear-Wheel Drive,19.3888235294118,GMC,Automatic 4-spd,6.0,4.3
23534,Standard Pickup Trucks 2WD,Gasoline or E85,Rear-Wheel Drive,20.600625,GMC,Automatic 4-spd,8.0,4.8
23535,Standard Pickup Trucks 4WD,Gasoline or E85,4-Wheel Drive,19.3888235294118,Chevrolet,Automatic 6-spd,8.0,5.3
23536,Standard Pickup Trucks 4WD,Gasoline or E85,4-Wheel Drive,23.5435714285714,Chevrolet,Automatic 6-spd,8.0,6.2
23537,Standard Pickup Trucks 4WD,Regular,4-Wheel Drive,20.600625,Chevrolet,Automatic 4-spd,6.0,4.3
23538,Subcompact Cars,Regular,Rear-Wheel Drive,13.1844,Toyota,Manual 5-spd,4.0,1.6
23539,Standard Pickup Trucks 4WD,Gasoline or E85,4-Wheel Drive,21.974,Chevrolet,Automatic 4-spd,8.0,4.8
23540,Standard Pickup Trucks 4WD,Midgrade,4-Wheel Drive,21.974,Dodge,Automatic 6-spd,8.0,5.7
23541,Standard Pickup Trucks 4WD,Gasoline or E85,4-Wheel Drive,19.3888235294118,GMC,Automatic 6-spd,8.0,5.3
23542,Standard Pickup Trucks 4WD,Gasoline or E85,4-Wheel Drive,23.5435714285714,GMC,Automatic 6-spd,8.0,6.2
23543,Standard Pickup Trucks 4WD,Regular,4-Wheel Drive,20.600625,GMC,Automatic 4-spd,6.0,4.3
23544,Standard Pickup Trucks 4WD,Gasoline or E85,4-Wheel Drive,21.974,GMC,Automatic 4-spd,8.0,4.8
23545,Standard Pickup Trucks 4WD,Gasoline or E85,4-Wheel Drive,23.5435714285714,GMC,Automatic 6-spd,8.0,6.2
23546,"Vans, Cargo Type",Regular,Rear-Wheel Drive,19.3888235294118,Chevrolet,Automatic 4-spd,6.0,4.3
23547,Special Purpose Vehicle 2WD,Regular,Front-Wheel Drive,14.3308695652174,Ford,Automatic 4-spd,4.0,2.0
23548,"Vans, Cargo Type",Regular,Rear-Wheel Drive,19.3888235294118,GMC,Automatic 4-spd,6.0,4.3
23549,Subcompact Cars,Premium,Rear-Wheel Drive,18.3116666666667,Toyota,Automatic 4-spd,6.0,3.0
23550,Special Purpose Vehicle 2WD,Regular,Front-Wheel Drive,14.3308695652174,Ford,Automatic 4-spd,4.0,2.0
23551,Minivan - 2WD,Gasoline or E85,Front-Wheel Drive,16.4805,Chrysler,Automatic 6-spd,6.0,3.6
23552,Minivan - 2WD,Gasoline or E85,Front-Wheel Drive,16.4805,Dodge,Automatic 6-spd,6.0,3.6
23553,Minivan - 2WD,Gasoline or E85,Front-Wheel Drive,16.4805,Volkswagen,Automatic 6-spd,6.0,3.6
23554,Sport Utility Vehicle - 2WD,Regular,Front-Wheel Drive,17.3478947368421,Buick,Automatic 6-spd,6.0,3.6
23555,Sport Utility Vehicle - 2WD,Gasoline or E85,Rear-Wheel Drive,20.600625,Cadillac,Automatic 6-spd,8.0,6.2
23556,Sport Utility Vehicle - 2WD,Gasoline or E85,Rear-Wheel Drive,20.600625,Cadillac,Automatic 6-spd,8.0,6.2
23557,Sport Utility Vehicle - 2WD,Regular,Front-Wheel Drive,16.4805,Chevrolet,Automatic 6-spd,6.0,3.0
23558,Sport Utility Vehicle - 2WD,Gasoline or E85,Front-Wheel Drive,12.6773076923077,Chevrolet,Automatic 6-spd,4.0,2.4
23559,Sport Utility Vehicle - 2WD,Gasoline or E85,Front-Wheel Drive,16.4805,Chevrolet,Automatic 6-spd,6.0,3.0
23560,Subcompact Cars,Premium,Rear-Wheel Drive,18.3116666666667,Toyota,Automatic 4-spd,6.0,3.0
23561,Sport Utility Vehicle - 2WD,Gasoline or E85,Rear-Wheel Drive,19.3888235294118,Chevrolet,Automatic 6-spd,8.0,5.3
23562,Sport Utility Vehicle - 2WD,Gasoline or E85,Rear-Wheel Drive,19.3888235294118,Chevrolet,Automatic 6-spd,8.0,5.3
23563,Sport Utility Vehicle - 2WD,Gasoline or E85,Rear-Wheel Drive,19.3888235294118,Chevrolet,Automatic 6-spd,8.0,5.3
23564,Sport Utility Vehicle - 2WD,Regular,Front-Wheel Drive,17.3478947368421,Chevrolet,Automatic 6-spd,6.0,3.6
23565,Sport Utility Vehicle - 2WD,Gasoline or E85,Rear-Wheel Drive,17.3478947368421,Dodge,Automatic 5-spd,6.0,3.6
23566,Sport Utility Vehicle - 2WD,Midgrade,Rear-Wheel Drive,20.600625,Dodge,Automatic 6-spd,8.0,5.7
23567,Sport Utility Vehicle - 2WD,Regular,Front-Wheel Drive,14.9822727272727,Dodge,Automatic 4-spd,4.0,2.4
23568,Sport Utility Vehicle - 2WD,Gasoline or E85,Front-Wheel Drive,16.4805,Dodge,Automatic 6-spd,6.0,3.6
23569,Sport Utility Vehicle - 2WD,Regular,Front-Wheel Drive,17.3478947368421,Ford,Automatic 6-spd,6.0,3.5
23570,Sport Utility Vehicle - 2WD,Regular,Front-Wheel Drive,10.3003125,Ford,Automatic (variable gear ratios),4.0,2.5
23571,Subcompact Cars,Premium,Rear-Wheel Drive,18.3116666666667,Toyota,Manual 5-spd,6.0,3.0
23572,Sport Utility Vehicle - 2WD,Gasoline or E85,Front-Wheel Drive,15.6957142857143,Ford,Automatic 6-spd,6.0,3.0
23573,Sport Utility Vehicle - 2WD,Regular,Front-Wheel Drive,14.3308695652174,Ford,Automatic 6-spd,4.0,2.5
23574,Sport Utility Vehicle - 2WD,Regular,Front-Wheel Drive,13.1844,Ford,Manual 5-spd,4.0,2.5
23575,Sport Utility Vehicle - 2WD,Regular,Front-Wheel Drive,16.4805,GMC,Automatic 6-spd,6.0,3.0
23576,Sport Utility Vehicle - 2WD,Gasoline or E85,Front-Wheel Drive,12.6773076923077,GMC,Automatic 6-spd,4.0,2.4
23577,Sport Utility Vehicle - 2WD,Gasoline or E85,Front-Wheel Drive,16.4805,GMC,Automatic 6-spd,6.0,3.0
23578,Sport Utility Vehicle - 2WD,Gasoline or E85,Rear-Wheel Drive,19.3888235294118,GMC,Automatic 6-spd,8.0,5.3
23579,Sport Utility Vehicle - 2WD,Gasoline or E85,Rear-Wheel Drive,20.600625,GMC,Automatic 6-spd,8.0,6.2
23580,Sport Utility Vehicle - 2WD,Gasoline or E85,Rear-Wheel Drive,19.3888235294118,GMC,Automatic 6-spd,8.0,5.3
23581,Sport Utility Vehicle - 2WD,Gasoline or E85,Rear-Wheel Drive,20.600625,GMC,Automatic 6-spd,8.0,6.2
23582,Subcompact Cars,Premium,Rear-Wheel Drive,18.3116666666667,Toyota,Manual 5-spd,6.0,3.0
23583,Sport Utility Vehicle - 2WD,Regular,Front-Wheel Drive,17.3478947368421,GMC,Automatic 6-spd,6.0,3.6
23584,Sport Utility Vehicle - 2WD,Gasoline or E85,Rear-Wheel Drive,17.3478947368421,Jeep,Automatic 5-spd,6.0,3.6
23585,Sport Utility Vehicle - 2WD,Regular,Rear-Wheel Drive,18.3116666666667,Jeep,Automatic 4-spd,6.0,3.7
23586,Sport Utility Vehicle - 2WD,Regular,Front-Wheel Drive,16.4805,Lincoln,Automatic (S6),6.0,3.5
23587,Sport Utility Vehicle - 2WD,Regular,Front-Wheel Drive,15.6957142857143,Volvo,Automatic (S6),6.0,3.2
23588,Sport Utility Vehicle - 2WD,Regular,Front-Wheel Drive,15.6957142857143,Volvo,Automatic (S6),6.0,3.2
23589,Sport Utility Vehicle - 4WD,Gasoline or E85,All-Wheel Drive,21.974,Cadillac,Automatic 6-spd,8.0,6.2
23590,Sport Utility Vehicle - 4WD,Gasoline or E85,All-Wheel Drive,14.3308695652174,Chevrolet,Automatic 6-spd,4.0,2.4
23591,Sport Utility Vehicle - 4WD,Gasoline or E85,All-Wheel Drive,17.3478947368421,Chevrolet,Automatic 6-spd,6.0,3.0
23592,Sport Utility Vehicle - 4WD,Regular,All-Wheel Drive,17.3478947368421,Chevrolet,Automatic 6-spd,6.0,3.0
23593,Compact Cars,Regular,Rear-Wheel Drive,17.3478947368421,Mercury,Manual 5-spd,4.0,2.3
23594,Subcompact Cars,Regular,Front-Wheel Drive,12.2077777777778,Toyota,Automatic 3-spd,4.0,1.5
23595,Sport Utility Vehicle - 4WD,Gasoline or E85,4-Wheel Drive,19.3888235294118,Chevrolet,Automatic 6-spd,8.0,5.3
23596,Sport Utility Vehicle - 4WD,Gasoline or E85,4-Wheel Drive,19.3888235294118,Chevrolet,Automatic 6-spd,8.0,5.3
23597,Sport Utility Vehicle - 4WD,Gasoline or E85,4-Wheel Drive,19.3888235294118,Chevrolet,Automatic 6-spd,8.0,5.3
23598,Sport Utility Vehicle - 4WD,Regular,All-Wheel Drive,17.3478947368421,Chevrolet,Automatic 6-spd,6.0,3.6
23599,Sport Utility Vehicle - 4WD,Gasoline or E85,All-Wheel Drive,17.3478947368421,Dodge,Automatic 5-spd,6.0,3.6
23600,Sport Utility Vehicle - 4WD,Midgrade,4-Wheel Drive,21.974,Dodge,Automatic 6-spd,8.0,5.7
23601,Sport Utility Vehicle - 4WD,Regular,All-Wheel Drive,17.3478947368421,Dodge,Automatic 6-spd,6.0,3.6
23602,Sport Utility Vehicle - 4WD,Regular,All-Wheel Drive,18.3116666666667,Ford,Automatic (S6),6.0,3.5
23603,Sport Utility Vehicle - 4WD,Regular,All-Wheel Drive,18.3116666666667,Ford,Automatic 6-spd,6.0,3.5
23604,Sport Utility Vehicle - 4WD,Regular,All-Wheel Drive,11.3658620689655,Ford,Automatic (variable gear ratios),4.0,2.5
23605,Subcompact Cars,Regular,Front-Wheel Drive,9.98818181818182,Toyota,Manual 4-spd,4.0,1.5
23606,Sport Utility Vehicle - 4WD,Gasoline or E85,All-Wheel Drive,16.4805,Ford,Automatic 6-spd,6.0,3.0
23607,Sport Utility Vehicle - 4WD,Regular,All-Wheel Drive,14.3308695652174,Ford,Automatic 6-spd,4.0,2.5
23608,Sport Utility Vehicle - 4WD,Gasoline or E85,All-Wheel Drive,14.3308695652174,GMC,Automatic 6-spd,4.0,2.4
23609,Sport Utility Vehicle - 4WD,Gasoline or E85,All-Wheel Drive,17.3478947368421,GMC,Automatic 6-spd,6.0,3.0
23610,Sport Utility Vehicle - 4WD,Regular,All-Wheel Drive,17.3478947368421,GMC,Automatic 6-spd,6.0,3.0
23611,Sport Utility Vehicle - 4WD,Gasoline or E85,4-Wheel Drive,19.3888235294118,GMC,Automatic 6-spd,8.0,5.3
23612,Sport Utility Vehicle - 4WD,Gasoline or E85,All-Wheel Drive,21.974,GMC,Automatic 6-spd,8.0,6.2
23613,Sport Utility Vehicle - 4WD,Gasoline or E85,4-Wheel Drive,19.3888235294118,GMC,Automatic 6-spd,8.0,5.3
23614,Sport Utility Vehicle - 4WD,Regular,All-Wheel Drive,17.3478947368421,GMC,Automatic 6-spd,6.0,3.6
23615,Sport Utility Vehicle - 4WD,Regular,4-Wheel Drive,14.9822727272727,Hyundai,Automatic 6-spd,6.0,3.5
23616,Subcompact Cars,Regular,Front-Wheel Drive,10.987,Toyota,Manual 5-spd,4.0,1.5
23617,Sport Utility Vehicle - 4WD,Gasoline or E85,All-Wheel Drive,17.3478947368421,Jeep,Automatic 5-spd,6.0,3.6
23618,Sport Utility Vehicle - 4WD,Midgrade,4-Wheel Drive,21.974,Jeep,Automatic 6-spd,8.0,5.7
23619,Sport Utility Vehicle - 4WD,Premium,4-Wheel Drive,23.5435714285714,Jeep,Automatic 5-spd,8.0,6.4
23620,Sport Utility Vehicle - 4WD,Regular,4-Wheel Drive,19.3888235294118,Jeep,Automatic 4-spd,6.0,3.7
23621,Sport Utility Vehicle - 4WD,Premium,4-Wheel Drive,23.5435714285714,Land Rover,Automatic (S6),8.0,5.0
23622,Sport Utility Vehicle - 4WD,Premium,4-Wheel Drive,21.974,Land Rover,Automatic (S6),8.0,5.0
23623,Subcompact Cars,Regular,Front-Wheel Drive,13.1844,Volkswagen,Manual 4-spd,4.0,1.8
23624,Sport Utility Vehicle - 4WD,Premium,4-Wheel Drive,23.5435714285714,Land Rover,Automatic (S6),8.0,5.0
23625,Sport Utility Vehicle - 4WD,Premium,4-Wheel Drive,21.974,Land Rover,Automatic (S6),8.0,5.0
23626,Sport Utility Vehicle - 4WD,Premium,4-Wheel Drive,23.5435714285714,Land Rover,Automatic (S6),8.0,5.0
23627,Sport Utility Vehicle - 4WD,Regular,All-Wheel Drive,18.3116666666667,Lincoln,Automatic (S6),6.0,3.5
23628,Sport Utility Vehicle - 4WD,Premium,4-Wheel Drive,18.3116666666667,Mercedes-Benz,Automatic 7-spd,6.0,3.5
23629,Sport Utility Vehicle - 4WD,Premium,4-Wheel Drive,21.974,Mercedes-Benz,Automatic 7-spd,8.0,4.7
23630,Sport Utility Vehicle - 4WD,Premium,4-Wheel Drive,23.5435714285714,Mercedes-Benz,Automatic 7-spd,8.0,5.5
23631,Sport Utility Vehicle - 4WD,Premium,4-Wheel Drive,25.3546153846154,Mercedes-Benz,Automatic 7-spd,8.0,5.5
23632,Sport Utility Vehicle - 4WD,Premium,All-Wheel Drive,17.3478947368421,Porsche,Automatic (S8),6.0,3.6
23633,Sport Utility Vehicle - 4WD,Premium,All-Wheel Drive,19.3888235294118,Porsche,Manual 6-spd,6.0,3.6
23634,Subcompact Cars,Regular,Front-Wheel Drive,15.6957142857143,Volkswagen,Automatic 3-spd,4.0,1.8
23635,Sport Utility Vehicle - 4WD,Premium,All-Wheel Drive,18.3116666666667,Porsche,Automatic 8-spd,8.0,4.8
23636,Sport Utility Vehicle - 4WD,Premium,All-Wheel Drive,19.3888235294118,Porsche,Automatic 8-spd,8.0,4.8
23637,Sport Utility Vehicle - 4WD,Premium,All-Wheel Drive,15.6957142857143,Porsche,Automatic 8-spd,6.0,3.0
23638,Sport Utility Vehicle - 4WD,Regular,All-Wheel Drive,16.4805,Volvo,Automatic (S6),6.0,3.0
23639,Sport Utility Vehicle - 4WD,Regular,All-Wheel Drive,16.4805,Volvo,Automatic (S6),6.0,3.0
23640,Compact Cars,Regular,Front-Wheel Drive,15.6957142857143,Saab,Automatic (S5),4.0,2.0
23641,Compact Cars,Regular,Front-Wheel Drive,14.3308695652174,Saab,Manual 6-spd,4.0,2.0
23642,Midsize Cars,Gasoline or E85,Front-Wheel Drive,15.6957142857143,Saab,Automatic (S6),4.0,2.0
23643,Midsize Cars,Gasoline or E85,Front-Wheel Drive,13.73375,Saab,Manual 6-spd,4.0,2.0
23644,Small Station Wagons,Regular,Front-Wheel Drive,15.6957142857143,Saab,Automatic (S5),4.0,2.0
23645,Subcompact Cars,Regular,Front-Wheel Drive,14.3308695652174,Volkswagen,Manual 5-spd,4.0,1.8
23646,Small Station Wagons,Regular,Front-Wheel Drive,13.73375,Saab,Manual 6-spd,4.0,2.0
23647,Small Station Wagons,Regular,All-Wheel Drive,16.4805,Saab,Automatic (S6),4.0,2.0
23648,Small Station Wagons,Regular,All-Wheel Drive,14.3308695652174,Saab,Manual 6-spd,4.0,2.0
23649,Sport Utility Vehicle - 4WD,Regular,All-Wheel Drive,18.3116666666667,Saab,Automatic (S6),6.0,2.8
23650,Sport Utility Vehicle - 4WD,Regular,All-Wheel Drive,17.3478947368421,Saab,Automatic (S6),6.0,3.0
23651,Sport Utility Vehicle - 2WD,Regular,Front-Wheel Drive,16.4805,Saab,Automatic (S6),6.0,3.0
23652,Two Seaters,Premium,Rear-Wheel Drive,20.600625,Aston Martin,Auto(AM6),8.0,4.7
23653,Two Seaters,Premium,All-Wheel Drive,20.600625,Audi,Auto(AM6),8.0,4.2
23654,Two Seaters,Premium,All-Wheel Drive,12.6773076923077,Audi,Automatic (S6),4.0,2.0
23655,Two Seaters,Premium,All-Wheel Drive,20.600625,Audi,Auto(AM6),8.0,4.2
23656,Subcompact Cars,Regular,Front-Wheel Drive,14.3308695652174,Volkswagen,Manual 5-spd,4.0,1.8
23657,Two Seaters,Premium,All-Wheel Drive,23.5435714285714,Audi,Manual 6-spd,8.0,4.2
23658,Two Seaters,Premium,All-Wheel Drive,23.5435714285714,Audi,Manual 6-spd,8.0,4.2
23659,Two Seaters,Premium,Rear-Wheel Drive,13.73375,Mazda,Manual 5-spd,4.0,2.0
23660,Two Seaters,Premium,Rear-Wheel Drive,13.73375,Mazda,Manual 6-spd,4.0,2.0
23661,Two Seaters,Premium,Rear-Wheel Drive,14.3308695652174,Mazda,Automatic (S6),4.0,2.0
23662,Two Seaters,Premium,Rear-Wheel Drive,14.3308695652174,Mercedes-Benz,Automatic 7-spd,6.0,3.5
23663,Subcompact Cars,Premium,All-Wheel Drive,12.6773076923077,Audi,Automatic (S6),4.0,2.0
23664,Subcompact Cars,Premium,All-Wheel Drive,16.4805,Audi,Manual 6-spd,5.0,2.5
23665,Subcompact Cars,Regular,Front-Wheel Drive,15.6957142857143,Nissan,Manual 6-spd,6.0,3.5
23666,Subcompact Cars,Regular,Front-Wheel Drive,15.6957142857143,Volvo,Automatic (S5),5.0,2.5
23667,Subcompact Cars,Regular,Front-Wheel Drive,12.6773076923077,Yugo,Manual 4-spd,4.0,1.1
23668,Compact Cars,Regular,Front-Wheel Drive,14.3308695652174,Mazda,Manual 6-spd,4.0,2.5
23669,Compact Cars,Regular,Front-Wheel Drive,13.1844,Mazda,Automatic (S5),4.0,2.5
23670,Compact Cars,Premium,Rear-Wheel Drive,16.4805,Mercedes-Benz,Automatic 7-spd,8.0,4.7
23671,Compact Cars,Gasoline or E85,Front-Wheel Drive,15.6957142857143,Saab,Automatic (S6),4.0,2.0
23672,Compact Cars,Gasoline or E85,Front-Wheel Drive,13.73375,Saab,Manual 6-spd,4.0,2.0
23673,Compact Cars,Regular,Front-Wheel Drive,13.1844,Volkswagen,Automatic (S6),4.0,2.0
23674,Subcompact Cars,Regular,Front-Wheel Drive,15.6957142857143,Dodge,Manual 5-spd,4.0,2.2
23675,Compact Cars,Regular,Front-Wheel Drive,11.7717857142857,Volkswagen,Manual 5-spd,4.0,2.0
23676,Midsize Cars,Premium,All-Wheel Drive,15.6957142857143,Audi,Automatic (S8),8.0,4.2
23677,Midsize Cars,Regular,Rear-Wheel Drive,15.6957142857143,Cadillac,Automatic (S6),6.0,3.0
23678,Midsize Cars,Premium,Front-Wheel Drive,15.6957142857143,Mazda,Manual 6-spd,4.0,2.3
23679,Large Cars,Premium,All-Wheel Drive,15.6957142857143,Audi,Automatic (S8),8.0,4.2
23680,Small Station Wagons,Premium,Front-Wheel Drive,13.73375,Audi,Manual 6-spd,4.0,2.0
23681,Small Station Wagons,Premium,Front-Wheel Drive,13.73375,Audi,Automatic (S6),4.0,2.0
23682,Subcompact Cars,Regular,Front-Wheel Drive,16.4805,Dodge,Manual 5-spd,4.0,2.2
23683,Small Station Wagons,Premium,All-Wheel Drive,13.73375,Audi,Automatic (S6),4.0,2.0
23684,Small Station Wagons,Regular,Rear-Wheel Drive,15.6957142857143,Cadillac,Automatic (S6),6.0,3.0
23685,Sport Utility Vehicle - 2WD,Gasoline or E85,Front-Wheel Drive,17.3478947368421,Cadillac,Automatic (S6),6.0,3.6
23686,Sport Utility Vehicle - 2WD,Regular,Front-Wheel Drive,12.6773076923077,Chevrolet,Automatic 6-spd,4.0,2.4
23687,Sport Utility Vehicle - 2WD,Regular,Front-Wheel Drive,12.6773076923077,GMC,Automatic 6-spd,4.0,2.4
23688,Sport Utility Vehicle - 2WD,Regular,Front-Wheel Drive,14.3308695652174,Hyundai,Automatic 6-spd,4.0,2.4
23689,Sport Utility Vehicle - 2WD,Regular,Front-Wheel Drive,15.6957142857143,Hyundai,Manual 6-spd,4.0,2.4
23690,Sport Utility Vehicle - 2WD,Regular,Front-Wheel Drive,14.9822727272727,Hyundai,Automatic 6-spd,6.0,3.5
23691,Compact Cars,Regular,Rear-Wheel Drive,18.3116666666667,Mercury,Automatic 3-spd,6.0,3.8
23692,Compact Cars,Regular,Front-Wheel Drive,17.3478947368421,Acura,Automatic 4-spd,6.0,2.5
23693,Sport Utility Vehicle - 2WD,Premium,Rear-Wheel Drive,18.3116666666667,Mercedes-Benz,Automatic 7-spd,6.0,3.5
23694,Sport Utility Vehicle - 2WD,Premium,Front-Wheel Drive,13.73375,Volkswagen,Automatic (S6),4.0,2.0
23695,Sport Utility Vehicle - 2WD,Premium,Front-Wheel Drive,15.6957142857143,Volkswagen,Manual 6-spd,4.0,2.0
23696,Sport Utility Vehicle - 2WD,Regular,Front-Wheel Drive,17.3478947368421,Volvo,Automatic (S6),6.0,3.2
23697,Sport Utility Vehicle - 4WD,Premium,All-Wheel Drive,18.3116666666667,Audi,Automatic (S8),6.0,3.0
23698,Sport Utility Vehicle - 4WD,Regular,All-Wheel Drive,18.3116666666667,Buick,Automatic 6-spd,6.0,3.6
23699,Sport Utility Vehicle - 4WD,Gasoline or E85,All-Wheel Drive,18.3116666666667,Cadillac,Automatic (S6),6.0,3.6
23700,Sport Utility Vehicle - 4WD,Regular,All-Wheel Drive,14.3308695652174,Chevrolet,Automatic 6-spd,4.0,2.4
23701,Sport Utility Vehicle - 4WD,Regular,All-Wheel Drive,14.3308695652174,GMC,Automatic 6-spd,4.0,2.4
23702,Compact Cars,Regular,Front-Wheel Drive,16.4805,Acura,Manual 5-spd,6.0,2.5
23703,Sport Utility Vehicle - 4WD,Regular,4-Wheel Drive,14.9822727272727,Hyundai,Automatic 6-spd,4.0,2.4
23704,Sport Utility Vehicle - 4WD,Regular,All-Wheel Drive,17.3478947368421,Saab,Automatic (S6),6.0,3.0
23705,Sport Utility Vehicle - 4WD,Premium,All-Wheel Drive,15.6957142857143,Volkswagen,Automatic (S8),6.0,3.0
23706,Sport Utility Vehicle - 4WD,Premium,All-Wheel Drive,17.3478947368421,Volkswagen,Automatic (S8),6.0,3.6
23707,Sport Utility Vehicle - 4WD,Premium,All-Wheel Drive,14.3308695652174,Volkswagen,Automatic (S6),4.0,2.0
23708,Sport Utility Vehicle - 4WD,Regular,All-Wheel Drive,18.3116666666667,Volvo,Automatic (S6),6.0,3.2
23709,Sport Utility Vehicle - 4WD,Regular,All-Wheel Drive,16.4805,Volvo,Automatic (S6),6.0,3.2
23710,Sport Utility Vehicle - 4WD,Regular,All-Wheel Drive,16.4805,Volvo,Automatic (S6),6.0,3.2
23711,Compact Cars,Premium Gas or Electricity,Front-Wheel Drive,3.37562148214286,Chevrolet,Auto (AV),4.0,1.4
23712,Two Seaters,Premium,All-Wheel Drive,32.961,Bugatti,Automatic (S7),16.0,8.0
23713,Compact Cars,Regular,Front-Wheel Drive,18.3116666666667,Acura,Automatic 4-spd,6.0,2.7
23714,Two Seaters,Premium,All-Wheel Drive,21.974,Lamborghini,Manual 6-spd,10.0,5.2
23715,Two Seaters,Premium,All-Wheel Drive,23.5435714285714,Lamborghini,Manual 6-spd,10.0,5.2
23716,Two Seaters,Premium,Rear-Wheel Drive,20.600625,Mercedes-Benz,Auto(AM7),8.0,6.2
23717,Two Seaters,Premium,Front-Wheel Drive,10.987,MINI,Automatic (S6),4.0,1.6
23718,Two Seaters,Premium,Front-Wheel Drive,10.3003125,MINI,Manual 6-spd,4.0,1.6
23719,Two Seaters,Premium,Front-Wheel Drive,10.987,MINI,Automatic (S6),4.0,1.6
23720,Two Seaters,Premium,Front-Wheel Drive,10.987,MINI,Manual 6-spd,4.0,1.6
23721,Two Seaters,Premium,Front-Wheel Drive,11.7717857142857,MINI,Automatic (S6),4.0,1.6
23722,Two Seaters,Premium,Front-Wheel Drive,10.987,MINI,Manual 6-spd,4.0,1.6
23723,Two Seaters,Premium,Front-Wheel Drive,11.7717857142857,MINI,Automatic (S6),4.0,1.6
23724,Compact Cars,Regular,Front-Wheel Drive,17.3478947368421,Acura,Manual 5-spd,6.0,2.7
23725,Two Seaters,Premium,Front-Wheel Drive,10.987,MINI,Manual 6-spd,4.0,1.6
23726,Two Seaters,Premium,Front-Wheel Drive,11.7717857142857,MINI,Manual 6-spd,4.0,1.6
23727,Two Seaters,Premium,Front-Wheel Drive,11.7717857142857,MINI,Manual 6-spd,4.0,1.6
23728,Minicompact Cars,Premium,Rear-Wheel Drive,19.3888235294118,Jaguar,Automatic (S6),8.0,5.0
23729,Minicompact Cars,Premium,Rear-Wheel Drive,18.3116666666667,Jaguar,Automatic (S6),8.0,5.0
23730,Minicompact Cars,Premium,Rear-Wheel Drive,17.3478947368421,Jaguar,Automatic (S6),8.0,5.0
23731,Minicompact Cars,Premium,Rear-Wheel Drive,19.3888235294118,Jaguar,Automatic (S6),8.0,5.0
23732,Minicompact Cars,Premium,Front-Wheel Drive,10.987,MINI,Automatic (S6),4.0,1.6
23733,Minicompact Cars,Premium,Front-Wheel Drive,10.3003125,MINI,Manual 6-spd,4.0,1.6
23734,Minicompact Cars,Premium,Front-Wheel Drive,10.987,MINI,Automatic (S6),4.0,1.6
23735,Compact Cars,Regular,Front-Wheel Drive,19.3888235294118,Sterling,Automatic 4-spd,6.0,2.5
23736,Minicompact Cars,Premium,Front-Wheel Drive,10.987,MINI,Manual 6-spd,4.0,1.6
23737,Minicompact Cars,Premium,Front-Wheel Drive,11.7717857142857,MINI,Automatic (S6),4.0,1.6
23738,Minicompact Cars,Premium,Front-Wheel Drive,10.987,MINI,Manual 6-spd,4.0,1.6
23739,Minicompact Cars,Premium,Front-Wheel Drive,11.7717857142857,MINI,Automatic (S6),4.0,1.6
23740,Minicompact Cars,Premium,Front-Wheel Drive,10.987,MINI,Manual 6-spd,4.0,1.6
23741,Minicompact Cars,Premium,Front-Wheel Drive,11.7717857142857,MINI,Manual 6-spd,4.0,1.6
23742,Minicompact Cars,Premium,Front-Wheel Drive,11.7717857142857,MINI,Manual 6-spd,4.0,1.6
23743,Minicompact Cars,Regular,Front-Wheel Drive,8.90837837837838,Scion,Automatic (variable gear ratios),4.0,1.3
23744,Subcompact Cars,Premium,Rear-Wheel Drive,20.600625,BMW,Manual 6-spd,8.0,4.0
23745,Subcompact Cars,Premium,Rear-Wheel Drive,20.600625,BMW,Automatic (S7),8.0,4.0
23746,Compact Cars,Regular,Front-Wheel Drive,18.3116666666667,Sterling,Manual 5-spd,6.0,2.5
23747,Subcompact Cars,Premium,Rear-Wheel Drive,20.600625,BMW,Manual 6-spd,8.0,4.0
23748,Subcompact Cars,Premium,Rear-Wheel Drive,20.600625,BMW,Automatic (S7),8.0,4.0
23749,Midsize Cars,Regular,Front-Wheel Drive,11.7717857142857,Chevrolet,Automatic (S6),4.0,1.8
23750,Midsize Cars,Regular,Front-Wheel Drive,11.3658620689655,Chevrolet,Manual 5-spd,4.0,1.8
23751,Subcompact Cars,Regular,Front-Wheel Drive,10.3003125,Ford,Auto(AM6),4.0,1.6
23752,Subcompact Cars,Regular,Front-Wheel Drive,10.3003125,Ford,Manual 5-spd,4.0,1.6
23753,Subcompact Cars,Regular,Front-Wheel Drive,10.3003125,Ford,Auto(AM6),4.0,1.6
23754,Subcompact Cars,Premium,All-Wheel Drive,15.6957142857143,Lexus,Automatic (S6),6.0,3.5
23755,Subcompact Cars,Premium,Rear-Wheel Drive,14.9822727272727,Lexus,Automatic (S6),6.0,3.5
23756,Subcompact Cars,Premium,All-Wheel Drive,14.9822727272727,Lexus,Automatic (S6),6.0,2.5
23757,Compact Cars,Regular,Rear-Wheel Drive,21.974,Bitter Gmbh and Co. Kg,Automatic 3-spd,6.0,3.0
23758,Subcompact Cars,Premium,Rear-Wheel Drive,14.9822727272727,Lexus,Manual 6-spd,6.0,2.5
23759,Subcompact Cars,Premium,Rear-Wheel Drive,13.73375,Lexus,Automatic (S6),6.0,2.5
23760,Subcompact Cars,Premium,Rear-Wheel Drive,20.600625,Maserati,Automatic 6-spd,8.0,4.7
23761,Subcompact Cars,Premium,Rear-Wheel Drive,21.974,Maserati,Automatic 6-spd,8.0,4.7
23762,Subcompact Cars,Premium,Rear-Wheel Drive,21.974,Mercedes-Benz,Automatic 7-spd,8.0,6.2
23763,Subcompact Cars,Premium,Rear-Wheel Drive,14.9822727272727,Mercedes-Benz,Automatic 7-spd,6.0,3.5
23764,Subcompact Cars,Premium,Rear-Wheel Drive,14.9822727272727,Mercedes-Benz,Automatic 7-spd,6.0,3.5
23765,Subcompact Cars,Premium,Rear-Wheel Drive,14.9822727272727,Mercedes-Benz,Automatic 7-spd,6.0,3.5
23766,Subcompact Cars,Premium,Front-Wheel Drive,10.987,MINI,Automatic (S6),4.0,1.6
23767,Subcompact Cars,Premium,Front-Wheel Drive,10.987,MINI,Manual 6-spd,4.0,1.6
23768,Compact Cars,Premium,Rear-Wheel Drive,20.600625,Bitter Gmbh and Co. Kg,Manual 5-spd,6.0,3.9
23769,Subcompact Cars,Premium,Front-Wheel Drive,11.7717857142857,MINI,Automatic (S6),4.0,1.6
23770,Subcompact Cars,Premium,Front-Wheel Drive,10.987,MINI,Manual 6-spd,4.0,1.6
23771,Subcompact Cars,Premium,Front-Wheel Drive,11.7717857142857,MINI,Manual 6-spd,4.0,1.6
23772,Subcompact Cars,Electricity,Rear-Wheel Drive,0.18,Mitsubishi,Automatic (A1),,
23773,Compact Cars,Premium,Front-Wheel Drive,13.73375,Acura,Manual 6-spd,4.0,2.4
23774,Compact Cars,Premium,Front-Wheel Drive,13.1844,Acura,Automatic (S5),4.0,2.4
23775,Compact Cars,Premium,Front-Wheel Drive,14.9822727272727,Acura,Automatic (S5),6.0,3.5
23776,Compact Cars,Premium,Rear-Wheel Drive,18.3116666666667,BMW,Automatic (S8),8.0,4.4
23777,Compact Cars,Premium,Rear-Wheel Drive,19.3888235294118,BMW,Manual 6-spd,8.0,4.4
23778,Compact Cars,Regular,Front-Wheel Drive,11.7717857142857,Chevrolet,Automatic (S6),4.0,1.8
23779,Compact Cars,Regular,Rear-Wheel Drive,17.3478947368421,BMW,Automatic 4-spd,6.0,2.7
23780,Compact Cars,Regular,Front-Wheel Drive,11.3658620689655,Chevrolet,Manual 5-spd,4.0,1.8
23781,Compact Cars,Regular,Front-Wheel Drive,12.6773076923077,Honda,Manual 5-spd,4.0,2.4
23782,Compact Cars,Regular,Front-Wheel Drive,12.6773076923077,Honda,Automatic 5-spd,4.0,2.4
23783,Compact Cars,Regular,Front-Wheel Drive,15.6957142857143,Honda,Manual 6-spd,6.0,3.5
23784,Compact Cars,Regular,Front-Wheel Drive,14.3308695652174,Honda,Automatic (S5),6.0,3.5
23785,Compact Cars,Regular,Front-Wheel Drive,10.6325806451613,Hyundai,Manual 6-spd,4.0,1.6
23786,Compact Cars,Regular,Front-Wheel Drive,10.987,Hyundai,Auto(AM6),4.0,1.6
23787,Compact Cars,Regular,Front-Wheel Drive,11.7717857142857,Kia,Automatic 6-spd,4.0,2.0
23788,Compact Cars,Regular,Front-Wheel Drive,12.2077777777778,Kia,Manual 6-spd,4.0,2.0
23789,Compact Cars,Regular,Front-Wheel Drive,12.6773076923077,Kia,Automatic 6-spd,4.0,2.4
23790,Compact Cars,Regular,Rear-Wheel Drive,16.4805,BMW,Manual 5-spd,6.0,2.7
23791,Compact Cars,Regular,Front-Wheel Drive,12.6773076923077,Kia,Manual 6-spd,4.0,2.4
23792,Compact Cars,Regular,Front-Wheel Drive,10.6325806451613,Kia,Automatic 6-spd,4.0,1.6
23793,Compact Cars,Regular,Front-Wheel Drive,10.3003125,Kia,Manual 6-spd,4.0,1.6
23794,Compact Cars,Regular,Front-Wheel Drive,7.84785714285714,Lexus,Automatic (variable gear ratios),4.0,1.8
23795,Compact Cars,Regular,Front-Wheel Drive,11.7717857142857,Mazda,Manual 5-spd,4.0,2.0
23796,Compact Cars,Regular,Front-Wheel Drive,12.2077777777778,Mazda,Automatic (S5),4.0,2.0
23797,Compact Cars,Regular,Front-Wheel Drive,10.6325806451613,Mazda,Manual 5-spd,4.0,1.5
23798,Compact Cars,Regular,Front-Wheel Drive,10.987,Mazda,Automatic 4-spd,4.0,1.5
23799,Compact Cars,Premium,4-Wheel Drive,16.4805,Mercedes-Benz,Automatic 7-spd,6.0,3.0
23800,Compact Cars,Premium or E85,4-Wheel Drive,16.4805,Mercedes-Benz,Automatic 7-spd,6.0,3.0
23801,Compact Cars,Regular,Rear-Wheel Drive,19.3888235294118,Mercury,Automatic 4-spd,8.0,5.0
23802,Compact Cars,Regular,Rear-Wheel Drive,20.600625,BMW,Automatic 4-spd,6.0,3.4
23803,Compact Cars,Premium,Rear-Wheel Drive,13.1844,Mercedes-Benz,Automatic 7-spd,4.0,1.8
23804,Compact Cars,Premium,Rear-Wheel Drive,14.3308695652174,Mercedes-Benz,Automatic 7-spd,6.0,3.5
23805,Compact Cars,Premium,Rear-Wheel Drive,21.974,Mercedes-Benz,Automatic 7-spd,8.0,6.2
23806,Compact Cars,Premium,4-Wheel Drive,18.3116666666667,Mercedes-Benz,Automatic 7-spd,8.0,4.7
23807,Compact Cars,Premium,Rear-Wheel Drive,23.5435714285714,Mercedes-Benz,Automatic 5-spd,12.0,5.5
23808,Compact Cars,Premium,Rear-Wheel Drive,18.3116666666667,Mercedes-Benz,Automatic 7-spd,8.0,5.5
23809,Compact Cars,Premium,Rear-Wheel Drive,23.5435714285714,Mercedes-Benz,Automatic 5-spd,12.0,6.0
23810,Compact Cars,Premium,4-Wheel Drive,17.3478947368421,Mercedes-Benz,Automatic 7-spd,8.0,4.7
23811,Compact Cars,Premium,Rear-Wheel Drive,17.3478947368421,Mercedes-Benz,Automatic 7-spd,8.0,5.5
23812,Compact Cars,Premium,Front-Wheel Drive,12.2077777777778,MINI,Automatic (S6),4.0,1.6
23813,Compact Cars,Regular,Rear-Wheel Drive,20.600625,BMW,Manual 5-spd,6.0,3.4
23814,Compact Cars,Premium,Front-Wheel Drive,10.987,MINI,Manual 6-spd,4.0,1.6
23815,Compact Cars,Premium,Front-Wheel Drive,11.7717857142857,MINI,Automatic (S6),4.0,1.6
23816,Compact Cars,Premium,Front-Wheel Drive,11.7717857142857,MINI,Manual 6-spd,4.0,1.6
23817,Compact Cars,Premium,All-Wheel Drive,12.6773076923077,MINI,Automatic (S6),4.0,1.6
23818,Compact Cars,Premium,All-Wheel Drive,12.2077777777778,MINI,Manual 6-spd,4.0,1.6
23819,Compact Cars,Regular,Front-Wheel Drive,10.987,Nissan,Automatic (variable gear ratios),4.0,1.8
23820,Compact Cars,Regular,Front-Wheel Drive,12.2077777777778,Nissan,Automatic 4-spd,4.0,1.8
23821,Compact Cars,Regular,Front-Wheel Drive,11.7717857142857,Nissan,Manual 6-spd,4.0,1.8
23822,Compact Cars,Regular,Front-Wheel Drive,9.98818181818182,Nissan,Automatic (variable gear ratios),4.0,1.6
23823,Compact Cars,Regular,Front-Wheel Drive,10.987,Nissan,Manual 5-spd,4.0,1.6
23824,Compact Cars,Regular,Rear-Wheel Drive,21.974,BMW,Automatic 4-spd,6.0,3.4
23825,Compact Cars,Regular,All-Wheel Drive,11.7717857142857,Subaru,Manual 5-spd,4.0,2.0
23826,Compact Cars,Regular,All-Wheel Drive,10.987,Subaru,Automatic (variable gear ratios),4.0,2.0
23827,Compact Cars,Premium,All-Wheel Drive,15.6957142857143,Subaru,Manual 5-spd,4.0,2.5
23828,Compact Cars,Premium,All-Wheel Drive,17.3478947368421,Subaru,Manual 6-spd,4.0,2.5
23829,Compact Cars,Regular,Front-Wheel Drive,12.6773076923077,Suzuki,Manual 6-spd,4.0,2.0
23830,Compact Cars,Regular,Front-Wheel Drive,11.7717857142857,Suzuki,Automatic (variable gear ratios),4.0,2.0
23831,Compact Cars,Regular,Front-Wheel Drive,12.6773076923077,Suzuki,Manual 6-spd,4.0,2.0
23832,Compact Cars,Regular,Front-Wheel Drive,13.1844,Suzuki,Automatic (variable gear ratios),4.0,2.0
23833,Compact Cars,Regular,Front-Wheel Drive,12.6773076923077,Suzuki,Automatic (variable gear ratios),4.0,2.4
23834,Compact Cars,Regular,Front-Wheel Drive,13.1844,Suzuki,Automatic (variable gear ratios),4.0,2.4
23835,Compact Cars,Regular,Rear-Wheel Drive,21.974,BMW,Manual 5-spd,6.0,3.4
23836,Compact Cars,Regular,Front-Wheel Drive,13.73375,Suzuki,Manual 6-spd,4.0,2.4
23837,Compact Cars,Regular,Front-Wheel Drive,13.73375,Suzuki,Manual 6-spd,4.0,2.4
23838,Compact Cars,Regular,All-Wheel Drive,13.1844,Suzuki,Automatic (variable gear ratios),4.0,2.4
23839,Compact Cars,Regular,All-Wheel Drive,13.1844,Suzuki,Automatic (variable gear ratios),4.0,2.4
23840,Compact Cars,Regular,Front-Wheel Drive,10.6325806451613,Toyota,Automatic 4-spd,4.0,1.5
23841,Compact Cars,Regular,Front-Wheel Drive,9.98818181818182,Toyota,Manual 5-spd,4.0,1.5
23842,Midsize Cars,Premium,Rear-Wheel Drive,25.3546153846154,Bentley,Automatic (S8),8.0,6.8
23843,Midsize Cars,Premium,Rear-Wheel Drive,18.3116666666667,BMW,Automatic (S8),8.0,4.4
23844,Midsize Cars,Premium,Rear-Wheel Drive,19.3888235294118,BMW,Manual 6-spd,8.0,4.4
23845,Midsize Cars,Regular,Front-Wheel Drive,14.9822727272727,Buick,Manual 6-spd,4.0,2.0
23846,Compact Cars,Regular,Front-Wheel Drive,13.73375,Buick,Automatic 3-spd,4.0,2.0
23847,Midsize Cars,Gasoline or E85,Front-Wheel Drive,14.3308695652174,Buick,Automatic (S6),4.0,2.4
23848,Midsize Cars,Regular,Front-Wheel Drive,14.3308695652174,Buick,Automatic (S6),4.0,2.4
23849,Midsize Cars,Gasoline or E85,Front-Wheel Drive,14.9822727272727,Buick,Automatic (S6),4.0,2.0
23850,Midsize Cars,Regular,All-Wheel Drive,15.6957142857143,Cadillac,Automatic (S6),6.0,3.6
23851,Midsize Cars,Regular,Rear-Wheel Drive,15.6957142857143,Dodge,Automatic 5-spd,6.0,3.6
23852,Midsize Cars,Premium,Rear-Wheel Drive,18.3116666666667,Dodge,Manual 6-spd,8.0,5.7
23853,Midsize Cars,Midgrade,Rear-Wheel Drive,17.3478947368421,Dodge,Automatic 5-spd,8.0,5.7
23854,Midsize Cars,Premium,Rear-Wheel Drive,19.3888235294118,Dodge,Automatic 5-spd,8.0,6.4
23855,Midsize Cars,Premium,Rear-Wheel Drive,19.3888235294118,Jaguar,Automatic (S6),8.0,5.0
23856,Midsize Cars,Premium,Rear-Wheel Drive,17.3478947368421,Jaguar,Automatic (S6),8.0,5.0
23857,Compact Cars,Premium,Front-Wheel Drive,15.6957142857143,Buick,Automatic 3-spd,4.0,2.0
23858,Midsize Cars,Regular,Front-Wheel Drive,11.3658620689655,Kia,Automatic 6-spd,4.0,2.0
23859,Midsize Cars,Regular,Front-Wheel Drive,11.7717857142857,Kia,Manual 6-spd,4.0,2.0
23860,Midsize Cars,Regular,Front-Wheel Drive,10.987,Kia,Automatic 6-spd,4.0,2.0
23861,Midsize Cars,Regular,Front-Wheel Drive,12.6773076923077,Kia,Automatic 6-spd,4.0,2.4
23862,Midsize Cars,Regular,Front-Wheel Drive,12.6773076923077,Kia,Manual 6-spd,4.0,2.4
23863,Midsize Cars,Regular,Front-Wheel Drive,12.6773076923077,Kia,Automatic 6-spd,4.0,2.0
23864,Midsize Cars,Regular,Front-Wheel Drive,12.2077777777778,Kia,Automatic 6-spd,4.0,2.4
23865,Midsize Cars,Regular,Front-Wheel Drive,12.2077777777778,Kia,Manual 6-spd,4.0,2.4
23866,Midsize Cars,Regular,Front-Wheel Drive,13.73375,Mitsubishi,Automatic (S4),4.0,2.4
23867,Midsize Cars,Premium,Front-Wheel Drive,14.9822727272727,Nissan,Auto(AV-S6),6.0,3.5
23868,Compact Cars,Regular,Front-Wheel Drive,13.1844,Buick,Manual 4-spd,4.0,2.0
23869,Midsize Cars,Regular,All-Wheel Drive,16.4805,Saab,Automatic (S6),6.0,2.8
23870,Midsize Cars,Regular,All-Wheel Drive,14.9822727272727,Subaru,Manual 6-spd,4.0,2.5
23871,Midsize Cars,Regular,All-Wheel Drive,13.1844,Subaru,Automatic (variable gear ratios),4.0,2.5
23872,Midsize Cars,Premium,All-Wheel Drive,15.6957142857143,Subaru,Manual 6-spd,4.0,2.5
23873,Midsize Cars,Regular,All-Wheel Drive,16.4805,Subaru,Automatic (S5),6.0,3.6
23874,Midsize Cars,Regular,Front-Wheel Drive,11.7717857142857,Toyota,Automatic (S6),4.0,2.5
23875,Midsize Cars,Regular,Front-Wheel Drive,13.73375,Toyota,Automatic (S6),6.0,3.5
23876,Midsize Cars,Regular,Front-Wheel Drive,6.866875,Toyota,Automatic (variable gear ratios),4.0,1.8
23877,Midsize Cars,Regular,Front-Wheel Drive,13.1844,Volkswagen,Automatic (S6),5.0,2.5
23878,Midsize Cars,Regular,Front-Wheel Drive,12.6773076923077,Volkswagen,Manual 5-spd,5.0,2.5
23879,Compact Cars,Premium,Front-Wheel Drive,14.9822727272727,Buick,Manual 5-spd,4.0,2.0
23880,Midsize Cars,Premium,Front-Wheel Drive,14.3308695652174,Volkswagen,Automatic (S6),6.0,3.6
23881,Large Cars,Regular,Rear-Wheel Drive,15.6957142857143,Chrysler,Automatic 5-spd,6.0,3.6
23882,Large Cars,Midgrade,Rear-Wheel Drive,17.3478947368421,Chrysler,Automatic 5-spd,8.0,5.7
23883,Large Cars,Midgrade,All-Wheel Drive,18.3116666666667,Chrysler,Automatic 5-spd,8.0,5.7
23884,Large Cars,Gasoline or E85,Rear-Wheel Drive,14.3308695652174,Chrysler,Automatic 8-spd,6.0,3.6
23885,Large Cars,Gasoline or E85,All-Wheel Drive,15.6957142857143,Chrysler,Automatic 8-spd,6.0,3.6
23886,Large Cars,Premium,Rear-Wheel Drive,19.3888235294118,Chrysler,Automatic 5-spd,8.0,6.4
23887,Large Cars,Regular,Rear-Wheel Drive,15.6957142857143,Dodge,Automatic 5-spd,6.0,3.6
23888,Large Cars,Midgrade,Rear-Wheel Drive,17.3478947368421,Dodge,Automatic 5-spd,8.0,5.7
23889,Large Cars,Midgrade,All-Wheel Drive,18.3116666666667,Dodge,Automatic 5-spd,8.0,5.7
23890,Compact Cars,Regular,Front-Wheel Drive,13.1844,Buick,Automatic 3-spd,4.0,2.0
23891,Large Cars,Gasoline or E85,Rear-Wheel Drive,14.3308695652174,Dodge,Automatic 8-spd,6.0,3.6
23892,Large Cars,Gasoline or E85,All-Wheel Drive,15.6957142857143,Dodge,Automatic 8-spd,6.0,3.6
23893,Large Cars,Premium,Rear-Wheel Drive,19.3888235294118,Dodge,Automatic 5-spd,8.0,6.4
23894,Large Cars,Regular,All-Wheel Drive,16.4805,Ford,Automatic (S6),6.0,3.5
23895,Large Cars,Regular,Front-Wheel Drive,15.6957142857143,Ford,Automatic (S6),6.0,3.5
23896,Large Cars,Regular,Front-Wheel Drive,14.9822727272727,Ford,Automatic 6-spd,6.0,3.5
23897,Large Cars,Regular,All-Wheel Drive,16.4805,Ford,Automatic (S6),6.0,3.5
23898,Large Cars,Regular,Front-Wheel Drive,12.2077777777778,Honda,Manual 5-spd,4.0,2.4
23899,Large Cars,Regular,Front-Wheel Drive,12.6773076923077,Honda,Automatic 5-spd,4.0,2.4
23900,Large Cars,Regular,Front-Wheel Drive,14.3308695652174,Honda,Automatic 5-spd,6.0,3.5
23901,Compact Cars,Regular,Front-Wheel Drive,12.6773076923077,Buick,Manual 5-spd,4.0,2.0
23902,Large Cars,Premium,Rear-Wheel Drive,17.3478947368421,Jaguar,Automatic (S6),8.0,5.0
23903,Large Cars,Premium,Rear-Wheel Drive,19.3888235294118,Jaguar,Automatic (S6),8.0,5.0
23904,Large Cars,Premium,Rear-Wheel Drive,18.3116666666667,Jaguar,Automatic (S6),8.0,5.0
23905,Large Cars,Premium,Rear-Wheel Drive,19.3888235294118,Jaguar,Automatic (S6),8.0,5.0
23906,Large Cars,Regular,All-Wheel Drive,17.3478947368421,Lincoln,Automatic (S6),6.0,3.7
23907,Large Cars,Regular,Front-Wheel Drive,16.4805,Lincoln,Automatic (S6),6.0,3.5
23908,Large Cars,Regular,All-Wheel Drive,16.4805,Lincoln,Automatic (S6),6.0,3.5
23909,Large Cars,Premium,Rear-Wheel Drive,21.974,Maserati,Automatic 6-spd,8.0,4.7
23910,Large Cars,Premium,Rear-Wheel Drive,17.3478947368421,Mercedes-Benz,Automatic 7-spd,8.0,4.7
23911,Large Cars,Premium,Rear-Wheel Drive,15.6957142857143,Mercedes-Benz,Automatic 7-spd,6.0,3.5
23912,Compact Cars,Regular,Front-Wheel Drive,13.73375,Mercury,Automatic 3-spd,4.0,1.6
23913,Compact Cars,Regular,Front-Wheel Drive,14.3308695652174,Buick,Automatic 3-spd,4.0,2.5
23914,Large Cars,Premium,Rear-Wheel Drive,23.5435714285714,Mercedes-Benz,Automatic 5-spd,12.0,5.5
23915,Large Cars,Premium,Rear-Wheel Drive,18.3116666666667,Mercedes-Benz,Automatic 7-spd,8.0,5.5
23916,Large Cars,Premium,4-Wheel Drive,18.3116666666667,Mercedes-Benz,Automatic 7-spd,8.0,4.7
23917,Large Cars,Premium,Rear-Wheel Drive,21.974,Mercedes-Benz,Automatic 5-spd,12.0,6.0
23918,Large Cars,Diesel,4-Wheel Drive,15.924375,Mercedes-Benz,Automatic 7-spd,6.0,3.0
23919,Large Cars,Premium,Rear-Wheel Drive,15.6957142857143,Porsche,Automatic 7-spd,6.0,3.6
23920,Large Cars,Premium,4-Wheel Drive,15.6957142857143,Porsche,Automatic 7-spd,6.0,3.6
23921,Large Cars,Premium,Rear-Wheel Drive,17.3478947368421,Porsche,Automatic 7-spd,8.0,4.8
23922,Large Cars,Premium,All-Wheel Drive,17.3478947368421,Porsche,Automatic 7-spd,8.0,4.8
23923,Large Cars,Premium,All-Wheel Drive,18.3116666666667,Porsche,Automatic 7-spd,8.0,4.8
23924,Compact Cars,Regular,Front-Wheel Drive,14.3308695652174,Buick,Manual 5-spd,4.0,2.5
23925,Large Cars,Premium,All-Wheel Drive,18.3116666666667,Porsche,Automatic 7-spd,8.0,4.8
23926,Large Cars,Premium,Rear-Wheel Drive,13.1844,Porsche,Automatic 8-spd,6.0,3.0
23927,Small Station Wagons,Premium,Front-Wheel Drive,13.73375,Acura,Automatic (S5),4.0,2.4
23928,Small Station Wagons,Regular,All-Wheel Drive,15.6957142857143,Cadillac,Automatic (S6),6.0,3.6
23929,Small Station Wagons,Regular,Front-Wheel Drive,13.73375,Dodge,Automatic (variable gear ratios),4.0,2.0
23930,Small Station Wagons,Regular,Front-Wheel Drive,12.2077777777778,Dodge,Manual 5-spd,4.0,2.0
23931,Small Station Wagons,Regular,Front-Wheel Drive,13.73375,Dodge,Automatic (variable gear ratios),4.0,2.4
23932,Small Station Wagons,Regular,Front-Wheel Drive,11.3658620689655,Honda,Manual 5-spd,4.0,1.5
23933,Small Station Wagons,Regular,Front-Wheel Drive,10.6325806451613,Honda,Automatic 5-spd,4.0,1.5
23934,Small Station Wagons,Regular,Front-Wheel Drive,10.987,Honda,Automatic (S5),4.0,1.5
23935,Compact Cars,Regular,Front-Wheel Drive,16.4805,Buick,Automatic 3-spd,6.0,3.0
23936,Small Station Wagons,Premium,Rear-Wheel Drive,16.4805,Infiniti,Automatic (S7),6.0,3.5
23937,Small Station Wagons,Premium,All-Wheel Drive,17.3478947368421,Infiniti,Automatic (S7),6.0,3.5
23938,Small Station Wagons,Regular,Front-Wheel Drive,11.7717857142857,Kia,Automatic 6-spd,4.0,1.6
23939,Small Station Wagons,Regular,Front-Wheel Drive,12.2077777777778,Kia,Automatic 6-spd,4.0,1.6
23940,Small Station Wagons,Regular,Front-Wheel Drive,12.2077777777778,Kia,Manual 6-spd,4.0,1.6
23941,Small Station Wagons,Regular,Front-Wheel Drive,12.6773076923077,Kia,Automatic 6-spd,4.0,2.0
23942,Small Station Wagons,Regular,Front-Wheel Drive,13.1844,Kia,Automatic 6-spd,4.0,2.0
23943,Small Station Wagons,Regular,Front-Wheel Drive,12.6773076923077,Kia,Manual 6-spd,4.0,2.0
23944,Small Station Wagons,Regular,All-Wheel Drive,12.2077777777778,Subaru,Manual 5-spd,4.0,2.0
23945,Small Station Wagons,Regular,All-Wheel Drive,10.987,Subaru,Automatic (variable gear ratios),4.0,2.0
23946,Compact Cars,Regular,Front-Wheel Drive,14.3308695652174,Cadillac,Automatic 3-spd,4.0,2.0
23947,Small Station Wagons,Premium,All-Wheel Drive,15.6957142857143,Subaru,Manual 5-spd,4.0,2.5
23948,Small Station Wagons,Premium,All-Wheel Drive,17.3478947368421,Subaru,Manual 6-spd,4.0,2.5
23949,Small Station Wagons,Regular,All-Wheel Drive,13.1844,Suzuki,Manual 6-spd,4.0,2.0
23950,Small Station Wagons,Regular,All-Wheel Drive,13.1844,Suzuki,Automatic (variable gear ratios),4.0,2.0
23951,Small Station Wagons,Regular,Front-Wheel Drive,13.1844,Suzuki,Manual 6-spd,4.0,2.0
23952,Small Station Wagons,Regular,Front-Wheel Drive,13.1844,Suzuki,Automatic (variable gear ratios),4.0,2.0
23953,Midsize Station Wagons,Regular,Front-Wheel Drive,8.03926829268293,Toyota,Automatic (variable gear ratios),4.0,1.8
23954,Small Pickup Trucks 2WD,Regular,Rear-Wheel Drive,17.3478947368421,Nissan,Automatic 5-spd,4.0,2.5
23955,Small Pickup Trucks 2WD,Regular,Rear-Wheel Drive,15.6957142857143,Nissan,Manual 5-spd,4.0,2.5
23956,Small Pickup Trucks 2WD,Regular,Rear-Wheel Drive,19.3888235294118,Nissan,Automatic 5-spd,6.0,4.0
23957,Compact Cars,Regular,Front-Wheel Drive,13.1844,Cadillac,Manual 5-spd,4.0,2.0
23958,Small Pickup Trucks 2WD,Regular,Rear-Wheel Drive,19.3888235294118,Nissan,Manual 6-spd,6.0,4.0
23959,Small Pickup Trucks 2WD,Regular,Rear-Wheel Drive,17.3478947368421,Suzuki,Automatic 5-spd,4.0,2.5
23960,Small Pickup Trucks 2WD,Regular,Rear-Wheel Drive,15.6957142857143,Suzuki,Manual 5-spd,4.0,2.5
23961,Small Pickup Trucks 2WD,Regular,Rear-Wheel Drive,19.3888235294118,Suzuki,Automatic 5-spd,6.0,4.0
23962,Small Pickup Trucks 2WD,Regular,Rear-Wheel Drive,15.6957142857143,Toyota,Automatic 4-spd,4.0,2.7
23963,Small Pickup Trucks 2WD,Regular,Rear-Wheel Drive,14.9822727272727,Toyota,Manual 5-spd,4.0,2.7
23964,Small Pickup Trucks 2WD,Regular,Rear-Wheel Drive,17.3478947368421,Toyota,Automatic 5-spd,6.0,4.0
23965,Small Pickup Trucks 2WD,Regular,Rear-Wheel Drive,18.3116666666667,Toyota,Manual 6-spd,6.0,4.0
23966,Small Pickup Trucks 4WD,Regular,4-Wheel Drive,20.600625,Nissan,Automatic 5-spd,6.0,4.0
23967,Small Pickup Trucks 4WD,Regular,4-Wheel Drive,19.3888235294118,Nissan,Manual 6-spd,6.0,4.0
23968,Compact Cars,Regular,Front-Wheel Drive,16.4805,Cadillac,Automatic 3-spd,6.0,2.8
23969,Small Pickup Trucks 4WD,Regular,4-Wheel Drive,20.600625,Suzuki,Automatic 5-spd,6.0,4.0
23970,Small Pickup Trucks 4WD,Regular,Part-time 4-Wheel Drive,17.3478947368421,Toyota,Automatic 4-spd,4.0,2.7
23971,Small Pickup Trucks 4WD,Regular,Part-time 4-Wheel Drive,17.3478947368421,Toyota,Manual 5-spd,4.0,2.7
23972,Small Pickup Trucks 4WD,Regular,Part-time 4-Wheel Drive,18.3116666666667,Toyota,Automatic 5-spd,6.0,4.0
23973,Small Pickup Trucks 4WD,Regular,Part-time 4-Wheel Drive,19.3888235294118,Toyota,Manual 6-spd,6.0,4.0
23974,Standard Pickup Trucks 2WD,Regular,Rear-Wheel Drive,15.6957142857143,Chevrolet,Automatic (variable gear ratios),8.0,6.0
23975,Standard Pickup Trucks 2WD,Gasoline or E85,Rear-Wheel Drive,20.600625,Dodge,Automatic 6-spd,8.0,4.7
23976,Standard Pickup Trucks 2WD,Regular,Rear-Wheel Drive,15.6957142857143,GMC,Automatic (variable gear ratios),8.0,6.0
23977,Standard Pickup Trucks 2WD,Regular,Rear-Wheel Drive,21.974,Nissan,Automatic 5-spd,8.0,5.6
23978,Standard Pickup Trucks 2WD,Regular,Rear-Wheel Drive,18.3116666666667,Toyota,Automatic (S5),6.0,4.0
23979,Compact Cars,Regular,Front-Wheel Drive,16.4805,Cadillac,Manual 5-spd,6.0,2.8
23980,Standard Pickup Trucks 2WD,Regular,Rear-Wheel Drive,19.3888235294118,Toyota,Automatic (S6),8.0,4.6
23981,Standard Pickup Trucks 2WD,Regular,Rear-Wheel Drive,21.974,Toyota,Automatic (S6),8.0,5.7
23982,Standard Pickup Trucks 4WD,Regular,4-Wheel Drive,15.6957142857143,Chevrolet,Automatic (variable gear ratios),8.0,6.0
23983,Standard Pickup Trucks 4WD,Gasoline or E85,4-Wheel Drive,20.600625,Dodge,Automatic 6-spd,8.0,4.7
23984,Standard Pickup Trucks 4WD,Regular,4-Wheel Drive,15.6957142857143,GMC,Automatic (variable gear ratios),8.0,6.0
23985,Standard Pickup Trucks 4WD,Regular,4-Wheel Drive,23.5435714285714,Nissan,Automatic 5-spd,8.0,5.6
23986,Standard Pickup Trucks 4WD,Regular,Part-time 4-Wheel Drive,20.600625,Toyota,Automatic (S6),8.0,4.6
23987,Standard Pickup Trucks 4WD,Regular,Part-time 4-Wheel Drive,21.974,Toyota,Automatic (S6),8.0,5.7
23988,Standard Pickup Trucks 4WD,Gasoline or E85,Part-time 4-Wheel Drive,21.974,Toyota,Automatic (S6),8.0,5.7
23989,"Vans, Cargo Type",Gasoline or E85,Rear-Wheel Drive,27.4675,Chevrolet,Automatic 6-spd,8.0,6.0
23990,Compact Cars,Regular,Front-Wheel Drive,13.73375,Chevrolet,Automatic 3-spd,4.0,2.0
23991,"Vans, Cargo Type",Gasoline or E85,Rear-Wheel Drive,27.4675,Chevrolet,Automatic 6-spd,8.0,6.0
23992,"Vans, Cargo Type",Gasoline or E85,Rear-Wheel Drive,27.4675,Chevrolet,Automatic 6-spd,8.0,6.0
23993,"Vans, Cargo Type",Regular,Rear-Wheel Drive,27.4675,Ford,Automatic 5-spd,10.0,6.8
23994,"Vans, Cargo Type",Gasoline or E85,Rear-Wheel Drive,21.974,Ford,Automatic 4-spd,8.0,4.6
23995,"Vans, Cargo Type",Gasoline or E85,Rear-Wheel Drive,21.974,Ford,Automatic 4-spd,8.0,4.6
23996,"Vans, Cargo Type",Gasoline or E85,Rear-Wheel Drive,23.5435714285714,Ford,Automatic 4-spd,8.0,5.4
23997,"Vans, Cargo Type",Gasoline or E85,Rear-Wheel Drive,23.5435714285714,Ford,Automatic 4-spd,8.0,5.4
23998,"Vans, Cargo Type",Gasoline or E85,Rear-Wheel Drive,25.3546153846154,Ford,Automatic 4-spd,8.0,5.4
23999,"Vans, Cargo Type",Gasoline or E85,Rear-Wheel Drive,27.4675,GMC,Automatic 6-spd,8.0,6.0
24000,"Vans, Cargo Type",Gasoline or E85,Rear-Wheel Drive,27.4675,GMC,Automatic 6-spd,8.0,6.0
24001,Compact Cars,Regular,Front-Wheel Drive,13.1844,Chevrolet,Manual 5-spd,4.0,2.0
24002,"Vans, Cargo Type",Gasoline or E85,Rear-Wheel Drive,27.4675,GMC,Automatic 6-spd,8.0,6.0
24003,"Vans, Passenger Type",Gasoline or E85,Rear-Wheel Drive,25.3546153846154,Chevrolet,Automatic 6-spd,8.0,4.8
24004,"Vans, Passenger Type",Gasoline or E85,Rear-Wheel Drive,25.3546153846154,Chevrolet,Automatic 6-spd,8.0,4.8
24005,"Vans, Passenger Type",Gasoline or E85,Rear-Wheel Drive,25.3546153846154,Chevrolet,Automatic 6-spd,8.0,6.0
24006,"Vans, Passenger Type",Gasoline or E85,Rear-Wheel Drive,27.4675,Chevrolet,Automatic 6-spd,8.0,6.0
24007,"Vans, Passenger Type",Regular,Rear-Wheel Drive,29.9645454545455,Ford,Automatic 5-spd,10.0,6.8
24008,"Vans, Passenger Type",Gasoline or E85,Rear-Wheel Drive,23.5435714285714,Ford,Automatic 4-spd,8.0,4.6
24009,"Vans, Passenger Type",Gasoline or E85,Rear-Wheel Drive,25.3546153846154,Ford,Automatic 4-spd,8.0,5.4
24010,"Vans, Passenger Type",Gasoline or E85,Rear-Wheel Drive,25.3546153846154,Ford,Automatic 4-spd,8.0,5.4
24011,"Vans, Passenger Type",Gasoline or E85,Rear-Wheel Drive,25.3546153846154,GMC,Automatic 6-spd,8.0,4.8
24012,Compact Cars,Regular,Front-Wheel Drive,16.4805,Chevrolet,Automatic 3-spd,6.0,2.8
24013,"Vans, Passenger Type",Gasoline or E85,Rear-Wheel Drive,25.3546153846154,GMC,Automatic 6-spd,8.0,4.8
24014,"Vans, Passenger Type",Gasoline or E85,Rear-Wheel Drive,25.3546153846154,GMC,Automatic 6-spd,8.0,6.0
24015,"Vans, Passenger Type",Gasoline or E85,Rear-Wheel Drive,27.4675,GMC,Automatic 6-spd,8.0,6.0
24016,Special Purpose Vehicle 2WD,Electricity,Front-Wheel Drive,0.324,Azure Dynamics,Automatic (A1),,
24017,Special Purpose Vehicle 2WD,Electricity,Front-Wheel Drive,0.324,Azure Dynamics,Automatic (A1),,
24018,Minivan - 2WD,Regular,Front-Wheel Drive,15.6957142857143,Honda,Automatic 5-spd,6.0,3.5
24019,Minivan - 2WD,Regular,Front-Wheel Drive,14.9822727272727,Honda,Automatic 6-spd,6.0,3.5
24020,Minivan - 2WD,Regular,Front-Wheel Drive,15.6957142857143,Toyota,Automatic (S6),4.0,2.7
24021,Minivan - 2WD,Regular,Front-Wheel Drive,15.6957142857143,Toyota,Automatic (S6),6.0,3.5
24022,Minivan - 4WD,Regular,All-Wheel Drive,17.3478947368421,Toyota,Automatic (S6),6.0,3.5
24023,Compact Cars,Regular,Front-Wheel Drive,12.2077777777778,Mercury,Manual 4-spd,4.0,1.6
24024,Compact Cars,Regular,Front-Wheel Drive,16.4805,Chevrolet,Manual 5-spd,6.0,2.8
24025,Sport Utility Vehicle - 2WD,Premium,Front-Wheel Drive,15.6957142857143,Acura,Automatic (S5),4.0,2.3
24026,Sport Utility Vehicle - 2WD,Regular,Rear-Wheel Drive,15.6957142857143,Cadillac,Automatic (variable gear ratios),8.0,6.0
24027,Sport Utility Vehicle - 2WD,Regular,Front-Wheel Drive,14.3308695652174,Chevrolet,Automatic 6-spd,4.0,2.4
24028,Sport Utility Vehicle - 2WD,Regular,Rear-Wheel Drive,15.6957142857143,Chevrolet,Automatic (variable gear ratios),8.0,6.0
24029,Sport Utility Vehicle - 2WD,Regular,Rear-Wheel Drive,27.4675,Chevrolet,Automatic 6-spd,8.0,6.0
24030,Sport Utility Vehicle - 2WD,Regular,Front-Wheel Drive,13.73375,Ford,Automatic 6-spd,4.0,2.0
24031,Sport Utility Vehicle - 2WD,Regular,Front-Wheel Drive,14.3308695652174,Ford,Automatic 6-spd,4.0,2.0
24032,Sport Utility Vehicle - 2WD,Regular,Front-Wheel Drive,14.9822727272727,Ford,Automatic (S6),6.0,3.5
24033,Sport Utility Vehicle - 2WD,Regular,Front-Wheel Drive,15.6957142857143,Ford,Automatic (S6),6.0,3.7
24034,Sport Utility Vehicle - 2WD,Regular,Front-Wheel Drive,16.4805,Ford,Automatic (S6),6.0,3.5
24035,Compact Cars,Regular,Front-Wheel Drive,13.73375,Chevrolet,Automatic 3-spd,4.0,2.0
24036,Sport Utility Vehicle - 2WD,Gasoline or E85,Rear-Wheel Drive,20.600625,Ford,Automatic 6-spd,8.0,5.4
24037,Sport Utility Vehicle - 2WD,Regular,Rear-Wheel Drive,15.6957142857143,GMC,Automatic (variable gear ratios),8.0,6.0
24038,Sport Utility Vehicle - 2WD,Regular,Rear-Wheel Drive,27.4675,GMC,Automatic 6-spd,8.0,6.0
24039,Sport Utility Vehicle - 2WD,Regular,Front-Wheel Drive,15.6957142857143,Honda,Automatic 5-spd,6.0,3.5
24040,Sport Utility Vehicle - 2WD,Regular,Front-Wheel Drive,16.4805,Honda,Automatic 5-spd,6.0,3.5
24041,Sport Utility Vehicle - 2WD,Regular,Front-Wheel Drive,17.3478947368421,Hyundai,Automatic 6-spd,6.0,3.8
24042,Sport Utility Vehicle - 2WD,Premium,Rear-Wheel Drive,20.600625,Infiniti,Automatic (S7),8.0,5.6
24043,Sport Utility Vehicle - 2WD,Midgrade,Rear-Wheel Drive,20.600625,Jeep,Automatic 6-spd,8.0,5.7
24044,Sport Utility Vehicle - 2WD,Regular,Front-Wheel Drive,13.1844,Jeep,Manual 5-spd,4.0,2.0
24045,Sport Utility Vehicle - 2WD,Regular,Front-Wheel Drive,13.1844,Jeep,Manual 5-spd,4.0,2.0
24046,Compact Cars,Regular,Front-Wheel Drive,13.1844,Chevrolet,Manual 4-spd,4.0,2.0
24047,Sport Utility Vehicle - 2WD,Regular,Front-Wheel Drive,14.3308695652174,Jeep,Automatic (variable gear ratios),4.0,2.4
24048,Sport Utility Vehicle - 2WD,Regular,Front-Wheel Drive,14.3308695652174,Jeep,Automatic (variable gear ratios),4.0,2.4
24049,Sport Utility Vehicle - 2WD,Regular,Front-Wheel Drive,13.73375,Jeep,Automatic (variable gear ratios),4.0,2.0
24050,Sport Utility Vehicle - 2WD,Regular,Front-Wheel Drive,13.73375,Jeep,Automatic (variable gear ratios),4.0,2.0
24051,Sport Utility Vehicle - 2WD,Regular,Front-Wheel Drive,13.1844,Jeep,Manual 5-spd,4.0,2.4
24052,Sport Utility Vehicle - 2WD,Regular,Front-Wheel Drive,13.1844,Jeep,Manual 5-spd,4.0,2.4
24053,Sport Utility Vehicle - 2WD,Premium,Front-Wheel Drive,11.3658620689655,Lexus,Auto(AV-S6),6.0,3.5
24054,Sport Utility Vehicle - 2WD,Regular,Front-Wheel Drive,15.6957142857143,Lexus,Automatic (S6),6.0,3.5
24055,Sport Utility Vehicle - 4WD,Gasoline or E85,Part-time 4-Wheel Drive,21.974,Lincoln,Automatic 6-spd,8.0,5.4
24056,Sport Utility Vehicle - 2WD,Regular,Front-Wheel Drive,15.6957142857143,Lincoln,Automatic (S6),6.0,3.7
24057,Compact Cars,Regular,Front-Wheel Drive,13.1844,Chevrolet,Manual 5-spd,4.0,2.0
24058,Sport Utility Vehicle - 2WD,Gasoline or E85,Rear-Wheel Drive,20.600625,Lincoln,Automatic 6-spd,8.0,5.4
24059,Sport Utility Vehicle - 2WD,Regular,Front-Wheel Drive,17.3478947368421,Mazda,Automatic (S6),6.0,3.7
24060,Sport Utility Vehicle - 2WD,Regular,Front-Wheel Drive,13.1844,Mitsubishi,Auto(AV-S6),4.0,2.4
24061,Sport Utility Vehicle - 2WD,Premium,Front-Wheel Drive,14.9822727272727,Mitsubishi,Automatic (S6),6.0,3.0
24062,Sport Utility Vehicle - 2WD,Premium,Rear-Wheel Drive,19.3888235294118,Nissan,Automatic 5-spd,6.0,4.0
24063,Sport Utility Vehicle - 2WD,Regular,Rear-Wheel Drive,21.974,Nissan,Automatic 5-spd,8.0,5.6
24064,Sport Utility Vehicle - 2WD,Regular,Rear-Wheel Drive,18.3116666666667,Nissan,Automatic 5-spd,6.0,4.0
24065,Sport Utility Vehicle - 2WD,Regular,Front-Wheel Drive,16.4805,Saab,Automatic (S6),6.0,3.0
24066,Sport Utility Vehicle - 2WD,Regular,Rear-Wheel Drive,14.9822727272727,Suzuki,Manual 5-spd,4.0,2.4
24067,Sport Utility Vehicle - 2WD,Regular,Rear-Wheel Drive,15.6957142857143,Suzuki,Automatic 4-spd,4.0,2.4
24068,Compact Cars,Regular,Front-Wheel Drive,16.4805,Chevrolet,Automatic 3-spd,6.0,2.8
24069,Sport Utility Vehicle - 2WD,Regular,Front-Wheel Drive,14.9822727272727,Toyota,Automatic (S6),4.0,2.7
24070,Sport Utility Vehicle - 2WD,Regular,Front-Wheel Drive,16.4805,Toyota,Automatic (S5),6.0,3.5
24071,Sport Utility Vehicle - 2WD,Regular,Rear-Wheel Drive,17.3478947368421,Toyota,Automatic 5-spd,6.0,4.0
24072,Sport Utility Vehicle - 2WD,Regular,Rear-Wheel Drive,20.600625,Toyota,Automatic (S6),8.0,4.6
24073,Sport Utility Vehicle - 2WD,Regular,Rear-Wheel Drive,21.974,Toyota,Automatic (S6),8.0,5.7
24074,Sport Utility Vehicle - 4WD,Premium,All-Wheel Drive,17.3478947368421,Acura,Automatic (S6),6.0,3.7
24075,Sport Utility Vehicle - 4WD,Premium,All-Wheel Drive,17.3478947368421,Acura,Automatic (S5),4.0,2.3
24076,Sport Utility Vehicle - 4WD,Premium,All-Wheel Drive,18.3116666666667,Acura,Automatic (S6),6.0,3.7
24077,Sport Utility Vehicle - 4WD,Regular,4-Wheel Drive,15.6957142857143,Cadillac,Automatic (variable gear ratios),8.0,6.0
24078,Sport Utility Vehicle - 4WD,Gasoline or E85,All-Wheel Drive,23.5435714285714,Cadillac,Automatic 6-spd,8.0,6.2
24079,Compact Cars,Regular,Front-Wheel Drive,16.4805,Chevrolet,Manual 5-spd,6.0,2.8
24080,Sport Utility Vehicle - 4WD,Gasoline or E85,All-Wheel Drive,23.5435714285714,Cadillac,Automatic 6-spd,8.0,6.2
24081,Sport Utility Vehicle - 4WD,Regular,4-Wheel Drive,15.6957142857143,Chevrolet,Automatic (variable gear ratios),8.0,6.0
24082,Sport Utility Vehicle - 4WD,Regular,4-Wheel Drive,27.4675,Chevrolet,Automatic 6-spd,8.0,6.0
24083,Sport Utility Vehicle - 4WD,Regular,All-Wheel Drive,17.3478947368421,Ford,Automatic (S6),6.0,3.7
24084,Sport Utility Vehicle - 4WD,Regular,All-Wheel Drive,16.4805,Ford,Automatic (S6),6.0,3.5
24085,Sport Utility Vehicle - 4WD,Gasoline or E85,Part-time 4-Wheel Drive,21.974,Ford,Automatic 6-spd,8.0,5.4
24086,Sport Utility Vehicle - 4WD,Regular,All-Wheel Drive,17.3478947368421,Ford,Automatic (S6),6.0,3.5
24087,Sport Utility Vehicle - 4WD,Regular,4-Wheel Drive,27.4675,GMC,Automatic 6-spd,8.0,6.0
24088,Sport Utility Vehicle - 4WD,Regular,4-Wheel Drive,15.6957142857143,GMC,Automatic (variable gear ratios),8.0,6.0
24089,Sport Utility Vehicle - 4WD,Gasoline or E85,All-Wheel Drive,23.5435714285714,GMC,Automatic 6-spd,8.0,6.2
24090,Compact Cars,Regular,Front-Wheel Drive,13.73375,Chevrolet,Automatic 3-spd,4.0,2.0
24091,Sport Utility Vehicle - 4WD,Regular,4-Wheel Drive,15.6957142857143,GMC,Automatic (variable gear ratios),8.0,6.0
24092,Sport Utility Vehicle - 4WD,Regular,All-Wheel Drive,15.6957142857143,Honda,Automatic 5-spd,6.0,3.5
24093,Sport Utility Vehicle - 4WD,Regular,All-Wheel Drive,16.4805,Honda,Automatic 5-spd,6.0,3.5
24094,Sport Utility Vehicle - 4WD,Regular,4-Wheel Drive,18.3116666666667,Hyundai,Automatic 6-spd,6.0,3.8
24095,Sport Utility Vehicle - 4WD,Premium,4-Wheel Drive,20.600625,Infiniti,Automatic (S7),8.0,5.6
24096,Sport Utility Vehicle - 4WD,Regular,4-Wheel Drive,13.73375,Jeep,Manual 5-spd,4.0,2.4
24097,Sport Utility Vehicle - 4WD,Regular,4-Wheel Drive,13.73375,Jeep,Manual 5-spd,4.0,2.4
24098,Sport Utility Vehicle - 4WD,Regular,4-Wheel Drive,14.3308695652174,Jeep,Automatic (variable gear ratios),4.0,2.4
24099,Sport Utility Vehicle - 4WD,Regular,4-Wheel Drive,14.3308695652174,Jeep,Automatic (variable gear ratios),4.0,2.4
24100,Sport Utility Vehicle - 4WD,Regular,4-Wheel Drive,15.6957142857143,Jeep,Automatic (variable gear ratios),4.0,2.4
24101,Compact Cars,Regular,Front-Wheel Drive,13.1844,Chevrolet,Manual 5-spd,4.0,2.0
24102,Sport Utility Vehicle - 4WD,Regular,4-Wheel Drive,15.6957142857143,Jeep,Automatic (variable gear ratios),4.0,2.4
24103,Sport Utility Vehicle - 4WD,Premium,All-Wheel Drive,11.7717857142857,Lexus,Auto(AV-S6),6.0,3.5
24104,Sport Utility Vehicle - 4WD,Regular,All-Wheel Drive,16.4805,Lexus,Automatic (S6),6.0,3.5
24105,Sport Utility Vehicle - 4WD,Premium,4-Wheel Drive,19.3888235294118,Lexus,Automatic (S6),8.0,4.6
24106,Sport Utility Vehicle - 4WD,Regular,All-Wheel Drive,17.3478947368421,Lincoln,Automatic (S6),6.0,3.7
24107,Sport Utility Vehicle - 4WD,Regular,4-Wheel Drive,17.3478947368421,Mazda,Automatic (S6),6.0,3.7
24108,Sport Utility Vehicle - 4WD,Premium,4-Wheel Drive,17.3478947368421,Mercedes-Benz,Automatic 7-spd,6.0,3.5
24109,Sport Utility Vehicle - 4WD,Diesel,4-Wheel Drive,17.3720454545455,Mercedes-Benz,Automatic 7-spd,6.0,3.0
24110,Sport Utility Vehicle - 4WD,Premium,4-Wheel Drive,18.3116666666667,Mercedes-Benz,Automatic 7-spd,6.0,3.5
24111,Sport Utility Vehicle - 4WD,Regular,4-Wheel Drive,13.73375,Mitsubishi,Auto(AV-S6),4.0,2.4
24112,Compact Cars,Regular,Front-Wheel Drive,16.4805,Chevrolet,Automatic 3-spd,6.0,2.8
24113,Sport Utility Vehicle - 4WD,Premium,4-Wheel Drive,15.6957142857143,Mitsubishi,Automatic (S6),6.0,3.0
24114,Sport Utility Vehicle - 4WD,Regular,4-Wheel Drive,19.3888235294118,Nissan,Automatic 5-spd,6.0,4.0
24115,Sport Utility Vehicle - 4WD,Premium,4-Wheel Drive,20.600625,Nissan,Automatic 5-spd,6.0,4.0
24116,Sport Utility Vehicle - 4WD,Premium,4-Wheel Drive,21.974,Nissan,Automatic (S5),8.0,5.6
24117,Sport Utility Vehicle - 4WD,Regular,4-Wheel Drive,23.5435714285714,Nissan,Automatic 5-spd,8.0,5.6
24118,Sport Utility Vehicle - 4WD,Regular,All-Wheel Drive,18.3116666666667,Saab,Automatic (S6),6.0,2.8
24119,Sport Utility Vehicle - 4WD,Regular,All-Wheel Drive,14.9822727272727,Subaru,Manual 6-spd,4.0,2.5
24120,Sport Utility Vehicle - 4WD,Regular,All-Wheel Drive,13.73375,Subaru,Automatic (variable gear ratios),4.0,2.5
24121,Sport Utility Vehicle - 4WD,Regular,All-Wheel Drive,14.3308695652174,Subaru,Manual 5-spd,4.0,2.5
24122,Sport Utility Vehicle - 4WD,Regular,All-Wheel Drive,14.3308695652174,Subaru,Automatic (S4),4.0,2.5
24123,Compact Cars,Regular,Front-Wheel Drive,16.4805,Chevrolet,Manual 5-spd,6.0,2.8
24124,Sport Utility Vehicle - 4WD,Premium,All-Wheel Drive,15.6957142857143,Subaru,Automatic (S4),4.0,2.5
24125,Sport Utility Vehicle - 4WD,Regular,All-Wheel Drive,16.4805,Subaru,Automatic (S5),6.0,3.6
24126,Sport Utility Vehicle - 4WD,Regular,All-Wheel Drive,18.3116666666667,Subaru,Automatic (S5),6.0,3.6
24127,Sport Utility Vehicle - 4WD,Regular,4-Wheel Drive,16.4805,Suzuki,Automatic 4-spd,4.0,2.4
24128,Sport Utility Vehicle - 4WD,Regular,All-Wheel Drive,17.3478947368421,Toyota,Automatic (S5),6.0,3.5
24129,Sport Utility Vehicle - 4WD,Regular,All-Wheel Drive,11.7717857142857,Toyota,Automatic (variable gear ratios),6.0,3.5
24130,Sport Utility Vehicle - 4WD,Regular,Part-time 4-Wheel Drive,18.3116666666667,Toyota,Automatic 5-spd,6.0,4.0
24131,Sport Utility Vehicle - 4WD,Regular,4-Wheel Drive,20.600625,Toyota,Manual 6-spd,6.0,4.0
24132,Sport Utility Vehicle - 4WD,Regular,Part-time 4-Wheel Drive,21.974,Toyota,Automatic (S6),8.0,4.6
24133,Sport Utility Vehicle - 4WD,Regular,Part-time 4-Wheel Drive,23.5435714285714,Toyota,Automatic (S6),8.0,5.7
24134,Two Seaters,Regular,Rear-Wheel Drive,12.6773076923077,Toyota,Manual 5-spd,4.0,1.6
24135,Compact Cars,Regular,Front-Wheel Drive,9.98818181818182,Mercury,Manual 4-spd,4.0,1.6
24136,Compact Cars,Regular,Front-Wheel Drive,12.6773076923077,Chevrolet,Automatic 3-spd,4.0,1.6
24137,Sport Utility Vehicle - 4WD,Gasoline or E85,Part-time 4-Wheel Drive,21.974,Toyota,Automatic (S6),8.0,5.7
24138,Sport Utility Vehicle - 4WD,Regular,4-Wheel Drive,18.3116666666667,Jeep,Automatic 5-spd,6.0,3.6
24139,Sport Utility Vehicle - 4WD,Regular,4-Wheel Drive,18.3116666666667,Jeep,Automatic 5-spd,6.0,3.6
24140,Sport Utility Vehicle - 4WD,Regular,4-Wheel Drive,18.3116666666667,Jeep,Manual 6-spd,6.0,3.6
24141,Sport Utility Vehicle - 4WD,Regular,4-Wheel Drive,18.3116666666667,Jeep,Manual 6-spd,6.0,3.6
24142,Midsize Cars,Regular,Front-Wheel Drive,9.15583333333333,Kia,Automatic 6-spd,4.0,2.4
24143,Two Seaters,Premium,Rear-Wheel Drive,12.6773076923077,BMW,Automatic 8-spd,4.0,2.0
24144,Two Seaters,Premium,Rear-Wheel Drive,12.2077777777778,BMW,Manual 6-spd,4.0,2.0
24145,Two Seaters,Premium,Rear-Wheel Drive,15.6957142857143,BMW,Manual 6-spd,6.0,3.0
24146,Two Seaters,Premium,Rear-Wheel Drive,17.3478947368421,BMW,Automatic (S7),6.0,3.0
24147,Compact Cars,Regular,Front-Wheel Drive,11.7717857142857,Chevrolet,Manual 5-spd,4.0,1.6
24148,Two Seaters,Premium,Rear-Wheel Drive,17.3478947368421,BMW,Automatic (S7),6.0,3.0
24149,Two Seaters,Regular,Front-Wheel Drive,9.69441176470588,Honda,Manual 6-spd,4.0,1.5
24150,Two Seaters,Regular,Front-Wheel Drive,9.15583333333333,Honda,Auto(AV-S7),4.0,1.5
24151,Two Seaters,Premium,Rear-Wheel Drive,18.3116666666667,McLaren Automotive,Automatic 7-spd,8.0,3.8
24152,Two Seaters,Premium,Rear-Wheel Drive,14.9822727272727,Nissan,Automatic (S7),6.0,3.7
24153,Two Seaters,Premium,Rear-Wheel Drive,15.6957142857143,Nissan,Manual 6-spd,6.0,3.7
24154,Two Seaters,Premium,Rear-Wheel Drive,16.4805,Nissan,Automatic (S7),6.0,3.7
24155,Two Seaters,Premium,Rear-Wheel Drive,16.4805,Nissan,Manual 6-spd,6.0,3.7
24156,Subcompact Cars,Premium or E85,All-Wheel Drive,23.5435714285714,Bentley,Automatic (S6),12.0,6.0
24157,Subcompact Cars,Premium,Rear-Wheel Drive,15.6957142857143,BMW,Automatic (S6),6.0,3.0
24158,Compact Cars,Regular,Front-Wheel Drive,18.3116666666667,Nissan,Automatic 4-spd,6.0,3.0
24159,Subcompact Cars,Premium,Rear-Wheel Drive,14.9822727272727,BMW,Manual 6-spd,6.0,3.0
24160,Subcompact Cars,Premium,All-Wheel Drive,16.4805,BMW,Automatic (S6),6.0,3.0
24161,Subcompact Cars,Premium,All-Wheel Drive,16.4805,BMW,Manual 6-spd,6.0,3.0
24162,Subcompact Cars,Premium,Rear-Wheel Drive,15.6957142857143,BMW,Automatic (S6),6.0,3.0
24163,Subcompact Cars,Premium,Rear-Wheel Drive,16.4805,BMW,Manual 6-spd,6.0,3.0
24164,Subcompact Cars,Premium,Rear-Wheel Drive,14.9822727272727,BMW,Automatic (S6),6.0,3.0
24165,Subcompact Cars,Premium,Rear-Wheel Drive,14.9822727272727,BMW,Manual 6-spd,6.0,3.0
24166,Subcompact Cars,Premium,All-Wheel Drive,15.6957142857143,BMW,Automatic (S6),6.0,3.0
24167,Subcompact Cars,Premium,All-Wheel Drive,14.9822727272727,BMW,Manual 6-spd,6.0,3.0
24168,Subcompact Cars,Premium,Rear-Wheel Drive,17.3478947368421,BMW,Automatic (S7),6.0,3.0
24169,Compact Cars,Regular,Front-Wheel Drive,17.3478947368421,Nissan,Manual 5-spd,6.0,3.0
24170,Subcompact Cars,Premium,Rear-Wheel Drive,15.6957142857143,BMW,Manual 6-spd,6.0,3.0
24171,Subcompact Cars,Premium,Rear-Wheel Drive,17.3478947368421,BMW,Automatic (S7),6.0,3.0
24172,Subcompact Cars,Premium,Rear-Wheel Drive,15.6957142857143,BMW,Manual 6-spd,6.0,3.0
24173,Subcompact Cars,Premium,Rear-Wheel Drive,14.9822727272727,BMW,Automatic (S6),6.0,3.0
24174,Subcompact Cars,Premium,Rear-Wheel Drive,14.9822727272727,BMW,Manual 6-spd,6.0,3.0
24175,Midsize Cars,Regular,Front-Wheel Drive,10.3003125,Chevrolet,Manual 6-spd,4.0,1.4
24176,Subcompact Cars,Premium,Rear-Wheel Drive,16.4805,Infiniti,Automatic (S7),6.0,3.7
24177,Subcompact Cars,Premium,Rear-Wheel Drive,17.3478947368421,Infiniti,Manual 6-spd,6.0,3.7
24178,Subcompact Cars,Premium,Rear-Wheel Drive,17.3478947368421,Infiniti,Manual 6-spd,6.0,3.7
24179,Subcompact Cars,Premium,Rear-Wheel Drive,14.9822727272727,Infiniti,Automatic (S7),6.0,3.7
24180,Compact Cars,Regular,Front-Wheel Drive,13.73375,Nissan,Automatic 3-spd,4.0,1.6
24181,Subcompact Cars,Premium,All-Wheel Drive,16.4805,Infiniti,Automatic (S7),6.0,3.7
24182,Subcompact Cars,Premium,Rear-Wheel Drive,18.3116666666667,Lexus,Automatic (S8),8.0,5.0
24183,Subcompact Cars,Premium,Rear-Wheel Drive,13.1844,Mercedes-Benz,Automatic 7-spd,4.0,1.8
24184,Subcompact Cars,Premium,Rear-Wheel Drive,15.6957142857143,Mercedes-Benz,Automatic 7-spd,8.0,4.7
24185,Subcompact Cars,Premium,Rear-Wheel Drive,17.3478947368421,Mercedes-Benz,Automatic 7-spd,8.0,4.7
24186,Subcompact Cars,Regular,Front-Wheel Drive,11.3658620689655,Scion,Automatic 4-spd,4.0,1.8
24187,Subcompact Cars,Regular,Front-Wheel Drive,11.3658620689655,Scion,Manual 5-spd,4.0,1.8
24188,Subcompact Cars,Premium,Front-Wheel Drive,13.73375,Volkswagen,Manual 6-spd,4.0,2.0
24189,Subcompact Cars,Regular,Front-Wheel Drive,13.1844,Volkswagen,Manual 5-spd,5.0,2.5
24190,Compact Cars,Premium,Rear-Wheel Drive,12.6773076923077,BMW,Automatic (S8),6.0,3.0
24191,Compact Cars,Regular,Front-Wheel Drive,12.2077777777778,Nissan,Manual 5-spd,4.0,1.6
24192,Compact Cars,Premium,Rear-Wheel Drive,14.3308695652174,BMW,Automatic (S8),6.0,3.0
24193,Compact Cars,Premium,All-Wheel Drive,19.3888235294118,BMW,Automatic (S8),8.0,4.4
24194,Compact Cars,Regular,Front-Wheel Drive,10.3003125,Chevrolet,Manual 6-spd,4.0,1.4
24195,Compact Cars,Regular,Front-Wheel Drive,8.03926829268293,Honda,Automatic (variable gear ratios),4.0,1.3
24196,Compact Cars,Regular,Front-Wheel Drive,8.03926829268293,Honda,Auto(AV-S7),4.0,1.3
24197,Compact Cars,Regular,Front-Wheel Drive,9.69441176470588,Lexus,Automatic (variable gear ratios),4.0,2.4
24198,Compact Cars,Regular,Front-Wheel Drive,10.987,Mazda,Manual 6-spd,4.0,2.0
24199,Compact Cars,Regular,Front-Wheel Drive,10.3003125,Mazda,Automatic (S6),4.0,2.0
24200,Compact Cars,Regular,Front-Wheel Drive,11.7717857142857,Mitsubishi,Manual 5-spd,4.0,2.0
24201,Compact Cars,Regular,Front-Wheel Drive,11.7717857142857,Mitsubishi,Auto(AV-S6),4.0,2.0
24202,Compact Cars,Regular,Front-Wheel Drive,15.6957142857143,Nissan,Automatic 4-spd,4.0,2.0
24203,Compact Cars,Regular,Front-Wheel Drive,13.1844,Mitsubishi,Manual 5-spd,4.0,2.4
24204,Compact Cars,Regular,Front-Wheel Drive,12.6773076923077,Mitsubishi,Auto(AV-S6),4.0,2.4
24205,Compact Cars,Premium,All-Wheel Drive,16.4805,Mitsubishi,Auto(AM6),4.0,2.0
24206,Compact Cars,Regular,All-Wheel Drive,13.1844,Mitsubishi,Auto(AV-S6),4.0,2.4
24207,Compact Cars,Premium,All-Wheel Drive,17.3478947368421,Mitsubishi,Manual 5-spd,4.0,2.0
24208,Compact Cars,Premium,All-Wheel Drive,17.3478947368421,Mitsubishi,Auto(AM6),4.0,2.0
24209,Midsize Cars,Premium,All-Wheel Drive,16.4805,Acura,Automatic (S6),6.0,3.7
24210,Midsize Cars,Premium,Rear-Wheel Drive,12.2077777777778,BMW,Automatic 8-spd,4.0,2.0
24211,Midsize Cars,Premium,All-Wheel Drive,12.6773076923077,BMW,Automatic 8-spd,4.0,2.0
24212,Midsize Cars,Premium,Rear-Wheel Drive,14.3308695652174,BMW,Automatic (S8),6.0,3.0
24213,Compact Cars,Regular,Front-Wheel Drive,14.9822727272727,Nissan,Manual 5-spd,4.0,2.0
24214,Midsize Cars,Premium,Rear-Wheel Drive,14.3308695652174,BMW,Manual 6-spd,6.0,3.0
24215,Midsize Cars,Premium,All-Wheel Drive,13.73375,BMW,Automatic (S8),6.0,3.0
24216,Midsize Cars,Premium,All-Wheel Drive,19.3888235294118,BMW,Automatic (S8),8.0,4.4
24217,Midsize Cars,Premium,Rear-Wheel Drive,16.4805,BMW,Automatic (S8),8.0,4.4
24218,Midsize Cars,Premium,Rear-Wheel Drive,14.9822727272727,Infiniti,Automatic (S7),6.0,3.7
24219,Midsize Cars,Premium,Rear-Wheel Drive,17.3478947368421,Infiniti,Manual 6-spd,6.0,3.7
24220,Midsize Cars,Premium,All-Wheel Drive,16.4805,Infiniti,Automatic (S7),6.0,3.7
24221,Midsize Cars,Premium,Rear-Wheel Drive,14.3308695652174,Infiniti,Automatic (S7),6.0,2.5
24222,Midsize Cars,Premium,All-Wheel Drive,14.9822727272727,Infiniti,Automatic (S7),6.0,2.5
24223,Midsize Cars,Regular,Front-Wheel Drive,14.9822727272727,Lexus,Automatic (S6),6.0,3.5
24224,Compact Cars,Regular,Front-Wheel Drive,14.9822727272727,Dodge,Automatic 3-spd,4.0,2.2
24225,Midsize Cars,Premium,Rear-Wheel Drive,17.3478947368421,Lexus,Automatic (S8),8.0,4.6
24226,Midsize Cars,Premium,All-Wheel Drive,18.3116666666667,Lexus,Automatic (S8),8.0,4.6
24227,Midsize Cars,Premium,Rear-Wheel Drive,17.3478947368421,Lexus,Automatic (S8),8.0,4.6
24228,Midsize Cars,Premium,All-Wheel Drive,18.3116666666667,Lexus,Automatic (S8),8.0,4.6
24229,Midsize Cars,Premium,All-Wheel Drive,16.4805,Lexus,Auto(AV-S8),8.0,5.0
24230,Midsize Cars,Regular,Front-Wheel Drive,10.987,Mazda,Manual 6-spd,4.0,2.0
24231,Midsize Cars,Regular,Front-Wheel Drive,10.6325806451613,Mazda,Automatic (S6),4.0,2.0
24232,Midsize Cars,Premium,Rear-Wheel Drive,14.3308695652174,Mercedes-Benz,Automatic 7-spd,6.0,3.5
24233,Midsize Cars,Diesel,Rear-Wheel Drive,15.2874,Mercedes-Benz,Automatic 7-spd,6.0,3.0
24234,Midsize Cars,Premium,4-Wheel Drive,14.9822727272727,Mercedes-Benz,Automatic 7-spd,6.0,3.5
24235,Compact Cars,Regular,Front-Wheel Drive,13.1844,Dodge,Manual 5-spd,4.0,2.2
24236,Midsize Cars,Premium,4-Wheel Drive,16.4805,Mercedes-Benz,Automatic 7-spd,8.0,4.7
24237,Midsize Cars,Premium,Rear-Wheel Drive,17.3478947368421,Mercedes-Benz,Automatic 7-spd,8.0,5.5
24238,Midsize Cars,Regular,Front-Wheel Drive,8.24025,Toyota,Automatic (variable gear ratios),4.0,2.5
24239,Midsize Cars,Regular,Front-Wheel Drive,8.45153846153846,Toyota,Automatic (variable gear ratios),4.0,2.5
24240,Large Cars,Premium,Rear-Wheel Drive,14.9822727272727,BMW,Automatic (S8),6.0,3.0
24241,Large Cars,Premium,All-Wheel Drive,15.6957142857143,BMW,Automatic (S8),6.0,3.0
24242,Large Cars,Premium,Rear-Wheel Drive,18.3116666666667,BMW,Automatic (S8),8.0,4.4
24243,Large Cars,Premium,All-Wheel Drive,19.3888235294118,BMW,Automatic (S8),8.0,4.4
24244,Large Cars,Premium,Rear-Wheel Drive,16.4805,BMW,Automatic (S8),8.0,4.4
24245,Large Cars,Premium,Rear-Wheel Drive,21.974,BMW,Automatic (S8),12.0,6.0
24246,Compact Cars,Regular,Front-Wheel Drive,12.6773076923077,Mercury,Manual 5-spd,4.0,1.6
24247,Compact Cars,Premium,Front-Wheel Drive,16.4805,Dodge,Manual 5-spd,4.0,2.2
24248,Large Cars,Premium,Rear-Wheel Drive,21.974,Rolls-Royce,Automatic (S8),12.0,6.6
24249,Large Cars,Premium,Rear-Wheel Drive,21.974,Rolls-Royce,Automatic (S8),12.0,6.6
24250,Small Station Wagons,Premium,Rear-Wheel Drive,15.6957142857143,BMW,Automatic (S6),6.0,3.0
24251,Small Station Wagons,Premium,Rear-Wheel Drive,16.4805,BMW,Manual 6-spd,6.0,3.0
24252,Small Station Wagons,Premium,All-Wheel Drive,16.4805,BMW,Automatic (S6),6.0,3.0
24253,Small Station Wagons,Premium,All-Wheel Drive,16.4805,BMW,Manual 6-spd,6.0,3.0
24254,Small Station Wagons,Regular,Front-Wheel Drive,12.2077777777778,Mitsubishi,Auto(AV-S6),4.0,2.0
24255,Small Station Wagons,Regular,Front-Wheel Drive,13.1844,Mitsubishi,Auto(AV-S6),4.0,2.4
24256,Small Station Wagons,Premium,Front-Wheel Drive,11.3658620689655,Nissan,Auto(AV-S6),4.0,1.6
24257,Small Station Wagons,Premium,All-Wheel Drive,12.2077777777778,Nissan,Auto(AV-S6),4.0,1.6
24258,Compact Cars,Regular,Front-Wheel Drive,14.9822727272727,Dodge,Automatic 3-spd,4.0,2.2
24259,Midsize Station Wagons,Premium,4-Wheel Drive,14.9822727272727,Mercedes-Benz,Automatic 7-spd,6.0,3.5
24260,Midsize Station Wagons,Premium,Rear-Wheel Drive,18.3116666666667,Mercedes-Benz,Automatic 7-spd,8.0,5.5
24261,Standard Pickup Trucks 2WD,Regular,Rear-Wheel Drive,21.974,Ford,Automatic (S6),8.0,6.2
24262,Standard Pickup Trucks 2WD,Gasoline or E85,Rear-Wheel Drive,17.3478947368421,Ford,Automatic 6-spd,6.0,3.7
24263,Standard Pickup Trucks 2WD,Gasoline or E85,Rear-Wheel Drive,17.3478947368421,Ford,Automatic (S6),6.0,3.7
24264,Standard Pickup Trucks 2WD,Regular,Rear-Wheel Drive,17.3478947368421,Ford,Automatic 6-spd,6.0,3.5
24265,Standard Pickup Trucks 2WD,Regular,Rear-Wheel Drive,18.3116666666667,Ford,Automatic (S6),6.0,3.5
24266,Standard Pickup Trucks 2WD,Gasoline or E85,Rear-Wheel Drive,19.3888235294118,Ford,Automatic 6-spd,8.0,5.0
24267,Standard Pickup Trucks 2WD,Gasoline or E85,Rear-Wheel Drive,19.3888235294118,Ford,Automatic (S6),8.0,5.0
24268,Standard Pickup Trucks 4WD,Regular,Part-time 4-Wheel Drive,25.3546153846154,Ford,Automatic (S6),8.0,6.2
24269,Compact Cars,Premium,Front-Wheel Drive,17.3478947368421,Dodge,Automatic 3-spd,4.0,2.2
24270,Standard Pickup Trucks 4WD,Regular,Part-time 4-Wheel Drive,25.3546153846154,Ford,Automatic (S6),8.0,6.2
24271,Standard Pickup Trucks 4WD,Gasoline or E85,Part-time 4-Wheel Drive,18.3116666666667,Ford,Automatic 6-spd,6.0,3.7
24272,Standard Pickup Trucks 4WD,Gasoline or E85,Part-time 4-Wheel Drive,18.3116666666667,Ford,Automatic (S6),6.0,3.7
24273,Standard Pickup Trucks 4WD,Regular,Part-time 4-Wheel Drive,19.3888235294118,Ford,Automatic (S6),6.0,3.5
24274,Standard Pickup Trucks 4WD,Regular,Part-time 4-Wheel Drive,19.3888235294118,Ford,Automatic 6-spd,6.0,3.5
24275,Standard Pickup Trucks 4WD,Gasoline or E85,Part-time 4-Wheel Drive,20.600625,Ford,Automatic 6-spd,8.0,5.0
24276,Standard Pickup Trucks 4WD,Gasoline or E85,Part-time 4-Wheel Drive,20.600625,Ford,Automatic (S6),8.0,5.0
24277,Standard Pickup Trucks 4WD,Regular,All-Wheel Drive,19.3888235294118,Honda,Automatic 5-spd,6.0,3.5
24278,Sport Utility Vehicle - 2WD,Regular,Front-Wheel Drive,12.6773076923077,Honda,Automatic 5-spd,4.0,2.4
24279,Sport Utility Vehicle - 2WD,Premium,Rear-Wheel Drive,17.3478947368421,Infiniti,Automatic (S7),6.0,3.5
24280,Compact Cars,Regular,Front-Wheel Drive,14.9822727272727,Dodge,Automatic 3-spd,4.0,2.2
24281,Sport Utility Vehicle - 2WD,Premium,Front-Wheel Drive,16.4805,Mazda,Automatic (S6),4.0,2.3
24282,Sport Utility Vehicle - 2WD,Regular,Front-Wheel Drive,13.1844,Nissan,Automatic (variable gear ratios),4.0,2.5
24283,Sport Utility Vehicle - 2WD,Regular,Front-Wheel Drive,16.4805,Nissan,Automatic (variable gear ratios),6.0,3.5
24284,Sport Utility Vehicle - 2WD,Gasoline or E85,Rear-Wheel Drive,21.974,Nissan,Automatic 5-spd,8.0,5.6
24285,Sport Utility Vehicle - 2WD,Regular,Rear-Wheel Drive,17.3478947368421,Toyota,Automatic (S5),6.0,4.0
24286,Sport Utility Vehicle - 4WD,Premium,All-Wheel Drive,15.6957142857143,BMW,Automatic (S8),6.0,3.0
24287,Sport Utility Vehicle - 4WD,Premium,All-Wheel Drive,15.6957142857143,BMW,Automatic (S8),6.0,3.0
24288,Sport Utility Vehicle - 4WD,Diesel,All-Wheel Drive,18.1992857142857,BMW,Automatic (S6),6.0,3.0
24289,Sport Utility Vehicle - 4WD,Regular,All-Wheel Drive,13.1844,Honda,Automatic 5-spd,4.0,2.4
24290,Sport Utility Vehicle - 4WD,Premium,All-Wheel Drive,18.3116666666667,Infiniti,Automatic (S7),6.0,3.5
24291,Compact Cars,Premium,Front-Wheel Drive,17.3478947368421,Dodge,Automatic 3-spd,4.0,2.2
24292,Sport Utility Vehicle - 4WD,Premium,All-Wheel Drive,20.600625,Infiniti,Automatic (S7),8.0,5.0
24293,Sport Utility Vehicle - 4WD,Regular,4-Wheel Drive,18.3116666666667,Land Rover,Automatic (S6),6.0,3.2
24294,Sport Utility Vehicle - 4WD,Premium,4-Wheel Drive,14.9822727272727,Land Rover,Automatic 6-spd,4.0,2.0
24295,Sport Utility Vehicle - 4WD,Premium,4-Wheel Drive,17.3478947368421,Mazda,Automatic (S6),4.0,2.3
24296,Sport Utility Vehicle - 4WD,Diesel,4-Wheel Drive,19.10925,Mercedes-Benz,Automatic 7-spd,6.0,3.0
24297,Sport Utility Vehicle - 4WD,Diesel,4-Wheel Drive,20.115,Mercedes-Benz,Automatic 7-spd,6.0,3.0
24298,Sport Utility Vehicle - 4WD,Regular,All-Wheel Drive,14.3308695652174,Nissan,Automatic (variable gear ratios),4.0,2.5
24299,Sport Utility Vehicle - 4WD,Regular,All-Wheel Drive,16.4805,Nissan,Automatic (variable gear ratios),6.0,3.5
24300,Sport Utility Vehicle - 4WD,Premium,All-Wheel Drive,17.3478947368421,Nissan,Automatic (variable gear ratios),6.0,3.5
24301,Compact Cars,Regular,Front-Wheel Drive,13.1844,Dodge,Manual 5-spd,4.0,2.2
24302,Sport Utility Vehicle - 4WD,Regular,4-Wheel Drive,19.3888235294118,Nissan,Manual 6-spd,6.0,4.0
24303,Sport Utility Vehicle - 4WD,Gasoline or E85,4-Wheel Drive,23.5435714285714,Nissan,Automatic 5-spd,8.0,5.6
24304,Sport Utility Vehicle - 4WD,Regular,4-Wheel Drive,17.3478947368421,Toyota,Automatic (S5),6.0,4.0
24305,Sport Utility Vehicle - 4WD,Regular,Part-time 4-Wheel Drive,17.3478947368421,Toyota,Automatic (S5),6.0,4.0
24306,Midsize Cars,Electricity,Front-Wheel Drive,0.204,Nissan,Automatic (A1),,
24307,Sport Utility Vehicle - 2WD,Regular,Front-Wheel Drive,12.2077777777778,Mitsubishi,Auto(AV-S6),4.0,2.0
24308,Sport Utility Vehicle - 2WD,Regular,Front-Wheel Drive,12.6773076923077,Mitsubishi,Manual 5-spd,4.0,2.0
24309,Sport Utility Vehicle - 4WD,Regular,4-Wheel Drive,13.1844,Mitsubishi,Auto(AV-S6),4.0,2.0
24310,Special Purpose Vehicle 2WD,CNG,Rear-Wheel Drive,0.143076923076923,VPG,Automatic 4-spd,8.0,4.6
24311,Special Purpose Vehicle 2WD,Regular,Rear-Wheel Drive,21.974,VPG,Automatic 4-spd,8.0,4.6
24312,Compact Cars,Regular,Front-Wheel Drive,13.1844,Dodge,Manual 5-spd,4.0,2.2
24313,Compact Cars,Gasoline or E85,Front-Wheel Drive,13.73375,Buick,Automatic (S6),4.0,2.4
24314,Compact Cars,Premium,Rear-Wheel Drive,20.600625,Chevrolet,Manual 6-spd,8.0,6.2
24315,Midsize Cars,Gasoline or E85,Front-Wheel Drive,15.6957142857143,Buick,Automatic (S6),6.0,3.6
24316,Large Cars,Regular,Front-Wheel Drive,14.9822727272727,Toyota,Automatic (S6),6.0,3.5
24317,Small Station Wagons,Premium,Front-Wheel Drive,12.2077777777778,Nissan,Manual 6-spd,4.0,1.6
24318,Standard Pickup Trucks 2WD,Gasoline or E85,Rear-Wheel Drive,21.974,Nissan,Automatic 5-spd,8.0,5.6
24319,Standard Pickup Trucks 4WD,Gasoline or E85,4-Wheel Drive,23.5435714285714,Nissan,Automatic 5-spd,8.0,5.6
24320,Minivan - 2WD,Regular,Front-Wheel Drive,15.6957142857143,Nissan,Automatic (variable gear ratios),6.0,3.5
24321,Sport Utility Vehicle - 2WD,Regular,Front-Wheel Drive,17.3478947368421,Chevrolet,Automatic 6-spd,6.0,3.0
24322,Sport Utility Vehicle - 2WD,Regular,Front-Wheel Drive,14.9822727272727,Mazda,Automatic (S5),4.0,2.5
24323,Compact Cars,Premium,Front-Wheel Drive,15.6957142857143,Dodge,Manual 5-spd,4.0,2.2
24324,Sport Utility Vehicle - 4WD,Regular,All-Wheel Drive,18.3116666666667,Chevrolet,Automatic 6-spd,6.0,3.0
24325,Two Seaters,Premium,Rear-Wheel Drive,20.600625,Aston Martin,Auto(AM7),8.0,4.7
24326,Two Seaters,Premium,Rear-Wheel Drive,9.15583333333333,smart,Auto(AM5),3.0,1.0
24327,Two Seaters,Premium,Rear-Wheel Drive,9.15583333333333,smart,Auto(AM5),3.0,1.0
24328,Subcompact Cars,Premium,Rear-Wheel Drive,18.3116666666667,Roush Performance,Automatic 6-spd,8.0,5.0
24329,Compact Cars,Premium,Rear-Wheel Drive,12.6773076923077,BMW,Automatic (S8),4.0,2.0
24330,Compact Cars,Premium,Rear-Wheel Drive,12.2077777777778,BMW,Manual 6-spd,4.0,2.0
24331,Compact Cars,Premium,Rear-Wheel Drive,12.6773076923077,BMW,Automatic (S8),6.0,3.0
24332,Compact Cars,Premium,Rear-Wheel Drive,14.3308695652174,BMW,Manual 6-spd,6.0,3.0
24333,Compact Cars,Regular,Rear-Wheel Drive,23.5435714285714,Chevrolet,Automatic (S6),8.0,6.2
24334,Compact Cars,Premium,Front-Wheel Drive,16.4805,Dodge,Manual 5-spd,4.0,2.2
24335,Compact Cars,Regular,Front-Wheel Drive,11.3658620689655,Toyota,Automatic 4-spd,4.0,1.8
24336,Compact Cars,Regular,Front-Wheel Drive,11.3658620689655,Toyota,Manual 5-spd,4.0,1.8
24337,Compact Cars,Regular,Front-Wheel Drive,6.5922,Toyota,Automatic (variable gear ratios),4.0,1.5
24338,Compact Cars,Premium,All-Wheel Drive,14.9822727272727,Volkswagen,Manual 6-spd,4.0,2.0
24339,Midsize Cars,Regular,Front-Wheel Drive,14.9822727272727,Buick,Automatic (S6),4.0,2.0
24340,Midsize Cars,Regular,Front-Wheel Drive,9.15583333333333,Hyundai,Automatic 6-spd,4.0,2.4
24341,Midsize Cars,Regular,Front-Wheel Drive,9.15583333333333,Kia,Automatic 6-spd,4.0,2.4
24342,Large Cars,Regular,Front-Wheel Drive,14.3308695652174,Hyundai,Automatic 6-spd,6.0,3.3
24343,Small Station Wagons,Regular,Front-Wheel Drive,11.7717857142857,Nissan,Automatic (variable gear ratios),4.0,1.8
24344,Compact Cars,Regular,Front-Wheel Drive,13.1844,Ford,Automatic 3-spd,4.0,1.9
24345,Small Station Wagons,Regular,Front-Wheel Drive,12.2077777777778,Nissan,Manual 6-spd,4.0,1.8
24346,Small Station Wagons,Regular,Front-Wheel Drive,12.2077777777778,Toyota,Automatic 4-spd,4.0,1.8
24347,Small Station Wagons,Regular,Front-Wheel Drive,11.3658620689655,Toyota,Manual 5-spd,4.0,1.8
24348,Small Station Wagons,Regular,All-Wheel Drive,14.9822727272727,Toyota,Automatic 4-spd,4.0,2.4
24349,Small Station Wagons,Regular,Front-Wheel Drive,13.73375,Toyota,Manual 5-spd,4.0,2.4
24350,Small Station Wagons,Regular,Front-Wheel Drive,13.73375,Toyota,Automatic (S5),4.0,2.4
24351,Sport Utility Vehicle - 2WD,Regular,Front-Wheel Drive,13.73375,Toyota,Automatic 4-spd,4.0,2.5
24352,Sport Utility Vehicle - 2WD,Regular,Front-Wheel Drive,14.9822727272727,Toyota,Automatic 5-spd,6.0,3.5
24353,Sport Utility Vehicle - 2WD,Regular,Front-Wheel Drive,14.3308695652174,Toyota,Automatic (S6),4.0,2.7
24354,Sport Utility Vehicle - 2WD,Regular,Front-Wheel Drive,15.6957142857143,Toyota,Automatic (S6),6.0,3.5
24355,Compact Cars,Regular,Front-Wheel Drive,13.1844,Mercury,Automatic 3-spd,4.0,1.9
24356,Compact Cars,Regular,Front-Wheel Drive,10.6325806451613,Ford,Manual 4-spd,4.0,1.9
24357,Sport Utility Vehicle - 4WD,Regular,All-Wheel Drive,14.3308695652174,Toyota,Automatic 4-spd,4.0,2.5
24358,Sport Utility Vehicle - 4WD,Regular,All-Wheel Drive,14.9822727272727,Toyota,Automatic 5-spd,6.0,3.5
24359,Sport Utility Vehicle - 4WD,Regular,All-Wheel Drive,14.9822727272727,Toyota,Automatic (S6),4.0,2.7
24360,Sport Utility Vehicle - 4WD,Regular,All-Wheel Drive,15.6957142857143,Toyota,Automatic (S6),6.0,3.5
24361,Subcompact Cars,Premium,All-Wheel Drive,17.3478947368421,Nissan,Auto(AM6),6.0,3.8
24362,Compact Cars,Premium,Front-Wheel Drive,13.1844,Volkswagen,Auto(AM-S6),4.0,2.0
24363,Compact Cars,Premium,Front-Wheel Drive,15.6957142857143,Volkswagen,Automatic (S6),6.0,3.6
24364,Compact Cars,Premium,All-Wheel Drive,16.4805,Volkswagen,Automatic (S6),6.0,3.6
24365,Midsize Cars,Regular,Front-Wheel Drive,11.3658620689655,Chevrolet,Automatic (S6),4.0,2.4
24366,Midsize Cars,Premium,Rear-Wheel Drive,14.3308695652174,Lexus,Automatic (S6),6.0,3.5
24367,Compact Cars,Regular,Front-Wheel Drive,11.7717857142857,Ford,Manual 5-spd,4.0,1.9
24368,Midsize Cars,Premium,All-Wheel Drive,15.6957142857143,Lexus,Automatic (S6),6.0,3.5
24369,Small Sport Utility Vehicle 4WD,Regular,4-Wheel Drive,12.2077777777778,Mazda,Automatic (S6),4.0,2.0
24370,Standard Sport Utility Vehicle 2WD,Regular,Front-Wheel Drive,17.3478947368421,Volvo,Automatic (S6),6.0,3.2
24371,Standard Sport Utility Vehicle 4WD,Regular,All-Wheel Drive,18.3116666666667,Volvo,Automatic (S6),6.0,3.2
24372,Subcompact Cars,Premium,Rear-Wheel Drive,15.6957142857143,Hyundai,Automatic 8-spd,4.0,2.0
24373,Subcompact Cars,Premium,Rear-Wheel Drive,13.73375,Hyundai,Manual 6-spd,4.0,2.0
24374,Subcompact Cars,Premium,Rear-Wheel Drive,17.3478947368421,Hyundai,Automatic 8-spd,6.0,3.8
24375,Subcompact Cars,Premium,Rear-Wheel Drive,15.6957142857143,Hyundai,Manual 6-spd,6.0,3.8
24376,Compact Cars,Premium,Front-Wheel Drive,13.1844,Volkswagen,Manual 6-spd,4.0,2.0
24377,Large Cars,Regular,All-Wheel Drive,15.6957142857143,Lincoln,Automatic (S6),6.0,3.7
24378,Compact Cars,Regular,Front-Wheel Drive,13.1844,Ford,Manual 5-spd,4.0,1.9
24379,Large Cars,Regular,All-Wheel Drive,16.4805,Lincoln,Automatic (S6),6.0,3.5
24380,Large Cars,Regular,Front-Wheel Drive,15.6957142857143,Lincoln,Automatic (S6),6.0,3.7
24381,Standard Sport Utility Vehicle 2WD,Regular,Front-Wheel Drive,14.3308695652174,Ford,Automatic 6-spd,4.0,2.0
24382,Small Sport Utility Vehicle 2WD,Regular,Front-Wheel Drive,11.7717857142857,Mazda,Automatic (S6),4.0,2.0
24383,Small Sport Utility Vehicle 2WD,Regular,Front-Wheel Drive,11.3658620689655,Mazda,Manual 6-spd,4.0,2.0
24384,Standard Sport Utility Vehicle 4WD,Premium,4-Wheel Drive,23.5435714285714,Lexus,Automatic (S6),8.0,5.7
24385,Standard Sport Utility Vehicle 4WD,Regular,4-Wheel Drive,21.974,Toyota,Automatic (S6),8.0,5.7
24386,Minivan - 2WD,Gasoline or E85,Front-Wheel Drive,16.4805,Ram,Automatic 6-spd,6.0,3.6
24387,Compact Cars,Diesel,Front-Wheel Drive,10.9195714285714,Ford,Manual 5-spd,4.0,2.0
24388,Midsize Cars,Regular,Front-Wheel Drive,15.6957142857143,Mazda,Automatic (S6),6.0,3.7
24389,Large Cars,Regular,All-Wheel Drive,15.6957142857143,Ford,Automatic (S6),6.0,3.5
24390,Large Cars,Regular,All-Wheel Drive,16.4805,Ford,Automatic (S6),6.0,3.5
24391,Large Cars,Gasoline or E85,All-Wheel Drive,15.6957142857143,Ford,Automatic (S6),6.0,3.5
24392,Large Cars,Regular,Front-Wheel Drive,14.9822727272727,Ford,Automatic (S6),6.0,3.5
24393,Small Sport Utility Vehicle 2WD,Regular,Front-Wheel Drive,13.73375,Ford,Automatic 6-spd,4.0,2.0
24394,Small Sport Utility Vehicle 2WD,Regular,Front-Wheel Drive,14.9822727272727,Ford,Automatic (S6),6.0,3.5
24395,Small Sport Utility Vehicle 2WD,Regular,Front-Wheel Drive,15.6957142857143,Ford,Automatic (S6),6.0,3.7
24396,Small Sport Utility Vehicle 2WD,Regular,Front-Wheel Drive,15.6957142857143,Lincoln,Automatic (S6),6.0,3.7
24397,Compact Cars,Regular,Front-Wheel Drive,13.73375,Ford,Automatic 3-spd,4.0,1.6
24398,Small Sport Utility Vehicle 4WD,Regular,All-Wheel Drive,16.4805,Ford,Automatic (S6),6.0,3.5
24399,Small Sport Utility Vehicle 4WD,Regular,All-Wheel Drive,17.3478947368421,Ford,Automatic (S6),6.0,3.7
24400,Standard Sport Utility Vehicle 4WD,Gasoline or E85,All-Wheel Drive,17.3478947368421,Ford,Automatic (S6),6.0,3.5
24401,Small Sport Utility Vehicle 4WD,Regular,All-Wheel Drive,17.3478947368421,Lincoln,Automatic (S6),6.0,3.7
24402,Subcompact Cars,Regular,Rear-Wheel Drive,14.3308695652174,Ford,Automatic 6-spd,6.0,3.7
24403,Subcompact Cars,Regular,Rear-Wheel Drive,14.9822727272727,Ford,Manual 6-spd,6.0,3.7
24404,Subcompact Cars,Regular,Rear-Wheel Drive,16.4805,Ford,Automatic 6-spd,8.0,5.0
24405,Subcompact Cars,Regular,Rear-Wheel Drive,17.3478947368421,Ford,Manual 6-spd,8.0,5.0
24406,Subcompact Cars,Regular,Rear-Wheel Drive,14.3308695652174,Ford,Automatic 6-spd,6.0,3.7
24407,Compact Cars,Regular,Front-Wheel Drive,10.6325806451613,Kia,Automatic 6-spd,4.0,1.6
24408,Compact Cars,Regular,Front-Wheel Drive,13.73375,Ford,Manual 4-spd,4.0,1.6
24409,Compact Cars,Regular,Front-Wheel Drive,10.3003125,Kia,Manual 6-spd,4.0,1.6
24410,Compact Cars,Regular,Front-Wheel Drive,10.3003125,Kia,Automatic 6-spd,4.0,1.6
24411,Midsize Cars,Regular,Front-Wheel Drive,10.3003125,Hyundai,Automatic 6-spd,4.0,1.8
24412,Midsize Cars,Regular,Front-Wheel Drive,10.3003125,Hyundai,Manual 6-spd,4.0,1.8
24413,Midsize Cars,Regular,Front-Wheel Drive,10.3003125,Hyundai,Automatic 6-spd,4.0,1.8
24414,Midsize Cars,Regular,Front-Wheel Drive,10.6325806451613,Hyundai,Automatic 6-spd,4.0,1.8
24415,Midsize Cars,Regular,Front-Wheel Drive,10.3003125,Hyundai,Manual 6-spd,4.0,1.8
24416,Midsize Cars,Regular,Front-Wheel Drive,13.73375,Mazda,Automatic (S5),4.0,2.5
24417,Midsize Cars,Regular,Front-Wheel Drive,13.73375,Mazda,Manual 6-spd,4.0,2.5
24418,Large Cars,Gasoline or E85,Front-Wheel Drive,14.9822727272727,Ford,Automatic (S6),6.0,3.5
24419,Compact Cars,Regular,Front-Wheel Drive,14.9822727272727,Ford,Automatic 3-spd,4.0,2.3
24420,Large Cars,Premium,All-Wheel Drive,17.3478947368421,Porsche,Automatic 7-spd,8.0,4.8
24421,Special Purpose Vehicle 4WD,Regular,All-Wheel Drive,17.3478947368421,Lincoln,Automatic 6-spd,6.0,3.7
24422,Standard Sport Utility Vehicle 2WD,Gasoline or E85,Front-Wheel Drive,16.4805,Ford,Automatic (S6),6.0,3.5
24423,Standard Sport Utility Vehicle 2WD,Regular,Front-Wheel Drive,16.4805,Ford,Automatic (S6),6.0,3.5
24424,Standard Sport Utility Vehicle 2WD,Regular,Front-Wheel Drive,16.4805,Ford,Automatic (S6),6.0,3.5
24425,Small Sport Utility Vehicle 2WD,Regular,Front-Wheel Drive,16.4805,Lincoln,Automatic (S6),6.0,3.7
24426,Standard Sport Utility Vehicle 4WD,Regular,All-Wheel Drive,17.3478947368421,Ford,Automatic (S6),6.0,3.5
24427,Standard Sport Utility Vehicle 4WD,Regular,All-Wheel Drive,18.3116666666667,Ford,Automatic (S6),6.0,3.5
24428,Small Sport Utility Vehicle 4WD,Regular,All-Wheel Drive,18.3116666666667,Lincoln,Automatic (S6),6.0,3.5
24429,Small Sport Utility Vehicle 2WD,Regular,Front-Wheel Drive,13.73375,Kia,Automatic 6-spd,4.0,2.4
24430,Compact Cars,Regular,Front-Wheel Drive,13.1844,Ford,Manual 5-spd,4.0,2.3
24431,Small Sport Utility Vehicle 2WD,Regular,Front-Wheel Drive,13.73375,Kia,Automatic 6-spd,4.0,2.4
24432,Small Sport Utility Vehicle 2WD,Regular,Front-Wheel Drive,14.9822727272727,Kia,Manual 6-spd,4.0,2.4
24433,Small Sport Utility Vehicle 2WD,Regular,Front-Wheel Drive,14.9822727272727,Kia,Automatic 6-spd,6.0,3.5
24434,Small Sport Utility Vehicle 4WD,Regular,4-Wheel Drive,14.9822727272727,Kia,Automatic 6-spd,4.0,2.4
24435,Small Sport Utility Vehicle 4WD,Regular,4-Wheel Drive,14.3308695652174,Kia,Automatic 6-spd,4.0,2.4
24436,Small Sport Utility Vehicle 4WD,Regular,4-Wheel Drive,16.4805,Kia,Automatic 6-spd,6.0,3.5
24437,Subcompact Cars,Electricity,Rear-Wheel Drive,0.198,BMW,Automatic (A1),,
24438,Subcompact Cars,Electricity,Front-Wheel Drive,0.276,CODA Automotive,Automatic (A1),,
24439,Compact Cars,Electricity,Front-Wheel Drive,0.192,Ford,Automatic (variable gear ratios),,
24440,Two Seaters,Premium,Rear-Wheel Drive,12.6773076923077,Mercedes-Benz,Automatic 7-spd,4.0,1.8
24441,Compact Cars,Regular,Front-Wheel Drive,14.9822727272727,Ford,Manual 5-spd,4.0,2.3
24442,Two Seaters,Premium,Rear-Wheel Drive,12.6773076923077,Mercedes-Benz,Manual 6-spd,4.0,1.8
24443,Two Seaters,Premium,Rear-Wheel Drive,14.9822727272727,Mercedes-Benz,Automatic 7-spd,8.0,5.5
24444,Minicompact Cars,Premium,Front-Wheel Drive,10.987,Fiat,Manual 5-spd,4.0,1.4
24445,Minicompact Cars,Premium,Rear-Wheel Drive,15.6957142857143,Lotus,Manual 6-spd,6.0,3.5
24446,Minicompact Cars,Premium,Rear-Wheel Drive,16.4805,Lotus,Manual 6-spd,6.0,3.5
24447,Minicompact Cars,Premium,Rear-Wheel Drive,14.3308695652174,Lotus,Automatic (S6),6.0,3.5
24448,Minicompact Cars,Premium,Rear-Wheel Drive,14.9822727272727,Lotus,Automatic (S6),6.0,3.5
24449,Minicompact Cars,Premium,Rear-Wheel Drive,14.9822727272727,Porsche,Manual 7-spd,6.0,3.4
24450,Minicompact Cars,Premium,Rear-Wheel Drive,14.3308695652174,Porsche,Auto(AM-S7),6.0,3.4
24451,Minicompact Cars,Premium,Rear-Wheel Drive,14.9822727272727,Porsche,Manual 7-spd,6.0,3.4
24452,Compact Cars,Regular,4-Wheel or All-Wheel Drive,17.3478947368421,Ford,Automatic 3-spd,4.0,2.3
24453,Minicompact Cars,Premium,Rear-Wheel Drive,14.3308695652174,Porsche,Auto(AM-S7),6.0,3.4
24454,Minicompact Cars,Premium,Rear-Wheel Drive,14.9822727272727,Porsche,Manual 7-spd,6.0,3.8
24455,Minicompact Cars,Premium,Rear-Wheel Drive,14.9822727272727,Porsche,Auto(AM-S7),6.0,3.8
24456,Minicompact Cars,Premium,Rear-Wheel Drive,15.6957142857143,Porsche,Manual 7-spd,6.0,3.8
24457,Minicompact Cars,Premium,Rear-Wheel Drive,14.9822727272727,Porsche,Auto(AM-S7),6.0,3.8
24458,Subcompact Cars,Premium,Rear-Wheel Drive,20.600625,Mercedes-Benz,Automatic 7-spd,8.0,6.2
24459,Subcompact Cars,Premium,4-Wheel Drive,14.9822727272727,Mercedes-Benz,Automatic 7-spd,6.0,3.5
24460,Subcompact Cars,Premium or E85,Rear-Wheel Drive,14.9822727272727,Mercedes-Benz,Automatic 7-spd,6.0,3.5
24461,Subcompact Cars,Premium or E85,Rear-Wheel Drive,14.3308695652174,Mercedes-Benz,Automatic 7-spd,6.0,3.5
24462,Subcompact Cars,Premium or E85,4-Wheel Drive,14.9822727272727,Mercedes-Benz,Automatic 7-spd,6.0,3.5
24463,Compact Cars,Regular,Front-Wheel Drive,10.3003125,Mercury,Manual 4-spd,4.0,1.9
24464,Compact Cars,Regular,Rear-Wheel Drive,18.3116666666667,Ford,Automatic 4-spd,4.0,2.3
24465,Compact Cars,Regular,Front-Wheel Drive,10.987,Chevrolet,Automatic (S6),4.0,1.4
24466,Compact Cars,Gasoline or E85,Front-Wheel Drive,11.3658620689655,Ford,Manual 5-spd,4.0,2.0
24467,Compact Cars,Gasoline or E85,Front-Wheel Drive,10.6325806451613,Ford,Auto(AM6),4.0,2.0
24468,Compact Cars,Gasoline or E85,Front-Wheel Drive,10.3003125,Ford,Auto(AM6),4.0,2.0
24469,Compact Cars,Premium or E85,Rear-Wheel Drive,14.9822727272727,Mercedes-Benz,Automatic 7-spd,6.0,3.5
24470,Midsize Cars,Regular,Front-Wheel Drive,10.987,Chevrolet,Automatic (S6),4.0,1.4
24471,Sport Utility Vehicle - 4WD,Premium,4-Wheel Drive,19.3888235294118,Mercedes-Benz,Automatic 7-spd,8.0,4.7
24472,Sport Utility Vehicle - 4WD,Premium,4-Wheel Drive,21.974,Mercedes-Benz,Automatic 7-spd,8.0,5.5
24473,Minicompact Cars,Premium,Rear-Wheel Drive,11.7717857142857,Scion,Automatic (S6),4.0,2.0
24474,Minicompact Cars,Premium,Rear-Wheel Drive,13.1844,Scion,Manual 6-spd,4.0,2.0
24475,Compact Cars,Regular,Rear-Wheel Drive,17.3478947368421,Ford,Manual 5-spd,4.0,2.3
24476,Minicompact Cars,Premium,Rear-Wheel Drive,11.7717857142857,Subaru,Automatic (S6),4.0,2.0
24477,Minicompact Cars,Premium,Rear-Wheel Drive,13.73375,Subaru,Manual 6-spd,4.0,2.0
24478,Large Cars,Premium,All-Wheel Drive,17.3478947368421,Porsche,Automatic 7-spd,8.0,4.8
24479,Large Cars,Premium,Rear-Wheel Drive,17.3478947368421,Porsche,Automatic 7-spd,8.0,4.8
24480,Small Sport Utility Vehicle 2WD,Premium,Front-Wheel Drive,15.6957142857143,Infiniti,Auto(AV-S6),6.0,3.5
24481,Small Sport Utility Vehicle 4WD,Premium,All-Wheel Drive,16.4805,Infiniti,Auto(AV-S6),6.0,3.5
24482,Large Cars,Premium,Rear-Wheel Drive,27.4675,Maybach,Automatic 5-spd,12.0,5.5
24483,Large Cars,Premium,Rear-Wheel Drive,27.4675,Maybach,Automatic 5-spd,12.0,5.5
24484,Large Cars,Premium,Rear-Wheel Drive,27.4675,Maybach,Automatic 5-spd,12.0,5.5
24485,Large Cars,Premium,Rear-Wheel Drive,27.4675,Maybach,Automatic 5-spd,12.0,5.5
24486,Compact Cars,Regular,Rear-Wheel Drive,17.3478947368421,Ford,Automatic 4-spd,6.0,3.8
24487,Large Cars,Premium,Rear-Wheel Drive,27.4675,Maybach,Automatic 5-spd,12.0,5.5
24488,Two Seaters,Premium,Rear-Wheel Drive,23.5435714285714,Ferrari,Auto(AM7),8.0,4.5
24489,Two Seaters,Premium,Rear-Wheel Drive,27.4675,Ferrari,Auto(AM6),12.0,5.9
24490,Two Seaters,Premium,Rear-Wheel Drive,25.3546153846154,Ferrari,Manual 6-spd,12.0,5.9
24491,Two Seaters,Premium,Rear-Wheel Drive,27.4675,Ferrari,Auto(AM6),12.0,5.9
24492,Two Seaters,Premium,Rear-Wheel Drive,27.4675,Ferrari,Auto(AM6),12.0,5.9
24493,Minicompact Cars,Premium,Rear-Wheel Drive,21.974,Ferrari,Auto(AM7),8.0,4.3
24494,Minicompact Cars,Premium,Rear-Wheel Drive,21.974,Ferrari,Auto(AM7),8.0,4.3
24495,Midsize Cars,Premium,Rear-Wheel Drive,29.9645454545455,Ferrari,Auto(AM6),12.0,5.7
24496,Midsize Cars,Premium,Rear-Wheel Drive,27.4675,Ferrari,Manual 6-spd,12.0,5.7
24497,Compact Cars,Regular,Rear-Wheel Drive,17.3478947368421,Ford,Automatic 4-spd,8.0,5.0
24498,Two Seaters,Premium,Rear-Wheel Drive,23.5435714285714,Ferrari,Auto(AM7),8.0,4.5
24499,Two Seaters,Premium,Rear-Wheel Drive,23.5435714285714,Ferrari,Auto(AM7),8.0,4.5
24500,Two Seaters,Premium,Rear-Wheel Drive,23.5435714285714,Ferrari,Auto(AM7),8.0,4.5
24501,Two Seaters,Premium,Rear-Wheel Drive,23.5435714285714,Ferrari,Auto(AM7),8.0,4.5
24502,Two Seaters,Premium,Rear-Wheel Drive,21.974,Ferrari,Auto(AM7),8.0,4.3
24503,Two Seaters,Premium,Rear-Wheel Drive,21.974,Ferrari,Auto(AM7),8.0,4.3
24504,Compact Cars,CNG,Front-Wheel Drive,0.06,Honda,Automatic 5-spd,4.0,1.8
24505,Midsize Cars,Premium,Part-time 4-Wheel Drive,25.3546153846154,Ferrari,Auto(AM7),12.0,6.3
24506,Midsize Cars,Premium,Part-time 4-Wheel Drive,25.3546153846154,Ferrari,Auto(AM7),12.0,6.3
24507,Midsize Cars,Premium,Rear-Wheel Drive,10.6325806451613,Lexus,Auto(AV-S6),6.0,3.5
24508,Compact Cars,Regular,Front-Wheel Drive,14.3308695652174,Honda,Automatic 4-spd,4.0,2.0
24509,Large Cars,Regular,Front-Wheel Drive,12.6773076923077,Hyundai,Automatic 6-spd,4.0,2.0
24510,Large Cars,Regular,Front-Wheel Drive,12.2077777777778,Hyundai,Automatic 6-spd,4.0,2.4
24511,Large Cars,Regular,Front-Wheel Drive,12.2077777777778,Hyundai,Manual 6-spd,4.0,2.4
24512,Small Sport Utility Vehicle 2WD,Regular,Front-Wheel Drive,15.6957142857143,Lexus,Automatic (S6),6.0,3.5
24513,Small Sport Utility Vehicle 2WD,Premium,Front-Wheel Drive,11.3658620689655,Lexus,Auto(AV-S6),6.0,3.5
24514,Small Sport Utility Vehicle 4WD,Premium,All-Wheel Drive,13.73375,BMW,Automatic (S8),4.0,2.0
24515,Small Sport Utility Vehicle 4WD,Premium,All-Wheel Drive,15.6957142857143,BMW,Automatic (S8),6.0,3.0
24516,Standard Sport Utility Vehicle 4WD,Premium,All-Wheel Drive,20.600625,BMW,Automatic (S8),8.0,4.4
24517,Standard Sport Utility Vehicle 4WD,Premium,All-Wheel Drive,20.600625,BMW,Automatic (S8),8.0,4.4
24518,Small Sport Utility Vehicle 4WD,Regular,All-Wheel Drive,16.4805,Lexus,Automatic (S6),6.0,3.5
24519,Compact Cars,Regular,Front-Wheel Drive,12.6773076923077,Honda,Manual 5-spd,4.0,2.0
24520,Small Sport Utility Vehicle 4WD,Premium,All-Wheel Drive,11.7717857142857,Lexus,Auto(AV-S6),6.0,3.5
24521,Standard Sport Utility Vehicle 4WD,Premium,All-Wheel Drive,17.3478947368421,BMW,Automatic (S8),6.0,3.0
24522,Standard Sport Utility Vehicle 4WD,Premium,All-Wheel Drive,23.5435714285714,BMW,Automatic (S6),8.0,4.4
24523,Standard Sport Utility Vehicle 4WD,Premium,All-Wheel Drive,17.3478947368421,BMW,Automatic (S8),6.0,3.0
24524,Standard Sport Utility Vehicle 4WD,Premium,All-Wheel Drive,23.5435714285714,BMW,Automatic (S6),8.0,4.4
24525,Two Seaters,Premium,Rear-Wheel Drive,19.3888235294118,Chevrolet,Manual 6-spd,8.0,6.2
24526,Two Seaters,Premium,Rear-Wheel Drive,18.3116666666667,Chevrolet,Manual 6-spd,8.0,7.0
24527,Two Seaters,Premium,Rear-Wheel Drive,9.15583333333333,smart,Auto(AM5),3.0,1.0
24528,Two Seaters,Premium,Rear-Wheel Drive,9.15583333333333,smart,Auto(AM5),3.0,1.0
24529,Subcompact Cars,Premium,All-Wheel Drive,19.3888235294118,Bentley,Automatic (S8),8.0,4.0
24530,Compact Cars,Regular,Front-Wheel Drive,14.3308695652174,Honda,Automatic 4-spd,4.0,2.0
24531,Subcompact Cars,Premium or E85,All-Wheel Drive,23.5435714285714,Bentley,Automatic (S6),12.0,6.0
24532,Subcompact Cars,Premium or E85,All-Wheel Drive,23.5435714285714,Bentley,Automatic (S6),12.0,6.0
24533,Compact Cars,Premium,All-Wheel Drive,18.3116666666667,Bentley,Automatic (S8),8.0,4.0
24534,Compact Cars,Premium or E85,All-Wheel Drive,23.5435714285714,Bentley,Automatic (S6),12.0,6.0
24535,Compact Cars,Regular,Front-Wheel Drive,10.6325806451613,Hyundai,Automatic 6-spd,4.0,1.6
24536,Compact Cars,Regular,Front-Wheel Drive,10.3003125,Hyundai,Manual 6-spd,4.0,1.6
24537,Midsize Cars,Premium or E85,All-Wheel Drive,23.5435714285714,Bentley,Automatic (S6),12.0,6.0
24538,Small Sport Utility Vehicle 2WD,Regular,Front-Wheel Drive,13.1844,Ford,Automatic (S6),4.0,2.5
24539,Small Sport Utility Vehicle 2WD,Regular,Front-Wheel Drive,13.73375,Ford,Automatic (S6),4.0,2.0
24540,Small Sport Utility Vehicle 4WD,Regular,All-Wheel Drive,13.73375,Ford,Automatic (S6),4.0,2.0
24541,Compact Cars,Regular,Front-Wheel Drive,13.1844,Honda,Manual 5-spd,4.0,2.0
24542,Two Seaters,Regular,Rear-Wheel Drive,17.3478947368421,Chevrolet,Manual 6-spd,8.0,6.2
24543,Two Seaters,Regular,Rear-Wheel Drive,18.3116666666667,Chevrolet,Automatic (S6),8.0,6.2
24544,Two Seaters,Premium,Rear-Wheel Drive,16.4805,Mercedes-Benz,Automatic 7-spd,8.0,4.7
24545,Two Seaters,Premium,Rear-Wheel Drive,13.73375,Porsche,Manual 6-spd,6.0,2.7
24546,Two Seaters,Premium,Rear-Wheel Drive,13.1844,Porsche,Auto(AM-S7),6.0,2.7
24547,Minicompact Cars,Premium,Rear-Wheel Drive,14.9822727272727,Porsche,Manual 7-spd,6.0,3.4
24548,Minicompact Cars,Premium,Rear-Wheel Drive,14.3308695652174,Porsche,Auto(AM-S7),6.0,3.4
24549,Minicompact Cars,Premium,Rear-Wheel Drive,14.9822727272727,Porsche,Manual 7-spd,6.0,3.4
24550,Minicompact Cars,Premium,Rear-Wheel Drive,14.3308695652174,Porsche,Auto(AM-S7),6.0,3.4
24551,Minicompact Cars,Premium,Rear-Wheel Drive,14.9822727272727,Porsche,Manual 7-spd,6.0,3.8
24552,Compact Cars,Regular,Rear-Wheel Drive,17.3478947368421,Mercury,Automatic 4-spd,6.0,3.8
24553,Minicompact Cars,Premium,Rear-Wheel Drive,14.9822727272727,Porsche,Auto(AM-S7),6.0,3.8
24554,Minicompact Cars,Premium,Rear-Wheel Drive,15.6957142857143,Porsche,Manual 7-spd,6.0,3.8
24555,Minicompact Cars,Premium,Rear-Wheel Drive,14.9822727272727,Porsche,Auto(AM-S7),6.0,3.8
24556,Minicompact Cars,Premium,4-Wheel Drive,14.9822727272727,Porsche,Manual 7-spd,6.0,3.4
24557,Minicompact Cars,Premium,4-Wheel Drive,14.3308695652174,Porsche,Auto(AM-S7),6.0,3.4
24558,Minicompact Cars,Premium,4-Wheel Drive,15.6957142857143,Porsche,Manual 7-spd,6.0,3.4
24559,Minicompact Cars,Premium,4-Wheel Drive,14.9822727272727,Porsche,Auto(AM-S7),6.0,3.4
24560,Minicompact Cars,Premium,4-Wheel Drive,15.6957142857143,Porsche,Manual 7-spd,6.0,3.8
24561,Minicompact Cars,Premium,4-Wheel Drive,14.9822727272727,Porsche,Auto(AM-S7),6.0,3.8
24562,Minicompact Cars,Premium,4-Wheel Drive,15.6957142857143,Porsche,Manual 7-spd,6.0,3.8
24563,Compact Cars,Regular,Rear-Wheel Drive,17.3478947368421,Mercury,Automatic 4-spd,8.0,5.0
24564,Minicompact Cars,Premium,4-Wheel Drive,15.6957142857143,Porsche,Auto(AM-S7),6.0,3.8
24565,Subcompact Cars,Premium,Rear-Wheel Drive,18.3116666666667,Ford,Manual 6-spd,8.0,5.8
24566,Compact Cars,Premium,Rear-Wheel Drive,20.600625,Chevrolet,Manual 6-spd,8.0,6.2
24567,Compact Cars,Premium,Rear-Wheel Drive,23.5435714285714,Chevrolet,Automatic (S6),8.0,6.2
24568,Compact Cars,Regular,Rear-Wheel Drive,17.3478947368421,Chevrolet,Manual 6-spd,8.0,6.2
24569,Compact Cars,Regular,Rear-Wheel Drive,14.9822727272727,Chevrolet,Automatic 6-spd,6.0,3.6
24570,Compact Cars,Regular,Rear-Wheel Drive,16.4805,Chevrolet,Manual 6-spd,6.0,3.6
24571,Compact Cars,Regular,Rear-Wheel Drive,18.3116666666667,Chevrolet,Automatic (S6),8.0,6.2
24572,Midsize Cars,Premium,All-Wheel Drive,15.6957142857143,Audi,Automatic (S8),6.0,3.0
24573,Midsize Cars,Regular,Front-Wheel Drive,11.3658620689655,Buick,Automatic (S6),4.0,2.4
24574,Compact Cars,Regular,Front-Wheel Drive,12.2077777777778,Mercury,Manual 5-spd,4.0,1.9
24575,Compact Cars,Regular,Front-Wheel Drive,13.1844,Mercury,Automatic 3-spd,4.0,1.9
24576,Midsize Cars,Regular,Front-Wheel Drive,11.3658620689655,Buick,Automatic (S6),4.0,2.4
24577,Midsize Cars,Premium,Rear-Wheel Drive,20.600625,Cadillac,Manual 6-spd,8.0,6.2
24578,Midsize Cars,Regular,Rear-Wheel Drive,23.5435714285714,Cadillac,Automatic (S6),8.0,6.2
24579,Midsize Cars,Premium,Front-Wheel Drive,10.6325806451613,Dodge,Manual 6-spd,4.0,1.4
24580,Midsize Cars,Regular,Front-Wheel Drive,11.3658620689655,Dodge,Manual 6-spd,4.0,2.0
24581,Midsize Cars,Premium,All-Wheel Drive,16.4805,Infiniti,Automatic (S7),6.0,3.7
24582,Large Cars,Premium,All-Wheel Drive,15.6957142857143,Audi,Automatic (S8),6.0,3.0
24583,Large Cars,Premium,Rear-Wheel Drive,18.3116666666667,Hyundai,Automatic 8-spd,8.0,5.0
24584,Large Cars,Premium,Rear-Wheel Drive,15.6957142857143,Porsche,Automatic 7-spd,6.0,3.6
24585,Large Cars,Premium,4-Wheel Drive,15.6957142857143,Porsche,Automatic 7-spd,6.0,3.6
24586,Compact Cars,Regular,Front-Wheel Drive,10.6325806451613,Mercury,Manual 4-spd,4.0,1.9
24587,Small Station Wagons,Premium,All-Wheel Drive,14.9822727272727,Audi,Automatic (S8),4.0,2.0
24588,Small Station Wagons,Premium,Rear-Wheel Drive,20.600625,Cadillac,Manual 6-spd,8.0,6.2
24589,Small Station Wagons,Premium,Rear-Wheel Drive,23.5435714285714,Cadillac,Automatic (S6),8.0,6.2
24590,Standard Pickup Trucks 2WD,Regular,Rear-Wheel Drive,19.3888235294118,Chevrolet,Automatic 4-spd,6.0,4.3
24591,Standard Pickup Trucks 2WD,Gasoline or E85,Rear-Wheel Drive,19.3888235294118,Chevrolet,Automatic 6-spd,8.0,5.3
24592,Standard Pickup Trucks 2WD,Gasoline or E85,Rear-Wheel Drive,18.3116666666667,Chevrolet,Automatic 6-spd,8.0,5.3
24593,Standard Pickup Trucks 2WD,Gasoline or E85,Rear-Wheel Drive,20.600625,Chevrolet,Automatic 4-spd,8.0,4.8
24594,Standard Pickup Trucks 2WD,Gasoline or E85,Rear-Wheel Drive,23.5435714285714,Chevrolet,Automatic 6-spd,8.0,6.2
24595,Standard Pickup Trucks 2WD,Regular,Rear-Wheel Drive,19.3888235294118,GMC,Automatic 4-spd,6.0,4.3
24596,Standard Pickup Trucks 2WD,Gasoline or E85,Rear-Wheel Drive,18.3116666666667,GMC,Automatic 6-spd,8.0,5.3
24597,Compact Cars,Regular,Front-Wheel Drive,11.7717857142857,Mercury,Manual 5-spd,4.0,1.9
24598,Standard Pickup Trucks 2WD,Gasoline or E85,Rear-Wheel Drive,19.3888235294118,GMC,Automatic 6-spd,8.0,5.3
24599,Standard Pickup Trucks 2WD,Gasoline or E85,Rear-Wheel Drive,20.600625,GMC,Automatic 4-spd,8.0,4.8
24600,Standard Pickup Trucks 2WD,Gasoline or E85,Rear-Wheel Drive,23.5435714285714,GMC,Automatic 6-spd,8.0,6.2
24601,Standard Pickup Trucks 4WD,Regular,4-Wheel Drive,20.600625,Chevrolet,Automatic 4-spd,6.0,4.3
24602,Standard Pickup Trucks 4WD,Gasoline or E85,4-Wheel Drive,19.3888235294118,Chevrolet,Automatic 6-spd,8.0,5.3
24603,Standard Pickup Trucks 4WD,Gasoline or E85,4-Wheel Drive,21.974,Chevrolet,Automatic 4-spd,8.0,4.8
24604,Standard Pickup Trucks 4WD,Gasoline or E85,4-Wheel Drive,23.5435714285714,Chevrolet,Automatic 6-spd,8.0,6.2
24605,Standard Pickup Trucks 4WD,Regular,4-Wheel Drive,20.600625,GMC,Automatic 4-spd,6.0,4.3
24606,Standard Pickup Trucks 4WD,Gasoline or E85,4-Wheel Drive,19.3888235294118,GMC,Automatic 6-spd,8.0,5.3
24607,Standard Pickup Trucks 4WD,Gasoline or E85,4-Wheel Drive,21.974,GMC,Automatic 4-spd,8.0,4.8
24608,Compact Cars,Regular,Front-Wheel Drive,13.1844,Mercury,Manual 5-spd,4.0,1.9
24609,Standard Pickup Trucks 4WD,Gasoline or E85,4-Wheel Drive,23.5435714285714,GMC,Automatic 6-spd,8.0,6.2
24610,"Vans, Cargo Type",Regular,Rear-Wheel Drive,19.3888235294118,Chevrolet,Automatic 4-spd,6.0,4.3
24611,"Vans, Cargo Type",Gasoline or E85,Rear-Wheel Drive,21.974,Chevrolet,Automatic 4-spd,8.0,5.3
24612,"Vans, Cargo Type",Gasoline or E85,Rear-Wheel Drive,23.5435714285714,Chevrolet,Automatic 4-spd,8.0,5.3
24613,"Vans, Cargo Type",Gasoline or E85,All-Wheel Drive,23.5435714285714,Chevrolet,Automatic 4-spd,8.0,5.3
24614,"Vans, Cargo Type",Gasoline or E85,All-Wheel Drive,23.5435714285714,Chevrolet,Automatic 4-spd,8.0,5.3
24615,"Vans, Cargo Type",Regular,Rear-Wheel Drive,19.3888235294118,GMC,Automatic 4-spd,6.0,4.3
24616,"Vans, Cargo Type",Gasoline or E85,Rear-Wheel Drive,21.974,GMC,Automatic 4-spd,8.0,5.3
24617,"Vans, Cargo Type",Gasoline or E85,Rear-Wheel Drive,23.5435714285714,GMC,Automatic 4-spd,8.0,5.3
24618,"Vans, Cargo Type",Gasoline or E85,All-Wheel Drive,23.5435714285714,GMC,Automatic 4-spd,8.0,5.3
24619,Compact Cars,Diesel,Front-Wheel Drive,10.9195714285714,Mercury,Manual 5-spd,4.0,2.0
24620,"Vans, Cargo Type",Gasoline or E85,All-Wheel Drive,23.5435714285714,GMC,Automatic 4-spd,8.0,5.3
24621,"Vans, Passenger Type",Gasoline or E85,Rear-Wheel Drive,25.3546153846154,Chevrolet,Automatic 6-spd,8.0,4.8
24622,"Vans, Passenger Type",Gasoline or E85,Rear-Wheel Drive,23.5435714285714,Chevrolet,Automatic 4-spd,8.0,5.3
24623,"Vans, Passenger Type",Gasoline or E85,All-Wheel Drive,23.5435714285714,Chevrolet,Automatic 4-spd,8.0,5.3
24624,"Vans, Passenger Type",Gasoline or E85,Rear-Wheel Drive,25.3546153846154,GMC,Automatic 6-spd,8.0,4.8
24625,"Vans, Passenger Type",Gasoline or E85,Rear-Wheel Drive,23.5435714285714,GMC,Automatic 4-spd,8.0,5.3
24626,"Vans, Passenger Type",Gasoline or E85,All-Wheel Drive,23.5435714285714,GMC,Automatic 4-spd,8.0,5.3
24627,Special Purpose Vehicle 2WD,Regular,Front-Wheel Drive,14.3308695652174,Lincoln,Automatic (S6),4.0,2.0
24628,Standard Sport Utility Vehicle 4WD,Premium,All-Wheel Drive,18.3116666666667,Porsche,Automatic 8-spd,8.0,4.8
24629,Standard Sport Utility Vehicle 4WD,Premium,All-Wheel Drive,19.3888235294118,Porsche,Automatic 8-spd,8.0,4.8
24630,Compact Cars,Regular,Front-Wheel Drive,15.6957142857143,Mercury,Automatic 3-spd,4.0,2.3
24631,Small Sport Utility Vehicle 2WD,Regular,Front-Wheel Drive,13.1844,Hyundai,Automatic 6-spd,4.0,2.4
24632,Small Sport Utility Vehicle 2WD,Regular,Front-Wheel Drive,14.3308695652174,Hyundai,Manual 6-spd,4.0,2.4
24633,Small Sport Utility Vehicle 2WD,Regular,Front-Wheel Drive,13.1844,Hyundai,Automatic 6-spd,4.0,2.0
24634,Small Sport Utility Vehicle 2WD,Regular,Front-Wheel Drive,14.9822727272727,Hyundai,Manual 5-spd,4.0,2.0
24635,Small Sport Utility Vehicle 2WD,Regular,Front-Wheel Drive,13.1844,Kia,Automatic 6-spd,4.0,2.4
24636,Small Sport Utility Vehicle 2WD,Regular,Front-Wheel Drive,14.3308695652174,Kia,Manual 6-spd,4.0,2.4
24637,Small Sport Utility Vehicle 2WD,Regular,Front-Wheel Drive,13.73375,Kia,Automatic 6-spd,4.0,2.0
24638,Small Sport Utility Vehicle 4WD,Regular,All-Wheel Drive,13.1844,Ford,Automatic (S6),4.0,1.6
24639,Small Sport Utility Vehicle 4WD,Regular,4-Wheel Drive,14.3308695652174,Hyundai,Automatic 6-spd,4.0,2.4
24640,Small Sport Utility Vehicle 4WD,Regular,4-Wheel Drive,15.6957142857143,Hyundai,Manual 6-spd,4.0,2.4
24641,Compact Cars,Regular,Front-Wheel Drive,13.1844,Mercury,Manual 5-spd,4.0,2.3
24642,Small Sport Utility Vehicle 4WD,Regular,4-Wheel Drive,14.3308695652174,Kia,Automatic 6-spd,4.0,2.4
24643,Small Sport Utility Vehicle 4WD,Regular,4-Wheel Drive,15.6957142857143,Kia,Manual 6-spd,4.0,2.4
24644,Small Sport Utility Vehicle 4WD,Regular,4-Wheel Drive,14.9822727272727,Kia,Automatic 6-spd,4.0,2.0
24645,Small Sport Utility Vehicle 4WD,Regular,All-Wheel Drive,14.3308695652174,Subaru,Manual 5-spd,4.0,2.5
24646,Small Sport Utility Vehicle 4WD,Regular,All-Wheel Drive,14.3308695652174,Subaru,Automatic (S4),4.0,2.5
24647,Small Sport Utility Vehicle 4WD,Premium,All-Wheel Drive,15.6957142857143,Subaru,Automatic (S4),4.0,2.5
24648,Standard Sport Utility Vehicle 2WD,Gasoline or E85,Rear-Wheel Drive,20.600625,Cadillac,Automatic 6-spd,8.0,6.2
24649,Standard Sport Utility Vehicle 2WD,Gasoline or E85,Rear-Wheel Drive,20.600625,Cadillac,Automatic 6-spd,8.0,6.2
24650,Standard Sport Utility Vehicle 2WD,Gasoline or E85,Rear-Wheel Drive,19.3888235294118,Chevrolet,Automatic 6-spd,8.0,5.3
24651,Standard Sport Utility Vehicle 2WD,Gasoline or E85,Rear-Wheel Drive,19.3888235294118,Chevrolet,Automatic 6-spd,8.0,5.3
24652,Compact Cars,Regular,Front-Wheel Drive,14.9822727272727,Mercury,Manual 5-spd,4.0,2.3
24653,Standard Sport Utility Vehicle 2WD,Gasoline or E85,Rear-Wheel Drive,19.3888235294118,Chevrolet,Automatic 6-spd,8.0,5.3
24654,Standard Sport Utility Vehicle 2WD,Regular,Rear-Wheel Drive,27.4675,Chevrolet,Automatic 6-spd,8.0,6.0
24655,Standard Sport Utility Vehicle 2WD,Gasoline or E85,Rear-Wheel Drive,19.3888235294118,GMC,Automatic 6-spd,8.0,5.3
24656,Standard Sport Utility Vehicle 2WD,Gasoline or E85,Rear-Wheel Drive,19.3888235294118,GMC,Automatic 6-spd,8.0,5.3
24657,Standard Sport Utility Vehicle 2WD,Gasoline or E85,Rear-Wheel Drive,20.600625,GMC,Automatic 6-spd,8.0,6.2
24658,Standard Sport Utility Vehicle 2WD,Gasoline or E85,Rear-Wheel Drive,20.600625,GMC,Automatic 6-spd,8.0,6.2
24659,Standard Sport Utility Vehicle 2WD,Regular,Rear-Wheel Drive,27.4675,GMC,Automatic 6-spd,8.0,6.0
24660,Standard Sport Utility Vehicle 4WD,Gasoline or E85,All-Wheel Drive,21.974,Cadillac,Automatic 6-spd,8.0,6.2
24661,Standard Sport Utility Vehicle 4WD,Gasoline or E85,4-Wheel Drive,19.3888235294118,Chevrolet,Automatic 6-spd,8.0,5.3
24662,Standard Sport Utility Vehicle 4WD,Gasoline or E85,4-Wheel Drive,19.3888235294118,Chevrolet,Automatic 6-spd,8.0,5.3
24663,Compact Cars,Regular,4-Wheel or All-Wheel Drive,17.3478947368421,Mercury,Automatic 3-spd,4.0,2.3
24664,Standard Sport Utility Vehicle 4WD,Gasoline or E85,4-Wheel Drive,19.3888235294118,Chevrolet,Automatic 6-spd,8.0,5.3
24665,Standard Sport Utility Vehicle 4WD,Gasoline or E85,4-Wheel Drive,19.3888235294118,GMC,Automatic 6-spd,8.0,5.3
24666,Standard Sport Utility Vehicle 4WD,Gasoline or E85,4-Wheel Drive,19.3888235294118,GMC,Automatic 6-spd,8.0,5.3
24667,Standard Sport Utility Vehicle 4WD,Gasoline or E85,All-Wheel Drive,21.974,GMC,Automatic 6-spd,8.0,6.2
24668,Midsize Cars,Regular Gas and Electricity,Front-Wheel Drive,4.74461248151261,Toyota,Automatic (variable gear ratios),4.0,1.8
24669,Subcompact Cars,Premium,Rear-Wheel Drive,16.4805,Infiniti,Automatic (S7),6.0,3.7
24670,Subcompact Cars,Premium,Rear-Wheel Drive,17.3478947368421,Infiniti,Manual 6-spd,6.0,3.7
24671,Subcompact Cars,Premium,Rear-Wheel Drive,16.4805,Infiniti,Manual 6-spd,6.0,3.7
24672,Subcompact Cars,Premium,Rear-Wheel Drive,14.9822727272727,Infiniti,Automatic (S7),6.0,3.7
24673,Subcompact Cars,Premium,All-Wheel Drive,16.4805,Infiniti,Automatic (S7),6.0,3.7
24674,Compact Cars,Regular,Rear-Wheel Drive,19.3888235294118,Merkur,Automatic 3-spd,4.0,2.3
24675,Midsize Cars,Regular,Front-Wheel Drive,15.6957142857143,Buick,Automatic (S6),6.0,3.6
24676,Midsize Cars,Premium,Rear-Wheel Drive,17.3478947368421,Infiniti,Automatic (S7),8.0,5.6
24677,Midsize Cars,Premium,All-Wheel Drive,18.3116666666667,Infiniti,Automatic (S7),8.0,5.6
24678,Midsize Cars,Premium,Rear-Wheel Drive,11.3658620689655,Infiniti,Automatic (S7),6.0,3.5
24679,Midsize Cars,Premium,Rear-Wheel Drive,15.6957142857143,Infiniti,Automatic (S7),6.0,3.7
24680,Midsize Cars,Regular,All-Wheel Drive,13.73375,Subaru,Manual 6-spd,4.0,2.5
24681,Midsize Cars,Regular,All-Wheel Drive,12.2077777777778,Subaru,Automatic (variable gear ratios),4.0,2.5
24682,Midsize Cars,Regular,All-Wheel Drive,16.4805,Subaru,Automatic (S5),6.0,3.6
24683,Large Cars,Regular,Front-Wheel Drive,15.6957142857143,Cadillac,Automatic (S6),6.0,3.6
24684,Standard Pickup Trucks 4WD,Gasoline or E85,All-Wheel Drive,23.5435714285714,GMC,Automatic 6-spd,8.0,6.2
24685,Compact Cars,Diesel,Front-Wheel Drive,9.554625,Mercury,Manual 5-spd,4.0,2.0
24686,Compact Cars,Regular,Rear-Wheel Drive,16.4805,Merkur,Manual 5-spd,4.0,2.3
24687,"Vans, Cargo Type",Gasoline or E85,Rear-Wheel Drive,27.4675,Chevrolet,Automatic 6-spd,8.0,6.0
24688,"Vans, Cargo Type",Gasoline or E85,Rear-Wheel Drive,27.4675,GMC,Automatic 6-spd,8.0,6.0
24689,"Vans, Passenger Type",Gasoline or E85,Rear-Wheel Drive,25.3546153846154,Chevrolet,Automatic 6-spd,8.0,4.8
24690,"Vans, Passenger Type",Gasoline or E85,Rear-Wheel Drive,25.3546153846154,Chevrolet,Automatic 6-spd,8.0,6.0
24691,"Vans, Passenger Type",Gasoline or E85,Rear-Wheel Drive,27.4675,Chevrolet,Automatic 6-spd,8.0,6.0
24692,"Vans, Passenger Type",Gasoline or E85,Rear-Wheel Drive,25.3546153846154,GMC,Automatic 6-spd,8.0,4.8
24693,"Vans, Passenger Type",Gasoline or E85,Rear-Wheel Drive,25.3546153846154,GMC,Automatic 6-spd,8.0,6.0
24694,"Vans, Passenger Type",Gasoline or E85,Rear-Wheel Drive,27.4675,GMC,Automatic 6-spd,8.0,6.0
24695,Small Sport Utility Vehicle 4WD,Regular,All-Wheel Drive,13.73375,Subaru,Manual 6-spd,4.0,2.5
24696,Small Sport Utility Vehicle 4WD,Regular,All-Wheel Drive,12.6773076923077,Subaru,Automatic (variable gear ratios),4.0,2.5
24697,Compact Cars,Regular,Front-Wheel Drive,13.73375,Mazda,Automatic 3-spd,4.0,1.6
24698,Small Sport Utility Vehicle 4WD,Regular,All-Wheel Drive,16.4805,Subaru,Automatic (S5),6.0,3.6
24699,Standard Sport Utility Vehicle 4WD,Gasoline or E85,All-Wheel Drive,23.5435714285714,Cadillac,Automatic 6-spd,8.0,6.2
24700,Standard Sport Utility Vehicle 4WD,Gasoline or E85,All-Wheel Drive,23.5435714285714,Cadillac,Automatic 6-spd,8.0,6.2
24701,Standard Sport Utility Vehicle 4WD,Regular,4-Wheel Drive,27.4675,Chevrolet,Automatic 6-spd,8.0,6.0
24702,Standard Sport Utility Vehicle 4WD,Gasoline or E85,All-Wheel Drive,23.5435714285714,GMC,Automatic 6-spd,8.0,6.2
24703,Standard Sport Utility Vehicle 4WD,Regular,4-Wheel Drive,27.4675,GMC,Automatic 6-spd,8.0,6.0
24704,Subcompact Cars,Premium Gas or Electricity,Rear-Wheel Drive,6.35925484285714,Fisker,Automatic (A1),4.0,2.0
24705,Two Seaters,Premium,Rear-Wheel Drive,14.9822727272727,Porsche,Manual 6-spd,6.0,3.4
24706,Two Seaters,Premium,Rear-Wheel Drive,13.73375,Porsche,Auto(AM-S7),6.0,3.4
24707,Minicompact Cars,Premium,Rear-Wheel Drive,17.3478947368421,Porsche,Automatic 7-spd,6.0,3.8
24708,Compact Cars,Regular,Front-Wheel Drive,13.1844,Mazda,Manual 4-spd,4.0,1.6
24709,Minicompact Cars,Premium,Rear-Wheel Drive,17.3478947368421,Porsche,Automatic 7-spd,6.0,3.8
24710,Minicompact Cars,Premium,Rear-Wheel Drive,17.3478947368421,Porsche,Automatic 7-spd,6.0,3.8
24711,Minicompact Cars,Premium,Rear-Wheel Drive,17.3478947368421,Porsche,Automatic 7-spd,6.0,3.8
24712,Minicompact Cars,Premium,Rear-Wheel Drive,17.3478947368421,Porsche,Manual 6-spd,6.0,3.8
24713,Minicompact Cars,Premium,Rear-Wheel Drive,17.3478947368421,Porsche,Manual 6-spd,6.0,3.8
24714,Subcompact Cars,Regular,Front-Wheel Drive,10.3003125,Ford,Auto(AM6),4.0,1.6
24715,Subcompact Cars,Regular,Front-Wheel Drive,10.3003125,Ford,Manual 5-spd,4.0,1.6
24716,Subcompact Cars,Regular,Front-Wheel Drive,10.3003125,Ford,Auto(AM6),4.0,1.6
24717,Compact Cars,Gasoline or E85,Front-Wheel Drive,13.73375,Buick,Automatic (S6),4.0,2.4
24718,Compact Cars,Regular,Rear-Wheel Drive,15.6957142857143,Chevrolet,Automatic (S6),6.0,3.6
24719,Compact Cars,Regular,Front-Wheel Drive,12.2077777777778,Mazda,Manual 5-spd,4.0,1.6
24720,Compact Cars,Regular,Front-Wheel Drive,13.1844,Scion,Manual 6-spd,4.0,2.5
24721,Compact Cars,Regular,Front-Wheel Drive,13.1844,Scion,Automatic (S6),4.0,2.5
24722,Compact Cars,Regular,All-Wheel Drive,10.987,Subaru,Automatic (variable gear ratios),4.0,2.0
24723,Compact Cars,Premium,All-Wheel Drive,15.6957142857143,Subaru,Manual 5-spd,4.0,2.5
24724,Compact Cars,Premium,All-Wheel Drive,17.3478947368421,Subaru,Manual 6-spd,4.0,2.5
24725,Midsize Cars,Gasoline or E85,Front-Wheel Drive,15.6957142857143,Buick,Automatic (S6),6.0,3.6
24726,Midsize Cars,Gasoline or E85,Front-Wheel Drive,14.9822727272727,Buick,Automatic (S6),4.0,2.0
24727,Midsize Cars,Gasoline or E85,Front-Wheel Drive,13.73375,Buick,Manual 6-spd,4.0,2.0
24728,Midsize Cars,Gasoline or E85,Front-Wheel Drive,14.9822727272727,Buick,Automatic (S6),4.0,2.0
24729,Midsize Cars,Regular,Rear-Wheel Drive,15.6957142857143,Cadillac,Automatic (S6),6.0,3.6
24730,Compact Cars,Regular,Front-Wheel Drive,14.9822727272727,Mazda,Automatic 4-spd,4.0,2.0
24731,Midsize Cars,Regular,Front-Wheel Drive,10.987,Chevrolet,Automatic 6-spd,4.0,1.4
24732,Midsize Cars,Regular,Front-Wheel Drive,10.987,Chevrolet,Manual 6-spd,4.0,1.4
24733,Midsize Cars,Regular,Front-Wheel Drive,10.3003125,Chevrolet,Manual 6-spd,4.0,1.4
24734,Midsize Cars,Regular,Front-Wheel Drive,10.987,Chevrolet,Automatic (S6),4.0,1.4
24735,Midsize Cars,Regular,Front-Wheel Drive,11.3658620689655,Chevrolet,Manual 6-spd,4.0,1.8
24736,Midsize Cars,Regular,Front-Wheel Drive,12.6773076923077,Chevrolet,Automatic (S6),4.0,1.8
24737,Small Station Wagons,Regular,Rear-Wheel Drive,15.6957142857143,Cadillac,Automatic (S6),6.0,3.6
24738,Small Station Wagons,Regular,All-Wheel Drive,10.987,Subaru,Automatic (variable gear ratios),4.0,2.0
24739,Small Station Wagons,Premium,All-Wheel Drive,15.6957142857143,Subaru,Manual 5-spd,4.0,2.5
24740,Small Station Wagons,Premium,All-Wheel Drive,17.3478947368421,Subaru,Manual 6-spd,4.0,2.5
24741,Compact Cars,Regular,Front-Wheel Drive,13.1844,Mazda,Manual 5-spd,4.0,2.0
24742,Standard Sport Utility Vehicle 4WD,Premium,All-Wheel Drive,19.3888235294118,Porsche,Automatic 8-spd,8.0,4.8
24743,Small Sport Utility Vehicle 2WD,Regular,Front-Wheel Drive,14.3308695652174,Toyota,Automatic (S6),4.0,2.7
24744,Small Sport Utility Vehicle 2WD,Regular,Front-Wheel Drive,15.6957142857143,Toyota,Automatic (S6),6.0,3.5
24745,Small Sport Utility Vehicle 4WD,Regular,All-Wheel Drive,14.9822727272727,Toyota,Automatic (S6),4.0,2.7
24746,Small Sport Utility Vehicle 4WD,Regular,All-Wheel Drive,15.6957142857143,Toyota,Automatic (S6),6.0,3.5
24747,Standard Sport Utility Vehicle 2WD,Gasoline or E85,Front-Wheel Drive,17.3478947368421,Cadillac,Automatic (S6),6.0,3.6
24748,Standard Sport Utility Vehicle 4WD,Gasoline or E85,All-Wheel Drive,18.3116666666667,Cadillac,Automatic (S6),6.0,3.6
24749,Large Cars,Electricity,Rear-Wheel Drive,0.228,Tesla,Automatic (A1),,
24750,Two Seaters,Premium,All-Wheel Drive,12.6773076923077,Audi,Auto(AM-S6),4.0,2.0
24751,Two Seaters,Premium,Rear-Wheel Drive,12.6773076923077,Mercedes-Benz,Manual 6-spd,4.0,1.8
24752,Compact Cars,Regular,Front-Wheel Drive,14.9822727272727,Mazda,Manual 5-spd,4.0,2.0
24753,Subcompact Cars,Premium,All-Wheel Drive,12.6773076923077,Audi,Manual 6-spd,4.0,2.0
24754,Subcompact Cars,Premium,All-Wheel Drive,15.6957142857143,Audi,Auto(AM-S7),6.0,3.0
24755,Subcompact Cars,Premium,All-Wheel Drive,15.6957142857143,Audi,Auto(AM-S7),6.0,3.0
24756,Subcompact Cars,Premium,All-Wheel Drive,16.4805,Audi,Manual 6-spd,6.0,3.0
24757,Subcompact Cars,Premium,All-Wheel Drive,18.3116666666667,Audi,Auto(AM-S7),8.0,4.2
24758,Subcompact Cars,Premium,All-Wheel Drive,12.6773076923077,Audi,Auto(AM-S6),4.0,2.0
24759,Subcompact Cars,Premium,All-Wheel Drive,16.4805,Audi,Manual 6-spd,5.0,2.5
24760,Subcompact Cars,Regular,Front-Wheel Drive,9.69441176470588,Chevrolet,Manual 5-spd,4.0,1.2
24761,Subcompact Cars,Premium,Rear-Wheel Drive,19.3888235294118,Roush Performance,Manual 6-spd,8.0,5.0
24762,Subcompact Cars,Premium,Rear-Wheel Drive,18.3116666666667,Roush Performance,Automatic 6-spd,8.0,5.0
24763,Compact Cars,Premium,Rear-Wheel Drive,17.3478947368421,Mercedes-Benz,Automatic 4-spd,6.0,2.6
24764,Subcompact Cars,Premium,Front-Wheel Drive,13.1844,Volkswagen,Auto(AM-S6),4.0,2.0
24765,Subcompact Cars,Regular,Front-Wheel Drive,14.9822727272727,Volvo,Automatic (S5),5.0,2.5
24766,Compact Cars,Premium,All-Wheel Drive,12.6773076923077,Audi,Manual 6-spd,4.0,2.0
24767,Compact Cars,Premium,All-Wheel Drive,15.6957142857143,Audi,Auto(AM-S7),6.0,3.0
24768,Compact Cars,Premium,All-Wheel Drive,16.4805,Audi,Manual 6-spd,6.0,3.0
24769,Compact Cars,Regular,Front-Wheel Drive,10.3003125,Chevrolet,Manual 6-spd,4.0,1.4
24770,Compact Cars,Regular,Front-Wheel Drive,10.987,Chevrolet,Automatic (S6),4.0,1.4
24771,Compact Cars,Regular,Front-Wheel Drive,10.6325806451613,Hyundai,Auto(AM6),4.0,1.6
24772,Compact Cars,Regular,Front-Wheel Drive,10.6325806451613,Hyundai,Manual 6-spd,4.0,1.6
24773,Compact Cars,Regular,Front-Wheel Drive,12.2077777777778,Hyundai,Automatic 6-spd,4.0,1.6
24774,Compact Cars,Diesel,Rear-Wheel Drive,15.924375,Mercedes-Benz,Automatic 4-spd,6.0,3.0
24775,Compact Cars,Regular,Front-Wheel Drive,11.7717857142857,Hyundai,Manual 6-spd,4.0,1.6
24776,Compact Cars,Regular,Front-Wheel Drive,11.7717857142857,Kia,Automatic 6-spd,4.0,2.0
24777,Compact Cars,Regular,Front-Wheel Drive,12.2077777777778,Kia,Manual 6-spd,4.0,2.0
24778,Compact Cars,Regular,Front-Wheel Drive,12.6773076923077,Kia,Automatic 6-spd,4.0,2.4
24779,Compact Cars,Regular,Front-Wheel Drive,12.6773076923077,Kia,Manual 6-spd,4.0,2.4
24780,Compact Cars,Regular,All-Wheel Drive,11.7717857142857,Subaru,Manual 5-spd,4.0,2.0
24781,Compact Cars,Premium,Front-Wheel Drive,12.2077777777778,Volkswagen,Auto(AM-S6),4.0,2.0
24782,Compact Cars,Premium,All-Wheel Drive,14.9822727272727,Volkswagen,Manual 6-spd,4.0,2.0
24783,Compact Cars,Regular,All-Wheel Drive,15.6957142857143,Volvo,Automatic (S6),6.0,3.0
24784,Compact Cars,Regular,Front-Wheel Drive,13.73375,Volvo,Automatic (S5),5.0,2.5
24785,Compact Cars,Premium,Rear-Wheel Drive,18.3116666666667,Mercedes-Benz,Automatic 4-spd,6.0,3.0
24786,Compact Cars,Regular,Front-Wheel Drive,13.73375,Volvo,Manual 6-spd,5.0,2.5
24787,Compact Cars,Regular,Front-Wheel Drive,13.73375,Volvo,Automatic (S6),5.0,2.5
24788,Compact Cars,Regular,All-Wheel Drive,14.3308695652174,Volvo,Automatic (S6),5.0,2.5
24789,Compact Cars,Premium,Rear-Wheel Drive,13.73375,BMW,Automatic (S8),6.0,3.0
24790,Midsize Cars,Regular,All-Wheel Drive,15.6957142857143,Cadillac,Automatic (S6),6.0,3.6
24791,Midsize Cars,Regular,Rear-Wheel Drive,17.3478947368421,Cadillac,Manual 6-spd,6.0,3.0
24792,Midsize Cars,Regular,Rear-Wheel Drive,15.6957142857143,Cadillac,Automatic (S6),6.0,3.0
24793,Midsize Cars,Regular,All-Wheel Drive,15.6957142857143,Cadillac,Automatic (S6),6.0,3.0
24794,Midsize Cars,Regular,Front-Wheel Drive,10.3003125,Chevrolet,Manual 6-spd,4.0,1.4
24795,Midsize Cars,Regular,Front-Wheel Drive,10.987,Chevrolet,Automatic (S6),4.0,1.4
24796,Compact Cars,Diesel,Front-Wheel Drive,11.2407352941176,Mercury,Manual 5-spd,4.0,2.0
24797,Compact Cars,Premium,Rear-Wheel Drive,25.3546153846154,Mercedes-Benz,Automatic 4-spd,8.0,5.6
24798,Midsize Cars,Regular,Front-Wheel Drive,12.2077777777778,Dodge,Automatic 6-spd,4.0,2.0
24799,Midsize Cars,Regular,Front-Wheel Drive,10.987,Hyundai,Automatic 6-spd,4.0,1.8
24800,Midsize Cars,Regular,Front-Wheel Drive,10.987,Hyundai,Manual 6-spd,4.0,1.8
24801,Midsize Cars,Regular,Front-Wheel Drive,12.6773076923077,Kia,Automatic 6-spd,4.0,2.0
24802,Midsize Cars,Regular,Front-Wheel Drive,12.2077777777778,Kia,Automatic 6-spd,4.0,2.4
24803,Midsize Cars,Regular,Front-Wheel Drive,12.2077777777778,Kia,Manual 6-spd,4.0,2.4
24804,Midsize Cars,Regular,Front-Wheel Drive,11.3658620689655,Kia,Automatic 6-spd,4.0,2.0
24805,Midsize Cars,Regular,Front-Wheel Drive,11.7717857142857,Kia,Manual 6-spd,4.0,2.0
24806,Midsize Cars,Regular,Front-Wheel Drive,10.987,Kia,Automatic 6-spd,4.0,2.0
24807,Midsize Cars,Regular,Front-Wheel Drive,12.6773076923077,Kia,Automatic 6-spd,4.0,2.4
24808,Compact Cars,Regular,Rear-Wheel Drive,16.4805,Mcevoy Motors,Automatic 4-spd,4.0,2.3
24809,Midsize Cars,Regular,Front-Wheel Drive,12.6773076923077,Kia,Manual 6-spd,4.0,2.4
24810,Midsize Cars,Regular,Front-Wheel Drive,10.6325806451613,Nissan,Auto(AV-S6),4.0,2.5
24811,Midsize Cars,Regular,Front-Wheel Drive,13.1844,Nissan,Auto(AV-S6),6.0,3.5
24812,Compact Cars,Premium,Front-Wheel Drive,12.2077777777778,Volkswagen,Auto(AM-S6),4.0,2.0
24813,Compact Cars,Premium,Front-Wheel Drive,12.6773076923077,Volkswagen,Manual 6-spd,4.0,2.0
24814,Midsize Cars,Premium,Front-Wheel Drive,14.3308695652174,Volkswagen,Auto(AM-S6),6.0,3.6
24815,Midsize Cars,Regular,All-Wheel Drive,15.6957142857143,Volvo,Automatic (S6),6.0,3.0
24816,Large Cars,Regular,All-Wheel Drive,16.4805,Cadillac,Automatic (S6),6.0,3.6
24817,Compact Cars,Regular,Front-Wheel Drive,16.4805,Mitsubishi,Automatic 4-spd,4.0,2.4
24818,Small Station Wagons,Premium,Front-Wheel Drive,13.73375,Audi,Manual 6-spd,4.0,2.0
24819,Small Station Wagons,Premium,Front-Wheel Drive,13.73375,Audi,Auto(AM-S6),4.0,2.0
24820,Small Station Wagons,Regular,All-Wheel Drive,15.6957142857143,Cadillac,Automatic (S6),6.0,3.6
24821,Small Station Wagons,Regular,Rear-Wheel Drive,15.6957142857143,Cadillac,Automatic (S6),6.0,3.0
24822,Small Station Wagons,Regular,All-Wheel Drive,15.6957142857143,Cadillac,Automatic (S6),6.0,3.0
24823,Small Station Wagons,Regular,All-Wheel Drive,12.2077777777778,Subaru,Manual 5-spd,4.0,2.0
24824,Standard Pickup Trucks 2WD,Regular,Rear-Wheel Drive,15.6957142857143,Chevrolet,Automatic (variable gear ratios),8.0,6.0
24825,Standard Pickup Trucks 2WD,Regular,Rear-Wheel Drive,15.6957142857143,GMC,Automatic (variable gear ratios),8.0,6.0
24826,Standard Pickup Trucks 4WD,Regular,4-Wheel Drive,15.6957142857143,Chevrolet,Automatic (variable gear ratios),8.0,6.0
24827,Standard Pickup Trucks 4WD,Regular,4-Wheel Drive,15.6957142857143,GMC,Automatic (variable gear ratios),8.0,6.0
24828,Compact Cars,Regular,Front-Wheel Drive,16.4805,Mitsubishi,Manual 5-spd,4.0,2.4
24829,Small Sport Utility Vehicle 2WD,Premium,Front-Wheel Drive,15.6957142857143,Volkswagen,Manual 6-spd,4.0,2.0
24830,Small Sport Utility Vehicle 2WD,Premium,Front-Wheel Drive,14.3308695652174,Volkswagen,Automatic (S6),4.0,2.0
24831,Small Sport Utility Vehicle 4WD,Premium,All-Wheel Drive,14.9822727272727,Volkswagen,Automatic (S6),4.0,2.0
24832,Small Sport Utility Vehicle 2WD,Premium,Front-Wheel Drive,14.3308695652174,Acura,Automatic (S6),6.0,3.5
24833,Small Sport Utility Vehicle 4WD,Premium,All-Wheel Drive,14.9822727272727,Acura,Automatic (S6),6.0,3.5
24834,Small Sport Utility Vehicle 4WD,Regular,All-Wheel Drive,14.3308695652174,Chevrolet,Automatic 6-spd,4.0,2.4
24835,Small Sport Utility Vehicle 4WD,Gasoline or E85,All-Wheel Drive,14.3308695652174,Chevrolet,Automatic 6-spd,4.0,2.4
24836,Small Sport Utility Vehicle 4WD,Regular,All-Wheel Drive,14.3308695652174,GMC,Automatic 6-spd,4.0,2.4
24837,Small Sport Utility Vehicle 4WD,Gasoline or E85,All-Wheel Drive,14.3308695652174,GMC,Automatic 6-spd,4.0,2.4
24838,Compact Cars,Regular,Front-Wheel Drive,14.3308695652174,Oldsmobile,Automatic 3-spd,4.0,2.5
24839,Small Sport Utility Vehicle 4WD,Regular,All-Wheel Drive,13.1844,Subaru,Manual 5-spd,4.0,2.0
24840,Small Sport Utility Vehicle 4WD,Regular,All-Wheel Drive,11.7717857142857,Subaru,Automatic (variable gear ratios),4.0,2.0
24841,Small Sport Utility Vehicle 4WD,Regular,All-Wheel Drive,16.4805,Volvo,Automatic (S6),6.0,3.0
24842,Small Sport Utility Vehicle 4WD,Regular,All-Wheel Drive,16.4805,Volvo,Automatic (S6),6.0,3.0
24843,Standard Sport Utility Vehicle 2WD,Regular,Rear-Wheel Drive,15.6957142857143,Cadillac,Automatic (variable gear ratios),8.0,6.0
24844,Standard Sport Utility Vehicle 2WD,Regular,Rear-Wheel Drive,15.6957142857143,Chevrolet,Automatic (variable gear ratios),8.0,6.0
24845,Standard Sport Utility Vehicle 2WD,Regular,Rear-Wheel Drive,15.6957142857143,GMC,Automatic (variable gear ratios),8.0,6.0
24846,Standard Sport Utility Vehicle 2WD,Gasoline or E85,Rear-Wheel Drive,17.3478947368421,Jeep,Automatic 5-spd,6.0,3.6
24847,Standard Sport Utility Vehicle 4WD,Premium,All-Wheel Drive,18.3116666666667,Audi,Automatic (S8),6.0,3.0
24848,Standard Sport Utility Vehicle 4WD,Regular,4-Wheel Drive,15.6957142857143,Cadillac,Automatic (variable gear ratios),8.0,6.0
24849,Compact Cars,Regular,Front-Wheel Drive,14.3308695652174,Oldsmobile,Manual 5-spd,4.0,2.5
24850,Standard Sport Utility Vehicle 4WD,Regular,4-Wheel Drive,15.6957142857143,Chevrolet,Automatic (variable gear ratios),8.0,6.0
24851,Standard Sport Utility Vehicle 4WD,Regular,4-Wheel Drive,15.6957142857143,GMC,Automatic (variable gear ratios),8.0,6.0
24852,Standard Sport Utility Vehicle 4WD,Regular,4-Wheel Drive,15.6957142857143,GMC,Automatic (variable gear ratios),8.0,6.0
24853,Standard Sport Utility Vehicle 4WD,Gasoline or E85,4-Wheel Drive,17.3478947368421,Jeep,Automatic 5-spd,6.0,3.6
24854,Standard Sport Utility Vehicle 4WD,Premium,4-Wheel Drive,23.5435714285714,Land Rover,Automatic (S6),8.0,5.0
24855,Compact Cars,Premium Gas or Electricity,Front-Wheel Drive,3.09253880357143,Chevrolet,Automatic (variable gear ratios),4.0,1.4
24856,Two Seaters,Premium,All-Wheel Drive,32.961,Bugatti,Auto(AM-S7),16.0,8.0
24857,Two Seaters,Premium,All-Wheel Drive,20.600625,Lamborghini,Auto(AM-S6),10.0,5.2
24858,Two Seaters,Premium,All-Wheel Drive,20.600625,Lamborghini,Auto(AM-S6),10.0,5.2
24859,Two Seaters,Premium,All-Wheel Drive,21.974,Lamborghini,Manual 6-spd,10.0,5.2
24860,Compact Cars,Regular,Front-Wheel Drive,16.4805,Oldsmobile,Automatic 3-spd,6.0,3.0
24861,Two Seaters,Premium,All-Wheel Drive,23.5435714285714,Lamborghini,Manual 6-spd,10.0,5.2
24862,Two Seaters,Premium,Rear-Wheel Drive,13.73375,Mazda,Manual 5-spd,4.0,2.0
24863,Two Seaters,Premium,Rear-Wheel Drive,13.73375,Mazda,Manual 6-spd,4.0,2.0
24864,Two Seaters,Premium,Rear-Wheel Drive,14.3308695652174,Mazda,Automatic (S6),4.0,2.0
24865,Two Seaters,Premium,Rear-Wheel Drive,17.3478947368421,Mercedes-Benz,Automatic 7-spd,8.0,5.5
24866,Two Seaters,Premium,Rear-Wheel Drive,14.9822727272727,Mercedes-Benz,Automatic 7-spd,8.0,5.5
24867,Two Seaters,Premium,Rear-Wheel Drive,14.9822727272727,Nissan,Automatic (S7),6.0,3.7
24868,Two Seaters,Premium,Rear-Wheel Drive,15.6957142857143,Nissan,Manual 6-spd,6.0,3.7
24869,Two Seaters,Premium,Rear-Wheel Drive,16.4805,Nissan,Automatic (S7),6.0,3.7
24870,Two Seaters,Premium,Rear-Wheel Drive,16.4805,Nissan,Manual 6-spd,6.0,3.7
24871,Compact Cars,Regular,Front-Wheel Drive,13.73375,Oldsmobile,Automatic 3-spd,4.0,2.0
24872,Minicompact Cars,Premium,Rear-Wheel Drive,19.3888235294118,Jaguar,Automatic (S6),8.0,5.0
24873,Minicompact Cars,Premium,Rear-Wheel Drive,18.3116666666667,Jaguar,Automatic (S6),8.0,5.0
24874,Minicompact Cars,Premium,Rear-Wheel Drive,17.3478947368421,Jaguar,Automatic (S6),8.0,5.0
24875,Minicompact Cars,Premium,Rear-Wheel Drive,18.3116666666667,Jaguar,Automatic (S6),8.0,5.0
24876,Subcompact Cars,Premium,Front-Wheel Drive,12.6773076923077,Audi,Auto(AV-S8),4.0,2.0
24877,Subcompact Cars,Premium,All-Wheel Drive,13.73375,Audi,Automatic (S8),4.0,2.0
24878,Subcompact Cars,Premium,All-Wheel Drive,13.73375,Audi,Automatic (S8),4.0,2.0
24879,Subcompact Cars,Regular,Front-Wheel Drive,10.6325806451613,Chevrolet,Automatic 4-spd,4.0,1.2
24880,Subcompact Cars,Premium,4-Wheel Drive,14.9822727272727,Mercedes-Benz,Automatic 7-spd,6.0,3.5
24881,Subcompact Cars,Premium,Rear-Wheel Drive,14.3308695652174,Mercedes-Benz,Automatic 7-spd,6.0,3.5
24882,Compact Cars,Regular,Front-Wheel Drive,13.1844,Oldsmobile,Manual 4-spd,4.0,2.0
24883,Subcompact Cars,Premium or E85,4-Wheel Drive,14.9822727272727,Mercedes-Benz,Automatic 7-spd,6.0,3.5
24884,Subcompact Cars,Premium or E85,Rear-Wheel Drive,14.3308695652174,Mercedes-Benz,Automatic 7-spd,6.0,3.5
24885,Subcompact Cars,Premium or E85,Rear-Wheel Drive,14.9822727272727,Mercedes-Benz,Automatic 7-spd,6.0,3.5
24886,Subcompact Cars,Premium,Rear-Wheel Drive,15.6957142857143,Mercedes-Benz,Automatic 7-spd,8.0,4.7
24887,Subcompact Cars,Premium,Rear-Wheel Drive,17.3478947368421,Mercedes-Benz,Automatic 7-spd,8.0,4.7
24888,Compact Cars,Premium,Front-Wheel Drive,12.6773076923077,Audi,Auto(AV-S8),4.0,2.0
24889,Compact Cars,Premium,All-Wheel Drive,13.73375,Audi,Automatic (S8),4.0,2.0
24890,Compact Cars,Regular,Front-Wheel Drive,13.73375,Buick,Manual 6-spd,4.0,2.0
24891,Compact Cars,Regular,Front-Wheel Drive,13.1844,Oldsmobile,Automatic 3-spd,4.0,2.0
24892,Compact Cars,Regular,Rear-Wheel Drive,12.6773076923077,Cadillac,Automatic (S6),4.0,2.5
24893,Compact Cars,Regular,Front-Wheel Drive,11.3658620689655,Chevrolet,Manual 5-spd,4.0,1.8
24894,Compact Cars,Regular,Front-Wheel Drive,11.7717857142857,Chevrolet,Automatic (S6),4.0,1.8
24895,Compact Cars,Premium,4-Wheel Drive,18.3116666666667,Mercedes-Benz,Automatic 7-spd,8.0,4.7
24896,Compact Cars,Premium,Rear-Wheel Drive,18.3116666666667,Mercedes-Benz,Automatic 7-spd,8.0,5.5
24897,Compact Cars,Premium,Rear-Wheel Drive,16.4805,Mercedes-Benz,Automatic 7-spd,8.0,4.7
24898,Compact Cars,Premium,4-Wheel Drive,17.3478947368421,Mercedes-Benz,Automatic 7-spd,8.0,4.7
24899,Compact Cars,Premium,Rear-Wheel Drive,17.3478947368421,Mercedes-Benz,Automatic 7-spd,8.0,5.5
24900,Compact Cars,Diesel,Front-Wheel Drive,11.2407352941176,Mercury,Manual 5-spd,4.0,2.0
24901,Compact Cars,Regular,Front-Wheel Drive,12.6773076923077,Oldsmobile,Manual 5-spd,4.0,2.0
24902,Midsize Cars,Premium,Front-Wheel Drive,11.7717857142857,Audi,Auto(AV-S8),4.0,2.0
24903,Midsize Cars,Premium,All-Wheel Drive,13.73375,Audi,Automatic (S8),4.0,2.0
24904,Midsize Cars,Premium,All-Wheel Drive,15.6957142857143,Audi,Automatic (S8),6.0,3.0
24905,Midsize Cars,Premium,All-Wheel Drive,15.6957142857143,Audi,Automatic (S8),6.0,3.0
24906,Midsize Cars,Regular,Front-Wheel Drive,14.9822727272727,Buick,Manual 6-spd,4.0,2.0
24907,Midsize Cars,Gasoline or E85,All-Wheel Drive,16.4805,Buick,Automatic (S6),6.0,3.6
24908,Midsize Cars,Gasoline or E85,Front-Wheel Drive,14.3308695652174,Buick,Automatic (S6),4.0,2.4
24909,Midsize Cars,Regular,Front-Wheel Drive,14.3308695652174,Buick,Automatic (S6),4.0,2.4
24910,Midsize Cars,Regular,Front-Wheel Drive,11.3658620689655,Chevrolet,Manual 5-spd,4.0,1.8
24911,Midsize Cars,Regular,Front-Wheel Drive,11.7717857142857,Chevrolet,Automatic (S6),4.0,1.8
24912,Compact Cars,Regular,Front-Wheel Drive,16.4805,Oldsmobile,Automatic 3-spd,6.0,2.8
24913,Midsize Cars,Regular,Front-Wheel Drive,13.73375,Lexus,Automatic (S6),6.0,3.5
24914,Midsize Cars,Regular,Front-Wheel Drive,8.24025,Lexus,Auto(AV-S6),4.0,2.5
24915,Midsize Cars,Premium,4-Wheel Drive,14.9822727272727,Mercedes-Benz,Automatic 7-spd,6.0,3.5
24916,Midsize Cars,Premium,Rear-Wheel Drive,14.3308695652174,Mercedes-Benz,Automatic 7-spd,6.0,3.5
24917,Midsize Cars,Premium,4-Wheel Drive,16.4805,Mercedes-Benz,Automatic 7-spd,8.0,4.7
24918,Midsize Cars,Premium,Rear-Wheel Drive,17.3478947368421,Mercedes-Benz,Automatic 7-spd,8.0,5.5
24919,Midsize Cars,Regular,Front-Wheel Drive,12.6773076923077,Volkswagen,Manual 5-spd,5.0,2.5
24920,Midsize Cars,Regular,Front-Wheel Drive,13.1844,Volkswagen,Automatic (S6),5.0,2.5
24921,Compact Cars,Regular,Front-Wheel Drive,16.4805,Oldsmobile,Manual 5-spd,6.0,2.8
24922,Compact Cars,Regular,Front-Wheel Drive,13.1844,Volkswagen,Automatic (S6),4.0,2.0
24923,Compact Cars,Regular,Front-Wheel Drive,11.7717857142857,Volkswagen,Manual 5-spd,4.0,2.0
24924,Midsize Cars,Regular,Front-Wheel Drive,14.9822727272727,Volvo,Automatic (S6),6.0,3.2
24925,Large Cars,Regular,Front-Wheel Drive,14.9822727272727,Chevrolet,Automatic 6-spd,6.0,3.6
24926,Large Cars,Gasoline or E85,Front-Wheel Drive,14.9822727272727,Chevrolet,Automatic 6-spd,6.0,3.6
24927,Large Cars,Premium,Rear-Wheel Drive,17.3478947368421,Mercedes-Benz,Automatic 7-spd,8.0,4.7
24928,Large Cars,Premium,Rear-Wheel Drive,18.3116666666667,Mercedes-Benz,Automatic 7-spd,8.0,5.5
24929,Large Cars,Premium,4-Wheel Drive,18.3116666666667,Mercedes-Benz,Automatic 7-spd,8.0,4.7
24930,Large Cars,Premium,All-Wheel Drive,18.3116666666667,Porsche,Automatic 7-spd,8.0,4.8
24931,Large Cars,Premium,All-Wheel Drive,18.3116666666667,Porsche,Automatic 7-spd,8.0,4.8
24932,Compact Cars,Regular,Rear-Wheel Drive,17.3478947368421,Peugeot,Automatic 4-spd,4.0,2.0
24933,Small Station Wagons,Premium,All-Wheel Drive,13.73375,Audi,Auto(AM-S6),4.0,2.0
24934,Midsize Station Wagons,Premium,Rear-Wheel Drive,18.3116666666667,Mercedes-Benz,Automatic 7-spd,8.0,5.5
24935,Standard Sport Utility Vehicle 4WD,Premium,All-Wheel Drive,17.3478947368421,Porsche,Automatic (S8),6.0,3.6
24936,Standard Sport Utility Vehicle 4WD,Premium,All-Wheel Drive,19.3888235294118,Porsche,Manual 6-spd,6.0,3.6
24937,Standard Sport Utility Vehicle 4WD,Premium,All-Wheel Drive,15.6957142857143,Volkswagen,Automatic (S8),6.0,3.0
24938,Standard Sport Utility Vehicle 4WD,Premium,All-Wheel Drive,17.3478947368421,Volkswagen,Automatic (S8),6.0,3.6
24939,Small Sport Utility Vehicle 2WD,Gasoline or E85,Front-Wheel Drive,16.4805,Chevrolet,Automatic 6-spd,6.0,3.6
24940,Compact Cars,Premium,Rear-Wheel Drive,18.3116666666667,Peugeot,Automatic 4-spd,4.0,2.1
24941,Small Sport Utility Vehicle 2WD,Regular,Front-Wheel Drive,12.6773076923077,Chevrolet,Automatic 6-spd,4.0,2.4
24942,Small Sport Utility Vehicle 2WD,Regular,Front-Wheel Drive,16.4805,Chevrolet,Automatic 6-spd,6.0,3.6
24943,Small Sport Utility Vehicle 2WD,Gasoline or E85,Front-Wheel Drive,12.6773076923077,Chevrolet,Automatic 6-spd,4.0,2.4
24944,Small Sport Utility Vehicle 2WD,Gasoline or E85,Front-Wheel Drive,14.3308695652174,Chevrolet,Automatic 6-spd,4.0,2.4
24945,Small Sport Utility Vehicle 2WD,Gasoline or E85,Front-Wheel Drive,17.3478947368421,Chevrolet,Automatic 6-spd,6.0,3.0
24946,Small Sport Utility Vehicle 2WD,Regular,Front-Wheel Drive,12.6773076923077,GMC,Automatic 6-spd,4.0,2.4
24947,Small Sport Utility Vehicle 2WD,Regular,Front-Wheel Drive,16.4805,GMC,Automatic 6-spd,6.0,3.6
24948,Small Sport Utility Vehicle 2WD,Gasoline or E85,Front-Wheel Drive,12.6773076923077,GMC,Automatic 6-spd,4.0,2.4
24949,Small Sport Utility Vehicle 4WD,Gasoline or E85,All-Wheel Drive,18.3116666666667,Chevrolet,Automatic 6-spd,6.0,3.0
24950,Small Sport Utility Vehicle 4WD,Regular,All-Wheel Drive,18.3116666666667,Subaru,Automatic (S5),6.0,3.6
24951,Compact Cars,Premium,Rear-Wheel Drive,17.3478947368421,Peugeot,Manual 5-spd,4.0,2.1
24952,Small Sport Utility Vehicle 4WD,Regular,All-Wheel Drive,16.4805,Volvo,Automatic (S6),6.0,3.2
24953,Small Sport Utility Vehicle 4WD,Regular,All-Wheel Drive,16.4805,Volvo,Automatic (S6),6.0,3.2
24954,Standard Sport Utility Vehicle 2WD,Midgrade,Rear-Wheel Drive,20.600625,Dodge,Automatic 6-spd,8.0,5.7
24955,Standard Sport Utility Vehicle 2WD,Gasoline or E85,Rear-Wheel Drive,17.3478947368421,Dodge,Automatic 5-spd,6.0,3.6
24956,Standard Sport Utility Vehicle 2WD,Midgrade,Rear-Wheel Drive,20.600625,Jeep,Automatic 6-spd,8.0,5.7
24957,Standard Sport Utility Vehicle 4WD,Gasoline or E85,4-Wheel Drive,17.3478947368421,Dodge,Automatic 5-spd,6.0,3.6
24958,Standard Sport Utility Vehicle 4WD,Midgrade,4-Wheel Drive,21.974,Dodge,Automatic 6-spd,8.0,5.7
24959,Standard Sport Utility Vehicle 4WD,Midgrade,4-Wheel Drive,21.974,Jeep,Automatic 6-spd,8.0,5.7
24960,Standard Sport Utility Vehicle 4WD,Premium,4-Wheel Drive,23.5435714285714,Jeep,Automatic 5-spd,8.0,6.4
24961,Standard Sport Utility Vehicle 4WD,Premium,4-Wheel Drive,21.974,Land Rover,Automatic (S6),8.0,5.0
24962,Compact Cars,Regular,Rear-Wheel Drive,17.3478947368421,Peugeot,Automatic 4-spd,4.0,2.2
24963,Standard Sport Utility Vehicle 4WD,Premium,4-Wheel Drive,19.3888235294118,Lexus,Automatic (S6),8.0,4.6
24964,Standard Sport Utility Vehicle 4WD,Premium or E85,4-Wheel Drive,16.4805,Mercedes-Benz,Automatic 7-spd,6.0,3.5
24965,Two Seaters,Premium,Rear-Wheel Drive,12.6773076923077,Mercedes-Benz,Automatic 7-spd,4.0,1.8
24966,Two Seaters,Premium,Rear-Wheel Drive,13.73375,Mercedes-Benz,Automatic 7-spd,6.0,3.5
24967,Two Seaters,Premium,Rear-Wheel Drive,21.974,Mercedes-Benz,Auto(AM7),8.0,6.2
24968,Two Seaters,Premium,Rear-Wheel Drive,21.974,Mercedes-Benz,Auto(AM7),8.0,6.2
24969,Subcompact Cars,Premium,Rear-Wheel Drive,20.600625,Maserati,Automatic 6-spd,8.0,4.7
24970,Subcompact Cars,Premium,Rear-Wheel Drive,21.974,Maserati,Automatic 6-spd,8.0,4.7
24971,Subcompact Cars,Premium,Rear-Wheel Drive,13.1844,Mercedes-Benz,Automatic 7-spd,4.0,1.8
24972,Subcompact Cars,Premium,Rear-Wheel Drive,21.974,Mercedes-Benz,Automatic 7-spd,8.0,6.2
24973,Compact Cars,Regular,Rear-Wheel Drive,18.3116666666667,Peugeot,Manual 5-spd,4.0,2.2
24974,Subcompact Cars,Premium,Rear-Wheel Drive,20.600625,Mercedes-Benz,Automatic 7-spd,8.0,6.2
24975,Subcompact Cars,Premium,4-Wheel Drive,14.9822727272727,Mercedes-Benz,Automatic 7-spd,6.0,3.5
24976,Subcompact Cars,Premium,Rear-Wheel Drive,14.3308695652174,Mercedes-Benz,Automatic 7-spd,6.0,3.5
24977,Subcompact Cars,Premium,Rear-Wheel Drive,14.3308695652174,Mercedes-Benz,Automatic 7-spd,6.0,3.5
24978,Subcompact Cars,Premium,4-Wheel Drive,14.9822727272727,Mercedes-Benz,Automatic 7-spd,6.0,3.5
24979,Subcompact Cars,Premium,Rear-Wheel Drive,14.9822727272727,Mercedes-Benz,Automatic 7-spd,6.0,3.5
24980,Subcompact Cars,Premium,Front-Wheel Drive,13.73375,Volkswagen,Manual 6-spd,4.0,2.0
24981,Compact Cars,Regular,Front-Wheel Drive,10.6325806451613,Mazda,Manual 5-spd,4.0,1.5
24982,Compact Cars,Premium,4-Wheel Drive,14.9822727272727,Mercedes-Benz,Automatic 7-spd,6.0,3.5
24983,Compact Cars,Premium or E85,Rear-Wheel Drive,14.3308695652174,Mercedes-Benz,Automatic 7-spd,6.0,3.5
24984,Compact Cars,Diesel,Rear-Wheel Drive,16.6167391304348,Peugeot,Automatic 4-spd,4.0,2.5
24985,Compact Cars,Premium,Rear-Wheel Drive,13.1844,Mercedes-Benz,Automatic 7-spd,4.0,1.8
24986,Compact Cars,Premium,Rear-Wheel Drive,14.3308695652174,Mercedes-Benz,Automatic 7-spd,6.0,3.5
24987,Compact Cars,Premium,Rear-Wheel Drive,21.974,Mercedes-Benz,Automatic 7-spd,8.0,6.2
24988,Compact Cars,Premium,Rear-Wheel Drive,23.5435714285714,Mercedes-Benz,Automatic 5-spd,12.0,5.5
24989,Compact Cars,Premium,Rear-Wheel Drive,23.5435714285714,Rolls-Royce,Automatic (S8),12.0,6.7
24990,Compact Cars,Premium,Rear-Wheel Drive,23.5435714285714,Rolls-Royce,Automatic (S8),12.0,6.7
24991,Compact Cars,Premium,Front-Wheel Drive,13.73375,Volkswagen,Manual 6-spd,4.0,2.0
24992,Midsize Cars,Premium,Rear-Wheel Drive,14.3308695652174,Mercedes-Benz,Automatic 7-spd,6.0,3.5
24993,Midsize Cars,Premium,4-Wheel Drive,14.9822727272727,Mercedes-Benz,Automatic 7-spd,6.0,3.5
24994,Compact Cars,Regular,Rear-Wheel Drive,18.3116666666667,Peugeot,Automatic 4-spd,6.0,2.9
24995,Large Cars,Regular,Front-Wheel Drive,13.1844,Ford,Automatic (S6),4.0,2.0
24996,Large Cars,Regular,Rear-Wheel Drive,14.9822727272727,Hyundai,Automatic 8-spd,6.0,3.8
24997,Large Cars,Premium,Rear-Wheel Drive,17.3478947368421,Hyundai,Automatic 8-spd,8.0,5.0
24998,Large Cars,Premium,Rear-Wheel Drive,23.5435714285714,Maserati,Automatic 6-spd,8.0,4.7
24999,Large Cars,Premium,Rear-Wheel Drive,15.6957142857143,Mercedes-Benz,Automatic 7-spd,6.0,3.5
25000,Large Cars,Premium,Rear-Wheel Drive,23.5435714285714,Mercedes-Benz,Automatic 5-spd,12.0,5.5
25001,Large Cars,Premium,Rear-Wheel Drive,21.974,Mercedes-Benz,Automatic 5-spd,12.0,6.0
25002,Large Cars,Premium,Rear-Wheel Drive,13.1844,Porsche,Automatic 8-spd,6.0,3.0
25003,Large Cars,Premium,Rear-Wheel Drive,23.5435714285714,Rolls-Royce,Automatic (S8),12.0,6.7
25004,Compact Cars,Regular,Front-Wheel Drive,14.3308695652174,Mercury,Automatic 3-spd,4.0,2.3
25005,Compact Cars,Regular,Rear-Wheel Drive,18.3116666666667,Peugeot,Manual 5-spd,6.0,2.9
25006,Large Cars,Premium,Rear-Wheel Drive,23.5435714285714,Rolls-Royce,Automatic (S8),12.0,6.7
25007,Small Station Wagons,Regular,Front-Wheel Drive,11.7717857142857,Kia,Automatic 6-spd,4.0,1.6
25008,Small Station Wagons,Regular,Front-Wheel Drive,12.2077777777778,Kia,Automatic 6-spd,4.0,1.6
25009,Small Station Wagons,Regular,Front-Wheel Drive,12.2077777777778,Kia,Manual 6-spd,4.0,1.6
25010,Small Station Wagons,Regular,Front-Wheel Drive,12.6773076923077,Kia,Automatic 6-spd,4.0,2.0
25011,Small Station Wagons,Regular,Front-Wheel Drive,13.1844,Kia,Automatic 6-spd,4.0,2.0
25012,Small Station Wagons,Regular,Front-Wheel Drive,12.6773076923077,Kia,Manual 6-spd,4.0,2.0
25013,Midsize Station Wagons,Premium,4-Wheel Drive,14.9822727272727,Mercedes-Benz,Automatic 7-spd,6.0,3.5
25014,Minivan - 2WD,Gasoline or E85,Front-Wheel Drive,16.4805,Chrysler,Automatic 6-spd,6.0,3.6
25015,Minivan - 2WD,Regular,Front-Wheel Drive,16.4805,Dodge,Automatic 6-spd,6.0,3.6
25016,Compact Cars,Regular,Front-Wheel Drive,14.9822727272727,Plymouth,Automatic 3-spd,4.0,2.2
25017,Minivan - 2WD,Gasoline or E85,Front-Wheel Drive,16.4805,Dodge,Automatic 6-spd,6.0,3.6
25018,Minivan - 2WD,Gasoline or E85,Front-Wheel Drive,16.4805,Ram,Automatic 6-spd,6.0,3.6
25019,Minivan - 2WD,Gasoline or E85,Front-Wheel Drive,16.4805,Volkswagen,Automatic 6-spd,6.0,3.6
25020,Standard Sport Utility Vehicle 4WD,Premium,All-Wheel Drive,15.6957142857143,Porsche,Automatic 8-spd,6.0,3.0
25021,Small Sport Utility Vehicle 2WD,Gasoline or E85,Front-Wheel Drive,16.4805,Dodge,Automatic 6-spd,6.0,3.6
25022,Small Sport Utility Vehicle 2WD,Regular,Front-Wheel Drive,15.6957142857143,Dodge,Automatic 4-spd,4.0,2.4
25023,Small Sport Utility Vehicle 2WD,Regular,Front-Wheel Drive,13.73375,Hyundai,Automatic 6-spd,4.0,2.4
25024,Small Sport Utility Vehicle 2WD,Regular,Front-Wheel Drive,14.3308695652174,Hyundai,Automatic 6-spd,4.0,2.0
25025,Small Sport Utility Vehicle 2WD,Premium,Rear-Wheel Drive,17.3478947368421,Infiniti,Automatic (S7),6.0,3.7
25026,Small Sport Utility Vehicle 2WD,Regular,Front-Wheel Drive,13.1844,Jeep,Manual 5-spd,4.0,2.4
25027,Compact Cars,Regular,Front-Wheel Drive,13.1844,Plymouth,Manual 5-spd,4.0,2.2
25028,Small Sport Utility Vehicle 2WD,Regular,Front-Wheel Drive,13.1844,Jeep,Manual 5-spd,4.0,2.4
25029,Small Sport Utility Vehicle 2WD,Regular,Front-Wheel Drive,14.3308695652174,Jeep,Automatic (variable gear ratios),4.0,2.4
25030,Small Sport Utility Vehicle 2WD,Regular,Front-Wheel Drive,14.3308695652174,Jeep,Automatic (variable gear ratios),4.0,2.4
25031,Small Sport Utility Vehicle 2WD,Regular,Front-Wheel Drive,13.73375,Jeep,Automatic (variable gear ratios),4.0,2.0
25032,Small Sport Utility Vehicle 2WD,Regular,Front-Wheel Drive,13.73375,Jeep,Automatic (variable gear ratios),4.0,2.0
25033,Small Sport Utility Vehicle 2WD,Regular,Front-Wheel Drive,13.1844,Jeep,Manual 5-spd,4.0,2.0
25034,Small Sport Utility Vehicle 2WD,Regular,Front-Wheel Drive,13.1844,Jeep,Manual 5-spd,4.0,2.0
25035,Small Sport Utility Vehicle 2WD,Premium,Rear-Wheel Drive,15.6957142857143,Mercedes-Benz,Automatic 7-spd,6.0,3.5
25036,Small Sport Utility Vehicle 2WD,Premium,Rear-Wheel Drive,15.6957142857143,Mercedes-Benz,Automatic 7-spd,6.0,3.5
25037,Small Sport Utility Vehicle 2WD,Regular,Front-Wheel Drive,13.1844,Nissan,Automatic (variable gear ratios),4.0,2.5
25038,Compact Cars,Premium,Front-Wheel Drive,17.3478947368421,Plymouth,Automatic 3-spd,4.0,2.2
25039,Small Sport Utility Vehicle 2WD,Regular,Front-Wheel Drive,15.6957142857143,Volvo,Automatic (S6),6.0,3.2
25040,Small Sport Utility Vehicle 2WD,Regular,Front-Wheel Drive,15.6957142857143,Volvo,Automatic (S6),6.0,3.2
25041,Small Sport Utility Vehicle 4WD,Regular,All-Wheel Drive,17.3478947368421,Dodge,Automatic 6-spd,6.0,3.6
25042,Small Sport Utility Vehicle 4WD,Regular,4-Wheel Drive,14.9822727272727,Hyundai,Automatic 6-spd,4.0,2.4
25043,Small Sport Utility Vehicle 4WD,Regular,4-Wheel Drive,15.6957142857143,Hyundai,Automatic 6-spd,4.0,2.0
25044,Small Sport Utility Vehicle 4WD,Premium,All-Wheel Drive,20.600625,Infiniti,Automatic (S7),8.0,5.0
25045,Small Sport Utility Vehicle 4WD,Premium,All-Wheel Drive,18.3116666666667,Infiniti,Automatic (S7),6.0,3.7
25046,Small Sport Utility Vehicle 4WD,Regular,4-Wheel Drive,13.73375,Jeep,Manual 5-spd,4.0,2.4
25047,Small Sport Utility Vehicle 4WD,Regular,4-Wheel Drive,13.73375,Jeep,Manual 5-spd,4.0,2.4
25048,Small Sport Utility Vehicle 4WD,Regular,4-Wheel Drive,15.6957142857143,Jeep,Automatic (variable gear ratios),4.0,2.4
25049,Compact Cars,Regular,Front-Wheel Drive,14.9822727272727,Plymouth,Automatic 3-spd,4.0,2.2
25050,Small Sport Utility Vehicle 4WD,Regular,4-Wheel Drive,15.6957142857143,Jeep,Automatic (variable gear ratios),4.0,2.4
25051,Small Sport Utility Vehicle 4WD,Regular,4-Wheel Drive,14.3308695652174,Jeep,Automatic (variable gear ratios),4.0,2.4
25052,Small Sport Utility Vehicle 4WD,Regular,4-Wheel Drive,14.3308695652174,Jeep,Automatic (variable gear ratios),4.0,2.4
25053,Small Sport Utility Vehicle 4WD,Premium,4-Wheel Drive,15.6957142857143,Mercedes-Benz,Automatic 7-spd,6.0,3.5
25054,Small Sport Utility Vehicle 4WD,Premium,4-Wheel Drive,15.6957142857143,Mercedes-Benz,Automatic 7-spd,6.0,3.5
25055,Small Sport Utility Vehicle 4WD,Regular,All-Wheel Drive,13.73375,Nissan,Automatic (variable gear ratios),4.0,2.5
25056,Standard Sport Utility Vehicle 2WD,Premium,Rear-Wheel Drive,16.4805,Mercedes-Benz,Automatic 7-spd,6.0,3.5
25057,Small Sport Utility Vehicle 4WD,Premium,All-Wheel Drive,14.3308695652174,Audi,Automatic (S8),4.0,2.0
25058,Standard Sport Utility Vehicle 4WD,Premium,4-Wheel Drive,16.4805,Mercedes-Benz,Automatic 7-spd,6.0,3.5
25059,Compact Cars,Premium,Front-Wheel Drive,17.3478947368421,Plymouth,Automatic 3-spd,4.0,2.2
25060,Standard Sport Utility Vehicle 4WD,Premium,4-Wheel Drive,20.600625,Mercedes-Benz,Automatic 7-spd,8.0,4.7
25061,Standard Sport Utility Vehicle 4WD,Premium,4-Wheel Drive,21.974,Mercedes-Benz,Automatic 7-spd,8.0,5.5
25062,Standard Sport Utility Vehicle 4WD,Premium,4-Wheel Drive,18.3116666666667,Mercedes-Benz,Automatic 7-spd,6.0,3.5
25063,Standard Sport Utility Vehicle 4WD,Premium,4-Wheel Drive,25.3546153846154,Mercedes-Benz,Automatic 7-spd,8.0,5.5
25064,Standard Sport Utility Vehicle 4WD,Premium,4-Wheel Drive,25.3546153846154,Mercedes-Benz,Automatic 7-spd,8.0,5.5
25065,Two Seaters,Premium,Rear-Wheel Drive,12.6773076923077,BMW,Automatic 8-spd,4.0,2.0
25066,Two Seaters,Premium,Rear-Wheel Drive,12.6773076923077,BMW,Manual 6-spd,4.0,2.0
25067,Two Seaters,Premium,Rear-Wheel Drive,15.6957142857143,BMW,Manual 6-spd,6.0,3.0
25068,Two Seaters,Premium,Rear-Wheel Drive,17.3478947368421,BMW,Auto(AM-S7),6.0,3.0
25069,Two Seaters,Premium,Rear-Wheel Drive,17.3478947368421,BMW,Auto(AM-S7),6.0,3.0
25070,Compact Cars,Regular,Front-Wheel Drive,14.9822727272727,Plymouth,Automatic 3-spd,4.0,2.2
25071,Two Seaters,Premium,Front-Wheel Drive,10.987,MINI,Automatic (S6),4.0,1.6
25072,Two Seaters,Premium,Front-Wheel Drive,10.987,MINI,Manual 6-spd,4.0,1.6
25073,Two Seaters,Premium,Front-Wheel Drive,10.987,MINI,Automatic (S6),4.0,1.6
25074,Two Seaters,Premium,Front-Wheel Drive,10.3003125,MINI,Manual 6-spd,4.0,1.6
25075,Two Seaters,Premium,Front-Wheel Drive,11.3658620689655,MINI,Automatic (S6),4.0,1.6
25076,Two Seaters,Premium,Front-Wheel Drive,11.3658620689655,MINI,Manual 6-spd,4.0,1.6
25077,Two Seaters,Premium,Front-Wheel Drive,11.3658620689655,MINI,Automatic (S6),4.0,1.6
25078,Two Seaters,Premium,Front-Wheel Drive,11.3658620689655,MINI,Manual 6-spd,4.0,1.6
25079,Two Seaters,Premium,Front-Wheel Drive,11.7717857142857,MINI,Automatic (S6),4.0,1.6
25080,Two Seaters,Premium,Front-Wheel Drive,11.3658620689655,MINI,Manual 6-spd,4.0,1.6
25081,Compact Cars,Regular,Front-Wheel Drive,13.1844,Plymouth,Manual 5-spd,4.0,2.2
25082,Two Seaters,Premium,Front-Wheel Drive,11.3658620689655,MINI,Automatic (S6),4.0,1.6
25083,Two Seaters,Premium,Front-Wheel Drive,11.3658620689655,MINI,Manual 6-spd,4.0,1.6
25084,Minicompact Cars,Premium,Front-Wheel Drive,10.987,MINI,Automatic (S6),4.0,1.6
25085,Minicompact Cars,Premium,Front-Wheel Drive,10.3003125,MINI,Manual 6-spd,4.0,1.6
25086,Minicompact Cars,Premium,Front-Wheel Drive,10.987,MINI,Automatic (S6),4.0,1.6
25087,Minicompact Cars,Premium,Front-Wheel Drive,10.987,MINI,Manual 6-spd,4.0,1.6
25088,Minicompact Cars,Premium,Front-Wheel Drive,11.3658620689655,MINI,Automatic (S6),4.0,1.6
25089,Minicompact Cars,Premium,Front-Wheel Drive,11.3658620689655,MINI,Manual 6-spd,4.0,1.6
25090,Minicompact Cars,Premium,Front-Wheel Drive,11.3658620689655,MINI,Automatic (S6),4.0,1.6
25091,Minicompact Cars,Premium,Front-Wheel Drive,11.3658620689655,MINI,Manual 6-spd,4.0,1.6
25092,Compact Cars,Regular,Front-Wheel Drive,13.1844,Plymouth,Manual 5-spd,4.0,2.2
25093,Minicompact Cars,Premium,Front-Wheel Drive,11.3658620689655,MINI,Automatic (S6),4.0,1.6
25094,Minicompact Cars,Premium,Front-Wheel Drive,11.3658620689655,MINI,Manual 6-spd,4.0,1.6
25095,Minicompact Cars,Premium,Front-Wheel Drive,11.3658620689655,MINI,Automatic (S6),4.0,1.6
25096,Minicompact Cars,Premium,Front-Wheel Drive,11.3658620689655,MINI,Manual 6-spd,4.0,1.6
25097,Minicompact Cars,Regular,Front-Wheel Drive,8.90837837837838,Scion,Automatic (variable gear ratios),4.0,1.3
25098,Subcompact Cars,Premium,Rear-Wheel Drive,16.4805,BMW,Auto(AM-S7),6.0,3.0
25099,Subcompact Cars,Premium,Rear-Wheel Drive,16.4805,BMW,Auto(AM-S7),6.0,3.0
25100,Subcompact Cars,Premium,Rear-Wheel Drive,14.9822727272727,BMW,Manual 6-spd,6.0,3.0
25101,Subcompact Cars,Premium,Rear-Wheel Drive,15.6957142857143,BMW,Automatic (S6),6.0,3.0
25102,Subcompact Cars,Premium,Rear-Wheel Drive,14.9822727272727,BMW,Manual 6-spd,6.0,3.0
25103,Compact Cars,Premium,Front-Wheel Drive,15.6957142857143,Plymouth,Manual 5-spd,4.0,2.2
25104,Subcompact Cars,Premium,All-Wheel Drive,15.6957142857143,BMW,Automatic (S6),6.0,3.0
25105,Subcompact Cars,Premium,All-Wheel Drive,14.3308695652174,BMW,Manual 6-spd,6.0,3.0
25106,Subcompact Cars,Premium,Rear-Wheel Drive,17.3478947368421,BMW,Auto(AM-S7),6.0,3.0
25107,Subcompact Cars,Premium,Rear-Wheel Drive,15.6957142857143,BMW,Manual 6-spd,6.0,3.0
25108,Subcompact Cars,Premium,Rear-Wheel Drive,15.6957142857143,BMW,Automatic (S6),6.0,3.0
25109,Subcompact Cars,Premium,Rear-Wheel Drive,14.9822727272727,BMW,Manual 6-spd,6.0,3.0
25110,Subcompact Cars,Premium,Front-Wheel Drive,10.987,MINI,Automatic (S6),4.0,1.6
25111,Subcompact Cars,Premium,Front-Wheel Drive,10.987,MINI,Manual 6-spd,4.0,1.6
25112,Subcompact Cars,Premium,Front-Wheel Drive,11.3658620689655,MINI,Automatic (S6),4.0,1.6
25113,Subcompact Cars,Premium,Front-Wheel Drive,11.3658620689655,MINI,Manual 6-spd,4.0,1.6
25114,Compact Cars,Regular,Front-Wheel Drive,13.1844,Mercury,Manual 5-spd,4.0,2.3
25115,Compact Cars,Premium,Front-Wheel Drive,16.4805,Plymouth,Manual 5-spd,4.0,2.2
25116,Subcompact Cars,Premium,Front-Wheel Drive,11.3658620689655,MINI,Automatic (S6),4.0,1.6
25117,Subcompact Cars,Premium,Front-Wheel Drive,11.3658620689655,MINI,Manual 6-spd,4.0,1.6
25118,Subcompact Cars,Regular,Front-Wheel Drive,14.3308695652174,Volkswagen,Automatic (S6),5.0,2.5
25119,Subcompact Cars,Premium,Front-Wheel Drive,13.73375,Volkswagen,Auto(AM-S6),4.0,2.0
25120,Compact Cars,Premium,Rear-Wheel Drive,12.6773076923077,BMW,Automatic (S8),4.0,2.0
25121,Compact Cars,Premium,Rear-Wheel Drive,12.6773076923077,BMW,Manual 6-spd,4.0,2.0
25122,Compact Cars,Premium,All-Wheel Drive,12.6773076923077,BMW,Automatic (S8),4.0,2.0
25123,Compact Cars,Premium,Rear-Wheel Drive,14.3308695652174,BMW,Manual 6-spd,6.0,3.0
25124,Compact Cars,Premium,All-Wheel Drive,13.73375,BMW,Automatic (S8),6.0,3.0
25125,Compact Cars,Premium,All-Wheel Drive,14.3308695652174,BMW,Manual 6-spd,6.0,3.0
25126,Compact Cars,Premium,Front-Wheel Drive,16.4805,Pontiac,Automatic 3-spd,4.0,2.0
25127,Subcompact Cars,Premium,Rear-Wheel Drive,17.3478947368421,BMW,Auto(AM-S7),6.0,3.0
25128,Subcompact Cars,Premium,Rear-Wheel Drive,15.6957142857143,BMW,Manual 6-spd,6.0,3.0
25129,Subcompact Cars,Premium,Rear-Wheel Drive,13.73375,BMW,Automatic (S8),6.0,3.0
25130,Compact Cars,Gasoline or E85,Front-Wheel Drive,14.9822727272727,Chrysler,Automatic 6-spd,6.0,3.6
25131,Compact Cars,Regular,Front-Wheel Drive,15.6957142857143,Chrysler,Automatic 6-spd,4.0,2.4
25132,Compact Cars,Regular,Front-Wheel Drive,10.987,Ford,Auto(AM6),4.0,2.0
25133,Compact Cars,Regular,Front-Wheel Drive,10.987,Ford,Automatic (S6),4.0,2.0
25134,Compact Cars,Regular,Front-Wheel Drive,11.3658620689655,Ford,Manual 5-spd,4.0,2.0
25135,Compact Cars,Regular,Front-Wheel Drive,12.6773076923077,Ford,Manual 6-spd,4.0,2.0
25136,Compact Cars,Gasoline or E85,Front-Wheel Drive,10.987,Ford,Auto(AM6),4.0,2.0
25137,Compact Cars,Premium,Front-Wheel Drive,14.9822727272727,Pontiac,Manual 5-spd,4.0,2.0
25138,Compact Cars,Gasoline or E85,Front-Wheel Drive,10.987,Ford,Automatic (S6),4.0,2.0
25139,Compact Cars,Gasoline or E85,Front-Wheel Drive,11.3658620689655,Ford,Manual 5-spd,4.0,2.0
25140,Compact Cars,Gasoline or E85,Front-Wheel Drive,10.3003125,Ford,Auto(AM6),4.0,2.0
25141,Compact Cars,Regular,Front-Wheel Drive,10.987,Mazda,Automatic 4-spd,4.0,1.5
25142,Compact Cars,Regular,Front-Wheel Drive,10.987,Mazda,Manual 6-spd,4.0,2.0
25143,Compact Cars,Regular,Front-Wheel Drive,10.3003125,Mazda,Automatic (S6),4.0,2.0
25144,Compact Cars,Regular,Front-Wheel Drive,11.7717857142857,Mazda,Manual 5-spd,4.0,2.0
25145,Compact Cars,Regular,Front-Wheel Drive,12.2077777777778,Mazda,Automatic (S5),4.0,2.0
25146,Compact Cars,Regular,Front-Wheel Drive,14.3308695652174,Mazda,Manual 6-spd,4.0,2.5
25147,Compact Cars,Regular,Front-Wheel Drive,13.1844,Mazda,Automatic (S5),4.0,2.5
25148,Compact Cars,Regular,Front-Wheel Drive,14.3308695652174,Pontiac,Automatic 3-spd,4.0,2.5
25149,Compact Cars,Premium,Rear-Wheel Drive,14.3308695652174,Mercedes-Benz,Automatic 7-spd,6.0,3.5
25150,Compact Cars,Premium or E85,4-Wheel Drive,14.9822727272727,Mercedes-Benz,Automatic 7-spd,6.0,3.5
25151,Compact Cars,Premium,Rear-Wheel Drive,23.5435714285714,Mercedes-Benz,Automatic 5-spd,12.0,6.0
25152,Compact Cars,Premium,Front-Wheel Drive,12.2077777777778,MINI,Automatic (S6),4.0,1.6
25153,Compact Cars,Premium,Front-Wheel Drive,10.987,MINI,Manual 6-spd,4.0,1.6
25154,Compact Cars,Premium,Front-Wheel Drive,11.7717857142857,MINI,Automatic (S6),4.0,1.6
25155,Compact Cars,Premium,Front-Wheel Drive,11.7717857142857,MINI,Manual 6-spd,4.0,1.6
25156,Compact Cars,Premium,All-Wheel Drive,12.6773076923077,MINI,Automatic (S6),4.0,1.6
25157,Compact Cars,Premium,All-Wheel Drive,12.2077777777778,MINI,Manual 6-spd,4.0,1.6
25158,Compact Cars,Premium,Front-Wheel Drive,11.7717857142857,MINI,Automatic (S6),4.0,1.6
25159,Compact Cars,Regular,Front-Wheel Drive,14.3308695652174,Pontiac,Manual 5-spd,4.0,2.5
25160,Compact Cars,Premium,All-Wheel Drive,12.6773076923077,MINI,Automatic (S6),4.0,1.6
25161,Compact Cars,Premium,All-Wheel Drive,12.2077777777778,MINI,Manual 6-spd,4.0,1.6
25162,Compact Cars,Regular,Front-Wheel Drive,11.7717857142857,Mitsubishi,Manual 5-spd,4.0,2.0
25163,Compact Cars,Regular,Front-Wheel Drive,11.7717857142857,Mitsubishi,Auto(AV-S6),4.0,2.0
25164,Compact Cars,Regular,Front-Wheel Drive,13.1844,Mitsubishi,Manual 5-spd,4.0,2.4
25165,Compact Cars,Regular,Front-Wheel Drive,12.6773076923077,Mitsubishi,Auto(AV-S6),4.0,2.4
25166,Compact Cars,Premium,All-Wheel Drive,16.4805,Mitsubishi,Auto(AM6),4.0,2.0
25167,Compact Cars,Regular,All-Wheel Drive,13.1844,Mitsubishi,Auto(AV-S6),4.0,2.4
25168,Compact Cars,Premium,All-Wheel Drive,17.3478947368421,Mitsubishi,Manual 5-spd,4.0,2.0
25169,Compact Cars,Premium,All-Wheel Drive,17.3478947368421,Mitsubishi,Auto(AM6),4.0,2.0
25170,Compact Cars,Regular,Front-Wheel Drive,16.4805,Pontiac,Automatic 3-spd,6.0,3.0
25171,Compact Cars,Regular,Front-Wheel Drive,11.3658620689655,Toyota,Automatic 4-spd,4.0,1.8
25172,Compact Cars,Regular,Front-Wheel Drive,11.3658620689655,Toyota,Manual 5-spd,4.0,1.8
25173,Compact Cars,Regular,Front-Wheel Drive,12.6773076923077,Volkswagen,Automatic (S6),5.0,2.5
25174,Compact Cars,Regular,Front-Wheel Drive,13.1844,Volkswagen,Automatic (S6),5.0,2.5
25175,Compact Cars,Premium,Front-Wheel Drive,13.1844,Volkswagen,Auto(AM-S6),4.0,2.0
25176,Compact Cars,Premium,Front-Wheel Drive,13.1844,Volkswagen,Manual 6-spd,4.0,2.0
25177,Compact Cars,Regular,Front-Wheel Drive,12.6773076923077,Volkswagen,Manual 5-spd,5.0,2.5
25178,Compact Cars,Regular,Front-Wheel Drive,13.1844,Volkswagen,Manual 5-spd,5.0,2.5
25179,Midsize Cars,Premium,All-Wheel Drive,16.4805,Audi,Auto(AM-S7),8.0,4.0
25180,Midsize Cars,Premium,All-Wheel Drive,16.4805,Audi,Auto(AM-S7),8.0,4.0
25181,Compact Cars,Premium,Front-Wheel Drive,15.6957142857143,Pontiac,Automatic 3-spd,4.0,2.0
25182,Large Cars,Premium,All-Wheel Drive,12.6773076923077,BMW,Automatic (S8),4.0,2.0
25183,Large Cars,Premium,Rear-Wheel Drive,12.2077777777778,BMW,Automatic (S8),4.0,2.0
25184,Large Cars,Premium,All-Wheel Drive,15.6957142857143,BMW,Automatic (S6),6.0,3.0
25185,Midsize Cars,Premium,Rear-Wheel Drive,12.2077777777778,BMW,Automatic (S8),4.0,2.0
25186,Midsize Cars,Premium,All-Wheel Drive,12.6773076923077,BMW,Automatic (S8),4.0,2.0
25187,Midsize Cars,Premium,Rear-Wheel Drive,13.73375,BMW,Automatic (S8),6.0,3.0
25188,Midsize Cars,Premium,Rear-Wheel Drive,14.3308695652174,BMW,Manual 6-spd,6.0,3.0
25189,Midsize Cars,Premium,All-Wheel Drive,13.73375,BMW,Automatic (S8),6.0,3.0
25190,Midsize Cars,Premium,Rear-Wheel Drive,16.4805,BMW,Automatic (S8),8.0,4.4
25191,Midsize Cars,Premium,Rear-Wheel Drive,19.3888235294118,BMW,Manual 6-spd,8.0,4.4
25192,Compact Cars,Regular,Front-Wheel Drive,13.1844,Pontiac,Manual 4-spd,4.0,2.0
25193,Midsize Cars,Regular,Front-Wheel Drive,12.6773076923077,Chevrolet,Automatic (S6),4.0,2.5
25194,Midsize Cars,Gasoline or E85,Front-Wheel Drive,14.9822727272727,Chrysler,Automatic 6-spd,6.0,3.6
25195,Midsize Cars,Regular,Front-Wheel Drive,14.3308695652174,Chrysler,Automatic 6-spd,4.0,2.4
25196,Midsize Cars,Regular,Front-Wheel Drive,14.3308695652174,Chrysler,Automatic 4-spd,4.0,2.4
25197,Midsize Cars,Gasoline or E85,Front-Wheel Drive,14.9822727272727,Dodge,Automatic 6-spd,6.0,3.6
25198,Midsize Cars,Premium,Rear-Wheel Drive,19.3888235294118,Dodge,Automatic 5-spd,8.0,6.4
25199,Midsize Cars,Midgrade,Rear-Wheel Drive,17.3478947368421,Dodge,Automatic 5-spd,8.0,5.7
25200,Midsize Cars,Regular,Rear-Wheel Drive,15.6957142857143,Dodge,Automatic 5-spd,6.0,3.6
25201,Midsize Cars,Premium,Rear-Wheel Drive,18.3116666666667,Dodge,Manual 6-spd,8.0,5.7
25202,Midsize Cars,Premium,Rear-Wheel Drive,19.3888235294118,Dodge,Manual 6-spd,8.0,6.4
25203,Compact Cars,Premium,Front-Wheel Drive,14.9822727272727,Pontiac,Manual 5-spd,4.0,2.0
25204,Midsize Cars,Regular,Front-Wheel Drive,14.3308695652174,Dodge,Automatic 6-spd,4.0,2.4
25205,Midsize Cars,Regular,Front-Wheel Drive,14.3308695652174,Dodge,Automatic 4-spd,4.0,2.4
25206,Midsize Cars,Regular,Front-Wheel Drive,10.987,Mazda,Manual 6-spd,4.0,2.0
25207,Midsize Cars,Regular,Front-Wheel Drive,10.6325806451613,Mazda,Automatic (S6),4.0,2.0
25208,Midsize Cars,Premium,Front-Wheel Drive,15.6957142857143,Mazda,Manual 6-spd,4.0,2.3
25209,Midsize Cars,Premium or E85,Rear-Wheel Drive,14.3308695652174,Mercedes-Benz,Automatic 7-spd,6.0,3.5
25210,Midsize Cars,Premium or E85,4-Wheel Drive,14.9822727272727,Mercedes-Benz,Automatic 7-spd,6.0,3.5
25211,Compact Cars,Premium,All-Wheel Drive,12.6773076923077,MINI,Automatic (S6),4.0,1.6
25212,Compact Cars,Premium,All-Wheel Drive,12.2077777777778,MINI,Manual 6-spd,4.0,1.6
25213,Compact Cars,Premium,All-Wheel Drive,12.6773076923077,MINI,Automatic (S6),4.0,1.6
25214,Compact Cars,Regular,Front-Wheel Drive,13.1844,Pontiac,Automatic 3-spd,4.0,2.0
25215,Compact Cars,Premium,All-Wheel Drive,12.2077777777778,MINI,Manual 6-spd,4.0,1.6
25216,Compact Cars,Regular,Front-Wheel Drive,12.6773076923077,Volkswagen,Automatic (S6),5.0,2.5
25217,Compact Cars,Regular,Front-Wheel Drive,12.6773076923077,Volkswagen,Manual 5-spd,5.0,2.5
25218,Large Cars,Premium,Rear-Wheel Drive,13.73375,BMW,Automatic (S8),6.0,3.0
25219,Large Cars,Premium,Rear-Wheel Drive,19.3888235294118,Chrysler,Automatic 5-spd,8.0,6.4
25220,Large Cars,Midgrade,All-Wheel Drive,18.3116666666667,Chrysler,Automatic 5-spd,8.0,5.7
25221,Large Cars,Midgrade,Rear-Wheel Drive,17.3478947368421,Chrysler,Automatic 5-spd,8.0,5.7
25222,Large Cars,Regular,All-Wheel Drive,15.6957142857143,Chrysler,Automatic 8-spd,6.0,3.6
25223,Large Cars,Regular,Rear-Wheel Drive,14.3308695652174,Chrysler,Automatic 8-spd,6.0,3.6
25224,Large Cars,Gasoline or E85,All-Wheel Drive,15.6957142857143,Chrysler,Automatic 8-spd,6.0,3.6
25225,Two Seaters,Premium,Rear-Wheel Drive,18.3116666666667,TVR Engineering Ltd,Manual 4-spd,6.0,2.8
25226,Compact Cars,Regular,Front-Wheel Drive,14.3308695652174,Mercury,Manual 5-spd,4.0,2.3
25227,Compact Cars,Regular,Front-Wheel Drive,12.6773076923077,Pontiac,Manual 5-spd,4.0,2.0
25228,Large Cars,Gasoline or E85,Rear-Wheel Drive,14.3308695652174,Chrysler,Automatic 8-spd,6.0,3.6
25229,Large Cars,Midgrade,All-Wheel Drive,18.3116666666667,Dodge,Automatic 5-spd,8.0,5.7
25230,Large Cars,Midgrade,Rear-Wheel Drive,17.3478947368421,Dodge,Automatic 5-spd,8.0,5.7
25231,Large Cars,Regular,Rear-Wheel Drive,15.6957142857143,Dodge,Automatic 5-spd,6.0,3.6
25232,Large Cars,Regular,All-Wheel Drive,15.6957142857143,Dodge,Automatic 8-spd,6.0,3.6
25233,Large Cars,Regular,Rear-Wheel Drive,14.3308695652174,Dodge,Automatic 8-spd,6.0,3.6
25234,Large Cars,Gasoline or E85,Rear-Wheel Drive,15.6957142857143,Dodge,Automatic 5-spd,6.0,3.6
25235,Large Cars,Gasoline or E85,All-Wheel Drive,15.6957142857143,Dodge,Automatic 8-spd,6.0,3.6
25236,Large Cars,Gasoline or E85,Rear-Wheel Drive,14.3308695652174,Dodge,Automatic 8-spd,6.0,3.6
25237,Large Cars,Premium,Rear-Wheel Drive,19.3888235294118,Dodge,Automatic 5-spd,8.0,6.4
25238,Compact Cars,Regular,Front-Wheel Drive,13.1844,Renault,Automatic 3-spd,4.0,1.4
25239,Large Cars,Regular,Front-Wheel Drive,8.24025,Ford,Automatic (variable gear ratios),4.0,2.0
25240,Small Station Wagons,Regular,Front-Wheel Drive,12.2077777777778,Mitsubishi,Auto(AV-S6),4.0,2.0
25241,Small Station Wagons,Regular,Front-Wheel Drive,13.1844,Mitsubishi,Auto(AV-S6),4.0,2.4
25242,Small Station Wagons,Regular,Front-Wheel Drive,12.6773076923077,Volkswagen,Automatic (S6),5.0,2.5
25243,Small Station Wagons,Regular,Front-Wheel Drive,12.6773076923077,Volkswagen,Manual 5-spd,5.0,2.5
25244,Special Purpose Vehicle 2WD,Regular,Front-Wheel Drive,14.3308695652174,Ford,Automatic 4-spd,4.0,2.0
25245,Special Purpose Vehicle 2WD,Regular,Front-Wheel Drive,14.3308695652174,Ford,Automatic 4-spd,4.0,2.0
25246,Small Sport Utility Vehicle 2WD,Regular,Front-Wheel Drive,12.6773076923077,Ford,Automatic (S6),4.0,1.6
25247,Small Sport Utility Vehicle 2WD,Gasoline or E85,Front-Wheel Drive,16.4805,GMC,Automatic 6-spd,6.0,3.6
25248,Small Sport Utility Vehicle 4WD,Regular,4-Wheel Drive,18.3116666666667,Jeep,Automatic 5-spd,6.0,3.6
25249,Compact Cars,Regular,Front-Wheel Drive,10.3003125,Renault,Manual 4-spd,4.0,1.4
25250,Small Sport Utility Vehicle 4WD,Regular,4-Wheel Drive,18.3116666666667,Jeep,Automatic 5-spd,6.0,3.6
25251,Small Sport Utility Vehicle 4WD,Regular,4-Wheel Drive,18.3116666666667,Jeep,Manual 6-spd,6.0,3.6
25252,Small Sport Utility Vehicle 4WD,Regular,4-Wheel Drive,18.3116666666667,Jeep,Manual 6-spd,6.0,3.6
25253,Small Sport Utility Vehicle 4WD,Regular,All-Wheel Drive,15.6957142857143,Lexus,Automatic (S8),6.0,3.5
25254,Compact Cars,Electricity,Front-Wheel Drive,0.192,Ford,Automatic (A1),,
25255,Two Seaters,Premium,All-Wheel Drive,25.3546153846154,Lamborghini,Auto(AM-S7),12.0,6.5
25256,Minicompact Cars,Premium,Rear-Wheel Drive,20.600625,Ferrari,Auto(AM7),8.0,4.3
25257,Minicompact Cars,Premium,Front-Wheel Drive,10.987,Fiat,Manual 5-spd,4.0,1.4
25258,Minicompact Cars,Premium,Front-Wheel Drive,10.987,Fiat,Manual 5-spd,4.0,1.4
25259,Minicompact Cars,Premium,Front-Wheel Drive,11.3658620689655,Fiat,Automatic 6-spd,4.0,1.4
25260,Compact Cars,Regular,Front-Wheel Drive,10.987,Renault,Manual 4-spd,4.0,1.4
25261,Minicompact Cars,Premium,Front-Wheel Drive,9.69441176470588,Fiat,Manual 5-spd,4.0,1.4
25262,Subcompact Cars,Premium,Rear-Wheel Drive,15.6957142857143,BMW,Automatic (S6),6.0,3.0
25263,Subcompact Cars,Premium,Rear-Wheel Drive,14.9822727272727,BMW,Manual 6-spd,6.0,3.0
25264,Subcompact Cars,Premium,Rear-Wheel Drive,15.6957142857143,BMW,Automatic (S6),6.0,3.0
25265,Subcompact Cars,Premium,Rear-Wheel Drive,14.9822727272727,BMW,Manual 6-spd,6.0,3.0
25266,Subcompact Cars,Premium,Rear-Wheel Drive,14.3308695652174,BMW,Manual 6-spd,6.0,3.0
25267,Subcompact Cars,Premium,All-Wheel Drive,16.4805,BMW,Automatic (S6),6.0,3.0
25268,Subcompact Cars,Premium,All-Wheel Drive,17.3478947368421,BMW,Manual 6-spd,6.0,3.0
25269,Subcompact Cars,Premium,Rear-Wheel Drive,15.6957142857143,BMW,Automatic (S6),6.0,3.0
25270,Subcompact Cars,Premium,Rear-Wheel Drive,16.4805,BMW,Manual 6-spd,6.0,3.0
25271,Compact Cars,Regular,Front-Wheel Drive,10.6325806451613,Renault,Manual 5-spd,4.0,1.4
25272,Subcompact Cars,Premium,Rear-Wheel Drive,20.600625,BMW,Manual 6-spd,8.0,4.0
25273,Subcompact Cars,Premium,Rear-Wheel Drive,20.600625,BMW,Auto(AM-S7),8.0,4.0
25274,Subcompact Cars,Premium,Rear-Wheel Drive,20.600625,BMW,Manual 6-spd,8.0,4.0
25275,Subcompact Cars,Premium,Rear-Wheel Drive,20.600625,BMW,Auto(AM-S7),8.0,4.0
25276,Subcompact Cars,Premium,Rear-Wheel Drive,17.3478947368421,BMW,Automatic (S8),8.0,4.4
25277,Subcompact Cars,Premium,Rear-Wheel Drive,19.3888235294118,BMW,Manual 6-spd,8.0,4.4
25278,Subcompact Cars,Premium,Rear-Wheel Drive,20.600625,BMW,Auto(AM-S7),8.0,4.4
25279,Subcompact Cars,Regular,Front-Wheel Drive,12.6773076923077,Nissan,Auto(AV-S6),4.0,2.5
25280,Subcompact Cars,Regular,All-Wheel Drive,13.1844,Suzuki,Manual 6-spd,4.0,2.0
25281,Subcompact Cars,Regular,All-Wheel Drive,13.1844,Suzuki,Automatic (variable gear ratios),4.0,2.0
25282,Compact Cars,Regular,Front-Wheel Drive,14.3308695652174,Renault,Automatic 3-spd,4.0,1.7
25283,Subcompact Cars,Regular,Front-Wheel Drive,13.1844,Suzuki,Manual 6-spd,4.0,2.0
25284,Subcompact Cars,Regular,Front-Wheel Drive,13.1844,Suzuki,Automatic (variable gear ratios),4.0,2.0
25285,Subcompact Cars,Premium,Rear-Wheel Drive,15.6957142857143,BMW,Automatic (S6),6.0,3.0
25286,Subcompact Cars,Premium,Rear-Wheel Drive,14.9822727272727,BMW,Manual 6-spd,6.0,3.0
25287,Compact Cars,Premium,Rear-Wheel Drive,12.6773076923077,BMW,Automatic (S8),6.0,3.0
25288,Subcompact Cars,Premium,Rear-Wheel Drive,12.6773076923077,BMW,Automatic (S8),6.0,3.0
25289,Subcompact Cars,Premium,All-Wheel Drive,17.3478947368421,BMW,Automatic (S8),8.0,4.4
25290,Subcompact Cars,Premium,Rear-Wheel Drive,17.3478947368421,BMW,Automatic (S8),8.0,4.4
25291,Subcompact Cars,Premium,All-Wheel Drive,17.3478947368421,BMW,Automatic (S8),8.0,4.4
25292,Subcompact Cars,Premium,Rear-Wheel Drive,19.3888235294118,BMW,Manual 6-spd,8.0,4.4
25293,Compact Cars,Regular,Front-Wheel Drive,11.7717857142857,Renault,Manual 5-spd,4.0,1.7
25294,Subcompact Cars,Premium,Rear-Wheel Drive,20.600625,BMW,Auto(AM-S7),8.0,4.4
25295,Compact Cars,Premium,Front-Wheel Drive,11.7717857142857,MINI,Manual 6-spd,4.0,1.6
25296,Compact Cars,Regular,Front-Wheel Drive,12.6773076923077,Suzuki,Manual 6-spd,4.0,2.0
25297,Compact Cars,Regular,Front-Wheel Drive,11.7717857142857,Suzuki,Automatic (variable gear ratios),4.0,2.0
25298,Compact Cars,Regular,Front-Wheel Drive,12.6773076923077,Suzuki,Manual 6-spd,4.0,2.0
25299,Compact Cars,Regular,Front-Wheel Drive,13.1844,Suzuki,Automatic (variable gear ratios),4.0,2.0
25300,Compact Cars,Regular,Front-Wheel Drive,13.1844,Suzuki,Automatic (variable gear ratios),4.0,2.4
25301,Compact Cars,Regular,Front-Wheel Drive,13.73375,Suzuki,Manual 6-spd,4.0,2.4
25302,Compact Cars,Regular,Front-Wheel Drive,13.73375,Suzuki,Manual 6-spd,4.0,2.4
25303,Compact Cars,Regular,All-Wheel Drive,13.1844,Suzuki,Automatic (variable gear ratios),4.0,2.4
25304,Compact Cars,Regular,Front-Wheel Drive,13.1844,Renault,Manual 5-spd,4.0,2.0
25305,Compact Cars,Regular,All-Wheel Drive,13.1844,Suzuki,Automatic (variable gear ratios),4.0,2.4
25306,Midsize Cars,Premium,All-Wheel Drive,15.6957142857143,Audi,Automatic (S8),8.0,4.0
25307,Compact Cars,Premium,Rear-Wheel Drive,11.7717857142857,BMW,Automatic (S8),6.0,3.0
25308,Midsize Cars,Premium,Rear-Wheel Drive,12.6773076923077,BMW,Automatic (S8),6.0,3.0
25309,Midsize Cars,Premium,All-Wheel Drive,17.3478947368421,BMW,Automatic (S8),8.0,4.4
25310,Midsize Cars,Premium,Rear-Wheel Drive,19.3888235294118,BMW,Manual 6-spd,8.0,4.4
25311,Midsize Cars,Premium,Rear-Wheel Drive,20.600625,BMW,Auto(AM-S7),8.0,4.4
25312,Compact Cars,Premium,Rear-Wheel Drive,17.3478947368421,BMW,Automatic (S8),8.0,4.4
25313,Compact Cars,Premium,All-Wheel Drive,17.3478947368421,BMW,Automatic (S8),8.0,4.4
25314,Compact Cars,Premium,Rear-Wheel Drive,19.3888235294118,BMW,Manual 6-spd,8.0,4.4
25315,Compact Cars,Regular,Rear-Wheel Drive,41.20125,Rolls-Royce,Automatic 3-spd,8.0,6.8
25316,Compact Cars,Premium,Rear-Wheel Drive,20.600625,BMW,Auto(AM-S7),8.0,4.4
25317,Midsize Cars,Regular,Front-Wheel Drive,14.9822727272727,Buick,Automatic (S6),4.0,2.0
25318,Midsize Cars,Premium,Front-Wheel Drive,10.987,Dodge,Auto(AM6),4.0,1.4
25319,Midsize Cars,Regular,Front-Wheel Drive,8.03926829268293,Ford,Automatic (variable gear ratios),4.0,2.0
25320,Midsize Cars,Regular,Front-Wheel Drive,11.3658620689655,Ford,Manual 6-spd,4.0,1.6
25321,Midsize Cars,Regular,Front-Wheel Drive,12.2077777777778,Ford,Automatic (S6),4.0,1.6
25322,Midsize Cars,Regular,Front-Wheel Drive,12.6773076923077,Ford,Automatic (S6),4.0,2.0
25323,Midsize Cars,Regular,Front-Wheel Drive,12.6773076923077,Ford,Automatic (S6),4.0,2.5
25324,Midsize Cars,Regular,All-Wheel Drive,13.1844,Ford,Automatic (S6),4.0,2.0
25325,Large Cars,Premium,All-Wheel Drive,17.3478947368421,Audi,Automatic (S8),8.0,4.0
25326,Compact Cars,Regular,Front-Wheel Drive,18.3116666666667,Saab,Automatic 3-spd,4.0,2.0
25327,Large Cars,Premium,All-Wheel Drive,20.600625,Audi,Automatic (S8),12.0,6.3
25328,Large Cars,Premium,All-Wheel Drive,15.6957142857143,BMW,Automatic (S8),6.0,3.0
25329,Large Cars,Premium,Rear-Wheel Drive,17.3478947368421,BMW,Automatic (S8),8.0,4.4
25330,Large Cars,Premium,All-Wheel Drive,17.3478947368421,BMW,Automatic (S8),8.0,4.4
25331,Large Cars,Premium,Rear-Wheel Drive,14.9822727272727,BMW,Automatic (S8),6.0,3.0
25332,Large Cars,Premium,Rear-Wheel Drive,14.9822727272727,BMW,Automatic (S8),6.0,3.0
25333,Large Cars,Premium,All-Wheel Drive,14.9822727272727,BMW,Automatic (S8),6.0,3.0
25334,Large Cars,Premium,Rear-Wheel Drive,17.3478947368421,BMW,Automatic (S8),8.0,4.4
25335,Large Cars,Premium,Rear-Wheel Drive,17.3478947368421,BMW,Automatic (S8),8.0,4.4
25336,Large Cars,Premium,All-Wheel Drive,17.3478947368421,BMW,Automatic (S8),8.0,4.4
25337,Compact Cars,Regular,Rear-Wheel Drive,18.3116666666667,Merkur,Automatic 3-spd,4.0,2.3
25338,Compact Cars,Regular,Front-Wheel Drive,18.3116666666667,Saab,Automatic 3-spd,4.0,2.0
25339,Large Cars,Premium,All-Wheel Drive,17.3478947368421,BMW,Automatic (S8),8.0,4.4
25340,Large Cars,Premium,Rear-Wheel Drive,17.3478947368421,BMW,Automatic (S8),8.0,4.4
25341,Large Cars,Premium,Rear-Wheel Drive,17.3478947368421,BMW,Automatic (S8),8.0,4.4
25342,Large Cars,Premium,All-Wheel Drive,17.3478947368421,BMW,Automatic (S8),8.0,4.4
25343,Large Cars,Premium,All-Wheel Drive,17.3478947368421,BMW,Automatic (S8),8.0,4.4
25344,Large Cars,Premium,Rear-Wheel Drive,21.974,BMW,Automatic (S8),12.0,6.0
25345,Large Cars,Premium,Rear-Wheel Drive,21.974,Rolls-Royce,Automatic (S8),12.0,6.6
25346,Large Cars,Premium,Rear-Wheel Drive,21.974,Rolls-Royce,Automatic (S8),12.0,6.6
25347,Small Station Wagons,Regular,Front-Wheel Drive,12.2077777777778,Toyota,Automatic 4-spd,4.0,1.8
25348,Small Station Wagons,Regular,Front-Wheel Drive,11.3658620689655,Toyota,Manual 5-spd,4.0,1.8
25349,Compact Cars,Regular,Front-Wheel Drive,18.3116666666667,Saab,Automatic 3-spd,4.0,2.0
25350,Small Station Wagons,Regular,All-Wheel Drive,14.9822727272727,Toyota,Automatic 4-spd,4.0,2.4
25351,Small Station Wagons,Regular,Front-Wheel Drive,13.73375,Toyota,Manual 5-spd,4.0,2.4
25352,Small Station Wagons,Regular,Front-Wheel Drive,13.73375,Toyota,Automatic (S5),4.0,2.4
25353,Small Pickup Trucks 2WD,Regular,Rear-Wheel Drive,17.3478947368421,Toyota,Automatic 5-spd,6.0,4.0
25354,Small Pickup Trucks 2WD,Regular,Rear-Wheel Drive,18.3116666666667,Toyota,Manual 6-spd,6.0,4.0
25355,Small Pickup Trucks 2WD,Regular,Rear-Wheel Drive,15.6957142857143,Toyota,Automatic 4-spd,4.0,2.7
25356,Small Pickup Trucks 2WD,Regular,Rear-Wheel Drive,14.3308695652174,Toyota,Manual 5-spd,4.0,2.7
25357,Small Pickup Trucks 4WD,Regular,Part-time 4-Wheel Drive,18.3116666666667,Toyota,Automatic 5-spd,6.0,4.0
25358,Small Pickup Trucks 4WD,Regular,Part-time 4-Wheel Drive,19.3888235294118,Toyota,Manual 6-spd,6.0,4.0
25359,Small Pickup Trucks 4WD,Regular,Part-time 4-Wheel Drive,17.3478947368421,Toyota,Automatic 4-spd,4.0,2.7
25360,Compact Cars,Premium,Front-Wheel Drive,16.4805,Saab,Manual 5-spd,4.0,2.0
25361,Small Pickup Trucks 4WD,Regular,Part-time 4-Wheel Drive,17.3478947368421,Toyota,Manual 5-spd,4.0,2.7
25362,Minivan - 2WD,Regular,Front-Wheel Drive,15.6957142857143,Toyota,Automatic (S6),4.0,2.7
25363,Minivan - 2WD,Regular,Front-Wheel Drive,15.6957142857143,Toyota,Automatic (S6),6.0,3.5
25364,Minivan - 4WD,Regular,All-Wheel Drive,17.3478947368421,Toyota,Automatic (S6),6.0,3.5
25365,Small Sport Utility Vehicle 2WD,Regular,Front-Wheel Drive,12.6773076923077,Mitsubishi,Manual 5-spd,4.0,2.0
25366,Small Sport Utility Vehicle 2WD,Regular,Front-Wheel Drive,12.2077777777778,Mitsubishi,Auto(AV-S6),4.0,2.0
25367,Small Sport Utility Vehicle 2WD,Regular,Rear-Wheel Drive,14.9822727272727,Suzuki,Manual 5-spd,4.0,2.4
25368,Small Sport Utility Vehicle 2WD,Regular,Rear-Wheel Drive,15.6957142857143,Suzuki,Automatic 4-spd,4.0,2.4
25369,Small Sport Utility Vehicle 4WD,Regular,4-Wheel Drive,12.6773076923077,Mitsubishi,Auto(AV-S6),4.0,2.0
25370,Compact Cars,Regular,Front-Wheel Drive,16.4805,Saab,Manual 5-spd,4.0,2.0
25371,Small Sport Utility Vehicle 4WD,Regular,4-Wheel Drive,16.4805,Suzuki,Automatic 4-spd,4.0,2.4
25372,Standard Sport Utility Vehicle 2WD,Regular,Front-Wheel Drive,17.3478947368421,Buick,Automatic 6-spd,6.0,3.6
25373,Standard Sport Utility Vehicle 2WD,Regular,Front-Wheel Drive,17.3478947368421,Chevrolet,Automatic 6-spd,6.0,3.6
25374,Standard Sport Utility Vehicle 2WD,Regular,Front-Wheel Drive,17.3478947368421,GMC,Automatic 6-spd,6.0,3.6
25375,Standard Sport Utility Vehicle 4WD,Regular,All-Wheel Drive,18.3116666666667,Buick,Automatic 6-spd,6.0,3.6
25376,Standard Sport Utility Vehicle 4WD,Regular,All-Wheel Drive,17.3478947368421,Chevrolet,Automatic 6-spd,6.0,3.6
25377,Standard Sport Utility Vehicle 4WD,Regular,All-Wheel Drive,18.3116666666667,GMC,Automatic 6-spd,6.0,3.6
25378,Two Seaters,Premium,Rear-Wheel Drive,23.5435714285714,Ferrari,Auto(AM7),8.0,4.5
25379,Two Seaters,Premium,Rear-Wheel Drive,21.974,Ferrari,Auto(AM7),8.0,4.5
25380,Two Seaters,Premium,Rear-Wheel Drive,23.5435714285714,Ferrari,Auto(AM7),8.0,4.5
25381,Compact Cars,Regular,Front-Wheel Drive,15.6957142857143,Saab,Manual 5-spd,4.0,2.0
25382,Two Seaters,Premium,Rear-Wheel Drive,21.974,Ferrari,Auto(AM7),8.0,4.5
25383,Minicompact Cars,Premium,Rear-Wheel Drive,20.600625,Ferrari,Auto(AM7),8.0,4.3
25384,Subcompact Cars,Premium or E85,All-Wheel Drive,14.3308695652174,Audi,Automatic (S8),4.0,2.0
25385,Subcompact Cars,Premium or E85,All-Wheel Drive,14.3308695652174,Audi,Automatic (S8),4.0,2.0
25386,Subcompact Cars,Regular,Front-Wheel Drive,11.3658620689655,Scion,Automatic 4-spd,4.0,1.8
25387,Subcompact Cars,Regular,Front-Wheel Drive,11.3658620689655,Scion,Manual 5-spd,4.0,1.8
25388,Compact Cars,Premium,Front-Wheel Drive,12.2077777777778,Acura,Automatic (S5),4.0,2.0
25389,Compact Cars,Premium,Front-Wheel Drive,13.1844,Acura,Manual 6-spd,4.0,2.4
25390,Compact Cars,Premium,Front-Wheel Drive,8.67394736842105,Acura,Auto(AV-S7),4.0,1.5
25391,Compact Cars,Premium,Front-Wheel Drive,13.73375,Acura,Manual 6-spd,4.0,2.4
25392,Compact Cars,Regular,Front-Wheel Drive,15.6957142857143,Saab,Manual 5-spd,4.0,2.0
25393,Compact Cars,Premium,Front-Wheel Drive,13.1844,Acura,Automatic (S5),4.0,2.4
25394,Compact Cars,Premium,Front-Wheel Drive,14.9822727272727,Acura,Automatic (S5),6.0,3.5
25395,Compact Cars,Premium or E85,All-Wheel Drive,14.3308695652174,Audi,Automatic (S8),4.0,2.0
25396,Compact Cars,Regular,Front-Wheel Drive,13.73375,Buick,Automatic (S6),4.0,2.0
25397,Compact Cars,Regular,All-Wheel Drive,15.6957142857143,Cadillac,Automatic (S6),6.0,3.6
25398,Compact Cars,Gasoline or E85,All-Wheel Drive,15.6957142857143,Cadillac,Automatic (S6),6.0,3.6
25399,Compact Cars,Gasoline or E85,Rear-Wheel Drive,14.9822727272727,Cadillac,Automatic (S6),6.0,3.6
25400,Compact Cars,Regular,Rear-Wheel Drive,14.9822727272727,Cadillac,Automatic (S6),6.0,3.6
25401,Compact Cars,Regular,Front-Wheel Drive,8.03926829268293,Honda,Automatic (variable gear ratios),4.0,1.3
25402,Compact Cars,Regular,Front-Wheel Drive,8.03926829268293,Honda,Auto(AV-S7),4.0,1.3
25403,Compact Cars,Regular,Front-Wheel Drive,15.6957142857143,Subaru,Automatic 3-spd,4.0,1.8
25404,Midsize Cars,Premium,Front-Wheel Drive,14.3308695652174,Acura,Automatic (S6),6.0,3.5
25405,Midsize Cars,Premium,All-Wheel Drive,16.4805,Acura,Manual 6-spd,6.0,3.7
25406,Midsize Cars,Premium,All-Wheel Drive,15.6957142857143,Acura,Automatic (S6),6.0,3.7
25407,Midsize Cars,Premium,All-Wheel Drive,17.3478947368421,Audi,Automatic (S8),8.0,4.0
25408,Midsize Cars,Premium,Rear-Wheel Drive,25.3546153846154,Bentley,Automatic (S8),8.0,6.8
25409,Midsize Cars,Regular,Front-Wheel Drive,13.73375,Chevrolet,Automatic (S6),4.0,2.0
25410,Midsize Cars,Premium,Front-Wheel Drive,10.3003125,Dodge,Auto(AM6),4.0,1.4
25411,Midsize Cars,Premium,Front-Wheel Drive,10.3003125,Dodge,Manual 6-spd,4.0,1.4
25412,Midsize Cars,Premium,Part-time 4-Wheel Drive,25.3546153846154,Ferrari,Auto(AM7),12.0,6.3
25413,Midsize Cars,Premium,Part-time 4-Wheel Drive,25.3546153846154,Ferrari,Auto(AM7),12.0,6.3
25414,Compact Cars,Regular,Front-Wheel Drive,14.9822727272727,Subaru,Automatic 3-spd,4.0,1.8
25415,Midsize Cars,Regular,Front-Wheel Drive,11.3658620689655,Honda,Auto(AV-S7),4.0,2.4
25416,Midsize Cars,Regular,Front-Wheel Drive,12.2077777777778,Honda,Manual 6-spd,4.0,2.4
25417,Midsize Cars,Regular,Front-Wheel Drive,13.1844,Honda,Automatic 6-spd,6.0,3.5
25418,Midsize Cars,Regular,Front-Wheel Drive,13.73375,Honda,Automatic (S6),6.0,3.5
25419,Midsize Cars,Regular,Front-Wheel Drive,15.6957142857143,Honda,Manual 6-spd,6.0,3.5
25420,Midsize Cars,Premium,Front-Wheel Drive,14.9822727272727,Nissan,Auto(AV-S6),6.0,3.5
25421,Large Cars,Regular,Front-Wheel Drive,14.3308695652174,Hyundai,Automatic 6-spd,6.0,3.3
25422,Small Station Wagons,Premium,Front-Wheel Drive,13.73375,Acura,Automatic (S5),4.0,2.4
25423,Small Station Wagons,Premium or E85,All-Wheel Drive,14.9822727272727,Audi,Automatic (S8),4.0,2.0
25424,Small Station Wagons,Premium,Front-Wheel Drive,11.3658620689655,Nissan,Auto(AV-S6),4.0,1.6
25425,Compact Cars,Regular,Front-Wheel Drive,14.3308695652174,Subaru,Manual 5-spd,4.0,1.8
25426,Small Station Wagons,Premium,Front-Wheel Drive,12.2077777777778,Nissan,Manual 6-spd,4.0,1.6
25427,Small Station Wagons,Premium,All-Wheel Drive,12.2077777777778,Nissan,Auto(AV-S6),4.0,1.6
25428,Standard Pickup Trucks 2WD,Gasoline or E85,Rear-Wheel Drive,19.3888235294118,Ford,Automatic 6-spd,8.0,5.0
25429,Standard Pickup Trucks 2WD,Gasoline or E85,Rear-Wheel Drive,19.3888235294118,Ford,Automatic (S6),8.0,5.0
25430,Standard Pickup Trucks 2WD,Regular,Rear-Wheel Drive,21.974,Ford,Automatic (S6),8.0,6.2
25431,Standard Pickup Trucks 2WD,Gasoline or E85,Rear-Wheel Drive,17.3478947368421,Ford,Automatic 6-spd,6.0,3.7
25432,Standard Pickup Trucks 2WD,Gasoline or E85,Rear-Wheel Drive,17.3478947368421,Ford,Automatic (S6),6.0,3.7
25433,Standard Pickup Trucks 2WD,Regular,Rear-Wheel Drive,18.3116666666667,Ford,Automatic 6-spd,6.0,3.5
25434,Standard Pickup Trucks 2WD,Regular,Rear-Wheel Drive,18.3116666666667,Ford,Automatic (S6),6.0,3.5
25435,Standard Pickup Trucks 2WD,Regular,Rear-Wheel Drive,21.974,Nissan,Automatic 5-spd,8.0,5.6
25436,Compact Cars,Regular,Front-Wheel Drive,13.1844,Subaru,Manual 5-spd,4.0,1.8
25437,Standard Pickup Trucks 2WD,Gasoline or E85,Rear-Wheel Drive,21.974,Nissan,Automatic 5-spd,8.0,5.6
25438,Standard Pickup Trucks 2WD,Gasoline or E85,Rear-Wheel Drive,20.600625,Ram,Automatic 6-spd,8.0,4.7
25439,Standard Pickup Trucks 2WD,Midgrade,Rear-Wheel Drive,20.600625,Ram,Automatic 6-spd,8.0,5.7
25440,Standard Pickup Trucks 2WD,Gasoline or E85,Rear-Wheel Drive,16.4805,Ram,Automatic 8-spd,6.0,3.6
25441,Standard Pickup Trucks 2WD,Regular,Rear-Wheel Drive,19.3888235294118,Toyota,Automatic (S5),6.0,4.0
25442,Standard Pickup Trucks 2WD,Regular,Rear-Wheel Drive,19.3888235294118,Toyota,Automatic (S6),8.0,4.6
25443,Standard Pickup Trucks 2WD,Regular,Rear-Wheel Drive,21.974,Toyota,Automatic (S6),8.0,5.7
25444,Standard Pickup Trucks 4WD,Regular,Part-time 4-Wheel Drive,25.3546153846154,Ford,Automatic (S6),8.0,6.2
25445,Standard Pickup Trucks 4WD,Regular,Part-time 4-Wheel Drive,25.3546153846154,Ford,Automatic (S6),8.0,6.2
25446,Standard Pickup Trucks 4WD,Gasoline or E85,Part-time 4-Wheel Drive,20.600625,Ford,Automatic 6-spd,8.0,5.0
25447,Compact Cars,Regular,Rear-Wheel Drive,17.3478947368421,Merkur,Manual 5-spd,4.0,2.3
25448,Compact Cars,Regular,4-Wheel or All-Wheel Drive,17.3478947368421,Subaru,Automatic 3-spd,4.0,1.8
25449,Standard Pickup Trucks 4WD,Gasoline or E85,Part-time 4-Wheel Drive,20.600625,Ford,Automatic (S6),8.0,5.0
25450,Standard Pickup Trucks 4WD,Gasoline or E85,Part-time 4-Wheel Drive,18.3116666666667,Ford,Automatic 6-spd,6.0,3.7
25451,Standard Pickup Trucks 4WD,Gasoline or E85,Part-time 4-Wheel Drive,18.3116666666667,Ford,Automatic (S6),6.0,3.7
25452,Standard Pickup Trucks 4WD,Regular,Part-time 4-Wheel Drive,19.3888235294118,Ford,Automatic 6-spd,6.0,3.5
25453,Standard Pickup Trucks 4WD,Regular,Part-time 4-Wheel Drive,19.3888235294118,Ford,Automatic (S6),6.0,3.5
25454,Standard Pickup Trucks 4WD,Regular,4-Wheel Drive,23.5435714285714,Nissan,Automatic 5-spd,8.0,5.6
25455,Standard Pickup Trucks 4WD,Gasoline or E85,4-Wheel Drive,23.5435714285714,Nissan,Automatic 5-spd,8.0,5.6
25456,Standard Pickup Trucks 4WD,Gasoline or E85,4-Wheel Drive,20.600625,Ram,Automatic 6-spd,8.0,4.7
25457,Standard Pickup Trucks 4WD,Midgrade,4-Wheel Drive,21.974,Ram,Automatic 6-spd,8.0,5.7
25458,Standard Pickup Trucks 4WD,Gasoline or E85,4-Wheel Drive,17.3478947368421,Ram,Automatic 8-spd,6.0,3.6
25459,Compact Cars,Regular,4-Wheel or All-Wheel Drive,15.6957142857143,Subaru,Manual 5-spd,4.0,1.8
25460,Standard Pickup Trucks 4WD,Regular,Part-time 4-Wheel Drive,20.600625,Toyota,Automatic (S6),8.0,4.6
25461,Standard Pickup Trucks 4WD,Regular,Part-time 4-Wheel Drive,21.974,Toyota,Automatic (S6),8.0,5.7
25462,Standard Pickup Trucks 4WD,Gasoline or E85,Part-time 4-Wheel Drive,21.974,Toyota,Automatic (S6),8.0,5.7
25463,"Vans, Cargo Type",Gasoline or E85,Rear-Wheel Drive,21.974,Ford,Automatic 4-spd,8.0,4.6
25464,"Vans, Cargo Type",Gasoline or E85,Rear-Wheel Drive,21.974,Ford,Automatic 4-spd,8.0,4.6
25465,"Vans, Cargo Type",Gasoline or E85,Rear-Wheel Drive,23.5435714285714,Ford,Automatic 4-spd,8.0,5.4
25466,"Vans, Cargo Type",Gasoline or E85,Rear-Wheel Drive,23.5435714285714,Ford,Automatic 4-spd,8.0,5.4
25467,"Vans, Cargo Type",Gasoline or E85,Rear-Wheel Drive,25.3546153846154,Ford,Automatic 4-spd,8.0,5.4
25468,"Vans, Cargo Type",Regular,Rear-Wheel Drive,27.4675,Ford,Automatic 5-spd,10.0,6.8
25469,"Vans, Passenger Type",Gasoline or E85,Rear-Wheel Drive,23.5435714285714,Ford,Automatic 4-spd,8.0,4.6
25470,Compact Cars,Regular,Front-Wheel Drive,13.73375,Toyota,Automatic 4-spd,4.0,2.0
25471,"Vans, Passenger Type",Gasoline or E85,Rear-Wheel Drive,25.3546153846154,Ford,Automatic 4-spd,8.0,5.4
25472,"Vans, Passenger Type",Gasoline or E85,Rear-Wheel Drive,25.3546153846154,Ford,Automatic 4-spd,8.0,5.4
25473,"Vans, Passenger Type",Regular,Rear-Wheel Drive,29.9645454545455,Ford,Automatic 5-spd,10.0,6.8
25474,Minivan - 2WD,Regular,Front-Wheel Drive,15.6957142857143,Honda,Automatic 5-spd,6.0,3.5
25475,Minivan - 2WD,Regular,Front-Wheel Drive,14.9822727272727,Honda,Automatic 6-spd,6.0,3.5
25476,Minivan - 2WD,Regular,Front-Wheel Drive,15.6957142857143,Nissan,Automatic (variable gear ratios),6.0,3.5
25477,Small Sport Utility Vehicle 2WD,Regular,Front-Wheel Drive,11.7717857142857,Buick,Automatic (S6),4.0,1.4
25478,Small Sport Utility Vehicle 2WD,Regular,Front-Wheel Drive,12.6773076923077,Honda,Automatic 5-spd,4.0,2.4
25479,Small Sport Utility Vehicle 2WD,Regular,Front-Wheel Drive,16.4805,Honda,Automatic 5-spd,6.0,3.5
25480,Small Sport Utility Vehicle 2WD,Regular,Front-Wheel Drive,13.1844,Mitsubishi,Auto(AV-S6),4.0,2.4
25481,Compact Cars,Regular,Front-Wheel Drive,12.6773076923077,Toyota,Manual 5-spd,4.0,2.0
25482,Small Sport Utility Vehicle 2WD,Premium,Front-Wheel Drive,14.9822727272727,Mitsubishi,Automatic (S6),6.0,3.0
25483,Small Sport Utility Vehicle 2WD,Regular,Front-Wheel Drive,14.9822727272727,Toyota,Automatic (S6),4.0,2.7
25484,Small Sport Utility Vehicle 2WD,Regular,Front-Wheel Drive,16.4805,Toyota,Automatic (S5),6.0,3.5
25485,Small Sport Utility Vehicle 2WD,Regular,Rear-Wheel Drive,18.3116666666667,Toyota,Automatic 5-spd,6.0,4.0
25486,Small Sport Utility Vehicle 4WD,Premium,All-Wheel Drive,18.3116666666667,Acura,Automatic (S6),6.0,3.7
25487,Small Sport Utility Vehicle 4WD,Regular,All-Wheel Drive,17.3478947368421,Chevrolet,Automatic 6-spd,6.0,3.6
25488,Small Sport Utility Vehicle 4WD,Gasoline or E85,All-Wheel Drive,17.3478947368421,Chevrolet,Automatic 6-spd,6.0,3.6
25489,Small Sport Utility Vehicle 4WD,Regular,All-Wheel Drive,17.3478947368421,GMC,Automatic 6-spd,6.0,3.6
25490,Small Sport Utility Vehicle 4WD,Gasoline or E85,All-Wheel Drive,17.3478947368421,GMC,Automatic 6-spd,6.0,3.6
25491,Small Sport Utility Vehicle 4WD,Regular,All-Wheel Drive,13.1844,Honda,Automatic 5-spd,4.0,2.4
25492,Compact Cars,Regular,Front-Wheel Drive,12.6773076923077,Toyota,Automatic 3-spd,4.0,1.6
25493,Small Sport Utility Vehicle 4WD,Regular,4-Wheel Drive,13.73375,Mitsubishi,Auto(AV-S6),4.0,2.4
25494,Small Sport Utility Vehicle 4WD,Premium,4-Wheel Drive,15.6957142857143,Mitsubishi,Automatic (S6),6.0,3.0
25495,Small Sport Utility Vehicle 4WD,Regular,All-Wheel Drive,17.3478947368421,Toyota,Automatic (S5),6.0,3.5
25496,Small Sport Utility Vehicle 4WD,Regular,Part-time 4-Wheel Drive,18.3116666666667,Toyota,Automatic 5-spd,6.0,4.0
25497,Small Sport Utility Vehicle 4WD,Regular,All-Wheel Drive,20.600625,Toyota,Manual 6-spd,6.0,4.0
25498,Standard Sport Utility Vehicle 2WD,Gasoline or E85,Rear-Wheel Drive,20.600625,Ford,Automatic 6-spd,8.0,5.4
25499,Standard Sport Utility Vehicle 2WD,Gasoline or E85,Rear-Wheel Drive,20.600625,Lincoln,Automatic 6-spd,8.0,5.4
25500,Standard Sport Utility Vehicle 2WD,Regular,Rear-Wheel Drive,21.974,Nissan,Automatic 5-spd,8.0,5.6
25501,Standard Sport Utility Vehicle 2WD,Gasoline or E85,Rear-Wheel Drive,21.974,Nissan,Automatic 5-spd,8.0,5.6
25502,Standard Sport Utility Vehicle 2WD,Regular,Rear-Wheel Drive,17.3478947368421,Toyota,Automatic (S5),6.0,4.0
25503,Compact Cars,Regular,Front-Wheel Drive,12.2077777777778,Toyota,Automatic 4-spd,4.0,1.6
25504,Standard Sport Utility Vehicle 2WD,Regular,Rear-Wheel Drive,21.974,Toyota,Automatic (S6),8.0,5.7
25505,Standard Sport Utility Vehicle 4WD,Gasoline or E85,Part-time 4-Wheel Drive,21.974,Ford,Automatic 6-spd,8.0,5.4
25506,Standard Sport Utility Vehicle 4WD,Regular,All-Wheel Drive,18.3116666666667,Ford,Automatic (S6),6.0,3.5
25507,Standard Sport Utility Vehicle 4WD,Regular,All-Wheel Drive,16.4805,Honda,Automatic 5-spd,6.0,3.5
25508,Standard Sport Utility Vehicle 4WD,Gasoline or E85,Part-time 4-Wheel Drive,21.974,Lincoln,Automatic 6-spd,8.0,5.4
25509,Standard Sport Utility Vehicle 4WD,Premium,4-Wheel Drive,20.600625,Mercedes-Benz,Automatic 7-spd,8.0,4.7
25510,Standard Sport Utility Vehicle 4WD,Diesel,4-Wheel Drive,17.3720454545455,Mercedes-Benz,Automatic 7-spd,6.0,3.0
25511,Standard Sport Utility Vehicle 4WD,Premium,4-Wheel Drive,21.974,Mercedes-Benz,Automatic 7-spd,8.0,4.7
25512,Standard Sport Utility Vehicle 4WD,Regular,4-Wheel Drive,23.5435714285714,Nissan,Automatic 5-spd,8.0,5.6
25513,Standard Sport Utility Vehicle 4WD,Gasoline or E85,4-Wheel Drive,23.5435714285714,Nissan,Automatic 5-spd,8.0,5.6
25514,Compact Cars,Regular,Front-Wheel Drive,11.3658620689655,Toyota,Manual 5-spd,4.0,1.6
25515,Standard Sport Utility Vehicle 4WD,Regular,All-Wheel Drive,11.7717857142857,Toyota,Automatic (variable gear ratios),6.0,3.5
25516,Standard Sport Utility Vehicle 4WD,Regular,All-Wheel Drive,18.3116666666667,Toyota,Automatic (S5),6.0,4.0
25517,Standard Sport Utility Vehicle 4WD,Regular,Part-time 4-Wheel Drive,18.3116666666667,Toyota,Automatic (S5),6.0,4.0
25518,Standard Sport Utility Vehicle 4WD,Regular,Part-time 4-Wheel Drive,23.5435714285714,Toyota,Automatic (S6),8.0,5.7
25519,Standard Sport Utility Vehicle 4WD,Gasoline or E85,Part-time 4-Wheel Drive,21.974,Toyota,Automatic (S6),8.0,5.7
25520,Small Station Wagons,Electricity,Front-Wheel Drive,0.174,Honda,Automatic (A1),,
25521,Compact Cars,Regular,Front-Wheel Drive,9.41742857142857,Nissan,Automatic (variable gear ratios),4.0,1.6
25522,Compact Cars,Regular,Front-Wheel Drive,10.987,Nissan,Manual 5-spd,4.0,1.6
25523,Compact Cars,Regular,Front-Wheel Drive,10.987,Nissan,Automatic 4-spd,4.0,1.6
25524,Midsize Cars,Regular,Front-Wheel Drive,10.987,Honda,Automatic (variable gear ratios),4.0,2.4
25525,Compact Cars,Premium,Rear-Wheel Drive,18.3116666666667,Toyota,Automatic 4-spd,6.0,2.8
25526,Midsize Cars,Premium,Rear-Wheel Drive,14.9822727272727,Infiniti,Automatic (S7),6.0,3.7
25527,Midsize Cars,Premium,Rear-Wheel Drive,16.4805,Infiniti,Manual 6-spd,6.0,3.7
25528,Midsize Cars,Premium,All-Wheel Drive,16.4805,Infiniti,Automatic (S7),6.0,3.7
25529,Small Station Wagons,Regular,Front-Wheel Drive,11.3658620689655,Honda,Manual 5-spd,4.0,1.5
25530,Small Station Wagons,Regular,Front-Wheel Drive,10.6325806451613,Honda,Automatic 5-spd,4.0,1.5
25531,Small Station Wagons,Regular,Front-Wheel Drive,10.987,Honda,Automatic (S5),4.0,1.5
25532,Small Station Wagons,Premium,Rear-Wheel Drive,16.4805,Infiniti,Automatic (S7),6.0,3.7
25533,Small Station Wagons,Premium,All-Wheel Drive,16.4805,Infiniti,Automatic (S7),6.0,3.7
25534,Small Sport Utility Vehicle 4WD,Premium or E85,All-Wheel Drive,14.9822727272727,Audi,Automatic (S8),4.0,2.0
25535,Standard Sport Utility Vehicle 4WD,Diesel,4-Wheel Drive,16.6167391304348,Mercedes-Benz,Automatic 7-spd,6.0,3.0
25536,Compact Cars,Premium,Rear-Wheel Drive,17.3478947368421,Toyota,Manual 5-spd,6.0,2.8
25537,Midsize Cars,Regular,Front-Wheel Drive,11.7717857142857,Ford,Automatic (S6),4.0,1.6
25538,Subcompact Cars,Premium or E85,All-Wheel Drive,21.974,Bentley,Automatic (S8),12.0,6.0
25539,Subcompact Cars,Premium,Rear-Wheel Drive,18.3116666666667,Lexus,Automatic (S8),8.0,5.0
25540,Subcompact Cars,Premium,All-Wheel Drive,14.9822727272727,Lexus,Automatic (S6),6.0,3.5
25541,Subcompact Cars,Premium,Rear-Wheel Drive,14.9822727272727,Lexus,Automatic (S6),6.0,3.5
25542,Subcompact Cars,Premium,All-Wheel Drive,14.3308695652174,Lexus,Automatic (S6),6.0,2.5
25543,Subcompact Cars,Premium,Rear-Wheel Drive,13.73375,Lexus,Automatic (S6),6.0,2.5
25544,Compact Cars,Regular,All-Wheel Drive,14.3308695652174,Cadillac,Automatic (S6),4.0,2.0
25545,Compact Cars,Regular,Front-Wheel Drive,7.84785714285714,Lexus,Automatic (variable gear ratios),4.0,1.8
25546,Compact Cars,Regular,Front-Wheel Drive,10.3003125,Toyota,Automatic 4-spd,4.0,1.5
25547,Compact Cars,Diesel,Front-Wheel Drive,11.5813636363636,Volkswagen,Manual 5-spd,4.0,1.6
25548,Compact Cars,Regular,Front-Wheel Drive,9.98818181818182,Toyota,Manual 5-spd,4.0,1.5
25549,Midsize Cars,Regular,Front-Wheel Drive,12.6773076923077,Lincoln,Automatic (S6),4.0,2.0
25550,Midsize Cars,Regular,All-Wheel Drive,13.1844,Lincoln,Automatic (S6),4.0,2.0
25551,Midsize Cars,Regular,All-Wheel Drive,15.6957142857143,Lincoln,Automatic (S6),6.0,3.7
25552,Midsize Cars,Regular,Front-Wheel Drive,14.9822727272727,Lincoln,Automatic (S6),6.0,3.7
25553,Midsize Cars,Regular,Front-Wheel Drive,8.67394736842105,Lincoln,Automatic (variable gear ratios),4.0,2.0
25554,Large Cars,Premium,Rear-Wheel Drive,13.1844,BMW,Automatic (S8),6.0,3.0
25555,Standard Pickup Trucks 4WD,Regular,All-Wheel Drive,19.3888235294118,Honda,Automatic 5-spd,6.0,3.5
25556,Minivan - 2WD,Regular,Front-Wheel Drive,13.73375,Mazda,Manual 6-spd,4.0,2.5
25557,Minivan - 2WD,Regular,Front-Wheel Drive,13.73375,Mazda,Automatic (S5),4.0,2.5
25558,Compact Cars,Regular,Front-Wheel Drive,14.3308695652174,Mazda,Automatic 3-spd,4.0,2.0
25559,Compact Cars,Regular,Front-Wheel Drive,14.9822727272727,Volkswagen,Automatic 3-spd,4.0,1.8
25560,Small Sport Utility Vehicle 2WD,Regular,Front-Wheel Drive,17.3478947368421,Mazda,Automatic (S6),6.0,3.7
25561,Small Sport Utility Vehicle 4WD,Premium,All-Wheel Drive,12.6773076923077,Audi,Automatic (S8),4.0,2.0
25562,Small Sport Utility Vehicle 4WD,Regular,4-Wheel Drive,17.3478947368421,Mazda,Automatic (S6),6.0,3.7
25563,Standard Sport Utility Vehicle 2WD,Premium,Rear-Wheel Drive,20.600625,Infiniti,Automatic (S7),8.0,5.6
25564,Standard Sport Utility Vehicle 4WD,Premium,4-Wheel Drive,20.600625,Infiniti,Automatic (S7),8.0,5.6
25565,Two Seaters,Electricity,Rear-Wheel Drive,0.192,smart,Automatic (A1),,
25566,Two Seaters,Electricity,Rear-Wheel Drive,0.192,smart,Automatic (A1),,
25567,Minicompact Cars,Electricity,Front-Wheel Drive,0.168,Scion,Automatic (variable gear ratios),,
25568,Sport Utility Vehicle - 2WD,Electricity,Front-Wheel Drive,0.264,Toyota,Automatic (variable gear ratios),,
25569,Minicompact Cars,Premium,Rear-Wheel Drive,15.6957142857143,Lotus,Manual 6-spd,6.0,3.5
25570,Compact Cars,Regular,Front-Wheel Drive,12.6773076923077,Volkswagen,Manual 5-spd,4.0,1.8
25571,Minicompact Cars,Premium,Rear-Wheel Drive,16.4805,Lotus,Manual 6-spd,6.0,3.5
25572,Minicompact Cars,Premium,Rear-Wheel Drive,14.3308695652174,Lotus,Automatic (S6),6.0,3.5
25573,Minicompact Cars,Premium,Rear-Wheel Drive,14.9822727272727,Lotus,Automatic (S6),6.0,3.5
25574,Compact Cars,Premium or E85,All-Wheel Drive,21.974,Bentley,Automatic (S8),12.0,6.0
25575,Compact Cars,Regular,Rear-Wheel Drive,13.73375,Cadillac,Automatic (S6),4.0,2.0
25576,Compact Cars,Regular,Front-Wheel Drive,6.5922,Toyota,Automatic (variable gear ratios),4.0,1.5
25577,Midsize Cars,Regular,Front-Wheel Drive,11.3658620689655,Chevrolet,Manual 6-spd,4.0,1.4
25578,Midsize Cars,Regular,Front-Wheel Drive,11.7717857142857,Chevrolet,Automatic (S6),4.0,1.4
25579,Midsize Cars,Premium,Rear-Wheel Drive,15.6957142857143,Jaguar,Automatic (S8),6.0,3.0
25580,Midsize Cars,Premium,All-Wheel Drive,17.3478947368421,Jaguar,Automatic (S8),6.0,3.0
25581,Compact Cars,Regular,Front-Wheel Drive,14.3308695652174,Volkswagen,Manual 5-spd,4.0,1.8
25582,Midsize Cars,Premium,Rear-Wheel Drive,17.3478947368421,Lexus,Automatic (S8),8.0,4.6
25583,Midsize Cars,Premium,All-Wheel Drive,18.3116666666667,Lexus,Automatic (S8),8.0,4.6
25584,Midsize Cars,Premium,Rear-Wheel Drive,17.3478947368421,Lexus,Automatic (S8),8.0,4.6
25585,Midsize Cars,Premium,All-Wheel Drive,18.3116666666667,Lexus,Automatic (S8),8.0,4.6
25586,Midsize Cars,Regular,Front-Wheel Drive,6.866875,Toyota,Automatic (variable gear ratios),4.0,1.8
25587,Large Cars,Premium,Rear-Wheel Drive,18.3116666666667,Jaguar,Automatic (S8),8.0,5.0
25588,Large Cars,Premium,Rear-Wheel Drive,18.3116666666667,Jaguar,Automatic (S8),8.0,5.0
25589,Large Cars,Premium,All-Wheel Drive,17.3478947368421,Jaguar,Automatic (S8),6.0,3.0
25590,Large Cars,Premium,All-Wheel Drive,17.3478947368421,Jaguar,Automatic (S8),6.0,3.0
25591,Small Station Wagons,Regular,Front-Wheel Drive,11.7717857142857,Nissan,Automatic (variable gear ratios),4.0,1.8
25592,Compact Cars,Regular,Front-Wheel Drive,14.9822727272727,Volkswagen,Automatic 3-spd,4.0,1.8
25593,Small Station Wagons,Regular,Front-Wheel Drive,12.2077777777778,Nissan,Manual 6-spd,4.0,1.8
25594,Midsize Station Wagons,Regular,Front-Wheel Drive,8.03926829268293,Toyota,Automatic (variable gear ratios),4.0,1.8
25595,Small Sport Utility Vehicle 2WD,Regular,Front-Wheel Drive,16.4805,Nissan,Automatic (variable gear ratios),6.0,3.5
25596,Small Sport Utility Vehicle 4WD,Premium,4-Wheel Drive,14.9822727272727,Land Rover,Automatic (S6),4.0,2.0
25597,Small Sport Utility Vehicle 4WD,Regular,All-Wheel Drive,16.4805,Nissan,Automatic (variable gear ratios),6.0,3.5
25598,Midsize Cars,Regular Gas and Electricity,Front-Wheel Drive,4.737143959183671,Toyota,Automatic (variable gear ratios),4.0,1.8
25599,Midsize Cars,Regular Gas and Electricity,Front-Wheel Drive,4.87870354125,Ford,Automatic (variable gear ratios),4.0,2.0
25600,Subcompact Cars,Electricity,Front-Wheel Drive,0.276,CODA Automotive,Automatic (A1),,
25601,Two Seaters,Premium,Rear-Wheel Drive,19.3888235294118,Mercedes-Benz,Automatic 7-spd,12.0,6.0
25602,Two Seaters,Premium,Rear-Wheel Drive,21.974,Mercedes-Benz,Auto(AM7),8.0,6.2
25603,Compact Cars,Regular,Front-Wheel Drive,13.1844,Volkswagen,Manual 5-spd,4.0,1.8
25604,Two Seaters,Premium,Rear-Wheel Drive,21.974,Mercedes-Benz,Auto(AM7),8.0,6.2
25605,Compact Cars,Regular,Rear-Wheel Drive,14.3308695652174,Cadillac,Manual 6-spd,4.0,2.0
25606,Midsize Cars,Premium,Rear-Wheel Drive,18.3116666666667,Jaguar,Automatic (S8),8.0,5.0
25607,Midsize Cars,Premium,Rear-Wheel Drive,12.6773076923077,Mercedes-Benz,Automatic 7-spd,6.0,3.5
25608,Midsize Cars,Diesel,Rear-Wheel Drive,15.2874,Mercedes-Benz,Automatic 7-spd,6.0,3.0
25609,Midsize Cars,Regular,Front-Wheel Drive,10.987,Nissan,Manual 6-spd,4.0,1.8
25610,Midsize Cars,Regular,Front-Wheel Drive,9.98818181818182,Nissan,Automatic (variable gear ratios),4.0,1.8
25611,Midsize Cars,Regular,Front-Wheel Drive,9.98818181818182,Nissan,Automatic (variable gear ratios),4.0,1.8
25612,Midsize Cars,Regular,Front-Wheel Drive,13.73375,Toyota,Automatic (S6),6.0,3.5
25613,Large Cars,Premium,Rear-Wheel Drive,17.3478947368421,Jaguar,Automatic (S8),8.0,5.0
25614,Compact Cars,Regular,Front-Wheel Drive,14.9822727272727,Volkswagen,Automatic 3-spd,4.0,1.8
25615,Large Cars,Premium,Rear-Wheel Drive,15.6957142857143,Jaguar,Automatic (S8),6.0,3.0
25616,Large Cars,Diesel,4-Wheel Drive,15.924375,Mercedes-Benz,Automatic 7-spd,6.0,3.0
25617,Standard Pickup Trucks 2WD,Regular,Rear-Wheel Drive,16.4805,Ram,Automatic 8-spd,6.0,3.6
25618,Standard Pickup Trucks 2WD,Regular,Rear-Wheel Drive,15.6957142857143,Ram,Automatic 8-spd,6.0,3.6
25619,Small Sport Utility Vehicle 2WD,Regular,Front-Wheel Drive,14.9822727272727,Nissan,Automatic (variable gear ratios),6.0,3.5
25620,Small Sport Utility Vehicle 4WD,Premium,All-Wheel Drive,15.6957142857143,Audi,Automatic (S8),6.0,3.0
25621,Small Sport Utility Vehicle 4WD,Regular,4-Wheel Drive,15.6957142857143,Nissan,Automatic (variable gear ratios),6.0,3.5
25622,Standard Sport Utility Vehicle 4WD,Premium,4-Wheel Drive,23.5435714285714,Land Rover,Automatic (S6),8.0,5.0
25623,Subcompact Cars,Electricity,Rear-Wheel Drive,0.18,Mitsubishi,Automatic (A1),,
25624,Subcompact Cars,Premium,4-Wheel Drive,14.9822727272727,Mercedes-Benz,Automatic 7-spd,6.0,3.5
25625,Compact Cars,Regular,Front-Wheel Drive,12.6773076923077,Volkswagen,Manual 5-spd,4.0,1.8
25626,Compact Cars,Premium,All-Wheel Drive,19.3888235294118,BMW,Automatic (S8),8.0,4.4
25627,Compact Cars,Premium,Rear-Wheel Drive,20.600625,BMW,Automatic (S7),8.0,4.4
25628,Compact Cars,Gasoline or E85,Front-Wheel Drive,10.6325806451613,Ford,Auto(AM-S6),4.0,2.0
25629,Midsize Cars,Premium,Rear-Wheel Drive,12.6773076923077,BMW,Automatic (S8),6.0,3.0
25630,Sport Utility Vehicle - 2WD,Regular,Front-Wheel Drive,13.73375,Honda,Automatic 5-spd,4.0,2.4
25631,Sport Utility Vehicle - 4WD,Premium or E85,4-Wheel Drive,16.4805,Mercedes-Benz,Automatic 7-spd,6.0,3.5
25632,Compact Cars,Premium,Front-Wheel Drive,7.49113636363637,Volkswagen,Auto(AM-S7),4.0,1.4
25633,Large Cars,Electricity,Rear-Wheel Drive,0.21,Tesla,Automatic (A1),,
25634,Large Cars,Electricity,Rear-Wheel Drive,0.228,Tesla,Automatic (A1),,
25635,Subcompact Cars,Premium,All-Wheel Drive,18.3116666666667,Audi,Auto(AM-S7),8.0,4.2
25636,Compact Cars,Regular,Front-Wheel Drive,14.3308695652174,Volkswagen,Manual 5-spd,4.0,1.8
25637,Midsize Cars,Premium,Rear-Wheel Drive,14.3308695652174,Jaguar,Automatic (S8),4.0,2.0
25638,Midsize Cars,Premium,All-Wheel Drive,16.4805,Lexus,Auto(AV-S8),8.0,5.0
25639,Midsize Cars,Regular,Front-Wheel Drive,11.7717857142857,Toyota,Automatic (S6),4.0,2.5
25640,Midsize Cars,Regular,Front-Wheel Drive,8.24025,Toyota,Auto(AV-S6),4.0,2.5
25641,Midsize Cars,Regular,Front-Wheel Drive,8.24025,Toyota,Automatic (variable gear ratios),4.0,2.5
25642,Midsize Cars,Regular,Front-Wheel Drive,8.45153846153846,Toyota,Automatic (variable gear ratios),4.0,2.5
25643,Midsize Cars,Regular,Front-Wheel Drive,13.1844,Toyota,Automatic (S6),6.0,3.5
25644,Midsize Cars,Regular,Front-Wheel Drive,13.1844,Toyota,Automatic (S6),6.0,3.5
25645,Special Purpose Vehicle 2WD,Regular,Rear-Wheel Drive,21.974,VPG,Automatic 4-spd,8.0,4.6
25646,Small Sport Utility Vehicle 4WD,Regular,All-Wheel Drive,16.4805,Ford,Automatic (S6),6.0,3.5
25647,Compact Cars,Regular,Front-Wheel Drive,14.9822727272727,Volkswagen,Automatic 3-spd,4.0,1.8
25648,Small Sport Utility Vehicle 4WD,Premium,4-Wheel Drive,16.4805,Land Rover,Automatic (S6),4.0,2.0
25649,Standard Sport Utility Vehicle 4WD,Premium,4-Wheel Drive,21.974,Land Rover,Automatic (S8),8.0,5.0
25650,Standard Sport Utility Vehicle 4WD,Premium,4-Wheel Drive,20.600625,Land Rover,Automatic (S8),8.0,5.0
25651,Sport Utility Vehicle - 2WD,Electricity,Front-Wheel Drive,0.324,BYD,Automatic (A1),,
25652,Two Seaters,Premium,Rear-Wheel Drive,21.974,Aston Martin,Manual 6-spd,8.0,4.7
25653,Two Seaters,Premium,Rear-Wheel Drive,20.600625,Aston Martin,Auto(AM7),8.0,4.7
25654,Two Seaters,Premium,Rear-Wheel Drive,21.974,Aston Martin,Manual 6-spd,8.0,4.7
25655,Two Seaters,Premium,Rear-Wheel Drive,20.600625,Aston Martin,Auto(AM7),8.0,4.7
25656,Minicompact Cars,Premium,Rear-Wheel Drive,21.974,Aston Martin,Automatic (S6),12.0,5.9
25657,Special Purpose Vehicle 2WD,Regular,Front-Wheel Drive,19.3888235294118,Cadillac,Automatic (S6),6.0,3.6
25658,Compact Cars,Regular,Front-Wheel Drive,13.1844,Volkswagen,Manual 5-spd,4.0,1.8
25659,Special Purpose Vehicle 2WD,Regular,Front-Wheel Drive,19.3888235294118,Cadillac,Automatic (S6),6.0,3.6
25660,Small Sport Utility Vehicle 2WD,Regular,Front-Wheel Drive,15.6957142857143,Hyundai,Automatic 6-spd,6.0,3.3
25661,Small Sport Utility Vehicle 4WD,Regular,All-Wheel Drive,13.1844,Buick,Automatic (S6),4.0,1.4
25662,Small Sport Utility Vehicle 4WD,Regular,4-Wheel Drive,16.4805,Hyundai,Automatic 6-spd,6.0,3.3
25663,Small Sport Utility Vehicle 4WD,Premium,All-Wheel Drive,17.3478947368421,Nissan,Automatic (variable gear ratios),6.0,3.5
25664,Standard Sport Utility Vehicle 4WD,Diesel,All-Wheel Drive,17.3720454545455,BMW,Automatic (S6),6.0,3.0
25665,Minicompact Cars,Electricity,Front-Wheel Drive,0.174,Fiat,Automatic (A1),,
25666,Small Sport Utility Vehicle 2WD,Electricity,Front-Wheel Drive,0.264,Toyota,Automatic (variable gear ratios),,
25667,Midsize Cars,Regular Gas and Electricity,Front-Wheel Drive,4.87870354125,Ford,Automatic (variable gear ratios),4.0,2.0
25668,Midsize Cars,Regular,Front-Wheel Drive,11.3658620689655,Mazda,Manual 6-spd,4.0,2.5
25669,Compact Cars,Regular,Front-Wheel Drive,13.1844,Mazda,Manual 5-spd,4.0,2.0
25670,Compact Cars,Regular,Front-Wheel Drive,18.3116666666667,Volkswagen,Automatic 3-spd,5.0,2.2
25671,Midsize Cars,Regular,Front-Wheel Drive,10.987,Mazda,Automatic (S6),4.0,2.5
25672,Small Sport Utility Vehicle 2WD,Regular,Front-Wheel Drive,12.2077777777778,Mazda,Automatic (S6),4.0,2.5
25673,Small Sport Utility Vehicle 2WD,Regular,Front-Wheel Drive,11.3658620689655,Mazda,Manual 6-spd,4.0,2.0
25674,Small Sport Utility Vehicle 2WD,Regular,Front-Wheel Drive,11.7717857142857,Mazda,Automatic (S6),4.0,2.0
25675,Small Sport Utility Vehicle 4WD,Regular,4-Wheel Drive,12.6773076923077,Mazda,Automatic (S6),4.0,2.5
25676,Small Sport Utility Vehicle 4WD,Regular,4-Wheel Drive,12.2077777777778,Mazda,Automatic (S6),4.0,2.0
25677,Subcompact Cars,Regular,Rear-Wheel Drive,14.9822727272727,Ford,Manual 6-spd,6.0,3.7
25678,Subcompact Cars,Regular,Rear-Wheel Drive,14.3308695652174,Ford,Automatic 6-spd,6.0,3.7
25679,Subcompact Cars,Premium,Rear-Wheel Drive,18.3116666666667,Ford,Manual 6-spd,8.0,5.8
25680,Subcompact Cars,Regular,Rear-Wheel Drive,16.4805,Ford,Automatic 6-spd,8.0,5.0
25681,Compact Cars,Regular,Front-Wheel Drive,17.3478947368421,Volkswagen,Manual 5-spd,5.0,2.2
25682,Small Sport Utility Vehicle 4WD,Regular,All-Wheel Drive,13.73375,Subaru,Manual 6-spd,4.0,2.5
25683,Small Sport Utility Vehicle 4WD,Regular,All-Wheel Drive,12.2077777777778,Subaru,Automatic (variable gear ratios),4.0,2.5
25684,Small Sport Utility Vehicle 4WD,Premium,All-Wheel Drive,13.1844,Subaru,Automatic (variable gear ratios),4.0,2.0
25685,Two Seaters,Premium,All-Wheel Drive,27.4675,Lamborghini,Auto(AM-S7),12.0,6.5
25686,Midsize Cars,Gasoline or E85,Front-Wheel Drive,12.2077777777778,Dodge,Automatic 6-spd,4.0,2.0
25687,Midsize Cars,Regular,Front-Wheel Drive,9.98818181818182,Nissan,Automatic (variable gear ratios),4.0,1.8
25688,Small Station Wagons,Regular,Front-Wheel Drive,13.73375,Scion,Manual 5-spd,4.0,2.4
25689,Small Station Wagons,Regular,Front-Wheel Drive,13.73375,Scion,Automatic (S4),4.0,2.4
25690,Small Pickup Trucks 2WD,Regular,Rear-Wheel Drive,17.3478947368421,Nissan,Automatic 5-spd,4.0,2.5
25691,Small Pickup Trucks 2WD,Regular,Rear-Wheel Drive,15.6957142857143,Nissan,Manual 5-spd,4.0,2.5
25692,Compact Cars,Regular,Rear-Wheel Drive,16.4805,Volvo,Automatic 4-spd,4.0,2.3
25693,Small Pickup Trucks 2WD,Regular,Rear-Wheel Drive,18.3116666666667,Nissan,Automatic 5-spd,6.0,4.0
25694,Small Pickup Trucks 2WD,Regular,Rear-Wheel Drive,17.3478947368421,Nissan,Manual 6-spd,6.0,4.0
25695,Small Pickup Trucks 4WD,Regular,4-Wheel Drive,19.3888235294118,Nissan,Automatic 5-spd,6.0,4.0
25696,Small Pickup Trucks 4WD,Regular,4-Wheel Drive,18.3116666666667,Nissan,Manual 6-spd,6.0,4.0
25697,Small Sport Utility Vehicle 2WD,Regular,Rear-Wheel Drive,18.3116666666667,Nissan,Automatic 5-spd,6.0,4.0
25698,Small Sport Utility Vehicle 2WD,Regular,Front-Wheel Drive,12.6773076923077,Toyota,Automatic (S6),4.0,2.5
25699,Small Sport Utility Vehicle 4WD,Regular,4-Wheel Drive,19.3888235294118,Nissan,Automatic 5-spd,6.0,4.0
25700,Small Sport Utility Vehicle 4WD,Regular,4-Wheel Drive,19.3888235294118,Nissan,Manual 6-spd,6.0,4.0
25701,Small Sport Utility Vehicle 4WD,Regular,All-Wheel Drive,13.1844,Toyota,Automatic (S6),4.0,2.5
25702,Small Sport Utility Vehicle 4WD,Regular,All-Wheel Drive,13.1844,Toyota,Automatic (S6),4.0,2.5
25703,Compact Cars,Regular,Rear-Wheel Drive,14.9822727272727,Volvo,Manual 5-spd,4.0,2.3
25704,Subcompact Cars,Regular,Rear-Wheel Drive,14.3308695652174,Ford,Automatic 6-spd,6.0,3.7
25705,Subcompact Cars,Regular,Rear-Wheel Drive,17.3478947368421,Ford,Manual 6-spd,8.0,5.0
25706,Subcompact Cars,Premium,All-Wheel Drive,17.3478947368421,Nissan,Auto(AM6),6.0,3.8
25707,Small Sport Utility Vehicle 2WD,Regular,Front-Wheel Drive,14.9822727272727,Kia,Automatic 6-spd,4.0,2.4
25708,Small Sport Utility Vehicle 2WD,Regular,Front-Wheel Drive,15.6957142857143,Kia,Manual 6-spd,4.0,2.4
25709,Small Sport Utility Vehicle 2WD,Regular,Front-Wheel Drive,15.6957142857143,Kia,Automatic 6-spd,6.0,3.3
25710,Small Sport Utility Vehicle 4WD,Regular,4-Wheel Drive,15.6957142857143,Kia,Automatic 6-spd,4.0,2.4
25711,Small Sport Utility Vehicle 4WD,Regular,4-Wheel Drive,16.4805,Kia,Automatic 6-spd,6.0,3.3
25712,Small Sport Utility Vehicle 4WD,Premium,All-Wheel Drive,17.3478947368421,Nissan,Automatic (variable gear ratios),6.0,3.5
25713,Compact Cars,Regular,Rear-Wheel Drive,20.600625,Volvo,Automatic 4-spd,6.0,2.8
25714,Two Seaters,Premium,All-Wheel Drive,20.600625,Audi,Auto(AM-S7),10.0,5.2
25715,Two Seaters,Premium,All-Wheel Drive,20.600625,Audi,Auto(AM-S7),10.0,5.2
25716,Two Seaters,Premium,All-Wheel Drive,19.3888235294118,Audi,Auto(AM-S7),8.0,4.2
25717,Two Seaters,Premium,All-Wheel Drive,19.3888235294118,Audi,Auto(AM-S7),8.0,4.2
25718,Two Seaters,Premium,All-Wheel Drive,23.5435714285714,Audi,Manual 6-spd,10.0,5.2
25719,Two Seaters,Premium,All-Wheel Drive,23.5435714285714,Audi,Manual 6-spd,10.0,5.2
25720,Two Seaters,Premium,All-Wheel Drive,23.5435714285714,Audi,Manual 6-spd,8.0,4.2
25721,Two Seaters,Premium,All-Wheel Drive,23.5435714285714,Audi,Manual 6-spd,8.0,4.2
25722,Minicompact Cars,Premium,Rear-Wheel Drive,21.974,Aston Martin,Automatic (S6),12.0,5.9
25723,Minicompact Cars,Premium,Rear-Wheel Drive,21.974,Aston Martin,Automatic (S6),12.0,5.9
25724,Compact Cars,Regular,Rear-Wheel Drive,19.3888235294118,Volvo,Automatic 4-spd,6.0,2.8
25725,Subcompact Cars,Premium,Rear-Wheel Drive,21.974,Aston Martin,Automatic (S6),12.0,5.9
25726,Subcompact Cars,Premium,Rear-Wheel Drive,19.3888235294118,Roush Performance,Manual 6-spd,8.0,5.0
25727,Small Sport Utility Vehicle 2WD,Regular,Front-Wheel Drive,13.73375,Jeep,Automatic 6-spd,4.0,2.4
25728,Small Sport Utility Vehicle 2WD,Regular,Front-Wheel Drive,13.73375,Jeep,Automatic 6-spd,4.0,2.4
25729,Small Sport Utility Vehicle 2WD,Regular,Front-Wheel Drive,13.73375,Jeep,Automatic 6-spd,4.0,2.0
25730,Small Sport Utility Vehicle 2WD,Regular,Front-Wheel Drive,13.73375,Jeep,Automatic 6-spd,4.0,2.0
25731,Small Sport Utility Vehicle 2WD,Regular,Front-Wheel Drive,13.1844,Jeep,Manual 5-spd,4.0,2.4
25732,Small Sport Utility Vehicle 2WD,Regular,Front-Wheel Drive,13.1844,Jeep,Manual 5-spd,4.0,2.4
25733,Small Sport Utility Vehicle 2WD,Regular,Front-Wheel Drive,13.1844,Jeep,Manual 5-spd,4.0,2.0
25734,Small Sport Utility Vehicle 4WD,Regular,4-Wheel Drive,14.3308695652174,Jeep,Automatic 6-spd,4.0,2.4
25735,Compact Cars,Regular,Front-Wheel Drive,18.3116666666667,Dodge,Manual 5-spd,4.0,2.2
25736,Small Sport Utility Vehicle 4WD,Regular,4-Wheel Drive,14.3308695652174,Jeep,Automatic 6-spd,4.0,2.4
25737,Small Sport Utility Vehicle 4WD,Regular,4-Wheel Drive,13.1844,Jeep,Manual 5-spd,4.0,2.4
25738,Small Sport Utility Vehicle 4WD,Regular,4-Wheel Drive,13.1844,Jeep,Manual 5-spd,4.0,2.4
25739,Standard Sport Utility Vehicle 4WD,Premium,4-Wheel Drive,21.974,Jeep,Automatic 8-spd,8.0,6.4
25740,Standard Sport Utility Vehicle 4WD,Premium,All-Wheel Drive,19.3888235294118,Porsche,Automatic 8-spd,8.0,4.8
25741,Two Seaters,Regular,Front-Wheel Drive,9.98818181818182,Honda,Manual 6-spd,4.0,1.5
25742,Two Seaters,Premium,Front-Wheel Drive,10.987,MINI,Automatic (S6),4.0,1.6
25743,Two Seaters,Premium,Front-Wheel Drive,10.987,MINI,Manual 6-spd,4.0,1.6
25744,Two Seaters,Premium,Front-Wheel Drive,11.3658620689655,MINI,Manual 6-spd,4.0,1.6
25745,Compact Cars,Premium,Rear-Wheel Drive,12.2077777777778,BMW,Manual 6-spd,4.0,2.0
25746,Midsize Cars,Premium,Rear-Wheel Drive,20.600625,ASC Incorporated,Automatic 4-spd,6.0,3.8
25747,Compact Cars,Premium,All-Wheel Drive,12.2077777777778,BMW,Automatic (S8),4.0,2.0
25748,Compact Cars,Premium,Front-Wheel Drive,13.1844,Honda,Manual 6-spd,4.0,2.4
25749,Compact Cars,Premium,Front-Wheel Drive,12.2077777777778,MINI,Automatic (S6),4.0,1.6
25750,Compact Cars,Premium,Front-Wheel Drive,10.987,MINI,Manual 6-spd,4.0,1.6
25751,Standard Pickup Trucks 4WD,Midgrade,4-Wheel Drive,19.3888235294118,Ram,Automatic 8-spd,8.0,5.7
25752,Small Sport Utility Vehicle 4WD,Regular,All-Wheel Drive,14.9822727272727,Honda,Automatic (S6),6.0,3.5
25753,Standard Sport Utility Vehicle 4WD,Premium,4-Wheel Drive,23.5435714285714,Mercedes-Benz,Automatic 7-spd,8.0,5.5
25754,Subcompact Cars,Premium,Rear-Wheel Drive,19.3888235294118,Roush Performance,Automatic 6-spd,8.0,5.0
25755,Standard Sport Utility Vehicle 4WD,Premium,All-Wheel Drive,20.600625,Porsche,Automatic 8-spd,8.0,4.8
25756,Two Seaters,Premium,Rear-Wheel Drive,12.6773076923077,BMW,Automatic (S8),4.0,2.0
25757,Midsize Cars,Regular,4-Wheel or All-Wheel Drive,18.3116666666667,Audi,Manual 5-spd,5.0,2.2
25758,Two Seaters,Premium,Rear-Wheel Drive,15.6957142857143,BMW,Manual 6-spd,6.0,3.0
25759,Two Seaters,Premium,Rear-Wheel Drive,17.3478947368421,BMW,Auto(AM-S7),6.0,3.0
25760,Two Seaters,Premium,Rear-Wheel Drive,17.3478947368421,BMW,Auto(AM-S7),6.0,3.0
25761,Subcompact Cars,Premium,Rear-Wheel Drive,13.1844,BMW,Automatic (S8),6.0,3.0
25762,Subcompact Cars,Premium,Rear-Wheel Drive,14.3308695652174,BMW,Automatic (S8),6.0,3.0
25763,Subcompact Cars,Premium,All-Wheel Drive,17.3478947368421,BMW,Automatic (S8),8.0,4.4
25764,Subcompact Cars,Premium,All-Wheel Drive,17.3478947368421,BMW,Automatic (S8),8.0,4.4
25765,Compact Cars,Premium,Rear-Wheel Drive,14.3308695652174,BMW,Automatic (S8),6.0,3.0
25766,Compact Cars,Premium,All-Wheel Drive,17.3478947368421,BMW,Automatic (S8),8.0,4.4
25767,Midsize Cars,Regular,Front-Wheel Drive,11.7717857142857,Kia,Automatic 6-spd,4.0,2.0
25768,Midsize Cars,Regular,Front-Wheel Drive,18.3116666666667,Audi,Automatic 3-spd,5.0,2.2
25769,Midsize Cars,Regular,Front-Wheel Drive,11.7717857142857,Kia,Manual 6-spd,4.0,2.0
25770,Large Cars,Premium,All-Wheel Drive,15.6957142857143,BMW,Automatic (S6),6.0,3.0
25771,Large Cars,Regular,Front-Wheel Drive,14.9822727272727,Kia,Automatic 6-spd,6.0,3.3
25772,Minivan - 2WD,Regular,Front-Wheel Drive,16.4805,Kia,Automatic 6-spd,6.0,3.5
25773,Small Sport Utility Vehicle 4WD,Regular,4-Wheel Drive,15.6957142857143,Jeep,Automatic (variable gear ratios),4.0,2.4
25774,Small Sport Utility Vehicle 4WD,Regular,4-Wheel Drive,15.6957142857143,Jeep,Automatic (variable gear ratios),4.0,2.4
25775,Standard Sport Utility Vehicle 2WD,Gasoline or E85,Rear-Wheel Drive,16.4805,Jeep,Automatic 8-spd,6.0,3.6
25776,Standard Sport Utility Vehicle 2WD,Midgrade,Rear-Wheel Drive,19.3888235294118,Jeep,Automatic 8-spd,8.0,5.7
25777,Standard Sport Utility Vehicle 4WD,Gasoline or E85,4-Wheel Drive,17.3478947368421,Jeep,Automatic 8-spd,6.0,3.6
25778,Standard Sport Utility Vehicle 4WD,Midgrade,4-Wheel Drive,20.600625,Jeep,Automatic 8-spd,8.0,5.7
25779,Compact Cars,Diesel,Front-Wheel Drive,11.5813636363636,Mazda,Manual 5-spd,4.0,2.0
25780,Midsize Cars,Regular,Front-Wheel Drive,17.3478947368421,Audi,Manual 5-spd,5.0,2.2
25781,Standard Sport Utility Vehicle 4WD,Premium,All-Wheel Drive,18.3116666666667,Porsche,Automatic 8-spd,8.0,4.8
25782,Two Seaters,Regular,Front-Wheel Drive,9.15583333333333,Honda,Auto(AV-S7),4.0,1.5
25783,Compact Cars,Premium,Rear-Wheel Drive,11.7717857142857,BMW,Automatic (S8),4.0,2.0
25784,Compact Cars,CNG,Front-Wheel Drive,0.06,Honda,Automatic 5-spd,4.0,1.8
25785,Compact Cars,Regular,Front-Wheel Drive,10.3003125,Honda,Automatic 5-spd,4.0,1.8
25786,Compact Cars,Regular,Front-Wheel Drive,10.6325806451613,Honda,Manual 5-spd,4.0,1.8
25787,Compact Cars,Regular,Front-Wheel Drive,9.98818181818182,Honda,Automatic 5-spd,4.0,1.8
25788,Compact Cars,Regular,Front-Wheel Drive,7.49113636363637,Honda,Automatic (variable gear ratios),4.0,1.5
25789,Small Sport Utility Vehicle 2WD,Regular,Front-Wheel Drive,13.1844,Honda,Automatic 5-spd,4.0,2.4
25790,Small Sport Utility Vehicle 2WD,Regular,Front-Wheel Drive,14.3308695652174,Honda,Automatic (S6),6.0,3.5
25791,Midsize Cars,Regular,Front-Wheel Drive,19.3888235294118,Audi,Automatic 3-spd,5.0,2.2
25792,Subcompact Cars,Premium,All-Wheel Drive,14.3308695652174,BMW,Automatic (S8),6.0,3.0
25793,Subcompact Cars,Premium,All-Wheel Drive,14.3308695652174,BMW,Automatic (S8),6.0,3.0
25794,Subcompact Cars,Premium,Rear-Wheel Drive,16.4805,BMW,Automatic (S8),8.0,4.4
25795,Subcompact Cars,Premium,Rear-Wheel Drive,16.4805,BMW,Automatic (S8),8.0,4.4
25796,Compact Cars,Premium or E85,All-Wheel Drive,21.974,Bentley,Automatic (S8),12.0,6.0
25797,Compact Cars,Premium,All-Wheel Drive,14.3308695652174,BMW,Automatic (S8),6.0,3.0
25798,Compact Cars,Premium,Rear-Wheel Drive,16.4805,BMW,Automatic (S8),8.0,4.4
25799,Midsize Cars,Premium,Front-Wheel Drive,14.3308695652174,Acura,Automatic (S6),6.0,3.5
25800,Midsize Cars,Regular,Front-Wheel Drive,11.3658620689655,Kia,Automatic 6-spd,4.0,1.8
25801,Midsize Cars,Regular,Front-Wheel Drive,11.7717857142857,Kia,Automatic 6-spd,4.0,1.8
25802,Midsize Cars,Regular,Front-Wheel Drive,17.3478947368421,Audi,Manual 5-spd,5.0,2.2
25803,Midsize Cars,Regular,Front-Wheel Drive,11.3658620689655,Kia,Manual 6-spd,4.0,1.8
25804,Large Cars,Premium,All-Wheel Drive,12.6773076923077,BMW,Automatic (S8),4.0,2.0
25805,Small Station Wagons,Premium,All-Wheel Drive,12.6773076923077,BMW,Automatic (S8),4.0,2.0
25806,Small Sport Utility Vehicle 2WD,Premium,Front-Wheel Drive,14.3308695652174,Acura,Automatic (S6),6.0,3.5
25807,Small Sport Utility Vehicle 4WD,Premium,All-Wheel Drive,14.9822727272727,Acura,Automatic (S6),6.0,3.5
25808,Small Sport Utility Vehicle 4WD,Premium,All-Wheel Drive,13.73375,BMW,Automatic (S8),4.0,2.0
25809,Standard Sport Utility Vehicle 4WD,Premium,All-Wheel Drive,19.3888235294118,Porsche,Automatic 8-spd,8.0,4.8
25810,Midsize Cars,Regular,Front-Wheel Drive,12.6773076923077,Dodge,Manual 6-spd,4.0,2.4
25811,Midsize Cars,Regular,Front-Wheel Drive,8.90837837837838,Hyundai,Auto(AM6),4.0,2.4
25812,Midsize Cars,Regular,Front-Wheel Drive,8.90837837837838,Hyundai,Auto(AM6),4.0,2.4
25813,Midsize Cars,Regular,Front-Wheel Drive,18.3116666666667,Audi,Automatic 3-spd,5.0,2.3
25814,Midsize Cars,Regular,Front-Wheel Drive,9.15583333333333,Kia,Auto(AM6),4.0,2.4
25815,Midsize Cars,Regular,Front-Wheel Drive,8.90837837837838,Kia,Auto(AM6),4.0,2.4
25816,"Vans, Cargo Type",Regular,Front-Wheel Drive,13.73375,Nissan,Automatic (variable gear ratios),4.0,2.0
25817,Small Sport Utility Vehicle 4WD,Premium,All-Wheel Drive,17.3478947368421,Acura,Automatic (S6),6.0,3.7
25818,Two Seaters,Premium,Rear-Wheel Drive,21.974,SRT,Manual 6-spd,10.0,8.4
25819,Two Seaters,Premium,Rear-Wheel Drive,12.6773076923077,BMW,Manual 6-spd,4.0,2.0
25820,Two Seaters,Premium,Rear-Wheel Drive,13.73375,Porsche,Manual 6-spd,6.0,2.7
25821,Two Seaters,Premium,Rear-Wheel Drive,13.1844,Porsche,Auto(AM-S7),6.0,2.7
25822,Two Seaters,Premium,Rear-Wheel Drive,13.73375,Porsche,Manual 6-spd,6.0,2.7
25823,Two Seaters,Premium,Rear-Wheel Drive,13.1844,Porsche,Auto(AM-S7),6.0,2.7
25824,Midsize Cars,Regular,Front-Wheel Drive,18.3116666666667,Audi,Manual 5-spd,5.0,2.3
25825,Subcompact Cars,Premium or E85,All-Wheel Drive,21.974,Bentley,Automatic (S8),12.0,6.0
25826,Subcompact Cars,Premium or E85,All-Wheel Drive,21.974,Bentley,Automatic (S8),12.0,6.0
25827,Subcompact Cars,Premium,Rear-Wheel Drive,19.3888235294118,BMW,Manual 6-spd,8.0,4.4
25828,Subcompact Cars,Premium,Rear-Wheel Drive,20.600625,BMW,Auto(AM-S7),8.0,4.4
25829,Subcompact Cars,Premium,Rear-Wheel Drive,19.3888235294118,BMW,Manual 6-spd,8.0,4.4
25830,Subcompact Cars,Premium,Rear-Wheel Drive,20.600625,BMW,Auto(AM-S7),8.0,4.4
25831,Compact Cars,Premium,Rear-Wheel Drive,19.3888235294118,BMW,Manual 6-spd,8.0,4.4
25832,Compact Cars,Premium,Rear-Wheel Drive,20.600625,BMW,Auto(AM-S7),8.0,4.4
25833,Midsize Cars,Premium or E85,All-Wheel Drive,21.974,Bentley,Automatic (S8),12.0,6.0
25834,Midsize Cars,Premium,4-Wheel Drive,14.9822727272727,Mercedes-Benz,Automatic 7-spd,6.0,3.5
25835,Midsize Cars,Regular,4-Wheel or All-Wheel Drive,18.3116666666667,Audi,Manual 5-spd,5.0,2.3
25836,Midsize Cars,Premium,Rear-Wheel Drive,13.73375,Mercedes-Benz,Automatic 7-spd,6.0,3.5
25837,Midsize Cars,Premium or E85,Rear-Wheel Drive,14.3308695652174,Mercedes-Benz,Automatic 7-spd,6.0,3.5
25838,Large Cars,Premium,Rear-Wheel Drive,12.6773076923077,BMW,Automatic (S8),4.0,2.0
25839,Small Sport Utility Vehicle 4WD,Premium,All-Wheel Drive,15.6957142857143,BMW,Automatic (S8),6.0,3.0
25840,Standard Sport Utility Vehicle 4WD,Premium,All-Wheel Drive,16.4805,BMW,Automatic (S8),6.0,3.0
25841,Standard Sport Utility Vehicle 4WD,Premium,All-Wheel Drive,19.3888235294118,BMW,Automatic (S8),8.0,4.4
25842,Standard Sport Utility Vehicle 4WD,Premium,All-Wheel Drive,21.974,BMW,Automatic (S6),8.0,4.4
25843,Midsize Cars,Regular Gas and Electricity,Front-Wheel Drive,4.82765677659574,Honda,Automatic (variable gear ratios),4.0,2.0
25844,Midsize Cars,Electricity,Front-Wheel Drive,0.174,Nissan,Automatic (A1),,
25845,Two Seaters,Premium,Rear-Wheel Drive,18.3116666666667,Jaguar,Automatic (S8),8.0,5.0
25846,Midsize Cars,Regular,Front-Wheel Drive,14.3308695652174,Buick,Automatic 3-spd,4.0,2.5
25847,Two Seaters,Premium,Rear-Wheel Drive,14.9822727272727,Porsche,Manual 6-spd,6.0,3.4
25848,Two Seaters,Premium,Rear-Wheel Drive,13.73375,Porsche,Auto(AM-S7),6.0,3.4
25849,Two Seaters,Premium,Rear-Wheel Drive,14.9822727272727,Porsche,Manual 6-spd,6.0,3.4
25850,Two Seaters,Premium,Rear-Wheel Drive,13.73375,Porsche,Auto(AM-S7),6.0,3.4
25851,Minicompact Cars,Premium,Rear-Wheel Drive,18.3116666666667,Jaguar,Automatic (S6),8.0,5.0
25852,Minicompact Cars,Premium,Rear-Wheel Drive,18.3116666666667,Jaguar,Automatic (S6),8.0,5.0
25853,Compact Cars,Premium,Front-Wheel Drive,12.2077777777778,Acura,Automatic (S5),4.0,2.0
25854,Compact Cars,Premium,Front-Wheel Drive,13.1844,Acura,Manual 6-spd,4.0,2.4
25855,Compact Cars,Premium,Rear-Wheel Drive,16.4805,Mercedes-Benz,Automatic 7-spd,8.0,4.7
25856,Compact Cars,Premium,4-Wheel Drive,17.3478947368421,Mercedes-Benz,Automatic 7-spd,8.0,4.7
25857,Midsize Cars,Regular,Front-Wheel Drive,16.4805,Buick,Automatic 3-spd,6.0,2.8
25858,Compact Cars,Regular,Front-Wheel Drive,11.7717857142857,Mitsubishi,Manual 5-spd,4.0,2.0
25859,Compact Cars,Regular,Front-Wheel Drive,11.7717857142857,Mitsubishi,Auto(AV-S6),4.0,2.0
25860,Compact Cars,Regular,Front-Wheel Drive,13.1844,Mitsubishi,Manual 5-spd,4.0,2.4
25861,Compact Cars,Regular,Front-Wheel Drive,12.6773076923077,Mitsubishi,Auto(AV-S6),4.0,2.4
25862,Compact Cars,Premium,All-Wheel Drive,16.4805,Mitsubishi,Auto(AM6),4.0,2.0
25863,Compact Cars,Regular,All-Wheel Drive,13.1844,Mitsubishi,Auto(AV-S6),4.0,2.4
25864,Compact Cars,Premium,All-Wheel Drive,17.3478947368421,Mitsubishi,Manual 5-spd,4.0,2.0
25865,Compact Cars,Premium,All-Wheel Drive,17.3478947368421,Mitsubishi,Auto(AM6),4.0,2.0
25866,Midsize Cars,Diesel,Front-Wheel Drive,11.94328125,Chevrolet,Automatic (S6),4.0,2.0
25867,Midsize Cars,Premium or E85,4-Wheel Drive,14.3308695652174,Mercedes-Benz,Automatic 7-spd,6.0,3.5
25868,Midsize Cars,Regular,Front-Wheel Drive,15.6957142857143,Buick,Automatic 4-spd,6.0,2.8
25869,Midsize Cars,Premium,Rear-Wheel Drive,14.3308695652174,Mercedes-Benz,Automatic 7-spd,6.0,3.5
25870,Compact Cars,Regular,Front-Wheel Drive,9.41742857142857,Nissan,Automatic (variable gear ratios),4.0,1.6
25871,Compact Cars,Regular,Front-Wheel Drive,10.987,Nissan,Manual 5-spd,4.0,1.6
25872,Compact Cars,Regular,Front-Wheel Drive,10.987,Nissan,Automatic 4-spd,4.0,1.6
25873,Large Cars,Regular,Front-Wheel Drive,13.73375,Chevrolet,Automatic (S6),4.0,2.5
25874,Large Cars,Premium,Rear-Wheel Drive,18.3116666666667,Hyundai,Automatic 8-spd,8.0,5.0
25875,Small Station Wagons,Regular,Front-Wheel Drive,12.2077777777778,Mitsubishi,Auto(AV-S6),4.0,2.0
25876,Small Station Wagons,Regular,Front-Wheel Drive,13.1844,Mitsubishi,Auto(AV-S6),4.0,2.4
25877,Special Purpose Vehicle 2WD,Regular,Front-Wheel Drive,14.3308695652174,Lincoln,Automatic (S6),4.0,2.0
25878,Special Purpose Vehicle 4WD,Regular,All-Wheel Drive,17.3478947368421,Lincoln,Automatic 6-spd,6.0,3.7
25879,Midsize Cars,Regular,Front-Wheel Drive,17.3478947368421,Buick,Automatic 4-spd,6.0,3.8
25880,Small Sport Utility Vehicle 2WD,Premium,Front-Wheel Drive,14.3308695652174,Acura,Automatic (S6),6.0,3.5
25881,Small Sport Utility Vehicle 2WD,Regular,Front-Wheel Drive,12.2077777777778,Mitsubishi,Auto(AV-S6),4.0,2.4
25882,Small Sport Utility Vehicle 4WD,Premium,All-Wheel Drive,15.6957142857143,Acura,Automatic (S6),6.0,3.5
25883,Small Sport Utility Vehicle 4WD,Regular,All-Wheel Drive,18.3116666666667,Lincoln,Automatic (S6),6.0,3.5
25884,Small Sport Utility Vehicle 4WD,Regular,4-Wheel Drive,12.6773076923077,Mitsubishi,Auto(AV-S6),4.0,2.4
25885,Small Sport Utility Vehicle 4WD,Premium,4-Wheel Drive,14.3308695652174,Mitsubishi,Automatic (S6),6.0,3.0
25886,Standard Sport Utility Vehicle 2WD,Regular,Front-Wheel Drive,16.4805,Ford,Automatic (S6),6.0,3.5
25887,Standard Sport Utility Vehicle 2WD,Regular,Front-Wheel Drive,16.4805,Lincoln,Automatic (S6),6.0,3.7
25888,Standard Sport Utility Vehicle 4WD,Regular,All-Wheel Drive,18.3116666666667,Ford,Automatic (S6),6.0,3.5
25889,Standard Sport Utility Vehicle 4WD,Regular,All-Wheel Drive,17.3478947368421,Ford,Automatic (S6),6.0,3.5
25890,Compact Cars,Diesel,Rear-Wheel Drive,20.115,Mercedes-Benz,Automatic 4-spd,5.0,3.0
25891,Midsize Cars,Regular,Rear-Wheel Drive,17.3478947368421,Buick,Automatic 3-spd,6.0,3.8
25892,Standard Sport Utility Vehicle 4WD,Premium,4-Wheel Drive,17.3478947368421,Land Rover,Automatic (S8),6.0,3.0
25893,Standard Sport Utility Vehicle 4WD,Premium,4-Wheel Drive,17.3478947368421,Land Rover,Automatic (S8),6.0,3.0
25894,Minicompact Cars,Premium,Rear-Wheel Drive,17.3478947368421,Jaguar,Automatic (S6),8.0,5.0
25895,Minicompact Cars,Premium,Rear-Wheel Drive,19.3888235294118,Jaguar,Automatic (S6),8.0,5.0
25896,Subcompact Cars,Regular,Front-Wheel Drive,10.987,Ford,Manual 5-spd,4.0,1.6
25897,Subcompact Cars,Regular,Front-Wheel Drive,10.987,Ford,Auto(AM6),4.0,1.6
25898,Compact Cars,Premium,Front-Wheel Drive,8.67394736842105,Acura,Auto(AV-S7),4.0,1.5
25899,Midsize Cars,Premium,4-Wheel Drive,15.6957142857143,Mercedes-Benz,Automatic 7-spd,8.0,4.7
25900,Midsize Cars,Regular,All-Wheel Drive,12.2077777777778,Subaru,Automatic (variable gear ratios),4.0,2.5
25901,Midsize Cars,Premium,Rear-Wheel Drive,18.3116666666667,Buick,Automatic 4-spd,6.0,3.8
25902,Large Cars,Electricity,Rear-Wheel Drive,0.216,Tesla,Automatic (A1),,
25903,Two Seaters,Premium,All-Wheel Drive,12.6773076923077,Audi,Auto(AM-S6),4.0,2.0
25904,Two Seaters,Premium,All-Wheel Drive,32.961,Bugatti,Auto(AM-S7),16.0,8.0
25905,Two Seaters,Premium,Rear-Wheel Drive,14.3308695652174,Jaguar,Automatic (S8),6.0,3.0
25906,Two Seaters,Premium,Rear-Wheel Drive,14.9822727272727,Jaguar,Automatic (S8),6.0,3.0
25907,Two Seaters,Premium,All-Wheel Drive,27.4675,Lamborghini,Auto(AM-S7),12.0,6.5
25908,Two Seaters,Premium,All-Wheel Drive,25.3546153846154,Lamborghini,Auto(AM-S7),12.0,6.5
25909,Two Seaters,Premium,Rear-Wheel Drive,16.4805,Mercedes-Benz,Automatic 7-spd,8.0,4.7
25910,Midsize Cars,Regular,Rear-Wheel Drive,18.3116666666667,Buick,Automatic 3-spd,8.0,5.0
25911,Two Seaters,Premium,Rear-Wheel Drive,17.3478947368421,Mercedes-Benz,Automatic 7-spd,8.0,5.5
25912,Two Seaters,Premium,Rear-Wheel Drive,14.9822727272727,Mercedes-Benz,Automatic 7-spd,8.0,5.5
25913,Minicompact Cars,Premium,Rear-Wheel Drive,14.9822727272727,Porsche,Manual 7-spd,6.0,3.4
25914,Minicompact Cars,Premium,Rear-Wheel Drive,14.3308695652174,Porsche,Auto(AM-S7),6.0,3.4
25915,Minicompact Cars,Premium,Rear-Wheel Drive,14.9822727272727,Porsche,Manual 7-spd,6.0,3.4
25916,Minicompact Cars,Premium,Rear-Wheel Drive,14.3308695652174,Porsche,Auto(AM-S7),6.0,3.4
25917,Minicompact Cars,Premium,Rear-Wheel Drive,14.9822727272727,Porsche,Manual 7-spd,6.0,3.8
25918,Minicompact Cars,Premium,Rear-Wheel Drive,14.9822727272727,Porsche,Auto(AM-S7),6.0,3.8
25919,Minicompact Cars,Premium,Rear-Wheel Drive,15.6957142857143,Porsche,Manual 7-spd,6.0,3.8
25920,Minicompact Cars,Premium,Rear-Wheel Drive,14.9822727272727,Porsche,Auto(AM-S7),6.0,3.8
25921,Midsize Cars,Regular,Rear-Wheel Drive,18.3116666666667,Buick,Automatic 4-spd,8.0,5.0
25922,Minicompact Cars,Premium,4-Wheel Drive,14.9822727272727,Porsche,Manual 7-spd,6.0,3.4
25923,Minicompact Cars,Premium,4-Wheel Drive,14.3308695652174,Porsche,Auto(AM-S7),6.0,3.4
25924,Minicompact Cars,Premium,4-Wheel Drive,15.6957142857143,Porsche,Manual 7-spd,6.0,3.4
25925,Minicompact Cars,Premium,4-Wheel Drive,14.9822727272727,Porsche,Auto(AM-S7),6.0,3.4
25926,Minicompact Cars,Premium,4-Wheel Drive,15.6957142857143,Porsche,Manual 7-spd,6.0,3.8
25927,Minicompact Cars,Premium,4-Wheel Drive,14.9822727272727,Porsche,Auto(AM-S7),6.0,3.8
25928,Minicompact Cars,Premium,4-Wheel Drive,15.6957142857143,Porsche,Manual 7-spd,6.0,3.8
25929,Minicompact Cars,Regular,Front-Wheel Drive,8.90837837837838,Scion,Automatic (variable gear ratios),4.0,1.3
25930,Subcompact Cars,Premium,All-Wheel Drive,18.3116666666667,Audi,Auto(AM-S7),8.0,4.2
25931,Subcompact Cars,Premium,All-Wheel Drive,12.6773076923077,Audi,Auto(AM-S6),4.0,2.0
25932,Midsize Cars,Regular,Front-Wheel Drive,17.3478947368421,Buick,Automatic 4-spd,6.0,3.8
25933,Subcompact Cars,Electricity,Front-Wheel Drive,0.168,Chevrolet,Automatic (A1),,
25934,Compact Cars,Regular,Front-Wheel Drive,13.73375,Buick,Manual 6-spd,4.0,2.0
25935,Compact Cars,Regular,Rear-Wheel Drive,12.6773076923077,Cadillac,Automatic (S6),4.0,2.5
25936,Compact Cars,Regular,Rear-Wheel Drive,13.73375,Cadillac,Automatic (S6),4.0,2.0
25937,Compact Cars,Premium,Rear-Wheel Drive,14.9822727272727,Lexus,Automatic (S8),6.0,3.5
25938,Compact Cars,Premium,All-Wheel Drive,15.6957142857143,Lexus,Automatic (S6),6.0,3.5
25939,Compact Cars,Premium,Rear-Wheel Drive,13.73375,Lexus,Automatic (S6),6.0,2.5
25940,Compact Cars,Premium,All-Wheel Drive,14.3308695652174,Lexus,Automatic (S6),6.0,2.5
25941,Compact Cars,Premium,Rear-Wheel Drive,14.3308695652174,Mercedes-Benz,Automatic 7-spd,6.0,3.5
25942,Compact Cars,Premium,4-Wheel Drive,14.9822727272727,Mercedes-Benz,Automatic 7-spd,6.0,3.5
25943,Midsize Cars,Regular,Front-Wheel Drive,18.3116666666667,Cadillac,Automatic 4-spd,8.0,4.1
25944,Compact Cars,Premium or E85,Rear-Wheel Drive,14.3308695652174,Mercedes-Benz,Automatic 7-spd,6.0,3.5
25945,Compact Cars,Premium,4-Wheel Drive,18.3116666666667,Mercedes-Benz,Automatic 7-spd,8.0,4.7
25946,Compact Cars,Premium,Rear-Wheel Drive,18.3116666666667,Mercedes-Benz,Automatic 7-spd,8.0,5.5
25947,Compact Cars,Premium,Rear-Wheel Drive,17.3478947368421,Mercedes-Benz,Automatic 7-spd,8.0,5.5
25948,Compact Cars,Premium,Rear-Wheel Drive,17.3478947368421,Mercedes-Benz,Automatic 7-spd,8.0,5.5
25949,Compact Cars,Regular,Front-Wheel Drive,12.6773076923077,Scion,Automatic (S6),4.0,2.5
25950,Compact Cars,Regular,Front-Wheel Drive,12.6773076923077,Scion,Manual 6-spd,4.0,2.5
25951,Compact Cars,Premium,All-Wheel Drive,16.4805,Volkswagen,Automatic (S6),6.0,3.6
25952,Compact Cars,Regular,All-Wheel Drive,15.6957142857143,Volvo,Automatic (S6),6.0,3.0
25953,Compact Cars,Regular,Front-Wheel Drive,13.73375,Volvo,Automatic (S6),5.0,2.5
25954,Midsize Cars,Regular,Front-Wheel Drive,18.3116666666667,Cadillac,Automatic 4-spd,8.0,4.1
25955,Compact Cars,Regular,All-Wheel Drive,14.3308695652174,Volvo,Automatic (S6),5.0,2.5
25956,Midsize Cars,Premium,Rear-Wheel Drive,19.3888235294118,BMW,Manual 6-spd,8.0,4.4
25957,Midsize Cars,Premium,Rear-Wheel Drive,20.600625,BMW,Auto(AM-S7),8.0,4.4
25958,Midsize Cars,Regular,Front-Wheel Drive,10.987,Chevrolet,Automatic 6-spd,4.0,1.4
25959,Midsize Cars,Regular,Front-Wheel Drive,10.987,Chevrolet,Automatic (S6),4.0,1.4
25960,Midsize Cars,Regular,Front-Wheel Drive,11.3658620689655,Chevrolet,Manual 6-spd,4.0,1.8
25961,Midsize Cars,Regular,Front-Wheel Drive,12.6773076923077,Chevrolet,Automatic (S6),4.0,1.8
25962,Midsize Cars,Premium,4-Wheel Drive,14.3308695652174,Mercedes-Benz,Automatic 7-spd,6.0,3.5
25963,Midsize Cars,Premium,Rear-Wheel Drive,17.3478947368421,Mercedes-Benz,Automatic 7-spd,8.0,5.5
25964,Midsize Cars,Regular,Front-Wheel Drive,14.3308695652174,Chevrolet,Automatic 3-spd,4.0,2.5
25965,Midsize Cars,Premium,Rear-Wheel Drive,17.3478947368421,Mercedes-Benz,Automatic 7-spd,8.0,5.5
25966,Midsize Cars,Regular,All-Wheel Drive,13.73375,Subaru,Manual 6-spd,4.0,2.5
25967,Midsize Cars,Regular,All-Wheel Drive,16.4805,Subaru,Automatic (S5),6.0,3.6
25968,Midsize Cars,Premium,Front-Wheel Drive,14.3308695652174,Volkswagen,Auto(AM-S6),6.0,3.6
25969,Midsize Cars,Regular,Front-Wheel Drive,14.3308695652174,Volvo,Automatic (S6),6.0,3.2
25970,Midsize Cars,Regular,All-Wheel Drive,15.6957142857143,Volvo,Automatic (S6),6.0,3.0
25971,Large Cars,Regular,All-Wheel Drive,16.4805,Cadillac,Automatic (S6),6.0,3.6
25972,Large Cars,Regular,All-Wheel Drive,16.4805,Ford,Automatic (S6),6.0,3.5
25973,Large Cars,Regular,Front-Wheel Drive,12.6773076923077,Ford,Automatic (S6),4.0,2.0
25974,Large Cars,Gasoline or E85,Front-Wheel Drive,14.3308695652174,Ford,Automatic (S6),6.0,3.5
25975,Midsize Cars,Regular,Front-Wheel Drive,16.4805,Chevrolet,Automatic 3-spd,6.0,2.8
25976,Large Cars,Gasoline or E85,All-Wheel Drive,15.6957142857143,Ford,Automatic (S6),6.0,3.5
25977,Large Cars,Regular,All-Wheel Drive,15.6957142857143,Ford,Automatic (S6),6.0,3.5
25978,Large Cars,Regular,Front-Wheel Drive,14.3308695652174,Ford,Automatic (S6),6.0,3.5
25979,Large Cars,Regular,All-Wheel Drive,16.4805,Lincoln,Automatic (S6),6.0,3.5
25980,Large Cars,Regular,All-Wheel Drive,15.6957142857143,Lincoln,Automatic (S6),6.0,3.7
25981,Large Cars,Regular,Front-Wheel Drive,14.9822727272727,Lincoln,Automatic (S6),6.0,3.7
25982,Midsize Station Wagons,Premium,4-Wheel Drive,14.9822727272727,Mercedes-Benz,Automatic 7-spd,6.0,3.5
25983,Standard Pickup Trucks 2WD,Gasoline or E85,Rear-Wheel Drive,17.3478947368421,Chevrolet,Automatic 6-spd,8.0,5.3
25984,Standard Pickup Trucks 2WD,Gasoline or E85,Rear-Wheel Drive,17.3478947368421,GMC,Automatic 6-spd,8.0,5.3
25985,Standard Pickup Trucks 4WD,Gasoline or E85,4-Wheel Drive,18.3116666666667,Chevrolet,Automatic 6-spd,8.0,5.3
25986,Midsize Cars,Regular,Front-Wheel Drive,15.6957142857143,Chevrolet,Automatic 4-spd,6.0,2.8
25987,Standard Pickup Trucks 4WD,Gasoline or E85,4-Wheel Drive,18.3116666666667,GMC,Automatic 6-spd,8.0,5.3
25988,"Vans, Cargo Type",Regular,Rear-Wheel Drive,20.600625,Chevrolet,Automatic 4-spd,6.0,4.3
25989,"Vans, Cargo Type",Gasoline or E85,Rear-Wheel Drive,21.974,Chevrolet,Automatic 4-spd,8.0,5.3
25990,"Vans, Cargo Type",Gasoline or E85,Rear-Wheel Drive,23.5435714285714,Chevrolet,Automatic 4-spd,8.0,5.3
25991,"Vans, Cargo Type",Gasoline or E85,All-Wheel Drive,23.5435714285714,Chevrolet,Automatic 4-spd,8.0,5.3
25992,"Vans, Cargo Type",Gasoline or E85,All-Wheel Drive,23.5435714285714,Chevrolet,Automatic 4-spd,8.0,5.3
25993,"Vans, Cargo Type",Gasoline or E85,Rear-Wheel Drive,27.4675,Chevrolet,Automatic 6-spd,8.0,6.0
25994,"Vans, Cargo Type",Regular,Rear-Wheel Drive,20.600625,GMC,Automatic 4-spd,6.0,4.3
25995,"Vans, Cargo Type",Gasoline or E85,Rear-Wheel Drive,21.974,GMC,Automatic 4-spd,8.0,5.3
25996,"Vans, Cargo Type",Gasoline or E85,Rear-Wheel Drive,23.5435714285714,GMC,Automatic 4-spd,8.0,5.3
25997,Compact Cars,Diesel,Rear-Wheel Drive,18.1992857142857,Mercedes-Benz,Automatic 4-spd,5.0,3.0
25998,Midsize Cars,Regular,Front-Wheel Drive,16.4805,Chevrolet,Manual 5-spd,6.0,2.8
25999,"Vans, Cargo Type",Gasoline or E85,All-Wheel Drive,23.5435714285714,GMC,Automatic 4-spd,8.0,5.3
26000,"Vans, Cargo Type",Gasoline or E85,All-Wheel Drive,23.5435714285714,GMC,Automatic 4-spd,8.0,5.3
26001,"Vans, Cargo Type",Gasoline or E85,Rear-Wheel Drive,27.4675,GMC,Automatic 6-spd,8.0,6.0
26002,"Vans, Passenger Type",Gasoline or E85,Rear-Wheel Drive,23.5435714285714,Chevrolet,Automatic 4-spd,8.0,5.3
26003,"Vans, Passenger Type",Gasoline or E85,All-Wheel Drive,23.5435714285714,Chevrolet,Automatic 4-spd,8.0,5.3
26004,"Vans, Passenger Type",Regular,Rear-Wheel Drive,25.3546153846154,Chevrolet,Automatic 6-spd,8.0,4.8
26005,"Vans, Passenger Type",Regular,Rear-Wheel Drive,25.3546153846154,Chevrolet,Automatic 6-spd,8.0,4.8
26006,"Vans, Passenger Type",Gasoline or E85,Rear-Wheel Drive,25.3546153846154,Chevrolet,Automatic 6-spd,8.0,6.0
26007,"Vans, Passenger Type",Gasoline or E85,Rear-Wheel Drive,27.4675,Chevrolet,Automatic 6-spd,8.0,6.0
26008,"Vans, Passenger Type",Gasoline or E85,Rear-Wheel Drive,23.5435714285714,GMC,Automatic 4-spd,8.0,5.3
26009,Midsize Cars,Regular,Rear-Wheel Drive,17.3478947368421,Chevrolet,Automatic 3-spd,6.0,4.3
26010,"Vans, Passenger Type",Gasoline or E85,All-Wheel Drive,23.5435714285714,GMC,Automatic 4-spd,8.0,5.3
26011,"Vans, Passenger Type",Regular,Rear-Wheel Drive,25.3546153846154,GMC,Automatic 6-spd,8.0,4.8
26012,"Vans, Passenger Type",Regular,Rear-Wheel Drive,25.3546153846154,GMC,Automatic 6-spd,8.0,4.8
26013,"Vans, Passenger Type",Gasoline or E85,Rear-Wheel Drive,25.3546153846154,GMC,Automatic 6-spd,8.0,6.0
26014,"Vans, Passenger Type",Gasoline or E85,Rear-Wheel Drive,27.4675,GMC,Automatic 6-spd,8.0,6.0
26015,Special Purpose Vehicle 2WD,Regular,Front-Wheel Drive,19.3888235294118,Cadillac,Automatic (S6),6.0,3.6
26016,Special Purpose Vehicle 2WD,Regular,Front-Wheel Drive,19.3888235294118,Cadillac,Automatic (S6),6.0,3.6
26017,Minivan - 2WD,Regular,Front-Wheel Drive,14.9822727272727,Honda,Automatic 6-spd,6.0,3.5
26018,Small Sport Utility Vehicle 2WD,Regular,Front-Wheel Drive,11.7717857142857,Buick,Automatic (S6),4.0,1.4
26019,Standard Sport Utility Vehicle 2WD,Regular,Front-Wheel Drive,14.3308695652174,Ford,Automatic 6-spd,4.0,2.0
26020,Midsize Cars,Regular,Rear-Wheel Drive,17.3478947368421,Chevrolet,Automatic 4-spd,6.0,4.3
26021,Small Sport Utility Vehicle 2WD,Regular,Front-Wheel Drive,12.6773076923077,Ford,Automatic (S6),4.0,1.6
26022,Small Sport Utility Vehicle 2WD,Regular,Front-Wheel Drive,13.73375,Ford,Automatic (S6),4.0,2.0
26023,Small Sport Utility Vehicle 2WD,Regular,Front-Wheel Drive,13.1844,Ford,Automatic (S6),4.0,2.5
26024,Small Sport Utility Vehicle 2WD,Regular,Front-Wheel Drive,15.6957142857143,Volvo,Automatic (S6),6.0,3.2
26025,Small Sport Utility Vehicle 2WD,Regular,Front-Wheel Drive,15.6957142857143,Volvo,Automatic (S6),6.0,3.2
26026,Small Sport Utility Vehicle 4WD,Regular,All-Wheel Drive,13.73375,Ford,Automatic (S6),4.0,2.0
26027,Small Sport Utility Vehicle 4WD,Regular,All-Wheel Drive,13.1844,Ford,Automatic (S6),4.0,1.6
26028,Small Sport Utility Vehicle 4WD,Regular,All-Wheel Drive,13.73375,Subaru,Manual 6-spd,4.0,2.5
26029,Small Sport Utility Vehicle 4WD,Regular,All-Wheel Drive,12.6773076923077,Subaru,Automatic (variable gear ratios),4.0,2.5
26030,Small Sport Utility Vehicle 4WD,Regular,All-Wheel Drive,16.4805,Subaru,Automatic (S5),6.0,3.6
26031,Midsize Cars,Regular,Rear-Wheel Drive,18.3116666666667,Chevrolet,Automatic 4-spd,8.0,5.0
26032,Small Sport Utility Vehicle 4WD,Regular,All-Wheel Drive,16.4805,Volvo,Automatic (S6),6.0,3.0
26033,Small Sport Utility Vehicle 4WD,Regular,All-Wheel Drive,16.4805,Volvo,Automatic (S6),6.0,3.0
26034,Small Sport Utility Vehicle 4WD,Regular,All-Wheel Drive,15.6957142857143,Volvo,Automatic (S6),6.0,3.2
26035,Small Sport Utility Vehicle 4WD,Regular,All-Wheel Drive,16.4805,Volvo,Automatic (S6),6.0,3.2
26036,Standard Sport Utility Vehicle 2WD,Regular,Front-Wheel Drive,17.3478947368421,Buick,Automatic 6-spd,6.0,3.6
26037,Standard Sport Utility Vehicle 2WD,Regular,Front-Wheel Drive,17.3478947368421,Chevrolet,Automatic 6-spd,6.0,3.6
26038,Standard Sport Utility Vehicle 2WD,Gasoline or E85,Rear-Wheel Drive,19.3888235294118,Chevrolet,Automatic 6-spd,8.0,5.3
26039,Standard Sport Utility Vehicle 2WD,Gasoline or E85,Rear-Wheel Drive,19.3888235294118,Chevrolet,Automatic 6-spd,8.0,5.3
26040,Standard Sport Utility Vehicle 2WD,Gasoline or E85,Front-Wheel Drive,16.4805,Ford,Automatic (S6),6.0,3.5
26041,Standard Sport Utility Vehicle 2WD,Regular,Front-Wheel Drive,16.4805,Ford,Automatic (S6),6.0,3.5
26042,Midsize Cars,Premium,Front-Wheel Drive,17.3478947368421,Chrysler,Automatic 3-spd,4.0,2.2
26043,Standard Sport Utility Vehicle 2WD,Regular,Front-Wheel Drive,17.3478947368421,GMC,Automatic 6-spd,6.0,3.6
26044,Standard Sport Utility Vehicle 2WD,Gasoline or E85,Rear-Wheel Drive,19.3888235294118,GMC,Automatic 6-spd,8.0,5.3
26045,Standard Sport Utility Vehicle 2WD,Gasoline or E85,Rear-Wheel Drive,19.3888235294118,GMC,Automatic 6-spd,8.0,5.3
26046,Standard Sport Utility Vehicle 2WD,Regular,Front-Wheel Drive,17.3478947368421,Volvo,Automatic (S6),6.0,3.2
26047,Standard Sport Utility Vehicle 4WD,Regular,All-Wheel Drive,18.3116666666667,Buick,Automatic 6-spd,6.0,3.6
26048,Standard Sport Utility Vehicle 4WD,Regular,All-Wheel Drive,18.3116666666667,Cadillac,Automatic (S6),6.0,3.6
26049,Standard Sport Utility Vehicle 4WD,Regular,All-Wheel Drive,17.3478947368421,Chevrolet,Automatic 6-spd,6.0,3.6
26050,Standard Sport Utility Vehicle 4WD,Gasoline or E85,All-Wheel Drive,17.3478947368421,Ford,Automatic (S6),6.0,3.5
26051,Standard Sport Utility Vehicle 4WD,Regular,All-Wheel Drive,17.3478947368421,Ford,Automatic (S6),6.0,3.5
26052,Standard Sport Utility Vehicle 4WD,Regular,All-Wheel Drive,18.3116666666667,Ford,Automatic (S6),6.0,3.5
26053,Midsize Cars,Regular,Front-Wheel Drive,15.6957142857143,Chrysler,Automatic 3-spd,4.0,2.2
26054,Standard Sport Utility Vehicle 4WD,Regular,All-Wheel Drive,18.3116666666667,GMC,Automatic 6-spd,6.0,3.6
26055,Standard Sport Utility Vehicle 4WD,Premium,4-Wheel Drive,21.974,Land Rover,Automatic (S8),8.0,5.0
26056,Standard Sport Utility Vehicle 4WD,Premium,4-Wheel Drive,20.600625,Land Rover,Automatic (S8),8.0,5.0
26057,Standard Sport Utility Vehicle 4WD,Premium,All-Wheel Drive,16.4805,Porsche,Automatic (S8),6.0,3.6
26058,Standard Sport Utility Vehicle 4WD,Premium,All-Wheel Drive,19.3888235294118,Porsche,Manual 6-spd,6.0,3.6
26059,Standard Sport Utility Vehicle 4WD,Premium,All-Wheel Drive,15.6957142857143,Volkswagen,Automatic (S8),6.0,3.0
26060,Standard Sport Utility Vehicle 4WD,Regular,All-Wheel Drive,18.3116666666667,Volvo,Automatic (S6),6.0,3.2
26061,Compact Cars,Premium,All-Wheel Drive,12.6773076923077,BMW,Manual 6-spd,4.0,2.0
26062,Midsize Cars,Premium,Front-Wheel Drive,15.6957142857143,Chrysler,Manual 5-spd,4.0,2.2
26063,Midsize Cars,Premium or E85,Rear-Wheel Drive,18.3116666666667,Jaguar,Automatic (S8),8.0,5.0
26064,Large Cars,Premium or E85,Rear-Wheel Drive,17.3478947368421,Jaguar,Automatic (S8),8.0,5.0
26065,Large Cars,Premium or E85,Rear-Wheel Drive,18.3116666666667,Jaguar,Automatic (S8),8.0,5.0
26066,Large Cars,Premium or E85,Rear-Wheel Drive,18.3116666666667,Jaguar,Automatic (S8),8.0,5.0
26067,Small Sport Utility Vehicle 4WD,Diesel,4-Wheel Drive,14.155,Mercedes-Benz,Automatic 7-spd,4.0,2.1
26068,Two Seaters,Premium,Rear-Wheel Drive,23.5435714285714,Ferrari,Auto(AM7),8.0,4.5
26069,Two Seaters,Premium,Rear-Wheel Drive,21.974,Ferrari,Auto(AM7),8.0,4.5
26070,Two Seaters,Premium,Rear-Wheel Drive,23.5435714285714,Ferrari,Auto(AM7),8.0,4.5
26071,Two Seaters,Premium,Rear-Wheel Drive,21.974,Ferrari,Auto(AM7),8.0,4.5
26072,Two Seaters,Premium,Rear-Wheel Drive,25.3546153846154,Ferrari,Auto(AM7),12.0,6.3
26073,Midsize Cars,Regular,Front-Wheel Drive,15.6957142857143,Chrysler,Automatic 3-spd,4.0,2.5
26074,Two Seaters,Premium,Rear-Wheel Drive,25.3546153846154,Ferrari,Auto(AM7),12.0,6.3
26075,Two Seaters,Premium,All-Wheel Drive,20.600625,Lamborghini,Auto(AM-S6),10.0,5.2
26076,Two Seaters,Premium,All-Wheel Drive,20.600625,Lamborghini,Auto(AM-S6),10.0,5.2
26077,Two Seaters,Premium,All-Wheel Drive,21.974,Lamborghini,Manual 6-spd,10.0,5.2
26078,Two Seaters,Premium,All-Wheel Drive,23.5435714285714,Lamborghini,Manual 6-spd,10.0,5.2
26079,Two Seaters,Premium,All-Wheel Drive,25.3546153846154,Lamborghini,Auto(AM-S7),12.0,6.5
26080,Minicompact Cars,Premium,Rear-Wheel Drive,20.600625,Ferrari,Auto(AM7),8.0,4.3
26081,Minicompact Cars,Premium,Rear-Wheel Drive,20.600625,Ferrari,Auto(AM7),8.0,4.3
26082,Subcompact Cars,Premium,All-Wheel Drive,15.6957142857143,Audi,Auto(AM-S7),6.0,3.0
26083,Subcompact Cars,Premium,All-Wheel Drive,15.6957142857143,Audi,Auto(AM-S7),6.0,3.0
26084,Midsize Cars,Regular,Front-Wheel Drive,14.3308695652174,Chrysler,Manual 5-spd,4.0,2.5
26085,Subcompact Cars,Premium,All-Wheel Drive,16.4805,Audi,Manual 6-spd,6.0,3.0
26086,Subcompact Cars,Premium or E85,All-Wheel Drive,14.3308695652174,Audi,Automatic (S8),4.0,2.0
26087,Subcompact Cars,Premium or E85,All-Wheel Drive,14.3308695652174,Audi,Automatic (S8),4.0,2.0
26088,Subcompact Cars,Premium,Front-Wheel Drive,12.6773076923077,Audi,Auto(AV-S8),4.0,2.0
26089,Subcompact Cars,Premium,All-Wheel Drive,12.6773076923077,Audi,Manual 6-spd,4.0,2.0
26090,Subcompact Cars,Premium,All-Wheel Drive,19.3888235294118,Bentley,Automatic (S8),8.0,4.0
26091,Subcompact Cars,Regular,Front-Wheel Drive,9.98818181818182,Chevrolet,Automatic (variable gear ratios),4.0,1.2
26092,Subcompact Cars,Regular,Front-Wheel Drive,9.69441176470588,Chevrolet,Manual 5-spd,4.0,1.2
26093,Subcompact Cars,Premium,4-Wheel Drive,14.3308695652174,Mercedes-Benz,Automatic 7-spd,6.0,3.5
26094,Subcompact Cars,Premium or E85,4-Wheel Drive,14.3308695652174,Mercedes-Benz,Automatic 7-spd,6.0,3.5
26095,Midsize Cars,Regular,Front-Wheel Drive,15.6957142857143,Chrysler,Automatic 3-spd,4.0,2.2
26096,Subcompact Cars,Premium or E85,Rear-Wheel Drive,14.3308695652174,Mercedes-Benz,Automatic 7-spd,6.0,3.5
26097,Subcompact Cars,Premium,Rear-Wheel Drive,14.3308695652174,Mercedes-Benz,Automatic 7-spd,6.0,3.5
26098,Subcompact Cars,Premium,4-Wheel Drive,14.3308695652174,Mercedes-Benz,Automatic 7-spd,6.0,3.5
26099,Subcompact Cars,Premium,Rear-Wheel Drive,16.4805,Mercedes-Benz,Automatic 7-spd,8.0,4.7
26100,Compact Cars,Premium,All-Wheel Drive,15.6957142857143,Audi,Auto(AM-S7),6.0,3.0
26101,Compact Cars,Premium,All-Wheel Drive,16.4805,Audi,Manual 6-spd,6.0,3.0
26102,Compact Cars,Premium or E85,All-Wheel Drive,14.3308695652174,Audi,Automatic (S8),4.0,2.0
26103,Compact Cars,Premium,Front-Wheel Drive,12.6773076923077,Audi,Auto(AV-S8),4.0,2.0
26104,Compact Cars,Diesel,Rear-Wheel Drive,18.1992857142857,Mercedes-Benz,Automatic 4-spd,5.0,3.0
26105,Midsize Cars,Premium,Front-Wheel Drive,17.3478947368421,Chrysler,Automatic 3-spd,4.0,2.2
26106,Compact Cars,Premium,All-Wheel Drive,12.6773076923077,Audi,Manual 6-spd,4.0,2.0
26107,Compact Cars,Regular,Front-Wheel Drive,13.73375,Buick,Automatic (S6),4.0,2.0
26108,Compact Cars,Regular,Front-Wheel Drive,13.73375,Buick,Automatic (S6),4.0,2.4
26109,Compact Cars,Regular,All-Wheel Drive,15.6957142857143,Cadillac,Automatic (S6),6.0,3.6
26110,Compact Cars,Regular,All-Wheel Drive,14.3308695652174,Cadillac,Automatic (S6),4.0,2.0
26111,Compact Cars,Regular,Rear-Wheel Drive,14.3308695652174,Cadillac,Manual 6-spd,4.0,2.0
26112,Compact Cars,Regular,Rear-Wheel Drive,14.9822727272727,Cadillac,Automatic (S6),6.0,3.6
26113,Compact Cars,Regular,Rear-Wheel Drive,18.3116666666667,Chevrolet,Automatic (S6),8.0,6.2
26114,Compact Cars,Regular,Rear-Wheel Drive,14.9822727272727,Chevrolet,Automatic 6-spd,6.0,3.6
26115,Compact Cars,Regular,Rear-Wheel Drive,16.4805,Chevrolet,Manual 6-spd,6.0,3.6
26116,Midsize Cars,Regular,Front-Wheel Drive,13.73375,Chrysler,Manual 5-spd,4.0,2.2
26117,Compact Cars,Regular,Front-Wheel Drive,11.7717857142857,Chevrolet,Automatic (S6),4.0,1.8
26118,Compact Cars,Regular,Rear-Wheel Drive,15.6957142857143,Chevrolet,Automatic (S6),6.0,3.6
26119,Compact Cars,Regular,Rear-Wheel Drive,17.3478947368421,Chevrolet,Manual 6-spd,8.0,6.2
26120,Compact Cars,Regular,Front-Wheel Drive,11.3658620689655,Ford,Manual 6-spd,4.0,1.6
26121,Compact Cars,Premium or E85,4-Wheel Drive,14.9822727272727,Mercedes-Benz,Automatic 7-spd,6.0,3.5
26122,Compact Cars,Premium,4-Wheel Drive,18.3116666666667,Mercedes-Benz,Automatic 7-spd,8.0,5.5
26123,Compact Cars,Premium,4-Wheel Drive,18.3116666666667,Mercedes-Benz,Automatic 7-spd,8.0,5.5
26124,Midsize Cars,Premium,Front-Wheel Drive,15.6957142857143,Chrysler,Manual 5-spd,4.0,2.2
26125,Compact Cars,Premium,Front-Wheel Drive,13.1844,Volkswagen,Auto(AM-S6),4.0,2.0
26126,Compact Cars,Premium,Front-Wheel Drive,13.1844,Volkswagen,Manual 6-spd,4.0,2.0
26127,Midsize Cars,Premium,All-Wheel Drive,15.6957142857143,Audi,Automatic (S8),8.0,4.0
26128,Midsize Cars,Premium,All-Wheel Drive,17.3478947368421,Audi,Automatic (S8),8.0,4.0
26129,Midsize Cars,Premium,All-Wheel Drive,16.4805,Audi,Auto(AM-S7),8.0,4.0
26130,Midsize Cars,Premium,All-Wheel Drive,16.4805,Audi,Auto(AM-S7),8.0,4.0
26131,Midsize Cars,Regular,Front-Wheel Drive,15.6957142857143,Chrysler,Automatic 3-spd,4.0,2.5
26132,Midsize Cars,Premium,All-Wheel Drive,17.3478947368421,Audi,Automatic (S8),8.0,4.0
26133,Midsize Cars,Premium,All-Wheel Drive,15.6957142857143,Audi,Automatic (S8),6.0,3.0
26134,Midsize Cars,Premium,All-Wheel Drive,15.6957142857143,Audi,Automatic (S8),6.0,3.0
26135,Midsize Cars,Premium,All-Wheel Drive,15.6957142857143,Audi,Automatic (S8),6.0,3.0
26136,Midsize Cars,Premium,Front-Wheel Drive,11.7717857142857,Audi,Auto(AV-S8),4.0,2.0
26137,Midsize Cars,Premium,All-Wheel Drive,14.3308695652174,Audi,Automatic (S8),4.0,2.0
26138,Midsize Cars,Gasoline or E85,Front-Wheel Drive,15.6957142857143,Buick,Automatic (S6),6.0,3.6
26139,Midsize Cars,Regular,Front-Wheel Drive,11.7717857142857,Buick,Automatic (S6),4.0,2.4
26140,Midsize Cars,Regular,Front-Wheel Drive,11.7717857142857,Buick,Automatic (S6),4.0,2.4
26141,Midsize Cars,Gasoline or E85,All-Wheel Drive,16.4805,Buick,Automatic (S6),6.0,3.6
26142,Midsize Cars,Regular,Front-Wheel Drive,14.3308695652174,Chrysler,Manual 5-spd,4.0,2.5
26143,Midsize Cars,Regular,All-Wheel Drive,15.6957142857143,Cadillac,Automatic (S6),6.0,3.6
26144,Midsize Cars,Regular,All-Wheel Drive,15.6957142857143,Cadillac,Automatic (S6),6.0,3.6
26145,Midsize Cars,Regular,Rear-Wheel Drive,15.6957142857143,Cadillac,Automatic (S6),6.0,3.6
26146,Midsize Cars,Regular,Front-Wheel Drive,13.73375,Chevrolet,Automatic (S6),4.0,2.0
26147,Midsize Cars,Regular,Front-Wheel Drive,11.7717857142857,Chevrolet,Automatic (S6),4.0,2.4
26148,Midsize Cars,Regular,Front-Wheel Drive,11.7717857142857,Chevrolet,Automatic (S6),4.0,1.8
26149,Midsize Cars,Premium,Part-time 4-Wheel Drive,25.3546153846154,Ferrari,Auto(AM7),12.0,6.3
26150,Midsize Cars,Premium,Part-time 4-Wheel Drive,25.3546153846154,Ferrari,Auto(AM7),12.0,6.3
26151,Midsize Cars,Premium,Rear-Wheel Drive,12.6773076923077,Mercedes-Benz,Automatic 7-spd,6.0,3.5
26152,Large Cars,Premium,All-Wheel Drive,17.3478947368421,Audi,Automatic (S8),8.0,4.0
26153,Midsize Cars,Premium,Front-Wheel Drive,17.3478947368421,Chrysler,Automatic 3-spd,4.0,2.2
26154,Large Cars,Premium,All-Wheel Drive,15.6957142857143,Audi,Automatic (S8),6.0,3.0
26155,Large Cars,Premium,All-Wheel Drive,20.600625,Audi,Automatic (S8),12.0,6.3
26156,Large Cars,Premium,All-Wheel Drive,17.3478947368421,Cadillac,Automatic (S6),6.0,3.6
26157,Large Cars,Regular,Front-Wheel Drive,11.7717857142857,Chevrolet,Automatic (S6),4.0,2.4
26158,Large Cars,Gasoline or E85,Front-Wheel Drive,14.9822727272727,Chevrolet,Automatic 6-spd,6.0,3.6
26159,Small Station Wagons,Premium or E85,All-Wheel Drive,14.9822727272727,Audi,Automatic (S8),4.0,2.0
26160,Small Station Wagons,Regular,Rear-Wheel Drive,15.6957142857143,Cadillac,Automatic (S6),6.0,3.0
26161,Small Station Wagons,Regular,All-Wheel Drive,15.6957142857143,Cadillac,Automatic (S6),6.0,3.0
26162,Small Station Wagons,Regular,All-Wheel Drive,15.6957142857143,Cadillac,Automatic (S6),6.0,3.6
26163,Small Station Wagons,Regular,Rear-Wheel Drive,15.6957142857143,Cadillac,Automatic (S6),6.0,3.6
26164,Midsize Cars,Regular,Front-Wheel Drive,15.6957142857143,Chrysler,Automatic 3-spd,4.0,2.5
26165,Midsize Station Wagons,Premium,4-Wheel Drive,19.3888235294118,Mercedes-Benz,Automatic 7-spd,8.0,5.5
26166,Midsize Station Wagons,Premium,4-Wheel Drive,18.3116666666667,Mercedes-Benz,Automatic 7-spd,8.0,5.5
26167,Small Sport Utility Vehicle 2WD,Regular,Front-Wheel Drive,17.3478947368421,Chevrolet,Automatic 6-spd,6.0,3.6
26168,Small Sport Utility Vehicle 2WD,Regular,Front-Wheel Drive,12.6773076923077,Chevrolet,Automatic 6-spd,4.0,2.4
26169,Small Sport Utility Vehicle 2WD,Gasoline or E85,Front-Wheel Drive,16.4805,Chevrolet,Automatic 6-spd,6.0,3.6
26170,Small Sport Utility Vehicle 2WD,Regular,Front-Wheel Drive,17.3478947368421,GMC,Automatic 6-spd,6.0,3.6
26171,Small Sport Utility Vehicle 2WD,Regular,Front-Wheel Drive,12.6773076923077,GMC,Automatic 6-spd,4.0,2.4
26172,Small Sport Utility Vehicle 2WD,Gasoline or E85,Front-Wheel Drive,16.4805,GMC,Automatic 6-spd,6.0,3.6
26173,Small Sport Utility Vehicle 2WD,Premium,Rear-Wheel Drive,17.3478947368421,Infiniti,Automatic (S7),6.0,3.7
26174,Midsize Cars,Premium,Rear-Wheel Drive,19.3888235294118,Chrysler,Automatic 3-spd,8.0,5.2
26175,Small Sport Utility Vehicle 2WD,Premium,Rear-Wheel Drive,14.9822727272727,Mercedes-Benz,Automatic 7-spd,6.0,3.5
26176,Small Sport Utility Vehicle 2WD,Premium,Front-Wheel Drive,14.3308695652174,Volkswagen,Automatic (S6),4.0,2.0
26177,Small Sport Utility Vehicle 2WD,Premium,Front-Wheel Drive,15.6957142857143,Volkswagen,Manual 6-spd,4.0,2.0
26178,Small Sport Utility Vehicle 4WD,Premium,All-Wheel Drive,12.6773076923077,Audi,Automatic (S8),4.0,2.0
26179,Small Sport Utility Vehicle 4WD,Premium,All-Wheel Drive,15.6957142857143,Audi,Automatic (S8),6.0,3.0
26180,Small Sport Utility Vehicle 4WD,Premium or E85,All-Wheel Drive,14.9822727272727,Audi,Automatic (S8),4.0,2.0
26181,Small Sport Utility Vehicle 4WD,Regular,All-Wheel Drive,13.1844,Buick,Automatic (S6),4.0,1.4
26182,Small Sport Utility Vehicle 4WD,Regular,All-Wheel Drive,17.3478947368421,Chevrolet,Automatic 6-spd,6.0,3.6
26183,Small Sport Utility Vehicle 4WD,Regular,All-Wheel Drive,14.3308695652174,Chevrolet,Automatic 6-spd,4.0,2.4
26184,Small Sport Utility Vehicle 4WD,Gasoline or E85,All-Wheel Drive,14.3308695652174,Chevrolet,Automatic 6-spd,4.0,2.4
26185,Midsize Cars,Regular,Front-Wheel Drive,14.9822727272727,Dodge,Automatic 3-spd,4.0,2.2
26186,Small Sport Utility Vehicle 4WD,Regular,All-Wheel Drive,17.3478947368421,GMC,Automatic 6-spd,6.0,3.6
26187,Small Sport Utility Vehicle 4WD,Regular,All-Wheel Drive,14.3308695652174,GMC,Automatic 6-spd,4.0,2.4
26188,Small Sport Utility Vehicle 4WD,Gasoline or E85,All-Wheel Drive,14.3308695652174,GMC,Automatic 6-spd,4.0,2.4
26189,Small Sport Utility Vehicle 4WD,Premium,All-Wheel Drive,20.600625,Infiniti,Automatic (S7),8.0,5.0
26190,Small Sport Utility Vehicle 4WD,Premium,All-Wheel Drive,18.3116666666667,Infiniti,Automatic (S7),6.0,3.7
26191,Small Sport Utility Vehicle 4WD,Premium,4-Wheel Drive,15.6957142857143,Mercedes-Benz,Automatic 7-spd,6.0,3.5
26192,Standard Sport Utility Vehicle 2WD,Gasoline or E85,Rear-Wheel Drive,20.600625,Cadillac,Automatic 6-spd,8.0,6.2
26193,Standard Sport Utility Vehicle 2WD,Gasoline or E85,Rear-Wheel Drive,20.600625,Cadillac,Automatic 6-spd,8.0,6.2
26194,Standard Sport Utility Vehicle 2WD,Gasoline or E85,Rear-Wheel Drive,20.600625,GMC,Automatic 6-spd,8.0,6.2
26195,Standard Sport Utility Vehicle 2WD,Gasoline or E85,Rear-Wheel Drive,20.600625,GMC,Automatic 6-spd,8.0,6.2
26196,Midsize Cars,Regular,Front-Wheel Drive,15.6957142857143,Dodge,Automatic 3-spd,4.0,2.2
26197,Standard Sport Utility Vehicle 4WD,Premium,All-Wheel Drive,18.3116666666667,Audi,Automatic (S8),6.0,3.0
26198,Standard Sport Utility Vehicle 4WD,Gasoline or E85,All-Wheel Drive,21.974,Cadillac,Automatic 6-spd,8.0,6.2
26199,Standard Sport Utility Vehicle 4WD,Gasoline or E85,All-Wheel Drive,23.5435714285714,Cadillac,Automatic 6-spd,8.0,6.2
26200,Standard Sport Utility Vehicle 4WD,Gasoline or E85,4-Wheel Drive,19.3888235294118,Chevrolet,Automatic 6-spd,8.0,5.3
26201,Standard Sport Utility Vehicle 4WD,Gasoline or E85,4-Wheel Drive,19.3888235294118,Chevrolet,Automatic 6-spd,8.0,5.3
26202,Standard Sport Utility Vehicle 4WD,Gasoline or E85,4-Wheel Drive,19.3888235294118,GMC,Automatic 6-spd,8.0,5.3
26203,Standard Sport Utility Vehicle 4WD,Gasoline or E85,4-Wheel Drive,19.3888235294118,GMC,Automatic 6-spd,8.0,5.3
26204,Standard Sport Utility Vehicle 4WD,Gasoline or E85,All-Wheel Drive,21.974,GMC,Automatic 6-spd,8.0,6.2
26205,Standard Sport Utility Vehicle 4WD,Gasoline or E85,All-Wheel Drive,23.5435714285714,GMC,Automatic 6-spd,8.0,6.2
26206,Compact Cars,Diesel,Rear-Wheel Drive,20.115,Mercedes-Benz,Automatic 4-spd,5.0,3.0
26207,Midsize Cars,Regular,Front-Wheel Drive,13.1844,Dodge,Manual 5-spd,4.0,2.2
26208,Compact Cars,Premium Gas or Electricity,Front-Wheel Drive,3.09253880357143,Chevrolet,Automatic (variable gear ratios),4.0,1.4
26209,Two Seaters,Premium,Rear-Wheel Drive,25.3546153846154,Ferrari,Auto(AM7),12.0,6.3
26210,Two Seaters,Premium,Rear-Wheel Drive,25.3546153846154,Ferrari,Auto(AM7),12.0,6.3
26211,Midsize Cars,Regular,Front-Wheel Drive,13.73375,Dodge,Automatic 6-spd,4.0,2.4
26212,Large Cars,Premium,Rear-Wheel Drive,16.4805,Jaguar,Automatic (S8),6.0,3.0
26213,Small Station Wagons,Electricity,Front-Wheel Drive,0.174,Honda,Automatic (A1),,
26214,Midsize Cars,Regular,Front-Wheel Drive,10.3003125,Mazda,Automatic (S6),4.0,2.5
26215,Two Seaters,Premium,Rear-Wheel Drive,15.6957142857143,Chevrolet,Manual 7-spd,8.0,6.2
26216,Two Seaters,Premium,Rear-Wheel Drive,13.73375,Mazda,Manual 5-spd,4.0,2.0
26217,Two Seaters,Premium,Rear-Wheel Drive,13.73375,Mazda,Manual 6-spd,4.0,2.0
26218,Midsize Cars,Regular,Front-Wheel Drive,15.6957142857143,Dodge,Automatic 3-spd,4.0,2.5
26219,Two Seaters,Premium,Rear-Wheel Drive,14.3308695652174,Mazda,Automatic (S6),4.0,2.0
26220,Subcompact Cars,Premium,All-Wheel Drive,18.3116666666667,Audi,Auto(AM-S7),8.0,4.2
26221,Subcompact Cars,Regular,Front-Wheel Drive,10.6325806451613,Ford,Auto(AM6),4.0,1.6
26222,Subcompact Cars,Premium,Rear-Wheel Drive,20.600625,Maserati,Automatic 6-spd,8.0,4.7
26223,Subcompact Cars,Premium,Rear-Wheel Drive,13.73375,Mercedes-Benz,Automatic 7-spd,6.0,3.5
26224,Subcompact Cars,Premium or E85,Rear-Wheel Drive,14.3308695652174,Mercedes-Benz,Automatic 7-spd,6.0,3.5
26225,Subcompact Cars,Premium,Rear-Wheel Drive,14.9822727272727,Mercedes-Benz,Automatic 7-spd,6.0,3.5
26226,Subcompact Cars,Premium,Front-Wheel Drive,13.1844,Volkswagen,Auto(AM-S6),4.0,2.0
26227,Subcompact Cars,Premium,Front-Wheel Drive,13.1844,Volkswagen,Auto(AM-S6),4.0,2.0
26228,Compact Cars,Premium,All-Wheel Drive,18.3116666666667,Bentley,Automatic (S8),8.0,4.0
26229,Midsize Cars,Regular,Front-Wheel Drive,15.6957142857143,Dodge,Automatic 3-spd,4.0,2.5
26230,Compact Cars,Regular,Front-Wheel Drive,11.3658620689655,Chevrolet,Manual 5-spd,4.0,1.8
26231,Compact Cars,Premium,Rear-Wheel Drive,14.3308695652174,Mercedes-Benz,Automatic 7-spd,6.0,3.5
26232,Compact Cars,Premium,All-Wheel Drive,15.6957142857143,Subaru,Manual 5-spd,4.0,2.5
26233,Compact Cars,Premium,All-Wheel Drive,17.3478947368421,Subaru,Manual 6-spd,4.0,2.5
26234,Compact Cars,Regular,Front-Wheel Drive,9.98818181818182,Toyota,Manual 5-spd,4.0,1.5
26235,Compact Cars,Regular,Front-Wheel Drive,10.3003125,Toyota,Automatic 4-spd,4.0,1.5
26236,Compact Cars,Premium,Front-Wheel Drive,12.6773076923077,Volkswagen,Auto(AM-S6),4.0,2.0
26237,Compact Cars,Regular,Front-Wheel Drive,10.987,Volkswagen,Manual 5-spd,4.0,1.8
26238,Compact Cars,Regular,Front-Wheel Drive,11.3658620689655,Volkswagen,Automatic (S6),4.0,1.8
26239,Compact Cars,Premium,Front-Wheel Drive,12.2077777777778,Volkswagen,Auto(AM-S6),4.0,2.0
26240,Midsize Cars,Premium,Rear-Wheel Drive,19.3888235294118,Dodge,Automatic 3-spd,8.0,5.2
26241,Compact Cars,Premium,Front-Wheel Drive,12.6773076923077,Volkswagen,Manual 6-spd,4.0,2.0
26242,Compact Cars,Regular,Front-Wheel Drive,13.1844,Volkswagen,Automatic (S6),4.0,2.0
26243,Compact Cars,Regular,Front-Wheel Drive,11.7717857142857,Volkswagen,Manual 5-spd,4.0,2.0
26244,Midsize Cars,Regular,All-Wheel Drive,14.9822727272727,Cadillac,Automatic (S6),4.0,2.0
26245,Midsize Cars,Regular,Rear-Wheel Drive,14.3308695652174,Cadillac,Automatic (S6),4.0,2.0
26246,Midsize Cars,Regular,Front-Wheel Drive,11.3658620689655,Chevrolet,Manual 5-spd,4.0,1.8
26247,Midsize Cars,Premium,Rear-Wheel Drive,14.3308695652174,Infiniti,Automatic (S7),6.0,3.7
26248,Midsize Cars,Premium,Rear-Wheel Drive,14.3308695652174,Infiniti,Automatic (S7),6.0,3.7
26249,Midsize Cars,Premium,All-Wheel Drive,14.9822727272727,Infiniti,Automatic (S7),6.0,3.7
26250,Midsize Cars,Regular,Rear-Wheel Drive,23.5435714285714,Dodge,Automatic 3-spd,8.0,5.2
26251,Midsize Cars,Premium,All-Wheel Drive,14.9822727272727,Infiniti,Automatic (S7),6.0,3.7
26252,Midsize Cars,Regular,Front-Wheel Drive,10.3003125,Mazda,Manual 6-spd,4.0,2.0
26253,Midsize Cars,Regular,Front-Wheel Drive,9.98818181818182,Mazda,Automatic (S6),4.0,2.0
26254,Midsize Cars,Premium,4-Wheel Drive,17.3478947368421,Mercedes-Benz,Automatic 7-spd,8.0,5.5
26255,Midsize Cars,Premium,4-Wheel Drive,18.3116666666667,Mercedes-Benz,Automatic 7-spd,8.0,5.5
26256,Midsize Cars,Regular,Front-Wheel Drive,11.7717857142857,Volkswagen,Manual 5-spd,4.0,1.8
26257,Midsize Cars,Regular,Front-Wheel Drive,11.7717857142857,Volkswagen,Automatic (S6),4.0,1.8
26258,Midsize Cars,Regular,Front-Wheel Drive,13.1844,Volkswagen,Automatic (S6),5.0,2.5
26259,Midsize Cars,Regular,Rear-Wheel Drive,27.4675,Dodge,Automatic 3-spd,8.0,5.2
26260,Midsize Cars,Regular,Front-Wheel Drive,12.6773076923077,Volkswagen,Manual 5-spd,5.0,2.5
26261,Large Cars,Regular,Front-Wheel Drive,15.6957142857143,Chevrolet,Automatic (S6),6.0,3.6
26262,Small Station Wagons,Premium,Front-Wheel Drive,12.2077777777778,Fiat,Automatic 6-spd,4.0,1.4
26263,Small Station Wagons,Premium,Front-Wheel Drive,11.7717857142857,Fiat,Manual 6-spd,4.0,1.4
26264,Small Station Wagons,Premium,All-Wheel Drive,15.6957142857143,Subaru,Manual 5-spd,4.0,2.5
26265,Small Station Wagons,Premium,All-Wheel Drive,17.3478947368421,Subaru,Manual 6-spd,4.0,2.5
26266,Standard Pickup Trucks 2WD,Midgrade,Rear-Wheel Drive,20.600625,Ram,Automatic 6-spd,8.0,5.7
26267,Standard Pickup Trucks 4WD,Regular,4-Wheel Drive,17.3478947368421,Ram,Automatic 8-spd,6.0,3.6
26268,Minivan - 2WD,Gasoline or E85,Front-Wheel Drive,16.4805,Chrysler,Automatic 6-spd,6.0,3.6
26269,Midsize Cars,Regular,Front-Wheel Drive,15.6957142857143,Dodge,Automatic 3-spd,4.0,2.2
26270,Minivan - 2WD,Gasoline or E85,Front-Wheel Drive,16.4805,Dodge,Automatic 6-spd,6.0,3.6
26271,Minivan - 2WD,Gasoline or E85,Front-Wheel Drive,16.4805,Volkswagen,Automatic 6-spd,6.0,3.6
26272,Small Sport Utility Vehicle 2WD,Gasoline or E85,Front-Wheel Drive,17.3478947368421,Chevrolet,Automatic 6-spd,6.0,3.0
26273,Small Sport Utility Vehicle 2WD,Premium,Front-Wheel Drive,14.9822727272727,Infiniti,Auto(AV-S7),6.0,3.5
26274,Small Sport Utility Vehicle 2WD,Regular,Front-Wheel Drive,12.6773076923077,Mitsubishi,Manual 5-spd,4.0,2.0
26275,Small Sport Utility Vehicle 2WD,Regular,Front-Wheel Drive,12.6773076923077,Mitsubishi,Auto(AV-S6),4.0,2.0
26276,Small Sport Utility Vehicle 2WD,Regular,Front-Wheel Drive,14.9822727272727,Nissan,Automatic (variable gear ratios),6.0,3.5
26277,Small Sport Utility Vehicle 4WD,Gasoline or E85,All-Wheel Drive,18.3116666666667,Chevrolet,Automatic 6-spd,6.0,3.0
26278,Small Sport Utility Vehicle 4WD,Gasoline or E85,All-Wheel Drive,17.3478947368421,Chevrolet,Automatic 6-spd,6.0,3.6
26279,Midsize Cars,Premium,Front-Wheel Drive,17.3478947368421,Dodge,Automatic 3-spd,4.0,2.2
26280,Small Sport Utility Vehicle 4WD,Gasoline or E85,All-Wheel Drive,17.3478947368421,GMC,Automatic 6-spd,6.0,3.6
26281,Small Sport Utility Vehicle 4WD,Premium,All-Wheel Drive,15.6957142857143,Infiniti,Auto(AV-S7),6.0,3.5
26282,Small Sport Utility Vehicle 4WD,Regular,4-Wheel Drive,18.3116666666667,Jeep,Manual 6-spd,6.0,3.6
26283,Small Sport Utility Vehicle 4WD,Regular,4-Wheel Drive,12.6773076923077,Mitsubishi,Auto(AV-S6),4.0,2.0
26284,Small Sport Utility Vehicle 4WD,Regular,4-Wheel Drive,15.6957142857143,Nissan,Automatic (variable gear ratios),6.0,3.5
26285,Small Sport Utility Vehicle 4WD,Regular,All-Wheel Drive,18.3116666666667,Subaru,Automatic (S5),6.0,3.6
26286,Small Sport Utility Vehicle 4WD,Premium,All-Wheel Drive,14.9822727272727,Volkswagen,Automatic (S6),4.0,2.0
26287,Standard Sport Utility Vehicle 4WD,Premium or E85,4-Wheel Drive,17.3478947368421,Mercedes-Benz,Automatic 7-spd,6.0,3.5
26288,Standard Sport Utility Vehicle 4WD,Premium,All-Wheel Drive,17.3478947368421,Volkswagen,Automatic (S8),6.0,3.6
26289,Large Cars,Gasoline or E85,Front-Wheel Drive,14.9822727272727,Chevrolet,Automatic (S6),6.0,3.6
26290,Midsize Cars,Regular,Front-Wheel Drive,13.73375,Dodge,Manual 5-spd,4.0,2.2
26291,Two Seaters,Premium,Front-Wheel Drive,11.3658620689655,MINI,Automatic (S6),4.0,1.6
26292,Two Seaters,Premium,Front-Wheel Drive,10.987,MINI,Automatic (S6),4.0,1.6
26293,Two Seaters,Premium,Front-Wheel Drive,10.3003125,MINI,Manual 6-spd,4.0,1.6
26294,Two Seaters,Premium,Front-Wheel Drive,11.3658620689655,MINI,Automatic (S6),4.0,1.6
26295,Two Seaters,Premium,Front-Wheel Drive,11.3658620689655,MINI,Manual 6-spd,4.0,1.6
26296,Two Seaters,Premium,Front-Wheel Drive,11.3658620689655,MINI,Manual 6-spd,4.0,1.6
26297,Two Seaters,Premium,Front-Wheel Drive,11.3658620689655,MINI,Manual 6-spd,4.0,1.6
26298,Two Seaters,Premium,Front-Wheel Drive,11.3658620689655,MINI,Manual 6-spd,4.0,1.6
26299,Two Seaters,Premium,Rear-Wheel Drive,15.6957142857143,Nissan,Automatic (S7),6.0,3.7
26300,Two Seaters,Premium,Rear-Wheel Drive,15.6957142857143,Nissan,Manual 6-spd,6.0,3.7
26301,Midsize Cars,Premium,Front-Wheel Drive,15.6957142857143,Dodge,Manual 5-spd,4.0,2.2
26302,Two Seaters,Premium,Rear-Wheel Drive,15.6957142857143,Nissan,Automatic (S7),6.0,3.7
26303,Two Seaters,Premium,Rear-Wheel Drive,16.4805,Nissan,Manual 6-spd,6.0,3.7
26304,Minicompact Cars,Premium,Front-Wheel Drive,11.3658620689655,MINI,Automatic (S6),4.0,1.6
26305,Minicompact Cars,Premium,Front-Wheel Drive,11.3658620689655,MINI,Manual 6-spd,4.0,1.6
26306,Minicompact Cars,Premium,Front-Wheel Drive,11.3658620689655,MINI,Manual 6-spd,4.0,1.6
26307,Subcompact Cars,Premium,Front-Wheel Drive,11.3658620689655,MINI,Automatic (S6),4.0,1.6
26308,Subcompact Cars,Premium,Front-Wheel Drive,11.3658620689655,MINI,Manual 6-spd,4.0,1.6
26309,Subcompact Cars,Premium,Front-Wheel Drive,11.3658620689655,MINI,Manual 6-spd,4.0,1.6
26310,Compact Cars,Regular,Front-Wheel Drive,10.987,Ford,Auto(AM6),4.0,2.0
26311,Compact Cars,Regular,Front-Wheel Drive,10.987,Ford,Automatic (S6),4.0,2.0
26312,Two Seaters,Premium,Rear-Wheel Drive,18.3116666666667,TVR Engineering Ltd,Manual 4-spd,6.0,2.8
26313,Compact Cars,Regular,Rear-Wheel Drive,21.974,Mercedes-Benz,Automatic 4-spd,8.0,3.8
26314,Midsize Cars,Regular,Front-Wheel Drive,15.6957142857143,Dodge,Automatic 3-spd,4.0,2.5
26315,Compact Cars,Regular,Front-Wheel Drive,11.3658620689655,Ford,Manual 5-spd,4.0,2.0
26316,Compact Cars,Regular,Front-Wheel Drive,12.6773076923077,Ford,Manual 6-spd,4.0,2.0
26317,Compact Cars,Gasoline or E85,Front-Wheel Drive,10.987,Ford,Auto(AM6),4.0,2.0
26318,Compact Cars,Gasoline or E85,Front-Wheel Drive,10.987,Ford,Automatic (S6),4.0,2.0
26319,Compact Cars,Gasoline or E85,Front-Wheel Drive,11.3658620689655,Ford,Manual 5-spd,4.0,2.0
26320,Compact Cars,Premium,Front-Wheel Drive,12.2077777777778,MINI,Automatic (S6),4.0,1.6
26321,Compact Cars,Premium,Front-Wheel Drive,12.2077777777778,MINI,Automatic (S6),4.0,1.6
26322,Compact Cars,Premium,Front-Wheel Drive,11.7717857142857,MINI,Automatic (S6),4.0,1.6
26323,Compact Cars,Premium,Front-Wheel Drive,11.7717857142857,MINI,Manual 6-spd,4.0,1.6
26324,Compact Cars,Premium,All-Wheel Drive,12.6773076923077,MINI,Automatic (S6),4.0,1.6
26325,Midsize Cars,Regular,Front-Wheel Drive,14.3308695652174,Dodge,Manual 5-spd,4.0,2.5
26326,Compact Cars,Premium,All-Wheel Drive,12.2077777777778,MINI,Manual 6-spd,4.0,1.6
26327,Compact Cars,Premium,Front-Wheel Drive,11.7717857142857,MINI,Automatic (S6),4.0,1.6
26328,Compact Cars,Premium,Front-Wheel Drive,11.7717857142857,MINI,Manual 6-spd,4.0,1.6
26329,Compact Cars,Premium,All-Wheel Drive,12.6773076923077,MINI,Automatic (S6),4.0,1.6
26330,Compact Cars,Premium,All-Wheel Drive,12.2077777777778,MINI,Manual 6-spd,4.0,1.6
26331,Compact Cars,Premium,All-Wheel Drive,12.6773076923077,MINI,Automatic (S6),4.0,1.6
26332,Compact Cars,Premium,All-Wheel Drive,12.2077777777778,MINI,Manual 6-spd,4.0,1.6
26333,Compact Cars,Premium,All-Wheel Drive,12.6773076923077,MINI,Automatic (S6),4.0,1.6
26334,Compact Cars,Premium,All-Wheel Drive,12.2077777777778,MINI,Manual 6-spd,4.0,1.6
26335,Standard Sport Utility Vehicle 2WD,Premium,Rear-Wheel Drive,20.600625,Infiniti,Automatic (S7),8.0,5.6
26336,Midsize Cars,Regular,Front-Wheel Drive,15.6957142857143,Dodge,Automatic 3-spd,4.0,2.2
26337,Standard Sport Utility Vehicle 4WD,Premium,4-Wheel Drive,20.600625,Infiniti,Automatic (S7),8.0,5.6
26338,Two Seaters,Premium,Rear-Wheel Drive,12.6773076923077,Mercedes-Benz,Automatic 7-spd,4.0,1.8
26339,Two Seaters,Premium,Rear-Wheel Drive,12.6773076923077,Mercedes-Benz,Manual 6-spd,4.0,1.8
26340,Two Seaters,Premium,Rear-Wheel Drive,13.73375,Mercedes-Benz,Automatic 7-spd,6.0,3.5
26341,Two Seaters,Premium,Rear-Wheel Drive,21.974,Mercedes-Benz,Auto(AM7),8.0,6.2
26342,Two Seaters,Premium,Rear-Wheel Drive,21.974,Mercedes-Benz,Auto(AM7),8.0,6.2
26343,Two Seaters,Premium,Rear-Wheel Drive,21.974,Mercedes-Benz,Auto(AM7),8.0,6.2
26344,Two Seaters,Premium,Rear-Wheel Drive,21.974,Mercedes-Benz,Auto(AM7),8.0,6.2
26345,Two Seaters,Premium,Front-Wheel Drive,10.987,MINI,Manual 6-spd,4.0,1.6
26346,Two Seaters,Premium,Front-Wheel Drive,11.3658620689655,MINI,Automatic (S6),4.0,1.6
26347,Midsize Cars,Premium,Front-Wheel Drive,17.3478947368421,Dodge,Automatic 3-spd,4.0,2.2
26348,Two Seaters,Premium,Front-Wheel Drive,11.3658620689655,MINI,Automatic (S6),4.0,1.6
26349,Two Seaters,Premium,Front-Wheel Drive,11.3658620689655,MINI,Automatic (S6),4.0,1.6
26350,Two Seaters,Premium,Front-Wheel Drive,11.3658620689655,MINI,Automatic (S6),4.0,1.6
26351,Minicompact Cars,Premium,Front-Wheel Drive,10.987,MINI,Manual 6-spd,4.0,1.6
26352,Minicompact Cars,Premium,Front-Wheel Drive,11.3658620689655,MINI,Automatic (S6),4.0,1.6
26353,Minicompact Cars,Premium,Front-Wheel Drive,11.3658620689655,MINI,Automatic (S6),4.0,1.6
26354,Minicompact Cars,Premium,4-Wheel Drive,15.6957142857143,Porsche,Auto(AM-S7),6.0,3.8
26355,Subcompact Cars,Premium,Rear-Wheel Drive,13.1844,Mercedes-Benz,Automatic 7-spd,4.0,1.8
26356,Subcompact Cars,Premium,Rear-Wheel Drive,21.974,Mercedes-Benz,Automatic 7-spd,8.0,6.2
26357,Subcompact Cars,Premium,4-Wheel Drive,14.9822727272727,Mercedes-Benz,Automatic 7-spd,6.0,3.5
26358,Midsize Cars,Regular,Front-Wheel Drive,15.6957142857143,Dodge,Automatic 3-spd,4.0,2.5
26359,Subcompact Cars,Premium,Rear-Wheel Drive,14.3308695652174,Mercedes-Benz,Automatic 7-spd,6.0,3.5
26360,Subcompact Cars,Premium,Rear-Wheel Drive,15.6957142857143,Mercedes-Benz,Automatic 7-spd,8.0,4.7
26361,Subcompact Cars,Premium,Front-Wheel Drive,10.987,MINI,Manual 6-spd,4.0,1.6
26362,Subcompact Cars,Premium,Front-Wheel Drive,11.3658620689655,MINI,Automatic (S6),4.0,1.6
26363,Subcompact Cars,Premium,Front-Wheel Drive,11.3658620689655,MINI,Automatic (S6),4.0,1.6
26364,Subcompact Cars,Regular,Front-Wheel Drive,14.3308695652174,Volkswagen,Automatic (S6),5.0,2.5
26365,Compact Cars,Premium,Rear-Wheel Drive,11.7717857142857,BMW,Automatic (S8),4.0,2.0
26366,Compact Cars,Premium,All-Wheel Drive,12.2077777777778,BMW,Automatic (S8),4.0,2.0
26367,Compact Cars,Premium,Rear-Wheel Drive,13.1844,BMW,Automatic (S8),6.0,3.0
26368,Compact Cars,Premium,All-Wheel Drive,13.73375,BMW,Automatic (S8),6.0,3.0
26369,Midsize Cars,Regular,Front-Wheel Drive,16.4805,Ford,Automatic 3-spd,4.0,2.5
26370,Compact Cars,Diesel,Rear-Wheel Drive,10.61625,BMW,Automatic (S8),4.0,2.0
26371,Compact Cars,Diesel,All-Wheel Drive,11.2407352941176,BMW,Automatic (S8),4.0,2.0
26372,Compact Cars,Premium,Rear-Wheel Drive,20.600625,Chevrolet,Manual 6-spd,8.0,6.2
26373,Compact Cars,Premium,Rear-Wheel Drive,23.5435714285714,Chevrolet,Automatic (S6),8.0,6.2
26374,Compact Cars,Regular,Front-Wheel Drive,10.3003125,Chevrolet,Manual 6-spd,4.0,1.4
26375,Compact Cars,Regular,Front-Wheel Drive,10.987,Chevrolet,Automatic (S6),4.0,1.4
26376,Compact Cars,Regular,Front-Wheel Drive,11.3658620689655,Chevrolet,Manual 6-spd,4.0,1.4
26377,Compact Cars,Regular,Front-Wheel Drive,11.7717857142857,Chevrolet,Automatic (S6),4.0,1.4
26378,Compact Cars,Gasoline or E85,Front-Wheel Drive,10.3003125,Ford,Auto(AM6),4.0,2.0
26379,Compact Cars,Premium,Rear-Wheel Drive,10.6325806451613,Infiniti,Automatic (S7),6.0,3.5
26380,Midsize Cars,Regular,Front-Wheel Drive,13.73375,Ford,Manual 5-spd,4.0,2.5
26381,Compact Cars,Premium,Rear-Wheel Drive,10.987,Infiniti,Automatic (S7),6.0,3.5
26382,Compact Cars,Premium,All-Wheel Drive,10.987,Infiniti,Automatic (S7),6.0,3.5
26383,Compact Cars,Premium,All-Wheel Drive,11.7717857142857,Infiniti,Automatic (S7),6.0,3.5
26384,Compact Cars,Premium,Rear-Wheel Drive,13.1844,Mercedes-Benz,Automatic 7-spd,4.0,1.8
26385,Compact Cars,Premium,Rear-Wheel Drive,21.974,Mercedes-Benz,Automatic 7-spd,8.0,6.2
26386,Compact Cars,Premium,Rear-Wheel Drive,23.5435714285714,Mercedes-Benz,Automatic 5-spd,12.0,5.5
26387,Compact Cars,Premium,Rear-Wheel Drive,23.5435714285714,Mercedes-Benz,Automatic 5-spd,12.0,6.0
26388,Compact Cars,Premium,Front-Wheel Drive,10.987,MINI,Manual 6-spd,4.0,1.6
26389,Compact Cars,Premium,Front-Wheel Drive,10.987,MINI,Manual 6-spd,4.0,1.6
26390,Compact Cars,Regular,Front-Wheel Drive,12.6773076923077,Volkswagen,Automatic (S6),5.0,2.5
26391,Midsize Cars,Regular,Front-Wheel Drive,16.4805,Ford,Automatic 4-spd,6.0,3.0
26392,Compact Cars,Regular,Front-Wheel Drive,13.1844,Volkswagen,Automatic (S6),5.0,2.5
26393,Compact Cars,Regular,Front-Wheel Drive,13.1844,Volkswagen,Manual 5-spd,5.0,2.5
26394,Midsize Cars,Premium,Rear-Wheel Drive,12.6773076923077,BMW,Automatic (S8),4.0,2.0
26395,Midsize Cars,Premium,Rear-Wheel Drive,14.3308695652174,BMW,Automatic (S8),6.0,3.0
26396,Midsize Cars,Premium,Rear-Wheel Drive,20.600625,Cadillac,Manual 6-spd,8.0,6.2
26397,Midsize Cars,Premium,Rear-Wheel Drive,20.600625,Cadillac,Manual 6-spd,8.0,6.2
26398,Midsize Cars,Premium,Rear-Wheel Drive,23.5435714285714,Cadillac,Automatic (S6),8.0,6.2
26399,Midsize Cars,Premium,Rear-Wheel Drive,23.5435714285714,Cadillac,Automatic (S6),8.0,6.2
26400,Midsize Cars,Regular,Front-Wheel Drive,10.987,Chevrolet,Manual 6-spd,4.0,1.4
26401,Midsize Cars,Regular,Front-Wheel Drive,10.3003125,Chevrolet,Manual 6-spd,4.0,1.4
26402,Midsize Cars,Regular,Rear-Wheel Drive,17.3478947368421,Lincoln,Automatic 4-spd,8.0,5.0
26403,Midsize Cars,Regular,Front-Wheel Drive,10.3003125,Chevrolet,Manual 6-spd,4.0,1.4
26404,Midsize Cars,Regular,Front-Wheel Drive,10.987,Chevrolet,Automatic (S6),4.0,1.4
26405,Midsize Cars,Regular,Front-Wheel Drive,11.3658620689655,Chevrolet,Manual 6-spd,4.0,1.4
26406,Midsize Cars,Regular,Front-Wheel Drive,11.7717857142857,Chevrolet,Automatic (S6),4.0,1.4
26407,Midsize Cars,Regular,Front-Wheel Drive,12.2077777777778,Ford,Automatic (S6),4.0,1.5
26408,Midsize Cars,Regular,Front-Wheel Drive,11.3658620689655,Ford,Manual 6-spd,4.0,1.6
26409,Midsize Cars,Regular,All-Wheel Drive,13.1844,Ford,Automatic (S6),4.0,2.0
26410,Midsize Cars,Regular,Front-Wheel Drive,12.6773076923077,Ford,Automatic (S6),4.0,2.0
26411,Midsize Cars,Regular,Front-Wheel Drive,12.6773076923077,Ford,Automatic (S6),4.0,2.5
26412,Midsize Cars,Regular Gas and Electricity,Front-Wheel Drive,4.87870354125,Ford,Automatic (variable gear ratios),4.0,2.0
26413,Midsize Cars,Regular,Rear-Wheel Drive,17.3478947368421,Lincoln,Automatic 4-spd,8.0,5.0
26414,Midsize Cars,Premium,Rear-Wheel Drive,14.3308695652174,Jaguar,Automatic (S8),4.0,2.0
26415,Midsize Cars,Regular,All-Wheel Drive,13.1844,Lincoln,Automatic (S6),4.0,2.0
26416,Midsize Cars,Regular,Front-Wheel Drive,12.6773076923077,Lincoln,Automatic (S6),4.0,2.0
26417,Midsize Cars,Regular,All-Wheel Drive,15.6957142857143,Lincoln,Automatic (S6),6.0,3.7
26418,Midsize Cars,Regular,Front-Wheel Drive,14.9822727272727,Lincoln,Automatic (S6),6.0,3.7
26419,Large Cars,Premium,All-Wheel Drive,13.73375,BMW,Automatic (S8),6.0,3.0
26420,Large Cars,Premium,All-Wheel Drive,15.6957142857143,BMW,Automatic (S8),6.0,3.0
26421,Large Cars,Premium,Rear-Wheel Drive,14.9822727272727,BMW,Automatic (S8),6.0,3.0
26422,Large Cars,Premium,Rear-Wheel Drive,14.9822727272727,BMW,Automatic (S8),6.0,3.0
26423,Compact Cars,Regular,Rear-Wheel Drive,25.3546153846154,Mercedes-Benz,Automatic 4-spd,8.0,5.0
26424,Midsize Cars,Regular,Front-Wheel Drive,16.4805,Mercury,Automatic 4-spd,6.0,3.0
26425,Large Cars,Premium,Rear-Wheel Drive,20.600625,Maserati,Automatic 8-spd,8.0,3.8
26426,Small Station Wagons,Diesel,All-Wheel Drive,11.2407352941176,BMW,Automatic (S8),4.0,2.0
26427,Small Station Wagons,Premium,Rear-Wheel Drive,20.600625,Cadillac,Manual 6-spd,8.0,6.2
26428,Small Station Wagons,Premium,Rear-Wheel Drive,23.5435714285714,Cadillac,Automatic (S6),8.0,6.2
26429,Small Station Wagons,Regular,Front-Wheel Drive,12.6773076923077,Volkswagen,Automatic (S6),5.0,2.5
26430,Small Station Wagons,Regular,Front-Wheel Drive,12.6773076923077,Volkswagen,Manual 5-spd,5.0,2.5
26431,Standard Pickup Trucks 2WD,Gasoline or E85,Rear-Wheel Drive,16.4805,Chevrolet,Automatic 6-spd,6.0,4.3
26432,Standard Pickup Trucks 2WD,Gasoline or E85,Rear-Wheel Drive,16.4805,GMC,Automatic 6-spd,6.0,4.3
26433,Standard Pickup Trucks 2WD,Midgrade,Rear-Wheel Drive,19.3888235294118,Ram,Automatic 8-spd,8.0,5.7
26434,Standard Pickup Trucks 2WD,Regular,Rear-Wheel Drive,16.4805,Ram,Automatic 8-spd,6.0,3.6
26435,Midsize Cars,Diesel,Rear-Wheel Drive,19.10925,Mercedes-Benz,Automatic 4-spd,6.0,3.0
26436,Standard Pickup Trucks 2WD,Gasoline or E85,Rear-Wheel Drive,16.4805,Ram,Automatic 8-spd,6.0,3.6
26437,Standard Pickup Trucks 4WD,Gasoline or E85,4-Wheel Drive,17.3478947368421,Chevrolet,Automatic 6-spd,6.0,4.3
26438,Standard Pickup Trucks 4WD,Gasoline or E85,4-Wheel Drive,17.3478947368421,GMC,Automatic 6-spd,6.0,4.3
26439,Standard Pickup Trucks 4WD,Midgrade,4-Wheel Drive,21.974,Ram,Automatic 6-spd,8.0,5.7
26440,Standard Pickup Trucks 4WD,Gasoline or E85,4-Wheel Drive,17.3478947368421,Ram,Automatic 8-spd,6.0,3.6
26441,Standard Pickup Trucks 4WD,Midgrade,4-Wheel Drive,19.3888235294118,Ram,Automatic 8-spd,8.0,5.7
26442,Minivan - 2WD,Regular,Front-Wheel Drive,16.4805,Chrysler,Automatic 6-spd,6.0,3.6
26443,Minivan - 2WD,Regular,Front-Wheel Drive,16.4805,Dodge,Automatic 6-spd,6.0,3.6
26444,Minivan - 2WD,Gasoline or E85,Front-Wheel Drive,15.6957142857143,Ram,Automatic 6-spd,6.0,3.6
26445,Small Sport Utility Vehicle 2WD,Gasoline or E85,Front-Wheel Drive,12.6773076923077,Chevrolet,Automatic 6-spd,4.0,2.4
26446,Midsize Cars,Premium,Rear-Wheel Drive,21.974,Mercedes-Benz,Automatic 4-spd,8.0,4.2
26447,Small Sport Utility Vehicle 2WD,Gasoline or E85,Front-Wheel Drive,14.3308695652174,Chevrolet,Automatic 6-spd,4.0,2.4
26448,Small Sport Utility Vehicle 2WD,Regular,Front-Wheel Drive,15.6957142857143,Dodge,Automatic 4-spd,4.0,2.4
26449,Small Sport Utility Vehicle 2WD,Gasoline or E85,Front-Wheel Drive,17.3478947368421,Dodge,Automatic 6-spd,6.0,3.6
26450,Small Sport Utility Vehicle 2WD,Gasoline or E85,Front-Wheel Drive,12.6773076923077,GMC,Automatic 6-spd,4.0,2.4
26451,Small Sport Utility Vehicle 2WD,Premium,Rear-Wheel Drive,15.6957142857143,Mercedes-Benz,Automatic 7-spd,6.0,3.5
26452,Small Sport Utility Vehicle 4WD,Regular,All-Wheel Drive,17.3478947368421,Dodge,Automatic 6-spd,6.0,3.6
26453,Small Sport Utility Vehicle 4WD,Regular,4-Wheel Drive,18.3116666666667,Jeep,Automatic 5-spd,6.0,3.6
26454,Small Sport Utility Vehicle 4WD,Regular,4-Wheel Drive,18.3116666666667,Jeep,Manual 6-spd,6.0,3.6
26455,Small Sport Utility Vehicle 4WD,Regular,4-Wheel Drive,18.3116666666667,Jeep,Automatic 5-spd,6.0,3.6
26456,Standard Sport Utility Vehicle 4WD,Premium,All-Wheel Drive,15.6957142857143,Porsche,Automatic 8-spd,6.0,3.0
26457,Midsize Cars,Premium,Rear-Wheel Drive,25.3546153846154,Mercedes-Benz,Automatic 4-spd,8.0,5.6
26458,Compact Cars,Electricity,Front-Wheel Drive,0.192,Ford,Automatic (A1),,
26459,Two Seaters,Premium,Rear-Wheel Drive,21.974,SRT,Manual 6-spd,10.0,8.4
26460,Subcompact Cars,Premium,All-Wheel Drive,16.4805,Infiniti,Automatic (S7),6.0,3.7
26461,Subcompact Cars,Premium,Rear-Wheel Drive,16.4805,Infiniti,Automatic (S7),6.0,3.7
26462,Subcompact Cars,Premium,Rear-Wheel Drive,17.3478947368421,Infiniti,Manual 6-spd,6.0,3.7
26463,Subcompact Cars,Premium,Rear-Wheel Drive,14.9822727272727,Infiniti,Automatic (S7),6.0,3.7
26464,Subcompact Cars,Premium,Rear-Wheel Drive,16.4805,Infiniti,Manual 6-spd,6.0,3.7
26465,Standard Sport Utility Vehicle 2WD,Premium,Rear-Wheel Drive,16.4805,Mercedes-Benz,Automatic 7-spd,6.0,3.5
26466,Standard Sport Utility Vehicle 4WD,Premium,4-Wheel Drive,21.974,Mercedes-Benz,Automatic 7-spd,8.0,4.7
26467,Standard Sport Utility Vehicle 4WD,Premium,4-Wheel Drive,23.5435714285714,Mercedes-Benz,Automatic 7-spd,8.0,5.5
26468,Midsize Cars,Regular,Rear-Wheel Drive,16.4805,Mcevoy Motors,Automatic 4-spd,4.0,2.3
26469,Standard Sport Utility Vehicle 4WD,Premium,4-Wheel Drive,17.3478947368421,Mercedes-Benz,Automatic 7-spd,6.0,3.5
26470,Standard Sport Utility Vehicle 4WD,Premium,4-Wheel Drive,21.974,Mercedes-Benz,Automatic 7-spd,8.0,5.5
26471,Compact Cars,Premium,Rear-Wheel Drive,14.3308695652174,BMW,Manual 6-spd,6.0,3.0
26472,Midsize Cars,Premium,Rear-Wheel Drive,14.3308695652174,BMW,Manual 6-spd,6.0,3.0
26473,Large Cars,Premium,All-Wheel Drive,14.9822727272727,BMW,Automatic (S8),6.0,3.0
26474,Small Station Wagons,Premium,Rear-Wheel Drive,16.4805,Infiniti,Automatic (S7),6.0,3.7
26475,Small Station Wagons,Premium,All-Wheel Drive,16.4805,Infiniti,Automatic (S7),6.0,3.7
26476,Two Seaters,Premium,Front-Wheel Drive,10.987,MINI,Manual 6-spd,4.0,1.6
26477,Minicompact Cars,Premium,Rear-Wheel Drive,15.6957142857143,Lotus,Manual 6-spd,6.0,3.5
26478,Minicompact Cars,Premium,Rear-Wheel Drive,16.4805,Lotus,Manual 6-spd,6.0,3.5
26479,Midsize Cars,Regular,Front-Wheel Drive,14.3308695652174,Oldsmobile,Automatic 3-spd,4.0,2.5
26480,Minicompact Cars,Premium,Rear-Wheel Drive,14.9822727272727,Lotus,Automatic (S6),6.0,3.5
26481,Minicompact Cars,Premium,Rear-Wheel Drive,14.9822727272727,Lotus,Automatic (S6),6.0,3.5
26482,Minicompact Cars,Premium,Rear-Wheel Drive,13.73375,Subaru,Manual 6-spd,4.0,2.0
26483,Minicompact Cars,Premium,Rear-Wheel Drive,11.7717857142857,Subaru,Automatic (S6),4.0,2.0
26484,Subcompact Cars,Premium,Rear-Wheel Drive,21.974,Maserati,Automatic 6-spd,8.0,4.7
26485,Compact Cars,Premium,Rear-Wheel Drive,12.2077777777778,BMW,Automatic (S8),4.0,2.0
26486,Compact Cars,Premium,Rear-Wheel Drive,12.6773076923077,BMW,Manual 6-spd,4.0,2.0
26487,Compact Cars,Premium,All-Wheel Drive,12.6773076923077,BMW,Automatic (S8),4.0,2.0
26488,Compact Cars,Premium,Rear-Wheel Drive,12.2077777777778,BMW,Manual 6-spd,4.0,2.0
26489,Compact Cars,Premium,All-Wheel Drive,14.3308695652174,BMW,Manual 6-spd,6.0,3.0
26490,Midsize Cars,Regular,Front-Wheel Drive,16.4805,Oldsmobile,Automatic 3-spd,6.0,2.8
26491,Compact Cars,Regular,Front-Wheel Drive,14.9822727272727,Chrysler,Automatic 6-spd,4.0,2.4
26492,Compact Cars,Gasoline or E85,Front-Wheel Drive,14.9822727272727,Chrysler,Automatic 6-spd,6.0,3.6
26493,Compact Cars,Regular,Front-Wheel Drive,10.6325806451613,Mazda,Manual 5-spd,4.0,1.5
26494,Compact Cars,Regular,Front-Wheel Drive,10.987,Mazda,Automatic 4-spd,4.0,1.5
26495,Compact Cars,Premium,Rear-Wheel Drive,23.5435714285714,Rolls-Royce,Automatic (S8),12.0,6.7
26496,Compact Cars,Regular,All-Wheel Drive,11.7717857142857,Subaru,Manual 5-spd,4.0,2.0
26497,Compact Cars,Regular,All-Wheel Drive,10.987,Subaru,Automatic (variable gear ratios),4.0,2.0
26498,Compact Cars,Premium,Front-Wheel Drive,7.49113636363637,Volkswagen,Auto(AM-S7),4.0,1.4
26499,Compact Cars,Premium,Front-Wheel Drive,12.2077777777778,Volkswagen,Auto(AM-S6),4.0,2.0
26500,Compact Cars,Premium,Front-Wheel Drive,13.1844,Volkswagen,Manual 6-spd,4.0,2.0
26501,Midsize Cars,Regular,Front-Wheel Drive,15.6957142857143,Oldsmobile,Automatic 4-spd,6.0,2.8
26502,Midsize Cars,Premium,All-Wheel Drive,12.6773076923077,BMW,Automatic (S8),4.0,2.0
26503,Midsize Cars,Premium,All-Wheel Drive,14.3308695652174,BMW,Automatic (S8),6.0,3.0
26504,Midsize Cars,Diesel,Rear-Wheel Drive,12.7395,BMW,Automatic (S8),6.0,3.0
26505,Midsize Cars,Diesel,All-Wheel Drive,13.1787931034483,BMW,Automatic (S8),6.0,3.0
26506,Midsize Cars,Premium,Rear-Wheel Drive,16.4805,BMW,Automatic (S8),8.0,4.4
26507,Midsize Cars,Premium,All-Wheel Drive,17.3478947368421,BMW,Automatic (S8),8.0,4.4
26508,Midsize Cars,Regular,Front-Wheel Drive,15.6957142857143,Buick,Automatic (S6),6.0,3.6
26509,Midsize Cars,Regular,Front-Wheel Drive,13.73375,Buick,Automatic (S6),4.0,2.0
26510,Midsize Cars,Regular,Front-Wheel Drive,14.3308695652174,Buick,Automatic (S6),4.0,2.4
26511,Midsize Cars,Regular,Front-Wheel Drive,13.73375,Buick,Manual 6-spd,4.0,2.0
26512,Midsize Cars,Regular,Front-Wheel Drive,17.3478947368421,Oldsmobile,Automatic 4-spd,6.0,3.8
26513,Midsize Cars,Regular,Front-Wheel Drive,13.73375,Chrysler,Automatic 4-spd,4.0,2.4
26514,Midsize Cars,Regular,Front-Wheel Drive,14.3308695652174,Chrysler,Automatic 6-spd,4.0,2.4
26515,Midsize Cars,Gasoline or E85,Front-Wheel Drive,14.9822727272727,Chrysler,Automatic 6-spd,6.0,3.6
26516,Midsize Cars,Regular,Front-Wheel Drive,13.73375,Dodge,Automatic 4-spd,4.0,2.4
26517,Midsize Cars,Regular,Front-Wheel Drive,14.3308695652174,Dodge,Automatic 6-spd,4.0,2.4
26518,Midsize Cars,Gasoline or E85,Front-Wheel Drive,14.9822727272727,Dodge,Automatic 6-spd,6.0,3.6
26519,Midsize Cars,Midgrade,Rear-Wheel Drive,15.6957142857143,Dodge,Automatic 5-spd,6.0,3.6
26520,Midsize Cars,Midgrade,Rear-Wheel Drive,18.3116666666667,Dodge,Automatic 5-spd,8.0,5.7
26521,Midsize Cars,Premium,Rear-Wheel Drive,18.3116666666667,Jaguar,Automatic (S8),8.0,5.0
26522,Midsize Cars,Premium,All-Wheel Drive,17.3478947368421,Jaguar,Automatic (S8),6.0,3.0
26523,Midsize Cars,Regular,Rear-Wheel Drive,17.3478947368421,Oldsmobile,Automatic 3-spd,6.0,3.8
26524,Midsize Cars,Premium,All-Wheel Drive,18.3116666666667,Maserati,Automatic 8-spd,6.0,3.0
26525,Midsize Cars,Premium,Rear-Wheel Drive,21.974,Rolls-Royce,Automatic (S8),12.0,6.6
26526,Large Cars,Premium,All-Wheel Drive,12.6773076923077,BMW,Automatic (S8),4.0,2.0
26527,Large Cars,Premium,Rear-Wheel Drive,14.9822727272727,BMW,Automatic (S8),6.0,3.0
26528,Large Cars,Premium,Rear-Wheel Drive,17.3478947368421,BMW,Automatic (S8),8.0,4.4
26529,Large Cars,Premium,All-Wheel Drive,17.3478947368421,BMW,Automatic (S8),8.0,4.4
26530,Large Cars,Premium,Rear-Wheel Drive,16.4805,BMW,Automatic (S8),8.0,4.4
26531,Large Cars,Premium,Rear-Wheel Drive,17.3478947368421,BMW,Automatic (S8),8.0,4.4
26532,Large Cars,Premium,All-Wheel Drive,17.3478947368421,BMW,Automatic (S8),8.0,4.4
26533,Large Cars,Premium,All-Wheel Drive,17.3478947368421,BMW,Automatic (S8),8.0,4.4
26534,Compact Cars,Regular,Front-Wheel Drive,15.6957142857143,Mitsubishi,Automatic 4-spd,4.0,2.4
26535,Midsize Cars,Regular,Rear-Wheel Drive,18.3116666666667,Oldsmobile,Automatic 3-spd,8.0,5.0
26536,Large Cars,Premium,Rear-Wheel Drive,17.3478947368421,BMW,Automatic (S8),8.0,4.4
26537,Large Cars,Premium,Rear-Wheel Drive,17.3478947368421,BMW,Automatic (S8),8.0,4.4
26538,Large Cars,Premium,All-Wheel Drive,17.3478947368421,BMW,Automatic (S8),8.0,4.4
26539,Large Cars,Premium,All-Wheel Drive,17.3478947368421,BMW,Automatic (S8),8.0,4.4
26540,Large Cars,Premium,Rear-Wheel Drive,21.974,BMW,Automatic (S8),12.0,6.0
26541,Large Cars,Regular,Front-Wheel Drive,15.6957142857143,Cadillac,Automatic (S6),6.0,3.6
26542,Large Cars,Midgrade,Rear-Wheel Drive,18.3116666666667,Chrysler,Automatic 5-spd,8.0,5.7
26543,Large Cars,Regular,All-Wheel Drive,15.6957142857143,Chrysler,Automatic 8-spd,6.0,3.6
26544,Large Cars,Gasoline or E85,All-Wheel Drive,15.6957142857143,Chrysler,Automatic 8-spd,6.0,3.6
26545,Large Cars,Midgrade,All-Wheel Drive,18.3116666666667,Chrysler,Automatic 5-spd,8.0,5.7
26546,Midsize Cars,Regular,Rear-Wheel Drive,18.3116666666667,Oldsmobile,Automatic 4-spd,8.0,5.0
26547,Large Cars,Regular,Rear-Wheel Drive,15.6957142857143,Dodge,Automatic 5-spd,6.0,3.6
26548,Large Cars,Gasoline or E85,Rear-Wheel Drive,15.6957142857143,Dodge,Automatic 5-spd,6.0,3.6
26549,Large Cars,Midgrade,Rear-Wheel Drive,18.3116666666667,Dodge,Automatic 5-spd,8.0,5.7
26550,Large Cars,Regular,All-Wheel Drive,15.6957142857143,Dodge,Automatic 8-spd,6.0,3.6
26551,Large Cars,Gasoline or E85,All-Wheel Drive,15.6957142857143,Dodge,Automatic 8-spd,6.0,3.6
26552,Large Cars,Midgrade,All-Wheel Drive,18.3116666666667,Dodge,Automatic 5-spd,8.0,5.7
26553,Large Cars,Premium,Rear-Wheel Drive,18.3116666666667,Jaguar,Automatic (S8),8.0,5.0
26554,Large Cars,Premium,Rear-Wheel Drive,18.3116666666667,Jaguar,Automatic (S8),8.0,5.0
26555,Large Cars,Premium,All-Wheel Drive,17.3478947368421,Jaguar,Automatic (S8),6.0,3.0
26556,Large Cars,Premium,All-Wheel Drive,17.3478947368421,Jaguar,Automatic (S8),6.0,3.0
26557,Midsize Cars,Regular,Front-Wheel Drive,17.3478947368421,Oldsmobile,Automatic 4-spd,6.0,3.8
26558,Large Cars,Premium,All-Wheel Drive,18.3116666666667,Maserati,Automatic 8-spd,6.0,3.0
26559,Large Cars,Premium,Rear-Wheel Drive,23.5435714285714,Rolls-Royce,Automatic (S8),12.0,6.7
26560,Large Cars,Premium,Rear-Wheel Drive,23.5435714285714,Rolls-Royce,Automatic (S8),12.0,6.7
26561,Large Cars,Premium,Rear-Wheel Drive,21.974,Rolls-Royce,Automatic (S8),12.0,6.6
26562,Large Cars,Premium,Rear-Wheel Drive,21.974,Rolls-Royce,Automatic (S8),12.0,6.6
26563,Small Station Wagons,Regular,All-Wheel Drive,12.2077777777778,Subaru,Manual 5-spd,4.0,2.0
26564,Small Station Wagons,Regular,All-Wheel Drive,10.987,Subaru,Automatic (variable gear ratios),4.0,2.0
26565,Small Sport Utility Vehicle 2WD,Regular,Front-Wheel Drive,12.6773076923077,Honda,Automatic 5-spd,4.0,2.4
26566,Small Sport Utility Vehicle 2WD,Regular,Front-Wheel Drive,17.3478947368421,Mazda,Automatic (S6),6.0,3.7
26567,Small Sport Utility Vehicle 4WD,Premium,All-Wheel Drive,17.3478947368421,Audi,Automatic (S8),6.0,3.0
26568,Midsize Cars,Regular,Front-Wheel Drive,15.6957142857143,Plymouth,Automatic 3-spd,4.0,2.2
26569,Small Sport Utility Vehicle 4WD,Regular,All-Wheel Drive,13.1844,Honda,Automatic 5-spd,4.0,2.4
26570,Small Sport Utility Vehicle 4WD,Regular,4-Wheel Drive,17.3478947368421,Mazda,Automatic (S6),6.0,3.7
26571,Small Sport Utility Vehicle 4WD,Premium,4-Wheel Drive,15.6957142857143,Mercedes-Benz,Automatic 7-spd,6.0,3.5
26572,Small Sport Utility Vehicle 4WD,Regular,All-Wheel Drive,13.1844,Subaru,Manual 5-spd,4.0,2.0
26573,Small Sport Utility Vehicle 4WD,Regular,All-Wheel Drive,11.7717857142857,Subaru,Automatic (variable gear ratios),4.0,2.0
26574,Standard Sport Utility Vehicle 2WD,Regular,Front-Wheel Drive,17.3478947368421,Cadillac,Automatic (S6),6.0,3.6
26575,Standard Sport Utility Vehicle 2WD,Regular,Rear-Wheel Drive,21.974,Toyota,Automatic (S6),8.0,5.7
26576,Standard Sport Utility Vehicle 4WD,Premium,All-Wheel Drive,15.6957142857143,BMW,Automatic (S8),6.0,3.0
26577,Standard Sport Utility Vehicle 4WD,Premium,All-Wheel Drive,19.3888235294118,BMW,Automatic (S8),8.0,4.4
26578,Standard Sport Utility Vehicle 4WD,Diesel,4-Wheel Drive,16.6167391304348,Mercedes-Benz,Automatic 7-spd,6.0,3.0
26579,Midsize Cars,Premium,Front-Wheel Drive,17.3478947368421,Plymouth,Automatic 3-spd,4.0,2.2
26580,Standard Sport Utility Vehicle 4WD,Premium,4-Wheel Drive,20.600625,Mercedes-Benz,Automatic 7-spd,8.0,4.7
26581,Standard Sport Utility Vehicle 4WD,Premium,4-Wheel Drive,20.600625,Mercedes-Benz,Automatic 7-spd,8.0,4.7
26582,Standard Sport Utility Vehicle 4WD,Gasoline or E85,Part-time 4-Wheel Drive,21.974,Toyota,Automatic (S6),8.0,5.7
26583,Standard Sport Utility Vehicle 4WD,Regular,Part-time 4-Wheel Drive,23.5435714285714,Toyota,Automatic (S6),8.0,5.7
26584,Standard Pickup Trucks 2WD,Midgrade,Rear-Wheel Drive,19.3888235294118,Ram,Automatic 8-spd,8.0,5.7
26585,Compact Cars,Regular,Front-Wheel Drive,9.98818181818182,Mazda,Automatic (S6),4.0,2.0
26586,Compact Cars,Regular,Front-Wheel Drive,9.98818181818182,Mazda,Manual 6-spd,4.0,2.0
26587,Midsize Cars,Regular,Front-Wheel Drive,10.6325806451613,Nissan,Automatic (variable gear ratios),4.0,2.5
26588,Midsize Cars,Regular,Front-Wheel Drive,13.1844,Nissan,Auto(AV-S7),6.0,3.5
26589,Standard Pickup Trucks 2WD,Regular,Rear-Wheel Drive,19.3888235294118,Toyota,Automatic (S5),6.0,4.0
26590,Midsize Cars,Regular,Front-Wheel Drive,15.6957142857143,Plymouth,Automatic 3-spd,4.0,2.5
26591,Standard Pickup Trucks 2WD,Regular,Rear-Wheel Drive,19.3888235294118,Toyota,Automatic (S6),8.0,4.6
26592,Standard Pickup Trucks 2WD,Regular,Rear-Wheel Drive,21.974,Toyota,Automatic (S6),8.0,5.7
26593,Standard Pickup Trucks 4WD,Regular,Part-time 4-Wheel Drive,20.600625,Toyota,Automatic (S6),8.0,4.6
26594,Standard Pickup Trucks 4WD,Regular,Part-time 4-Wheel Drive,21.974,Toyota,Automatic (S6),8.0,5.7
26595,Standard Pickup Trucks 4WD,Gasoline or E85,Part-time 4-Wheel Drive,21.974,Toyota,Automatic (S6),8.0,5.7
26596,Small Sport Utility Vehicle 2WD,Regular,Front-Wheel Drive,14.3308695652174,Toyota,Automatic (S6),4.0,2.7
26597,Small Sport Utility Vehicle 2WD,Regular,Front-Wheel Drive,15.6957142857143,Toyota,Automatic (S6),6.0,3.5
26598,Small Sport Utility Vehicle 4WD,Regular,All-Wheel Drive,14.9822727272727,Toyota,Automatic (S6),4.0,2.7
26599,Small Sport Utility Vehicle 4WD,Regular,All-Wheel Drive,15.6957142857143,Toyota,Automatic (S6),6.0,3.5
26600,Two Seaters,Premium,Rear-Wheel Drive,16.4805,Chevrolet,Automatic (S6),8.0,6.2
26601,Midsize Cars,Premium,Rear-Wheel Drive,19.3888235294118,Plymouth,Automatic 3-spd,8.0,5.2
26602,Two Seaters,Premium,Rear-Wheel Drive,19.3888235294118,Mercedes-Benz,Automatic 7-spd,12.0,6.0
26603,Two Seaters,Premium,Rear-Wheel Drive,23.5435714285714,Mercedes-Benz,Auto(AM7),8.0,6.2
26604,Minicompact Cars,Premium,Rear-Wheel Drive,13.1844,Scion,Manual 6-spd,4.0,2.0
26605,Minicompact Cars,Premium,Rear-Wheel Drive,11.7717857142857,Scion,Automatic (S6),4.0,2.0
26606,Compact Cars,Premium,Rear-Wheel Drive,12.2077777777778,BMW,Automatic (S8),4.0,2.0
26607,Compact Cars,Premium,Rear-Wheel Drive,12.6773076923077,BMW,Manual 6-spd,4.0,2.0
26608,Compact Cars,Premium,All-Wheel Drive,12.6773076923077,BMW,Automatic (S8),4.0,2.0
26609,Midsize Cars,Regular,Rear-Wheel Drive,23.5435714285714,Plymouth,Automatic 3-spd,8.0,5.2
26610,Compact Cars,Premium,Rear-Wheel Drive,13.1844,BMW,Automatic (S8),6.0,3.0
26611,Compact Cars,Premium,Rear-Wheel Drive,14.3308695652174,BMW,Manual 6-spd,6.0,3.0
26612,Compact Cars,Premium,All-Wheel Drive,13.73375,BMW,Automatic (S8),6.0,3.0
26613,Compact Cars,Premium,All-Wheel Drive,14.3308695652174,BMW,Manual 6-spd,6.0,3.0
26614,Compact Cars,Regular,Front-Wheel Drive,10.6325806451613,Mazda,Automatic (S6),4.0,2.5
26615,Compact Cars,Regular,Front-Wheel Drive,10.3003125,Mazda,Automatic (S6),4.0,2.5
26616,Compact Cars,Premium,4-Wheel Drive,14.9822727272727,Mercedes-Benz,Automatic 7-spd,6.0,3.5
26617,Compact Cars,Premium,Rear-Wheel Drive,23.5435714285714,Rolls-Royce,Automatic (S8),12.0,6.7
26618,Midsize Cars,Regular,Rear-Wheel Drive,27.4675,Plymouth,Automatic 3-spd,8.0,5.2
26619,Midsize Cars,Regular,All-Wheel Drive,14.9822727272727,Buick,Automatic (S6),4.0,2.0
26620,Midsize Cars,Premium,Rear-Wheel Drive,18.3116666666667,Dodge,Manual 6-spd,8.0,5.7
26621,Midsize Cars,Premium,Rear-Wheel Drive,19.3888235294118,Dodge,Automatic 5-spd,8.0,6.4
26622,Midsize Cars,Premium,Rear-Wheel Drive,19.3888235294118,Dodge,Manual 6-spd,8.0,6.4
26623,Midsize Cars,Regular,Front-Wheel Drive,10.987,Mazda,Automatic (S6),4.0,2.5
26624,Midsize Cars,Regular,Front-Wheel Drive,10.3003125,Mazda,Automatic (S6),4.0,2.5
26625,Midsize Cars,Regular,Front-Wheel Drive,11.7717857142857,Toyota,Automatic (S6),4.0,2.5
26626,Midsize Cars,Regular,Front-Wheel Drive,14.9822727272727,Plymouth,Automatic 3-spd,4.0,2.2
26627,Midsize Cars,Regular,Front-Wheel Drive,8.24025,Toyota,Automatic (variable gear ratios),4.0,2.5
26628,Midsize Cars,Regular,Front-Wheel Drive,8.45153846153846,Toyota,Automatic (variable gear ratios),4.0,2.5
26629,Midsize Cars,Regular,Front-Wheel Drive,13.1844,Toyota,Automatic (S6),6.0,3.5
26630,Large Cars,Regular,Rear-Wheel Drive,19.3888235294118,Chevrolet,Automatic (S6),8.0,6.2
26631,Large Cars,Regular,Rear-Wheel Drive,14.3308695652174,Chrysler,Automatic 8-spd,6.0,3.6
26632,Large Cars,Gasoline or E85,Rear-Wheel Drive,14.3308695652174,Chrysler,Automatic 8-spd,6.0,3.6
26633,Large Cars,Premium,Rear-Wheel Drive,19.3888235294118,Chrysler,Automatic 5-spd,8.0,6.4
26634,Large Cars,Regular,Rear-Wheel Drive,14.3308695652174,Dodge,Automatic 8-spd,6.0,3.6
26635,Large Cars,Gasoline or E85,Rear-Wheel Drive,14.3308695652174,Dodge,Automatic 8-spd,6.0,3.6
26636,Large Cars,Premium,Rear-Wheel Drive,19.3888235294118,Dodge,Automatic 5-spd,8.0,6.4
26637,Compact Cars,Regular,Front-Wheel Drive,15.6957142857143,Mitsubishi,Automatic 4-spd,4.0,2.4
26638,Midsize Cars,Regular,Front-Wheel Drive,15.6957142857143,Plymouth,Automatic 3-spd,4.0,2.2
26639,Small Sport Utility Vehicle 2WD,Regular,Front-Wheel Drive,13.1844,Jeep,Manual 5-spd,4.0,2.0
26640,Small Sport Utility Vehicle 4WD,Diesel,4-Wheel Drive,14.155,Mercedes-Benz,Automatic 7-spd,4.0,2.1
26641,Standard Sport Utility Vehicle 4WD,Premium,Rear-Wheel Drive,14.9822727272727,BMW,Automatic (S8),6.0,3.0
26642,Standard Sport Utility Vehicle 4WD,Gasoline or E85,4-Wheel Drive,17.3478947368421,Dodge,Automatic 8-spd,6.0,3.6
26643,Standard Sport Utility Vehicle 4WD,Premium or E85,Rear-Wheel Drive,17.3478947368421,Land Rover,Automatic (S8),6.0,3.0
26644,Standard Sport Utility Vehicle 4WD,Diesel,4-Wheel Drive,17.3720454545455,Mercedes-Benz,Automatic 7-spd,6.0,3.0
26645,Subcompact Cars,Regular,Front-Wheel Drive,11.3658620689655,Scion,Automatic 4-spd,4.0,1.8
26646,Subcompact Cars,Regular,Front-Wheel Drive,11.3658620689655,Scion,Manual 5-spd,4.0,1.8
26647,Midsize Cars,Regular,Front-Wheel Drive,13.1844,Plymouth,Manual 5-spd,4.0,2.2
26648,Midsize Cars,Premium,Rear-Wheel Drive,25.3546153846154,Bentley,Automatic (S8),8.0,6.8
26649,Midsize Cars,Regular,Front-Wheel Drive,11.3658620689655,Chevrolet,Automatic (S6),4.0,2.5
26650,Midsize Cars,Regular,Front-Wheel Drive,8.03926829268293,Ford,Automatic (variable gear ratios),4.0,2.0
26651,Midsize Cars,Regular,Front-Wheel Drive,11.3658620689655,Honda,Auto(AV-S7),4.0,2.4
26652,Midsize Cars,Regular,Front-Wheel Drive,13.73375,Honda,Automatic (S6),6.0,3.5
26653,Midsize Cars,Regular,Front-Wheel Drive,15.6957142857143,Honda,Manual 6-spd,6.0,3.5
26654,Midsize Cars,Regular,Front-Wheel Drive,8.67394736842105,Lincoln,Automatic (variable gear ratios),4.0,2.0
26655,Midsize Station Wagons,Regular,Front-Wheel Drive,8.03926829268293,Toyota,Automatic (variable gear ratios),4.0,1.8
26656,Minivan - 2WD,Regular,Front-Wheel Drive,13.73375,Mazda,Automatic (S5),4.0,2.5
26657,Minivan - 2WD,Regular,Front-Wheel Drive,13.73375,Mazda,Manual 6-spd,4.0,2.5
26658,Midsize Cars,Regular,Front-Wheel Drive,15.6957142857143,Plymouth,Automatic 3-spd,4.0,2.5
26659,Small Sport Utility Vehicle 2WD,Regular,Rear-Wheel Drive,18.3116666666667,Toyota,Automatic 5-spd,6.0,4.0
26660,Small Sport Utility Vehicle 4WD,Regular,Part-time 4-Wheel Drive,18.3116666666667,Toyota,Automatic 5-spd,6.0,4.0
26661,Small Sport Utility Vehicle 4WD,Regular,All-Wheel Drive,20.600625,Toyota,Manual 6-spd,6.0,4.0
26662,Standard Sport Utility Vehicle 2WD,Gasoline or E85,Rear-Wheel Drive,20.600625,Ford,Automatic 6-spd,8.0,5.4
26663,Standard Sport Utility Vehicle 2WD,Gasoline or E85,Rear-Wheel Drive,20.600625,Lincoln,Automatic 6-spd,8.0,5.4
26664,Standard Sport Utility Vehicle 4WD,Gasoline or E85,Part-time 4-Wheel Drive,21.974,Ford,Automatic 6-spd,8.0,5.4
26665,Standard Sport Utility Vehicle 4WD,Gasoline or E85,Part-time 4-Wheel Drive,21.974,Lincoln,Automatic 6-spd,8.0,5.4
26666,Standard Sport Utility Vehicle 4WD,Regular,4-Wheel Drive,21.974,Toyota,Automatic (S6),8.0,5.7
26667,Two Seaters,Premium,Rear-Wheel Drive,21.974,Aston Martin,Manual 6-spd,8.0,4.7
26668,Two Seaters,Premium,Rear-Wheel Drive,20.600625,Aston Martin,Auto(AM7),8.0,4.7
26669,Midsize Cars,Regular,Front-Wheel Drive,15.6957142857143,Plymouth,Automatic 3-spd,4.0,2.5
26670,Two Seaters,Premium,Rear-Wheel Drive,21.974,Aston Martin,Manual 6-spd,8.0,4.7
26671,Two Seaters,Premium,Rear-Wheel Drive,20.600625,Aston Martin,Auto(AM7),8.0,4.7
26672,Minicompact Cars,Premium,Front-Wheel Drive,10.987,Fiat,Manual 5-spd,4.0,1.4
26673,Minicompact Cars,Premium,Front-Wheel Drive,10.987,Fiat,Manual 5-spd,4.0,1.4
26674,Compact Cars,Premium,Front-Wheel Drive,13.1844,Acura,Automatic (S5),4.0,2.4
26675,Compact Cars,Premium,Front-Wheel Drive,13.73375,Acura,Manual 6-spd,4.0,2.4
26676,Compact Cars,Premium,Front-Wheel Drive,14.9822727272727,Acura,Automatic (S5),6.0,3.5
26677,Compact Cars,Regular,Front-Wheel Drive,8.03926829268293,Honda,Automatic (variable gear ratios),4.0,1.3
26678,Compact Cars,Regular,Front-Wheel Drive,8.03926829268293,Honda,Auto(AV-S7),4.0,1.3
26679,Compact Cars,Regular,Front-Wheel Drive,9.15583333333333,Mitsubishi,Manual 5-spd,3.0,1.2
26680,Midsize Cars,Regular,Rear-Wheel Drive,17.3478947368421,Pontiac,Automatic 3-spd,6.0,3.8
26681,Compact Cars,Regular,Front-Wheel Drive,8.45153846153846,Mitsubishi,Automatic (variable gear ratios),3.0,1.2
26682,Midsize Cars,Premium,Front-Wheel Drive,14.3308695652174,Acura,Automatic (S6),6.0,3.5
26683,Midsize Cars,Premium,All-Wheel Drive,15.6957142857143,Acura,Automatic (S6),6.0,3.7
26684,Midsize Cars,Premium,All-Wheel Drive,16.4805,Acura,Manual 6-spd,6.0,3.7
26685,Midsize Cars,Regular,Front-Wheel Drive,12.2077777777778,Honda,Manual 6-spd,4.0,2.4
26686,Midsize Cars,Regular,Front-Wheel Drive,10.987,Honda,Automatic (variable gear ratios),4.0,2.4
26687,Midsize Cars,Regular,Front-Wheel Drive,13.1844,Honda,Automatic 6spd,6.0,3.5
26688,Midsize Cars,Premium or E85,Rear-Wheel Drive,18.3116666666667,Jaguar,Automatic (S8),8.0,5.0
26689,Midsize Cars,Premium or E85,Rear-Wheel Drive,15.6957142857143,Jaguar,Automatic (S8),6.0,3.0
26690,Midsize Cars,Premium,Front-Wheel Drive,14.9822727272727,Nissan,Auto(AV-S6),6.0,3.5
26691,Midsize Cars,Regular,Rear-Wheel Drive,17.3478947368421,Pontiac,Automatic 3-spd,6.0,4.3
26692,Large Cars,Premium or E85,Rear-Wheel Drive,18.3116666666667,Jaguar,Automatic (S8),8.0,5.0
26693,Large Cars,Premium or E85,Rear-Wheel Drive,18.3116666666667,Jaguar,Automatic (S8),8.0,5.0
26694,Large Cars,Premium or E85,Rear-Wheel Drive,15.6957142857143,Jaguar,Automatic (S8),6.0,3.0
26695,Large Cars,Premium or E85,Rear-Wheel Drive,16.4805,Jaguar,Automatic (S8),6.0,3.0
26696,Large Cars,Premium,Rear-Wheel Drive,14.9822727272727,Porsche,Auto(AM-S7),6.0,3.6
26697,Large Cars,Premium,All-Wheel Drive,15.6957142857143,Porsche,Auto(AM-S7),6.0,3.6
26698,Large Cars,Premium,All-Wheel Drive,16.4805,Porsche,Auto(AM-S7),6.0,3.0
26699,Large Cars,Premium,All-Wheel Drive,17.3478947368421,Porsche,Auto(AM-S7),8.0,4.8
26700,Large Cars,Premium,All-Wheel Drive,18.3116666666667,Porsche,Auto(AM-S7),8.0,4.8
26701,Large Cars,Premium,All-Wheel Drive,18.3116666666667,Porsche,Auto(AM-S7),8.0,4.8
26702,Midsize Cars,Regular,Rear-Wheel Drive,17.3478947368421,Pontiac,Automatic 4-spd,6.0,4.3
26703,Small Station Wagons,Premium,Front-Wheel Drive,13.73375,Acura,Automatic (S5),4.0,2.4
26704,Standard Pickup Trucks 4WD,Regular,All-Wheel Drive,19.3888235294118,Honda,Automatic 5-spd,6.0,3.5
26705,"Vans, Cargo Type",Gasoline or E85,Rear-Wheel Drive,23.5435714285714,Ford,Automatic 4-spd,8.0,5.4
26706,"Vans, Cargo Type",Gasoline or E85,Rear-Wheel Drive,23.5435714285714,Ford,Automatic 4-spd,8.0,5.4
26707,"Vans, Cargo Type",Gasoline or E85,Rear-Wheel Drive,25.3546153846154,Ford,Automatic 4-spd,8.0,5.4
26708,"Vans, Cargo Type",Gasoline or E85,Rear-Wheel Drive,21.974,Ford,Automatic 4-spd,8.0,4.6
26709,"Vans, Cargo Type",Gasoline or E85,Rear-Wheel Drive,21.974,Ford,Automatic 4-spd,8.0,4.6
26710,"Vans, Passenger Type",Gasoline or E85,Rear-Wheel Drive,25.3546153846154,Ford,Automatic 4-spd,8.0,5.4
26711,"Vans, Passenger Type",Gasoline or E85,Rear-Wheel Drive,25.3546153846154,Ford,Automatic 4-spd,8.0,5.4
26712,"Vans, Passenger Type",Regular,Rear-Wheel Drive,29.9645454545455,Ford,Automatic 5-spd,10.0,6.8
26713,Midsize Cars,Regular,Rear-Wheel Drive,18.3116666666667,Pontiac,Automatic 4-spd,8.0,5.0
26714,Minivan - 2WD,Regular,Front-Wheel Drive,15.6957142857143,Nissan,Automatic (variable gear ratios),6.0,3.5
26715,Minivan - 2WD,Regular,Front-Wheel Drive,15.6957142857143,Toyota,Automatic (S6),6.0,3.5
26716,Minivan - 4WD,Regular,All-Wheel Drive,17.3478947368421,Toyota,Automatic (S6),6.0,3.5
26717,Small Sport Utility Vehicle 2WD,Regular,Front-Wheel Drive,16.4805,Honda,Automatic 5-spd,6.0,3.5
26718,Small Sport Utility Vehicle 2WD,Regular,Front-Wheel Drive,14.3308695652174,Hyundai,Automatic 6-spd,4.0,2.4
26719,Small Sport Utility Vehicle 2WD,Regular,Front-Wheel Drive,13.1844,Hyundai,Automatic 6-spd,4.0,2.0
26720,Small Sport Utility Vehicle 2WD,Regular,Front-Wheel Drive,14.9822727272727,Jeep,Automatic 9-spd,6.0,3.2
26721,Small Sport Utility Vehicle 2WD,Regular,Front-Wheel Drive,13.1844,Jeep,Automatic 9-spd,4.0,2.4
26722,Small Sport Utility Vehicle 2WD,Regular,Front-Wheel Drive,15.6957142857143,Lexus,Automatic (S6),6.0,3.5
26723,Small Sport Utility Vehicle 2WD,Premium,Front-Wheel Drive,11.3658620689655,Lexus,Auto(AV-S6),6.0,3.5
26724,Midsize Cars,Regular,Front-Wheel Drive,14.3308695652174,Pontiac,Automatic 3-spd,4.0,2.5
26725,Small Sport Utility Vehicle 4WD,Regular,All-Wheel Drive,16.4805,Honda,Automatic 5-spd,6.0,3.5
26726,Small Sport Utility Vehicle 4WD,Regular,4-Wheel Drive,14.9822727272727,Hyundai,Automatic 6-spd,4.0,2.4
26727,Small Sport Utility Vehicle 4WD,Regular,4-Wheel Drive,14.9822727272727,Hyundai,Automatic 6-spd,4.0,2.0
26728,Small Sport Utility Vehicle 4WD,Regular,All-Wheel Drive,14.3308695652174,Jeep,Automatic 9-spd,4.0,2.4
26729,Small Sport Utility Vehicle 4WD,Regular,All-Wheel Drive,14.9822727272727,Jeep,Automatic 9-spd,6.0,3.2
26730,Small Sport Utility Vehicle 4WD,Regular,All-Wheel Drive,16.4805,Lexus,Automatic (S6),6.0,3.5
26731,Small Sport Utility Vehicle 4WD,Regular,All-Wheel Drive,15.6957142857143,Lexus,Automatic (S8),6.0,3.5
26732,Small Sport Utility Vehicle 4WD,Premium,All-Wheel Drive,11.7717857142857,Lexus,Auto(AV-S6),6.0,3.5
26733,Standard Sport Utility Vehicle 4WD,Premium or E85,4-Wheel Drive,20.600625,Land Rover,Automatic (S8),8.0,5.0
26734,Standard Sport Utility Vehicle 4WD,Premium or E85,4-Wheel Drive,17.3478947368421,Land Rover,Automatic (S8),6.0,3.0
26735,Midsize Cars,Regular,Front-Wheel Drive,16.4805,Pontiac,Automatic 3-spd,6.0,2.8
26736,Standard Sport Utility Vehicle 4WD,Premium or E85,4-Wheel Drive,20.600625,Land Rover,Automatic (S8),8.0,5.0
26737,Standard Sport Utility Vehicle 4WD,Premium,4-Wheel Drive,23.5435714285714,Lexus,Automatic (S6),8.0,5.7
26738,Minicompact Cars,Electricity,Front-Wheel Drive,0.174,Fiat,Automatic (A1),,
26739,Two Seaters,Electricity,Rear-Wheel Drive,0.192,smart,Automatic (A1),,
26740,Two Seaters,Electricity,Rear-Wheel Drive,0.192,smart,Automatic (A1),,
26741,Midsize Cars,Regular,Front-Wheel Drive,7.01297872340426,Honda,Automatic (variable gear ratios),4.0,2.0
26742,Midsize Cars,Diesel,Rear-Wheel Drive,11.94328125,Mercedes-Benz,Automatic 7-spd,4.0,2.1
26743,Midsize Cars,Diesel,4-Wheel Drive,12.3285483870968,Mercedes-Benz,Automatic 7-spd,4.0,2.1
26744,Midsize Cars,Regular,Front-Wheel Drive,10.987,Toyota,Automatic 4-spd,4.0,1.8
26745,Midsize Cars,Regular,Front-Wheel Drive,10.3003125,Toyota,Automatic (variable gear ratios),4.0,1.8
26746,Compact Cars,Regular,Front-Wheel Drive,13.73375,Oldsmobile,Automatic 3-spd,4.0,2.5
26747,Midsize Cars,Regular,Front-Wheel Drive,16.4805,Pontiac,Automatic 4-spd,6.0,2.8
26748,Midsize Cars,Regular,Front-Wheel Drive,10.3003125,Toyota,Auto(AV-S7),4.0,1.8
26749,Midsize Cars,Regular,Front-Wheel Drive,10.6325806451613,Toyota,Manual 6-spd,4.0,1.8
26750,Midsize Cars,Regular,Front-Wheel Drive,9.69441176470588,Toyota,Automatic (variable gear ratios),4.0,1.8
26751,Midsize Cars,Regular,Front-Wheel Drive,9.98818181818182,Toyota,Automatic (variable gear ratios),4.0,1.8
26752,Small Pickup Trucks 2WD,Regular,Rear-Wheel Drive,15.6957142857143,Toyota,Automatic 4-spd,4.0,2.7
26753,Small Pickup Trucks 2WD,Regular,Rear-Wheel Drive,14.9822727272727,Toyota,Manual 5-spd,4.0,2.7
26754,Small Pickup Trucks 2WD,Regular,Rear-Wheel Drive,17.3478947368421,Toyota,Automatic 5-spd,6.0,4.0
26755,Small Pickup Trucks 2WD,Regular,Rear-Wheel Drive,18.3116666666667,Toyota,Manual 6-spd,6.0,4.0
26756,Small Pickup Trucks 4WD,Regular,Part-time 4-Wheel Drive,17.3478947368421,Toyota,Automatic 4-spd,4.0,2.7
26757,Small Pickup Trucks 4WD,Regular,Part-time 4-Wheel Drive,17.3478947368421,Toyota,Manual 5-spd,4.0,2.7
26758,Midsize Cars,Regular,Front-Wheel Drive,16.4805,Pontiac,Manual 5-spd,6.0,2.8
26759,Small Pickup Trucks 4WD,Regular,Part-time 4-Wheel Drive,18.3116666666667,Toyota,Automatic 5-spd,6.0,4.0
26760,Small Pickup Trucks 4WD,Regular,Part-time 4-Wheel Drive,19.3888235294118,Toyota,Manual 6-spd,6.0,4.0
26761,Standard Pickup Trucks 2WD,Regular,Rear-Wheel Drive,21.974,Nissan,Automatic 5-spd,8.0,5.6
26762,Standard Pickup Trucks 2WD,Gasoline or E85,Rear-Wheel Drive,21.974,Nissan,Automatic 5-spd,8.0,5.6
26763,Standard Pickup Trucks 4WD,Regular,4-Wheel Drive,23.5435714285714,Nissan,Automatic 5-spd,8.0,5.6
26764,Standard Pickup Trucks 4WD,Gasoline or E85,4-Wheel Drive,23.5435714285714,Nissan,Automatic 5-spd,8.0,5.6
26765,Small Sport Utility Vehicle 4WD,Regular,4-Wheel Drive,14.3308695652174,Jeep,Automatic 9-spd,4.0,2.4
26766,Small Sport Utility Vehicle 4WD,Regular,4-Wheel Drive,15.6957142857143,Jeep,Automatic 9-spd,6.0,3.2
26767,Standard Sport Utility Vehicle 2WD,Gasoline or E85,Rear-Wheel Drive,16.4805,Dodge,Automatic 8-spd,6.0,3.6
26768,Standard Sport Utility Vehicle 2WD,Midgrade,Rear-Wheel Drive,19.3888235294118,Dodge,Automatic 8-spd,8.0,5.7
26769,Midsize Cars,Regular,Rear-Wheel Drive,36.6233333333333,Rolls-Royce,Automatic 3-spd,8.0,6.8
26770,Standard Sport Utility Vehicle 2WD,Regular,Rear-Wheel Drive,21.974,Nissan,Automatic 5-spd,8.0,5.6
26771,Standard Sport Utility Vehicle 2WD,Gasoline or E85,Rear-Wheel Drive,21.974,Nissan,Automatic 5-spd,8.0,5.6
26772,Standard Sport Utility Vehicle 4WD,Midgrade,4-Wheel Drive,20.600625,Dodge,Automatic 8-spd,8.0,5.7
26773,Standard Sport Utility Vehicle 4WD,Regular,4-Wheel Drive,23.5435714285714,Nissan,Automatic 5-spd,8.0,5.6
26774,Standard Sport Utility Vehicle 4WD,Gasoline or E85,4-Wheel Drive,23.5435714285714,Nissan,Automatic 5-spd,8.0,5.6
26775,Small Sport Utility Vehicle 2WD,Electricity,Front-Wheel Drive,0.264,Toyota,Automatic (variable gear ratios),,
26776,Two Seaters,Regular,Front-Wheel Drive,9.15583333333333,Honda,Auto(AV-S7),4.0,1.5
26777,Two Seaters,Regular,Front-Wheel Drive,9.98818181818182,Honda,Manual 6-spd,4.0,1.5
26778,Subcompact Cars,Premium,Rear-Wheel Drive,14.9822727272727,Lexus,Automatic (S6),6.0,3.5
26779,Subcompact Cars,Premium,Rear-Wheel Drive,13.73375,Lexus,Automatic (S6),6.0,2.5
26780,Midsize Cars,Regular,Rear-Wheel Drive,36.6233333333333,Rolls-Royce,Automatic 3-spd,8.0,6.8
26781,Subcompact Cars,Premium,Front-Wheel Drive,12.6773076923077,Volkswagen,Manual 6-spd,4.0,2.0
26782,Compact Cars,Premium,Rear-Wheel Drive,11.7717857142857,BMW,Automatic (S8),6.0,3.0
26783,Compact Cars,Premium,Front-Wheel Drive,12.6773076923077,Volkswagen,Manual 6-spd,4.0,2.0
26784,Midsize Cars,Premium,Rear-Wheel Drive,12.6773076923077,BMW,Automatic (S8),6.0,3.0
26785,Midsize Cars,Regular,Rear-Wheel Drive,14.9822727272727,Cadillac,Automatic (S8),6.0,3.6
26786,Midsize Cars,Regular,Front-Wheel Drive,13.73375,Kia,Automatic 6-spd,4.0,2.0
26787,Midsize Cars,Regular,Front-Wheel Drive,12.6773076923077,Kia,Automatic 6-spd,4.0,2.4
26788,Midsize Cars,Premium,Rear-Wheel Drive,17.3478947368421,Maserati,Automatic 8-spd,6.0,3.0
26789,Large Cars,Premium,Rear-Wheel Drive,13.1844,BMW,Automatic (S8),6.0,3.0
26790,Large Cars,Premium,Rear-Wheel Drive,16.4805,Mercedes-Benz,Automatic 7-spd,8.0,4.7
26791,Midsize Cars,Regular,Rear-Wheel Drive,41.20125,Rolls-Royce,Automatic 3-spd,8.0,6.8
26792,Large Cars,Premium,Rear-Wheel Drive,15.6957142857143,Porsche,Auto(AM-S7),6.0,3.0
26793,Large Cars,Premium,All-Wheel Drive,15.6957142857143,Porsche,Auto(AM-S7),6.0,3.0
26794,"Vans, Cargo Type",Regular,Rear-Wheel Drive,27.4675,Ford,Automatic 5-spd,10.0,6.8
26795,Small Sport Utility Vehicle 2WD,Regular,Front-Wheel Drive,15.6957142857143,Hyundai,Automatic 6-spd,6.0,3.3
26796,Small Sport Utility Vehicle 2WD,Regular,Front-Wheel Drive,14.3308695652174,Hyundai,Automatic 6-spd,4.0,2.4
26797,Small Sport Utility Vehicle 2WD,Regular,Front-Wheel Drive,14.9822727272727,Hyundai,Automatic 6-spd,4.0,2.0
26798,Small Sport Utility Vehicle 2WD,Regular,Front-Wheel Drive,14.3308695652174,Kia,Automatic 6-spd,4.0,2.0
26799,Small Sport Utility Vehicle 4WD,Regular,4-Wheel Drive,15.6957142857143,Hyundai,Automatic 6-spd,4.0,2.4
26800,Small Sport Utility Vehicle 4WD,Regular,4-Wheel Drive,15.6957142857143,Hyundai,Automatic 6-spd,4.0,2.0
26801,Small Sport Utility Vehicle 4WD,Regular,4-Wheel Drive,16.4805,Hyundai,Automatic 6-spd,6.0,3.3
26802,Midsize Cars,Regular,Rear-Wheel Drive,36.6233333333333,Rolls-Royce,Automatic 3-spd,8.0,6.8
26803,Small Sport Utility Vehicle 4WD,Regular,4-Wheel Drive,16.4805,Jeep,Automatic 9-spd,6.0,3.2
26804,Small Sport Utility Vehicle 4WD,Regular,4-Wheel Drive,15.6957142857143,Kia,Automatic 6-spd,4.0,2.0
26805,Standard Sport Utility Vehicle 2WD,Regular,Rear-Wheel Drive,17.3478947368421,Toyota,Automatic (S5),6.0,4.0
26806,Standard Sport Utility Vehicle 4WD,Regular,Part-time 4-Wheel Drive,18.3116666666667,Toyota,Automatic (S5),6.0,4.0
26807,Standard Sport Utility Vehicle 4WD,Regular,All-Wheel Drive,18.3116666666667,Toyota,Automatic (S5),6.0,4.0
26808,Compact Cars,Premium,Front-Wheel Drive,10.987,Mercedes-Benz,Auto(AM7),4.0,2.0
26809,Large Cars,Regular,Front-Wheel Drive,12.2077777777778,Hyundai,Automatic 6-spd,4.0,2.4
26810,Small Sport Utility Vehicle 2WD,Regular,Front-Wheel Drive,16.4805,Nissan,Automatic (variable gear ratios),6.0,3.5
26811,Small Sport Utility Vehicle 4WD,Regular,All-Wheel Drive,16.4805,Nissan,Automatic (variable gear ratios),6.0,3.5
26812,Standard Sport Utility Vehicle 4WD,Premium,4-Wheel Drive,19.3888235294118,Lexus,Automatic (S6),8.0,4.6
26813,Midsize Cars,Regular,Rear-Wheel Drive,36.6233333333333,Rolls-Royce,Automatic 3-spd,8.0,6.8
26814,Two Seaters,Premium,Rear-Wheel Drive,9.15583333333333,smart,Auto(AM5),3.0,1.0
26815,Two Seaters,Premium,Rear-Wheel Drive,9.15583333333333,smart,Auto(AM5),3.0,1.0
26816,Minicompact Cars,Premium,4-Wheel Drive,16.4805,Porsche,Auto(AM-S7),6.0,3.8
26817,Minicompact Cars,Premium,4-Wheel Drive,16.4805,Porsche,Auto(AM-S7),6.0,3.8
26818,Minicompact Cars,Premium,4-Wheel Drive,16.4805,Porsche,Auto(AM-S7),6.0,3.8
26819,Minicompact Cars,Premium,4-Wheel Drive,16.4805,Porsche,Auto(AM-S7),6.0,3.8
26820,Minicompact Cars,Premium,4-Wheel Drive,15.6957142857143,Porsche,Manual 7-spd,6.0,3.4
26821,Minicompact Cars,Premium,4-Wheel Drive,14.9822727272727,Porsche,Auto(AM-S7),6.0,3.4
26822,Subcompact Cars,Regular,Front-Wheel Drive,9.41742857142857,Ford,Manual 5-spd,3.0,1.0
26823,Subcompact Cars,Premium,Rear-Wheel Drive,18.3116666666667,Lexus,Automatic (S8),8.0,5.0
26824,Midsize Cars,Regular,Rear-Wheel Drive,41.20125,Rolls-Royce,Automatic 3-spd,8.0,6.8
26825,Midsize Cars,Regular,Front-Wheel Drive,12.2077777777778,Dodge,Automatic 6-spd,4.0,2.4
26826,Midsize Cars,Premium,Front-Wheel Drive,10.3003125,Dodge,Auto(AM6),4.0,1.4
26827,Midsize Cars,Premium,Front-Wheel Drive,10.3003125,Dodge,Manual 6-spd,4.0,1.4
26828,Midsize Cars,Gasoline or E85,Front-Wheel Drive,12.2077777777778,Dodge,Automatic 6-spd,4.0,2.0
26829,Midsize Cars,Regular,Front-Wheel Drive,11.3658620689655,Dodge,Manual 6-spd,4.0,2.0
26830,Midsize Cars,Regular,Front-Wheel Drive,13.1844,Dodge,Automatic 6-spd,4.0,2.4
26831,Midsize Cars,Regular,Front-Wheel Drive,12.6773076923077,Dodge,Manual 6-spd,4.0,2.4
26832,Midsize Cars,Premium,Rear-Wheel Drive,17.3478947368421,Lexus,Automatic (S8),8.0,4.6
26833,Midsize Cars,Premium,All-Wheel Drive,18.3116666666667,Lexus,Automatic (S8),8.0,4.6
26834,Midsize Cars,Premium,Rear-Wheel Drive,17.3478947368421,Lexus,Automatic (S8),8.0,4.6
26835,Midsize Cars,Regular,Rear-Wheel Drive,18.3116666666667,Volvo,Automatic 4-spd,4.0,2.3
26836,Midsize Cars,Premium,All-Wheel Drive,18.3116666666667,Lexus,Automatic (S8),8.0,4.6
26837,Midsize Cars,Regular,Front-Wheel Drive,8.24025,Lexus,Auto(AV-S6),4.0,2.5
26838,Midsize Cars,Regular,Front-Wheel Drive,13.73375,Lexus,Automatic (S6),6.0,3.5
26839,Midsize Cars,Premium,All-Wheel Drive,15.6957142857143,Lexus,Automatic (S6),6.0,3.5
26840,Midsize Cars,Premium,Rear-Wheel Drive,10.6325806451613,Lexus,Auto(AV-S8),6.0,3.5
26841,Midsize Cars,Premium,All-Wheel Drive,16.4805,Lexus,Auto(AV-S8),8.0,5.0
26842,Midsize Cars,Regular,Front-Wheel Drive,8.24025,Toyota,Auto(AV-S6),4.0,2.5
26843,Midsize Cars,Regular,Front-Wheel Drive,13.1844,Toyota,Automatic (S6),6.0,3.5
26844,Midsize Cars,Regular,Front-Wheel Drive,13.73375,Toyota,Automatic (S6),6.0,3.5
26845,Midsize Cars,Regular,Front-Wheel Drive,6.866875,Toyota,Automatic (variable gear ratios),4.0,1.8
26846,Midsize Cars,Regular,Rear-Wheel Drive,15.6957142857143,Volvo,Automatic 4-spd,4.0,2.3
26847,Large Cars,Regular,Front-Wheel Drive,13.73375,Hyundai,Automatic 6-spd,4.0,2.0
26848,Small Station Wagons,Regular,Front-Wheel Drive,12.6773076923077,Kia,Automatic 6-spd,4.0,1.6
26849,Small Station Wagons,Regular,Front-Wheel Drive,12.6773076923077,Kia,Manual 6-spd,4.0,1.6
26850,Small Station Wagons,Regular,Front-Wheel Drive,12.6773076923077,Kia,Automatic 6-spd,4.0,2.0
26851,Small Station Wagons,Regular,Front-Wheel Drive,12.6773076923077,Kia,Automatic 6-spd,4.0,2.0
26852,Small Station Wagons,Premium,Front-Wheel Drive,11.3658620689655,Nissan,Auto(AV-S6),4.0,1.6
26853,Small Station Wagons,Premium,Front-Wheel Drive,12.2077777777778,Nissan,Manual 6-spd,4.0,1.6
26854,Small Station Wagons,Premium,All-Wheel Drive,12.2077777777778,Nissan,Auto(AV-S6),4.0,1.6
26855,Standard Pickup Trucks 2WD,Regular,Rear-Wheel Drive,19.3888235294118,GMC,Automatic 6-spd,8.0,6.2
26856,Standard Pickup Trucks 2WD,Regular,Rear-Wheel Drive,15.6957142857143,Ram,Automatic 8-spd,6.0,3.6
26857,Compact Cars,Regular,Front-Wheel Drive,13.1844,Oldsmobile,Manual 5-spd,4.0,2.5
26858,Midsize Cars,Regular,Rear-Wheel Drive,14.9822727272727,Volvo,Manual 4-spd,4.0,2.3
26859,Standard Pickup Trucks 4WD,Regular,4-Wheel Drive,19.3888235294118,Chevrolet,Automatic 6-spd,8.0,6.2
26860,Standard Pickup Trucks 4WD,Regular,4-Wheel Drive,19.3888235294118,GMC,Automatic 6-spd,8.0,6.2
26861,"Vans, Passenger Type",Gasoline or E85,Rear-Wheel Drive,23.5435714285714,Ford,Automatic 4-spd,8.0,4.6
26862,Special Purpose Vehicle 2WD,Regular,Front-Wheel Drive,14.3308695652174,Ford,Automatic (S6),4.0,2.5
26863,Special Purpose Vehicle 2WD,Regular,Front-Wheel Drive,13.73375,Ford,Automatic (S6),4.0,2.5
26864,Special Purpose Vehicle 2WD,Regular,Front-Wheel Drive,14.3308695652174,Ford,Automatic (S6),4.0,2.5
26865,Small Sport Utility Vehicle 2WD,Regular,Front-Wheel Drive,13.1844,Honda,Automatic 5-spd,4.0,2.4
26866,Small Sport Utility Vehicle 2WD,Regular,Front-Wheel Drive,14.3308695652174,Honda,Automatic (S6),6.0,3.5
26867,Small Sport Utility Vehicle 2WD,Regular,Front-Wheel Drive,13.73375,Jeep,Automatic (variable gear ratios),4.0,2.0
26868,Small Sport Utility Vehicle 2WD,Regular,Front-Wheel Drive,13.73375,Jeep,Automatic (variable gear ratios),4.0,2.0
26869,Midsize Cars,Regular,Rear-Wheel Drive,16.4805,Volvo,Manual 4-spd,4.0,2.3
26870,Small Sport Utility Vehicle 2WD,Regular,Front-Wheel Drive,14.3308695652174,Kia,Automatic 6-spd,4.0,2.4
26871,Small Sport Utility Vehicle 4WD,Regular,All-Wheel Drive,14.9822727272727,Honda,Automatic (S6),6.0,3.5
26872,Small Sport Utility Vehicle 4WD,Regular,4-Wheel Drive,14.9822727272727,Jeep,Automatic 9-spd,4.0,2.4
26873,Small Sport Utility Vehicle 4WD,Regular,4-Wheel Drive,14.9822727272727,Kia,Automatic 6-spd,4.0,2.4
26874,Standard Sport Utility Vehicle 4WD,Premium,4-Wheel Drive,25.3546153846154,Mercedes-Benz,Automatic 7-spd,8.0,5.5
26875,Standard Sport Utility Vehicle 4WD,Premium,4-Wheel Drive,25.3546153846154,Mercedes-Benz,Automatic 7-spd,8.0,5.5
26876,Midsize Cars,Regular Gas and Electricity,Front-Wheel Drive,4.737143959183671,Toyota,Automatic (variable gear ratios),4.0,1.8
26877,Midsize Cars,Premium,Rear-Wheel Drive,14.3308695652174,Lexus,Automatic (S8),6.0,3.5
26878,Small Pickup Trucks 2WD,Regular,Rear-Wheel Drive,17.3478947368421,Nissan,Automatic 5-spd,4.0,2.5
26879,Small Pickup Trucks 2WD,Regular,Rear-Wheel Drive,15.6957142857143,Nissan,Manual 5-spd,4.0,2.5
26880,Midsize Cars,Regular,Rear-Wheel Drive,19.3888235294118,Volvo,Automatic 4-spd,6.0,2.8
26881,Small Pickup Trucks 2WD,Regular,Rear-Wheel Drive,18.3116666666667,Nissan,Automatic 5-spd,6.0,4.0
26882,Small Pickup Trucks 2WD,Regular,Rear-Wheel Drive,17.3478947368421,Nissan,Manual 6-spd,6.0,4.0
26883,Small Pickup Trucks 4WD,Regular,4-Wheel Drive,19.3888235294118,Nissan,Automatic 5-spd,6.0,4.0
26884,Small Pickup Trucks 4WD,Regular,4-Wheel Drive,18.3116666666667,Nissan,Manual 6-spd,6.0,4.0
26885,Standard Pickup Trucks 2WD,Regular,Rear-Wheel Drive,18.3116666666667,Ford,Automatic 6-spd,6.0,3.5
26886,Standard Pickup Trucks 2WD,Regular,Rear-Wheel Drive,18.3116666666667,Ford,Automatic (S6),6.0,3.5
26887,Standard Pickup Trucks 2WD,Regular,Rear-Wheel Drive,21.974,Ford,Automatic (S6),8.0,6.2
26888,Standard Pickup Trucks 2WD,Gasoline or E85,Rear-Wheel Drive,17.3478947368421,Ford,Automatic 6-spd,6.0,3.7
26889,Standard Pickup Trucks 2WD,Gasoline or E85,Rear-Wheel Drive,17.3478947368421,Ford,Automatic (S6),6.0,3.7
26890,Standard Pickup Trucks 2WD,Gasoline or E85,Rear-Wheel Drive,19.3888235294118,Ford,Automatic 6-spd,8.0,5.0
26891,Midsize Cars,Regular,Rear-Wheel Drive,19.3888235294118,Volvo,Automatic 4-spd,6.0,2.8
26892,Standard Pickup Trucks 2WD,Gasoline or E85,Rear-Wheel Drive,19.3888235294118,Ford,Automatic (S6),8.0,5.0
26893,Standard Pickup Trucks 4WD,Regular,Part-time 4-Wheel Drive,19.3888235294118,Ford,Automatic 6-spd,6.0,3.5
26894,Standard Pickup Trucks 4WD,Regular,Part-time 4-Wheel Drive,19.3888235294118,Ford,Automatic (S6),6.0,3.5
26895,Standard Pickup Trucks 4WD,Regular,Part-time 4-Wheel Drive,25.3546153846154,Ford,Automatic (S6),8.0,6.2
26896,Standard Pickup Trucks 4WD,Gasoline or E85,Part-time 4-Wheel Drive,18.3116666666667,Ford,Automatic 6-spd,6.0,3.7
26897,Standard Pickup Trucks 4WD,Gasoline or E85,Part-time 4-Wheel Drive,18.3116666666667,Ford,Automatic (S6),6.0,3.7
26898,Standard Pickup Trucks 4WD,Gasoline or E85,Part-time 4-Wheel Drive,20.600625,Ford,Automatic 6-spd,8.0,5.0
26899,Standard Pickup Trucks 4WD,Gasoline or E85,Part-time 4-Wheel Drive,20.600625,Ford,Automatic (S6),8.0,5.0
26900,Standard Pickup Trucks 4WD,Regular,Part-time 4-Wheel Drive,25.3546153846154,Ford,Automatic (S6),8.0,6.2
26901,Small Sport Utility Vehicle 2WD,Regular,Rear-Wheel Drive,18.3116666666667,Nissan,Automatic 5-spd,6.0,4.0
26902,Midsize Cars,Regular,Front-Wheel Drive,19.3888235294118,Dodge,Automatic 3-spd,4.0,2.2
26903,Small Sport Utility Vehicle 4WD,Regular,4-Wheel Drive,19.3888235294118,Nissan,Automatic 5-spd,6.0,4.0
26904,Small Sport Utility Vehicle 4WD,Regular,4-Wheel Drive,19.3888235294118,Nissan,Manual 6-spd,6.0,4.0
26905,Standard Sport Utility Vehicle 2WD,Regular,Front-Wheel Drive,12.6773076923077,Infiniti,Auto(AV-S7),4.0,2.5
26906,Standard Sport Utility Vehicle 2WD,Regular,Front-Wheel Drive,12.6773076923077,Nissan,Automatic (variable gear ratios),4.0,2.5
26907,Standard Sport Utility Vehicle 4WD,Regular,All-Wheel Drive,12.6773076923077,Infiniti,Auto(AV-S7),4.0,2.5
26908,Standard Sport Utility Vehicle 4WD,Regular,4-Wheel Drive,12.6773076923077,Nissan,Automatic (variable gear ratios),4.0,2.5
26909,Compact Cars,Regular,Front-Wheel Drive,7.84785714285714,Lexus,Automatic (variable gear ratios),4.0,1.8
26910,Small Sport Utility Vehicle 4WD,Regular,All-Wheel Drive,10.987,Subaru,Automatic (variable gear ratios),4.0,2.0
26911,Two Seaters,Premium,Rear-Wheel Drive,19.3888235294118,Porsche,Auto(AM-S7),6.0,3.8
26912,Minicompact Cars,Premium,Front-Wheel Drive,11.3658620689655,Fiat,Automatic 6-spd,4.0,1.4
26913,Midsize Cars,Regular,Front-Wheel Drive,19.3888235294118,Dodge,Automatic 3-spd,4.0,2.2
26914,Minicompact Cars,Premium,Front-Wheel Drive,9.98818181818182,Fiat,Manual 5-spd,4.0,1.4
26915,Minicompact Cars,Premium,4-Wheel Drive,15.6957142857143,Porsche,Manual 7-spd,6.0,3.8
26916,Minicompact Cars,Premium,4-Wheel Drive,15.6957142857143,Porsche,Auto(AM-S7),6.0,3.8
26917,Compact Cars,Regular,Front-Wheel Drive,12.6773076923077,Hyundai,Automatic 6-spd,4.0,1.6
26918,Compact Cars,Regular,Front-Wheel Drive,12.2077777777778,Hyundai,Manual 6-spd,4.0,1.6
26919,Compact Cars,Regular,Front-Wheel Drive,10.6325806451613,Kia,Automatic 6-spd,4.0,1.6
26920,Compact Cars,Regular,Front-Wheel Drive,10.987,Kia,Automatic 6-spd,4.0,1.6
26921,Compact Cars,Regular,Front-Wheel Drive,10.987,Kia,Manual 6-spd,4.0,1.6
26922,Midsize Cars,Premium,Rear-Wheel Drive,18.3116666666667,Cadillac,Automatic (S8),6.0,3.6
26923,Midsize Cars,Regular,Front-Wheel Drive,12.2077777777778,Dodge,Manual 6-spd,4.0,2.4
26924,Midsize Cars,Regular,Front-Wheel Drive,16.4805,Dodge,Manual 5-spd,4.0,2.2
26925,Midsize Cars,Regular,Front-Wheel Drive,12.2077777777778,Hyundai,Automatic 6-spd,4.0,2.0
26926,Midsize Cars,Regular,Front-Wheel Drive,12.2077777777778,Hyundai,Manual 6-spd,4.0,2.0
26927,Large Cars,Regular,Front-Wheel Drive,14.3308695652174,Hyundai,Automatic 6-spd,6.0,3.3
26928,Large Cars,Regular,Rear-Wheel Drive,15.6957142857143,Hyundai,Automatic 8-spd,6.0,3.8
26929,Large Cars,Premium,Rear-Wheel Drive,18.3116666666667,Hyundai,Automatic 8-spd,8.0,5.0
26930,Large Cars,Premium,4-Wheel Drive,18.3116666666667,Mercedes-Benz,Automatic 7-spd,8.0,5.5
26931,Large Cars,Premium,4-Wheel Drive,17.3478947368421,Mercedes-Benz,Automatic 7-spd,8.0,4.7
26932,Small Sport Utility Vehicle 4WD,Premium,4-Wheel Drive,16.4805,Land Rover,Automatic (S6),4.0,2.0
26933,Standard Sport Utility Vehicle 2WD,Diesel,Rear-Wheel Drive,15.2874,Jeep,Automatic 8-spd,6.0,3.0
26934,Standard Sport Utility Vehicle 4WD,Diesel,4-Wheel Drive,15.924375,Jeep,Automatic 8-spd,6.0,3.0
26935,Large Cars,Regular,Front-Wheel Drive,17.3478947368421,Buick,Automatic 4-spd,6.0,3.8
26936,Standard Sport Utility Vehicle 4WD,Premium,4-Wheel Drive,20.600625,Land Rover,Automatic (S8),6.0,3.0
26937,Compact Cars,Premium,4-Wheel Drive,12.6773076923077,Mercedes-Benz,Auto(AM7),4.0,2.0
26938,Small Station Wagons,Regular,Front-Wheel Drive,11.7717857142857,Nissan,Automatic (variable gear ratios),4.0,1.8
26939,Small Station Wagons,Regular,Front-Wheel Drive,12.2077777777778,Nissan,Manual 6-spd,4.0,1.8
26940,Small Sport Utility Vehicle 2WD,Regular,Front-Wheel Drive,13.73375,Ford,Automatic 6-spd,4.0,2.0
26941,Small Sport Utility Vehicle 2WD,Regular,Front-Wheel Drive,15.6957142857143,Ford,Automatic (S6),6.0,3.7
26942,Small Sport Utility Vehicle 2WD,Regular,Front-Wheel Drive,14.9822727272727,Ford,Automatic (S6),6.0,3.5
26943,Small Sport Utility Vehicle 2WD,Regular,Front-Wheel Drive,15.6957142857143,Lincoln,Automatic (S6),6.0,3.7
26944,Small Sport Utility Vehicle 4WD,Regular,All-Wheel Drive,16.4805,Ford,Automatic (S6),6.0,3.5
26945,Large Cars,Regular,Front-Wheel Drive,17.3478947368421,Buick,Automatic 4-spd,6.0,3.8
26946,Small Sport Utility Vehicle 4WD,Regular,All-Wheel Drive,17.3478947368421,Ford,Automatic (S6),6.0,3.7
26947,Small Sport Utility Vehicle 4WD,Regular,All-Wheel Drive,17.3478947368421,Lincoln,Automatic (S6),6.0,3.7
26948,Large Cars,Regular,Rear-Wheel Drive,21.974,Pontiac,Automatic (S6),8.0,6.2
26949,Large Cars,Regular,Rear-Wheel Drive,21.974,Pontiac,Manual 6-spd,8.0,6.2
26950,Subcompact Cars,Premium,Rear-Wheel Drive,15.6957142857143,Hyundai,Automatic 8-spd,4.0,2.0
26951,Subcompact Cars,Premium,Rear-Wheel Drive,14.9822727272727,Hyundai,Manual 6-spd,4.0,2.0
26952,Subcompact Cars,Premium,Rear-Wheel Drive,17.3478947368421,Hyundai,Automatic 8-spd,6.0,3.8
26953,Subcompact Cars,Premium,Rear-Wheel Drive,17.3478947368421,Hyundai,Manual 6-spd,6.0,3.8
26954,Compact Cars,Regular,Front-Wheel Drive,10.987,Hyundai,Automatic 6-spd,4.0,1.6
26955,Compact Cars,Regular,Front-Wheel Drive,10.6325806451613,Hyundai,Manual 6-spd,4.0,1.6
26956,Large Cars,Regular,Rear-Wheel Drive,18.3116666666667,Cadillac,Automatic 4-spd,8.0,5.0
26957,Compact Cars,Regular,Front-Wheel Drive,10.987,Hyundai,Auto(AM6),4.0,1.6
26958,Compact Cars,Regular,Front-Wheel Drive,11.3658620689655,Hyundai,Manual 6-spd,4.0,1.6
26959,Compact Cars,Regular,Front-Wheel Drive,13.1844,Kia,Automatic 6-spd,4.0,1.6
26960,Compact Cars,Regular,Front-Wheel Drive,13.73375,Kia,Manual 6-spd,4.0,1.6
26961,Compact Cars,Regular,Front-Wheel Drive,11.7717857142857,Kia,Automatic 6-spd,4.0,2.0
26962,Compact Cars,Regular,Front-Wheel Drive,12.2077777777778,Kia,Manual 6-spd,4.0,2.0
26963,Midsize Cars,Premium,All-Wheel Drive,10.987,Acura,Automatic (S7),6.0,3.5
26964,Midsize Cars,Regular,Front-Wheel Drive,8.90837837837838,Hyundai,Auto(AM6),4.0,2.4
26965,Midsize Cars,Regular,Front-Wheel Drive,8.90837837837838,Hyundai,Auto(AM6),4.0,2.4
26966,Midsize Cars,Regular,Front-Wheel Drive,10.6325806451613,Hyundai,Automatic 6-spd,4.0,1.8
26967,Compact Cars,Regular,Front-Wheel Drive,16.4805,Oldsmobile,Automatic 3-spd,6.0,3.0
26968,Large Cars,Regular,Front-Wheel Drive,18.3116666666667,Cadillac,Automatic 4-spd,8.0,4.1
26969,Midsize Cars,Regular,Front-Wheel Drive,10.987,Hyundai,Automatic 6-spd,4.0,1.8
26970,Midsize Cars,Regular,Front-Wheel Drive,10.987,Hyundai,Manual 6-spd,4.0,1.8
26971,Midsize Cars,Regular,Front-Wheel Drive,11.7717857142857,Hyundai,Automatic 6-spd,4.0,2.0
26972,Midsize Cars,Regular,Front-Wheel Drive,12.2077777777778,Hyundai,Manual 6-spd,4.0,2.0
26973,Midsize Cars,Regular,Front-Wheel Drive,12.2077777777778,Hyundai,Automatic 6-spd,4.0,2.0
26974,Midsize Cars,Premium,Rear-Wheel Drive,17.3478947368421,Infiniti,Automatic (S7),8.0,5.6
26975,Midsize Cars,Premium,All-Wheel Drive,18.3116666666667,Infiniti,Automatic (S7),8.0,5.6
26976,Midsize Cars,Premium,Rear-Wheel Drive,10.6325806451613,Infiniti,Automatic (S7),6.0,3.5
26977,Midsize Cars,Premium,Rear-Wheel Drive,15.6957142857143,Infiniti,Automatic (S7),6.0,3.7
26978,Midsize Cars,Premium,All-Wheel Drive,16.4805,Infiniti,Automatic (S7),6.0,3.7
26979,Large Cars,Regular,Front-Wheel Drive,18.3116666666667,Cadillac,Automatic 4-spd,8.0,4.1
26980,Midsize Cars,Regular,Front-Wheel Drive,8.90837837837838,Kia,Auto(AM6),4.0,2.4
26981,Midsize Cars,Regular,Front-Wheel Drive,9.15583333333333,Kia,Auto(AM6),4.0,2.4
26982,Midsize Cars,Regular,Front-Wheel Drive,10.987,Nissan,Manual 6-spd,4.0,1.8
26983,Midsize Cars,Regular,Front-Wheel Drive,9.98818181818182,Nissan,Automatic (variable gear ratios),4.0,1.8
26984,Midsize Cars,Regular,Front-Wheel Drive,9.98818181818182,Nissan,Automatic (variable gear ratios),4.0,1.8
26985,Midsize Cars,Regular,Front-Wheel Drive,10.3003125,Nissan,Automatic (variable gear ratios),4.0,1.8
26986,Large Cars,Regular,Front-Wheel Drive,13.73375,Kia,Automatic 6-spd,4.0,1.6
26987,Large Cars,Regular,Front-Wheel Drive,13.73375,Kia,Manual 6-spd,4.0,1.6
26988,Large Cars,Regular,Front-Wheel Drive,12.2077777777778,Kia,Automatic 6-spd,4.0,2.0
26989,Large Cars,Regular,Rear-Wheel Drive,21.974,CCC Engineering,Automatic 4-spd,8.0,5.7
26990,Large Cars,Regular,Front-Wheel Drive,12.2077777777778,Kia,Manual 6-spd,4.0,2.0
26991,Large Cars,Premium,All-Wheel Drive,18.3116666666667,Porsche,Auto(AM-S7),8.0,4.8
26992,Large Cars,Premium,All-Wheel Drive,18.3116666666667,Porsche,Auto(AM-S7),8.0,4.8
26993,Small Station Wagons,Regular,Front-Wheel Drive,13.73375,Scion,Automatic (S4),4.0,2.4
26994,Small Station Wagons,Regular,Front-Wheel Drive,13.73375,Scion,Manual 5-spd,4.0,2.4
26995,Special Purpose Vehicle 2WD,Regular,Front-Wheel Drive,13.73375,Ford,Automatic (S6),4.0,1.6
26996,Small Sport Utility Vehicle 2WD,Regular,Front-Wheel Drive,11.7717857142857,Nissan,Automatic (variable gear ratios),4.0,2.5
26997,Small Sport Utility Vehicle 2WD,Regular,Front-Wheel Drive,14.9822727272727,Toyota,Automatic (S6),4.0,2.7
26998,Small Sport Utility Vehicle 2WD,Regular,Front-Wheel Drive,15.6957142857143,Toyota,Automatic (S6),6.0,3.5
26999,Large Cars,Regular,Rear-Wheel Drive,18.3116666666667,Chevrolet,Automatic 3-spd,6.0,4.3
27000,Small Sport Utility Vehicle 2WD,Regular,Front-Wheel Drive,12.6773076923077,Toyota,Automatic (S6),4.0,2.5
27001,Small Sport Utility Vehicle 4WD,Premium,4-Wheel Drive,13.73375,Land Rover,Automatic (S9),4.0,2.0
27002,Small Sport Utility Vehicle 4WD,Regular,All-Wheel Drive,12.2077777777778,Nissan,Automatic (variable gear ratios),4.0,2.5
27003,Small Sport Utility Vehicle 4WD,Regular,All-Wheel Drive,13.1844,Toyota,Automatic (S6),4.0,2.5
27004,Small Sport Utility Vehicle 4WD,Regular,All-Wheel Drive,13.73375,Toyota,Automatic (S6),4.0,2.5
27005,Standard Sport Utility Vehicle 4WD,Premium or E85,4-Wheel Drive,20.600625,Land Rover,Automatic (S8),8.0,5.0
27006,Standard Sport Utility Vehicle 4WD,Premium or E85,4-Wheel Drive,17.3478947368421,Land Rover,Automatic (S8),6.0,3.0
27007,Standard Sport Utility Vehicle 4WD,Regular,All-Wheel Drive,16.4805,Toyota,Automatic (S6),6.0,3.5
27008,Subcompact Cars,Regular,Front-Wheel Drive,12.2077777777778,Volkswagen,Automatic (S6),4.0,1.8
27009,Compact Cars,Regular,Front-Wheel Drive,6.5922,Toyota,Automatic (variable gear ratios),4.0,1.5
27010,Large Cars,Regular,Rear-Wheel Drive,17.3478947368421,Chevrolet,Automatic 4-spd,6.0,4.3
27011,Compact Cars,Regular,Front-Wheel Drive,12.2077777777778,Volkswagen,Automatic (S6),4.0,1.8
27012,Compact Cars,Regular,Front-Wheel Drive,12.2077777777778,Volkswagen,Manual 5-spd,4.0,1.8
27013,Small Sport Utility Vehicle 2WD,Regular,Front-Wheel Drive,13.1844,Nissan,Automatic (variable gear ratios),4.0,2.5
27014,Small Sport Utility Vehicle 4WD,Regular,All-Wheel Drive,13.73375,Nissan,Automatic (variable gear ratios),4.0,2.5
27015,Subcompact Cars,Premium,All-Wheel Drive,17.3478947368421,Nissan,Auto(AM6),6.0,3.8
27016,Compact Cars,Regular,All-Wheel Drive,14.3308695652174,Volvo,Automatic (S6),5.0,2.5
27017,Midsize Cars,Regular,Front-Wheel Drive,10.987,Mazda,Automatic (S6),4.0,2.5
27018,Midsize Cars,Regular,Front-Wheel Drive,10.3003125,Mazda,Automatic (S6),4.0,2.5
27019,Midsize Cars,Regular,Front-Wheel Drive,11.3658620689655,Mazda,Manual 6-spd,4.0,2.5
27020,Large Cars,Regular,Rear-Wheel Drive,15.6957142857143,Kia,Automatic 8-spd,6.0,3.8
27021,Large Cars,Regular,Rear-Wheel Drive,19.3888235294118,Chevrolet,Automatic 4-spd,8.0,5.0
27022,Large Cars,Premium,Rear-Wheel Drive,18.3116666666667,Kia,Automatic 8-spd,8.0,5.0
27023,Small Sport Utility Vehicle 2WD,Regular,Front-Wheel Drive,15.6957142857143,Kia,Automatic 6-spd,6.0,3.3
27024,Small Sport Utility Vehicle 2WD,Regular,Front-Wheel Drive,11.7717857142857,Mazda,Automatic (S6),4.0,2.0
27025,Small Sport Utility Vehicle 2WD,Regular,Front-Wheel Drive,11.3658620689655,Mazda,Manual 6-spd,4.0,2.0
27026,Small Sport Utility Vehicle 2WD,Regular,Front-Wheel Drive,12.2077777777778,Mazda,Automatic (S6),4.0,2.5
27027,Small Sport Utility Vehicle 4WD,Regular,All-Wheel Drive,15.6957142857143,Kia,Automatic 6-spd,4.0,2.4
27028,Small Sport Utility Vehicle 4WD,Regular,All-Wheel Drive,16.4805,Kia,Automatic 6-spd,6.0,3.3
27029,Small Sport Utility Vehicle 4WD,Regular,4-Wheel Drive,12.2077777777778,Mazda,Automatic (S6),4.0,2.0
27030,Small Sport Utility Vehicle 4WD,Regular,4-Wheel Drive,12.6773076923077,Mazda,Automatic (S6),4.0,2.5
27031,Small Sport Utility Vehicle 4WD,Regular,All-Wheel Drive,16.4805,Volvo,Automatic (S6),6.0,3.0
27032,Large Cars,Regular,Rear-Wheel Drive,18.3116666666667,Chevrolet,Automatic 4-spd,8.0,5.0
27033,Small Sport Utility Vehicle 4WD,Regular,All-Wheel Drive,16.4805,Volvo,Automatic (S6),6.0,3.0
27034,Midsize Cars,Regular,Front-Wheel Drive,11.3658620689655,Ford,Automatic (S6),4.0,1.5
27035,Midsize Cars,Regular Gas and Electricity,Front-Wheel Drive,4.87870354125,Ford,Automatic (variable gear ratios),4.0,2.0
27036,Two Seaters,Premium,All-Wheel Drive,12.6773076923077,Audi,Auto(AM-S6),4.0,2.0
27037,Subcompact Cars,Premium,All-Wheel Drive,12.6773076923077,Audi,Auto(AM-S6),4.0,2.0
27038,Compact Cars,Premium,All-Wheel Drive,13.73375,Subaru,Manual 6-spd,4.0,2.0
27039,Compact Cars,Premium,All-Wheel Drive,17.3478947368421,Subaru,Manual 6-spd,4.0,2.5
27040,Large Cars,Regular,Rear-Wheel Drive,21.974,Chevrolet,Automatic 4-spd,8.0,5.7
27041,Compact Cars,Regular,All-Wheel Drive,14.9822727272727,Volvo,Automatic (S6),6.0,3.0
27042,Midsize Cars,Regular,All-Wheel Drive,14.9822727272727,Volvo,Automatic (S6),6.0,3.0
27043,Small Station Wagons,Regular,All-Wheel Drive,14.3308695652174,Volvo,Automatic (S6),5.0,2.5
27044,Small Station Wagons,Regular,All-Wheel Drive,14.9822727272727,Volvo,Automatic (S6),6.0,3.0
27045,Standard Pickup Trucks 2WD,Gasoline or E85,Rear-Wheel Drive,17.3478947368421,Chevrolet,Automatic 6-spd,8.0,5.3
27046,Standard Pickup Trucks 2WD,Gasoline or E85,Rear-Wheel Drive,17.3478947368421,GMC,Automatic 6-spd,8.0,5.3
27047,Standard Pickup Trucks 4WD,Gasoline or E85,4-Wheel Drive,18.3116666666667,Chevrolet,Automatic 6-spd,8.0,5.3
27048,Standard Pickup Trucks 4WD,Gasoline or E85,4-Wheel Drive,18.3116666666667,GMC,Automatic 6-spd,8.0,5.3
27049,Small Sport Utility Vehicle 2WD,Regular,Front-Wheel Drive,14.3308695652174,Kia,Automatic 6-spd,4.0,2.4
27050,Standard Sport Utility Vehicle 2WD,Regular,Rear-Wheel Drive,19.3888235294118,Cadillac,Automatic 6-spd,8.0,6.2
27051,Large Cars,Regular,Rear-Wheel Drive,17.3478947368421,Ford,Automatic 4-spd,8.0,5.0
27052,Standard Sport Utility Vehicle 2WD,Regular,Rear-Wheel Drive,19.3888235294118,Cadillac,Automatic 6-spd,8.0,6.2
27053,Standard Sport Utility Vehicle 2WD,Gasoline or E85,Rear-Wheel Drive,18.3116666666667,Chevrolet,Automatic 6-spd,8.0,5.3
27054,Standard Sport Utility Vehicle 2WD,Gasoline or E85,Rear-Wheel Drive,18.3116666666667,Chevrolet,Automatic 6-spd,8.0,5.3
27055,Standard Sport Utility Vehicle 2WD,Regular,Rear-Wheel Drive,19.3888235294118,GMC,Automatic 6-spd,8.0,6.2
27056,Standard Sport Utility Vehicle 2WD,Regular,Rear-Wheel Drive,19.3888235294118,GMC,Automatic 6-spd,8.0,6.2
27057,Standard Sport Utility Vehicle 2WD,Gasoline or E85,Rear-Wheel Drive,18.3116666666667,GMC,Automatic 6-spd,8.0,5.3
27058,Standard Sport Utility Vehicle 2WD,Gasoline or E85,Rear-Wheel Drive,18.3116666666667,GMC,Automatic 6-spd,8.0,5.3
27059,Standard Sport Utility Vehicle 4WD,Regular,4-Wheel Drive,20.600625,Cadillac,Automatic 6-spd,8.0,6.2
27060,Standard Sport Utility Vehicle 4WD,Regular,4-Wheel Drive,20.600625,Cadillac,Automatic 6-spd,8.0,6.2
27061,Standard Sport Utility Vehicle 4WD,Gasoline or E85,4-Wheel Drive,18.3116666666667,Chevrolet,Automatic 6-spd,8.0,5.3
27062,Large Cars,Regular,Rear-Wheel Drive,25.3546153846154,Ford,Automatic 4-spd,8.0,5.8
27063,Standard Sport Utility Vehicle 4WD,Gasoline or E85,4-Wheel Drive,18.3116666666667,Chevrolet,Automatic 6-spd,8.0,5.3
27064,Standard Sport Utility Vehicle 4WD,Regular,4-Wheel Drive,20.600625,GMC,Automatic 6-spd,8.0,6.2
27065,Standard Sport Utility Vehicle 4WD,Regular,4-Wheel Drive,20.600625,GMC,Automatic 6-spd,8.0,6.2
27066,Standard Sport Utility Vehicle 4WD,Gasoline or E85,4-Wheel Drive,18.3116666666667,GMC,Automatic 6-spd,8.0,5.3
27067,Standard Sport Utility Vehicle 4WD,Gasoline or E85,4-Wheel Drive,18.3116666666667,GMC,Automatic 6-spd,8.0,5.3
27068,Subcompact Cars,Premium,Rear-Wheel Drive,12.2077777777778,BMW,Automatic (S8),4.0,2.0
27069,Large Cars,Regular,Front-Wheel Drive,8.45153846153846,Ford,Automatic (variable gear ratios),4.0,2.0
27070,Special Purpose Vehicle 2WD,Regular,Front-Wheel Drive,13.1844,Ford,Automatic (S6),4.0,1.6
27071,Special Purpose Vehicle 2WD,Regular,Front-Wheel Drive,13.73375,Nissan,Automatic (variable gear ratios),4.0,2.0
27072,Midsize Cars,Electricity,Front-Wheel Drive,0.18,Nissan,Automatic (A1),,
27073,Compact Cars,Regular,Front-Wheel Drive,13.73375,Oldsmobile,Automatic 3-spd,4.0,1.8
27074,Large Cars,Regular,Rear-Wheel Drive,17.3478947368421,Mercury,Automatic 4-spd,8.0,5.0
27075,Two Seaters,Premium,Rear-Wheel Drive,18.3116666666667,Jaguar,Automatic (S8),8.0,5.0
27076,Two Seaters,Premium,Rear-Wheel Drive,18.3116666666667,Jaguar,Automatic (S8),8.0,5.0
27077,Two Seaters,Premium,Rear-Wheel Drive,14.3308695652174,Jaguar,Automatic (S8),6.0,3.0
27078,Two Seaters,Premium,Rear-Wheel Drive,14.3308695652174,Jaguar,Automatic (S8),6.0,3.0
27079,Two Seaters,Premium,Rear-Wheel Drive,14.9822727272727,Jaguar,Automatic (S8),6.0,3.0
27080,Two Seaters,Premium,Rear-Wheel Drive,14.9822727272727,Jaguar,Automatic (S8),6.0,3.0
27081,Minicompact Cars,Premium,Rear-Wheel Drive,17.3478947368421,Jaguar,Automatic (S6),8.0,5.0
27082,Minicompact Cars,Premium,Rear-Wheel Drive,18.3116666666667,Jaguar,Automatic (S6),8.0,5.0
27083,Minicompact Cars,Premium,Rear-Wheel Drive,18.3116666666667,Jaguar,Automatic (S6),8.0,5.0
27084,Minicompact Cars,Premium,Rear-Wheel Drive,19.3888235294118,Jaguar,Automatic (S6),8.0,5.0
27085,Large Cars,Regular,Rear-Wheel Drive,17.3478947368421,Lincoln,Automatic 4-spd,8.0,5.0
27086,Subcompact Cars,Premium,All-Wheel Drive,12.2077777777778,Audi,Auto(AM-S6),4.0,2.0
27087,Compact Cars,Premium,All-Wheel Drive,15.6957142857143,Subaru,Auto(AV-S8),4.0,2.0
27088,Midsize Cars,Premium,Rear-Wheel Drive,18.3116666666667,Jaguar,Automatic (S8),8.0,5.0
27089,Large Cars,Premium,Rear-Wheel Drive,18.3116666666667,Jaguar,Automatic (S8),8.0,5.0
27090,Large Cars,Premium,Rear-Wheel Drive,18.3116666666667,Jaguar,Automatic (S8),8.0,5.0
27091,Small Sport Utility Vehicle 4WD,Regular,All-Wheel Drive,13.1844,Subaru,Manual 6-spd,4.0,2.5
27092,Small Sport Utility Vehicle 4WD,Regular,All-Wheel Drive,12.2077777777778,Subaru,Automatic (variable gear ratios),4.0,2.5
27093,Small Sport Utility Vehicle 4WD,Premium,All-Wheel Drive,13.1844,Subaru,Auto(AV-S8),4.0,2.0
27094,Subcompact Cars,Premium,Rear-Wheel Drive,12.6773076923077,BMW,Automatic (S8),4.0,2.0
27095,Compact Cars,Regular,Front-Wheel Drive,7.49113636363637,Honda,Automatic (variable gear ratios),4.0,1.5
27096,Large Cars,Regular,Front-Wheel Drive,17.3478947368421,Oldsmobile,Automatic 4-spd,6.0,3.8
27097,Standard Pickup Trucks 2WD,Diesel,Rear-Wheel Drive,16.6167391304348,Ram,Automatic 8-spd,6.0,3.0
27098,Standard Pickup Trucks 4WD,Diesel,4-Wheel Drive,17.3720454545455,Ram,Automatic 8-spd,6.0,3.0
27099,Standard Sport Utility Vehicle 4WD,Regular,All-Wheel Drive,11.7717857142857,Toyota,Auto(AV-S6),6.0,3.5
27100,Standard Sport Utility Vehicle 4WD,Regular,All-Wheel Drive,11.7717857142857,Toyota,Auto(AV-S6),6.0,3.5
27101,Subcompact Cars,Premium,Rear-Wheel Drive,12.6773076923077,BMW,Manual 6-spd,4.0,2.0
27102,Subcompact Cars,Premium,Rear-Wheel Drive,13.1844,BMW,Automatic (S8),6.0,3.0
27103,Subcompact Cars,Premium,Rear-Wheel Drive,14.9822727272727,BMW,Manual 6-spd,6.0,3.0
27104,Compact Cars,CNG,Front-Wheel Drive,0.06,Honda,Automatic 5-spd,4.0,1.8
27105,Standard Pickup Trucks 2WD,Premium,Rear-Wheel Drive,29.9645454545455,Roush Performance,Automatic (S6),8.0,6.2
27106,Large Cars,Regular,Front-Wheel Drive,17.3478947368421,Oldsmobile,Automatic 4-spd,6.0,3.8
27107,Standard Pickup Trucks 2WD,Premium,Rear-Wheel Drive,25.3546153846154,Roush Performance,Automatic (S6),8.0,5.0
27108,Standard Pickup Trucks 4WD,Premium,Part-time 4-Wheel Drive,29.9645454545455,Roush Performance,Automatic (S6),8.0,6.2
27109,Standard Pickup Trucks 4WD,Premium,Part-time 4-Wheel Drive,29.9645454545455,Roush Performance,Automatic (S6),8.0,6.2
27110,Standard Pickup Trucks 4WD,Premium,4-Wheel Drive,25.3546153846154,Roush Performance,Automatic (S6),8.0,5.0
27111,Two Seaters,Premium,Rear-Wheel Drive,20.600625,Aston Martin,Auto(AM7),8.0,4.7
27112,Two Seaters,Premium,Rear-Wheel Drive,19.3888235294118,Spyker,Automatic 6-spd,8.0,4.2
27113,Two Seaters,Premium,Rear-Wheel Drive,14.3308695652174,Lotus,Manual 6-spd,4.0,1.8
27114,Two Seaters,Premium,Rear-Wheel Drive,14.9822727272727,Lotus,Manual 6-spd,4.0,1.8
27115,Two Seaters,Premium,Rear-Wheel Drive,21.974,Porsche,Manual 6-spd,6.0,4.0
27116,Minicompact Cars,Premium,Rear-Wheel Drive,19.3888235294118,Jaguar,Automatic (S6),8.0,5.0
27117,Large Cars,Regular,Front-Wheel Drive,17.3478947368421,Pontiac,Automatic 4-spd,6.0,3.8
27118,Minicompact Cars,Premium,Rear-Wheel Drive,15.6957142857143,Lotus,Manual 6-spd,6.0,3.5
27119,Minicompact Cars,Premium,Rear-Wheel Drive,16.4805,Lotus,Manual 6-spd,6.0,3.5
27120,Minicompact Cars,Premium,Rear-Wheel Drive,14.3308695652174,Lotus,Automatic (S6),6.0,3.5
27121,Minicompact Cars,Premium,Rear-Wheel Drive,15.6957142857143,Lotus,Manual 6-spd,6.0,3.5
27122,Minicompact Cars,Regular,Front-Wheel Drive,9.15583333333333,Scion,Automatic (variable gear ratios),4.0,1.3
27123,Subcompact Cars,Premium,Rear-Wheel Drive,15.6957142857143,BMW,Manual 6-spd,6.0,3.0
27124,Subcompact Cars,Premium,Rear-Wheel Drive,20.600625,Roush Performance,Manual 6-spd,8.0,5.0
27125,Compact Cars,Premium,Front-Wheel Drive,13.73375,Acura,Manual 6-spd,4.0,2.4
27126,Compact Cars,Premium,Front-Wheel Drive,13.1844,Acura,Automatic (S5),4.0,2.4
27127,Compact Cars,Premium,Front-Wheel Drive,14.9822727272727,Acura,Automatic (S5),6.0,3.5
27128,Large Cars,Regular,Rear-Wheel Drive,36.6233333333333,Rolls-Royce,Automatic 3-spd,8.0,6.8
27129,Compact Cars,Premium,Rear-Wheel Drive,15.6957142857143,Mercedes-Benz,Manual 6-spd,6.0,3.0
27130,Large Cars,Regular,Rear-Wheel Drive,15.6957142857143,Chrysler,Automatic 5-spd,6.0,3.6
27131,Large Cars,Regular,Rear-Wheel Drive,15.6957142857143,Dodge,Automatic 5-spd,6.0,3.6
27132,Large Cars,Premium,Rear-Wheel Drive,19.3888235294118,Jaguar,Automatic (S6),8.0,5.0
27133,Large Cars,Premium,Rear-Wheel Drive,27.4675,Maybach,Automatic 5-spd,12.0,5.5
27134,Large Cars,Premium,Rear-Wheel Drive,27.4675,Maybach,Automatic 5-spd,12.0,5.5
27135,Large Cars,Premium,Rear-Wheel Drive,27.4675,Maybach,Automatic 5-spd,12.0,6.0
27136,Large Cars,Premium,Rear-Wheel Drive,27.4675,Maybach,Automatic 5-spd,12.0,6.0
27137,Small Station Wagons,Premium,Front-Wheel Drive,13.73375,Acura,Automatic (S5),4.0,2.4
27138,Sport Utility Vehicle - 2WD,Gasoline or E85,Rear-Wheel Drive,25.3546153846154,Ford,Automatic 6-spd,8.0,5.4
27139,Large Cars,Regular,Rear-Wheel Drive,36.6233333333333,Rolls-Royce,Automatic 3-spd,8.0,6.8
27140,Sport Utility Vehicle - 2WD,Regular,Rear-Wheel Drive,18.3116666666667,Jeep,Automatic 5-spd,6.0,3.6
27141,Sport Utility Vehicle - 2WD,Regular,Front-Wheel Drive,13.73375,Kia,Automatic 6-spd,4.0,2.0
27142,Sport Utility Vehicle - 2WD,Gasoline or E85,Rear-Wheel Drive,25.3546153846154,Lincoln,Automatic 6-spd,8.0,5.4
27143,Sport Utility Vehicle - 4WD,Regular,4-Wheel Drive,18.3116666666667,Jeep,Automatic 5-spd,6.0,3.6
27144,Sport Utility Vehicle - 4WD,Regular,4-Wheel Drive,14.3308695652174,Kia,Automatic 6-spd,4.0,2.0
27145,Sport Utility Vehicle - 4WD,Regular,All-Wheel Drive,20.600625,Lincoln,Automatic (S6),6.0,3.7
27146,Sport Utility Vehicle - 4WD,Premium,All-Wheel Drive,17.3478947368421,Nissan,Automatic (variable gear ratios),6.0,3.5
27147,Large Cars,Regular,Rear-Wheel Drive,14.9822727272727,Hyundai,Automatic 8-spd,6.0,3.8
27148,Large Cars,Regular,All-Wheel Drive,17.3478947368421,Hyundai,Automatic 8-spd,6.0,3.8
27149,Large Cars,Premium,Rear-Wheel Drive,18.3116666666667,Hyundai,Automatic 8-spd,8.0,5.0
27150,Large Cars,Regular,Rear-Wheel Drive,41.20125,Rolls-Royce,Automatic 3-spd,8.0,6.8
27151,Subcompact Cars,Premium Gas or Electricity,Front-Wheel Drive,3.6142418156682,Cadillac,Automatic (variable gear ratios),4.0,1.4
27152,Subcompact Cars,Premium,Front-Wheel Drive,12.2077777777778,Audi,Auto(AM-S6),4.0,1.8
27153,Compact Cars,Regular,Front-Wheel Drive,9.98818181818182,Honda,Automatic (variable gear ratios),4.0,1.8
27154,Compact Cars,Premium,Front-Wheel Drive,13.1844,Honda,Manual 6-spd,4.0,2.4
27155,Compact Cars,Regular,Front-Wheel Drive,9.69441176470588,Honda,Automatic (variable gear ratios),4.0,1.8
27156,Large Cars,Electricity,Rear-Wheel Drive,0.228,Tesla,Automatic (A1),,
27157,Large Cars,Electricity,Rear-Wheel Drive,0.21,Tesla,Automatic (A1),,
27158,Midsize Cars,Regular,All-Wheel Drive,14.9822727272727,Chrysler,Automatic 9-spd,6.0,3.6
27159,Small Sport Utility Vehicle 2WD,Regular,Front-Wheel Drive,15.6957142857143,Lexus,Automatic (S6),6.0,3.5
27160,Small Sport Utility Vehicle 2WD,Premium,Front-Wheel Drive,11.3658620689655,Lexus,Auto(AV-S6),6.0,3.5
27161,Large Cars,Regular,Front-Wheel Drive,18.3116666666667,Saab,Automatic 4-spd,4.0,2.0
27162,Small Sport Utility Vehicle 4WD,Regular,All-Wheel Drive,15.6957142857143,Lexus,Automatic (S8),6.0,3.5
27163,Small Sport Utility Vehicle 4WD,Regular,All-Wheel Drive,16.4805,Lexus,Automatic (S6),6.0,3.5
27164,Small Sport Utility Vehicle 4WD,Premium,All-Wheel Drive,11.7717857142857,Lexus,Auto(AV-S6),6.0,3.5
27165,Subcompact Cars,Premium,Rear-Wheel Drive,14.3308695652174,BMW,Automatic (S8),6.0,3.0
27166,Compact Cars,Regular,Front-Wheel Drive,10.3003125,Honda,Auto(AV-S7),4.0,1.8
27167,Compact Cars,Regular,Front-Wheel Drive,10.6325806451613,Honda,Manual 5-spd,4.0,1.8
27168,Compact Cars,Premium,4-Wheel Drive,12.2077777777778,Mercedes-Benz,Auto(AM7),4.0,2.0
27169,Midsize Cars,Premium,Front-Wheel Drive,10.987,Dodge,Auto(AM6),4.0,1.4
27170,Standard Sport Utility Vehicle 4WD,Diesel,All-Wheel Drive,14.6994230769231,BMW,Automatic (S8),6.0,3.0
27171,Large Cars,Premium and Electricity,Rear-Wheel Drive,8.09961925637182,Porsche,Auto(AM-S8),6.0,3.0
27172,Large Cars,Regular,Front-Wheel Drive,17.3478947368421,Saab,Automatic 4-spd,4.0,2.0
27173,Subcompact Cars,Premium,Front-Wheel Drive,10.6325806451613,MINI,Automatic (S6),3.0,1.5
27174,Subcompact Cars,Premium,Front-Wheel Drive,9.98818181818182,MINI,Manual 6-spd,3.0,1.5
27175,Subcompact Cars,Premium,Front-Wheel Drive,11.7717857142857,MINI,Manual 6-spd,4.0,2.0
27176,Compact Cars,Premium,Rear-Wheel Drive,21.974,Chevrolet,Manual 6-spd,8.0,7.0
27177,Minivan - 2WD,Regular,Front-Wheel Drive,15.6957142857143,Ram,Automatic 6-spd,6.0,3.6
27178,Two Seaters,Premium,Rear-Wheel Drive,12.6773076923077,BMW,Automatic (S8),4.0,2.0
27179,Two Seaters,Premium,Rear-Wheel Drive,12.6773076923077,BMW,Manual 6-spd,4.0,2.0
27180,Two Seaters,Premium,Rear-Wheel Drive,17.3478947368421,BMW,Auto(AM-S7),6.0,3.0
27181,Two Seaters,Premium,Rear-Wheel Drive,17.3478947368421,BMW,Auto(AM-S7),6.0,3.0
27182,Compact Cars,Regular,Front-Wheel Drive,12.6773076923077,Oldsmobile,Manual 5-spd,4.0,1.8
27183,Large Cars,Regular,Front-Wheel Drive,15.6957142857143,Saab,Manual 5-spd,4.0,2.0
27184,Two Seaters,Premium,Front-Wheel Drive,11.3658620689655,MINI,Automatic (S6),4.0,1.6
27185,Two Seaters,Premium,Front-Wheel Drive,10.987,MINI,Automatic (S6),4.0,1.6
27186,Two Seaters,Premium,Front-Wheel Drive,11.7717857142857,MINI,Automatic (S6),4.0,1.6
27187,Two Seaters,Premium,Front-Wheel Drive,11.7717857142857,MINI,Automatic (S6),4.0,1.6
27188,Two Seaters,Premium,Front-Wheel Drive,11.7717857142857,MINI,Automatic (S6),4.0,1.6
27189,Two Seaters,Premium,Front-Wheel Drive,11.7717857142857,MINI,Automatic (S6),4.0,1.6
27190,Minicompact Cars,Premium,Front-Wheel Drive,11.3658620689655,MINI,Automatic (S6),4.0,1.6
27191,Minicompact Cars,Premium,Front-Wheel Drive,11.7717857142857,MINI,Automatic (S6),4.0,1.6
27192,Minicompact Cars,Premium,Front-Wheel Drive,11.7717857142857,MINI,Automatic (S6),4.0,1.6
27193,Subcompact Cars,Premium,All-Wheel Drive,19.3888235294118,Bentley,Automatic (S8),8.0,4.0
27194,Large Cars,Regular,Front-Wheel Drive,16.4805,Saab,Manual 5-spd,4.0,2.0
27195,Compact Cars,Premium,All-Wheel Drive,17.3478947368421,Bentley,Automatic (S8),8.0,4.0
27196,Compact Cars,Premium,Front-Wheel Drive,12.2077777777778,MINI,Automatic (S6),4.0,1.6
27197,Compact Cars,Premium,Front-Wheel Drive,12.2077777777778,MINI,Automatic (S6),4.0,1.6
27198,Compact Cars,Premium,Front-Wheel Drive,11.7717857142857,MINI,Automatic (S6),4.0,1.6
27199,Compact Cars,Premium,Front-Wheel Drive,11.7717857142857,MINI,Manual 6-spd,4.0,1.6
27200,Compact Cars,Premium,All-Wheel Drive,12.6773076923077,MINI,Automatic (S6),4.0,1.6
27201,Compact Cars,Premium,All-Wheel Drive,12.2077777777778,MINI,Manual 6-spd,4.0,1.6
27202,Compact Cars,Premium,Front-Wheel Drive,11.7717857142857,MINI,Automatic (S6),4.0,1.6
27203,Compact Cars,Premium,Front-Wheel Drive,11.7717857142857,MINI,Manual 6-spd,4.0,1.6
27204,Compact Cars,Premium,All-Wheel Drive,12.6773076923077,MINI,Automatic (S6),4.0,1.6
27205,Large Cars,Regular,Front-Wheel Drive,16.4805,Saab,Manual 5-spd,4.0,2.0
27206,Compact Cars,Premium,All-Wheel Drive,12.2077777777778,MINI,Manual 6-spd,4.0,1.6
27207,Compact Cars,Premium,All-Wheel Drive,12.6773076923077,MINI,Automatic (S6),4.0,1.6
27208,Compact Cars,Premium,All-Wheel Drive,12.2077777777778,MINI,Manual 6-spd,4.0,1.6
27209,Compact Cars,Premium,All-Wheel Drive,12.6773076923077,MINI,Automatic (S6),4.0,1.6
27210,Compact Cars,Premium,All-Wheel Drive,12.2077777777778,MINI,Manual 6-spd,4.0,1.6
27211,Compact Cars,Premium,Front-Wheel Drive,11.7717857142857,Volkswagen,Auto(AM-S6),4.0,2.0
27212,Compact Cars,Premium,Front-Wheel Drive,11.7717857142857,Volkswagen,Manual 6-spd,4.0,2.0
27213,Compact Cars,Regular,Front-Wheel Drive,11.3658620689655,Volvo,Automatic (S8),4.0,2.0
27214,Compact Cars,Premium,Front-Wheel Drive,12.2077777777778,Volvo,Automatic (S8),4.0,2.0
27215,Midsize Cars,Premium,All-Wheel Drive,19.3888235294118,Bentley,Automatic (S8),8.0,4.0
27216,Small Station Wagons,Regular,Front-Wheel Drive,13.73375,Buick,Automatic 3-spd,4.0,2.0
27217,Midsize Cars,Regular,Front-Wheel Drive,12.2077777777778,Chrysler,Automatic 9-spd,4.0,2.4
27218,Midsize Cars,Regular,Front-Wheel Drive,14.3308695652174,Chrysler,Automatic 9-spd,6.0,3.6
27219,Midsize Cars,Regular,Front-Wheel Drive,11.3658620689655,Volvo,Automatic (S8),4.0,2.0
27220,Large Cars,Premium,All-Wheel Drive,12.6773076923077,BMW,Automatic (S8),4.0,2.0
27221,Large Cars,Premium,All-Wheel Drive,15.6957142857143,BMW,Automatic (S6),6.0,3.0
27222,Small Sport Utility Vehicle 2WD,Premium,Rear-Wheel Drive,13.73375,BMW,Automatic (S8),4.0,2.0
27223,Small Station Wagons,Regular,Front-Wheel Drive,9.69441176470588,Honda,Auto(AV-S7),4.0,1.5
27224,Small Station Wagons,Regular,Front-Wheel Drive,10.3003125,Honda,Manual 6-spd,4.0,1.5
27225,Small Station Wagons,Regular,Front-Wheel Drive,11.3658620689655,Volvo,Automatic (S8),4.0,2.0
27226,Small Sport Utility Vehicle 2WD,Premium,Front-Wheel Drive,14.3308695652174,Acura,Automatic (S6),6.0,3.5
27227,Small Station Wagons,Regular,Front-Wheel Drive,13.1844,Buick,Manual 4-spd,4.0,2.0
27228,Small Sport Utility Vehicle 2WD,Regular,Front-Wheel Drive,12.2077777777778,Volvo,Automatic (S8),4.0,2.0
27229,Small Sport Utility Vehicle 2WD,Regular,Front-Wheel Drive,12.2077777777778,Volvo,Automatic (S8),4.0,2.0
27230,Small Sport Utility Vehicle 2WD,Premium,Front-Wheel Drive,13.1844,Volvo,Automatic (S8),4.0,2.0
27231,Small Sport Utility Vehicle 4WD,Premium,All-Wheel Drive,14.9822727272727,Acura,Automatic (S6),6.0,3.5
27232,Small Sport Utility Vehicle 4WD,Premium,All-Wheel Drive,13.73375,BMW,Automatic (S8),4.0,2.0
27233,Small Sport Utility Vehicle 4WD,Premium,All-Wheel Drive,15.6957142857143,BMW,Automatic (S8),6.0,3.0
27234,Small Sport Utility Vehicle 4WD,Regular,All-Wheel Drive,15.6957142857143,Volvo,Automatic (S6),6.0,3.2
27235,Small Sport Utility Vehicle 4WD,Regular,All-Wheel Drive,16.4805,Volvo,Automatic (S6),6.0,3.2
27236,Minicompact Cars,Premium,Front-Wheel Drive,11.3658620689655,MINI,Manual 6-spd,4.0,1.6
27237,Minicompact Cars,Premium,Rear-Wheel Drive,13.73375,Subaru,Manual 6-spd,4.0,2.0
27238,Small Station Wagons,Regular,Front-Wheel Drive,13.73375,Buick,Automatic 3-spd,4.0,2.0
27239,Minicompact Cars,Premium,Rear-Wheel Drive,11.7717857142857,Subaru,Automatic (S6),4.0,2.0
27240,Subcompact Cars,Premium,Rear-Wheel Drive,12.6773076923077,BMW,Automatic (S8),4.0,2.0
27241,Subcompact Cars,Premium,Rear-Wheel Drive,13.1844,BMW,Automatic (S8),6.0,3.0
27242,Midsize Cars,Premium,Rear-Wheel Drive,12.6773076923077,BMW,Automatic (S8),4.0,2.0
27243,Large Cars,Premium,Rear-Wheel Drive,12.6773076923077,BMW,Automatic (S8),4.0,2.0
27244,Small Station Wagons,Regular,Front-Wheel Drive,9.15583333333333,Honda,Automatic (variable gear ratios),4.0,1.5
27245,Two Seaters,Premium Gas or Electricity,All-Wheel Drive,10.40295132375,Porsche,Auto(AM-S7),8.0,4.6
27246,Subcompact Cars,Premium,All-Wheel Drive,13.1844,BMW,Automatic (S8),4.0,2.0
27247,Subcompact Cars,Premium,Front-Wheel Drive,11.3658620689655,MINI,Automatic (S6),4.0,2.0
27248,Small Sport Utility Vehicle 2WD,Electricity,Front-Wheel Drive,0.324,BYD,Automatic (A1),,
27249,Small Station Wagons,Regular,Front-Wheel Drive,12.6773076923077,Buick,Manual 5-spd,4.0,2.0
27250,Small Sport Utility Vehicle 2WD,Electricity,Front-Wheel Drive,0.324,BYD,Automatic (A1),,
27251,Two Seaters,Premium,Front-Wheel Drive,11.3658620689655,MINI,Manual 6-spd,4.0,1.6
27252,Two Seaters,Premium,Front-Wheel Drive,10.3003125,MINI,Manual 6-spd,4.0,1.6
27253,Two Seaters,Premium,Front-Wheel Drive,11.3658620689655,MINI,Manual 6-spd,4.0,1.6
27254,Two Seaters,Premium,Front-Wheel Drive,11.3658620689655,MINI,Manual 6-spd,4.0,1.6
27255,Two Seaters,Premium,Front-Wheel Drive,11.3658620689655,MINI,Manual 6-spd,4.0,1.6
27256,Two Seaters,Premium,Front-Wheel Drive,11.3658620689655,MINI,Manual 6-spd,4.0,1.6
27257,Minicompact Cars,Premium,Front-Wheel Drive,11.3658620689655,MINI,Manual 6-spd,4.0,1.6
27258,Minicompact Cars,Premium,Front-Wheel Drive,11.3658620689655,MINI,Manual 6-spd,4.0,1.6
27259,Subcompact Cars,Premium,Rear-Wheel Drive,13.73375,BMW,Automatic (S8),6.0,3.0
27260,Small Station Wagons,Regular,Front-Wheel Drive,13.73375,Chevrolet,Automatic 3-spd,4.0,2.0
27261,Subcompact Cars,Premium,All-Wheel Drive,14.3308695652174,BMW,Automatic (S8),6.0,3.0
27262,Subcompact Cars,Premium,All-Wheel Drive,14.3308695652174,BMW,Automatic (S8),6.0,3.0
27263,Compact Cars,Premium,Rear-Wheel Drive,13.1844,BMW,Automatic (S8),6.0,3.0
27264,Compact Cars,Premium,Rear-Wheel Drive,13.73375,BMW,Automatic (S8),6.0,3.0
27265,Compact Cars,Premium,All-Wheel Drive,14.3308695652174,BMW,Automatic (S8),6.0,3.0
27266,Compact Cars,Premium,Front-Wheel Drive,11.3658620689655,MINI,Manual 6-spd,4.0,1.6
27267,Compact Cars,Premium,Front-Wheel Drive,11.3658620689655,MINI,Manual 6-spd,4.0,1.6
27268,Large Cars,Diesel,All-Wheel Drive,14.6994230769231,BMW,Automatic (S8),6.0,3.0
27269,Two Seaters,Premium,Rear-Wheel Drive,21.974,Mercedes-Benz,Auto(AM7),8.0,6.2
27270,Two Seaters,Premium,Rear-Wheel Drive,21.974,Mercedes-Benz,Auto(AM7),8.0,6.2
27271,Small Station Wagons,Regular,Front-Wheel Drive,13.1844,Chevrolet,Manual 4-spd,4.0,2.0
27272,Subcompact Cars,Premium,All-Wheel Drive,17.3478947368421,BMW,Automatic (S8),8.0,4.4
27273,Subcompact Cars,Premium,All-Wheel Drive,17.3478947368421,BMW,Automatic (S8),8.0,4.4
27274,Compact Cars,Premium,All-Wheel Drive,17.3478947368421,BMW,Automatic (S8),8.0,4.4
27275,Compact Cars,Premium,All-Wheel Drive,17.3478947368421,BMW,Automatic (S8),8.0,4.4
27276,Compact Cars,Regular,Front-Wheel Drive,9.69441176470588,Nissan,Automatic (variable gear ratios),4.0,1.6
27277,Compact Cars,Regular,Front-Wheel Drive,10.987,Nissan,Manual 5-spd,4.0,1.6
27278,Compact Cars,Regular,Front-Wheel Drive,11.3658620689655,Nissan,Automatic 4-spd,4.0,1.6
27279,Small Sport Utility Vehicle 4WD,Diesel,All-Wheel Drive,12.7395,BMW,Automatic (S8),4.0,2.0
27280,Two Seaters,Premium,Rear-Wheel Drive,13.73375,Mazda,Manual 5-spd,4.0,2.0
27281,Two Seaters,Premium,Rear-Wheel Drive,13.73375,Mazda,Manual 6-spd,4.0,2.0
27282,Small Station Wagons,Regular,Front-Wheel Drive,13.1844,Chevrolet,Manual 5-spd,4.0,2.0
27283,Two Seaters,Premium,Rear-Wheel Drive,14.3308695652174,Mazda,Automatic (S6),4.0,2.0
27284,Subcompact Cars,Regular,Front-Wheel Drive,9.98818181818182,Chevrolet,Automatic (variable gear ratios),4.0,1.2
27285,Subcompact Cars,Regular,Front-Wheel Drive,9.69441176470588,Chevrolet,Manual 5-spd,4.0,1.2
27286,Compact Cars,Premium,Rear-Wheel Drive,12.6773076923077,BMW,Automatic (S8),4.0,2.0
27287,Midsize Cars,Premium,Rear-Wheel Drive,25.3546153846154,Bentley,Automatic (S8),8.0,6.8
27288,Large Cars,Premium,Rear-Wheel Drive,18.3116666666667,Hyundai,Automatic 8-spd,8.0,5.0
27289,Large Cars,Regular,Front-Wheel Drive,14.9822727272727,Kia,Automatic 6-spd,6.0,3.3
27290,Large Cars,Premium,Rear-Wheel Drive,16.4805,Mercedes-Benz,Automatic 7-spd,8.0,4.7
27291,Large Cars,Premium,4-Wheel Drive,18.3116666666667,Mercedes-Benz,Automatic 7-spd,8.0,5.5
27292,Large Cars,Premium,4-Wheel Drive,17.3478947368421,Mercedes-Benz,Automatic 7-spd,8.0,4.7
27293,Compact Cars,Regular,Front-Wheel Drive,13.73375,Oldsmobile,Automatic 3-spd,4.0,2.0
27294,Small Station Wagons,Regular,Front-Wheel Drive,16.4805,Chevrolet,Automatic 3-spd,6.0,2.8
27295,Small Sport Utility Vehicle 4WD,Premium,4-Wheel Drive,16.4805,Land Rover,Automatic (S9),4.0,2.0
27296,Subcompact Cars,Electricity,Rear-Wheel Drive,0.18,Mitsubishi,Automatic (A1),,
27297,Subcompact Cars,Premium,Rear-Wheel Drive,16.4805,BMW,Automatic (S8),8.0,4.4
27298,Subcompact Cars,Premium,Rear-Wheel Drive,16.4805,BMW,Automatic (S8),8.0,4.4
27299,Subcompact Cars,Premium,Rear-Wheel Drive,19.3888235294118,BMW,Manual 6-spd,8.0,4.4
27300,Subcompact Cars,Premium,Rear-Wheel Drive,20.600625,BMW,Auto(AM-S7),8.0,4.4
27301,Subcompact Cars,Premium,Rear-Wheel Drive,19.3888235294118,BMW,Manual 6-spd,8.0,4.4
27302,Subcompact Cars,Premium,Rear-Wheel Drive,20.600625,BMW,Auto(AM-S7),8.0,4.4
27303,Compact Cars,Premium,Rear-Wheel Drive,16.4805,BMW,Automatic (S8),8.0,4.4
27304,Compact Cars,Premium,Rear-Wheel Drive,19.3888235294118,BMW,Manual 6-spd,8.0,4.4
27305,Small Station Wagons,Regular,Front-Wheel Drive,16.4805,Chevrolet,Manual 5-spd,6.0,2.8
27306,Compact Cars,Premium,Rear-Wheel Drive,20.600625,BMW,Auto(AM-S7),8.0,4.4
27307,Compact Cars,Regular,All-Wheel Drive,15.6957142857143,Volvo,Automatic (S6),6.0,3.0
27308,Midsize Cars,Regular,Front-Wheel Drive,13.73375,Kia,Automatic (S6),4.0,2.0
27309,Small Station Wagons,Premium,Rear-Wheel Drive,16.4805,Infiniti,Automatic (S7),6.0,3.7
27310,Small Station Wagons,Premium,All-Wheel Drive,16.4805,Infiniti,Automatic (S7),6.0,3.7
27311,Small Station Wagons,Regular,All-Wheel Drive,15.6957142857143,Volvo,Automatic (S6),6.0,3.0
27312,Small Sport Utility Vehicle 2WD,Premium,Rear-Wheel Drive,17.3478947368421,Infiniti,Automatic (S7),6.0,3.7
27313,Small Sport Utility Vehicle 4WD,Premium,All-Wheel Drive,18.3116666666667,Infiniti,Automatic (S7),6.0,3.7
27314,Midsize Cars,Electricity,Front-Wheel Drive,0.18,Nissan,Automatic (A1),,
27315,Two Seaters,Premium,Rear-Wheel Drive,18.3116666666667,McLaren Automotive,Automatic 7-spd,8.0,3.8
27316,Small Station Wagons,Regular,Front-Wheel Drive,18.3116666666667,Nissan,Automatic 4-spd,6.0,3.0
27317,Two Seaters,Premium,Rear-Wheel Drive,18.3116666666667,McLaren Automotive,Automatic 7-spd,8.0,3.8
27318,Two Seaters,Premium,All-Wheel Drive,20.600625,Lamborghini,Auto(AM-S7),10.0,5.2
27319,Subcompact Cars,Premium or E85,All-Wheel Drive,21.974,Bentley,Automatic (S8),12.0,6.0
27320,Compact Cars,Premium or E85,All-Wheel Drive,21.974,Bentley,Automatic (S8),12.0,6.0
27321,Midsize Cars,Premium,All-Wheel Drive,16.4805,Audi,Automatic (S8),8.0,4.0
27322,Midsize Cars,Premium,All-Wheel Drive,14.9822727272727,Audi,Automatic (S8),8.0,4.0
27323,Midsize Cars,Premium,All-Wheel Drive,14.9822727272727,Audi,Automatic (S8),6.0,3.0
27324,Midsize Cars,Premium or E85,All-Wheel Drive,21.974,Bentley,Automatic (S8),12.0,6.0
27325,Large Cars,Premium,All-Wheel Drive,14.9822727272727,Audi,Automatic (S8),8.0,4.0
27326,Large Cars,Premium,All-Wheel Drive,19.3888235294118,Audi,Automatic (S8),12.0,6.3
27327,Small Station Wagons,Regular,Front-Wheel Drive,13.73375,Nissan,Automatic 3-spd,4.0,1.6
27328,Large Cars,Premium,All-Wheel Drive,14.9822727272727,Audi,Automatic (S8),6.0,3.0
27329,Large Cars,Gasoline or E85,Front-Wheel Drive,14.3308695652174,Ford,Automatic (S6),6.0,3.5
27330,Two Seaters,Premium,Rear-Wheel Drive,21.974,Aston Martin,Manual 6-spd,8.0,4.7
27331,Two Seaters,Premium,Rear-Wheel Drive,21.974,Aston Martin,Manual 6-spd,8.0,4.7
27332,Two Seaters,Premium,Rear-Wheel Drive,21.974,Aston Martin,Manual 6-spd,8.0,4.7
27333,Two Seaters,Premium,Rear-Wheel Drive,20.600625,Aston Martin,Auto(AM7),8.0,4.7
27334,Two Seaters,Premium,Rear-Wheel Drive,20.600625,Aston Martin,Auto(AM7),8.0,4.7
27335,Two Seaters,Premium,Rear-Wheel Drive,20.600625,Aston Martin,Auto(AM7),8.0,4.7
27336,Two Seaters,Premium,All-Wheel Drive,32.961,Bugatti,Auto(AM-S7),16.0,8.0
27337,Small Station Wagons,Regular,Front-Wheel Drive,12.2077777777778,Nissan,Manual 5-spd,4.0,1.6
27338,Minicompact Cars,Premium,Rear-Wheel Drive,13.73375,Scion,Manual 6-spd,4.0,2.0
27339,Minicompact Cars,Premium,Rear-Wheel Drive,11.7717857142857,Scion,Automatic (S6),4.0,2.0
27340,Subcompact Cars,Premium,Rear-Wheel Drive,17.3478947368421,Hyundai,Automatic (S8),6.0,3.8
27341,Subcompact Cars,Premium,Rear-Wheel Drive,17.3478947368421,Hyundai,Manual 6-spd,6.0,3.8
27342,Compact Cars,Regular,Front-Wheel Drive,11.7717857142857,Kia,Automatic (S6),4.0,2.0
27343,Compact Cars,Regular,Front-Wheel Drive,12.2077777777778,Kia,Manual 6-spd,4.0,2.0
27344,Compact Cars,Regular,Front-Wheel Drive,13.1844,Kia,Automatic (S6),4.0,1.6
27345,Compact Cars,Regular,Front-Wheel Drive,13.73375,Kia,Manual 6-spd,4.0,1.6
27346,Midsize Cars,Premium or E85,Rear-Wheel Drive,18.3116666666667,Jaguar,Automatic (S8),8.0,5.0
27347,Midsize Cars,Regular,Front-Wheel Drive,12.6773076923077,Kia,Automatic (S6),4.0,2.4
27348,Small Station Wagons,Regular,4-Wheel or All-Wheel Drive,14.3308695652174,Nissan,Manual 5-spd,4.0,1.6
27349,Midsize Cars,Regular,Front-Wheel Drive,11.3658620689655,Kia,Manual 6-spd,4.0,1.8
27350,Midsize Cars,Regular,Front-Wheel Drive,11.3658620689655,Kia,Automatic (S6),4.0,2.0
27351,Midsize Cars,Premium,Front-Wheel Drive,14.3308695652174,Volkswagen,Auto(AM-S6),6.0,3.6
27352,Large Cars,Regular,Front-Wheel Drive,11.7717857142857,Kia,Automatic (S6),4.0,2.0
27353,Large Cars,Regular,Front-Wheel Drive,13.73375,Kia,Automatic (S6),4.0,1.6
27354,Large Cars,Regular,Front-Wheel Drive,13.73375,Kia,Manual 6-spd,4.0,1.6
27355,Large Cars,Premium,Rear-Wheel Drive,20.600625,Mercedes-Benz,Automatic 7-spd,12.0,6.0
27356,Large Cars,Premium,Rear-Wheel Drive,21.974,Mercedes-Benz,Automatic 7-spd,12.0,6.0
27357,Small Sport Utility Vehicle 2WD,Regular,Front-Wheel Drive,14.3308695652174,Lincoln,Automatic (S6),4.0,2.0
27358,Small Sport Utility Vehicle 4WD,Regular,All-Wheel Drive,14.9822727272727,Lincoln,Automatic (S6),4.0,2.0
27359,Small Station Wagons,Regular,Front-Wheel Drive,15.6957142857143,Dodge,Automatic 3-spd,4.0,2.0
27360,Small Sport Utility Vehicle 4WD,Regular,All-Wheel Drive,15.6957142857143,Lincoln,Automatic (S6),4.0,2.3
27361,Small Sport Utility Vehicle 4WD,Premium,All-Wheel Drive,17.3478947368421,Porsche,Auto(AM-S7),6.0,3.0
27362,Small Sport Utility Vehicle 4WD,Premium,All-Wheel Drive,17.3478947368421,Porsche,Auto(AM-S7),6.0,3.6
27363,Standard Sport Utility Vehicle 2WD,Regular,Rear-Wheel Drive,18.3116666666667,Chevrolet,Automatic 6-spd,8.0,5.3
27364,Standard Sport Utility Vehicle 2WD,Regular,Rear-Wheel Drive,18.3116666666667,Chevrolet,Automatic 6-spd,8.0,5.3
27365,Standard Sport Utility Vehicle 2WD,Regular,Rear-Wheel Drive,18.3116666666667,GMC,Automatic 6-spd,8.0,5.3
27366,Standard Sport Utility Vehicle 2WD,Regular,Rear-Wheel Drive,18.3116666666667,GMC,Automatic 6-spd,8.0,5.3
27367,Standard Sport Utility Vehicle 4WD,Regular,4-Wheel Drive,18.3116666666667,Chevrolet,Automatic 6-spd,8.0,5.3
27368,Standard Sport Utility Vehicle 4WD,Regular,4-Wheel Drive,18.3116666666667,Chevrolet,Automatic 6-spd,8.0,5.3
27369,Standard Sport Utility Vehicle 4WD,Regular,4-Wheel Drive,18.3116666666667,GMC,Automatic 6-spd,8.0,5.3
27370,Small Station Wagons,Regular,Front-Wheel Drive,14.3308695652174,Dodge,Manual 5-spd,4.0,2.0
27371,Standard Sport Utility Vehicle 4WD,Regular,4-Wheel Drive,18.3116666666667,GMC,Automatic 6-spd,8.0,5.3
27372,Two Seaters,Premium,Rear-Wheel Drive,9.15583333333333,smart,Auto(AM5),3.0,1.0
27373,Two Seaters,Premium,Rear-Wheel Drive,9.15583333333333,smart,Auto(AM5),3.0,1.0
27374,Minicompact Cars,Premium,Rear-Wheel Drive,21.974,Aston Martin,Automatic (S6),12.0,5.9
27375,Subcompact Cars,Premium,All-Wheel Drive,12.6773076923077,Audi,Auto(AM-S6),4.0,2.0
27376,Subcompact Cars,Premium,Front-Wheel Drive,11.7717857142857,Audi,Auto(AM-S6),4.0,1.8
27377,Subcompact Cars,Premium,Rear-Wheel Drive,16.4805,BMW,Manual 6-spd,6.0,3.0
27378,Compact Cars,Premium,Rear-Wheel Drive,16.4805,BMW,Manual 6-spd,6.0,3.0
27379,Compact Cars,Premium,Rear-Wheel Drive,17.3478947368421,BMW,Auto(AM-S7),6.0,3.0
27380,Compact Cars,Premium,All-Wheel Drive,13.73375,BMW,Automatic (S8),6.0,3.0
27381,Small Station Wagons,Regular,Front-Wheel Drive,15.6957142857143,Dodge,Automatic 3-spd,4.0,2.0
27382,Compact Cars,Premium,Rear-Wheel Drive,16.4805,BMW,Manual 6-spd,6.0,3.0
27383,Compact Cars,Premium,Rear-Wheel Drive,17.3478947368421,BMW,Auto(AM-S7),6.0,3.0
27384,Compact Cars,Regular,Front-Wheel Drive,13.73375,Buick,Manual 6-spd,4.0,2.0
27385,Compact Cars,Regular,Front-Wheel Drive,13.73375,Buick,Automatic (S6),4.0,2.0
27386,Compact Cars,Regular,Rear-Wheel Drive,14.9822727272727,Cadillac,Automatic (S6),6.0,3.6
27387,Compact Cars,Regular,All-Wheel Drive,15.6957142857143,Cadillac,Automatic (S6),6.0,3.6
27388,Compact Cars,Regular,Front-Wheel Drive,10.987,Chevrolet,Automatic (S6),4.0,1.4
27389,Compact Cars,Regular,Front-Wheel Drive,11.7717857142857,Chevrolet,Automatic (S6),4.0,1.4
27390,Compact Cars,Regular,Front-Wheel Drive,9.15583333333333,Mitsubishi,Manual 5-spd,3.0,1.2
27391,Compact Cars,Regular,Front-Wheel Drive,8.45153846153846,Mitsubishi,Automatic (variable gear ratios),3.0,1.2
27392,Small Station Wagons,Regular,Front-Wheel Drive,14.3308695652174,Dodge,Manual 5-spd,4.0,2.0
27393,Compact Cars,Regular,Front-Wheel Drive,12.6773076923077,Scion,Automatic (S6),4.0,2.5
27394,Compact Cars,Regular,Front-Wheel Drive,12.6773076923077,Scion,Manual 6-spd,4.0,2.5
27395,Midsize Cars,Premium,Front-Wheel Drive,14.3308695652174,Acura,Automatic (S6),6.0,3.5
27396,Midsize Cars,Premium,All-Wheel Drive,16.4805,Audi,Auto(AM-S7),8.0,4.0
27397,Midsize Cars,Premium,All-Wheel Drive,16.4805,Audi,Auto(AM-S7),8.0,4.0
27398,Midsize Cars,Premium,All-Wheel Drive,18.3116666666667,Audi,Automatic (S8),8.0,4.0
27399,Midsize Cars,Premium,Rear-Wheel Drive,19.3888235294118,BMW,Manual 6-spd,8.0,4.4
27400,Midsize Cars,Premium,Rear-Wheel Drive,20.600625,BMW,Auto(AM-S7),8.0,4.4
27401,Midsize Cars,Regular,All-Wheel Drive,14.9822727272727,Buick,Automatic (S6),4.0,2.0
27402,Midsize Cars,Regular,Front-Wheel Drive,15.6957142857143,Buick,Automatic (S6),6.0,3.6
27403,Minicompact Cars,Regular,Rear-Wheel Drive,17.3478947368421,Alfa Romeo,Manual 5-spd,6.0,2.5
27404,Compact Cars,Regular,Front-Wheel Drive,12.6773076923077,Oldsmobile,Manual 4-spd,4.0,2.0
27405,Small Station Wagons,Regular,Front-Wheel Drive,13.1844,Ford,Automatic 3-spd,4.0,1.9
27406,Midsize Cars,Gasoline or E85,Front-Wheel Drive,15.6957142857143,Buick,Automatic (S6),6.0,3.6
27407,Midsize Cars,Regular,Front-Wheel Drive,11.7717857142857,Buick,Automatic (S6),4.0,2.4
27408,Midsize Cars,Regular,Front-Wheel Drive,11.7717857142857,Buick,Automatic (S6),4.0,2.4
27409,Midsize Cars,Regular,Front-Wheel Drive,13.73375,Buick,Manual 6-spd,4.0,2.0
27410,Midsize Cars,Gasoline or E85,All-Wheel Drive,16.4805,Buick,Automatic (S6),6.0,3.6
27411,Midsize Cars,Regular,Front-Wheel Drive,13.73375,Buick,Automatic (S6),4.0,2.0
27412,Midsize Cars,Regular,Front-Wheel Drive,14.3308695652174,Buick,Automatic (S6),4.0,2.4
27413,Midsize Cars,Regular,All-Wheel Drive,15.6957142857143,Cadillac,Automatic (S6),6.0,3.6
27414,Midsize Cars,Regular,Front-Wheel Drive,10.987,Chevrolet,Automatic (S6),4.0,1.4
27415,Midsize Cars,Regular,Front-Wheel Drive,10.987,Chevrolet,Automatic (S6),4.0,1.4
27416,Small Station Wagons,Regular,Front-Wheel Drive,10.6325806451613,Ford,Manual 4-spd,4.0,1.9
27417,Midsize Cars,Regular,Front-Wheel Drive,11.7717857142857,Chevrolet,Automatic (S6),4.0,1.4
27418,Midsize Cars,Regular,Front-Wheel Drive,10.987,Chevrolet,Manual 6-spd,4.0,1.4
27419,Midsize Cars,Regular,Front-Wheel Drive,12.6773076923077,Chevrolet,Automatic (S6),4.0,1.8
27420,Midsize Cars,Regular,Front-Wheel Drive,11.3658620689655,Chevrolet,Manual 6-spd,4.0,1.8
27421,Midsize Cars,Regular,Front-Wheel Drive,11.3658620689655,Chevrolet,Automatic (S6),4.0,2.5
27422,Midsize Cars,Regular,Front-Wheel Drive,13.73375,Chevrolet,Automatic (S6),4.0,2.0
27423,Midsize Cars,Regular,Front-Wheel Drive,11.7717857142857,Hyundai,Automatic (S6),4.0,2.0
27424,Midsize Cars,Regular,Front-Wheel Drive,11.7717857142857,Hyundai,Manual 6-spd,4.0,2.0
27425,Midsize Cars,Premium,Rear-Wheel Drive,14.3308695652174,Jaguar,Automatic (S8),4.0,2.0
27426,Midsize Cars,Regular,Front-Wheel Drive,10.6325806451613,Nissan,Automatic (variable gear ratios),4.0,2.5
27427,Small Station Wagons,Regular,Front-Wheel Drive,11.7717857142857,Ford,Manual 5-spd,4.0,1.9
27428,Midsize Cars,Regular,Front-Wheel Drive,12.6773076923077,Nissan,Auto(AV-S7),6.0,3.5
27429,Large Cars,Regular,Front-Wheel Drive,15.6957142857143,Cadillac,Automatic (S6),6.0,3.6
27430,Large Cars,Regular,All-Wheel Drive,17.3478947368421,Cadillac,Automatic (S6),6.0,3.6
27431,Large Cars,Regular,Front-Wheel Drive,15.6957142857143,Chevrolet,Automatic (S6),6.0,3.6
27432,Large Cars,Gasoline or E85,Front-Wheel Drive,14.9822727272727,Chevrolet,Automatic (S6),6.0,3.6
27433,Large Cars,Regular,Front-Wheel Drive,13.1844,Chevrolet,Automatic (S6),4.0,2.5
27434,Large Cars,Gasoline or E85,Front-Wheel Drive,14.9822727272727,Chevrolet,Automatic 6-spd,6.0,3.6
27435,Large Cars,Regular,All-Wheel Drive,16.4805,Ford,Automatic (S6),6.0,3.5
27436,Large Cars,Regular,Front-Wheel Drive,12.6773076923077,Ford,Automatic (S6),4.0,2.0
27437,Small Station Wagons,Regular,Front-Wheel Drive,12.6773076923077,Honda,Automatic 4-spd,4.0,1.5
27438,Large Cars,Regular,Front-Wheel Drive,14.3308695652174,Ford,Automatic (S6),6.0,3.5
27439,Large Cars,Gasoline or E85,All-Wheel Drive,15.6957142857143,Ford,Automatic (S6),6.0,3.5
27440,Large Cars,Regular,All-Wheel Drive,15.6957142857143,Ford,Automatic (S6),6.0,3.5
27441,Large Cars,Regular,Front-Wheel Drive,11.7717857142857,Hyundai,Automatic (S6),4.0,2.4
27442,Large Cars,Regular,Front-Wheel Drive,12.2077777777778,Hyundai,Automatic (S6),4.0,2.4
27443,Large Cars,Regular,All-Wheel Drive,16.4805,Lincoln,Automatic (S6),6.0,3.5
27444,"Vans, Passenger Type",Gasoline or E85,Rear-Wheel Drive,20.600625,Ford,Automatic (S6),6.0,3.7
27445,"Vans, Passenger Type",Regular,Rear-Wheel Drive,20.600625,Ford,Automatic (S6),6.0,3.5
27446,Special Purpose Vehicle 2WD,Regular,Front-Wheel Drive,19.3888235294118,Cadillac,Automatic (S6),6.0,3.6
27447,Special Purpose Vehicle 2WD,Regular,Front-Wheel Drive,19.3888235294118,Cadillac,Automatic (S6),6.0,3.6
27448,Small Station Wagons,Regular,Front-Wheel Drive,11.7717857142857,Honda,Manual 5-spd,4.0,1.5
27449,Small Sport Utility Vehicle 2WD,Premium,Front-Wheel Drive,14.3308695652174,Acura,Automatic (S6),6.0,3.5
27450,Small Sport Utility Vehicle 2WD,Gasoline or E85,Front-Wheel Drive,12.6773076923077,Chevrolet,Automatic 6-spd,4.0,2.4
27451,Small Sport Utility Vehicle 2WD,Gasoline or E85,Front-Wheel Drive,14.3308695652174,Chevrolet,Automatic 6-spd,4.0,2.4
27452,Small Sport Utility Vehicle 2WD,Regular,Front-Wheel Drive,17.3478947368421,Chevrolet,Automatic 6-spd,6.0,3.6
27453,Small Sport Utility Vehicle 2WD,Regular,Front-Wheel Drive,12.6773076923077,Chevrolet,Automatic 6-spd,4.0,2.4
27454,Small Sport Utility Vehicle 2WD,Gasoline or E85,Front-Wheel Drive,12.6773076923077,GMC,Automatic 6-spd,4.0,2.4
27455,Small Sport Utility Vehicle 2WD,Regular,Front-Wheel Drive,17.3478947368421,GMC,Automatic 6-spd,6.0,3.6
27456,Small Sport Utility Vehicle 2WD,Regular,Front-Wheel Drive,12.6773076923077,GMC,Automatic 6-spd,4.0,2.4
27457,Small Sport Utility Vehicle 2WD,Regular,Front-Wheel Drive,16.4805,Honda,Automatic 5-spd,6.0,3.5
27458,Small Sport Utility Vehicle 4WD,Premium,All-Wheel Drive,15.6957142857143,Acura,Automatic (S6),6.0,3.5
27459,Small Station Wagons,Regular,4-Wheel or All-Wheel Drive,13.73375,Honda,Manual 5-spd,4.0,1.5
27460,Small Sport Utility Vehicle 4WD,Regular,All-Wheel Drive,17.3478947368421,Chevrolet,Automatic 6-spd,6.0,3.6
27461,Small Sport Utility Vehicle 4WD,Regular,All-Wheel Drive,14.3308695652174,Chevrolet,Automatic 6-spd,4.0,2.4
27462,Small Sport Utility Vehicle 4WD,Regular,All-Wheel Drive,17.3478947368421,GMC,Automatic 6-spd,6.0,3.6
27463,Small Sport Utility Vehicle 4WD,Regular,All-Wheel Drive,14.3308695652174,GMC,Automatic 6-spd,4.0,2.4
27464,Small Sport Utility Vehicle 4WD,Regular,All-Wheel Drive,16.4805,Honda,Automatic 5-spd,6.0,3.5
27465,Small Sport Utility Vehicle 4WD,Regular,All-Wheel Drive,11.7717857142857,Subaru,Auto(AV-S6),4.0,2.5
27466,Small Sport Utility Vehicle 4WD,Regular,All-Wheel Drive,14.9822727272727,Subaru,Auto(AV-S6),6.0,3.6
27467,Standard Sport Utility Vehicle 2WD,Regular,Front-Wheel Drive,17.3478947368421,Buick,Automatic 6-spd,6.0,3.6
27468,Standard Sport Utility Vehicle 2WD,Regular,Front-Wheel Drive,17.3478947368421,Cadillac,Automatic (S6),6.0,3.6
27469,Standard Sport Utility Vehicle 2WD,Regular,Front-Wheel Drive,17.3478947368421,Chevrolet,Automatic 6-spd,6.0,3.6
27470,Small Station Wagons,Regular,Front-Wheel Drive,13.1844,Mercury,Automatic 3-spd,4.0,1.9
27471,Standard Sport Utility Vehicle 2WD,Regular,Front-Wheel Drive,14.3308695652174,Ford,Automatic 6-spd,4.0,2.0
27472,Standard Sport Utility Vehicle 2WD,Gasoline or E85,Front-Wheel Drive,16.4805,Ford,Automatic (S6),6.0,3.5
27473,Standard Sport Utility Vehicle 2WD,Regular,Front-Wheel Drive,16.4805,Ford,Automatic (S6),6.0,3.5
27474,Standard Sport Utility Vehicle 2WD,Regular,Front-Wheel Drive,17.3478947368421,GMC,Automatic 6-spd,6.0,3.6
27475,Standard Sport Utility Vehicle 4WD,Regular,All-Wheel Drive,18.3116666666667,Buick,Automatic 6-spd,6.0,3.6
27476,Standard Sport Utility Vehicle 4WD,Regular,All-Wheel Drive,18.3116666666667,Cadillac,Automatic (S6),6.0,3.6
27477,Standard Sport Utility Vehicle 4WD,Regular,All-Wheel Drive,17.3478947368421,Chevrolet,Automatic 6-spd,6.0,3.6
27478,Standard Sport Utility Vehicle 4WD,Gasoline or E85,All-Wheel Drive,17.3478947368421,Ford,Automatic (S6),6.0,3.5
27479,Standard Sport Utility Vehicle 4WD,Regular,All-Wheel Drive,17.3478947368421,Ford,Automatic (S6),6.0,3.5
27480,Small Station Wagons,Regular,Front-Wheel Drive,10.6325806451613,Mercury,Manual 4-spd,4.0,1.9
27481,Standard Sport Utility Vehicle 4WD,Regular,All-Wheel Drive,18.3116666666667,Ford,Automatic (S6),6.0,3.5
27482,Standard Sport Utility Vehicle 4WD,Regular,All-Wheel Drive,17.3478947368421,GMC,Automatic 6-spd,6.0,3.6
27483,Two Seaters,Premium,All-Wheel Drive,19.3888235294118,Audi,Auto(AM-S7),8.0,4.2
27484,Two Seaters,Premium,All-Wheel Drive,19.3888235294118,Audi,Auto(AM-S7),8.0,4.2
27485,Two Seaters,Premium,All-Wheel Drive,23.5435714285714,Audi,Manual 6-spd,8.0,4.2
27486,Two Seaters,Premium,All-Wheel Drive,23.5435714285714,Audi,Manual 6-spd,8.0,4.2
27487,Two Seaters,Premium,All-Wheel Drive,23.5435714285714,Audi,Manual 6-spd,10.0,5.2
27488,Two Seaters,Premium,All-Wheel Drive,23.5435714285714,Audi,Manual 6-spd,10.0,5.2
27489,Two Seaters,Premium,All-Wheel Drive,20.600625,Audi,Auto(AM-S7),10.0,5.2
27490,Two Seaters,Premium,All-Wheel Drive,20.600625,Audi,Auto(AM-S7),10.0,5.2
27491,Small Station Wagons,Regular,Front-Wheel Drive,11.7717857142857,Mercury,Manual 5-spd,4.0,1.9
27492,Subcompact Cars,Premium,All-Wheel Drive,18.3116666666667,Audi,Auto(AM-S7),8.0,4.2
27493,Subcompact Cars,Premium,All-Wheel Drive,18.3116666666667,Audi,Auto(AM-S7),8.0,4.2
27494,Subcompact Cars,Premium,All-Wheel Drive,12.6773076923077,Audi,Manual 6-spd,4.0,2.0
27495,Subcompact Cars,Premium or E85,All-Wheel Drive,13.73375,Audi,Automatic (S8),4.0,2.0
27496,Subcompact Cars,Premium or E85,All-Wheel Drive,13.73375,Audi,Automatic (S8),4.0,2.0
27497,Subcompact Cars,Premium,All-Wheel Drive,15.6957142857143,Audi,Auto(AM-S7),6.0,3.0
27498,Subcompact Cars,Premium,All-Wheel Drive,15.6957142857143,Audi,Auto(AM-S7),6.0,3.0
27499,Subcompact Cars,Premium,All-Wheel Drive,16.4805,Audi,Manual 6-spd,6.0,3.0
27500,Compact Cars,Premium,Front-Wheel Drive,12.6773076923077,Audi,Auto(AV-S8),4.0,2.0
27501,Compact Cars,Premium,All-Wheel Drive,12.6773076923077,Audi,Manual 6-spd,4.0,2.0
27502,Small Station Wagons,Regular,Front-Wheel Drive,13.73375,Mazda,Automatic 3-spd,4.0,1.6
27503,Compact Cars,Premium or E85,All-Wheel Drive,13.73375,Audi,Automatic (S8),4.0,2.0
27504,Compact Cars,Premium,All-Wheel Drive,15.6957142857143,Audi,Auto(AM-S7),6.0,3.0
27505,Compact Cars,Premium,All-Wheel Drive,16.4805,Audi,Manual 6-spd,6.0,3.0
27506,Compact Cars,Premium,All-Wheel Drive,12.6773076923077,BMW,Automatic (S8),4.0,2.0
27507,Midsize Cars,Premium,Front-Wheel Drive,11.7717857142857,Audi,Auto(AV-S8),4.0,2.0
27508,Midsize Cars,Premium,All-Wheel Drive,14.3308695652174,Audi,Automatic (S8),4.0,2.0
27509,Midsize Cars,Premium,All-Wheel Drive,15.6957142857143,Audi,Automatic (S8),6.0,3.0
27510,Midsize Cars,Premium,All-Wheel Drive,15.6957142857143,Audi,Automatic (S8),6.0,3.0
27511,Compact Cars,Regular,Front-Wheel Drive,17.3478947368421,Oldsmobile,Automatic 3-spd,6.0,2.8
27512,Small Station Wagons,Regular,Front-Wheel Drive,12.2077777777778,Mazda,Manual 5-spd,4.0,1.6
27513,Midsize Cars,Premium,Rear-Wheel Drive,20.600625,Cadillac,Manual 6-spd,8.0,6.2
27514,Midsize Cars,Premium,Rear-Wheel Drive,23.5435714285714,Cadillac,Automatic (S6),8.0,6.2
27515,Midsize Cars,Regular,Front-Wheel Drive,10.6325806451613,Hyundai,Automatic (S6),4.0,1.8
27516,Midsize Cars,Regular,Front-Wheel Drive,10.987,Hyundai,Automatic (S6),4.0,1.8
27517,Midsize Cars,Regular,Front-Wheel Drive,10.987,Hyundai,Manual 6-spd,4.0,1.8
27518,Midsize Cars,Regular,Front-Wheel Drive,10.987,Kia,Automatic (S6),4.0,1.8
27519,Large Cars,Premium,All-Wheel Drive,18.3116666666667,Porsche,Auto(AM-S7),8.0,4.8
27520,Large Cars,Premium,All-Wheel Drive,18.3116666666667,Porsche,Auto(AM-S7),8.0,4.8
27521,Large Cars,Premium,All-Wheel Drive,18.3116666666667,Porsche,Auto(AM-S7),8.0,4.8
27522,Large Cars,Premium,All-Wheel Drive,18.3116666666667,Porsche,Auto(AM-S7),8.0,4.8
27523,Small Station Wagons,Regular,Front-Wheel Drive,15.6957142857143,Mitsubishi,Automatic 3-spd,4.0,2.0
27524,Small Station Wagons,Premium or E85,All-Wheel Drive,13.73375,Audi,Automatic (S8),4.0,2.0
27525,Small Sport Utility Vehicle 2WD,Premium,Rear-Wheel Drive,14.9822727272727,Mercedes-Benz,Automatic 7-spd,6.0,3.5
27526,Small Sport Utility Vehicle 4WD,Premium,All-Wheel Drive,12.6773076923077,Audi,Automatic (S8),4.0,2.0
27527,Small Sport Utility Vehicle 4WD,Premium or E85,All-Wheel Drive,14.9822727272727,Audi,Automatic (S8),4.0,2.0
27528,Small Sport Utility Vehicle 4WD,Premium,All-Wheel Drive,17.3478947368421,Audi,Automatic (S8),6.0,3.0
27529,Small Sport Utility Vehicle 4WD,Premium,All-Wheel Drive,15.6957142857143,Audi,Automatic (S8),6.0,3.0
27530,Small Sport Utility Vehicle 4WD,Premium,4-Wheel Drive,16.4805,Mercedes-Benz,Automatic 7-spd,6.0,3.5
27531,Small Sport Utility Vehicle 4WD,Regular,All-Wheel Drive,15.6957142857143,Volvo,Automatic (S6),5.0,2.5
27532,Standard Sport Utility Vehicle 4WD,Premium,All-Wheel Drive,18.3116666666667,Audi,Automatic (S8),6.0,3.0
27533,Small Station Wagons,Regular,Front-Wheel Drive,15.6957142857143,Mitsubishi,Automatic 3-spd,4.0,2.0
27534,Subcompact Cars,Electricity,Front-Wheel Drive,0.168,Chevrolet,Automatic (A1),,
27535,Small Sport Utility Vehicle 2WD,Regular,Front-Wheel Drive,16.4805,Hyundai,Automatic 6-spd,6.0,3.3
27536,Small Sport Utility Vehicle 4WD,Regular,All-Wheel Drive,17.3478947368421,Hyundai,Automatic 6-spd,6.0,3.3
27537,Compact Cars,Regular,Rear-Wheel Drive,14.3308695652174,Cadillac,Manual 6-spd,4.0,2.0
27538,Compact Cars,Premium,Rear-Wheel Drive,21.974,Chevrolet,Manual 6-spd,8.0,7.0
27539,Compact Cars,Regular,Rear-Wheel Drive,18.3116666666667,Chevrolet,Automatic (S6),8.0,6.2
27540,Midsize Cars,Premium,Rear-Wheel Drive,18.3116666666667,Cadillac,Automatic (S8),6.0,3.6
27541,Midsize Cars,Regular,All-Wheel Drive,11.3658620689655,Subaru,Auto(AV-S6),4.0,2.5
27542,Midsize Cars,Regular,All-Wheel Drive,14.3308695652174,Subaru,Auto(AV-S6),6.0,3.6
27543,Large Cars,Premium,Rear-Wheel Drive,14.9822727272727,Porsche,Auto(AM-S7),6.0,3.6
27544,Small Station Wagons,Regular,Front-Wheel Drive,13.73375,Oldsmobile,Automatic 3-spd,4.0,2.0
27545,Large Cars,Premium,All-Wheel Drive,15.6957142857143,Porsche,Auto(AM-S7),6.0,3.6
27546,Large Cars,Premium,Rear-Wheel Drive,15.6957142857143,Porsche,Auto(AM-S7),6.0,3.0
27547,Large Cars,Premium,All-Wheel Drive,15.6957142857143,Porsche,Auto(AM-S7),6.0,3.0
27548,Large Cars,Premium,All-Wheel Drive,16.4805,Porsche,Auto(AM-S7),6.0,3.0
27549,Large Cars,Premium,All-Wheel Drive,17.3478947368421,Porsche,Auto(AM-S7),8.0,4.8
27550,Small Sport Utility Vehicle 2WD,Regular,Front-Wheel Drive,14.3308695652174,Hyundai,Automatic 6-spd,4.0,2.4
27551,Small Sport Utility Vehicle 2WD,Regular,Front-Wheel Drive,13.1844,Hyundai,Automatic 6-spd,4.0,2.0
27552,Small Sport Utility Vehicle 2WD,Premium,Rear-Wheel Drive,15.6957142857143,Mercedes-Benz,Automatic 7-spd,6.0,3.5
27553,Small Sport Utility Vehicle 4WD,Regular,All-Wheel Drive,14.9822727272727,Hyundai,Automatic 6-spd,4.0,2.4
27554,Small Sport Utility Vehicle 4WD,Regular,All-Wheel Drive,14.9822727272727,Hyundai,Automatic 6-spd,4.0,2.0
27555,Small Station Wagons,Regular,Front-Wheel Drive,13.1844,Oldsmobile,Manual 4-spd,4.0,2.0
27556,Special Purpose Vehicle 2WD,Regular,Rear-Wheel Drive,21.974,Mobility Ventures LLC,Automatic 4-spd,8.0,4.6
27557,Two Seaters,Premium,Rear-Wheel Drive,13.73375,Porsche,Manual 6-spd,6.0,2.7
27558,Two Seaters,Premium,Rear-Wheel Drive,13.1844,Porsche,Auto(AM-S7),6.0,2.7
27559,Two Seaters,Premium,Rear-Wheel Drive,13.73375,Porsche,Manual 6-spd,6.0,2.7
27560,Two Seaters,Premium,Rear-Wheel Drive,13.1844,Porsche,Auto(AM-S7),6.0,2.7
27561,Two Seaters,Premium,Rear-Wheel Drive,14.9822727272727,Porsche,Manual 6-spd,6.0,3.4
27562,Two Seaters,Premium,Rear-Wheel Drive,13.73375,Porsche,Auto(AM-S7),6.0,3.4
27563,Two Seaters,Premium,Rear-Wheel Drive,14.9822727272727,Porsche,Manual 6-spd,6.0,3.4
27564,Two Seaters,Premium,Rear-Wheel Drive,13.1844,Porsche,Auto(AM-S7),6.0,3.4
27565,Two Seaters,Premium,Rear-Wheel Drive,14.9822727272727,Porsche,Manual 6-spd,6.0,3.4
27566,Small Station Wagons,Regular,Front-Wheel Drive,13.1844,Oldsmobile,Automatic 3-spd,4.0,2.0
27567,Two Seaters,Premium,Rear-Wheel Drive,13.73375,Porsche,Auto(AM-S7),6.0,3.4
27568,Two Seaters,Premium,Rear-Wheel Drive,14.9822727272727,Porsche,Manual 6-spd,6.0,3.4
27569,Two Seaters,Premium,Rear-Wheel Drive,13.1844,Porsche,Auto(AM-S7),6.0,3.4
27570,Two Seaters,Premium,Rear-Wheel Drive,19.3888235294118,Porsche,Auto(AM-S7),6.0,3.8
27571,Minicompact Cars,Premium,Front-Wheel Drive,11.3658620689655,Fiat,Automatic 6-spd,4.0,1.4
27572,Minicompact Cars,Premium,Front-Wheel Drive,12.2077777777778,Fiat,Automatic 6-spd,4.0,1.4
27573,Minicompact Cars,Premium,Front-Wheel Drive,9.69441176470588,Fiat,Manual 5-spd,4.0,1.4
27574,Minicompact Cars,Premium,Front-Wheel Drive,10.987,Fiat,Manual 5-spd,4.0,1.4
27575,Minicompact Cars,Premium,Front-Wheel Drive,12.2077777777778,Fiat,Automatic 6-spd,4.0,1.4
27576,Minicompact Cars,Premium,Front-Wheel Drive,10.987,Fiat,Manual 5-spd,4.0,1.4
27577,Small Station Wagons,Regular,Front-Wheel Drive,12.6773076923077,Oldsmobile,Manual 5-spd,4.0,2.0
27578,Minicompact Cars,Premium,Rear-Wheel Drive,14.9822727272727,Porsche,Manual 7-spd,6.0,3.4
27579,Minicompact Cars,Premium,Rear-Wheel Drive,14.3308695652174,Porsche,Auto(AM-S7),6.0,3.4
27580,Minicompact Cars,Premium,Rear-Wheel Drive,14.9822727272727,Porsche,Manual 7-spd,6.0,3.4
27581,Minicompact Cars,Premium,Rear-Wheel Drive,14.9822727272727,Porsche,Manual 7-spd,6.0,3.8
27582,Minicompact Cars,Premium,Rear-Wheel Drive,14.9822727272727,Porsche,Auto(AM-S7),6.0,3.8
27583,Minicompact Cars,Premium,Rear-Wheel Drive,14.9822727272727,Porsche,Manual 7-spd,6.0,3.8
27584,Minicompact Cars,Premium,Rear-Wheel Drive,14.9822727272727,Porsche,Auto(AM-S7),6.0,3.8
27585,Minicompact Cars,Premium,4-Wheel Drive,14.9822727272727,Porsche,Manual 7-spd,6.0,3.4
27586,Minicompact Cars,Premium,4-Wheel Drive,14.3308695652174,Porsche,Auto(AM-S7),6.0,3.4
27587,Minicompact Cars,Premium,4-Wheel Drive,15.6957142857143,Porsche,Manual 7-spd,6.0,3.4
27588,Small Station Wagons,Regular,Front-Wheel Drive,15.6957142857143,Plymouth,Automatic 3-spd,4.0,2.0
27589,Minicompact Cars,Premium,4-Wheel Drive,14.9822727272727,Porsche,Auto(AM-S7),6.0,3.4
27590,Minicompact Cars,Premium,4-Wheel Drive,15.6957142857143,Porsche,Manual 7-spd,6.0,3.8
27591,Minicompact Cars,Premium,4-Wheel Drive,14.9822727272727,Porsche,Auto(AM-S7),6.0,3.8
27592,Minicompact Cars,Premium,4-Wheel Drive,15.6957142857143,Porsche,Manual 7-spd,6.0,3.8
27593,Minicompact Cars,Premium,4-Wheel Drive,16.4805,Porsche,Auto(AM-S7),6.0,3.8
27594,Minicompact Cars,Premium,4-Wheel Drive,16.4805,Porsche,Auto(AM-S7),6.0,3.8
27595,Minicompact Cars,Premium,4-Wheel Drive,15.6957142857143,Porsche,Manual 7-spd,6.0,3.4
27596,Minicompact Cars,Premium,4-Wheel Drive,14.9822727272727,Porsche,Auto(AM-S7),6.0,3.4
27597,Minicompact Cars,Premium,4-Wheel Drive,15.6957142857143,Porsche,Manual 7-spd,6.0,3.8
27598,Minicompact Cars,Premium,4-Wheel Drive,15.6957142857143,Porsche,Auto(AM-S7),6.0,3.8
27599,Small Station Wagons,Regular,Front-Wheel Drive,14.3308695652174,Plymouth,Manual 5-spd,4.0,2.0
27600,Subcompact Cars,Regular,Front-Wheel Drive,10.987,Ford,Auto(AM6),4.0,1.6
27601,Subcompact Cars,Regular,Front-Wheel Drive,9.41742857142857,Ford,Manual 5-spd,3.0,1.0
27602,Subcompact Cars,Premium,Rear-Wheel Drive,20.600625,Maserati,Automatic 6-spd,8.0,4.7
27603,Subcompact Cars,Premium,Rear-Wheel Drive,21.974,Maserati,Automatic 6-spd,8.0,4.7
27604,Compact Cars,Premium,Front-Wheel Drive,11.7717857142857,Acura,Automatic (S5),4.0,2.0
27605,Compact Cars,Premium,Front-Wheel Drive,13.1844,Acura,Manual 6-spd,4.0,2.4
27606,Compact Cars,Regular,Front-Wheel Drive,11.3658620689655,Ford,Manual 6-spd,4.0,1.6
27607,Midsize Cars,Regular,All-Wheel Drive,13.1844,Ford,Automatic (S6),4.0,2.0
27608,Midsize Cars,Regular,Front-Wheel Drive,12.6773076923077,Ford,Automatic (S6),4.0,2.0
27609,Small Station Wagons,Regular,Front-Wheel Drive,15.6957142857143,Plymouth,Automatic 3-spd,4.0,2.0
27610,Midsize Cars,Regular,Front-Wheel Drive,12.6773076923077,Ford,Automatic (S6),4.0,2.5
27611,Midsize Cars,Regular,Front-Wheel Drive,11.3658620689655,Ford,Automatic (S6),4.0,1.5
27612,Midsize Cars,Regular,Front-Wheel Drive,11.7717857142857,Ford,Automatic (S6),4.0,1.5
27613,Midsize Cars,Regular,Front-Wheel Drive,8.90837837837838,Hyundai,Auto(AM6),4.0,2.4
27614,Midsize Cars,Regular,Front-Wheel Drive,8.90837837837838,Hyundai,Auto(AM6),4.0,2.4
27615,Midsize Cars,Premium,All-Wheel Drive,16.4805,Jaguar,Automatic (S8),6.0,3.0
27616,Midsize Cars,Regular,All-Wheel Drive,13.1844,Lincoln,Automatic (S6),4.0,2.0
27617,Midsize Cars,Regular,Front-Wheel Drive,12.6773076923077,Lincoln,Automatic (S6),4.0,2.0
27618,Midsize Cars,Premium,All-Wheel Drive,18.3116666666667,Maserati,Automatic 8-spd,6.0,3.0
27619,Midsize Cars,Premium,Rear-Wheel Drive,17.3478947368421,Maserati,Automatic 8-spd,6.0,3.0
27620,Compact Cars,Regular,Front-Wheel Drive,18.3116666666667,Oldsmobile,Manual 4-spd,6.0,2.8
27621,Small Station Wagons,Regular,Front-Wheel Drive,14.3308695652174,Plymouth,Manual 5-spd,4.0,2.0
27622,Large Cars,Premium,Rear-Wheel Drive,20.600625,Maserati,Automatic 8-spd,8.0,3.8
27623,Large Cars,Premium,All-Wheel Drive,18.3116666666667,Maserati,Automatic 8-spd,6.0,3.0
27624,Small Sport Utility Vehicle 2WD,Regular,Front-Wheel Drive,14.3308695652174,Kia,Automatic 6-spd,4.0,2.4
27625,Small Sport Utility Vehicle 2WD,Regular,Front-Wheel Drive,14.3308695652174,Kia,Automatic 6-spd,4.0,2.0
27626,Small Sport Utility Vehicle 4WD,Regular,All-Wheel Drive,14.9822727272727,Kia,Automatic 6-spd,4.0,2.4
27627,Small Sport Utility Vehicle 4WD,Regular,All-Wheel Drive,15.6957142857143,Kia,Automatic 6-spd,4.0,2.0
27628,Minicompact Cars,Electricity,Front-Wheel Drive,0.174,Fiat,Automatic (A1),,
27629,Subcompact Cars,Electricity,Rear-Wheel Drive,0.162,BMW,Automatic (A1),,
27630,Minicompact Cars,Premium,Rear-Wheel Drive,14.3308695652174,Porsche,Auto(AM-S7),6.0,3.4
27631,Compact Cars,Regular,Rear-Wheel Drive,13.73375,Cadillac,Automatic (S6),4.0,2.0
27632,Small Station Wagons,Regular,Front-Wheel Drive,13.1844,Pontiac,Manual 4-spd,4.0,2.0
27633,Compact Cars,Regular,All-Wheel Drive,14.3308695652174,Cadillac,Automatic (S6),4.0,2.0
27634,Compact Cars,Regular,Front-Wheel Drive,10.3003125,Chevrolet,Manual 6-spd,4.0,1.4
27635,Compact Cars,Regular,Front-Wheel Drive,11.3658620689655,Chevrolet,Manual 6-spd,4.0,1.4
27636,Compact Cars,Regular,Front-Wheel Drive,11.7717857142857,Chevrolet,Automatic (S6),4.0,1.8
27637,Compact Cars,Regular,Front-Wheel Drive,11.3658620689655,Chevrolet,Manual 5-spd,4.0,1.8
27638,Compact Cars,Regular,Rear-Wheel Drive,14.9822727272727,Chevrolet,Automatic 6-spd,6.0,3.6
27639,Compact Cars,Regular,Rear-Wheel Drive,15.6957142857143,Chevrolet,Automatic (S6),6.0,3.6
27640,Compact Cars,Regular,Rear-Wheel Drive,16.4805,Chevrolet,Manual 6-spd,6.0,3.6
27641,Compact Cars,Premium,Rear-Wheel Drive,17.3478947368421,Chevrolet,Manual 6-spd,8.0,6.2
27642,Compact Cars,Premium,Rear-Wheel Drive,23.5435714285714,Chevrolet,Automatic (S6),8.0,6.2
27643,Small Station Wagons,Regular,Front-Wheel Drive,13.1844,Pontiac,Automatic 3-spd,4.0,2.0
27644,Compact Cars,Premium,Rear-Wheel Drive,20.600625,Chevrolet,Manual 6-spd,8.0,6.2
27645,Midsize Cars,Regular,Rear-Wheel Drive,14.9822727272727,Cadillac,Automatic (S8),6.0,3.6
27646,Midsize Cars,Regular,Front-Wheel Drive,10.3003125,Chevrolet,Manual 6-spd,4.0,1.4
27647,Midsize Cars,Regular,Front-Wheel Drive,11.3658620689655,Chevrolet,Manual 6-spd,4.0,1.4
27648,Midsize Cars,Regular,Front-Wheel Drive,11.7717857142857,Chevrolet,Automatic (S6),4.0,1.8
27649,Midsize Cars,Regular,Front-Wheel Drive,11.3658620689655,Chevrolet,Manual 5-spd,4.0,1.8
27650,Large Cars,Premium,All-Wheel Drive,17.3478947368421,Jaguar,Automatic (S8),6.0,3.0
27651,Large Cars,Premium,All-Wheel Drive,17.3478947368421,Jaguar,Automatic (S8),6.0,3.0
27652,Large Cars,Premium or E85,Rear-Wheel Drive,18.3116666666667,Jaguar,Automatic (S8),8.0,5.0
27653,Small Station Wagons,Regular,Front-Wheel Drive,12.6773076923077,Pontiac,Manual 5-spd,4.0,2.0
27654,Large Cars,Premium or E85,Rear-Wheel Drive,18.3116666666667,Jaguar,Automatic (S8),8.0,5.0
27655,Large Cars,Premium or E85,Rear-Wheel Drive,15.6957142857143,Jaguar,Automatic (S8),6.0,3.0
27656,Large Cars,Premium or E85,Rear-Wheel Drive,16.4805,Jaguar,Automatic (S8),6.0,3.0
27657,Small Station Wagons,Regular,Front-Wheel Drive,12.6773076923077,Kia,Automatic (S6),4.0,1.6
27658,Small Station Wagons,Regular,Front-Wheel Drive,12.6773076923077,Kia,Manual 6-spd,4.0,1.6
27659,Small Station Wagons,Regular,Front-Wheel Drive,12.6773076923077,Kia,Automatic (S6),4.0,2.0
27660,Small Station Wagons,Regular,Front-Wheel Drive,12.6773076923077,Kia,Automatic (S6),4.0,2.0
27661,Small Sport Utility Vehicle 2WD,Regular,Front-Wheel Drive,12.2077777777778,Mitsubishi,Auto(AV-S6),4.0,2.4
27662,Small Sport Utility Vehicle 2WD,Regular,Front-Wheel Drive,12.6773076923077,Mitsubishi,Manual 5-spd,4.0,2.0
27663,Small Sport Utility Vehicle 2WD,Regular,Front-Wheel Drive,11.7717857142857,Mitsubishi,Auto(AV-S6),4.0,2.0
27664,Small Station Wagons,Regular,Front-Wheel Drive,16.4805,Subaru,Automatic 3-spd,4.0,1.8
27665,Small Sport Utility Vehicle 4WD,Premium,All-Wheel Drive,14.3308695652174,BMW,Automatic (S8),4.0,2.0
27666,Small Sport Utility Vehicle 4WD,Premium,All-Wheel Drive,15.6957142857143,BMW,Automatic (S8),6.0,3.0
27667,Small Sport Utility Vehicle 4WD,Premium,4-Wheel Drive,15.6957142857143,Mercedes-Benz,Automatic 7-spd,6.0,3.5
27668,Small Sport Utility Vehicle 4WD,Regular,4-Wheel Drive,12.6773076923077,Mitsubishi,Auto(AV-S6),4.0,2.4
27669,Small Sport Utility Vehicle 4WD,Premium,4-Wheel Drive,14.3308695652174,Mitsubishi,Automatic (S6),6.0,3.0
27670,Small Sport Utility Vehicle 4WD,Regular,4-Wheel Drive,12.2077777777778,Mitsubishi,Auto(AV-S6),4.0,2.0
27671,Compact Cars,Premium Gas or Electricity,Front-Wheel Drive,3.09253880357143,Chevrolet,Automatic (variable gear ratios),4.0,1.4
27672,Midsize Cars,Electricity,Front-Wheel Drive,0.24,Mercedes-Benz,Automatic (A1),,
27673,Two Seaters,Premium,Rear-Wheel Drive,15.6957142857143,Nissan,Automatic (S7),6.0,3.7
27674,Two Seaters,Premium,Rear-Wheel Drive,15.6957142857143,Nissan,Manual 6-spd,6.0,3.7
27675,Small Station Wagons,Regular,Front-Wheel Drive,14.9822727272727,Subaru,Automatic 3-spd,4.0,1.8
27676,Two Seaters,Premium,Rear-Wheel Drive,15.6957142857143,Nissan,Automatic (S7),6.0,3.7
27677,Two Seaters,Premium,Rear-Wheel Drive,16.4805,Nissan,Manual 6-spd,6.0,3.7
27678,Compact Cars,Regular,Rear-Wheel Drive,13.1844,Cadillac,Automatic (S6),4.0,2.5
27679,Two Seaters,Premium,All-Wheel Drive,25.3546153846154,Lamborghini,Auto(AM-S7),12.0,6.5
27680,Two Seaters,Premium,All-Wheel Drive,27.4675,Lamborghini,Auto(AM-S7),12.0,6.5
27681,Two Seaters,Premium,All-Wheel Drive,25.3546153846154,Lamborghini,Auto(AM-S7),12.0,6.5
27682,Subcompact Cars,Premium,Rear-Wheel Drive,13.1844,Mercedes-Benz,Automatic 7-spd,4.0,1.8
27683,Subcompact Cars,Premium,Rear-Wheel Drive,21.974,Mercedes-Benz,Automatic 7-spd,8.0,6.2
27684,Midsize Cars,Regular,All-Wheel Drive,14.9822727272727,Cadillac,Automatic (S6),4.0,2.0
27685,Midsize Cars,Regular,Front-Wheel Drive,8.03926829268293,Ford,Automatic (variable gear ratios),4.0,2.0
27686,Small Station Wagons,Regular,Front-Wheel Drive,14.3308695652174,Subaru,Manual 5-spd,4.0,1.8
27687,Compact Cars,Regular,Front-Wheel Drive,9.98818181818182,Mazda,Manual 6-spd,4.0,2.0
27688,Compact Cars,Regular,Front-Wheel Drive,9.98818181818182,Mazda,Automatic (S6),4.0,2.0
27689,Compact Cars,Regular,Front-Wheel Drive,10.6325806451613,Mazda,Automatic (S6),4.0,2.5
27690,Compact Cars,Regular,Front-Wheel Drive,10.3003125,Mazda,Automatic (S6),4.0,2.5
27691,Compact Cars,Regular,Front-Wheel Drive,11.3658620689655,Mazda,Manual 6-spd,4.0,2.5
27692,Midsize Cars,Regular,Front-Wheel Drive,10.3003125,Mazda,Manual 6-spd,4.0,2.0
27693,Midsize Cars,Regular,Front-Wheel Drive,9.98818181818182,Mazda,Automatic (S6),4.0,2.0
27694,Midsize Cars,Regular,Front-Wheel Drive,10.987,Mazda,Automatic (S6),4.0,2.5
27695,Midsize Cars,Regular,Front-Wheel Drive,10.3003125,Mazda,Automatic (S6),4.0,2.5
27696,Midsize Cars,Regular,Front-Wheel Drive,11.3658620689655,Mazda,Manual 6-spd,4.0,2.5
27697,Small Station Wagons,Regular,Front-Wheel Drive,13.73375,Subaru,Manual 5-spd,4.0,1.8
27698,Midsize Cars,Regular,All-Wheel Drive,15.6957142857143,Lincoln,Automatic (S6),6.0,3.7
27699,Midsize Cars,Regular,Front-Wheel Drive,15.6957142857143,Lincoln,Automatic (S6),6.0,3.7
27700,Midsize Cars,Regular,Front-Wheel Drive,8.24025,Lincoln,Automatic (variable gear ratios),4.0,2.0
27701,Two Seaters,Premium,Rear-Wheel Drive,12.6773076923077,Mercedes-Benz,Automatic 7-spd,4.0,1.8
27702,Two Seaters,Premium,Rear-Wheel Drive,12.6773076923077,Mercedes-Benz,Manual 6-spd,4.0,1.8
27703,Two Seaters,Premium,Rear-Wheel Drive,23.5435714285714,Aston Martin,Auto(AM7),12.0,6.0
27704,Midsize Cars,Premium,Rear-Wheel Drive,15.6957142857143,Jaguar,Automatic (S8),6.0,3.0
27705,Midsize Cars,Regular Gas and Electricity,Front-Wheel Drive,4.87870354125,Ford,Automatic (variable gear ratios),4.0,2.0
27706,Large Cars,Premium and Electricity,Rear-Wheel Drive,8.07698136431784,Porsche,Auto(AM-S8),6.0,3.0
27707,Subcompact Cars,Premium Gas or Electricity,Rear-Wheel Drive,1.56319037224786,BMW,Automatic (A1),2.0,0.6
27708,Small Station Wagons,Regular,4-Wheel or All-Wheel Drive,17.3478947368421,Subaru,Automatic 3-spd,4.0,1.8
27709,Two Seaters,Premium,Rear-Wheel Drive,16.4805,Mercedes-Benz,Automatic 7-spd,8.0,4.7
27710,Two Seaters,Premium,Rear-Wheel Drive,19.3888235294118,Mercedes-Benz,Automatic 7-spd,12.0,6.0
27711,Two Seaters,Premium,Rear-Wheel Drive,13.73375,Mercedes-Benz,Automatic 7-spd,6.0,3.5
27712,Minicompact Cars,Premium,4-Wheel Drive,15.6957142857143,Porsche,Auto(AM-S7),6.0,3.8
27713,Subcompact Cars,Premium,Rear-Wheel Drive,12.2077777777778,BMW,Automatic (S8),4.0,2.0
27714,Subcompact Cars,Premium,Rear-Wheel Drive,16.4805,Infiniti,Automatic (S7),6.0,3.7
27715,Subcompact Cars,Premium,Rear-Wheel Drive,17.3478947368421,Infiniti,Manual 6-spd,6.0,3.7
27716,Subcompact Cars,Premium,Rear-Wheel Drive,16.4805,Infiniti,Manual 6-spd,6.0,3.7
27717,Subcompact Cars,Premium,Rear-Wheel Drive,14.9822727272727,Infiniti,Automatic (S7),6.0,3.7
27718,Subcompact Cars,Premium,All-Wheel Drive,16.4805,Infiniti,Automatic (S7),6.0,3.7
27719,Small Station Wagons,Regular,4-Wheel or All-Wheel Drive,15.6957142857143,Subaru,Manual 5-spd,4.0,1.8
27720,Subcompact Cars,Premium,4-Wheel Drive,14.9822727272727,Mercedes-Benz,Automatic 7-spd,6.0,3.5
27721,Subcompact Cars,Premium,Rear-Wheel Drive,14.3308695652174,Mercedes-Benz,Automatic 7-spd,6.0,3.5
27722,Subcompact Cars,Premium,Front-Wheel Drive,13.1844,Volkswagen,Auto(AM-S6),4.0,2.0
27723,Compact Cars,Premium,Rear-Wheel Drive,11.7717857142857,BMW,Automatic (S8),4.0,2.0
27724,Compact Cars,Regular,Front-Wheel Drive,13.1844,Buick,Automatic (S6),4.0,2.4
27725,Compact Cars,Regular,Front-Wheel Drive,10.987,Kia,Automatic (S6),4.0,1.6
27726,Compact Cars,Regular,Front-Wheel Drive,10.987,Kia,Manual 6-spd,4.0,1.6
27727,Compact Cars,Regular,Front-Wheel Drive,10.3003125,Toyota,Automatic 4-spd,4.0,1.5
27728,Compact Cars,Regular,Front-Wheel Drive,9.98818181818182,Toyota,Manual 5-spd,4.0,1.5
27729,Compact Cars,Premium,All-Wheel Drive,16.4805,Volkswagen,Automatic (S6),6.0,3.6
27730,Compact Cars,Regular,Rear-Wheel Drive,18.3116666666667,Peugeot,Automatic 3-spd,4.0,2.0
27731,Small Station Wagons,Regular,Front-Wheel Drive,13.73375,Toyota,Automatic 4-spd,4.0,2.0
27732,Compact Cars,Premium,Front-Wheel Drive,13.1844,Volkswagen,Auto(AM-S6),4.0,2.0
27733,Compact Cars,Premium,Front-Wheel Drive,13.1844,Volkswagen,Manual 6-spd,4.0,2.0
27734,Midsize Cars,Regular,Front-Wheel Drive,11.7717857142857,Volkswagen,Manual 5-spd,4.0,1.8
27735,Midsize Cars,Regular,Front-Wheel Drive,11.7717857142857,Volkswagen,Automatic (S6),4.0,1.8
27736,Large Cars,Regular,Front-Wheel Drive,12.6773076923077,Hyundai,Automatic (S6),4.0,2.0
27737,Small Station Wagons,Premium,Front-Wheel Drive,12.2077777777778,Fiat,Auto(AM6),4.0,1.4
27738,Small Station Wagons,Premium,Front-Wheel Drive,11.7717857142857,Fiat,Manual 6-spd,4.0,1.4
27739,Small Station Wagons,Premium,Front-Wheel Drive,13.1844,Fiat,Automatic 6-spd,4.0,1.4
27740,Small Sport Utility Vehicle 2WD,Regular,Front-Wheel Drive,15.6957142857143,Dodge,Automatic 4-spd,4.0,2.4
27741,Small Station Wagons,Regular,Front-Wheel Drive,12.6773076923077,Toyota,Manual 5-spd,4.0,2.0
27742,Small Sport Utility Vehicle 2WD,Gasoline or E85,Front-Wheel Drive,17.3478947368421,Dodge,Automatic 6-spd,6.0,3.6
27743,Small Sport Utility Vehicle 2WD,Premium,Front-Wheel Drive,14.3308695652174,Volkswagen,Automatic (S6),4.0,2.0
27744,Small Sport Utility Vehicle 4WD,Gasoline or E85,All-Wheel Drive,14.3308695652174,Chevrolet,Automatic 6-spd,4.0,2.4
27745,Small Sport Utility Vehicle 4WD,Regular,All-Wheel Drive,17.3478947368421,Dodge,Automatic 6-spd,6.0,3.6
27746,Small Sport Utility Vehicle 4WD,Premium,All-Wheel Drive,14.9822727272727,Volkswagen,Automatic (S6),4.0,2.0
27747,Standard Sport Utility Vehicle 4WD,Premium,4-Wheel Drive,21.974,Mercedes-Benz,Automatic 7-spd,8.0,4.7
27748,Standard Sport Utility Vehicle 4WD,Premium or E85,4-Wheel Drive,17.3478947368421,Mercedes-Benz,Automatic 7-spd,6.0,3.5
27749,Subcompact Cars,Premium Gas or Electricity,Front-Wheel Drive,3.6142418156682,Cadillac,Automatic (variable gear ratios),4.0,1.4
27750,Two Seaters,Premium,Rear-Wheel Drive,15.6957142857143,Chevrolet,Manual 7-spd,8.0,6.2
27751,Two Seaters,Premium,Rear-Wheel Drive,14.3308695652174,Mercedes-Benz,Automatic 7-spd,6.0,3.0
27752,Small Station Wagons,Regular,Front-Wheel Drive,12.6773076923077,Toyota,Automatic 3-spd,4.0,1.5
27753,Subcompact Cars,Premium,Rear-Wheel Drive,12.6773076923077,BMW,Manual 6-spd,4.0,2.0
27754,Subcompact Cars,Premium,All-Wheel Drive,12.2077777777778,BMW,Automatic (S8),4.0,2.0
27755,Subcompact Cars,Premium,Rear-Wheel Drive,13.1844,BMW,Automatic (S8),6.0,3.0
27756,Subcompact Cars,Premium,Rear-Wheel Drive,14.9822727272727,BMW,Manual 6-spd,6.0,3.0
27757,Subcompact Cars,Premium,All-Wheel Drive,14.3308695652174,BMW,Automatic (S8),6.0,3.0
27758,Subcompact Cars,Regular,Front-Wheel Drive,12.2077777777778,Volkswagen,Automatic (S6),4.0,1.8
27759,Subcompact Cars,Premium,Front-Wheel Drive,13.1844,Volkswagen,Auto(AM-S6),4.0,2.0
27760,Subcompact Cars,Premium,Front-Wheel Drive,12.6773076923077,Volkswagen,Manual 6-spd,4.0,2.0
27761,Compact Cars,Premium,Front-Wheel Drive,11.7717857142857,Acura,Auto(AM8),4.0,2.4
27762,Small Station Wagons,Regular,Front-Wheel Drive,11.7717857142857,Toyota,Manual 5-spd,4.0,1.5
27763,Compact Cars,Premium,Rear-Wheel Drive,12.2077777777778,BMW,Automatic (S8),4.0,2.0
27764,Compact Cars,Premium,Rear-Wheel Drive,12.6773076923077,BMW,Manual 6-spd,4.0,2.0
27765,Compact Cars,Premium,All-Wheel Drive,12.6773076923077,BMW,Automatic (S8),4.0,2.0
27766,Compact Cars,Premium,All-Wheel Drive,12.2077777777778,BMW,Automatic (S8),4.0,2.0
27767,Compact Cars,Premium,Rear-Wheel Drive,12.6773076923077,BMW,Manual 6-spd,4.0,2.0
27768,Compact Cars,Premium,All-Wheel Drive,12.6773076923077,BMW,Automatic (S8),4.0,2.0
27769,Compact Cars,Regular,Front-Wheel Drive,10.987,Hyundai,Auto(AM6),4.0,1.6
27770,Compact Cars,Regular,Front-Wheel Drive,11.3658620689655,Hyundai,Manual 6-spd,4.0,1.6
27771,Compact Cars,Regular,Front-Wheel Drive,12.6773076923077,Hyundai,Automatic (S6),4.0,1.6
27772,Compact Cars,Regular,Front-Wheel Drive,12.2077777777778,Hyundai,Manual 6-spd,4.0,1.6
27773,Small Station Wagons,Regular,4-Wheel or All-Wheel Drive,14.9822727272727,Toyota,Automatic 3-spd,4.0,1.5
27774,Compact Cars,Premium,All-Wheel Drive,15.6957142857143,Lexus,Automatic (S6),6.0,3.5
27775,Compact Cars,Premium,All-Wheel Drive,14.3308695652174,Lexus,Automatic (S6),6.0,2.5
27776,Compact Cars,Premium,Rear-Wheel Drive,14.9822727272727,Lexus,Automatic (S8),6.0,3.5
27777,Compact Cars,Premium,Rear-Wheel Drive,13.73375,Lexus,Automatic (S6),6.0,2.5
27778,Compact Cars,Premium,4-Wheel Drive,13.73375,Mercedes-Benz,Automatic 7-spd,6.0,3.0
27779,Compact Cars,Regular,Front-Wheel Drive,12.2077777777778,Volkswagen,Manual 5-spd,4.0,1.8
27780,Compact Cars,Regular,Front-Wheel Drive,12.2077777777778,Volkswagen,Automatic (S6),4.0,1.8
27781,Compact Cars,Premium,Front-Wheel Drive,12.6773076923077,Volkswagen,Auto(AM-S6),4.0,2.0
27782,Compact Cars,Premium,Front-Wheel Drive,12.6773076923077,Volkswagen,Manual 6-spd,4.0,2.0
27783,Compact Cars,Regular,Front-Wheel Drive,11.3658620689655,Volkswagen,Manual 5-spd,4.0,1.8
27784,Small Station Wagons,Regular,4-Wheel or All-Wheel Drive,13.1844,Toyota,Manual 5-spd,4.0,1.5
27785,Compact Cars,Premium,Front-Wheel Drive,12.2077777777778,Volkswagen,Auto(AM-S6),4.0,2.0
27786,Compact Cars,Premium,Front-Wheel Drive,12.6773076923077,Volkswagen,Manual 6-spd,4.0,2.0
27787,Compact Cars,Regular,Front-Wheel Drive,11.3658620689655,Volkswagen,Automatic (S6),4.0,1.8
27788,Midsize Cars,Premium,All-Wheel Drive,12.6773076923077,BMW,Automatic (S8),4.0,2.0
27789,Midsize Cars,Premium,Rear-Wheel Drive,13.73375,BMW,Automatic (S8),6.0,3.0
27790,Midsize Cars,Premium,All-Wheel Drive,14.3308695652174,BMW,Automatic (S8),6.0,3.0
27791,Midsize Cars,Gasoline or E85,Front-Wheel Drive,12.2077777777778,Chrysler,Automatic 9-spd,4.0,2.4
27792,Small Station Wagons,Regular,Front-Wheel Drive,13.1844,Volkswagen,Manual 4-spd,4.0,1.8
27793,Midsize Cars,Gasoline or E85,Front-Wheel Drive,14.3308695652174,Chrysler,Automatic 9-spd,6.0,3.6
27794,Midsize Cars,Gasoline or E85,All-Wheel Drive,14.9822727272727,Chrysler,Automatic 9-spd,6.0,3.6
27795,Midsize Cars,Midgrade,Rear-Wheel Drive,17.3478947368421,Dodge,Automatic 8-spd,8.0,5.7
27796,Midsize Cars,Premium,Rear-Wheel Drive,18.3116666666667,Dodge,Manual 6-spd,8.0,5.7
27797,Large Cars,Premium,All-Wheel Drive,12.6773076923077,BMW,Automatic (S8),4.0,2.0
27798,Large Cars,Regular,All-Wheel Drive,16.4805,Cadillac,Automatic (S6),6.0,3.6
27799,Large Cars,Regular,Rear-Wheel Drive,14.3308695652174,Chrysler,Automatic 8-spd,6.0,3.6
27800,Large Cars,Midgrade,Rear-Wheel Drive,17.3478947368421,Chrysler,Automatic 8-spd,8.0,5.7
27801,Large Cars,Regular,Rear-Wheel Drive,14.3308695652174,Dodge,Automatic 8-spd,6.0,3.6
27802,Small Station Wagons,Regular,4-Wheel or All-Wheel Drive,19.3888235294118,Volkswagen,Manual 5-spd,5.0,2.2
27803,Large Cars,Midgrade,Rear-Wheel Drive,17.3478947368421,Dodge,Automatic 8-spd,8.0,5.7
27804,Small Station Wagons,Premium,All-Wheel Drive,12.6773076923077,BMW,Automatic (S8),4.0,2.0
27805,"Vans, Cargo Type",Gasoline or E85,Rear-Wheel Drive,27.4675,Chevrolet,Automatic 6-spd,8.0,6.0
27806,"Vans, Cargo Type",Regular,Rear-Wheel Drive,27.4675,Chevrolet,Automatic 6-spd,8.0,6.0
27807,"Vans, Cargo Type",Gasoline or E85,Rear-Wheel Drive,27.4675,GMC,Automatic 6-spd,8.0,6.0
27808,"Vans, Cargo Type",Regular,Rear-Wheel Drive,27.4675,GMC,Automatic 6-spd,8.0,6.0
27809,"Vans, Passenger Type",Gasoline or E85,Rear-Wheel Drive,25.3546153846154,Chevrolet,Automatic 6-spd,8.0,6.0
27810,"Vans, Passenger Type",Gasoline or E85,Rear-Wheel Drive,27.4675,Chevrolet,Automatic 6-spd,8.0,6.0
27811,"Vans, Passenger Type",Regular,Rear-Wheel Drive,25.3546153846154,Chevrolet,Automatic 6-spd,8.0,4.8
27812,"Vans, Passenger Type",Regular,Rear-Wheel Drive,25.3546153846154,Chevrolet,Automatic 6-spd,8.0,4.8
27813,Small Station Wagons,Regular,Front-Wheel Drive,18.3116666666667,Volkswagen,Automatic 3-spd,5.0,2.2
27814,"Vans, Passenger Type",Regular,Rear-Wheel Drive,25.3546153846154,Chevrolet,Automatic 6-spd,8.0,6.0
27815,"Vans, Passenger Type",Regular,Rear-Wheel Drive,27.4675,Chevrolet,Automatic 6-spd,8.0,6.0
27816,"Vans, Passenger Type",Gasoline or E85,Rear-Wheel Drive,25.3546153846154,GMC,Automatic 6-spd,8.0,6.0
27817,"Vans, Passenger Type",Gasoline or E85,Rear-Wheel Drive,27.4675,GMC,Automatic 6-spd,8.0,6.0
27818,"Vans, Passenger Type",Regular,Rear-Wheel Drive,25.3546153846154,GMC,Automatic 6-spd,8.0,4.8
27819,"Vans, Passenger Type",Regular,Rear-Wheel Drive,25.3546153846154,GMC,Automatic 6-spd,8.0,4.8
27820,"Vans, Passenger Type",Regular,Rear-Wheel Drive,25.3546153846154,GMC,Automatic 6-spd,8.0,6.0
27821,"Vans, Passenger Type",Regular,Rear-Wheel Drive,25.3546153846154,GMC,Automatic 6-spd,8.0,6.0
27822,Minivan - 2WD,Regular,Front-Wheel Drive,13.73375,Mazda,Automatic (S5),4.0,2.5
27823,Small Sport Utility Vehicle 2WD,Regular,Front-Wheel Drive,13.1844,Jeep,Automatic 9-spd,4.0,2.4
27824,Small Station Wagons,Regular,Front-Wheel Drive,17.3478947368421,Volkswagen,Manual 5-spd,5.0,2.2
27825,Small Sport Utility Vehicle 2WD,Regular,Front-Wheel Drive,13.73375,Jeep,Automatic 9-spd,6.0,3.2
27826,Small Sport Utility Vehicle 2WD,Gasoline or E85,Front-Wheel Drive,13.1844,Jeep,Automatic 9-spd,4.0,2.4
27827,Small Sport Utility Vehicle 2WD,Regular,Front-Wheel Drive,17.3478947368421,Mazda,Automatic (S6),6.0,3.7
27828,Small Sport Utility Vehicle 4WD,Regular,4-Wheel Drive,18.3116666666667,Jeep,Automatic 5-spd,6.0,3.6
27829,Small Sport Utility Vehicle 4WD,Regular,4-Wheel Drive,18.3116666666667,Jeep,Manual 6-spd,6.0,3.6
27830,Small Sport Utility Vehicle 4WD,Regular,4-Wheel Drive,18.3116666666667,Jeep,Automatic 5-spd,6.0,3.6
27831,Small Sport Utility Vehicle 4WD,Regular,4-Wheel Drive,18.3116666666667,Jeep,Manual 6-spd,6.0,3.6
27832,Small Sport Utility Vehicle 4WD,Regular,All-Wheel Drive,14.3308695652174,Jeep,Automatic 9-spd,4.0,2.4
27833,Small Sport Utility Vehicle 4WD,Regular,All-Wheel Drive,14.3308695652174,Jeep,Automatic 9-spd,6.0,3.2
27834,Small Sport Utility Vehicle 4WD,Regular,4-Wheel Drive,14.3308695652174,Jeep,Automatic 9-spd,4.0,2.4
27835,Compact Cars,Regular,Rear-Wheel Drive,17.3478947368421,Peugeot,Manual 5-spd,4.0,2.0
27836,Midsize-Large Station Wagons,Regular,4-Wheel or All-Wheel Drive,18.3116666666667,Audi,Manual 5-spd,5.0,2.2
27837,Small Sport Utility Vehicle 4WD,Regular,4-Wheel Drive,14.9822727272727,Jeep,Automatic 9-spd,4.0,2.4
27838,Small Sport Utility Vehicle 4WD,Regular,4-Wheel Drive,14.9822727272727,Jeep,Automatic 9-spd,6.0,3.2
27839,Small Sport Utility Vehicle 4WD,Gasoline or E85,All-Wheel Drive,14.3308695652174,Jeep,Automatic 9-spd,4.0,2.4
27840,Small Sport Utility Vehicle 4WD,Regular,4-Wheel Drive,17.3478947368421,Mazda,Automatic (S6),6.0,3.7
27841,Standard Sport Utility Vehicle 2WD,Gasoline or E85,Rear-Wheel Drive,16.4805,Jeep,Automatic 8-spd,6.0,3.6
27842,Standard Sport Utility Vehicle 2WD,Midgrade,Rear-Wheel Drive,19.3888235294118,Jeep,Automatic 8-spd,8.0,5.7
27843,Standard Sport Utility Vehicle 2WD,Premium,Rear-Wheel Drive,16.4805,Mercedes-Benz,Automatic 7-spd,6.0,3.5
27844,Standard Sport Utility Vehicle 4WD,Gasoline or E85,4-Wheel Drive,17.3478947368421,Dodge,Automatic 8-spd,6.0,3.6
27845,Standard Sport Utility Vehicle 4WD,Gasoline or E85,4-Wheel Drive,17.3478947368421,Jeep,Automatic 8-spd,6.0,3.6
27846,Standard Sport Utility Vehicle 4WD,Premium,4-Wheel Drive,21.974,Jeep,Automatic 8-spd,8.0,6.4
27847,Midsize-Large Station Wagons,Regular,Front-Wheel Drive,19.3888235294118,Audi,Automatic 3-spd,5.0,2.2
27848,Standard Sport Utility Vehicle 4WD,Midgrade,4-Wheel Drive,20.600625,Jeep,Automatic 8-spd,8.0,5.7
27849,Standard Sport Utility Vehicle 4WD,Premium,4-Wheel Drive,17.3478947368421,Mercedes-Benz,Automatic 7-spd,6.0,3.5
27850,Standard Sport Utility Vehicle 4WD,Diesel,4-Wheel Drive,17.3720454545455,Mercedes-Benz,Automatic 7-spd,6.0,3.0
27851,Subcompact Cars,Premium,All-Wheel Drive,12.6773076923077,Audi,Auto(AM-S6),4.0,2.0
27852,Subcompact Cars,Premium,Rear-Wheel Drive,13.73375,BMW,Automatic (S8),6.0,3.0
27853,Subcompact Cars,Premium,All-Wheel Drive,14.3308695652174,BMW,Automatic (S8),6.0,3.0
27854,Subcompact Cars,Regular,Front-Wheel Drive,10.987,Ford,Manual 5-spd,4.0,1.6
27855,Compact Cars,Premium,All-Wheel Drive,14.3308695652174,Audi,Automatic (S6),4.0,2.0
27856,Compact Cars,Premium,Front-Wheel Drive,14.3308695652174,Audi,Automatic (S6),4.0,2.0
27857,Compact Cars,Premium,Rear-Wheel Drive,13.1844,BMW,Automatic (S8),6.0,3.0
27858,Midsize-Large Station Wagons,Regular,Front-Wheel Drive,17.3478947368421,Audi,Manual 5-spd,5.0,2.2
27859,Compact Cars,Premium,Rear-Wheel Drive,13.73375,BMW,Manual 6-spd,6.0,3.0
27860,Compact Cars,Premium,All-Wheel Drive,14.3308695652174,BMW,Automatic (S8),6.0,3.0
27861,Compact Cars,Premium,All-Wheel Drive,14.3308695652174,BMW,Manual 6-spd,6.0,3.0
27862,Compact Cars,Premium,Rear-Wheel Drive,12.2077777777778,BMW,Automatic (S8),4.0,2.0
27863,Compact Cars,Premium,Rear-Wheel Drive,13.1844,BMW,Automatic (S8),6.0,3.0
27864,Compact Cars,Premium,Rear-Wheel Drive,13.73375,BMW,Manual 6-spd,6.0,3.0
27865,Compact Cars,Premium,All-Wheel Drive,14.3308695652174,BMW,Automatic (S8),6.0,3.0
27866,Compact Cars,Premium,All-Wheel Drive,14.3308695652174,BMW,Manual 6-spd,6.0,3.0
27867,Compact Cars,Regular,Front-Wheel Drive,11.7717857142857,Mitsubishi,Manual 5-spd,4.0,2.0
27868,Compact Cars,Regular,Front-Wheel Drive,11.3658620689655,Mitsubishi,Auto(AV-S6),4.0,2.0
27869,Midsize-Large Station Wagons,Regular,Front-Wheel Drive,18.3116666666667,Audi,Automatic 3-spd,5.0,2.3
27870,Compact Cars,Regular,Front-Wheel Drive,13.1844,Mitsubishi,Manual 5-spd,4.0,2.4
27871,Compact Cars,Regular,Front-Wheel Drive,12.6773076923077,Mitsubishi,Auto(AV-S6),4.0,2.4
27872,Compact Cars,Regular,All-Wheel Drive,13.1844,Mitsubishi,Auto(AV-S6),4.0,2.4
27873,Midsize Cars,Premium,Rear-Wheel Drive,16.4805,BMW,Automatic (S8),8.0,4.4
27874,Midsize Cars,Premium,All-Wheel Drive,17.3478947368421,BMW,Automatic (S8),8.0,4.4
27875,Midsize Cars,Regular,Rear-Wheel Drive,13.73375,Cadillac,Automatic (S6),4.0,2.0
27876,Midsize Cars,Regular,Rear-Wheel Drive,14.3308695652174,Dodge,Automatic 8-spd,6.0,3.6
27877,Midsize Cars,Premium,Rear-Wheel Drive,18.3116666666667,Dodge,Automatic 8-spd,8.0,6.4
27878,Midsize Cars,Premium,Rear-Wheel Drive,19.3888235294118,Dodge,Manual 6-spd,8.0,6.4
27879,Midsize-Large Station Wagons,Regular,Front-Wheel Drive,18.3116666666667,Audi,Manual 5-spd,5.0,2.3
27880,Midsize Cars,Premium,Rear-Wheel Drive,19.3888235294118,Dodge,Manual 6-spd,8.0,6.4
27881,Midsize Cars,Premium,Rear-Wheel Drive,18.3116666666667,Dodge,Automatic 8-spd,8.0,6.4
27882,Midsize Cars,Regular,Front-Wheel Drive,8.90837837837838,Kia,Auto(AM6),4.0,2.4
27883,Midsize Cars,Regular,Front-Wheel Drive,9.15583333333333,Kia,Auto(AM6),4.0,2.4
27884,Large Cars,Premium,All-Wheel Drive,14.3308695652174,BMW,Automatic (S8),6.0,3.0
27885,Large Cars,Premium,All-Wheel Drive,17.3478947368421,BMW,Automatic (S8),8.0,4.4
27886,Large Cars,Premium,Rear-Wheel Drive,16.4805,BMW,Automatic (S8),8.0,4.4
27887,Large Cars,Premium,All-Wheel Drive,17.3478947368421,BMW,Automatic (S8),8.0,4.4
27888,Large Cars,Premium,All-Wheel Drive,17.3478947368421,BMW,Automatic (S8),8.0,4.4
27889,Large Cars,Premium,All-Wheel Drive,17.3478947368421,BMW,Automatic (S8),8.0,4.4
27890,Midsize-Large Station Wagons,Regular,Front-Wheel Drive,15.6957142857143,Buick,Automatic 3-spd,4.0,2.5
27891,Large Cars,Premium,All-Wheel Drive,17.3478947368421,BMW,Automatic (S8),8.0,4.4
27892,Large Cars,Premium,Rear-Wheel Drive,19.3888235294118,Chevrolet,Automatic (S6),8.0,6.2
27893,Large Cars,Premium,Rear-Wheel Drive,18.3116666666667,Dodge,Automatic 8-spd,8.0,6.4
27894,Small Pickup Trucks 2WD,Regular,Rear-Wheel Drive,18.3116666666667,Toyota,Manual 6-spd,6.0,4.0
27895,Small Pickup Trucks 2WD,Regular,Rear-Wheel Drive,14.9822727272727,Toyota,Manual 5-spd,4.0,2.7
27896,Small Pickup Trucks 2WD,Regular,Rear-Wheel Drive,17.3478947368421,Toyota,Automatic 5-spd,6.0,4.0
27897,Small Pickup Trucks 2WD,Regular,Rear-Wheel Drive,15.6957142857143,Toyota,Automatic 4-spd,4.0,2.7
27898,Small Pickup Trucks 4WD,Regular,Part-time 4-Wheel Drive,19.3888235294118,Toyota,Manual 6-spd,6.0,4.0
27899,Small Pickup Trucks 4WD,Regular,Part-time 4-Wheel Drive,17.3478947368421,Toyota,Manual 5-spd,4.0,2.7
27900,Small Pickup Trucks 4WD,Regular,Part-time 4-Wheel Drive,18.3116666666667,Toyota,Automatic 5-spd,6.0,4.0
27901,Midsize-Large Station Wagons,Regular,Front-Wheel Drive,17.3478947368421,Buick,Automatic 3-spd,6.0,2.8
27902,Small Pickup Trucks 4WD,Regular,Part-time 4-Wheel Drive,17.3478947368421,Toyota,Automatic 4-spd,4.0,2.7
27903,Minivan - 2WD,Regular,Front-Wheel Drive,16.4805,Chrysler,Automatic 6-spd,6.0,3.6
27904,Minivan - 2WD,Regular,Front-Wheel Drive,16.4805,Dodge,Automatic 6-spd,6.0,3.6
27905,Minivan - 2WD,Regular,Front-Wheel Drive,14.9822727272727,Honda,Automatic 6-spd,6.0,3.5
27906,Minivan - 2WD,Regular,Front-Wheel Drive,15.6957142857143,Ram,Automatic 6-spd,6.0,3.6
27907,Minivan - 2WD,Gasoline or E85,Front-Wheel Drive,15.6957142857143,Ram,Automatic 6-spd,6.0,3.6
27908,Small Sport Utility Vehicle 2WD,Regular,Front-Wheel Drive,13.73375,Jeep,Automatic (variable gear ratios),4.0,2.0
27909,Small Sport Utility Vehicle 2WD,Regular,Front-Wheel Drive,14.3308695652174,Jeep,Automatic 6-spd,4.0,2.4
27910,Small Sport Utility Vehicle 2WD,Regular,Front-Wheel Drive,13.1844,Jeep,Manual 5-spd,4.0,2.0
27911,Small Sport Utility Vehicle 2WD,Regular,Front-Wheel Drive,13.73375,Jeep,Automatic (variable gear ratios),4.0,2.0
27912,Midsize-Large Station Wagons,Regular,Front-Wheel Drive,16.4805,Buick,Automatic 4-spd,6.0,2.8
27913,Small Sport Utility Vehicle 2WD,Regular,Front-Wheel Drive,14.3308695652174,Jeep,Automatic 6-spd,4.0,2.4
27914,Small Sport Utility Vehicle 2WD,Regular,Front-Wheel Drive,13.1844,Jeep,Manual 5-spd,4.0,2.0
27915,Small Sport Utility Vehicle 2WD,Regular,Front-Wheel Drive,16.4805,Lincoln,Automatic (S6),6.0,3.7
27916,Small Sport Utility Vehicle 4WD,Regular,4-Wheel Drive,15.6957142857143,Jeep,Automatic (variable gear ratios),4.0,2.4
27917,Small Sport Utility Vehicle 4WD,Regular,4-Wheel Drive,14.3308695652174,Jeep,Automatic 6-spd,4.0,2.4
27918,Small Sport Utility Vehicle 4WD,Regular,4-Wheel Drive,13.73375,Jeep,Manual 5-spd,4.0,2.4
27919,Small Sport Utility Vehicle 4WD,Regular,4-Wheel Drive,15.6957142857143,Jeep,Automatic (variable gear ratios),4.0,2.4
27920,Small Sport Utility Vehicle 4WD,Regular,4-Wheel Drive,14.3308695652174,Jeep,Automatic 6-spd,4.0,2.4
27921,Small Sport Utility Vehicle 4WD,Regular,4-Wheel Drive,13.73375,Jeep,Manual 5-spd,4.0,2.4
27922,Small Sport Utility Vehicle 4WD,Regular,4-Wheel Drive,15.6957142857143,Jeep,Automatic 9-spd,6.0,3.2
27923,Midsize-Large Station Wagons,Regular,Front-Wheel Drive,17.3478947368421,Buick,Automatic 4-spd,6.0,3.8
27924,Small Sport Utility Vehicle 4WD,Regular,All-Wheel Drive,17.3478947368421,Lincoln,Automatic (S6),6.0,3.7
27925,Standard Sport Utility Vehicle 4WD,Premium,4-Wheel Drive,20.600625,Land Rover,Automatic (S8),6.0,3.0
27926,Standard Sport Utility Vehicle 4WD,Premium,4-Wheel Drive,16.4805,Mercedes-Benz,Automatic 7-spd,6.0,3.0
27927,Standard Sport Utility Vehicle 4WD,Premium,4-Wheel Drive,17.3478947368421,Mercedes-Benz,Automatic 7-spd,6.0,3.0
27928,Standard Sport Utility Vehicle 4WD,Premium,All-Wheel Drive,17.3478947368421,Volkswagen,Automatic (S8),6.0,3.6
27929,Standard Sport Utility Vehicle 4WD,Regular,All-Wheel Drive,17.3478947368421,Ford,Automatic (S6),6.0,3.5
27930,Subcompact Cars,Premium,All-Wheel Drive,13.1844,BMW,Automatic (S8),4.0,2.0
27931,Compact Cars,Premium,Front-Wheel Drive,13.1844,Acura,Automatic (S9),6.0,3.5
27932,Compact Cars,Premium,Rear-Wheel Drive,12.2077777777778,BMW,Manual 6-spd,4.0,2.0
27933,Midsize Cars,Premium,Front-Wheel Drive,10.987,Dodge,Auto(AM6),4.0,1.4
27934,Midsize-Large Station Wagons,Regular,Front-Wheel Drive,14.3308695652174,Chevrolet,Automatic 3-spd,4.0,2.5
27935,Midsize Cars,Gasoline or E85,Front-Wheel Drive,12.2077777777778,Dodge,Automatic 6-spd,4.0,2.0
27936,Midsize Cars,Regular,Front-Wheel Drive,12.2077777777778,Dodge,Automatic 6-spd,4.0,2.4
27937,Midsize Cars,Regular,Front-Wheel Drive,11.3658620689655,Dodge,Manual 6-spd,4.0,2.0
27938,Midsize Cars,Regular,Front-Wheel Drive,12.2077777777778,Dodge,Manual 6-spd,4.0,2.4
27939,Midsize Cars,Premium,Front-Wheel Drive,10.3003125,Dodge,Auto(AM6),4.0,1.4
27940,Midsize Cars,Premium,Front-Wheel Drive,10.3003125,Dodge,Manual 6-spd,4.0,1.4
27941,Midsize Cars,Regular,Front-Wheel Drive,13.1844,Dodge,Automatic 6-spd,4.0,2.4
27942,Midsize Cars,Regular,Front-Wheel Drive,12.6773076923077,Dodge,Manual 6-spd,4.0,2.4
27943,Midsize Cars,Regular,Front-Wheel Drive,10.3003125,Toyota,Automatic (variable gear ratios),4.0,1.8
27944,Midsize Cars,Regular,Front-Wheel Drive,10.987,Toyota,Automatic 4-spd,4.0,1.8
27945,Compact Cars,Premium,Rear-Wheel Drive,18.3116666666667,Peugeot,Manual 5-spd,4.0,2.1
27946,Midsize-Large Station Wagons,Regular,Front-Wheel Drive,17.3478947368421,Chevrolet,Automatic 3-spd,6.0,2.8
27947,Midsize Cars,Regular,Front-Wheel Drive,10.6325806451613,Toyota,Manual 6-spd,4.0,1.8
27948,Midsize Cars,Regular,Front-Wheel Drive,9.69441176470588,Toyota,Automatic (variable gear ratios),4.0,1.8
27949,Midsize Cars,Regular,Front-Wheel Drive,9.98818181818182,Toyota,Automatic (variable gear ratios),4.0,1.8
27950,Midsize Cars,Regular,Front-Wheel Drive,10.6325806451613,Toyota,Auto(AV-S7),4.0,1.8
27951,Large Cars,Premium,Rear-Wheel Drive,17.3478947368421,BMW,Automatic (S8),8.0,4.4
27952,Large Cars,Premium,Rear-Wheel Drive,17.3478947368421,BMW,Automatic (S8),8.0,4.4
27953,Large Cars,Premium,Rear-Wheel Drive,17.3478947368421,BMW,Automatic (S8),8.0,4.4
27954,Large Cars,Premium,Rear-Wheel Drive,17.3478947368421,BMW,Automatic (S8),8.0,4.4
27955,Minivan - 2WD,Gasoline or E85,Front-Wheel Drive,16.4805,Chrysler,Automatic 6-spd,6.0,3.6
27956,Minivan - 2WD,Gasoline or E85,Front-Wheel Drive,16.4805,Dodge,Automatic 6-spd,6.0,3.6
27957,Midsize-Large Station Wagons,Regular,Front-Wheel Drive,16.4805,Chevrolet,Automatic 4-spd,6.0,2.8
27958,Small Sport Utility Vehicle 2WD,Regular,Front-Wheel Drive,13.1844,Jeep,Manual 5-spd,4.0,2.4
27959,Small Sport Utility Vehicle 2WD,Regular,Front-Wheel Drive,13.1844,Jeep,Manual 5-spd,4.0,2.4
27960,Small Sport Utility Vehicle 2WD,Regular,Front-Wheel Drive,14.3308695652174,Toyota,Automatic (S6),4.0,2.7
27961,Small Sport Utility Vehicle 2WD,Regular,Front-Wheel Drive,15.6957142857143,Toyota,Automatic (S6),6.0,3.5
27962,Small Sport Utility Vehicle 2WD,Regular,Front-Wheel Drive,14.9822727272727,Toyota,Automatic (S6),4.0,2.7
27963,Small Sport Utility Vehicle 2WD,Regular,Front-Wheel Drive,15.6957142857143,Toyota,Automatic (S6),6.0,3.5
27964,Small Sport Utility Vehicle 4WD,Regular,All-Wheel Drive,14.9822727272727,Toyota,Automatic (S6),4.0,2.7
27965,Small Sport Utility Vehicle 4WD,Regular,All-Wheel Drive,15.6957142857143,Toyota,Automatic (S6),6.0,3.5
27966,Standard Sport Utility Vehicle 2WD,Premium,Rear-Wheel Drive,14.9822727272727,BMW,Automatic (S8),6.0,3.0
27967,Standard Sport Utility Vehicle 2WD,Premium,Rear-Wheel Drive,14.9822727272727,BMW,Automatic (S8),6.0,3.0
27968,Midsize-Large Station Wagons,Regular,Front-Wheel Drive,16.4805,Chevrolet,Manual 5-spd,6.0,2.8
27969,Standard Sport Utility Vehicle 4WD,Premium,All-Wheel Drive,15.6957142857143,BMW,Automatic (S8),6.0,3.0
27970,Standard Sport Utility Vehicle 4WD,Premium,All-Wheel Drive,19.3888235294118,BMW,Automatic (S8),8.0,4.4
27971,Standard Sport Utility Vehicle 4WD,Premium,All-Wheel Drive,15.6957142857143,BMW,Automatic (S8),6.0,3.0
27972,Standard Sport Utility Vehicle 4WD,Premium,All-Wheel Drive,19.3888235294118,BMW,Automatic (S8),8.0,4.4
27973,Standard Sport Utility Vehicle 4WD,Regular,All-Wheel Drive,16.4805,Toyota,Automatic (S6),6.0,3.5
27974,Standard Sport Utility Vehicle 4WD,Regular,All-Wheel Drive,11.7717857142857,Toyota,Auto(AV-S6),6.0,3.5
27975,Standard Sport Utility Vehicle 4WD,Regular,All-Wheel Drive,11.7717857142857,Toyota,Auto(AV-S6),6.0,3.5
27976,Two Seaters,Premium,Rear-Wheel Drive,11.7717857142857,Alfa Romeo,Auto(AM6),4.0,1.8
27977,Two Seaters,Premium,Rear-Wheel Drive,23.5435714285714,Ferrari,Auto(AM7),8.0,4.5
27978,Two Seaters,Premium,Rear-Wheel Drive,21.974,Ferrari,Auto(AM7),8.0,4.5
27979,Midsize-Large Station Wagons,Premium,Front-Wheel Drive,17.3478947368421,Chrysler,Automatic 3-spd,4.0,2.2
27980,Two Seaters,Premium,Rear-Wheel Drive,23.5435714285714,Ferrari,Auto(AM7),8.0,4.5
27981,Two Seaters,Premium,Rear-Wheel Drive,21.974,Ferrari,Auto(AM7),8.0,4.5
27982,Two Seaters,Premium,Rear-Wheel Drive,23.5435714285714,Ferrari,Auto(AM7),8.0,4.5
27983,Two Seaters,Premium,Rear-Wheel Drive,21.974,Ferrari,Auto(AM7),8.0,4.5
27984,Two Seaters,Premium,Rear-Wheel Drive,23.5435714285714,Ferrari,Auto(AM7),8.0,4.5
27985,Two Seaters,Premium,Rear-Wheel Drive,21.974,Ferrari,Auto(AM7),8.0,4.5
27986,Two Seaters,Premium,Rear-Wheel Drive,25.3546153846154,Ferrari,Auto(AM7),12.0,6.3
27987,Minicompact Cars,Regular,Front-Wheel Drive,8.90837837837838,Scion,Automatic (variable gear ratios),4.0,1.3
27988,Compact Cars,Diesel,Rear-Wheel Drive,10.61625,BMW,Automatic (S8),4.0,2.0
27989,Compact Cars,Diesel,All-Wheel Drive,11.2407352941176,BMW,Automatic (S8),4.0,2.0
27990,Midsize-Large Station Wagons,Regular,Front-Wheel Drive,15.6957142857143,Chrysler,Automatic 3-spd,4.0,2.5
27991,Compact Cars,Premium,Rear-Wheel Drive,11.7717857142857,BMW,Automatic (S8),6.0,3.0
27992,Compact Cars,Regular,Front-Wheel Drive,10.6325806451613,Kia,Automatic (S6),4.0,1.6
27993,Compact Cars,Premium,4-Wheel Drive,12.2077777777778,Mercedes-Benz,Automatic 7-spd,4.0,2.0
27994,Compact Cars,Premium,Rear-Wheel Drive,23.5435714285714,Rolls-Royce,Automatic (S8),12.0,6.7
27995,Compact Cars,Premium,Rear-Wheel Drive,23.5435714285714,Rolls-Royce,Automatic (S8),12.0,6.7
27996,Midsize Cars,Premium,Rear-Wheel Drive,12.6773076923077,BMW,Automatic (S8),6.0,3.0
27997,Midsize Cars,Premium,Part-time 4-Wheel Drive,25.3546153846154,Ferrari,Auto(AM7),12.0,6.3
27998,Midsize Cars,Premium,Part-time 4-Wheel Drive,25.3546153846154,Ferrari,Auto(AM7),12.0,6.3
27999,Midsize Cars,Regular,Front-Wheel Drive,15.6957142857143,Honda,Manual 6-spd,6.0,3.5
28000,Midsize Cars,Regular,Front-Wheel Drive,13.1844,Honda,Automatic 6-spd,6.0,3.5
28001,Midsize-Large Station Wagons,Regular,Front-Wheel Drive,16.4805,Nissan,Automatic 4-spd,4.0,2.0
28002,Midsize Cars,Regular,Front-Wheel Drive,13.73375,Honda,Automatic (S6),6.0,3.5
28003,Midsize Cars,Regular,Front-Wheel Drive,12.2077777777778,Honda,Manual 6-spd,4.0,2.4
28004,Midsize Cars,Regular,Front-Wheel Drive,10.987,Honda,Automatic (variable gear ratios),4.0,2.4
28005,Midsize Cars,Regular,Front-Wheel Drive,11.3658620689655,Honda,Auto(AV-S7),4.0,2.4
28006,Midsize Cars,Premium,Rear-Wheel Drive,14.9822727272727,Infiniti,Automatic (S7),6.0,3.7
28007,Midsize Cars,Premium,All-Wheel Drive,16.4805,Infiniti,Automatic (S7),6.0,3.7
28008,Midsize Cars,Regular,Front-Wheel Drive,6.866875,Toyota,Automatic (variable gear ratios),4.0,1.8
28009,Large Cars,Premium,Rear-Wheel Drive,14.9822727272727,BMW,Automatic (S8),6.0,3.0
28010,Large Cars,Premium,All-Wheel Drive,15.6957142857143,BMW,Automatic (S8),6.0,3.0
28011,Large Cars,Premium,Rear-Wheel Drive,14.9822727272727,BMW,Automatic (S8),6.0,3.0
28012,Midsize-Large Station Wagons,Regular,Front-Wheel Drive,14.9822727272727,Nissan,Manual 5-spd,4.0,2.0
28013,Large Cars,Premium,Rear-Wheel Drive,14.9822727272727,BMW,Automatic (S8),6.0,3.0
28014,Large Cars,Premium,All-Wheel Drive,14.9822727272727,BMW,Automatic (S8),6.0,3.0
28015,Large Cars,Premium,Rear-Wheel Drive,13.1844,BMW,Automatic (S8),6.0,3.0
28016,Large Cars,Regular,Front-Wheel Drive,10.6325806451613,Hyundai,Auto(AM7),4.0,1.6
28017,Large Cars,Premium,Rear-Wheel Drive,23.5435714285714,Rolls-Royce,Automatic (S8),12.0,6.7
28018,Large Cars,Premium,Rear-Wheel Drive,23.5435714285714,Rolls-Royce,Automatic (S8),12.0,6.7
28019,Large Cars,Premium,Rear-Wheel Drive,21.974,Rolls-Royce,Automatic (S8),12.0,6.6
28020,Large Cars,Premium,Rear-Wheel Drive,21.974,Rolls-Royce,Automatic (S8),12.0,6.6
28021,Small Station Wagons,Diesel,All-Wheel Drive,11.2407352941176,BMW,Automatic (S8),4.0,2.0
28022,Standard Pickup Trucks 2WD,Regular,Rear-Wheel Drive,17.3478947368421,Chevrolet,Automatic 6-spd,8.0,5.3
28023,Midsize-Large Station Wagons,Regular,Front-Wheel Drive,15.6957142857143,Dodge,Automatic 3-spd,4.0,2.2
28024,Standard Pickup Trucks 2WD,Gasoline or E85,Rear-Wheel Drive,16.4805,Chevrolet,Automatic 6-spd,6.0,4.3
28025,Standard Pickup Trucks 2WD,Regular,Rear-Wheel Drive,17.3478947368421,GMC,Automatic 6-spd,8.0,5.3
28026,Standard Pickup Trucks 2WD,Gasoline or E85,Rear-Wheel Drive,16.4805,GMC,Automatic 6-spd,6.0,4.3
28027,Standard Pickup Trucks 4WD,Regular,4-Wheel Drive,18.3116666666667,Chevrolet,Automatic 6-spd,8.0,5.3
28028,Standard Pickup Trucks 4WD,Gasoline or E85,4-Wheel Drive,17.3478947368421,Chevrolet,Automatic 6-spd,6.0,4.3
28029,Standard Pickup Trucks 4WD,Regular,4-Wheel Drive,18.3116666666667,GMC,Automatic 6-spd,8.0,5.3
28030,Standard Pickup Trucks 4WD,Gasoline or E85,4-Wheel Drive,17.3478947368421,GMC,Automatic 6-spd,6.0,4.3
28031,Small Sport Utility Vehicle 2WD,Regular,Front-Wheel Drive,12.6773076923077,Toyota,Automatic (S6),4.0,2.5
28032,Small Sport Utility Vehicle 4WD,Regular,All-Wheel Drive,13.1844,Toyota,Automatic (S6),4.0,2.5
28033,Small Sport Utility Vehicle 4WD,Regular,All-Wheel Drive,13.73375,Toyota,Automatic (S6),4.0,2.5
28034,Midsize-Large Station Wagons,Regular,Front-Wheel Drive,13.73375,Dodge,Manual 5-spd,4.0,2.2
28035,Special Purpose Vehicle 2WD,Gasoline or E85,Rear-Wheel Drive,19.3888235294118,Chevrolet,Automatic 6-spd,8.0,5.3
28036,Special Purpose Vehicle 2WD,Regular,Rear-Wheel Drive,19.3888235294118,Chevrolet,Automatic 6-spd,8.0,5.3
28037,Special Purpose Vehicle 2WD,Gasoline or E85,Rear-Wheel Drive,18.3116666666667,Chevrolet,Automatic 6-spd,6.0,4.3
28038,Special Purpose Vehicle 2WD,Gasoline or E85,Rear-Wheel Drive,19.3888235294118,GMC,Automatic 6-spd,8.0,5.3
28039,Special Purpose Vehicle 2WD,Regular,Rear-Wheel Drive,19.3888235294118,GMC,Automatic 6-spd,8.0,5.3
28040,Special Purpose Vehicle 2WD,Gasoline or E85,Rear-Wheel Drive,18.3116666666667,GMC,Automatic 6-spd,6.0,4.3
28041,Standard Sport Utility Vehicle 2WD,Regular,Rear-Wheel Drive,17.3478947368421,Toyota,Automatic (S5),6.0,4.0
28042,Standard Sport Utility Vehicle 4WD,Diesel,All-Wheel Drive,14.155,BMW,Automatic (S8),6.0,3.0
28043,Special Purpose Vehicle 4WD,Gasoline or E85,4-Wheel Drive,19.3888235294118,Chevrolet,Automatic 6-spd,8.0,5.3
28044,Special Purpose Vehicle 4WD,Regular,4-Wheel Drive,19.3888235294118,Chevrolet,Automatic 6-spd,8.0,5.3
28045,Midsize-Large Station Wagons,Regular,Front-Wheel Drive,15.6957142857143,Dodge,Automatic 3-spd,4.0,2.5
28046,Special Purpose Vehicle 4WD,Gasoline or E85,4-Wheel Drive,18.3116666666667,Chevrolet,Automatic 6-spd,6.0,4.3
28047,Special Purpose Vehicle 4WD,Gasoline or E85,4-Wheel Drive,19.3888235294118,GMC,Automatic 6-spd,8.0,5.3
28048,Special Purpose Vehicle 4WD,Regular,4-Wheel Drive,19.3888235294118,GMC,Automatic 6-spd,8.0,5.3
28049,Special Purpose Vehicle 4WD,Gasoline or E85,4-Wheel Drive,18.3116666666667,GMC,Automatic 6-spd,6.0,4.3
28050,Standard Sport Utility Vehicle 4WD,Regular,Part-time 4-Wheel Drive,18.3116666666667,Toyota,Automatic (S5),6.0,4.0
28051,Standard Sport Utility Vehicle 4WD,Regular,4-Wheel Drive,21.974,Toyota,Automatic (S6),8.0,5.7
28052,Standard Sport Utility Vehicle 4WD,Regular,All-Wheel Drive,18.3116666666667,Toyota,Automatic (S5),6.0,4.0
28053,Midsize Cars,Regular Gas and Electricity,Front-Wheel Drive,4.737143959183671,Toyota,Automatic (variable gear ratios),4.0,1.8
28054,Subcompact Cars,Premium and Electricity,All-Wheel Drive,7.35692427761084,BMW,Automatic 6-spd,3.0,1.5
28055,Compact Cars,Diesel,Rear-Wheel Drive,17.3720454545455,Peugeot,Automatic 3-spd,4.0,2.5
28056,Midsize-Large Station Wagons,Regular,Front-Wheel Drive,15.6957142857143,Ford,Manual 5-spd,4.0,2.5
28057,Two Seaters,Premium and Electricity,Rear-Wheel Drive,10.7943661125,McLaren Automotive,Automatic 7-spd,8.0,3.8
28058,Small Station Wagons,Electricity,Front-Wheel Drive,0.192,Kia,Automatic (A1),,
28059,Two Seaters,Premium,Rear-Wheel Drive,16.4805,Chevrolet,Automatic (S8),8.0,6.2
28060,Two Seaters,Premium,Rear-Wheel Drive,25.3546153846154,Ferrari,Auto(AM7),12.0,6.3
28061,Two Seaters,Premium,Rear-Wheel Drive,18.3116666666667,McLaren Automotive,Automatic 7-spd,8.0,3.8
28062,Two Seaters,Premium,Rear-Wheel Drive,18.3116666666667,McLaren Automotive,Automatic 7-spd,8.0,3.8
28063,Minicompact Cars,Premium,Rear-Wheel Drive,20.600625,Aston Martin,Automatic (S8),12.0,6.0
28064,Minicompact Cars,Premium,Rear-Wheel Drive,18.3116666666667,Ferrari,Auto(AM7),8.0,3.9
28065,Minicompact Cars,Premium,Rear-Wheel Drive,17.3478947368421,Ferrari,Auto(AM7),8.0,3.9
28066,Subcompact Cars,Premium,Rear-Wheel Drive,19.3888235294118,Aston Martin,Automatic (S8),12.0,6.0
28067,Midsize-Large Station Wagons,Regular,Front-Wheel Drive,16.4805,Ford,Automatic 4-spd,6.0,3.0
28068,Subcompact Cars,Premium,Rear-Wheel Drive,17.3478947368421,BMW,Auto(AM-S7),6.0,3.0
28069,Compact Cars,Premium,All-Wheel Drive,13.1844,Acura,Automatic (S9),6.0,3.5
28070,Compact Cars,Regular,Front-Wheel Drive,7.84785714285714,Lexus,Automatic (variable gear ratios),4.0,1.8
28071,Compact Cars,Regular,All-Wheel Drive,11.7717857142857,Subaru,Manual 5-spd,4.0,2.0
28072,Compact Cars,Regular,All-Wheel Drive,10.6325806451613,Subaru,Auto(AV-S6),4.0,2.0
28073,Compact Cars,Regular,Front-Wheel Drive,11.7717857142857,Volkswagen,Manual 5-spd,4.0,2.0
28074,Midsize-Large Station Wagons,Regular,Front-Wheel Drive,17.3478947368421,Ford,Automatic 4-spd,6.0,3.0
28075,Compact Cars,Regular,Front-Wheel Drive,11.3658620689655,Volkswagen,Manual 5-spd,4.0,1.8
28076,Compact Cars,Regular,Front-Wheel Drive,11.3658620689655,Volkswagen,Automatic (S6),4.0,1.8
28077,Compact Cars,Regular,Front-Wheel Drive,12.6773076923077,Volkswagen,Automatic (S6),4.0,2.0
28078,Midsize Cars,Diesel,Rear-Wheel Drive,12.7395,BMW,Automatic (S8),6.0,3.0
28079,Midsize Cars,Diesel,All-Wheel Drive,12.7395,BMW,Automatic (S8),6.0,3.0
28080,Midsize Cars,Regular,Front-Wheel Drive,10.987,Chevrolet,Automatic 6-spd,4.0,1.4
28081,Midsize Cars,Regular,Front-Wheel Drive,10.3003125,Chevrolet,Manual 6-spd,4.0,1.4
28082,Midsize Cars,Regular,Front-Wheel Drive,7.01297872340426,Honda,Automatic (variable gear ratios),4.0,2.0
28083,Midsize Cars,Premium,Rear-Wheel Drive,21.974,Rolls-Royce,Automatic (S8),12.0,6.6
28084,Large Cars,Premium,Rear-Wheel Drive,21.974,BMW,Automatic (S8),12.0,6.0
28085,Midsize-Large Station Wagons,Regular,Front-Wheel Drive,16.4805,Mercury,Automatic 4-spd,6.0,3.0
28086,Small Station Wagons,Regular,All-Wheel Drive,11.7717857142857,Subaru,Manual 5-spd,4.0,2.0
28087,Small Station Wagons,Regular,All-Wheel Drive,10.6325806451613,Subaru,Auto(AV-S6),4.0,2.0
28088,Small Station Wagons,Regular,All-Wheel Drive,12.2077777777778,Subaru,Manual 5-spd,4.0,2.0
28089,Small Station Wagons,Regular,All-Wheel Drive,10.987,Subaru,Auto(AV-S6),4.0,2.0
28090,Small Pickup Trucks 2WD,Regular,Rear-Wheel Drive,17.3478947368421,Nissan,Automatic 5-spd,4.0,2.5
28091,Small Pickup Trucks 2WD,Regular,Rear-Wheel Drive,15.6957142857143,Nissan,Manual 5-spd,4.0,2.5
28092,Small Pickup Trucks 2WD,Regular,Rear-Wheel Drive,18.3116666666667,Nissan,Automatic 5-spd,6.0,4.0
28093,Small Pickup Trucks 4WD,Regular,4-Wheel Drive,19.3888235294118,Nissan,Automatic 5-spd,6.0,4.0
28094,Small Pickup Trucks 4WD,Regular,4-Wheel Drive,18.3116666666667,Nissan,Manual 6-spd,6.0,4.0
28095,Minivan - 2WD,Regular,Front-Wheel Drive,16.4805,Kia,Automatic (S6),6.0,3.3
28096,Midsize-Large Station Wagons,Regular,Front-Wheel Drive,17.3478947368421,Mercury,Automatic 4-spd,6.0,3.0
28097,Minivan - 2WD,Regular,Front-Wheel Drive,15.6957142857143,Kia,Automatic (S6),6.0,3.3
28098,Minivan - 2WD,Regular,Front-Wheel Drive,17.3478947368421,Kia,Automatic (S6),6.0,3.3
28099,Small Sport Utility Vehicle 2WD,Regular,Front-Wheel Drive,11.7717857142857,Buick,Automatic (S6),4.0,1.4
28100,Small Sport Utility Vehicle 2WD,Regular,Rear-Wheel Drive,18.3116666666667,Nissan,Automatic 5-spd,6.0,4.0
28101,Small Sport Utility Vehicle 4WD,Regular,All-Wheel Drive,12.6773076923077,Buick,Automatic (S6),4.0,1.4
28102,Small Sport Utility Vehicle 4WD,Regular,All-Wheel Drive,12.2077777777778,Chevrolet,Automatic (S6),4.0,1.4
28103,Small Sport Utility Vehicle 4WD,Regular,4-Wheel Drive,19.3888235294118,Nissan,Automatic 5-spd,6.0,4.0
28104,Small Sport Utility Vehicle 4WD,Regular,4-Wheel Drive,19.3888235294118,Nissan,Manual 6-spd,6.0,4.0
28105,Standard Sport Utility Vehicle 2WD,Regular,Rear-Wheel Drive,21.974,Toyota,Automatic (S6),8.0,5.7
28106,Standard Sport Utility Vehicle 4WD,Premium,4-Wheel Drive,19.3888235294118,Lexus,Automatic (S6),8.0,4.6
28107,Midsize-Large Station Wagons,Diesel,Rear-Wheel Drive,17.3720454545455,Mercedes-Benz,Automatic 4-spd,6.0,3.0
28108,Standard Sport Utility Vehicle 4WD,Gasoline or E85,Part-time 4-Wheel Drive,21.974,Toyota,Automatic (S6),8.0,5.7
28109,Standard Sport Utility Vehicle 4WD,Regular,Part-time 4-Wheel Drive,23.5435714285714,Toyota,Automatic (S6),8.0,5.7
28110,Two Seaters,Premium and Electricity,Rear-Wheel Drive,10.7943661125,McLaren Automotive,Automatic 7-spd,8.0,3.8
28111,Two Seaters,Premium,Rear-Wheel Drive,23.5435714285714,Ferrari,Auto(AM7),8.0,4.5
28112,Two Seaters,Premium,Rear-Wheel Drive,21.974,Ferrari,Auto(AM7),8.0,4.5
28113,Special Purpose Vehicle 2WD,CNG,Rear-Wheel Drive,0.143076923076923,Mobility Ventures LLC,Automatic 4-spd,8.0,4.6
28114,Two Seaters,Premium,Rear-Wheel Drive,21.974,Dodge,Manual 6-spd,10.0,8.4
28115,Two Seaters,Regular,Front-Wheel Drive,9.15583333333333,Honda,Auto(AV-S7),4.0,1.5
28116,Two Seaters,Regular,Front-Wheel Drive,9.98818181818182,Honda,Manual 6-spd,4.0,1.5
28117,Subcompact Cars,Regular,Rear-Wheel Drive,15.6957142857143,Ford,Manual 6-spd,6.0,3.7
28118,Midsize-Large Station Wagons,Regular,Rear-Wheel Drive,16.4805,Mcevoy Motors,Automatic 4-spd,4.0,2.3
28119,Subcompact Cars,Regular,Rear-Wheel Drive,14.9822727272727,Ford,Automatic 6-spd,6.0,3.7
28120,Subcompact Cars,Regular,Rear-Wheel Drive,17.3478947368421,Ford,Manual 6-spd,8.0,5.0
28121,Subcompact Cars,Regular,Rear-Wheel Drive,13.1844,Ford,Manual 6-spd,4.0,2.3
28122,Subcompact Cars,Regular,Rear-Wheel Drive,13.1844,Ford,Automatic (S6),4.0,2.3
28123,Subcompact Cars,Regular,Rear-Wheel Drive,17.3478947368421,Ford,Automatic 6-spd,8.0,5.0
28124,Subcompact Cars,Premium,Rear-Wheel Drive,14.9822727272727,Lexus,Automatic (S6),6.0,3.5
28125,Subcompact Cars,Premium,Rear-Wheel Drive,13.73375,Lexus,Automatic (S6),6.0,2.5
28126,Compact Cars,Regular,Front-Wheel Drive,7.49113636363637,Honda,Automatic (variable gear ratios),4.0,1.5
28127,Compact Cars,Regular,Front-Wheel Drive,9.98818181818182,Honda,Automatic (variable gear ratios),4.0,1.8
28128,Compact Cars,Regular,Front-Wheel Drive,10.3003125,Honda,Auto(AV-S7),4.0,1.8
28129,Midsize-Large Station Wagons,Regular,Rear-Wheel Drive,16.4805,Mcevoy Motors,Automatic 4-spd,4.0,2.3
28130,Compact Cars,Regular,Front-Wheel Drive,10.6325806451613,Honda,Manual 5-spd,4.0,1.8
28131,Compact Cars,Regular,Front-Wheel Drive,9.69441176470588,Honda,Automatic (variable gear ratios),4.0,1.8
28132,Compact Cars,Premium,Front-Wheel Drive,13.1844,Honda,Manual 6-spd,4.0,2.4
28133,Compact Cars,Premium,Front-Wheel Drive,7.49113636363637,Volkswagen,Auto(AM-S7),4.0,1.4
28134,Midsize Cars,Premium,Rear-Wheel Drive,10.6325806451613,Infiniti,Automatic (S7),6.0,3.5
28135,Small Pickup Trucks 2WD,Regular,Rear-Wheel Drive,15.6957142857143,Chevrolet,Automatic 6-spd,6.0,3.6
28136,Small Pickup Trucks 2WD,Regular,Rear-Wheel Drive,15.6957142857143,GMC,Automatic 6-spd,6.0,3.6
28137,Small Pickup Trucks 4WD,Regular,4-Wheel Drive,16.4805,Chevrolet,Automatic 6-spd,6.0,3.6
28138,Small Pickup Trucks 4WD,Regular,4-Wheel Drive,16.4805,GMC,Automatic 6-spd,6.0,3.6
28139,Standard Pickup Trucks 2WD,Regular,Rear-Wheel Drive,19.3888235294118,Toyota,Automatic (S6),8.0,4.6
28140,Midsize-Large Station Wagons,Regular,Rear-Wheel Drive,19.3888235294118,Oldsmobile,Automatic 4-spd,8.0,5.0
28141,Standard Pickup Trucks 2WD,Regular,Rear-Wheel Drive,21.974,Toyota,Automatic (S6),8.0,5.7
28142,Standard Pickup Trucks 4WD,Regular,Part-time 4-Wheel Drive,20.600625,Toyota,Automatic (S6),8.0,4.6
28143,Standard Pickup Trucks 4WD,Gasoline or E85,Part-time 4-Wheel Drive,21.974,Toyota,Automatic (S6),8.0,5.7
28144,Standard Pickup Trucks 4WD,Regular,Part-time 4-Wheel Drive,21.974,Toyota,Automatic (S6),8.0,5.7
28145,Special Purpose Vehicle 2WD,Regular,Rear-Wheel Drive,20.600625,Chevrolet,Automatic 6-spd,6.0,3.6
28146,Special Purpose Vehicle 2WD,Regular,Rear-Wheel Drive,20.600625,GMC,Automatic 6-spd,6.0,3.6
28147,Minivan - 2WD,Regular,Front-Wheel Drive,15.6957142857143,Toyota,Automatic (S6),6.0,3.5
28148,Minivan - 4WD,Regular,All-Wheel Drive,17.3478947368421,Toyota,Automatic (S6),6.0,3.5
28149,Small Sport Utility Vehicle 2WD,Regular,Front-Wheel Drive,12.6773076923077,Ford,Automatic (S6),4.0,1.6
28150,Small Sport Utility Vehicle 2WD,Regular,Front-Wheel Drive,13.73375,Ford,Automatic (S6),4.0,2.0
28151,Midsize-Large Station Wagons,Regular,Front-Wheel Drive,15.6957142857143,Oldsmobile,Automatic 3-spd,4.0,2.5
28152,Small Sport Utility Vehicle 2WD,Regular,Front-Wheel Drive,13.1844,Ford,Automatic (S6),4.0,2.5
28153,Small Sport Utility Vehicle 2WD,Regular,Front-Wheel Drive,13.1844,Honda,Automatic 5-spd,4.0,2.4
28154,Small Sport Utility Vehicle 2WD,Regular,Front-Wheel Drive,14.3308695652174,Honda,Automatic (S6),6.0,3.5
28155,Small Sport Utility Vehicle 2WD,Regular,Front-Wheel Drive,15.6957142857143,Hyundai,Automatic (S6),6.0,3.3
28156,Small Sport Utility Vehicle 2WD,Regular,Front-Wheel Drive,16.4805,Hyundai,Automatic (S6),6.0,3.3
28157,Small Sport Utility Vehicle 2WD,Regular,Front-Wheel Drive,11.7717857142857,Nissan,Automatic (variable gear ratios),4.0,2.5
28158,Small Sport Utility Vehicle 4WD,Regular,All-Wheel Drive,13.1844,Ford,Automatic (S6),4.0,1.6
28159,Small Sport Utility Vehicle 4WD,Regular,All-Wheel Drive,14.3308695652174,Ford,Automatic (S6),4.0,2.0
28160,Small Sport Utility Vehicle 4WD,Regular,All-Wheel Drive,14.9822727272727,Honda,Automatic (S6),6.0,3.5
28161,Small Sport Utility Vehicle 4WD,Regular,All-Wheel Drive,16.4805,Hyundai,Automatic (S6),6.0,3.3
28162,Compact Cars,Diesel,Rear-Wheel Drive,14.6994230769231,Peugeot,Manual 5-spd,4.0,2.5
28163,Midsize-Large Station Wagons,Regular,Front-Wheel Drive,17.3478947368421,Oldsmobile,Automatic 3-spd,6.0,2.8
28164,Small Sport Utility Vehicle 4WD,Regular,All-Wheel Drive,17.3478947368421,Hyundai,Automatic (S6),6.0,3.3
28165,Small Sport Utility Vehicle 4WD,Regular,All-Wheel Drive,12.2077777777778,Nissan,Automatic (variable gear ratios),4.0,2.5
28166,Standard Sport Utility Vehicle 2WD,Regular,Rear-Wheel Drive,18.3116666666667,Ford,Automatic (S6),6.0,3.5
28167,Standard Sport Utility Vehicle 2WD,Regular,Rear-Wheel Drive,19.3888235294118,Ford,Automatic (S6),6.0,3.5
28168,Standard Sport Utility Vehicle 2WD,Regular,Rear-Wheel Drive,18.3116666666667,Lincoln,Automatic (S6),6.0,3.5
28169,Standard Sport Utility Vehicle 2WD,Regular,Rear-Wheel Drive,19.3888235294118,Lincoln,Automatic (S6),6.0,3.5
28170,Standard Sport Utility Vehicle 4WD,Regular,Part-time 4-Wheel Drive,19.3888235294118,Ford,Automatic (S6),6.0,3.5
28171,Standard Sport Utility Vehicle 4WD,Regular,Part-time 4-Wheel Drive,20.600625,Ford,Automatic (S6),6.0,3.5
28172,Standard Sport Utility Vehicle 4WD,Regular,Part-time 4-Wheel Drive,19.3888235294118,Lincoln,Automatic (S6),6.0,3.5
28173,Standard Sport Utility Vehicle 4WD,Regular,Part-time 4-Wheel Drive,20.600625,Lincoln,Automatic (S6),6.0,3.5
28174,Midsize-Large Station Wagons,Regular,Front-Wheel Drive,16.4805,Oldsmobile,Automatic 4-spd,6.0,2.8
28175,Midsize Cars,Regular,Front-Wheel Drive,11.7717857142857,Hyundai,Automatic (S6),4.0,2.0
28176,Midsize Cars,Regular,Front-Wheel Drive,12.2077777777778,Hyundai,Manual 6-spd,4.0,2.0
28177,Midsize Cars,Premium,Rear-Wheel Drive,17.3478947368421,Infiniti,Automatic (S7),8.0,5.6
28178,Midsize Cars,Premium,All-Wheel Drive,18.3116666666667,Infiniti,Automatic (S7),8.0,5.6
28179,Midsize Cars,Premium,Rear-Wheel Drive,15.6957142857143,Infiniti,Automatic (S7),6.0,3.7
28180,Midsize Cars,Premium,All-Wheel Drive,16.4805,Infiniti,Automatic (S7),6.0,3.7
28181,Midsize Cars,Regular,Front-Wheel Drive,8.24025,Lexus,Auto(AV-S6),4.0,2.5
28182,Midsize Cars,Regular,Front-Wheel Drive,13.73375,Lexus,Automatic (S6),6.0,3.5
28183,Midsize Station Wagons,Premium,4-Wheel Drive,13.1844,Mercedes-Benz,Auto(AM7),4.0,2.0
28184,Small Pickup Trucks 2WD,Regular,Rear-Wheel Drive,17.3478947368421,Nissan,Manual 6-spd,6.0,4.0
28185,Midsize-Large Station Wagons,Regular,Front-Wheel Drive,17.3478947368421,Oldsmobile,Automatic 4-spd,6.0,3.8
28186,Small Sport Utility Vehicle 2WD,Regular,Front-Wheel Drive,14.3308695652174,Hyundai,Automatic (S6),4.0,2.4
28187,Small Sport Utility Vehicle 2WD,Regular,Front-Wheel Drive,14.9822727272727,Hyundai,Automatic (S6),4.0,2.0
28188,Small Sport Utility Vehicle 2WD,Regular,Front-Wheel Drive,14.9822727272727,Hyundai,Automatic (S6),4.0,2.0
28189,Small Sport Utility Vehicle 4WD,Regular,All-Wheel Drive,15.6957142857143,Hyundai,Automatic (S6),4.0,2.4
28190,Small Sport Utility Vehicle 4WD,Regular,All-Wheel Drive,16.4805,Hyundai,Automatic (S6),4.0,2.0
28191,Small Sport Utility Vehicle 4WD,Premium,4-Wheel Drive,12.2077777777778,Mercedes-Benz,Auto(AM7),4.0,2.0
28192,Standard Sport Utility Vehicle 2WD,Premium,Rear-Wheel Drive,20.600625,Infiniti,Automatic (S7),8.0,5.6
28193,Standard Sport Utility Vehicle 4WD,Premium,4-Wheel Drive,20.600625,Infiniti,Automatic (S7),8.0,5.6
28194,Standard Sport Utility Vehicle 4WD,Premium,4-Wheel Drive,20.600625,Land Rover,Automatic (S8),8.0,5.0
28195,Standard Sport Utility Vehicle 4WD,Premium,4-Wheel Drive,23.5435714285714,Lexus,Automatic (S6),8.0,5.7
28196,Midsize-Large Station Wagons,Regular,Rear-Wheel Drive,17.3478947368421,Peugeot,Automatic 4-spd,4.0,2.0
28197,Standard Sport Utility Vehicle 4WD,Premium,All-Wheel Drive,15.6957142857143,Volkswagen,Automatic (S8),6.0,3.0
28198,Midsize Cars,Diesel,Front-Wheel Drive,11.94328125,Chevrolet,Automatic (S6),4.0,2.0
28199,Midsize Cars,Premium,Rear-Wheel Drive,20.600625,Dodge,Automatic 8-spd,8.0,6.2
28200,Midsize Cars,Regular,Front-Wheel Drive,11.7717857142857,Toyota,Automatic (S6),4.0,2.5
28201,Midsize Cars,Regular,Front-Wheel Drive,13.1844,Toyota,Automatic (S6),6.0,3.5
28202,Midsize Cars,Regular,Front-Wheel Drive,8.24025,Toyota,Automatic (variable gear ratios),4.0,2.5
28203,Midsize Cars,Regular,Front-Wheel Drive,8.45153846153846,Toyota,Automatic (variable gear ratios),4.0,2.5
28204,Large Cars,Regular,Front-Wheel Drive,8.45153846153846,Ford,Automatic (variable gear ratios),4.0,2.0
28205,Standard Pickup Trucks 2WD,Midgrade,Rear-Wheel Drive,20.600625,Ram,Automatic 6-spd,8.0,5.7
28206,Midsize-Large Station Wagons,Premium,Rear-Wheel Drive,18.3116666666667,Peugeot,Automatic 4-spd,4.0,2.1
28207,Standard Pickup Trucks 2WD,Midgrade,Rear-Wheel Drive,19.3888235294118,Ram,Automatic 8-spd,8.0,5.7
28208,Standard Pickup Trucks 2WD,Regular,Rear-Wheel Drive,16.4805,Ram,Automatic 8-spd,6.0,3.6
28209,Standard Pickup Trucks 2WD,Gasoline or E85,Rear-Wheel Drive,16.4805,Ram,Automatic 8-spd,6.0,3.6
28210,Standard Pickup Trucks 2WD,Regular,Rear-Wheel Drive,15.6957142857143,Ram,Automatic 8-spd,6.0,3.6
28211,Standard Pickup Trucks 4WD,Midgrade,4-Wheel Drive,21.974,Ram,Automatic 6-spd,8.0,5.7
28212,Standard Pickup Trucks 4WD,Gasoline or E85,4-Wheel Drive,17.3478947368421,Ram,Automatic 8-spd,6.0,3.6
28213,Standard Pickup Trucks 4WD,Regular,4-Wheel Drive,17.3478947368421,Ram,Automatic 8-spd,6.0,3.6
28214,Standard Pickup Trucks 4WD,Midgrade,4-Wheel Drive,19.3888235294118,Ram,Automatic 8-spd,8.0,5.7
28215,Special Purpose Vehicle 2WD,Regular,Front-Wheel Drive,13.1844,Chevrolet,Automatic (variable gear ratios),4.0,2.0
28216,Special Purpose Vehicle 2WD,Regular,Front-Wheel Drive,14.3308695652174,Ford,Automatic (S6),4.0,2.5
28217,Midsize-Large Station Wagons,Diesel,Rear-Wheel Drive,16.6167391304348,Peugeot,Automatic 4-spd,4.0,2.5
28218,Special Purpose Vehicle 2WD,Regular,Front-Wheel Drive,13.1844,Ford,Automatic (S6),4.0,1.6
28219,Special Purpose Vehicle 2WD,Regular,Front-Wheel Drive,13.73375,Ford,Automatic (S6),4.0,2.5
28220,Special Purpose Vehicle 2WD,Regular,Front-Wheel Drive,14.3308695652174,Ford,Automatic (S6),4.0,2.5
28221,Special Purpose Vehicle 2WD,Regular,Front-Wheel Drive,13.1844,Ford,Automatic (S6),4.0,1.6
28222,Small Sport Utility Vehicle 2WD,Regular,Front-Wheel Drive,11.3658620689655,Chevrolet,Automatic (S6),4.0,1.4
28223,Small Sport Utility Vehicle 4WD,Premium or E85,4-Wheel Drive,12.2077777777778,Mercedes-Benz,Auto(AM7),4.0,2.0
28224,Standard Sport Utility Vehicle 2WD,Diesel,Rear-Wheel Drive,15.2874,Jeep,Automatic 8-spd,6.0,3.0
28225,Standard Sport Utility Vehicle 2WD,Regular,Rear-Wheel Drive,21.974,Nissan,Automatic 5-spd,8.0,5.6
28226,Standard Sport Utility Vehicle 2WD,Gasoline or E85,Rear-Wheel Drive,21.974,Nissan,Automatic 5-spd,8.0,5.6
28227,Standard Sport Utility Vehicle 4WD,Diesel,4-Wheel Drive,15.924375,Jeep,Automatic 8-spd,6.0,3.0
28228,Midsize-Large Station Wagons,Regular,Front-Wheel Drive,15.6957142857143,Plymouth,Automatic 3-spd,4.0,2.2
28229,Standard Sport Utility Vehicle 4WD,Premium or E85,4-Wheel Drive,20.600625,Land Rover,Automatic (S8),8.0,5.0
28230,Standard Sport Utility Vehicle 4WD,Premium or E85,4-Wheel Drive,20.600625,Land Rover,Automatic (S8),8.0,5.0
28231,Standard Sport Utility Vehicle 4WD,Premium or E85,4-Wheel Drive,20.600625,Land Rover,Automatic (S8),8.0,5.0
28232,Standard Sport Utility Vehicle 4WD,Regular,4-Wheel Drive,23.5435714285714,Nissan,Automatic 5-spd,8.0,5.6
28233,Standard Sport Utility Vehicle 4WD,Gasoline or E85,4-Wheel Drive,23.5435714285714,Nissan,Automatic 5-spd,8.0,5.6
28234,Midsize Cars,Regular Gas and Electricity,Front-Wheel Drive,4.87870354125,Ford,Automatic (variable gear ratios),4.0,2.0
28235,Two Seaters,Premium,Rear-Wheel Drive,17.3478947368421,Mercedes-Benz,Automatic 7-spd,8.0,5.5
28236,Two Seaters,Premium,Rear-Wheel Drive,14.9822727272727,Mercedes-Benz,Automatic 7-spd,8.0,5.5
28237,Compact Cars,Premium,Rear-Wheel Drive,10.6325806451613,Infiniti,Automatic (S7),6.0,3.5
28238,Compact Cars,Premium,Rear-Wheel Drive,10.987,Infiniti,Automatic (S7),6.0,3.5
28239,Midsize-Large Station Wagons,Regular,Front-Wheel Drive,13.73375,Plymouth,Manual 5-spd,4.0,2.2
28240,Compact Cars,Premium,All-Wheel Drive,10.987,Infiniti,Automatic (S7),6.0,3.5
28241,Compact Cars,Premium,All-Wheel Drive,11.7717857142857,Infiniti,Automatic (S7),6.0,3.5
28242,Compact Cars,Premium,All-Wheel Drive,16.4805,Mitsubishi,Auto(AM6),4.0,2.0
28243,Compact Cars,Premium,All-Wheel Drive,17.3478947368421,Mitsubishi,Manual 5-spd,4.0,2.0
28244,Compact Cars,Premium,All-Wheel Drive,17.3478947368421,Mitsubishi,Auto(AM6),4.0,2.0
28245,Compact Cars,Regular,Front-Wheel Drive,6.5922,Toyota,Automatic (variable gear ratios),4.0,1.5
28246,Midsize Cars,Premium,Rear-Wheel Drive,20.600625,Dodge,Manual 6-spd,8.0,6.2
28247,Midsize Cars,Premium,All-Wheel Drive,15.6957142857143,Lexus,Automatic (S6),6.0,3.5
28248,Midsize Cars,Premium,Rear-Wheel Drive,14.3308695652174,Lexus,Automatic (S8),6.0,3.5
28249,Midsize Cars,Premium,Rear-Wheel Drive,10.6325806451613,Lexus,Auto(AV-S8),6.0,3.5
28250,Midsize-Large Station Wagons,Regular,Front-Wheel Drive,15.6957142857143,Plymouth,Automatic 3-spd,4.0,2.5
28251,Midsize Cars,Regular,Front-Wheel Drive,8.24025,Toyota,Auto(AV-S6),4.0,2.5
28252,Large Cars,Premium,Rear-Wheel Drive,20.600625,Dodge,Automatic 8-spd,8.0,6.2
28253,Midsize Station Wagons,Regular,Front-Wheel Drive,8.03926829268293,Toyota,Automatic (variable gear ratios),4.0,1.8
28254,Minivan - 2WD,Regular,Front-Wheel Drive,14.9822727272727,Nissan,Automatic (variable gear ratios),6.0,3.5
28255,Small Sport Utility Vehicle 2WD,Regular,Front-Wheel Drive,11.3658620689655,Honda,Automatic (variable gear ratios),4.0,2.4
28256,Small Sport Utility Vehicle 2WD,Regular,Front-Wheel Drive,10.3003125,Lexus,Auto(AV-S6),4.0,2.5
28257,Small Sport Utility Vehicle 2WD,Regular,Front-Wheel Drive,12.6773076923077,Toyota,Automatic (S6),4.0,2.5
28258,Small Sport Utility Vehicle 4WD,Regular,All-Wheel Drive,11.7717857142857,Honda,Automatic (variable gear ratios),4.0,2.4
28259,Small Sport Utility Vehicle 4WD,Regular,All-Wheel Drive,10.6325806451613,Lexus,Auto(AV-S6),4.0,2.5
28260,Small Sport Utility Vehicle 4WD,Regular,All-Wheel Drive,12.6773076923077,Subaru,Manual 5-spd,4.0,2.0
28261,Midsize-Large Station Wagons,Regular,Front-Wheel Drive,15.6957142857143,Pontiac,Automatic 3-spd,4.0,2.5
28262,Small Sport Utility Vehicle 4WD,Regular,All-Wheel Drive,11.3658620689655,Subaru,Auto(AV-S6),4.0,2.0
28263,Small Sport Utility Vehicle 4WD,Regular,All-Wheel Drive,10.6325806451613,Subaru,Auto(AV-S6),4.0,2.0
28264,Standard Sport Utility Vehicle 4WD,Premium,All-Wheel Drive,16.4805,Porsche,Automatic (S8),6.0,3.6
28265,Subcompact Cars,Premium,Front-Wheel Drive,10.6325806451613,MINI,Automatic (S6),3.0,1.5
28266,Subcompact Cars,Premium,Front-Wheel Drive,10.3003125,MINI,Manual 6-spd,3.0,1.5
28267,Subcompact Cars,Premium,Front-Wheel Drive,10.6325806451613,MINI,Automatic (S6),3.0,1.5
28268,Subcompact Cars,Premium,Front-Wheel Drive,10.3003125,MINI,Manual 6-spd,3.0,1.5
28269,Subcompact Cars,Premium,Front-Wheel Drive,11.7717857142857,MINI,Automatic (S6),4.0,2.0
28270,Subcompact Cars,Premium,Front-Wheel Drive,12.2077777777778,MINI,Manual 6-spd,4.0,2.0
28271,Subcompact Cars,Premium,Front-Wheel Drive,11.7717857142857,MINI,Automatic (S6),4.0,2.0
28272,Compact Cars,Regular,Front-Wheel Drive,10.987,Plymouth,Manual 4-spd,4.0,1.6
28273,Midsize-Large Station Wagons,Regular,Front-Wheel Drive,17.3478947368421,Pontiac,Automatic 3-spd,6.0,2.8
28274,Subcompact Cars,Premium,Front-Wheel Drive,12.2077777777778,MINI,Manual 6-spd,4.0,2.0
28275,Compact Cars,Regular,Front-Wheel Drive,10.987,Hyundai,Automatic (S6),4.0,1.6
28276,Compact Cars,Regular,Front-Wheel Drive,10.6325806451613,Hyundai,Manual 6-spd,4.0,1.6
28277,Compact Cars,Premium,4-Wheel Drive,17.3478947368421,Mercedes-Benz,Automatic 7-spd,8.0,4.7
28278,Midsize Cars,Premium,Rear-Wheel Drive,14.3308695652174,Infiniti,Automatic (S7),6.0,3.7
28279,Midsize Cars,Premium,Rear-Wheel Drive,14.3308695652174,Infiniti,Automatic (S7),6.0,3.7
28280,Midsize Cars,Premium,All-Wheel Drive,14.9822727272727,Infiniti,Automatic (S7),6.0,3.7
28281,Midsize Cars,Premium,All-Wheel Drive,14.9822727272727,Infiniti,Automatic (S7),6.0,3.7
28282,Small Pickup Trucks 2WD,Regular,Rear-Wheel Drive,14.9822727272727,Chevrolet,Manual 6-spd,4.0,2.5
28283,Small Pickup Trucks 2WD,Regular,Rear-Wheel Drive,14.9822727272727,Chevrolet,Automatic 6-spd,4.0,2.5
28284,Midsize-Large Station Wagons,Regular,Front-Wheel Drive,16.4805,Pontiac,Automatic 4-spd,6.0,2.8
28285,Small Pickup Trucks 2WD,Regular,Rear-Wheel Drive,14.9822727272727,GMC,Manual 6-spd,4.0,2.5
28286,Small Pickup Trucks 2WD,Regular,Rear-Wheel Drive,14.9822727272727,GMC,Automatic 6-spd,4.0,2.5
28287,Small Pickup Trucks 4WD,Regular,4-Wheel Drive,15.6957142857143,Chevrolet,Automatic 6-spd,4.0,2.5
28288,Small Pickup Trucks 4WD,Regular,4-Wheel Drive,15.6957142857143,GMC,Automatic 6-spd,4.0,2.5
28289,Standard Pickup Trucks 2WD,Regular,Rear-Wheel Drive,19.3888235294118,Chevrolet,Automatic 8-spd,8.0,6.2
28290,Standard Pickup Trucks 2WD,Regular,Rear-Wheel Drive,19.3888235294118,GMC,Automatic 8-spd,8.0,6.2
28291,Standard Pickup Trucks 2WD,Diesel,Rear-Wheel Drive,16.6167391304348,Ram,Automatic 8-spd,6.0,3.0
28292,Standard Pickup Trucks 4WD,Regular,4-Wheel Drive,19.3888235294118,Chevrolet,Automatic 8-spd,8.0,6.2
28293,Standard Pickup Trucks 4WD,Regular,4-Wheel Drive,19.3888235294118,GMC,Automatic 8-spd,8.0,6.2
28294,Standard Pickup Trucks 4WD,Diesel,4-Wheel Drive,17.3720454545455,Ram,Automatic 8-spd,6.0,3.0
28295,Midsize-Large Station Wagons,Regular,Front-Wheel Drive,16.4805,Pontiac,Manual 5-spd,6.0,2.8
28296,Small Sport Utility Vehicle 2WD,Premium,Front-Wheel Drive,14.3308695652174,Infiniti,Auto(AV-S7),6.0,3.5
28297,Small Sport Utility Vehicle 2WD,Regular,Front-Wheel Drive,14.3308695652174,Nissan,Automatic (variable gear ratios),6.0,3.5
28298,Small Sport Utility Vehicle 4WD,Premium,All-Wheel Drive,14.9822727272727,Infiniti,Auto(AV-S7),6.0,3.5
28299,Small Sport Utility Vehicle 4WD,Regular,4-Wheel Drive,14.9822727272727,Nissan,Automatic (variable gear ratios),6.0,3.5
28300,Small Sport Utility Vehicle 4WD,Regular,4-Wheel Drive,15.6957142857143,Nissan,Automatic (variable gear ratios),6.0,3.5
28301,Standard Sport Utility Vehicle 2WD,Regular,Rear-Wheel Drive,19.3888235294118,Cadillac,Automatic 8-spd,8.0,6.2
28302,Standard Sport Utility Vehicle 2WD,Regular,Rear-Wheel Drive,19.3888235294118,Cadillac,Automatic 8-spd,8.0,6.2
28303,Standard Sport Utility Vehicle 2WD,Regular,Rear-Wheel Drive,19.3888235294118,GMC,Automatic 8-spd,8.0,6.2
28304,Standard Sport Utility Vehicle 2WD,Regular,Rear-Wheel Drive,19.3888235294118,GMC,Automatic 8-spd,8.0,6.2
28305,Midsize-Large Station Wagons,Premium,Rear-Wheel Drive,18.3116666666667,Toyota,Automatic 4-spd,6.0,2.8
28306,Standard Sport Utility Vehicle 2WD,Regular,Front-Wheel Drive,12.6773076923077,Infiniti,Auto(AV-S7),4.0,2.5
28307,Standard Sport Utility Vehicle 2WD,Regular,Front-Wheel Drive,12.6773076923077,Nissan,Automatic (variable gear ratios),4.0,2.5
28308,Standard Sport Utility Vehicle 4WD,Regular,4-Wheel Drive,19.3888235294118,Cadillac,Automatic 8-spd,8.0,6.2
28309,Standard Sport Utility Vehicle 4WD,Regular,4-Wheel Drive,19.3888235294118,Cadillac,Automatic 8-spd,8.0,6.2
28310,Standard Sport Utility Vehicle 4WD,Regular,4-Wheel Drive,19.3888235294118,GMC,Automatic 8-spd,8.0,6.2
28311,Standard Sport Utility Vehicle 4WD,Regular,4-Wheel Drive,19.3888235294118,GMC,Automatic 8-spd,8.0,6.2
28312,Standard Sport Utility Vehicle 4WD,Regular,All-Wheel Drive,12.6773076923077,Infiniti,Auto(AV-S7),4.0,2.5
28313,Standard Sport Utility Vehicle 4WD,Premium,4-Wheel Drive,21.974,Mercedes-Benz,Automatic 7-spd,8.0,5.5
28314,Standard Sport Utility Vehicle 4WD,Premium,4-Wheel Drive,23.5435714285714,Mercedes-Benz,Automatic 7-spd,8.0,5.5
28315,Standard Sport Utility Vehicle 4WD,Premium,4-Wheel Drive,25.3546153846154,Mercedes-Benz,Automatic 7-spd,8.0,5.5
28316,Midsize-Large Station Wagons,Regular,Rear-Wheel Drive,16.4805,Volvo,Automatic 4-spd,4.0,2.3
28317,Standard Sport Utility Vehicle 4WD,Regular,4-Wheel Drive,12.6773076923077,Nissan,Automatic (variable gear ratios),4.0,2.5
28318,Two Seaters,Premium,Rear-Wheel Drive,23.5435714285714,Ferrari,Auto(AM7),12.0,6.3
28319,Subcompact Cars,Premium,All-Wheel Drive,15.6957142857143,Lexus,Automatic (S6),6.0,3.5
28320,Subcompact Cars,Premium,Rear-Wheel Drive,14.9822727272727,Lexus,Automatic (S8),6.0,3.5
28321,Subcompact Cars,Premium,Rear-Wheel Drive,14.9822727272727,Mercedes-Benz,Automatic 7-spd,6.0,3.5
28322,Subcompact Cars,Premium,Rear-Wheel Drive,15.6957142857143,Mercedes-Benz,Automatic 7-spd,8.0,4.7
28323,Subcompact Cars,Premium,Rear-Wheel Drive,14.3308695652174,Mercedes-Benz,Automatic 7-spd,6.0,3.5
28324,Subcompact Cars,Premium,Rear-Wheel Drive,16.4805,Mercedes-Benz,Automatic 7-spd,8.0,4.7
28325,Compact Cars,Premium,4-Wheel Drive,18.3116666666667,Mercedes-Benz,Automatic 7-spd,8.0,5.5
28326,Compact Cars,Electricity,Front-Wheel Drive,0.174,Volkswagen,Automatic (A1),,
28327,Midsize-Large Station Wagons,Regular,Rear-Wheel Drive,14.9822727272727,Volvo,Manual 5-spd,4.0,2.3
28328,Midsize Cars,Premium,Rear-Wheel Drive,14.3308695652174,Mercedes-Benz,Automatic 7-spd,6.0,3.5
28329,Midsize Cars,Diesel,4-Wheel Drive,12.3285483870968,Mercedes-Benz,Automatic 7-spd,4.0,2.1
28330,Midsize Cars,Premium,4-Wheel Drive,14.3308695652174,Mercedes-Benz,Automatic 7-spd,6.0,3.5
28331,Midsize Station Wagons,Premium,4-Wheel Drive,14.9822727272727,Mercedes-Benz,Automatic 7-spd,6.0,3.5
28332,Special Purpose Vehicle 2WD,Regular,Front-Wheel Drive,13.1844,Nissan,Automatic (variable gear ratios),4.0,2.0
28333,Small Sport Utility Vehicle 4WD,Premium,4-Wheel Drive,13.73375,Land Rover,Automatic (S9),4.0,2.0
28334,Small Sport Utility Vehicle 4WD,Diesel,4-Wheel Drive,14.155,Mercedes-Benz,Automatic 7-spd,4.0,2.1
28335,Standard Sport Utility Vehicle 4WD,Premium,4-Wheel Drive,25.3546153846154,Mercedes-Benz,Automatic 7-spd,8.0,5.5
28336,Two Seaters,Electricity,Rear-Wheel Drive,0.192,smart,Automatic (A1),,
28337,Two Seaters,Electricity,Rear-Wheel Drive,0.192,smart,Automatic (A1),,
28338,Midsize-Large Station Wagons,Regular,Rear-Wheel Drive,18.3116666666667,Volvo,Automatic 4-spd,4.0,2.3
28339,Subcompact Cars,Regular,Rear-Wheel Drive,18.3116666666667,Ford,Automatic (S6),8.0,5.0
28340,Subcompact Cars,Regular,Rear-Wheel Drive,13.73375,Ford,Automatic (S6),4.0,2.3
28341,Subcompact Cars,Premium,Rear-Wheel Drive,17.3478947368421,Lexus,Automatic (S8),8.0,5.0
28342,Compact Cars,Premium,4-Wheel Drive,18.3116666666667,Mercedes-Benz,Automatic 7-spd,8.0,5.5
28343,Midsize Cars,Premium or E85,Rear-Wheel Drive,14.3308695652174,Mercedes-Benz,Automatic 7-spd,6.0,3.5
28344,Midsize Cars,Premium or E85,4-Wheel Drive,14.3308695652174,Mercedes-Benz,Automatic 7-spd,6.0,3.5
28345,Midsize Cars,Premium,Rear-Wheel Drive,14.3308695652174,Mercedes-Benz,Automatic 7-spd,6.0,3.0
28346,Midsize Cars,Premium,4-Wheel Drive,14.9822727272727,Mercedes-Benz,Automatic 7-spd,6.0,3.0
28347,Midsize Cars,Diesel,Rear-Wheel Drive,11.94328125,Mercedes-Benz,Automatic 7-spd,4.0,2.1
28348,Midsize Cars,Premium,4-Wheel Drive,17.3478947368421,Mercedes-Benz,Automatic 7-spd,8.0,5.5
28349,Midsize-Large Station Wagons,Regular,Rear-Wheel Drive,16.4805,Volvo,Automatic 4-spd,4.0,2.3
28350,Midsize Cars,Premium,4-Wheel Drive,18.3116666666667,Mercedes-Benz,Automatic 7-spd,8.0,5.5
28351,Large Cars,Gasoline or E85,Rear-Wheel Drive,14.3308695652174,Chrysler,Automatic 8-spd,6.0,3.6
28352,Large Cars,Regular,All-Wheel Drive,15.6957142857143,Chrysler,Automatic 8-spd,6.0,3.6
28353,Large Cars,Gasoline or E85,All-Wheel Drive,15.6957142857143,Chrysler,Automatic 8-spd,6.0,3.6
28354,Large Cars,Regular,All-Wheel Drive,15.6957142857143,Dodge,Automatic 8-spd,6.0,3.6
28355,Large Cars,Gasoline or E85,Rear-Wheel Drive,14.3308695652174,Dodge,Automatic 8-spd,6.0,3.6
28356,Large Cars,Gasoline or E85,All-Wheel Drive,15.6957142857143,Dodge,Automatic 8-spd,6.0,3.6
28357,Midsize Station Wagons,Premium,4-Wheel Drive,14.9822727272727,Mercedes-Benz,Automatic 7-spd,6.0,3.0
28358,Midsize Station Wagons,Premium,4-Wheel Drive,18.3116666666667,Mercedes-Benz,Automatic 7-spd,8.0,5.5
28359,Standard Sport Utility Vehicle 2WD,Gasoline or E85,Rear-Wheel Drive,16.4805,Dodge,Automatic 8-spd,6.0,3.6
28360,Midsize-Large Station Wagons,Regular,Rear-Wheel Drive,16.4805,Volvo,Manual 4-spd,4.0,2.3
28361,Standard Sport Utility Vehicle 2WD,Midgrade,Rear-Wheel Drive,19.3888235294118,Dodge,Automatic 8-spd,8.0,5.7
28362,Standard Sport Utility Vehicle 4WD,Midgrade,All-Wheel Drive,20.600625,Dodge,Automatic 8-spd,8.0,5.7
28363,Two Seaters,Premium,Rear-Wheel Drive,20.600625,Chevrolet,Automatic (S8),8.0,6.2
28364,Subcompact Cars,Premium,Rear-Wheel Drive,14.3308695652174,Mercedes-Benz,Automatic 7-spd,6.0,3.0
28365,Subcompact Cars,Premium,4-Wheel Drive,14.3308695652174,Mercedes-Benz,Automatic 7-spd,6.0,3.0
28366,Subcompact Cars,Premium,Rear-Wheel Drive,14.3308695652174,Mercedes-Benz,Automatic 7-spd,6.0,3.0
28367,Compact Cars,CNG,Front-Wheel Drive,0.06,Honda,Automatic 5-spd,4.0,1.8
28368,Compact Cars,Premium,Rear-Wheel Drive,16.4805,Mercedes-Benz,Automatic 9-spd,8.0,4.7
28369,Compact Cars,Premium,4-Wheel Drive,17.3478947368421,Mercedes-Benz,Automatic 7-spd,8.0,4.7
28370,Compact Cars,Premium,Rear-Wheel Drive,13.73375,Mercedes-Benz,Automatic 7-spd,6.0,3.0
28371,Midsize-Large Station Wagons,Regular,Rear-Wheel Drive,14.9822727272727,Volvo,Manual 4-spd,4.0,2.3
28372,Midsize Cars,Premium,Rear-Wheel Drive,13.1844,Mercedes-Benz,Automatic 7-spd,6.0,3.5
28373,Midsize Cars,Regular,Front-Wheel Drive,13.73375,Toyota,Automatic (S6),6.0,3.5
28374,Large Cars,Regular,Front-Wheel Drive,13.73375,Hyundai,Automatic (S6),4.0,2.0
28375,Large Cars,Regular,Front-Wheel Drive,14.3308695652174,Hyundai,Automatic (S6),6.0,3.3
28376,Standard Sport Utility Vehicle 4WD,Diesel,4-Wheel Drive,15.2874,Mercedes-Benz,Automatic 7-spd,4.0,2.1
28377,Standard Sport Utility Vehicle 4WD,Premium,All-Wheel Drive,19.3888235294118,Porsche,Automatic (S8),8.0,4.8
28378,Standard Sport Utility Vehicle 4WD,Premium Gas or Electricity,All-Wheel Drive,9.53202746964286,Porsche,Auto(AM8),6.0,3.0
28379,Subcompact Cars,Premium,Rear-Wheel Drive,12.6773076923077,BMW,Automatic (S8),4.0,2.0
28380,Compact Cars,Premium,4-Wheel Drive,14.9822727272727,Mercedes-Benz,Automatic 7-spd,6.0,3.0
28381,Midsize Cars,Regular,Front-Wheel Drive,12.2077777777778,Hyundai,Automatic (S6),4.0,2.0
28382,Compact Cars,Regular,Front-Wheel Drive,10.987,Plymouth,Manual 4-spd,4.0,1.6
28383,Midsize-Large Station Wagons,Regular,Rear-Wheel Drive,19.3888235294118,Buick,Automatic 4-spd,8.0,5.0
28384,Midsize Cars,Premium,Rear-Wheel Drive,17.3478947368421,Lexus,Automatic (S8),8.0,4.6
28385,Midsize Cars,Premium,All-Wheel Drive,18.3116666666667,Lexus,Automatic (S8),8.0,4.6
28386,Midsize Cars,Premium,Rear-Wheel Drive,17.3478947368421,Lexus,Automatic (S8),8.0,4.6
28387,Midsize Cars,Premium,All-Wheel Drive,18.3116666666667,Lexus,Automatic (S8),8.0,4.6
28388,Midsize Cars,Premium,All-Wheel Drive,16.4805,Lexus,Auto(AV-S8),8.0,5.0
28389,Large Cars,Premium,Rear-Wheel Drive,19.3888235294118,Chevrolet,Manual 6-spd,8.0,6.2
28390,Large Cars,Regular,Front-Wheel Drive,14.9822727272727,Hyundai,Automatic (S6),6.0,3.3
28391,Large Cars,Regular,All-Wheel Drive,15.6957142857143,Lincoln,Automatic (S6),6.0,3.7
28392,Large Cars,Regular,Front-Wheel Drive,14.9822727272727,Lincoln,Automatic (S6),6.0,3.7
28393,Small Station Wagons,Regular,Front-Wheel Drive,13.73375,Scion,Manual 5-spd,4.0,2.4
28394,Midsize-Large Station Wagons,Regular,Rear-Wheel Drive,19.3888235294118,Chevrolet,Automatic 4-spd,8.0,5.0
28395,Small Station Wagons,Regular,Front-Wheel Drive,13.73375,Scion,Automatic (S4),4.0,2.4
28396,Special Purpose Vehicle 2WD,Regular,Front-Wheel Drive,13.73375,Ram,Automatic 9-spd,4.0,2.4
28397,Small Sport Utility Vehicle 2WD,Premium,Front-Wheel Drive,13.1844,Lexus,Automatic (S6),4.0,2.0
28398,Small Sport Utility Vehicle 4WD,Premium,All-Wheel Drive,13.73375,Lexus,Automatic (S6),4.0,2.0
28399,Small Sport Utility Vehicle 4WD,Premium,All-Wheel Drive,13.73375,Lexus,Automatic (S6),4.0,2.0
28400,Standard Sport Utility Vehicle 4WD,Premium,4-Wheel Drive,17.3478947368421,Land Rover,Automatic (S8),6.0,3.0
28401,Standard Sport Utility Vehicle 4WD,Premium,4-Wheel Drive,17.3478947368421,Land Rover,Automatic (S8),6.0,3.0
28402,Standard Sport Utility Vehicle 4WD,Premium,4-Wheel Drive,17.3478947368421,Land Rover,Automatic (S8),6.0,3.0
28403,Standard Pickup Trucks 2WD,Regular,Rear-Wheel Drive,14.9822727272727,Ford,Automatic (S6),6.0,2.7
28404,Standard Pickup Trucks 2WD,Regular,Rear-Wheel Drive,16.4805,Ford,Automatic (S6),6.0,3.5
28405,Midsize-Large Station Wagons,Regular,Rear-Wheel Drive,17.3478947368421,Ford,Automatic 4-spd,8.0,5.0
28406,Standard Pickup Trucks 2WD,Gasoline or E85,Rear-Wheel Drive,16.4805,Ford,Automatic 6-spd,6.0,3.5
28407,Standard Pickup Trucks 2WD,Gasoline or E85,Rear-Wheel Drive,18.3116666666667,Ford,Automatic (S6),8.0,5.0
28408,Standard Pickup Trucks 4WD,Regular,Part-time 4-Wheel Drive,16.4805,Ford,Automatic (S6),6.0,2.7
28409,Standard Pickup Trucks 4WD,Regular,Part-time 4-Wheel Drive,17.3478947368421,Ford,Automatic (S6),6.0,3.5
28410,Standard Pickup Trucks 4WD,Gasoline or E85,Part-time 4-Wheel Drive,17.3478947368421,Ford,Automatic 6-spd,6.0,3.5
28411,Standard Pickup Trucks 4WD,Gasoline or E85,Part-time 4-Wheel Drive,19.3888235294118,Ford,Automatic (S6),8.0,5.0
28412,Two Seaters,Premium,All-Wheel Drive,19.3888235294118,Bentley,Automatic (S8),8.0,4.0
28413,Two Seaters,Premium,Rear-Wheel Drive,18.3116666666667,Chevrolet,Manual 7-spd,8.0,6.2
28414,Minicompact Cars,Premium,Rear-Wheel Drive,15.6957142857143,Porsche,Manual 7-spd,6.0,3.8
28415,Minicompact Cars,Premium,Rear-Wheel Drive,15.6957142857143,Porsche,Auto(AM-S7),6.0,3.8
28416,Midsize-Large Station Wagons,Regular,Rear-Wheel Drive,17.3478947368421,Mercury,Automatic 4-spd,8.0,5.0
28417,Minicompact Cars,Premium,Rear-Wheel Drive,16.4805,Porsche,Manual 7-spd,6.0,3.8
28418,Minicompact Cars,Premium,Rear-Wheel Drive,15.6957142857143,Porsche,Auto(AM-S7),6.0,3.8
28419,Minicompact Cars,Premium,4-Wheel Drive,15.6957142857143,Porsche,Manual 7-spd,6.0,3.8
28420,Minicompact Cars,Premium,4-Wheel Drive,15.6957142857143,Porsche,Auto(AM-S7),6.0,3.8
28421,Minicompact Cars,Premium,4-Wheel Drive,16.4805,Porsche,Manual 7-spd,6.0,3.8
28422,Minicompact Cars,Premium,4-Wheel Drive,15.6957142857143,Porsche,Auto(AM-S7),6.0,3.8
28423,Subcompact Cars,Premium,All-Wheel Drive,12.6773076923077,BMW,Automatic (S8),4.0,2.0
28424,Subcompact Cars,Premium,Rear-Wheel Drive,13.1844,BMW,Automatic (S8),6.0,3.0
28425,Subcompact Cars,Premium,Rear-Wheel Drive,14.9822727272727,BMW,Manual 6-spd,6.0,3.0
28426,Compact Cars,Premium,All-Wheel Drive,12.6773076923077,Volkswagen,Auto(AM-S6),4.0,2.0
28427,Midsize-Large Station Wagons,Regular,Rear-Wheel Drive,19.3888235294118,Pontiac,Automatic 4-spd,8.0,5.0
28428,Small Station Wagons,Premium,Front-Wheel Drive,11.3658620689655,Nissan,Auto(AV-S7),4.0,1.6
28429,Small Station Wagons,Premium,Front-Wheel Drive,10.987,Nissan,Manual 6-spd,4.0,1.6
28430,Small Station Wagons,Premium,All-Wheel Drive,11.7717857142857,Nissan,Auto(AV-S7),4.0,1.6
28431,Small Station Wagons,Premium,Front-Wheel Drive,12.2077777777778,Nissan,Manual 6-spd,4.0,1.6
28432,Small Station Wagons,Premium,All-Wheel Drive,12.6773076923077,Nissan,Auto(AV-S8),4.0,1.6
28433,Midsize Station Wagons,Regular,Front-Wheel Drive,13.73375,Nissan,Auto(AV-S7),6.0,3.5
28434,Midsize Station Wagons,Regular,All-Wheel Drive,13.73375,Nissan,Auto(AV-S7),6.0,3.5
28435,Special Purpose Vehicle 2WD,Regular,Front-Wheel Drive,14.3308695652174,Lincoln,Automatic (S6),4.0,2.0
28436,Special Purpose Vehicle 4WD,Regular,All-Wheel Drive,17.3478947368421,Lincoln,Automatic 6-spd,6.0,3.7
28437,Standard Sport Utility Vehicle 2WD,Regular,Front-Wheel Drive,16.4805,Ford,Automatic (S6),6.0,3.5
28438,Small Pickup Trucks,Regular,Rear-Wheel Drive,16.4805,Chevrolet,Automatic 3-spd,4.0,2.5
28439,Standard Sport Utility Vehicle 2WD,Regular,Front-Wheel Drive,16.4805,Lincoln,Automatic (S6),6.0,3.7
28440,Standard Sport Utility Vehicle 4WD,Regular,All-Wheel Drive,17.3478947368421,Ford,Automatic (S6),6.0,3.5
28441,Standard Sport Utility Vehicle 4WD,Regular,All-Wheel Drive,18.3116666666667,Ford,Automatic (S6),6.0,3.5
28442,Standard Sport Utility Vehicle 4WD,Regular,All-Wheel Drive,18.3116666666667,Lincoln,Automatic (S6),6.0,3.5
28443,Compact Cars,Premium or E85,4-Wheel Drive,12.2077777777778,Mercedes-Benz,Auto(AM7),4.0,2.0
28444,Compact Cars,Premium,4-Wheel Drive,12.6773076923077,Mercedes-Benz,Auto(AM7),4.0,2.0
28445,Compact Cars,Premium,4-Wheel Drive,12.2077777777778,Mercedes-Benz,Auto(AM7),4.0,2.0
28446,Compact Cars,Premium,Rear-Wheel Drive,21.974,Mercedes-Benz,Automatic 7-spd,12.0,6.0
28447,Compact Cars,Premium,Front-Wheel Drive,10.987,Mercedes-Benz,Auto(AM7),4.0,2.0
28448,Midsize Cars,Regular,Front-Wheel Drive,12.2077777777778,Hyundai,Manual 6-spd,4.0,2.0
28449,Small Pickup Trucks,Regular,Rear-Wheel Drive,15.6957142857143,Chevrolet,Automatic 4-spd,4.0,2.5
28450,Midsize Cars,Electricity,Front-Wheel Drive,0.24,Mercedes-Benz,Automatic (A1),,
28451,Compact Cars,Regular,Front-Wheel Drive,10.3003125,Ford,Manual 6-spd,3.0,1.0
28452,Compact Cars,Regular,Front-Wheel Drive,10.6325806451613,Ford,Auto(AM6),4.0,2.0
28453,Compact Cars,Regular,Front-Wheel Drive,10.987,Ford,Automatic (S6),4.0,2.0
28454,Compact Cars,Regular,Front-Wheel Drive,11.3658620689655,Ford,Manual 5-spd,4.0,2.0
28455,Compact Cars,Regular,Front-Wheel Drive,12.6773076923077,Ford,Manual 6-spd,4.0,2.0
28456,Compact Cars,Gasoline or E85,Front-Wheel Drive,10.6325806451613,Ford,Auto(AM6),4.0,2.0
28457,Compact Cars,Gasoline or E85,Front-Wheel Drive,10.987,Ford,Automatic (S6),4.0,2.0
28458,Compact Cars,Gasoline or E85,Front-Wheel Drive,11.3658620689655,Ford,Manual 5-spd,4.0,2.0
28459,Compact Cars,Regular,Front-Wheel Drive,9.69441176470588,Ford,Manual 6-spd,3.0,1.0
28460,Small Pickup Trucks,Regular,Rear-Wheel Drive,15.6957142857143,Chevrolet,Manual 4-spd,4.0,2.5
28461,Compact Cars,Electricity,Front-Wheel Drive,0.192,Ford,Automatic (A1),,
28462,Midsize Cars,Regular,Front-Wheel Drive,10.987,Nissan,Manual 6-spd,4.0,1.8
28463,Midsize Cars,Regular,Front-Wheel Drive,10.3003125,Nissan,Automatic (variable gear ratios),4.0,1.8
28464,Midsize Cars,Regular,Front-Wheel Drive,9.98818181818182,Nissan,Automatic (variable gear ratios),4.0,1.8
28465,Standard Pickup Trucks 2WD,Regular,Rear-Wheel Drive,21.974,Nissan,Automatic 5-spd,8.0,5.6
28466,Standard Pickup Trucks 2WD,Gasoline or E85,Rear-Wheel Drive,21.974,Nissan,Automatic 5-spd,8.0,5.6
28467,Standard Pickup Trucks 4WD,Regular,4-Wheel Drive,23.5435714285714,Nissan,Automatic 5-spd,8.0,5.6
28468,Standard Pickup Trucks 4WD,Gasoline or E85,4-Wheel Drive,23.5435714285714,Nissan,Automatic 5-spd,8.0,5.6
28469,Small Sport Utility Vehicle 2WD,Regular,Front-Wheel Drive,12.2077777777778,Volvo,Automatic (S8),4.0,2.0
28470,Small Sport Utility Vehicle 4WD,Regular,All-Wheel Drive,14.3308695652174,Volvo,Automatic (S6),5.0,2.5
28471,Small Pickup Trucks,Regular,Rear-Wheel Drive,14.9822727272727,Chevrolet,Manual 5-spd,4.0,2.5
28472,Large Cars,Electricity,Rear-Wheel Drive,0.228,Tesla,Automatic (A1),,
28473,Midsize Cars,Regular,Front-Wheel Drive,10.987,Mazda,Automatic (S6),4.0,2.5
28474,Midsize Cars,Regular,Front-Wheel Drive,10.3003125,Mazda,Automatic (S6),4.0,2.5
28475,Midsize Cars,Regular,Front-Wheel Drive,11.3658620689655,Mazda,Manual 6-spd,4.0,2.5
28476,Small Sport Utility Vehicle 4WD,Regular,All-Wheel Drive,15.6957142857143,Kia,Automatic (S6),6.0,3.3
28477,Small Sport Utility Vehicle 2WD,Regular,Front-Wheel Drive,14.3308695652174,Kia,Automatic (S6),4.0,2.0
28478,Small Sport Utility Vehicle 2WD,Regular,Front-Wheel Drive,13.73375,Kia,Automatic (S6),4.0,2.4
28479,Small Sport Utility Vehicle 2WD,Regular,Front-Wheel Drive,16.4805,Kia,Automatic (S6),6.0,3.3
28480,Small Sport Utility Vehicle 2WD,Regular,Front-Wheel Drive,11.3658620689655,Mazda,Manual 6-spd,4.0,2.0
28481,Small Sport Utility Vehicle 2WD,Regular,Front-Wheel Drive,11.3658620689655,Mazda,Automatic (S6),4.0,2.5
28482,Small Pickup Trucks,Regular,Rear-Wheel Drive,20.600625,Chevrolet,Automatic 3-spd,6.0,2.8
28483,Small Sport Utility Vehicle 4WD,Regular,All-Wheel Drive,15.6957142857143,Kia,Automatic (S6),4.0,2.0
28484,Small Sport Utility Vehicle 4WD,Regular,All-Wheel Drive,14.9822727272727,Kia,Automatic (S6),4.0,2.4
28485,Small Sport Utility Vehicle 4WD,Regular,All-Wheel Drive,17.3478947368421,Kia,Automatic (S6),6.0,3.3
28486,Small Sport Utility Vehicle 4WD,Regular,4-Wheel Drive,12.6773076923077,Mazda,Automatic (S6),4.0,2.5
28487,Large Cars,Electricity,4-Wheel Drive,0.228,Tesla,Automatic (A1),,
28488,Midsize Cars,Premium,All-Wheel Drive,13.73375,Audi,Automatic (S8),6.0,3.0
28489,Midsize Cars,Premium,All-Wheel Drive,13.73375,Audi,Automatic (S8),6.0,3.0
28490,Small Sport Utility Vehicle 2WD,Regular,Front-Wheel Drive,11.7717857142857,Honda,Manual 6-spd,4.0,1.8
28491,Small Sport Utility Vehicle 2WD,Regular,Front-Wheel Drive,10.6325806451613,Honda,Automatic (variable gear ratios),4.0,1.8
28492,Minicompact Cars,Regular,Front-Wheel Drive,9.15583333333333,Chevrolet,Automatic 3-spd,3.0,1.0
28493,Compact Cars,Regular,Front-Wheel Drive,12.2077777777778,Plymouth,Manual 4-spd,4.0,1.6
28494,Small Pickup Trucks,Regular,Rear-Wheel Drive,18.3116666666667,Chevrolet,Automatic 4-spd,6.0,2.8
28495,Small Sport Utility Vehicle 2WD,Regular,Front-Wheel Drive,10.6325806451613,Honda,Auto(AV-S7),4.0,1.8
28496,Small Sport Utility Vehicle 4WD,Regular,All-Wheel Drive,11.3658620689655,Honda,Automatic (variable gear ratios),4.0,1.8
28497,Small Sport Utility Vehicle 4WD,Regular,All-Wheel Drive,11.3658620689655,Honda,Auto(AV-S7),4.0,1.8
28498,Compact Cars,Premium,Rear-Wheel Drive,11.7717857142857,Mercedes-Benz,Automatic 7-spd,4.0,2.0
28499,Standard Pickup Trucks 2WD,Diesel,Rear-Wheel Drive,15.924375,Ram,Automatic 8-spd,6.0,3.0
28500,Small Sport Utility Vehicle 2WD,Regular,Front-Wheel Drive,13.1844,Nissan,Automatic (variable gear ratios),4.0,2.5
28501,Standard Sport Utility Vehicle 4WD,Premium,4-Wheel Drive,14.9822727272727,Land Rover,Automatic (S9),4.0,2.0
28502,Small Sport Utility Vehicle 4WD,Regular,All-Wheel Drive,13.73375,Nissan,Automatic (variable gear ratios),4.0,2.5
28503,Large Cars,Electricity,All-Wheel Drive,0.216,Tesla,Automatic (A1),,
28504,Large Cars,Electricity,All-Wheel Drive,0.204,Tesla,Automatic (A1),,
28505,Small Pickup Trucks,Regular,Rear-Wheel Drive,18.3116666666667,Chevrolet,Manual 4-spd,6.0,2.8
28506,Two Seaters,Premium,Rear-Wheel Drive,14.9822727272727,Jaguar,Automatic (S8),6.0,3.0
28507,Two Seaters,Premium,Rear-Wheel Drive,14.9822727272727,Jaguar,Automatic (S8),6.0,3.0
28508,Two Seaters,Premium,Rear-Wheel Drive,14.9822727272727,Jaguar,Automatic (S8),6.0,3.0
28509,Two Seaters,Premium,Rear-Wheel Drive,14.9822727272727,Jaguar,Automatic (S8),6.0,3.0
28510,Midsize Cars,Premium,Rear-Wheel Drive,23.5435714285714,Bentley,Automatic (S8),8.0,6.8
28511,Subcompact Cars,Electricity,Rear-Wheel Drive,0.162,BMW,Automatic (A1),,
28512,Large Cars,Electricity,Rear-Wheel Drive,0.21,Tesla,Automatic (A1),,
28513,Small Sport Utility Vehicle 2WD,Regular,Front-Wheel Drive,14.9822727272727,Kia,Automatic (S6),4.0,2.0
28514,Small Sport Utility Vehicle 4WD,Regular,All-Wheel Drive,15.6957142857143,Kia,Automatic (S6),4.0,2.0
28515,Small Pickup Trucks,Regular,Rear-Wheel Drive,18.3116666666667,Chevrolet,Manual 5-spd,6.0,2.8
28516,Compact Cars,Regular,Front-Wheel Drive,10.6325806451613,Hyundai,Auto(AM6),4.0,1.6
28517,Compact Cars,Regular,Front-Wheel Drive,10.987,Hyundai,Manual 6-spd,4.0,1.6
28518,Midsize Cars,Regular,Front-Wheel Drive,12.2077777777778,Hyundai,Manual 6-spd,4.0,2.0
28519,Subcompact Cars,Electricity,Rear-Wheel Drive,0.18,Mitsubishi,Automatic (A1),,0.0
28520,Small Sport Utility Vehicle 2WD,Regular,Front-Wheel Drive,13.73375,Ford,Automatic (S6),4.0,2.0
28521,Small Sport Utility Vehicle 2WD,Regular,Front-Wheel Drive,15.6957142857143,Ford,Automatic (S6),6.0,3.5
28522,Small Sport Utility Vehicle 2WD,Regular,Front-Wheel Drive,15.6957142857143,Ford,Automatic (S6),6.0,2.7
28523,Small Sport Utility Vehicle 4WD,Regular,All-Wheel Drive,14.3308695652174,Ford,Automatic (S6),4.0,2.0
28524,Small Sport Utility Vehicle 4WD,Regular,All-Wheel Drive,16.4805,Ford,Automatic (S6),6.0,3.5
28525,Small Sport Utility Vehicle 4WD,Regular,All-Wheel Drive,16.4805,Ford,Automatic (S6),6.0,2.7
28526,Small Pickup Trucks,Regular,Rear-Wheel Drive,16.4805,Nissan,Automatic 4-spd,4.0,2.4
28527,Subcompact Cars,Premium Gas or Electricity,Rear-Wheel Drive,1.56319037224786,BMW,Automatic (A1),2.0,0.6
28528,Subcompact Cars,Premium and Electricity,All-Wheel Drive,7.35692427761084,BMW,Automatic 6-spd,3.0,1.5
28529,Two Seaters,Premium,All-Wheel Drive,15.6957142857143,Jaguar,Automatic (S8),6.0,3.0
28530,Two Seaters,Premium,All-Wheel Drive,15.6957142857143,Jaguar,Automatic (S8),6.0,3.0
28531,Compact Cars,Premium,Front-Wheel Drive,11.3658620689655,Acura,Auto(AM8),4.0,2.4
28532,Midsize Cars,Regular,Front-Wheel Drive,12.2077777777778,Hyundai,Automatic (S6),4.0,2.0
28533,Small Sport Utility Vehicle 2WD,Gasoline or E85,Front-Wheel Drive,13.1844,Jeep,Automatic 9-spd,4.0,2.4
28534,Standard Sport Utility Vehicle 4WD,Premium,All-Wheel Drive,20.600625,BMW,Automatic (S8),8.0,4.4
28535,Standard Sport Utility Vehicle 4WD,Premium,All-Wheel Drive,20.600625,BMW,Automatic (S8),8.0,4.4
28536,Small Pickup Trucks,Regular,Rear-Wheel Drive,15.6957142857143,Nissan,Manual 5-spd,4.0,2.4
28537,Two Seaters,Premium,Rear-Wheel Drive,18.3116666666667,Jaguar,Automatic (S8),8.0,5.0
28538,Two Seaters,Premium,All-Wheel Drive,18.3116666666667,Jaguar,Automatic (S8),8.0,5.0
28539,Two Seaters,Premium,All-Wheel Drive,18.3116666666667,Jaguar,Automatic (S8),8.0,5.0
28540,Large Cars,Premium,Rear-Wheel Drive,18.3116666666667,Jaguar,Automatic (S8),8.0,5.0
28541,Large Cars,Premium,Rear-Wheel Drive,18.3116666666667,Jaguar,Automatic (S8),8.0,5.0
28542,Midsize Cars,Gasoline or natural gas,Front-Wheel Drive,16.4805,Chevrolet,Automatic (S6),6.0,3.6
28543,Midsize Cars,Premium,Front-Wheel Drive,14.3308695652174,Acura,Automatic (S6),6.0,3.5
28544,Midsize Cars,Premium,All-Wheel Drive,10.987,Acura,Auto(AM7),6.0,3.5
28545,Subcompact Cars,Premium,Front-Wheel Drive,12.2077777777778,MINI,Automatic (S6),4.0,2.0
28546,Subcompact Cars,Premium,Front-Wheel Drive,13.1844,MINI,Manual 6-spd,4.0,2.0
28547,Small Pickup Trucks,Regular,Rear-Wheel Drive,19.3888235294118,Nissan,Automatic 4-spd,6.0,3.0
28548,Small Sport Utility Vehicle 2WD,Regular,Front-Wheel Drive,13.1844,Mitsubishi,Auto(AV-S6),4.0,2.4
28549,Small Sport Utility Vehicle 4WD,Regular,4-Wheel Drive,13.73375,Mitsubishi,Auto(AV-S6),4.0,2.4
28550,Subcompact Cars,Premium,All-Wheel Drive,17.3478947368421,Nissan,Auto(AM6),6.0,3.8
28551,Compact Cars,Regular,Front-Wheel Drive,11.3658620689655,Hyundai,Auto(AM6),4.0,1.6
28552,Compact Cars,Regular,Front-Wheel Drive,11.7717857142857,Hyundai,Manual 6-spd,4.0,1.6
28553,Large Cars,Premium,Rear-Wheel Drive,18.3116666666667,Hyundai,Automatic (S8),8.0,5.0
28554,Minivan - 2WD,Regular,Front-Wheel Drive,16.4805,Kia,Automatic (S6),6.0,3.3
28555,Minivan - 2WD,Regular,Front-Wheel Drive,15.6957142857143,Kia,Automatic (S6),6.0,3.3
28556,Minivan - 2WD,Regular,Front-Wheel Drive,17.3478947368421,Kia,Automatic (S6),6.0,3.3
28557,Small Pickup Trucks,Regular,Rear-Wheel Drive,19.3888235294118,Nissan,Manual 5-spd,6.0,3.0
28558,Standard Sport Utility Vehicle 4WD,Premium,All-Wheel Drive,15.6957142857143,Porsche,Automatic (S8),6.0,3.6
28559,Two Seaters,Premium,Rear-Wheel Drive,12.6773076923077,BMW,Automatic (S8),4.0,2.0
28560,Two Seaters,Premium,Rear-Wheel Drive,12.6773076923077,BMW,Manual 6-spd,4.0,2.0
28561,Two Seaters,Premium,Rear-Wheel Drive,17.3478947368421,BMW,Auto(AM-S7),6.0,3.0
28562,Two Seaters,Premium,Rear-Wheel Drive,17.3478947368421,BMW,Auto(AM-S7),6.0,3.0
28563,Subcompact Cars,Premium,Rear-Wheel Drive,13.73375,BMW,Automatic (S8),6.0,3.0
28564,Compact Cars,Regular,Front-Wheel Drive,10.6325806451613,Kia,Automatic (S6),4.0,1.6
28565,Compact Cars,Regular,Front-Wheel Drive,10.987,Kia,Automatic (S6),4.0,1.6
28566,Compact Cars,Regular,Front-Wheel Drive,10.6325806451613,Kia,Manual 6-spd,4.0,1.6
28567,Small Sport Utility Vehicle 4WD,Premium,All-Wheel Drive,17.3478947368421,Porsche,Auto(AM-S7),6.0,3.0
28568,Small Pickup Trucks,Regular,Rear-Wheel Drive,14.9822727272727,Dodge,Automatic 4-spd,4.0,2.0
28569,Standard Sport Utility Vehicle 4WD,Premium,All-Wheel Drive,16.4805,Porsche,Automatic (S8),6.0,3.6
28570,Standard Sport Utility Vehicle 4WD,Premium,All-Wheel Drive,17.3478947368421,Porsche,Automatic (S8),6.0,3.6
28571,Two Seaters,Premium,Rear-Wheel Drive,15.6957142857143,Nissan,Automatic (S7),6.0,3.7
28572,Two Seaters,Premium,Rear-Wheel Drive,15.6957142857143,Nissan,Manual 6-spd,6.0,3.7
28573,Two Seaters,Premium,Rear-Wheel Drive,15.6957142857143,Nissan,Automatic (S7),6.0,3.7
28574,Two Seaters,Premium,Rear-Wheel Drive,16.4805,Nissan,Manual 6-spd,6.0,3.7
28575,Subcompact Cars,Premium,Rear-Wheel Drive,14.3308695652174,BMW,Automatic (S8),6.0,3.0
28576,Subcompact Cars,Premium,All-Wheel Drive,14.3308695652174,BMW,Automatic (S8),6.0,3.0
28577,Subcompact Cars,Premium,All-Wheel Drive,14.3308695652174,BMW,Automatic (S8),6.0,3.0
28578,Subcompact Cars,Premium,All-Wheel Drive,17.3478947368421,BMW,Automatic (S8),8.0,4.4
28579,Small Pickup Trucks,Regular,Rear-Wheel Drive,14.3308695652174,Dodge,Manual 5-spd,4.0,2.0
28580,Subcompact Cars,Premium,All-Wheel Drive,18.3116666666667,BMW,Automatic (S8),8.0,4.4
28581,Subcompact Cars,Premium,Rear-Wheel Drive,19.3888235294118,BMW,Manual 6-spd,8.0,4.4
28582,Subcompact Cars,Premium,Rear-Wheel Drive,20.600625,BMW,Auto(AM-S7),8.0,4.4
28583,Subcompact Cars,Premium,Rear-Wheel Drive,19.3888235294118,BMW,Manual 6-spd,8.0,4.4
28584,Subcompact Cars,Premium,Rear-Wheel Drive,20.600625,BMW,Auto(AM-S7),8.0,4.4
28585,Compact Cars,Premium,Rear-Wheel Drive,14.3308695652174,BMW,Automatic (S8),6.0,3.0
28586,Compact Cars,Premium,All-Wheel Drive,14.3308695652174,BMW,Automatic (S8),6.0,3.0
28587,Compact Cars,Premium,All-Wheel Drive,18.3116666666667,BMW,Automatic (S8),8.0,4.4
28588,Compact Cars,Premium,All-Wheel Drive,18.3116666666667,BMW,Automatic (S8),8.0,4.4
28589,Compact Cars,Premium,Rear-Wheel Drive,19.3888235294118,BMW,Manual 6-spd,8.0,4.4
28590,Small Pickup Trucks,Regular,Rear-Wheel Drive,16.4805,Dodge,Automatic 4-spd,4.0,2.6
28591,Compact Cars,Premium,Rear-Wheel Drive,20.600625,BMW,Auto(AM-S7),8.0,4.4
28592,Compact Cars,Premium,All-Wheel Drive,14.3308695652174,Subaru,Manual 6-spd,4.0,2.0
28593,Compact Cars,Premium,All-Wheel Drive,17.3478947368421,Subaru,Manual 6-spd,4.0,2.5
28594,Midsize Cars,Premium,Rear-Wheel Drive,19.3888235294118,BMW,Manual 6-spd,8.0,4.4
28595,Midsize Cars,Premium,Rear-Wheel Drive,20.600625,BMW,Auto(AM-S7),8.0,4.4
28596,Midsize Cars,Regular,Front-Wheel Drive,10.987,Hyundai,Automatic (S6),4.0,1.8
28597,Midsize Cars,Regular,Front-Wheel Drive,10.6325806451613,Hyundai,Automatic (S6),4.0,1.8
28598,Midsize Cars,Regular,Front-Wheel Drive,10.987,Hyundai,Manual 6-spd,4.0,1.8
28599,Midsize Cars,Regular,Front-Wheel Drive,11.7717857142857,Hyundai,Automatic (S6),4.0,2.0
28600,Midsize Cars,Regular,Front-Wheel Drive,11.7717857142857,Hyundai,Manual 6-spd,4.0,2.0
28601,Compact Cars,Regular,Front-Wheel Drive,14.3308695652174,Plymouth,Automatic 3-spd,4.0,2.2
28602,Small Pickup Trucks,Regular,Rear-Wheel Drive,16.4805,Dodge,Manual 5-spd,4.0,2.6
28603,Midsize Cars,Regular,Front-Wheel Drive,8.24025,Hyundai,Auto(AM6),4.0,2.0
28604,Midsize Cars,Regular,Front-Wheel Drive,8.03926829268293,Hyundai,Auto(AM6),4.0,2.0
28605,Small Station Wagons,Regular,Front-Wheel Drive,11.3658620689655,Volkswagen,Automatic (S6),4.0,1.8
28606,Small Station Wagons,Regular,Front-Wheel Drive,11.7717857142857,Volkswagen,Manual 5-spd,4.0,1.8
28607,Midsize Station Wagons,Premium,Front-Wheel Drive,11.7717857142857,Mercedes-Benz,Auto(AM7),4.0,2.0
28608,Special Purpose Vehicle 2WD,Regular,Front-Wheel Drive,13.73375,Nissan,Automatic (variable gear ratios),4.0,2.0
28609,Small Sport Utility Vehicle 4WD,Regular,All-Wheel Drive,13.73375,Jeep,Automatic 9-spd,4.0,2.4
28610,Standard Sport Utility Vehicle 4WD,Premium,4-Wheel Drive,21.974,Infiniti,Automatic (S7),8.0,5.6
28611,Small Pickup Trucks,Regular,Rear-Wheel Drive,15.6957142857143,Ford,Manual 5-spd,4.0,2.0
28612,Subcompact Cars,Premium,Rear-Wheel Drive,16.4805,BMW,Automatic (S8),8.0,4.4
28613,Subcompact Cars,Premium,Rear-Wheel Drive,16.4805,BMW,Automatic (S8),8.0,4.4
28614,Compact Cars,Premium,Rear-Wheel Drive,16.4805,BMW,Automatic (S8),8.0,4.4
28615,Midsize Cars,Premium,Front-Wheel Drive,11.7717857142857,Audi,Auto(AM-S7),4.0,2.0
28616,Large Cars,Premium,Rear-Wheel Drive,14.9822727272727,Porsche,Auto(AM-S7),6.0,3.6
28617,Large Cars,Premium,All-Wheel Drive,15.6957142857143,Porsche,Auto(AM-S7),6.0,3.6
28618,Large Cars,Premium,Rear-Wheel Drive,15.6957142857143,Porsche,Auto(AM-S7),6.0,3.0
28619,Large Cars,Premium,All-Wheel Drive,15.6957142857143,Porsche,Auto(AM-S7),6.0,3.0
28620,Large Cars,Premium,All-Wheel Drive,16.4805,Porsche,Auto(AM-S7),6.0,3.0
28621,Small Sport Utility Vehicle 2WD,Premium,Front-Wheel Drive,14.3308695652174,Acura,Automatic (S9),6.0,3.5
28622,Small Pickup Trucks,Regular,Rear-Wheel Drive,16.4805,Ford,Automatic 4-spd,4.0,2.3
28623,Small Sport Utility Vehicle 2WD,Premium,Front-Wheel Drive,14.9822727272727,Acura,Automatic (S9),6.0,3.5
28624,Small Sport Utility Vehicle 4WD,Premium,All-Wheel Drive,14.9822727272727,Acura,Automatic (S9),6.0,3.5
28625,Small Sport Utility Vehicle 4WD,Premium,All-Wheel Drive,15.6957142857143,Acura,Automatic (S9),6.0,3.5
28626,Small Sport Utility Vehicle 2WD,Regular,Front-Wheel Drive,13.73375,Ford,Automatic (S6),4.0,2.0
28627,Small Sport Utility Vehicle 2WD,Premium,Front-Wheel Drive,12.6773076923077,Jeep,Manual 6-spd,4.0,1.4
28628,Small Sport Utility Vehicle 4WD,Premium,All-Wheel Drive,12.2077777777778,Jeep,Manual 6-spd,4.0,1.4
28629,Large Cars,Electricity,All-Wheel Drive,0.198,Tesla,Automatic (A1),,
28630,Compact Cars,Regular,Front-Wheel Drive,9.69441176470588,Mazda,Manual 6-spd,4.0,1.5
28631,Compact Cars,Regular,Front-Wheel Drive,9.15583333333333,Mazda,Automatic (S6),4.0,1.5
28632,Compact Cars,Premium,All-Wheel Drive,15.6957142857143,Subaru,Auto(AV-S8),4.0,2.0
28633,Small Pickup Trucks,Diesel,Rear-Wheel Drive,14.6994230769231,Ford,Manual 5-spd,4.0,2.3
28634,Midsize Cars,Premium,All-Wheel Drive,15.6957142857143,Audi,Auto(AM-S7),8.0,4.0
28635,Midsize Cars,Premium,All-Wheel Drive,15.6957142857143,Audi,Auto(AM-S7),8.0,4.0
28636,Midsize Cars,Premium,All-Wheel Drive,13.1844,Audi,Automatic (S8),4.0,2.0
28637,Large Cars,Regular,Front-Wheel Drive,14.9822727272727,Kia,Automatic (S6),6.0,3.3
28638,Small Station Wagons,Regular,Front-Wheel Drive,10.3003125,Honda,Manual 6-spd,4.0,1.5
28639,Small Station Wagons,Regular,Front-Wheel Drive,9.15583333333333,Honda,Automatic (variable gear ratios),4.0,1.5
28640,Small Station Wagons,Regular,Front-Wheel Drive,9.69441176470588,Honda,Auto(AV-S7),4.0,1.5
28641,Small Sport Utility Vehicle 2WD,Premium,Front-Wheel Drive,14.3308695652174,Acura,Automatic (S6),6.0,3.5
28642,Small Sport Utility Vehicle 2WD,Premium,Rear-Wheel Drive,13.73375,BMW,Automatic (S8),4.0,2.0
28643,Small Pickup Trucks,Regular,Rear-Wheel Drive,13.73375,Ford,Manual 5-spd,4.0,2.3
28644,Small Sport Utility Vehicle 4WD,Premium,All-Wheel Drive,14.9822727272727,Acura,Automatic (S6),6.0,3.5
28645,Small Sport Utility Vehicle 4WD,Premium,All-Wheel Drive,13.73375,BMW,Automatic (S8),4.0,2.0
28646,Small Sport Utility Vehicle 4WD,Premium,All-Wheel Drive,15.6957142857143,BMW,Automatic (S8),6.0,3.0
28647,Small Sport Utility Vehicle 4WD,Diesel,All-Wheel Drive,12.7395,BMW,Automatic (S8),4.0,2.0
28648,Small Sport Utility Vehicle 4WD,Premium,All-Wheel Drive,14.3308695652174,BMW,Automatic (S8),4.0,2.0
28649,Small Sport Utility Vehicle 4WD,Premium,All-Wheel Drive,15.6957142857143,BMW,Automatic (S8),6.0,3.0
28650,Small Sport Utility Vehicle 4WD,Regular,All-Wheel Drive,13.1844,Subaru,Manual 6-spd,4.0,2.5
28651,Small Sport Utility Vehicle 4WD,Regular,All-Wheel Drive,12.2077777777778,Subaru,Automatic (variable gear ratios),4.0,2.5
28652,Small Sport Utility Vehicle 4WD,Premium,All-Wheel Drive,13.1844,Subaru,Auto(AV-S8),4.0,2.0
28653,Standard Sport Utility Vehicle 4WD,Premium,All-Wheel Drive,14.9822727272727,Volvo,Automatic (S8),4.0,2.0
28654,Small Pickup Trucks,Regular,Rear-Wheel Drive,18.3116666666667,Ford,Automatic 4-spd,6.0,2.9
28655,Minicompact Cars,Premium,Rear-Wheel Drive,13.73375,Subaru,Manual 6-spd,4.0,2.0
28656,Minicompact Cars,Premium,Rear-Wheel Drive,11.7717857142857,Subaru,Automatic (S6),4.0,2.0
28657,Subcompact Cars,Premium,Rear-Wheel Drive,13.73375,Mercedes-Benz,Automatic 7-spd,6.0,3.0
28658,Subcompact Cars,Premium,4-Wheel Drive,14.3308695652174,Mercedes-Benz,Automatic 7-spd,6.0,3.0
28659,Subcompact Cars,Premium,Rear-Wheel Drive,13.73375,Mercedes-Benz,Automatic 7-spd,6.0,3.0
28660,Midsize Cars,Regular,Front-Wheel Drive,11.3658620689655,Ford,Automatic (S6),4.0,1.5
28661,Midsize Cars,Regular,Front-Wheel Drive,11.7717857142857,Ford,Automatic (S6),4.0,1.5
28662,Midsize Cars,Regular,All-Wheel Drive,13.1844,Ford,Automatic (S6),4.0,2.0
28663,Midsize Cars,Regular,Front-Wheel Drive,12.6773076923077,Ford,Automatic (S6),4.0,2.0
28664,Midsize Cars,Regular,Front-Wheel Drive,12.6773076923077,Ford,Automatic (S6),4.0,2.5
28665,Small Pickup Trucks,Regular,Rear-Wheel Drive,17.3478947368421,Ford,Manual 5-spd,6.0,2.9
28666,Midsize Cars,Regular,Front-Wheel Drive,8.03926829268293,Ford,Automatic (variable gear ratios),4.0,2.0
28667,Midsize Cars,Regular,Front-Wheel Drive,8.24025,Lincoln,Automatic (variable gear ratios),4.0,2.0
28668,Midsize Cars,Regular,All-Wheel Drive,13.1844,Lincoln,Automatic (S6),4.0,2.0
28669,Midsize Cars,Regular,Front-Wheel Drive,12.6773076923077,Lincoln,Automatic (S6),4.0,2.0
28670,Midsize Cars,Regular,Front-Wheel Drive,15.6957142857143,Lincoln,Automatic (S6),6.0,3.7
28671,Midsize Cars,Regular,All-Wheel Drive,16.4805,Lincoln,Automatic (S6),6.0,3.7
28672,Midsize Cars,Premium,Rear-Wheel Drive,14.3308695652174,Mercedes-Benz,Automatic 7-spd,6.0,3.0
28673,Midsize Cars,Premium,4-Wheel Drive,14.3308695652174,Mercedes-Benz,Automatic 7-spd,6.0,3.0
28674,Two Seaters,Premium,Rear-Wheel Drive,10.987,Mazda,Manual 6-spd,4.0,2.0
28675,Two Seaters,Premium,Rear-Wheel Drive,10.987,Mazda,Automatic (S6),4.0,2.0
28676,Small Pickup Trucks,Regular,Rear-Wheel Drive,16.4805,GMC,Automatic 3-spd,4.0,2.5
28677,Two Seaters,Premium,Rear-Wheel Drive,19.3888235294118,Porsche,Auto(AM-S7),6.0,3.8
28678,Two Seaters,Premium,Rear-Wheel Drive,19.3888235294118,Porsche,Auto(AM-S7),6.0,4.0
28679,Minicompact Cars,Premium,4-Wheel Drive,15.6957142857143,Porsche,Manual 7-spd,6.0,3.8
28680,Minicompact Cars,Premium,4-Wheel Drive,15.6957142857143,Porsche,Auto(AM-S7),6.0,3.8
28681,Minicompact Cars,Premium,4-Wheel Drive,15.6957142857143,Porsche,Manual 7-spd,6.0,3.8
28682,Minicompact Cars,Premium,4-Wheel Drive,15.6957142857143,Porsche,Auto(AM-S7),6.0,3.8
28683,Subcompact Cars,Premium,Rear-Wheel Drive,15.6957142857143,Mercedes-Benz,Automatic 7-spd,8.0,4.7
28684,Subcompact Cars,Premium,Rear-Wheel Drive,16.4805,Mercedes-Benz,Automatic 7-spd,8.0,4.7
28685,Midsize Cars,Premium or E85,Rear-Wheel Drive,14.3308695652174,Mercedes-Benz,Automatic 7-spd,6.0,3.5
28686,Midsize Cars,Premium or E85,4-Wheel Drive,14.3308695652174,Mercedes-Benz,Automatic 7-spd,6.0,3.5
28687,Small Pickup Trucks,Regular,Rear-Wheel Drive,15.6957142857143,GMC,Automatic 4-spd,4.0,2.5
28688,Midsize Cars,Premium,Rear-Wheel Drive,14.3308695652174,Mercedes-Benz,Automatic 7-spd,6.0,3.5
28689,Midsize Cars,Diesel,Rear-Wheel Drive,11.5813636363636,Mercedes-Benz,Automatic 7-spd,4.0,2.1
28690,Midsize Cars,Diesel,4-Wheel Drive,12.3285483870968,Mercedes-Benz,Automatic 7-spd,4.0,2.1
28691,Midsize Cars,Premium,4-Wheel Drive,14.3308695652174,Mercedes-Benz,Automatic 7-spd,6.0,3.5
28692,Midsize Cars,Premium,4-Wheel Drive,17.3478947368421,Mercedes-Benz,Automatic 7-spd,8.0,5.5
28693,Midsize Cars,Premium,4-Wheel Drive,18.3116666666667,Mercedes-Benz,Automatic 7-spd,8.0,5.5
28694,Large Cars,Premium,Rear-Wheel Drive,21.974,Mercedes-Benz,Automatic 7-spd,12.0,6.0
28695,Midsize Station Wagons,Premium,4-Wheel Drive,14.9822727272727,Mercedes-Benz,Automatic 7-spd,6.0,3.5
28696,Midsize Station Wagons,Premium,4-Wheel Drive,18.3116666666667,Mercedes-Benz,Automatic 7-spd,8.0,5.5
28697,Standard Sport Utility Vehicle 4WD,Premium,All-Wheel Drive,19.3888235294118,Porsche,Automatic (S8),8.0,4.8
28698,Small Pickup Trucks,Regular,Rear-Wheel Drive,15.6957142857143,GMC,Manual 4-spd,4.0,2.5
28699,Standard Sport Utility Vehicle 4WD,Premium,All-Wheel Drive,19.3888235294118,Porsche,Automatic (S8),8.0,4.8
28700,Two Seaters,Premium,All-Wheel Drive,25.3546153846154,Lamborghini,Auto(AM-S7),12.0,6.5
28701,Two Seaters,Premium,All-Wheel Drive,27.4675,Lamborghini,Auto(AM-S7),12.0,6.5
28702,Two Seaters,Premium,Rear-Wheel Drive,18.3116666666667,Mercedes-Benz,Auto(AM7),8.0,4.0
28703,Minicompact Cars,Premium,Rear-Wheel Drive,11.7717857142857,Scion,Automatic (S6),4.0,2.0
28704,Minicompact Cars,Premium,Rear-Wheel Drive,13.73375,Scion,Manual 6-spd,4.0,2.0
28705,Compact Cars,Regular,Front-Wheel Drive,10.3003125,Toyota,Automatic 4-spd,4.0,1.5
28706,Compact Cars,Regular,Front-Wheel Drive,9.98818181818182,Toyota,Manual 5-spd,4.0,1.5
28707,Midsize Cars,Premium,4-Wheel Drive,15.6957142857143,Mercedes-Benz,Automatic 7-spd,8.0,4.7
28708,Small Sport Utility Vehicle 2WD,Premium,Front-Wheel Drive,11.7717857142857,Fiat,Manual 6-spd,4.0,1.4
28709,Compact Cars,Regular,Front-Wheel Drive,12.6773076923077,Plymouth,Manual 5-spd,4.0,2.2
28710,Small Pickup Trucks,Regular,Rear-Wheel Drive,14.9822727272727,GMC,Manual 5-spd,4.0,2.5
28711,Small Sport Utility Vehicle 2WD,Regular,Front-Wheel Drive,13.1844,Fiat,Automatic 9-spd,4.0,2.4
28712,Compact Cars,Premium,Rear-Wheel Drive,16.4805,Mercedes-Benz,Automatic 7-spd,8.0,4.0
28713,Compact Cars,Premium,Rear-Wheel Drive,16.4805,Mercedes-Benz,Automatic 7-spd,8.0,4.0
28714,Subcompact Cars,Premium,Rear-Wheel Drive,13.73375,BMW,Automatic (S8),6.0,3.0
28715,Subcompact Cars,Premium,Rear-Wheel Drive,14.3308695652174,BMW,Automatic (S8),6.0,3.0
28716,Subcompact Cars,Premium,Rear-Wheel Drive,20.600625,Maserati,Automatic 6-spd,8.0,4.7
28717,Subcompact Cars,Premium,Rear-Wheel Drive,21.974,Maserati,Automatic 6-spd,8.0,4.7
28718,Midsize Cars,Premium,Rear-Wheel Drive,14.3308695652174,BMW,Automatic (S8),6.0,3.0
28719,Small Sport Utility Vehicle 2WD,Regular,Front-Wheel Drive,14.3308695652174,Hyundai,Automatic (S6),4.0,2.4
28720,Small Sport Utility Vehicle 2WD,Regular,Front-Wheel Drive,14.9822727272727,Hyundai,Automatic (S6),4.0,2.0
28721,Small Pickup Trucks,Regular,Rear-Wheel Drive,20.600625,GMC,Automatic 3-spd,6.0,2.8
28722,Small Sport Utility Vehicle 2WD,Regular,Front-Wheel Drive,14.9822727272727,Hyundai,Automatic (S6),4.0,2.0
28723,Small Sport Utility Vehicle 2WD,Premium,Rear-Wheel Drive,17.3478947368421,Infiniti,Automatic (S7),6.0,3.7
28724,Small Sport Utility Vehicle 4WD,Regular,All-Wheel Drive,15.6957142857143,Hyundai,Automatic (S6),4.0,2.4
28725,Small Sport Utility Vehicle 4WD,Regular,All-Wheel Drive,16.4805,Hyundai,Automatic (S6),4.0,2.0
28726,Small Sport Utility Vehicle 4WD,Premium,All-Wheel Drive,18.3116666666667,Infiniti,Automatic (S7),6.0,3.7
28727,Compact Cars,Regular,Front-Wheel Drive,13.1844,Kia,Automatic (S6),4.0,1.6
28728,Compact Cars,Regular,Front-Wheel Drive,13.73375,Kia,Manual 6-spd,4.0,1.6
28729,Compact Cars,Regular,Front-Wheel Drive,11.7717857142857,Kia,Automatic (S6),4.0,2.0
28730,Compact Cars,Regular,Front-Wheel Drive,12.2077777777778,Kia,Manual 6-spd,4.0,2.0
28731,Compact Cars,Regular,Front-Wheel Drive,10.6325806451613,Mazda,Automatic (S6),4.0,2.0
28732,Small Pickup Trucks,Regular,Rear-Wheel Drive,18.3116666666667,GMC,Automatic 4-spd,6.0,2.8
28733,Compact Cars,Regular,4-Wheel Drive,11.3658620689655,Mazda,Automatic (S6),4.0,2.0
28734,Compact Cars,Regular,All-Wheel Drive,15.6957142857143,Volvo,Automatic (S6),6.0,3.0
28735,Compact Cars,Regular,All-Wheel Drive,14.3308695652174,Volvo,Automatic (S6),5.0,2.5
28736,Compact Cars,Regular,All-Wheel Drive,14.3308695652174,Volvo,Automatic (S6),5.0,2.5
28737,Compact Cars,Regular,Front-Wheel Drive,10.987,Volvo,Automatic (S8),4.0,2.0
28738,Compact Cars,Premium,Front-Wheel Drive,12.2077777777778,Volvo,Automatic (S8),4.0,2.0
28739,Compact Cars,Regular,All-Wheel Drive,15.6957142857143,Volvo,Automatic (S6),6.0,3.0
28740,Large Cars,Premium,All-Wheel Drive,16.4805,Jaguar,Automatic (S8),6.0,3.0
28741,Large Cars,Premium,All-Wheel Drive,16.4805,Jaguar,Automatic (S8),6.0,3.0
28742,Large Cars,Regular,Front-Wheel Drive,13.73375,Kia,Automatic (S6),4.0,1.6
28743,Small Pickup Trucks,Regular,Rear-Wheel Drive,18.3116666666667,GMC,Manual 4-spd,6.0,2.8
28744,Large Cars,Regular,Front-Wheel Drive,13.73375,Kia,Manual 6-spd,4.0,1.6
28745,Large Cars,Regular,Front-Wheel Drive,11.7717857142857,Kia,Automatic (S6),4.0,2.0
28746,Small Station Wagons,Regular,Front-Wheel Drive,12.6773076923077,Kia,Automatic (S6),4.0,2.0
28747,Small Station Wagons,Regular,Front-Wheel Drive,12.2077777777778,Kia,Automatic (S6),4.0,2.0
28748,Small Station Wagons,Regular,Front-Wheel Drive,12.6773076923077,Kia,Automatic (S6),4.0,1.6
28749,Small Station Wagons,Regular,Front-Wheel Drive,12.6773076923077,Kia,Manual 6-spd,4.0,1.6
28750,Small Station Wagons,Regular,All-Wheel Drive,14.3308695652174,Volvo,Automatic (S6),5.0,2.5
28751,Small Station Wagons,Regular,All-Wheel Drive,15.6957142857143,Volvo,Automatic (S6),6.0,3.0
28752,Small Station Wagons,Regular,All-Wheel Drive,15.6957142857143,Volvo,Automatic (S6),6.0,3.0
28753,Small Sport Utility Vehicle 2WD,Regular,Front-Wheel Drive,12.6773076923077,Volvo,Automatic (S8),4.0,2.0
28754,Small Pickup Trucks,Regular,Rear-Wheel Drive,18.3116666666667,GMC,Manual 5-spd,6.0,2.8
28755,Small Sport Utility Vehicle 2WD,Regular,Front-Wheel Drive,12.6773076923077,Volvo,Automatic (S8),4.0,2.0
28756,Small Sport Utility Vehicle 2WD,Premium,Front-Wheel Drive,13.73375,Volvo,Automatic (S8),4.0,2.0
28757,Small Sport Utility Vehicle 4WD,Regular,All-Wheel Drive,13.73375,Fiat,Automatic 9-spd,4.0,2.4
28758,Small Sport Utility Vehicle 4WD,Regular,All-Wheel Drive,16.4805,Volvo,Automatic (S6),6.0,3.0
28759,Small Sport Utility Vehicle 4WD,Regular,All-Wheel Drive,15.6957142857143,Volvo,Automatic (S6),5.0,2.5
28760,Small Sport Utility Vehicle 4WD,Regular,All-Wheel Drive,15.6957142857143,Volvo,Automatic (S6),5.0,2.5
28761,Small Station Wagons,Regular,All-Wheel Drive,14.3308695652174,Volvo,Automatic (S6),5.0,2.5
28762,Compact Cars,Regular,All-Wheel Drive,14.3308695652174,Volvo,Automatic (S6),5.0,2.5
28763,Midsize Cars,Regular Gas and Electricity,Front-Wheel Drive,4.87758466125,Ford,Automatic (variable gear ratios),4.0,2.0
28764,Two Seaters,Premium,Rear-Wheel Drive,14.9822727272727,Porsche,Manual 6-spd,6.0,3.4
28765,Small Pickup Trucks,Regular,Rear-Wheel Drive,13.1844,Isuzu,Manual 4-spd,4.0,1.9
28766,Two Seaters,Premium,Rear-Wheel Drive,16.4805,Porsche,Manual 6-spd,6.0,3.8
28767,Two Seaters,Premium,Rear-Wheel Drive,16.4805,Porsche,Manual 6-spd,6.0,3.8
28768,Minicompact Cars,Premium,Rear-Wheel Drive,14.9822727272727,Porsche,Manual 7-spd,6.0,3.4
28769,Minicompact Cars,Premium,Rear-Wheel Drive,14.3308695652174,Porsche,Auto(AM-S7),6.0,3.4
28770,Minicompact Cars,Premium,Rear-Wheel Drive,14.9822727272727,Porsche,Manual 7-spd,6.0,3.4
28771,Minicompact Cars,Premium,Rear-Wheel Drive,14.3308695652174,Porsche,Auto(AM-S7),6.0,3.4
28772,Minicompact Cars,Premium,Rear-Wheel Drive,14.9822727272727,Porsche,Manual 7-spd,6.0,3.8
28773,Minicompact Cars,Premium,Rear-Wheel Drive,14.9822727272727,Porsche,Auto(AM-S7),6.0,3.8
28774,Minicompact Cars,Premium,Rear-Wheel Drive,14.9822727272727,Porsche,Manual 7-spd,6.0,3.8
28775,Minicompact Cars,Premium,Rear-Wheel Drive,14.9822727272727,Porsche,Auto(AM-S7),6.0,3.8
28776,Small Pickup Trucks,Regular,Rear-Wheel Drive,14.3308695652174,Isuzu,Manual 4-spd,4.0,1.9
28777,Minicompact Cars,Premium,4-Wheel Drive,14.9822727272727,Porsche,Manual 7-spd,6.0,3.4
28778,Minicompact Cars,Premium,4-Wheel Drive,14.3308695652174,Porsche,Auto(AM-S7),6.0,3.4
28779,Minicompact Cars,Premium,4-Wheel Drive,15.6957142857143,Porsche,Manual 7-spd,6.0,3.4
28780,Minicompact Cars,Premium,4-Wheel Drive,14.9822727272727,Porsche,Auto(AM-S7),6.0,3.4
28781,Minicompact Cars,Premium,4-Wheel Drive,15.6957142857143,Porsche,Manual 7-spd,6.0,3.8
28782,Minicompact Cars,Premium,4-Wheel Drive,14.9822727272727,Porsche,Auto(AM-S7),6.0,3.8
28783,Minicompact Cars,Premium,4-Wheel Drive,15.6957142857143,Porsche,Manual 7-spd,6.0,3.8
28784,Minicompact Cars,Premium,4-Wheel Drive,15.6957142857143,Porsche,Auto(AM-S7),6.0,3.8
28785,Minicompact Cars,Premium,Rear-Wheel Drive,15.6957142857143,Porsche,Manual 7-spd,6.0,3.8
28786,Minicompact Cars,Premium,Rear-Wheel Drive,15.6957142857143,Porsche,Auto(AM-S7),6.0,3.8
28787,Small Pickup Trucks,Diesel,Rear-Wheel Drive,11.94328125,Isuzu,Manual 4-spd,4.0,2.2
28788,Minicompact Cars,Premium,Rear-Wheel Drive,16.4805,Porsche,Manual 7-spd,6.0,3.8
28789,Minicompact Cars,Premium,Rear-Wheel Drive,15.6957142857143,Porsche,Auto(AM-S7),6.0,3.8
28790,Minicompact Cars,Premium,4-Wheel Drive,15.6957142857143,Porsche,Manual 7-spd,6.0,3.8
28791,Minicompact Cars,Premium,4-Wheel Drive,15.6957142857143,Porsche,Auto(AM-S7),6.0,3.8
28792,Minicompact Cars,Premium,4-Wheel Drive,16.4805,Porsche,Manual 7-spd,6.0,3.8
28793,Minicompact Cars,Premium,4-Wheel Drive,15.6957142857143,Porsche,Auto(AM-S7),6.0,3.8
28794,Minicompact Cars,Premium,4-Wheel Drive,16.4805,Porsche,Auto(AM-S7),6.0,3.8
28795,Minicompact Cars,Premium,4-Wheel Drive,16.4805,Porsche,Auto(AM-S7),6.0,3.8
28796,Minicompact Cars,Premium,4-Wheel Drive,15.6957142857143,Porsche,Manual 7-spd,6.0,3.4
28797,Minicompact Cars,Premium,4-Wheel Drive,14.9822727272727,Porsche,Auto(AM-S7),6.0,3.4
28798,Small Pickup Trucks,Diesel,Rear-Wheel Drive,13.6494642857143,Isuzu,Manual 5-spd,4.0,2.2
28799,Subcompact Cars,Premium,All-Wheel Drive,19.3888235294118,Bentley,Automatic (S8),8.0,4.0
28800,Compact Cars,Premium,All-Wheel Drive,17.3478947368421,Bentley,Automatic (S8),8.0,4.0
28801,Compact Cars,Regular,Front-Wheel Drive,11.3658620689655,Volvo,Automatic (S8),4.0,2.0
28802,Midsize Cars,Premium,All-Wheel Drive,19.3888235294118,Bentley,Automatic (S8),8.0,4.0
28803,Midsize Cars,Regular,Front-Wheel Drive,11.3658620689655,Kia,Manual 6-spd,4.0,1.8
28804,Midsize Cars,Regular,Front-Wheel Drive,11.7717857142857,Kia,Automatic (S6),4.0,2.0
28805,Midsize Cars,Premium,All-Wheel Drive,17.3478947368421,Maserati,Automatic 8-spd,6.0,3.0
28806,Midsize Cars,Premium,Rear-Wheel Drive,17.3478947368421,Maserati,Automatic 8-spd,6.0,3.0
28807,Midsize Cars,Premium,Front-Wheel Drive,13.1844,Nissan,Auto(AV-S7),6.0,3.5
28808,Midsize Cars,Regular,Front-Wheel Drive,11.3658620689655,Volvo,Automatic (S8),4.0,2.0
28809,Small Pickup Trucks,Diesel,Rear-Wheel Drive,13.1787931034483,Isuzu,Manual 5-spd,4.0,2.2
28810,Large Cars,Premium,Rear-Wheel Drive,19.3888235294118,Maserati,Automatic 8-spd,8.0,3.8
28811,Large Cars,Premium,All-Wheel Drive,18.3116666666667,Maserati,Automatic 8-spd,6.0,3.0
28812,Small Station Wagons,Regular,Front-Wheel Drive,11.3658620689655,Volvo,Automatic (S8),4.0,2.0
28813,Small Sport Utility Vehicle 2WD,Regular,Front-Wheel Drive,12.6773076923077,Hyundai,Automatic (S6),4.0,2.0
28814,Small Sport Utility Vehicle 2WD,Regular,Front-Wheel Drive,16.4805,Lincoln,Automatic (S6),6.0,3.7
28815,Small Sport Utility Vehicle 2WD,Regular,Front-Wheel Drive,16.4805,Lincoln,Automatic (S6),6.0,2.7
28816,Small Sport Utility Vehicle 4WD,Regular,All-Wheel Drive,14.3308695652174,Hyundai,Automatic (S6),4.0,2.0
28817,Small Sport Utility Vehicle 4WD,Regular,All-Wheel Drive,17.3478947368421,Lincoln,Automatic (S6),6.0,2.7
28818,Small Sport Utility Vehicle 4WD,Regular,All-Wheel Drive,17.3478947368421,Lincoln,Automatic (S6),6.0,3.7
28819,Standard Sport Utility Vehicle 2WD,Gasoline or E85,Front-Wheel Drive,16.4805,Ford,Automatic (S6),6.0,3.5
28820,Compact Cars,Regular,Front-Wheel Drive,12.2077777777778,Plymouth,Manual 5-spd,4.0,2.2
28821,Small Pickup Trucks,Regular,Rear-Wheel Drive,16.4805,Isuzu,Automatic 3-spd,4.0,2.3
28822,Standard Sport Utility Vehicle 2WD,Regular,Front-Wheel Drive,16.4805,Ford,Automatic (S6),6.0,3.5
28823,Standard Sport Utility Vehicle 2WD,Regular,Front-Wheel Drive,14.9822727272727,Ford,Automatic (S6),4.0,2.3
28824,Standard Sport Utility Vehicle 4WD,Gasoline or E85,All-Wheel Drive,17.3478947368421,Ford,Automatic (S6),6.0,3.5
28825,Standard Sport Utility Vehicle 4WD,Regular,All-Wheel Drive,17.3478947368421,Ford,Automatic (S6),6.0,3.5
28826,Standard Sport Utility Vehicle 4WD,Regular,All-Wheel Drive,18.3116666666667,Ford,Automatic (S6),6.0,3.5
28827,Standard Sport Utility Vehicle 4WD,Regular,All-Wheel Drive,15.6957142857143,Ford,Automatic (S6),4.0,2.3
28828,Two Seaters,Premium,Rear-Wheel Drive,25.3546153846154,Pagani,Auto(AM7),12.0,6.0
28829,Two Seaters,Premium,Rear-Wheel Drive,17.3478947368421,Jaguar,Manual 6-spd,6.0,3.0
28830,Two Seaters,Premium,Rear-Wheel Drive,17.3478947368421,Jaguar,Manual 6-spd,6.0,3.0
28831,Two Seaters,Premium,Rear-Wheel Drive,18.3116666666667,Jaguar,Manual 6-spd,6.0,3.0
28832,Small Pickup Trucks,Regular,Rear-Wheel Drive,17.3478947368421,Isuzu,Automatic 3-spd,4.0,2.3
28833,Two Seaters,Premium,Rear-Wheel Drive,18.3116666666667,Jaguar,Manual 6-spd,6.0,3.0
28834,Two Seaters,Premium,Rear-Wheel Drive,13.73375,Porsche,Auto(AM-S7),6.0,3.4
28835,Two Seaters,Premium,Rear-Wheel Drive,14.9822727272727,Porsche,Manual 6-spd,6.0,3.4
28836,Two Seaters,Premium,Rear-Wheel Drive,13.73375,Porsche,Auto(AM-S7),6.0,3.4
28837,Two Seaters,Premium,Rear-Wheel Drive,14.9822727272727,Porsche,Manual 6-spd,6.0,3.4
28838,Two Seaters,Premium,Rear-Wheel Drive,13.1844,Porsche,Auto(AM-S7),6.0,3.4
28839,Compact Cars,Premium,Rear-Wheel Drive,17.3478947368421,Cadillac,Manual 6-spd,6.0,3.6
28840,Compact Cars,Regular,Front-Wheel Drive,10.987,Hyundai,Automatic (S6),4.0,1.6
28841,Compact Cars,Regular,Front-Wheel Drive,10.6325806451613,Hyundai,Manual 6-spd,4.0,1.6
28842,Midsize Cars,Regular,Front-Wheel Drive,10.987,Kia,Automatic (S6),4.0,1.8
28843,Small Pickup Trucks,Regular,Rear-Wheel Drive,15.6957142857143,Isuzu,Manual 5-spd,4.0,2.3
28844,Midsize Cars,Premium,Rear-Wheel Drive,17.3478947368421,Maserati,Automatic 8-spd,6.0,3.0
28845,Large Cars,Gasoline or E85,Front-Wheel Drive,14.9822727272727,Chevrolet,Automatic 6-spd,6.0,3.6
28846,Large Cars,Regular,Front-Wheel Drive,14.9822727272727,Hyundai,Automatic (S6),6.0,3.3
28847,Large Cars,Regular,Front-Wheel Drive,14.3308695652174,Hyundai,Automatic (S6),6.0,3.3
28848,Large Cars,Premium,Rear-Wheel Drive,18.3116666666667,Maserati,Automatic 8-spd,6.0,3.0
28849,Small Sport Utility Vehicle 2WD,Regular,Front-Wheel Drive,16.4805,Hyundai,Automatic (S6),6.0,3.3
28850,Small Sport Utility Vehicle 2WD,Regular,Front-Wheel Drive,15.6957142857143,Hyundai,Automatic (S6),6.0,3.3
28851,Small Sport Utility Vehicle 2WD,Regular,Front-Wheel Drive,14.3308695652174,Kia,Automatic (S6),4.0,2.4
28852,Small Sport Utility Vehicle 2WD,Regular,Front-Wheel Drive,14.9822727272727,Kia,Automatic (S6),4.0,2.0
28853,Small Sport Utility Vehicle 2WD,Regular,Front-Wheel Drive,12.2077777777778,Mitsubishi,Auto(AV-S6),4.0,2.4
28854,Small Pickup Trucks,Regular,Rear-Wheel Drive,15.6957142857143,Isuzu,Manual 5-spd,4.0,2.3
28855,Small Sport Utility Vehicle 4WD,Regular,All-Wheel Drive,14.3308695652174,Chevrolet,Automatic 6-spd,4.0,2.4
28856,Small Sport Utility Vehicle 4WD,Gasoline or E85,All-Wheel Drive,14.3308695652174,Chevrolet,Automatic 6-spd,4.0,2.4
28857,Small Sport Utility Vehicle 4WD,Regular,All-Wheel Drive,14.3308695652174,GMC,Automatic 6-spd,4.0,2.4
28858,Small Sport Utility Vehicle 4WD,Regular,All-Wheel Drive,17.3478947368421,Hyundai,Automatic (S6),6.0,3.3
28859,Small Sport Utility Vehicle 4WD,Regular,All-Wheel Drive,16.4805,Hyundai,Automatic (S6),6.0,3.3
28860,Small Sport Utility Vehicle 4WD,Regular,All-Wheel Drive,14.9822727272727,Kia,Automatic (S6),4.0,2.4
28861,Small Sport Utility Vehicle 4WD,Regular,All-Wheel Drive,15.6957142857143,Kia,Automatic (S6),4.0,2.0
28862,Small Sport Utility Vehicle 4WD,Regular,4-Wheel Drive,12.6773076923077,Mitsubishi,Auto(AV-S6),4.0,2.4
28863,Small Sport Utility Vehicle 4WD,Premium,4-Wheel Drive,14.9822727272727,Mitsubishi,Automatic (S6),6.0,3.0
28864,Subcompact Cars,Regular,Front-Wheel Drive,9.69441176470588,Scion,Manual 6-spd,4.0,1.5
28865,Small Pickup Trucks,Regular,Rear-Wheel Drive,14.9822727272727,Mitsubishi,Automatic 4-spd,4.0,2.0
28866,Subcompact Cars,Regular,Front-Wheel Drive,9.15583333333333,Scion,Automatic (S6),4.0,1.5
28867,Midsize Cars,Premium,All-Wheel Drive,18.3116666666667,Audi,Automatic (S8),8.0,4.0
28868,Large Cars,Premium,All-Wheel Drive,14.9822727272727,Audi,Automatic (S8),8.0,4.0
28869,Large Cars,Regular,Rear-Wheel Drive,18.3116666666667,Kia,Automatic (S8),8.0,5.0
28870,Large Cars,Premium,All-Wheel Drive,18.3116666666667,Porsche,Auto(AM-S7),8.0,4.8
28871,Large Cars,Premium,All-Wheel Drive,18.3116666666667,Porsche,Auto(AM-S7),8.0,4.8
28872,Small Pickup Trucks,Regular,Rear-Wheel Drive,14.3308695652174,Mitsubishi,Manual 5-spd,4.0,2.0
28873,Standard Sport Utility Vehicle 2WD,Regular,Front-Wheel Drive,18.3116666666667,Buick,Automatic 6-spd,6.0,3.6
28874,Standard Sport Utility Vehicle 2WD,Regular,Front-Wheel Drive,18.3116666666667,Chevrolet,Automatic 6-spd,6.0,3.6
28875,Standard Sport Utility Vehicle 2WD,Regular,Front-Wheel Drive,18.3116666666667,GMC,Automatic 6-spd,6.0,3.6
28876,Standard Sport Utility Vehicle 4WD,Regular,All-Wheel Drive,19.3888235294118,Buick,Automatic 6-spd,6.0,3.6
28877,Standard Sport Utility Vehicle 4WD,Regular,All-Wheel Drive,19.3888235294118,Chevrolet,Automatic 6-spd,6.0,3.6
28878,Standard Sport Utility Vehicle 4WD,Regular,All-Wheel Drive,19.3888235294118,GMC,Automatic 6-spd,6.0,3.6
28879,Two Seaters,Premium,Rear-Wheel Drive,13.73375,Porsche,Manual 6-spd,6.0,2.7
28880,Two Seaters,Premium,Rear-Wheel Drive,13.1844,Porsche,Auto(AM-S7),6.0,2.7
28881,Two Seaters,Premium,Rear-Wheel Drive,13.73375,Porsche,Manual 6-spd,6.0,2.7
28882,Two Seaters,Premium,Rear-Wheel Drive,13.1844,Porsche,Auto(AM-S7),6.0,2.7
28883,Small Pickup Trucks,Regular,Rear-Wheel Drive,16.4805,Mitsubishi,Automatic 4-spd,4.0,2.6
28884,Two Seaters,Premium,Rear-Wheel Drive,14.9822727272727,Porsche,Manual 6-spd,6.0,3.4
28885,Two Seaters,Premium,Rear-Wheel Drive,13.1844,Porsche,Auto(AM-S7),6.0,3.4
28886,Compact Cars,Premium,Rear-Wheel Drive,17.3478947368421,Cadillac,Automatic (S8),6.0,3.6
28887,Midsize Cars,Premium,All-Wheel Drive,21.974,Bentley,Automatic (S8),12.0,6.0
28888,Midsize Cars,Regular,Front-Wheel Drive,11.3658620689655,Chevrolet,Manual 6-spd,4.0,1.8
28889,Midsize Cars,Premium,Front-Wheel Drive,10.987,Dodge,Auto(AM6),4.0,1.4
28890,Midsize Cars,Premium,Front-Wheel Drive,10.3003125,Dodge,Auto(AM6),4.0,1.4
28891,Midsize Cars,Premium,Front-Wheel Drive,10.3003125,Dodge,Manual 6-spd,4.0,1.4
28892,Large Cars,Premium,All-Wheel Drive,17.3478947368421,Porsche,Auto(AM-S7),8.0,4.8
28893,Large Cars,Premium,All-Wheel Drive,18.3116666666667,Porsche,Auto(AM-S7),8.0,4.8
28894,Small Pickup Trucks,Regular,Rear-Wheel Drive,16.4805,Mitsubishi,Manual 5-spd,4.0,2.6
28895,Large Cars,Premium,All-Wheel Drive,18.3116666666667,Porsche,Auto(AM-S7),8.0,4.8
28896,Small Sport Utility Vehicle 2WD,Regular,Front-Wheel Drive,12.2077777777778,Hyundai,Auto(AM7),4.0,1.6
28897,Small Sport Utility Vehicle 2WD,Regular,Front-Wheel Drive,11.7717857142857,Hyundai,Auto(AM7),4.0,1.6
28898,Small Sport Utility Vehicle 2WD,Regular,Front-Wheel Drive,13.1844,Jeep,Automatic 9-spd,4.0,2.4
28899,Small Sport Utility Vehicle 2WD,Gasoline or E85,Front-Wheel Drive,13.1844,Jeep,Automatic 9-spd,4.0,2.4
28900,Small Sport Utility Vehicle 4WD,Regular,All-Wheel Drive,13.1844,Hyundai,Auto(AM7),4.0,1.6
28901,Small Sport Utility Vehicle 4WD,Regular,All-Wheel Drive,12.2077777777778,Hyundai,Auto(AM7),4.0,1.6
28902,Small Sport Utility Vehicle 4WD,Regular,All-Wheel Drive,14.3308695652174,Jeep,Automatic 9-spd,4.0,2.4
28903,Standard Sport Utility Vehicle 4WD,Regular,All-Wheel Drive,18.3116666666667,Cadillac,Automatic (S6),6.0,3.6
28904,Standard Sport Utility Vehicle 4WD,Premium,4-Wheel Drive,20.600625,Land Rover,Automatic (S8),6.0,3.0
28905,Small Pickup Trucks,Regular,Rear-Wheel Drive,15.6957142857143,Mazda,Manual 4-spd,4.0,2.0
28906,Two Seaters,Regular,All-Wheel Drive,12.6773076923077,Audi,Auto(AM-S6),4.0,2.0
28907,Subcompact Cars,Premium or E85,All-Wheel Drive,13.73375,Audi,Automatic (S8),4.0,2.0
28908,Subcompact Cars,Premium or E85,All-Wheel Drive,13.73375,Audi,Automatic (S8),4.0,2.0
28909,Subcompact Cars,Regular,Front-Wheel Drive,12.2077777777778,Audi,Auto(AM-S6),4.0,1.8
28910,Subcompact Cars,Regular,Front-Wheel Drive,11.7717857142857,Audi,Auto(AM-S6),4.0,1.8
28911,Subcompact Cars,Regular,All-Wheel Drive,12.2077777777778,Audi,Auto(AM-S6),4.0,2.0
28912,Subcompact Cars,Regular,All-Wheel Drive,12.6773076923077,Audi,Auto(AM-S6),4.0,2.0
28913,Subcompact Cars,Premium,All-Wheel Drive,15.6957142857143,Audi,Auto(AM-S7),6.0,3.0
28914,Subcompact Cars,Premium,All-Wheel Drive,15.6957142857143,Audi,Auto(AM-S7),6.0,3.0
28915,Subcompact Cars,Premium,All-Wheel Drive,16.4805,Audi,Manual 6-spd,6.0,3.0
28916,Small Pickup Trucks,Regular,Rear-Wheel Drive,15.6957142857143,Mazda,Manual 5-spd,4.0,2.0
28917,Subcompact Cars,Premium,All-Wheel Drive,12.6773076923077,Audi,Manual 6-spd,4.0,2.0
28918,Subcompact Cars,Premium,All-Wheel Drive,13.1844,Audi,Auto(AM-S6),4.0,2.0
28919,Subcompact Cars,Premium,All-Wheel Drive,12.6773076923077,Audi,Auto(AM-S6),4.0,2.0
28920,Subcompact Cars,Regular,All-Wheel Drive,12.6773076923077,Audi,Auto(AM-S6),4.0,2.0
28921,Compact Cars,Premium or E85,All-Wheel Drive,13.73375,Audi,Automatic (S8),4.0,2.0
28922,Compact Cars,Premium,All-Wheel Drive,15.6957142857143,Audi,Auto(AM-S7),6.0,3.0
28923,Compact Cars,Premium,All-Wheel Drive,16.4805,Audi,Manual 6-spd,6.0,3.0
28924,Compact Cars,Premium,All-Wheel Drive,12.6773076923077,Audi,Manual 6-spd,4.0,2.0
28925,Compact Cars,Premium,Front-Wheel Drive,12.2077777777778,Audi,Auto(AV-S8),4.0,2.0
28926,Compact Cars,Premium,Front-Wheel Drive,14.3308695652174,Audi,Automatic (S8),4.0,2.0
28927,Compact Cars,Regular,Front-Wheel Drive,13.73375,Pontiac,Automatic 3-spd,4.0,2.5
28928,Small Pickup Trucks,Regular,Rear-Wheel Drive,15.6957142857143,Toyota,Automatic 4-spd,4.0,2.4
28929,Compact Cars,Premium,All-Wheel Drive,14.3308695652174,Audi,Automatic (S8),4.0,2.0
28930,Compact Cars,Premium,All-Wheel Drive,13.1844,Volkswagen,Auto(AM-S6),4.0,2.0
28931,Compact Cars,Premium,All-Wheel Drive,13.1844,Volkswagen,Manual 6-spd,4.0,2.0
28932,Midsize Cars,Regular,Front-Wheel Drive,11.3658620689655,Dodge,Manual 6-spd,4.0,2.0
28933,Midsize Cars,Regular,Front-Wheel Drive,12.6773076923077,Dodge,Manual 6-spd,4.0,2.4
28934,Midsize Cars,Regular,All-Wheel Drive,11.3658620689655,Subaru,Auto(AV-S6),4.0,2.5
28935,Midsize Cars,Regular,All-Wheel Drive,14.3308695652174,Subaru,Auto(AV-S6),6.0,3.6
28936,Large Cars,Premium,All-Wheel Drive,14.9822727272727,Audi,Automatic (S8),6.0,3.0
28937,Small Pickup Trucks,Regular,Rear-Wheel Drive,16.4805,Toyota,Automatic 4-spd,4.0,2.4
28938,Large Cars,Regular,Rear-Wheel Drive,16.4805,Kia,Automatic (S8),6.0,3.8
28939,Small Station Wagons,Premium or E85,All-Wheel Drive,13.73375,Audi,Automatic (S8),4.0,2.0
28940,Minivan - 2WD,Gasoline or E85,Front-Wheel Drive,16.4805,Chrysler,Automatic 6-spd,6.0,3.6
28941,Minivan - 2WD,Gasoline or E85,Front-Wheel Drive,16.4805,Dodge,Automatic 6-spd,6.0,3.6
28942,Small Sport Utility Vehicle 2WD,Regular,Front-Wheel Drive,14.3308695652174,Honda,Automatic (S9),6.0,3.5
28943,Small Sport Utility Vehicle 2WD,Regular,Front-Wheel Drive,14.9822727272727,Honda,Automatic 6-spd,6.0,3.5
28944,Small Sport Utility Vehicle 2WD,Regular,Front-Wheel Drive,13.1844,Jeep,Manual 5-spd,4.0,2.4
28945,Small Sport Utility Vehicle 2WD,Regular,Front-Wheel Drive,13.73375,Jeep,Automatic (variable gear ratios),4.0,2.0
28946,Small Sport Utility Vehicle 2WD,Regular,Front-Wheel Drive,13.1844,Jeep,Manual 5-spd,4.0,2.4
28947,Small Sport Utility Vehicle 2WD,Regular,Front-Wheel Drive,13.73375,Jeep,Automatic (variable gear ratios),4.0,2.0
28948,Small Pickup Trucks,Regular,Rear-Wheel Drive,14.3308695652174,Toyota,Manual 4-spd,4.0,2.4
28949,Small Sport Utility Vehicle 4WD,Premium or E85,All-Wheel Drive,14.9822727272727,Audi,Automatic (S8),4.0,2.0
28950,Small Sport Utility Vehicle 4WD,Premium,All-Wheel Drive,15.6957142857143,Audi,Automatic (S8),6.0,3.0
28951,Small Sport Utility Vehicle 4WD,Premium,All-Wheel Drive,17.3478947368421,Audi,Automatic (S8),6.0,3.0
28952,Small Sport Utility Vehicle 4WD,Premium,All-Wheel Drive,12.6773076923077,Audi,Automatic (S8),4.0,2.0
28953,Small Sport Utility Vehicle 4WD,Regular,All-Wheel Drive,14.9822727272727,Honda,Automatic (S9),6.0,3.5
28954,Small Sport Utility Vehicle 4WD,Regular,All-Wheel Drive,15.6957142857143,Honda,Automatic 6-spd,6.0,3.5
28955,Small Sport Utility Vehicle 4WD,Regular,4-Wheel Drive,15.6957142857143,Jeep,Automatic (variable gear ratios),4.0,2.4
28956,Small Sport Utility Vehicle 4WD,Regular,4-Wheel Drive,14.9822727272727,Jeep,Automatic 6-spd,4.0,2.4
28957,Small Sport Utility Vehicle 4WD,Regular,4-Wheel Drive,13.73375,Jeep,Manual 5-spd,4.0,2.4
28958,Small Pickup Trucks,Regular,Rear-Wheel Drive,13.1844,Toyota,Manual 4-spd,4.0,2.4
28959,Small Sport Utility Vehicle 4WD,Regular,4-Wheel Drive,15.6957142857143,Jeep,Automatic (variable gear ratios),4.0,2.4
28960,Small Sport Utility Vehicle 4WD,Regular,4-Wheel Drive,14.9822727272727,Jeep,Automatic 6-spd,4.0,2.4
28961,Small Sport Utility Vehicle 4WD,Regular,4-Wheel Drive,13.73375,Jeep,Manual 5-spd,4.0,2.4
28962,Small Sport Utility Vehicle 4WD,Gasoline or E85,All-Wheel Drive,14.3308695652174,Jeep,Automatic 9-spd,4.0,2.4
28963,Small Sport Utility Vehicle 4WD,Regular,All-Wheel Drive,11.7717857142857,Subaru,Auto(AV-S6),4.0,2.5
28964,Small Sport Utility Vehicle 4WD,Regular,All-Wheel Drive,14.9822727272727,Subaru,Auto(AV-S6),6.0,3.6
28965,Standard Sport Utility Vehicle 2WD,Regular,Front-Wheel Drive,17.3478947368421,Cadillac,Automatic (S6),6.0,3.6
28966,Two Seaters,Premium,Rear-Wheel Drive,20.600625,Chevrolet,Automatic (S8),8.0,6.2
28967,Two Seaters,Premium,Rear-Wheel Drive,18.3116666666667,Chevrolet,Manual(M7),8.0,6.2
28968,Small Pickup Trucks,Regular,Rear-Wheel Drive,15.6957142857143,Toyota,Manual 5-spd,4.0,2.4
28969,Two Seaters,Premium,Rear-Wheel Drive,16.4805,Chevrolet,Automatic (S8),8.0,6.2
28970,Two Seaters,Premium,Rear-Wheel Drive,15.6957142857143,Chevrolet,Manual(M7),8.0,6.2
28971,Two Seaters,Premium,Rear-Wheel Drive,25.3546153846154,Pagani,Auto(AM7),12.0,6.0
28972,Subcompact Cars,Premium,Rear-Wheel Drive,17.3478947368421,Hyundai,Automatic (S8),6.0,3.8
28973,Compact Cars,Regular,Front-Wheel Drive,13.73375,Buick,Automatic (S6),4.0,2.0
28974,Compact Cars,Regular,Front-Wheel Drive,13.73375,Buick,Manual 6-spd,4.0,2.0
28975,Compact Cars,Regular,Front-Wheel Drive,13.73375,Buick,Automatic (S6),4.0,2.4
28976,Compact Cars,Regular,Front-Wheel Drive,10.3003125,Chevrolet,Manual 6-spd,4.0,1.4
28977,Compact Cars,Regular,Front-Wheel Drive,11.3658620689655,Chevrolet,Manual 6-spd,4.0,1.4
28978,Compact Cars,Regular,Front-Wheel Drive,10.987,Chevrolet,Automatic (S6),4.0,1.4
28979,Small Pickup Trucks,Regular,Rear-Wheel Drive,15.6957142857143,Toyota,Manual 5-spd,4.0,2.4
28980,Compact Cars,Regular,Front-Wheel Drive,11.7717857142857,Chevrolet,Automatic (S6),4.0,1.4
28981,Compact Cars,Regular,Front-Wheel Drive,11.7717857142857,Chevrolet,Automatic (S6),4.0,1.8
28982,Compact Cars,Regular,Front-Wheel Drive,11.3658620689655,Chevrolet,Manual 5-spd,4.0,1.8
28983,Midsize Cars,Gasoline or E85,All-Wheel Drive,16.4805,Buick,Automatic (S6),6.0,3.6
28984,Midsize Cars,Regular,All-Wheel Drive,14.9822727272727,Buick,Automatic (S6),4.0,2.0
28985,Midsize Cars,Regular,Front-Wheel Drive,13.73375,Buick,Automatic (S6),4.0,2.0
28986,Midsize Cars,Regular,Front-Wheel Drive,13.73375,Buick,Manual 6-spd,4.0,2.0
28987,Midsize Cars,Gasoline or E85,Front-Wheel Drive,15.6957142857143,Buick,Automatic (S6),6.0,3.6
28988,Midsize Cars,Regular,Front-Wheel Drive,15.6957142857143,Buick,Automatic (S6),6.0,3.6
28989,Midsize Cars,Regular,Front-Wheel Drive,11.7717857142857,Buick,Automatic (S6),4.0,2.4
28990,Small Pickup Trucks,Regular,Rear-Wheel Drive,15.6957142857143,Toyota,Automatic 4-spd,4.0,2.4
28991,Midsize Cars,Regular,Front-Wheel Drive,11.7717857142857,Buick,Automatic (S6),4.0,2.4
28992,Midsize Cars,Regular,Front-Wheel Drive,14.3308695652174,Buick,Automatic (S6),4.0,2.4
28993,Midsize Cars,Regular,Front-Wheel Drive,9.98818181818182,Chevrolet,Manual 6-spd,4.0,1.4
28994,Midsize Cars,Regular,Front-Wheel Drive,11.3658620689655,Chevrolet,Manual 6-spd,4.0,1.4
28995,Midsize Cars,Regular,Front-Wheel Drive,10.987,Chevrolet,Automatic 6-spd,4.0,1.4
28996,Midsize Cars,Regular,Front-Wheel Drive,10.987,Chevrolet,Automatic (S6),4.0,1.4
28997,Midsize Cars,Regular,Front-Wheel Drive,11.7717857142857,Chevrolet,Automatic (S6),4.0,1.4
28998,Midsize Cars,Regular,Front-Wheel Drive,10.987,Chevrolet,Manual 6-spd,4.0,1.4
28999,Midsize Cars,Regular,Front-Wheel Drive,12.6773076923077,Chevrolet,Automatic (S6),4.0,1.8
29000,Midsize Cars,Regular,Front-Wheel Drive,8.90837837837838,Kia,Auto(AM6),4.0,2.4
29001,Small Pickup Trucks,Regular,Rear-Wheel Drive,16.4805,Toyota,Manual 5-spd,4.0,2.4
29002,Midsize Cars,Regular,Front-Wheel Drive,9.15583333333333,Kia,Auto(AM6),4.0,2.4
29003,Large Cars,Regular,Front-Wheel Drive,15.6957142857143,Cadillac,Automatic (S6),6.0,3.6
29004,Large Cars,Regular,All-Wheel Drive,16.4805,Cadillac,Automatic (S6),6.0,3.6
29005,Large Cars,Gasoline or E85,Front-Wheel Drive,14.9822727272727,Chevrolet,Automatic (S6),6.0,3.6
29006,Large Cars,Regular,Front-Wheel Drive,15.6957142857143,Chevrolet,Automatic (S6),6.0,3.6
29007,Large Cars,Regular,Front-Wheel Drive,12.6773076923077,Hyundai,Automatic (S6),4.0,2.0
29008,Large Cars,Regular,Front-Wheel Drive,13.73375,Hyundai,Automatic (S6),4.0,2.0
29009,Large Cars,Regular,Front-Wheel Drive,11.3658620689655,Hyundai,Automatic (S6),4.0,2.4
29010,Large Cars,Regular,Front-Wheel Drive,11.7717857142857,Hyundai,Automatic (S6),4.0,2.4
29011,Large Cars,Regular,Front-Wheel Drive,10.6325806451613,Hyundai,Auto(AM7),4.0,1.6
29012,Small Pickup Trucks,Regular,Rear-Wheel Drive,14.3308695652174,Toyota,Manual 5-spd,4.0,2.4
29013,Large Cars,Regular,All-Wheel Drive,17.3478947368421,Hyundai,Automatic (S8),6.0,3.8
29014,Large Cars,Regular,Rear-Wheel Drive,14.9822727272727,Hyundai,Automatic (S8),6.0,3.8
29015,Small Station Wagons,Regular,Front-Wheel Drive,10.3003125,Chevrolet,Manual 6-spd,4.0,1.4
29016,Small Station Wagons,Regular,Front-Wheel Drive,10.987,Chevrolet,Automatic (S6),4.0,1.4
29017,Small Station Wagons,Regular,Front-Wheel Drive,11.7717857142857,Chevrolet,Automatic (S6),4.0,1.8
29018,Small Station Wagons,Regular,Front-Wheel Drive,11.3658620689655,Chevrolet,Manual 5-spd,4.0,1.8
29019,Standard Pickup Trucks 2WD,Regular,Rear-Wheel Drive,15.6957142857143,Ram,Automatic 8-spd,6.0,3.6
29020,Special Purpose Vehicle 2WD,Regular,Front-Wheel Drive,13.73375,Ram,Automatic 9-spd,4.0,2.4
29021,Minivan - 2WD,Regular,Front-Wheel Drive,16.4805,Chrysler,Automatic 6-spd,6.0,3.6
29022,Minivan - 2WD,Regular,Front-Wheel Drive,16.4805,Dodge,Automatic 6-spd,6.0,3.6
29023,Small Pickup Trucks,Diesel,4-Wheel or All-Wheel Drive,15.924375,Ford,Manual 5-spd,4.0,2.3
29024,Small Sport Utility Vehicle 2WD,Regular,Front-Wheel Drive,11.7717857142857,Buick,Automatic (S6),4.0,1.4
29025,Small Sport Utility Vehicle 2WD,Regular,Front-Wheel Drive,12.6773076923077,Chevrolet,Automatic 6-spd,4.0,2.4
29026,Small Sport Utility Vehicle 2WD,Gasoline or E85,Front-Wheel Drive,12.6773076923077,Chevrolet,Automatic 6-spd,4.0,2.4
29027,Small Sport Utility Vehicle 2WD,Regular,Front-Wheel Drive,11.3658620689655,Chevrolet,Automatic (S6),4.0,1.4
29028,Small Sport Utility Vehicle 2WD,Regular,Front-Wheel Drive,15.6957142857143,Dodge,Automatic 4-spd,4.0,2.4
29029,Small Sport Utility Vehicle 2WD,Gasoline or E85,Front-Wheel Drive,17.3478947368421,Dodge,Automatic 6-spd,6.0,3.6
29030,Small Sport Utility Vehicle 2WD,Regular,Front-Wheel Drive,12.6773076923077,Ford,Automatic (S6),4.0,1.6
29031,Small Sport Utility Vehicle 2WD,Regular,Front-Wheel Drive,13.73375,Ford,Automatic (S6),4.0,2.0
29032,Small Sport Utility Vehicle 2WD,Regular,Front-Wheel Drive,13.1844,Ford,Automatic (S6),4.0,2.5
29033,Small Sport Utility Vehicle 2WD,Regular,Front-Wheel Drive,12.6773076923077,GMC,Automatic 6-spd,4.0,2.4
29034,Compact Cars,Regular,Front-Wheel Drive,13.1844,Pontiac,Manual 5-spd,4.0,2.5
29035,Small Pickup Trucks,Regular,4-Wheel or All-Wheel Drive,14.9822727272727,Ford,Manual 5-spd,4.0,2.3
29036,Small Sport Utility Vehicle 2WD,Gasoline or E85,Front-Wheel Drive,12.6773076923077,GMC,Automatic 6-spd,4.0,2.4
29037,Small Sport Utility Vehicle 2WD,Regular,Front-Wheel Drive,13.1844,Jeep,Manual 5-spd,4.0,2.0
29038,Small Sport Utility Vehicle 2WD,Regular,Front-Wheel Drive,14.3308695652174,Jeep,Automatic 6-spd,4.0,2.4
29039,Small Sport Utility Vehicle 2WD,Regular,Front-Wheel Drive,13.1844,Jeep,Manual 5-spd,4.0,2.0
29040,Small Sport Utility Vehicle 2WD,Regular,Front-Wheel Drive,14.3308695652174,Jeep,Automatic 6-spd,4.0,2.4
29041,Small Sport Utility Vehicle 2WD,Regular,Front-Wheel Drive,14.3308695652174,Lincoln,Automatic (S6),4.0,2.0
29042,Small Sport Utility Vehicle 4WD,Regular,All-Wheel Drive,18.3116666666667,Chevrolet,Automatic 6-spd,6.0,3.6
29043,Small Sport Utility Vehicle 4WD,Regular,All-Wheel Drive,17.3478947368421,Dodge,Automatic 6-spd,6.0,3.6
29044,Small Sport Utility Vehicle 4WD,Regular,All-Wheel Drive,13.1844,Ford,Automatic (S6),4.0,1.6
29045,Small Sport Utility Vehicle 4WD,Regular,All-Wheel Drive,14.3308695652174,Ford,Automatic (S6),4.0,2.0
29046,Small Pickup Trucks,Regular,4-Wheel or All-Wheel Drive,19.3888235294118,Ford,Automatic 4-spd,6.0,2.9
29047,Small Sport Utility Vehicle 4WD,Regular,All-Wheel Drive,18.3116666666667,GMC,Automatic 6-spd,6.0,3.6
29048,Small Sport Utility Vehicle 4WD,Premium,4-Wheel Drive,14.9822727272727,Land Rover,Automatic (S9),4.0,2.0
29049,Small Sport Utility Vehicle 4WD,Premium,4-Wheel Drive,13.73375,Land Rover,Automatic (S9),4.0,2.0
29050,Small Sport Utility Vehicle 4WD,Regular,All-Wheel Drive,14.9822727272727,Lincoln,Automatic (S6),4.0,2.0
29051,Small Sport Utility Vehicle 4WD,Regular,All-Wheel Drive,15.6957142857143,Lincoln,Automatic (S6),4.0,2.3
29052,Large Cars,Premium and Electricity,Rear-Wheel Drive,8.2468347375,Mercedes-Benz,Automatic 7-spd,6.0,3.0
29053,Two Seaters,Premium,Rear-Wheel Drive,14.3308695652174,Mercedes-Benz,Automatic 7-spd,6.0,3.0
29054,Two Seaters,Premium,Rear-Wheel Drive,17.3478947368421,Mercedes-Benz,Automatic 7-spd,8.0,5.5
29055,Two Seaters,Premium,Rear-Wheel Drive,14.9822727272727,Mercedes-Benz,Automatic 7-spd,8.0,5.5
29056,Subcompact Cars,Premium,Rear-Wheel Drive,17.3478947368421,Hyundai,Manual 6-spd,6.0,3.8
29057,Small Pickup Trucks,Regular,4-Wheel or All-Wheel Drive,18.3116666666667,Ford,Manual 5-spd,6.0,2.9
29058,Compact Cars,Regular,Front-Wheel Drive,9.98818181818182,Mazda,Manual 6-spd,4.0,2.0
29059,Compact Cars,Regular,Front-Wheel Drive,9.98818181818182,Mazda,Automatic (S6),4.0,2.0
29060,Compact Cars,Regular,Front-Wheel Drive,11.3658620689655,Mazda,Manual 6-spd,4.0,2.5
29061,Compact Cars,Regular,Front-Wheel Drive,10.6325806451613,Mazda,Automatic (S6),4.0,2.5
29062,Compact Cars,Regular,Front-Wheel Drive,10.3003125,Mazda,Automatic (S6),4.0,2.5
29063,Compact Cars,Premium,4-Wheel Drive,17.3478947368421,Mercedes-Benz,Automatic 7-spd,8.0,4.7
29064,Compact Cars,Premium,Rear-Wheel Drive,16.4805,Mercedes-Benz,Automatic 9-spd,8.0,4.7
29065,Compact Cars,Premium,4-Wheel Drive,18.3116666666667,Mercedes-Benz,Automatic 7-spd,8.0,5.5
29066,Compact Cars,Premium,Rear-Wheel Drive,13.73375,Mercedes-Benz,Automatic 7-spd,6.0,3.0
29067,Compact Cars,Premium,4-Wheel Drive,14.9822727272727,Mercedes-Benz,Automatic 7-spd,6.0,3.0
29068,Small Pickup Trucks,Diesel,4-Wheel or All-Wheel Drive,16.6167391304348,Isuzu,Manual 5-spd,4.0,2.2
29069,Midsize Cars,Regular,Front-Wheel Drive,12.2077777777778,Dodge,Automatic 6-spd,4.0,2.4
29070,Midsize Cars,Regular,Front-Wheel Drive,12.2077777777778,Dodge,Manual 6-spd,4.0,2.4
29071,Midsize Cars,Regular,Front-Wheel Drive,13.1844,Dodge,Automatic 6-spd,4.0,2.4
29072,Midsize Cars,Gasoline or E85,Front-Wheel Drive,12.2077777777778,Dodge,Automatic 6-spd,4.0,2.0
29073,Midsize Cars,Regular,Front-Wheel Drive,10.3003125,Mazda,Manual 6-spd,4.0,2.0
29074,Midsize Cars,Regular,Front-Wheel Drive,9.98818181818182,Mazda,Automatic (S6),4.0,2.0
29075,Midsize Cars,Regular,Front-Wheel Drive,11.3658620689655,Mazda,Manual 6-spd,4.0,2.5
29076,Midsize Cars,Regular,Front-Wheel Drive,10.987,Mazda,Automatic (S6),4.0,2.5
29077,Midsize Cars,Regular,Front-Wheel Drive,10.3003125,Mazda,Automatic (S6),4.0,2.5
29078,Large Cars,Premium,Rear-Wheel Drive,16.4805,Mercedes-Benz,Automatic 7-spd,8.0,4.7
29079,Small Pickup Trucks,Regular,4-Wheel or All-Wheel Drive,18.3116666666667,Isuzu,Manual 5-spd,4.0,2.3
29080,Large Cars,Premium,4-Wheel Drive,18.3116666666667,Mercedes-Benz,Automatic 7-spd,8.0,5.5
29081,Large Cars,Premium,4-Wheel Drive,17.3478947368421,Mercedes-Benz,Automatic 7-spd,8.0,4.7
29082,Standard Pickup Trucks 2WD,Midgrade,Rear-Wheel Drive,20.600625,Ram,Automatic 6-spd,8.0,5.7
29083,Standard Pickup Trucks 2WD,Midgrade,Rear-Wheel Drive,19.3888235294118,Ram,Automatic 8-spd,8.0,5.7
29084,Standard Pickup Trucks 2WD,Gasoline or E85,Rear-Wheel Drive,16.4805,Ram,Automatic 8-spd,6.0,3.6
29085,Standard Pickup Trucks 2WD,Diesel,Rear-Wheel Drive,15.924375,Ram,Automatic 8-spd,6.0,3.0
29086,Standard Pickup Trucks 4WD,Midgrade,4-Wheel Drive,21.974,Ram,Automatic 6-spd,8.0,5.7
29087,Standard Pickup Trucks 4WD,Diesel,4-Wheel Drive,17.3720454545455,Ram,Automatic 8-spd,6.0,3.0
29088,Standard Pickup Trucks 4WD,Midgrade,4-Wheel Drive,19.3888235294118,Ram,Automatic 8-spd,8.0,5.7
29089,Small Sport Utility Vehicle 4WD,Regular,4-Wheel Drive,14.3308695652174,Jeep,Automatic 9-spd,4.0,2.4
29090,Small Pickup Trucks,Regular,4-Wheel or All-Wheel Drive,17.3478947368421,Isuzu,Manual 5-spd,4.0,2.3
29091,Small Sport Utility Vehicle 4WD,Regular,4-Wheel Drive,14.9822727272727,Jeep,Automatic 9-spd,4.0,2.4
29092,Standard Sport Utility Vehicle 4WD,Premium,4-Wheel Drive,17.3478947368421,Mercedes-Benz,Automatic 7-spd,6.0,3.5
29093,Standard Sport Utility Vehicle 4WD,Premium or E85,4-Wheel Drive,17.3478947368421,Mercedes-Benz,Automatic 7-spd,6.0,3.5
29094,Small Station Wagons,Electricity,Front-Wheel Drive,0.192,Kia,Automatic (A1),,
29095,Two Seaters,Premium,Rear-Wheel Drive,17.3478947368421,Mercedes-Benz,Automatic 7-spd,8.0,4.7
29096,Two Seaters,Premium,Rear-Wheel Drive,19.3888235294118,Mercedes-Benz,Automatic 7-spd,12.0,6.0
29097,Two Seaters,Premium,Rear-Wheel Drive,11.7717857142857,Mercedes-Benz,Automatic 9-spd,4.0,2.0
29098,Two Seaters,Premium,Rear-Wheel Drive,13.73375,Mercedes-Benz,Automatic 7-spd,6.0,3.5
29099,Subcompact Cars,Premium,Front-Wheel Drive,11.7717857142857,MINI,Automatic (S6),4.0,2.0
29100,Subcompact Cars,Premium,Front-Wheel Drive,12.2077777777778,MINI,Manual 6-spd,4.0,2.0
29101,Small Pickup Trucks,Regular,4-Wheel or All-Wheel Drive,14.3308695652174,Subaru,Manual 4-spd,4.0,1.8
29102,Subcompact Cars,Premium,Front-Wheel Drive,11.7717857142857,MINI,Automatic (S6),4.0,2.0
29103,Subcompact Cars,Premium,Front-Wheel Drive,12.2077777777778,MINI,Manual 6-spd,4.0,2.0
29104,Subcompact Cars,Premium,Front-Wheel Drive,13.1844,Volkswagen,Auto(AM-S6),4.0,2.0
29105,Compact Cars,Premium,All-Wheel Drive,13.1844,Cadillac,Automatic (S8),4.0,2.0
29106,Compact Cars,Premium,4-Wheel Drive,18.3116666666667,Mercedes-Benz,Automatic 7-spd,8.0,5.5
29107,Compact Cars,Premium,4-Wheel Drive,16.4805,Mercedes-Benz,Automatic 9-spd,8.0,4.7
29108,Compact Cars,Premium,Front-Wheel Drive,12.2077777777778,MINI,Automatic (S6),4.0,1.6
29109,Compact Cars,Premium,Front-Wheel Drive,12.2077777777778,MINI,Automatic (S6),4.0,1.6
29110,Compact Cars,Regular,Front-Wheel Drive,9.69441176470588,Nissan,Automatic (variable gear ratios),4.0,1.6
29111,Compact Cars,Regular,Front-Wheel Drive,10.987,Nissan,Manual 5-spd,4.0,1.6
29112,Small Pickup Trucks,Regular,4-Wheel or All-Wheel Drive,14.3308695652174,Subaru,Manual 4-spd,4.0,1.8
29113,Compact Cars,Regular,Front-Wheel Drive,11.3658620689655,Nissan,Automatic 4-spd,4.0,1.6
29114,Compact Cars,Regular,Front-Wheel Drive,12.6773076923077,Scion,Manual 6-spd,4.0,2.5
29115,Compact Cars,Regular,Front-Wheel Drive,12.6773076923077,Scion,Automatic (S6),4.0,2.5
29116,Compact Cars,Regular,Front-Wheel Drive,11.7717857142857,Volkswagen,Auto(AM-S6),4.0,2.0
29117,Compact Cars,Regular,Front-Wheel Drive,11.7717857142857,Volkswagen,Manual 6-spd,4.0,2.0
29118,Compact Cars,Regular,Front-Wheel Drive,11.3658620689655,Volkswagen,Automatic (S6),4.0,1.8
29119,Compact Cars,Regular,Front-Wheel Drive,11.3658620689655,Volkswagen,Manual 5-spd,4.0,1.8
29120,Compact Cars,Premium,Front-Wheel Drive,13.1844,Volkswagen,Auto(AM-S6),4.0,2.0
29121,Compact Cars,Premium,Front-Wheel Drive,13.1844,Volkswagen,Manual 6-spd,4.0,2.0
29122,Compact Cars,Regular,All-Wheel Drive,16.4805,Volkswagen,Automatic (S6),6.0,3.6
29123,Standard Pickup Trucks,Regular,Rear-Wheel Drive,18.3116666666667,Chevrolet,Automatic 3-spd,6.0,4.3
29124,Midsize Cars,Premium,All-Wheel Drive,13.73375,Cadillac,Automatic (S8),4.0,2.0
29125,Midsize Cars,Regular,Front-Wheel Drive,12.2077777777778,Chrysler,Automatic 9-spd,4.0,2.4
29126,Midsize Cars,Gasoline or E85,Front-Wheel Drive,12.2077777777778,Chrysler,Automatic 9-spd,4.0,2.4
29127,Midsize Cars,Gasoline or E85,All-Wheel Drive,14.9822727272727,Chrysler,Automatic 9-spd,6.0,3.6
29128,Large Cars,Premium,All-Wheel Drive,19.3888235294118,Audi,Automatic (S8),12.0,6.3
29129,Large Cars,Premium,All-Wheel Drive,18.3116666666667,Cadillac,Automatic (S6),6.0,3.6
29130,Small Station Wagons,Regular,Front-Wheel Drive,11.3658620689655,Volkswagen,Automatic (S6),4.0,1.8
29131,Small Station Wagons,Regular,Front-Wheel Drive,11.7717857142857,Volkswagen,Manual 5-spd,4.0,1.8
29132,Small Pickup Trucks 2WD,Regular,Rear-Wheel Drive,14.9822727272727,Chevrolet,Manual 6-spd,4.0,2.5
29133,Standard Pickup Trucks,Regular,Rear-Wheel Drive,18.3116666666667,Chevrolet,Automatic 4-spd,6.0,4.3
29134,Small Pickup Trucks 2WD,Regular,Rear-Wheel Drive,14.9822727272727,Chevrolet,Automatic 6-spd,4.0,2.5
29135,Small Pickup Trucks 2WD,Regular,Rear-Wheel Drive,15.6957142857143,Chevrolet,Automatic 6-spd,6.0,3.6
29136,Small Pickup Trucks 2WD,Regular,Rear-Wheel Drive,14.9822727272727,GMC,Manual 6-spd,4.0,2.5
29137,Small Pickup Trucks 2WD,Regular,Rear-Wheel Drive,14.9822727272727,GMC,Automatic 6-spd,4.0,2.5
29138,Small Pickup Trucks 2WD,Regular,Rear-Wheel Drive,15.6957142857143,GMC,Automatic 6-spd,6.0,3.6
29139,Small Pickup Trucks 4WD,Regular,4-Wheel Drive,15.6957142857143,Chevrolet,Automatic 6-spd,4.0,2.5
29140,Small Pickup Trucks 4WD,Regular,4-Wheel Drive,16.4805,Chevrolet,Automatic 6-spd,6.0,3.6
29141,Standard Pickup Trucks 2WD,Diesel,Rear-Wheel Drive,16.6167391304348,Ram,Automatic 8-spd,6.0,3.0
29142,Standard Pickup Trucks 4WD,Gasoline or E85,4-Wheel Drive,17.3478947368421,Ram,Automatic 8-spd,6.0,3.6
29143,Special Purpose Vehicle 2WD,Regular,Rear-Wheel Drive,20.600625,Chevrolet,Automatic 6-spd,6.0,3.6
29144,Compact Cars,Regular,Front-Wheel Drive,16.4805,Pontiac,Automatic 3-spd,6.0,3.0
29145,Standard Pickup Trucks,Regular,Rear-Wheel Drive,23.5435714285714,Chevrolet,Automatic 3-spd,8.0,5.0
29146,Special Purpose Vehicle 2WD,Regular,Rear-Wheel Drive,20.600625,GMC,Automatic 6-spd,6.0,3.6
29147,Small Sport Utility Vehicle 2WD,Regular,Front-Wheel Drive,16.4805,Chevrolet,Automatic 6-spd,6.0,3.6
29148,Small Sport Utility Vehicle 2WD,Regular,Front-Wheel Drive,16.4805,GMC,Automatic 6-spd,6.0,3.6
29149,Small Sport Utility Vehicle 2WD,Regular,Front-Wheel Drive,13.73375,Jeep,Automatic 9-spd,6.0,3.2
29150,Small Sport Utility Vehicle 2WD,Premium,Front-Wheel Drive,14.3308695652174,Volkswagen,Automatic (S6),4.0,2.0
29151,Small Pickup Trucks 4WD,Regular,4-Wheel Drive,15.6957142857143,GMC,Automatic 6-spd,4.0,2.5
29152,Small Pickup Trucks 4WD,Regular,4-Wheel Drive,16.4805,GMC,Automatic 6-spd,6.0,3.6
29153,Small Sport Utility Vehicle 4WD,Regular,All-Wheel Drive,14.3308695652174,Jeep,Automatic 9-spd,6.0,3.2
29154,Small Sport Utility Vehicle 4WD,Regular,4-Wheel Drive,14.9822727272727,Jeep,Automatic 9-spd,6.0,3.2
29155,Small Sport Utility Vehicle 4WD,Regular,4-Wheel Drive,14.9822727272727,Jeep,Automatic 9-spd,6.0,3.2
29156,Standard Pickup Trucks,Regular,Rear-Wheel Drive,19.3888235294118,Chevrolet,Automatic 4-spd,8.0,5.0
29157,Small Sport Utility Vehicle 4WD,Premium,All-Wheel Drive,14.9822727272727,Volkswagen,Automatic (S6),4.0,2.0
29158,Standard Sport Utility Vehicle 2WD,Gasoline or E85,Rear-Wheel Drive,18.3116666666667,Chevrolet,Automatic 6-spd,8.0,5.3
29159,Standard Sport Utility Vehicle 2WD,Gasoline or E85,Rear-Wheel Drive,18.3116666666667,Chevrolet,Automatic 6-spd,8.0,5.3
29160,Standard Sport Utility Vehicle 2WD,Regular,Rear-Wheel Drive,17.3478947368421,Chevrolet,Automatic 6-spd,8.0,5.3
29161,Standard Sport Utility Vehicle 2WD,Regular,Rear-Wheel Drive,17.3478947368421,Chevrolet,Automatic 6-spd,8.0,5.3
29162,Standard Sport Utility Vehicle 2WD,Gasoline or E85,Rear-Wheel Drive,18.3116666666667,GMC,Automatic 6-spd,8.0,5.3
29163,Standard Sport Utility Vehicle 2WD,Gasoline or E85,Rear-Wheel Drive,18.3116666666667,GMC,Automatic 6-spd,8.0,5.3
29164,Standard Sport Utility Vehicle 2WD,Regular,Rear-Wheel Drive,17.3478947368421,GMC,Automatic 6-spd,8.0,5.3
29165,Standard Sport Utility Vehicle 2WD,Regular,Rear-Wheel Drive,17.3478947368421,GMC,Automatic 6-spd,8.0,5.3
29166,Standard Sport Utility Vehicle 2WD,Premium,Rear-Wheel Drive,16.4805,Mercedes-Benz,Automatic 7-spd,6.0,3.5
29167,Standard Pickup Trucks,Regular,Rear-Wheel Drive,20.600625,Chevrolet,Automatic 3-spd,6.0,4.3
29168,Standard Sport Utility Vehicle 4WD,Gasoline or E85,4-Wheel Drive,18.3116666666667,Chevrolet,Automatic 6-spd,8.0,5.3
29169,Standard Sport Utility Vehicle 4WD,Gasoline or E85,4-Wheel Drive,18.3116666666667,Chevrolet,Automatic 6-spd,8.0,5.3
29170,Standard Sport Utility Vehicle 4WD,Regular,4-Wheel Drive,18.3116666666667,Chevrolet,Automatic 6-spd,8.0,5.3
29171,Standard Sport Utility Vehicle 4WD,Regular,4-Wheel Drive,18.3116666666667,Chevrolet,Automatic 6-spd,8.0,5.3
29172,Standard Sport Utility Vehicle 4WD,Gasoline or E85,4-Wheel Drive,18.3116666666667,GMC,Automatic 6-spd,8.0,5.3
29173,Standard Sport Utility Vehicle 4WD,Gasoline or E85,4-Wheel Drive,18.3116666666667,GMC,Automatic 6-spd,8.0,5.3
29174,Standard Sport Utility Vehicle 4WD,Regular,4-Wheel Drive,18.3116666666667,GMC,Automatic 6-spd,8.0,5.3
29175,Standard Sport Utility Vehicle 4WD,Regular,4-Wheel Drive,18.3116666666667,GMC,Automatic 6-spd,8.0,5.3
29176,Standard Sport Utility Vehicle 4WD,Premium,4-Wheel Drive,20.600625,Land Rover,Automatic (S8),8.0,5.0
29177,Standard Sport Utility Vehicle 4WD,Premium,4-Wheel Drive,20.600625,Land Rover,Automatic (S8),8.0,5.0
29178,Standard Pickup Trucks,Regular,Rear-Wheel Drive,19.3888235294118,Chevrolet,Automatic 4-spd,6.0,4.3
29179,Standard Sport Utility Vehicle 4WD,Premium,4-Wheel Drive,17.3478947368421,Land Rover,Automatic (S8),6.0,3.0
29180,Standard Sport Utility Vehicle 4WD,Premium,4-Wheel Drive,17.3478947368421,Land Rover,Automatic (S8),6.0,3.0
29181,Standard Sport Utility Vehicle 4WD,Premium,4-Wheel Drive,20.600625,Land Rover,Automatic (S8),8.0,5.0
29182,Standard Sport Utility Vehicle 4WD,Premium,4-Wheel Drive,17.3478947368421,Land Rover,Automatic (S8),6.0,3.0
29183,Standard Sport Utility Vehicle 4WD,Diesel,4-Wheel Drive,17.3720454545455,Mercedes-Benz,Automatic 7-spd,6.0,3.0
29184,Two Seaters,Premium,Rear-Wheel Drive,21.974,Dodge,Manual 6-spd,10.0,8.4
29185,Subcompact Cars,Premium,All-Wheel Drive,21.974,Bentley,Automatic (S8),12.0,6.0
29186,Subcompact Cars,Premium,Rear-Wheel Drive,12.6773076923077,BMW,Manual 6-spd,4.0,2.0
29187,Subcompact Cars,Premium,All-Wheel Drive,12.2077777777778,BMW,Automatic (S8),4.0,2.0
29188,Standard Pickup Trucks,Regular,Rear-Wheel Drive,19.3888235294118,Chevrolet,Manual 3-spd,6.0,4.3
29189,Subcompact Cars,Premium,All-Wheel Drive,12.6773076923077,BMW,Automatic (S8),4.0,2.0
29190,Subcompact Cars,Premium,Rear-Wheel Drive,13.73375,BMW,Automatic (S8),6.0,3.0
29191,Subcompact Cars,Premium,Rear-Wheel Drive,14.9822727272727,BMW,Manual 6-spd,6.0,3.0
29192,Subcompact Cars,Premium,Rear-Wheel Drive,14.9822727272727,BMW,Manual 6-spd,6.0,3.0
29193,Subcompact Cars,Premium,All-Wheel Drive,13.1844,BMW,Automatic (S8),4.0,2.0
29194,Subcompact Cars,Premium,All-Wheel Drive,14.3308695652174,BMW,Automatic (S8),6.0,3.0
29195,Subcompact Cars,Regular,Front-Wheel Drive,11.7717857142857,Volkswagen,Automatic (S6),4.0,1.8
29196,Subcompact Cars,Regular,Front-Wheel Drive,12.6773076923077,Volkswagen,Manual 6-spd,4.0,2.0
29197,Compact Cars,Premium,All-Wheel Drive,21.974,Bentley,Automatic (S8),12.0,6.0
29198,Compact Cars,Premium,Rear-Wheel Drive,12.6773076923077,BMW,Manual 6-spd,4.0,2.0
29199,Standard Pickup Trucks,Regular,Rear-Wheel Drive,20.600625,Chevrolet,Manual 4-spd,6.0,4.3
29200,Compact Cars,Premium,All-Wheel Drive,12.6773076923077,BMW,Automatic (S8),4.0,2.0
29201,Compact Cars,Premium,Rear-Wheel Drive,12.2077777777778,BMW,Manual 6-spd,4.0,2.0
29202,Compact Cars,Premium,All-Wheel Drive,12.2077777777778,BMW,Automatic (S8),4.0,2.0
29203,Compact Cars,Premium,Rear-Wheel Drive,12.6773076923077,BMW,Manual 6-spd,4.0,2.0
29204,Compact Cars,Premium,All-Wheel Drive,12.6773076923077,BMW,Automatic (S8),4.0,2.0
29205,Compact Cars,Premium,All-Wheel Drive,12.6773076923077,BMW,Automatic (S8),4.0,2.0
29206,Compact Cars,Premium,Rear-Wheel Drive,13.73375,BMW,Automatic (S8),6.0,3.0
29207,Compact Cars,Premium,Rear-Wheel Drive,14.3308695652174,BMW,Manual 6-spd,6.0,3.0
29208,Compact Cars,Premium,Rear-Wheel Drive,13.73375,BMW,Automatic (S8),6.0,3.0
29209,Compact Cars,Premium,Rear-Wheel Drive,16.4805,Mercedes-Benz,Automatic 7-spd,8.0,4.0
29210,Standard Pickup Trucks,Regular,Rear-Wheel Drive,23.5435714285714,Chevrolet,Automatic 3-spd,8.0,5.0
29211,Compact Cars,Premium,Front-Wheel Drive,11.3658620689655,MINI,Manual 6-spd,4.0,1.6
29212,Compact Cars,Premium,Front-Wheel Drive,11.3658620689655,MINI,Manual 6-spd,4.0,1.6
29213,Compact Cars,Premium,Front-Wheel Drive,11.7717857142857,MINI,Automatic (S6),4.0,1.6
29214,Compact Cars,Premium,Front-Wheel Drive,11.7717857142857,MINI,Manual 6-spd,4.0,1.6
29215,Compact Cars,Premium,All-Wheel Drive,12.6773076923077,MINI,Automatic (S6),4.0,1.6
29216,Compact Cars,Premium,All-Wheel Drive,12.2077777777778,MINI,Manual 6-spd,4.0,1.6
29217,Compact Cars,Premium,Front-Wheel Drive,11.7717857142857,MINI,Automatic (S6),4.0,1.6
29218,Compact Cars,Premium,Front-Wheel Drive,11.7717857142857,MINI,Manual 6-spd,4.0,1.6
29219,Compact Cars,Premium,All-Wheel Drive,12.6773076923077,MINI,Automatic (S6),4.0,1.6
29220,Compact Cars,Premium,All-Wheel Drive,12.2077777777778,MINI,Manual 6-spd,4.0,1.6
29221,Standard Pickup Trucks,Regular,Rear-Wheel Drive,23.5435714285714,Chevrolet,Automatic 4-spd,8.0,5.0
29222,Compact Cars,Premium,All-Wheel Drive,12.6773076923077,MINI,Automatic (S6),4.0,1.6
29223,Compact Cars,Premium,All-Wheel Drive,12.2077777777778,MINI,Manual 6-spd,4.0,1.6
29224,Compact Cars,Premium,All-Wheel Drive,12.6773076923077,MINI,Automatic (S6),4.0,1.6
29225,Compact Cars,Premium,All-Wheel Drive,12.2077777777778,MINI,Manual 6-spd,4.0,1.6
29226,Compact Cars,Regular,Front-Wheel Drive,11.3658620689655,Volkswagen,Automatic (S6),4.0,1.8
29227,Compact Cars,Regular,Front-Wheel Drive,11.7717857142857,Volkswagen,Automatic (S6),4.0,1.8
29228,Compact Cars,Regular,Front-Wheel Drive,11.7717857142857,Volkswagen,Manual 5-spd,4.0,1.8
29229,Compact Cars,Regular,Front-Wheel Drive,12.2077777777778,Volkswagen,Auto(AM-S6),4.0,2.0
29230,Compact Cars,Regular,Front-Wheel Drive,12.2077777777778,Volkswagen,Manual 6-spd,4.0,2.0
29231,Compact Cars,Regular,Front-Wheel Drive,12.6773076923077,Volkswagen,Manual 6-spd,4.0,2.0
29232,Standard Pickup Trucks,Regular,Rear-Wheel Drive,21.974,Chevrolet,Manual 4-spd,8.0,5.0
29233,Midsize Cars,Premium,All-Wheel Drive,12.6773076923077,BMW,Automatic (S8),4.0,2.0
29234,Midsize Cars,Premium,All-Wheel Drive,14.3308695652174,BMW,Automatic (S8),6.0,3.0
29235,Midsize Cars,Premium,Rear-Wheel Drive,16.4805,BMW,Automatic (S8),8.0,4.4
29236,Midsize Cars,Premium,All-Wheel Drive,17.3478947368421,BMW,Automatic (S8),8.0,4.4
29237,Midsize Cars,Gasoline or E85,Front-Wheel Drive,14.3308695652174,Chrysler,Automatic 9-spd,6.0,3.6
29238,Large Cars,Premium,All-Wheel Drive,12.6773076923077,BMW,Automatic (S8),4.0,2.0
29239,Large Cars,Premium,Rear-Wheel Drive,14.9822727272727,BMW,Automatic (S8),6.0,3.0
29240,Large Cars,Premium,All-Wheel Drive,15.6957142857143,BMW,Automatic (S8),6.0,3.0
29241,Large Cars,Regular,Front-Wheel Drive,13.1844,Chevrolet,Automatic (S6),4.0,2.5
29242,Small Station Wagons,Premium,All-Wheel Drive,12.6773076923077,BMW,Automatic (S8),4.0,2.0
29243,Standard Pickup Trucks,Regular,Rear-Wheel Drive,21.974,Chevrolet,Manual 4-spd,8.0,5.0
29244,Small Sport Utility Vehicle 4WD,Premium,All-Wheel Drive,17.3478947368421,Porsche,Auto(AM-S7),6.0,3.6
29245,Standard Sport Utility Vehicle 2WD,Regular,Rear-Wheel Drive,19.3888235294118,Cadillac,Automatic 8-spd,8.0,6.2
29246,Standard Sport Utility Vehicle 2WD,Regular,Rear-Wheel Drive,19.3888235294118,Ford,Automatic (S6),6.0,3.5
29247,Standard Sport Utility Vehicle 2WD,Regular,Rear-Wheel Drive,18.3116666666667,Ford,Automatic (S6),6.0,3.5
29248,Standard Sport Utility Vehicle 2WD,Regular,Rear-Wheel Drive,19.3888235294118,GMC,Automatic 8-spd,8.0,6.2
29249,Standard Sport Utility Vehicle 2WD,Regular,Rear-Wheel Drive,19.3888235294118,GMC,Automatic 8-spd,8.0,6.2
29250,Standard Sport Utility Vehicle 2WD,Regular,Rear-Wheel Drive,19.3888235294118,Lincoln,Automatic (S6),6.0,3.5
29251,Standard Sport Utility Vehicle 2WD,Regular,Rear-Wheel Drive,18.3116666666667,Lincoln,Automatic (S6),6.0,3.5
29252,Standard Sport Utility Vehicle 4WD,Regular,4-Wheel Drive,19.3888235294118,Cadillac,Automatic 8-spd,8.0,6.2
29253,Standard Sport Utility Vehicle 4WD,Regular,Part-time 4-Wheel Drive,20.600625,Ford,Automatic (S6),6.0,3.5
29254,Compact Cars,Premium,Front-Wheel Drive,16.4805,Pontiac,Automatic 3-spd,4.0,1.8
29255,Standard Pickup Trucks,Regular,Rear-Wheel Drive,23.5435714285714,Chevrolet,Automatic 4-spd,8.0,5.7
29256,Standard Sport Utility Vehicle 4WD,Regular,Part-time 4-Wheel Drive,19.3888235294118,Ford,Automatic (S6),6.0,3.5
29257,Standard Sport Utility Vehicle 4WD,Regular,4-Wheel Drive,19.3888235294118,GMC,Automatic 8-spd,8.0,6.2
29258,Standard Sport Utility Vehicle 4WD,Regular,4-Wheel Drive,19.3888235294118,GMC,Automatic 8-spd,8.0,6.2
29259,Standard Sport Utility Vehicle 4WD,Regular,Part-time 4-Wheel Drive,20.600625,Lincoln,Automatic (S6),6.0,3.5
29260,Standard Sport Utility Vehicle 4WD,Regular,Part-time 4-Wheel Drive,19.3888235294118,Lincoln,Automatic (S6),6.0,3.5
29261,Standard Sport Utility Vehicle 4WD,Diesel,4-Wheel Drive,15.2874,Mercedes-Benz,Automatic 9-spd,6.0,3.0
29262,Standard Sport Utility Vehicle 4WD,Premium,4-Wheel Drive,21.974,Mercedes-Benz,Automatic 7-spd,8.0,4.7
29263,Standard Sport Utility Vehicle 4WD,Premium,4-Wheel Drive,23.5435714285714,Mercedes-Benz,Automatic 7-spd,8.0,5.5
29264,Standard Sport Utility Vehicle 4WD,Premium Gas or Electricity,All-Wheel Drive,9.53202746964286,Porsche,Auto(AM8),6.0,3.0
29265,Standard Pickup Trucks,Regular,Rear-Wheel Drive,25.3546153846154,Chevrolet,Manual 4-spd,8.0,5.7
29266,Large Cars,Premium and Electricity,Rear-Wheel Drive,7.98457336551724,Porsche,Auto(AM-S8),6.0,3.0
29267,Subcompact Cars,Premium,Rear-Wheel Drive,12.2077777777778,BMW,Automatic (S8),4.0,2.0
29268,Subcompact Cars,Premium,All-Wheel Drive,14.3308695652174,BMW,Automatic (S8),6.0,3.0
29269,Subcompact Cars,Premium,All-Wheel Drive,14.3308695652174,BMW,Automatic (S8),6.0,3.0
29270,Subcompact Cars,Premium,Rear-Wheel Drive,12.2077777777778,BMW,Automatic (S8),4.0,2.0
29271,Subcompact Cars,Premium,Rear-Wheel Drive,16.4805,BMW,Manual 6-spd,6.0,3.0
29272,Subcompact Cars,Regular,Front-Wheel Drive,10.987,Ford,Auto(AM-S6),4.0,1.6
29273,Subcompact Cars,Regular,Front-Wheel Drive,10.987,Ford,Manual 5-spd,4.0,1.6
29274,Subcompact Cars,Regular,Front-Wheel Drive,9.41742857142857,Ford,Manual 5-spd,3.0,1.0
29275,Subcompact Cars,Premium,Front-Wheel Drive,10.3003125,MINI,Manual 6-spd,4.0,1.5
29276,Standard Pickup Trucks,Diesel,Rear-Wheel Drive,21.2325,Chevrolet,Automatic 4-spd,8.0,6.2
29277,Subcompact Cars,Premium,Front-Wheel Drive,12.2077777777778,MINI,Automatic (S6),4.0,2.0
29278,Subcompact Cars,Premium,Front-Wheel Drive,13.1844,MINI,Manual 6-spd,4.0,2.0
29279,Subcompact Cars,Regular,Front-Wheel Drive,12.6773076923077,Volkswagen,Auto(AM-S6),4.0,2.0
29280,Compact Cars,Premium,Rear-Wheel Drive,11.7717857142857,BMW,Automatic (S8),4.0,2.0
29281,Compact Cars,Diesel,All-Wheel Drive,11.2407352941176,BMW,Automatic (S8),4.0,2.0
29282,Compact Cars,Premium,Rear-Wheel Drive,16.4805,BMW,Manual 6-spd,6.0,3.0
29283,Compact Cars,Premium,Rear-Wheel Drive,17.3478947368421,BMW,Auto(AM-S7),6.0,3.0
29284,Compact Cars,Premium,Rear-Wheel Drive,12.2077777777778,BMW,Automatic (S8),4.0,2.0
29285,Compact Cars,Premium,All-Wheel Drive,14.3308695652174,BMW,Automatic (S8),6.0,3.0
29286,Compact Cars,Premium,All-Wheel Drive,14.9822727272727,BMW,Manual 6-spd,6.0,3.0
29287,Standard Pickup Trucks,Diesel,Rear-Wheel Drive,20.115,Chevrolet,Manual 4-spd,8.0,6.2
29288,Compact Cars,Premium,All-Wheel Drive,14.3308695652174,BMW,Automatic (S8),6.0,3.0
29289,Compact Cars,Premium,Rear-Wheel Drive,16.4805,BMW,Manual 6-spd,6.0,3.0
29290,Compact Cars,Premium,Rear-Wheel Drive,17.3478947368421,BMW,Auto(AM-S7),6.0,3.0
29291,Compact Cars,Premium,Rear-Wheel Drive,13.1844,Cadillac,Automatic (S8),4.0,2.0
29292,Compact Cars,Premium,Rear-Wheel Drive,14.3308695652174,Cadillac,Manual 6-spd,4.0,2.0
29293,Compact Cars,Regular,Rear-Wheel Drive,13.73375,Cadillac,Automatic (S8),6.0,3.6
29294,Compact Cars,Regular,Front-Wheel Drive,11.3658620689655,Ford,Manual 6-spd,4.0,1.6
29295,Compact Cars,Premium,4-Wheel Drive,12.2077777777778,Mercedes-Benz,Automatic 7-spd,4.0,2.0
29296,Compact Cars,Premium,Rear-Wheel Drive,16.4805,Mercedes-Benz,Automatic 7-spd,8.0,4.0
29297,Compact Cars,Premium,Rear-Wheel Drive,11.7717857142857,Mercedes-Benz,Automatic 7-spd,4.0,2.0
29298,Standard Pickup Trucks,Diesel,Rear-Wheel Drive,20.115,Chevrolet,Manual 4-spd,8.0,6.2
29299,Compact Cars,Premium,Rear-Wheel Drive,21.974,Mercedes-Benz,Automatic 7-spd,12.0,6.0
29300,Compact Cars,Regular,Front-Wheel Drive,11.3658620689655,Volkswagen,Manual 5-spd,4.0,1.8
29301,Midsize Cars,Premium,Rear-Wheel Drive,12.2077777777778,BMW,Automatic (S8),4.0,2.0
29302,Midsize Cars,Diesel,Rear-Wheel Drive,12.7395,BMW,Automatic (S8),6.0,3.0
29303,Midsize Cars,Diesel,All-Wheel Drive,12.7395,BMW,Automatic (S8),6.0,3.0
29304,Midsize Cars,Premium,Rear-Wheel Drive,17.3478947368421,Cadillac,Automatic (S8),6.0,3.6
29305,Midsize Cars,Premium,Rear-Wheel Drive,13.1844,Cadillac,Automatic (S8),4.0,2.0
29306,Midsize Cars,Regular,Rear-Wheel Drive,13.73375,Cadillac,Automatic (S8),6.0,3.6
29307,Midsize Cars,Premium,Rear-Wheel Drive,19.3888235294118,Cadillac,Automatic (S8),8.0,6.2
29308,Midsize Cars,Regular,Front-Wheel Drive,8.24025,Lexus,Auto(AV-S6),4.0,2.5
29309,Standard Pickup Trucks,Regular,Rear-Wheel Drive,23.5435714285714,Chevrolet,Automatic 3-spd,6.0,4.3
29310,Midsize Cars,Regular,Front-Wheel Drive,13.73375,Lexus,Automatic (S6),6.0,3.5
29311,Large Cars,Premium,All-Wheel Drive,14.3308695652174,BMW,Automatic (S8),6.0,3.0
29312,Large Cars,Premium,Rear-Wheel Drive,20.600625,Mercedes-Benz,Automatic 7-spd,12.0,6.0
29313,Large Cars,Premium,Rear-Wheel Drive,21.974,Mercedes-Benz,Automatic 7-spd,12.0,6.0
29314,Small Station Wagons,Diesel,All-Wheel Drive,11.2407352941176,BMW,Automatic (S8),4.0,2.0
29315,Special Purpose Vehicle 2WD,Regular,Front-Wheel Drive,13.1844,Ford,Automatic (S6),4.0,1.6
29316,Special Purpose Vehicle 2WD,Regular,Front-Wheel Drive,13.73375,Ford,Automatic (S6),4.0,1.6
29317,Special Purpose Vehicle 2WD,Regular,Front-Wheel Drive,14.3308695652174,Ford,Automatic (S6),4.0,2.5
29318,Standard Pickup Trucks,Regular,Rear-Wheel Drive,21.974,Chevrolet,Automatic 4-spd,6.0,4.3
29319,Special Purpose Vehicle 2WD,Regular,Front-Wheel Drive,14.9822727272727,Ford,Automatic (S6),4.0,2.5
29320,Special Purpose Vehicle 2WD,Regular,Front-Wheel Drive,14.9822727272727,Ford,Automatic (S6),4.0,2.5
29321,Special Purpose Vehicle 2WD,Gasoline or E85,Front-Wheel Drive,14.3308695652174,Ford,Automatic (S6),4.0,2.5
29322,Special Purpose Vehicle 2WD,Gasoline or E85,Front-Wheel Drive,14.9822727272727,Ford,Automatic (S6),4.0,2.5
29323,Special Purpose Vehicle 2WD,Gasoline or E85,Front-Wheel Drive,14.9822727272727,Ford,Automatic (S6),4.0,2.5
29324,Special Purpose Vehicle 2WD,Regular,Rear-Wheel Drive,19.3888235294118,Chevrolet,Automatic 6-spd,8.0,5.3
29325,Special Purpose Vehicle 2WD,Regular,Rear-Wheel Drive,19.3888235294118,GMC,Automatic 6-spd,8.0,5.3
29326,Minivan - 2WD,Regular,Front-Wheel Drive,14.9822727272727,Honda,Automatic 6-spd,6.0,3.5
29327,Small Sport Utility Vehicle 4WD,Regular,All-Wheel Drive,12.6773076923077,Buick,Automatic (S6),4.0,1.4
29328,Small Sport Utility Vehicle 4WD,Regular,All-Wheel Drive,12.2077777777778,Chevrolet,Automatic (S6),4.0,1.4
29329,Standard Pickup Trucks,Regular,Rear-Wheel Drive,21.974,Chevrolet,Manual 4-spd,6.0,4.3
29330,Standard Sport Utility Vehicle 2WD,Premium,Rear-Wheel Drive,15.6957142857143,BMW,Automatic (S8),6.0,3.0
29331,Standard Sport Utility Vehicle 2WD,Premium,Rear-Wheel Drive,15.6957142857143,BMW,Automatic (S8),6.0,3.0
29332,Standard Sport Utility Vehicle 4WD,Premium,All-Wheel Drive,16.4805,BMW,Automatic (S8),6.0,3.0
29333,Standard Sport Utility Vehicle 4WD,Premium,All-Wheel Drive,19.3888235294118,BMW,Automatic (S8),8.0,4.4
29334,Standard Sport Utility Vehicle 4WD,Premium,All-Wheel Drive,20.600625,BMW,Automatic (S8),8.0,4.4
29335,Standard Sport Utility Vehicle 4WD,Premium,All-Wheel Drive,16.4805,BMW,Automatic (S8),6.0,3.0
29336,Standard Sport Utility Vehicle 4WD,Premium,All-Wheel Drive,19.3888235294118,BMW,Automatic (S8),8.0,4.4
29337,Standard Sport Utility Vehicle 4WD,Premium,All-Wheel Drive,20.600625,BMW,Automatic (S8),8.0,4.4
29338,Standard Sport Utility Vehicle 4WD,Premium,4-Wheel Drive,16.4805,Mercedes-Benz,Automatic 9-spd,6.0,3.0
29339,Standard Sport Utility Vehicle 4WD,Premium,4-Wheel Drive,21.974,Mercedes-Benz,Automatic 7-spd,8.0,5.5
29340,Standard Pickup Trucks,Regular,Rear-Wheel Drive,23.5435714285714,Chevrolet,Automatic 3-spd,8.0,5.0
29341,Standard Sport Utility Vehicle 4WD,Premium,4-Wheel Drive,21.974,Mercedes-Benz,Automatic 7-spd,8.0,5.5
29342,Standard Sport Utility Vehicle 4WD,Premium,4-Wheel Drive,21.974,Mercedes-Benz,Automatic 7-spd,8.0,5.5
29343,Standard Sport Utility Vehicle 4WD,Premium,4-Wheel Drive,16.4805,Mercedes-Benz,Automatic 7-spd,6.0,3.0
29344,Standard Sport Utility Vehicle 4WD,Premium,4-Wheel Drive,17.3478947368421,Mercedes-Benz,Automatic 7-spd,6.0,3.0
29345,Standard Sport Utility Vehicle 4WD,Regular,All-Wheel Drive,17.3478947368421,Volkswagen,Automatic (S8),6.0,3.6
29346,Large Cars,Electricity,All-Wheel Drive,0.204,Tesla,Automatic (A1),,
29347,Large Cars,Electricity,All-Wheel Drive,0.216,Tesla,Automatic (A1),,
29348,Subcompact Cars,Premium,Rear-Wheel Drive,12.2077777777778,BMW,Automatic (S8),4.0,2.0
29349,Subcompact Cars,Premium,Rear-Wheel Drive,17.3478947368421,BMW,Auto(AM-S7),6.0,3.0
29350,Standard Pickup Trucks,Regular,Rear-Wheel Drive,23.5435714285714,Chevrolet,Automatic 4-spd,8.0,5.0
29351,Subcompact Cars,Premium,Front-Wheel Drive,10.987,MINI,Automatic (S6),4.0,1.5
29352,Subcompact Cars,Premium,Front-Wheel Drive,10.987,MINI,Automatic (S6),4.0,1.5
29353,Compact Cars,Premium,Rear-Wheel Drive,12.2077777777778,BMW,Automatic (S8),4.0,2.0
29354,Compact Cars,Diesel,Rear-Wheel Drive,10.9195714285714,BMW,Automatic (S8),4.0,2.0
29355,Compact Cars,Premium,Rear-Wheel Drive,12.2077777777778,BMW,Automatic (S8),4.0,2.0
29356,Midsize Cars,Regular,Front-Wheel Drive,11.7717857142857,Toyota,Automatic (S6),4.0,2.5
29357,Midsize Cars,Regular,Front-Wheel Drive,8.24025,Toyota,Automatic (variable gear ratios),4.0,2.5
29358,Midsize Cars,Regular,Front-Wheel Drive,8.45153846153846,Toyota,Automatic (variable gear ratios),4.0,2.5
29359,Midsize Cars,Regular,Front-Wheel Drive,13.1844,Toyota,Automatic (S6),6.0,3.5
29360,Midsize Cars,Regular,Front-Wheel Drive,10.987,Toyota,Automatic 4-spd,4.0,1.8
29361,Compact Cars,Regular,Front-Wheel Drive,13.73375,Pontiac,Automatic 3-spd,4.0,1.8
29362,Standard Pickup Trucks,Regular,Rear-Wheel Drive,21.974,Chevrolet,Manual 4-spd,8.0,5.0
29363,Midsize Cars,Regular,Front-Wheel Drive,10.6325806451613,Toyota,Auto(AV-S7),4.0,1.8
29364,Midsize Cars,Regular,Front-Wheel Drive,10.3003125,Toyota,Automatic (variable gear ratios),4.0,1.8
29365,Midsize Cars,Regular,Front-Wheel Drive,10.6325806451613,Toyota,Manual 6-spd,4.0,1.8
29366,Midsize Cars,Regular,Front-Wheel Drive,9.69441176470588,Toyota,Automatic (variable gear ratios),4.0,1.8
29367,Midsize Cars,Regular,Front-Wheel Drive,9.98818181818182,Toyota,Automatic (variable gear ratios),4.0,1.8
29368,Small Station Wagons,Premium,Rear-Wheel Drive,16.4805,Infiniti,Automatic (S7),6.0,3.7
29369,Small Station Wagons,Premium,All-Wheel Drive,16.4805,Infiniti,Automatic (S7),6.0,3.7
29370,Standard Pickup Trucks 2WD,Gasoline or E85,Rear-Wheel Drive,21.974,Toyota,Automatic (S6),8.0,5.7
29371,Standard Pickup Trucks 2WD,Regular,Rear-Wheel Drive,21.974,Toyota,Automatic (S6),8.0,5.7
29372,Standard Pickup Trucks 2WD,Regular,Rear-Wheel Drive,19.3888235294118,Toyota,Automatic (S6),8.0,4.6
29373,Standard Pickup Trucks,Regular,Rear-Wheel Drive,23.5435714285714,Chevrolet,Automatic 4-spd,8.0,5.7
29374,Standard Pickup Trucks 4WD,Gasoline or E85,Part-time 4-Wheel Drive,21.974,Toyota,Automatic (S6),8.0,5.7
29375,Standard Pickup Trucks 4WD,Regular,Part-time 4-Wheel Drive,21.974,Toyota,Automatic (S6),8.0,5.7
29376,Standard Pickup Trucks 4WD,Regular,Part-time 4-Wheel Drive,20.600625,Toyota,Automatic (S6),8.0,4.6
29377,Standard Sport Utility Vehicle 2WD,Regular,Rear-Wheel Drive,21.974,Toyota,Automatic (S6),8.0,5.7
29378,Standard Sport Utility Vehicle 4WD,Diesel,4-Wheel Drive,15.924375,Mercedes-Benz,Automatic 7-spd,4.0,2.1
29379,Standard Sport Utility Vehicle 4WD,Gasoline or E85,Part-time 4-Wheel Drive,21.974,Toyota,Automatic (S6),8.0,5.7
29380,Standard Sport Utility Vehicle 4WD,Regular,Part-time 4-Wheel Drive,23.5435714285714,Toyota,Automatic (S6),8.0,5.7
29381,Two Seaters,Premium,Rear-Wheel Drive,11.7717857142857,Alfa Romeo,Auto(AM6),4.0,1.8
29382,Compact Cars,Regular,Rear-Wheel Drive,12.6773076923077,Cadillac,Automatic (S8),4.0,2.5
29383,Compact Cars,Regular,All-Wheel Drive,11.7717857142857,Subaru,Manual 5-spd,4.0,2.0
29384,Standard Pickup Trucks,Regular,Rear-Wheel Drive,25.3546153846154,Chevrolet,Manual 4-spd,8.0,5.7
29385,Compact Cars,Regular,All-Wheel Drive,10.6325806451613,Subaru,Auto(AV-S6),4.0,2.0
29386,Compact Cars,Premium,Front-Wheel Drive,7.49113636363637,Volkswagen,Auto(AM-S7),4.0,1.4
29387,Compact Cars,Regular,Front-Wheel Drive,10.3003125,Volkswagen,Automatic (S6),4.0,1.4
29388,Midsize Cars,Regular,Front-Wheel Drive,12.2077777777778,Chevrolet,Automatic (S6),4.0,2.5
29389,Midsize Cars,Premium,Rear-Wheel Drive,14.3308695652174,Jaguar,Automatic (S8),6.0,3.0
29390,Large Cars,Premium,Rear-Wheel Drive,15.6957142857143,Jaguar,Automatic (S8),6.0,3.0
29391,Large Cars,Premium,Rear-Wheel Drive,15.6957142857143,Jaguar,Automatic (S8),6.0,3.0
29392,Small Station Wagons,Regular,All-Wheel Drive,11.7717857142857,Subaru,Manual 5-spd,4.0,2.0
29393,Small Station Wagons,Regular,All-Wheel Drive,10.6325806451613,Subaru,Auto(AV-S6),4.0,2.0
29394,Small Station Wagons,Regular,All-Wheel Drive,12.2077777777778,Subaru,Manual 5-spd,4.0,2.0
29395,Standard Pickup Trucks,Diesel,Rear-Wheel Drive,22.4814705882353,Chevrolet,Automatic 4-spd,8.0,6.2
29396,Small Station Wagons,Regular,All-Wheel Drive,10.987,Subaru,Auto(AV-S6),4.0,2.0
29397,Small Sport Utility Vehicle 4WD,Regular,All-Wheel Drive,12.6773076923077,Subaru,Manual 5-spd,4.0,2.0
29398,Small Sport Utility Vehicle 4WD,Regular,All-Wheel Drive,11.3658620689655,Subaru,Auto(AV-S6),4.0,2.0
29399,Small Sport Utility Vehicle 4WD,Regular,All-Wheel Drive,10.6325806451613,Subaru,Auto(AV-S6),4.0,2.0
29400,Compact Cars,Electricity,Front-Wheel Drive,0.174,Volkswagen,Automatic (A1),,
29401,Midsize Cars,Premium,Rear-Wheel Drive,20.600625,Roush Performance,Automatic (S6),8.0,5.0
29402,Midsize Cars,Premium,Rear-Wheel Drive,20.600625,Roush Performance,Manual 6-spd,8.0,5.0
29403,Minicompact Cars,Premium,Front-Wheel Drive,11.3658620689655,Fiat,Automatic 6-spd,4.0,1.4
29404,Minicompact Cars,Premium,Front-Wheel Drive,12.2077777777778,Fiat,Automatic 6-spd,4.0,1.4
29405,Minicompact Cars,Premium,Front-Wheel Drive,9.69441176470588,Fiat,Manual 5-spd,4.0,1.4
29406,Standard Pickup Trucks,Diesel,Rear-Wheel Drive,22.4814705882353,Chevrolet,Manual 4-spd,8.0,6.2
29407,Minicompact Cars,Premium,Front-Wheel Drive,10.987,Fiat,Manual 5-spd,4.0,1.4
29408,Minicompact Cars,Premium,Front-Wheel Drive,12.2077777777778,Fiat,Automatic 6-spd,4.0,1.4
29409,Minicompact Cars,Premium,Front-Wheel Drive,10.987,Fiat,Manual 5-spd,4.0,1.4
29410,Subcompact Cars,Premium,Front-Wheel Drive,10.3003125,MINI,Manual 6-spd,4.0,1.5
29411,Compact Cars,Premium,Rear-Wheel Drive,14.3308695652174,BMW,Manual 6-spd,6.0,3.0
29412,Compact Cars,Premium,All-Wheel Drive,13.1844,BMW,Automatic (S8),6.0,3.0
29413,Compact Cars,Premium,All-Wheel Drive,14.3308695652174,BMW,Manual 6-spd,6.0,3.0
29414,Midsize Cars,Regular,Front-Wheel Drive,15.6957142857143,Honda,Manual 6-spd,6.0,3.5
29415,Midsize Cars,Regular,Front-Wheel Drive,13.1844,Honda,Automatic 6-spd,6.0,3.5
29416,Midsize Cars,Regular,Front-Wheel Drive,13.73375,Honda,Automatic (S6),6.0,3.5
29417,Standard Pickup Trucks,Regular,Rear-Wheel Drive,15.6957142857143,Dodge,Manual 5-spd,4.0,2.2
29418,Midsize Cars,Regular,Front-Wheel Drive,12.2077777777778,Honda,Manual 6-spd,4.0,2.4
29419,Midsize Cars,Regular,Front-Wheel Drive,10.987,Honda,Automatic (variable gear ratios),4.0,2.4
29420,Midsize Cars,Regular,Front-Wheel Drive,11.3658620689655,Honda,Auto(AV-S7),4.0,2.4
29421,Small Station Wagons,Premium,Front-Wheel Drive,13.1844,Fiat,Automatic 6-spd,4.0,1.4
29422,Small Station Wagons,Premium,Front-Wheel Drive,11.7717857142857,Fiat,Manual 6-spd,4.0,1.4
29423,Midsize Station Wagons,Regular,Front-Wheel Drive,8.03926829268293,Toyota,Automatic (variable gear ratios),4.0,1.8
29424,Standard Sport Utility Vehicle 2WD,Regular,Rear-Wheel Drive,17.3478947368421,Toyota,Automatic (S5),6.0,4.0
29425,Standard Sport Utility Vehicle 4WD,Premium,4-Wheel Drive,19.3888235294118,Lexus,Automatic (S6),8.0,4.6
29426,Standard Sport Utility Vehicle 4WD,Regular,Part-time 4-Wheel Drive,18.3116666666667,Toyota,Automatic (S5),6.0,4.0
29427,Standard Sport Utility Vehicle 4WD,Regular,All-Wheel Drive,18.3116666666667,Toyota,Automatic (S5),6.0,4.0
29428,Standard Pickup Trucks,Regular,Rear-Wheel Drive,18.3116666666667,Dodge,Automatic 3-spd,6.0,3.9
29429,Two Seaters,Electricity,Rear-Wheel Drive,0.192,smart,Automatic (A1),,
29430,Two Seaters,Electricity,Rear-Wheel Drive,0.192,smart,Automatic (A1),,
29431,Subcompact Cars,Premium Gas or Electricity,Front-Wheel Drive,3.50465043079179,Cadillac,Automatic (variable gear ratios),4.0,1.4
29432,Compact Cars,Regular Gas or Electricity,Front-Wheel Drive,2.0068441858804,Chevrolet,Automatic (variable gear ratios),4.0,1.5
29433,Two Seaters,Premium,Rear-Wheel Drive,21.974,Aston Martin,Manual 6-spd,8.0,4.7
29434,Two Seaters,Premium,Rear-Wheel Drive,21.974,Aston Martin,Manual 6-spd,8.0,4.7
29435,Two Seaters,Premium,Rear-Wheel Drive,21.974,Aston Martin,Manual 6-spd,8.0,4.7
29436,Two Seaters,Premium,Rear-Wheel Drive,20.600625,Aston Martin,Auto(AM7),8.0,4.7
29437,Two Seaters,Premium,Rear-Wheel Drive,20.600625,Aston Martin,Auto(AM7),8.0,4.7
29438,Two Seaters,Premium,Rear-Wheel Drive,20.600625,Aston Martin,Auto(AM7),8.0,4.7
29439,Standard Pickup Trucks,Regular,Rear-Wheel Drive,18.3116666666667,Dodge,Manual 5-spd,6.0,3.9
29440,Two Seaters,Premium,Rear-Wheel Drive,23.5435714285714,Aston Martin,Auto(AM7),12.0,6.0
29441,Two Seaters,Premium,Rear-Wheel Drive,18.3116666666667,McLaren Automotive,Automatic 7-spd,8.0,3.8
29442,Two Seaters,Premium,Rear-Wheel Drive,18.3116666666667,McLaren Automotive,Automatic 7-spd,8.0,3.8
29443,Two Seaters,Premium,Rear-Wheel Drive,18.3116666666667,McLaren Automotive,Automatic 7-spd,8.0,3.8
29444,Minicompact Cars,Premium,Rear-Wheel Drive,21.974,Aston Martin,Automatic (S6),12.0,5.9
29445,Minicompact Cars,Premium,Rear-Wheel Drive,20.600625,Aston Martin,Automatic (S8),12.0,6.0
29446,Subcompact Cars,Premium,Rear-Wheel Drive,19.3888235294118,Aston Martin,Automatic (S8),12.0,6.0
29447,Subcompact Cars,Regular,Rear-Wheel Drive,13.1844,Ford,Manual 6-spd,4.0,2.3
29448,Subcompact Cars,Regular,Rear-Wheel Drive,13.1844,Ford,Automatic (S6),4.0,2.3
29449,Subcompact Cars,Regular,Rear-Wheel Drive,14.3308695652174,Ford,Automatic (S6),4.0,2.3
29450,Standard Pickup Trucks,Regular,Rear-Wheel Drive,25.3546153846154,Dodge,Automatic 3-spd,6.0,3.7
29451,Subcompact Cars,Regular,Rear-Wheel Drive,15.6957142857143,Ford,Manual 6-spd,6.0,3.7
29452,Subcompact Cars,Regular,Rear-Wheel Drive,14.9822727272727,Ford,Automatic (S6),6.0,3.7
29453,Subcompact Cars,Regular,Rear-Wheel Drive,17.3478947368421,Ford,Automatic (S6),8.0,5.0
29454,Subcompact Cars,Regular,Rear-Wheel Drive,18.3116666666667,Ford,Automatic (S6),8.0,5.0
29455,Subcompact Cars,Regular,Rear-Wheel Drive,17.3478947368421,Ford,Manual 6-spd,8.0,5.0
29456,Subcompact Cars,Premium,Rear-Wheel Drive,20.600625,Ford,Manual 6-spd,8.0,5.2
29457,Subcompact Cars,Premium,Rear-Wheel Drive,20.600625,Roush Performance,Manual 6-spd,8.0,5.0
29458,Subcompact Cars,Premium,Rear-Wheel Drive,19.3888235294118,Roush Performance,Automatic (S6),8.0,5.0
29459,Compact Cars,Premium,Rear-Wheel Drive,13.1844,BMW,Automatic (S8),6.0,3.0
29460,Compact Cars,Regular,All-Wheel Drive,14.9822727272727,Cadillac,Automatic (S8),6.0,3.6
29461,Standard Pickup Trucks,Regular,Rear-Wheel Drive,21.974,Dodge,Automatic 3-spd,6.0,3.7
29462,Compact Cars,Regular,Front-Wheel Drive,7.84785714285714,Lexus,Automatic (variable gear ratios),4.0,1.8
29463,Compact Cars,Premium,Rear-Wheel Drive,12.6773076923077,Lexus,Automatic (S8),4.0,2.0
29464,Compact Cars,Premium,All-Wheel Drive,15.6957142857143,Lexus,Automatic (S6),6.0,3.5
29465,Compact Cars,Premium,Rear-Wheel Drive,14.9822727272727,Lexus,Automatic (S8),6.0,3.5
29466,Compact Cars,Premium,All-Wheel Drive,15.6957142857143,Lexus,Automatic (S6),6.0,3.5
29467,Compact Cars,Premium,Rear-Wheel Drive,23.5435714285714,Rolls-Royce,Automatic (S8),12.0,6.7
29468,Compact Cars,Premium,Rear-Wheel Drive,23.5435714285714,Rolls-Royce,Automatic (S8),12.0,6.7
29469,Compact Cars,Regular,Front-Wheel Drive,12.6773076923077,Volkswagen,Auto(AM-S6),4.0,2.0
29470,Midsize Cars,Gasoline or natural gas,Front-Wheel Drive,16.4805,Chevrolet,Automatic (S6),6.0,3.6
29471,Midsize Cars,Regular,All-Wheel Drive,14.9822727272727,Cadillac,Automatic (S8),6.0,3.6
29472,Compact Cars,Premium,Front-Wheel Drive,15.6957142857143,Pontiac,Manual 4-spd,4.0,1.8
29473,Standard Pickup Trucks,Regular,Rear-Wheel Drive,23.5435714285714,Dodge,Manual 4-spd,6.0,3.7
29474,Midsize Cars,Premium,Rear-Wheel Drive,21.974,Rolls-Royce,Automatic (S8),12.0,6.6
29475,Midsize Cars,Regular,Front-Wheel Drive,10.6325806451613,Scion,Auto(AV-S7),4.0,1.8
29476,Midsize Cars,Regular,Front-Wheel Drive,10.987,Scion,Manual 6-spd,4.0,1.8
29477,Large Cars,Premium,Rear-Wheel Drive,13.73375,BMW,Automatic (S8),6.0,3.0
29478,Large Cars,Premium,All-Wheel Drive,17.3478947368421,BMW,Automatic (S8),8.0,4.4
29479,Large Cars,Premium,Rear-Wheel Drive,23.5435714285714,Rolls-Royce,Automatic (S8),12.0,6.7
29480,Large Cars,Premium,Rear-Wheel Drive,23.5435714285714,Rolls-Royce,Automatic (S8),12.0,6.7
29481,Large Cars,Premium,Rear-Wheel Drive,21.974,Rolls-Royce,Automatic (S8),12.0,6.6
29482,Large Cars,Premium,Rear-Wheel Drive,21.974,Rolls-Royce,Automatic (S8),12.0,6.6
29483,"Vans, Passenger Type",Gasoline or E85,Rear-Wheel Drive,20.600625,Ford,Automatic (S6),6.0,3.7
29484,Standard Pickup Trucks,Regular,Rear-Wheel Drive,20.600625,Dodge,Manual 4-spd,6.0,3.7
29485,"Vans, Passenger Type",Regular,Rear-Wheel Drive,20.600625,Ford,Automatic (S6),6.0,3.5
29486,Standard Sport Utility Vehicle 4WD,Diesel,4-Wheel Drive,15.924375,Land Rover,Automatic (S8),6.0,3.0
29487,Standard Sport Utility Vehicle 4WD,Diesel,4-Wheel Drive,15.924375,Land Rover,Automatic (S8),6.0,3.0
29488,Standard Sport Utility Vehicle 4WD,Premium,4-Wheel Drive,25.3546153846154,Mercedes-Benz,Automatic 7-spd,8.0,5.5
29489,Compact Cars,Premium,4-Wheel Drive,13.73375,Mercedes-Benz,Automatic 7-spd,6.0,3.0
29490,Large Cars,Regular,Front-Wheel Drive,8.45153846153846,Ford,Automatic (variable gear ratios),4.0,2.0
29491,Small Pickup Trucks 2WD,Regular,Rear-Wheel Drive,18.3116666666667,Nissan,Automatic 5-spd,6.0,4.0
29492,Small Pickup Trucks 2WD,Regular,Rear-Wheel Drive,17.3478947368421,Nissan,Manual 6-spd,6.0,4.0
29493,Small Pickup Trucks 2WD,Regular,Rear-Wheel Drive,15.6957142857143,Toyota,Automatic (S6),4.0,2.7
29494,Small Pickup Trucks 2WD,Regular,Rear-Wheel Drive,15.6957142857143,Toyota,Automatic (S6),6.0,3.5
29495,Standard Pickup Trucks,Regular,Rear-Wheel Drive,21.974,Dodge,Manual 4-spd,6.0,3.7
29496,Small Pickup Trucks 4WD,Regular,Part-time 4-Wheel Drive,19.3888235294118,Nissan,Automatic 5-spd,6.0,4.0
29497,Small Pickup Trucks 4WD,Regular,Part-time 4-Wheel Drive,18.3116666666667,Nissan,Manual 6-spd,6.0,4.0
29498,Small Pickup Trucks 4WD,Regular,Part-time 4-Wheel Drive,16.4805,Toyota,Automatic (S6),4.0,2.7
29499,Small Pickup Trucks 4WD,Regular,Part-time 4-Wheel Drive,16.4805,Toyota,Manual 5-spd,4.0,2.7
29500,Small Pickup Trucks 4WD,Regular,Part-time 4-Wheel Drive,16.4805,Toyota,Automatic (S6),6.0,3.5
29501,Small Pickup Trucks 4WD,Regular,Part-time 4-Wheel Drive,17.3478947368421,Toyota,Manual 6-spd,6.0,3.5
29502,Small Pickup Trucks 4WD,Regular,Part-time 4-Wheel Drive,18.3116666666667,Toyota,Manual 6-spd,6.0,3.5
29503,Small Sport Utility Vehicle 4WD,Regular,4-Wheel Drive,18.3116666666667,Jeep,Automatic 5-spd,6.0,3.6
29504,Small Sport Utility Vehicle 4WD,Regular,4-Wheel Drive,18.3116666666667,Jeep,Manual 6-spd,6.0,3.6
29505,Small Sport Utility Vehicle 4WD,Regular,4-Wheel Drive,18.3116666666667,Jeep,Automatic 5-spd,6.0,3.6
29506,Standard Pickup Trucks,Regular,Rear-Wheel Drive,25.3546153846154,Dodge,Automatic 3-spd,8.0,5.2
29507,Small Sport Utility Vehicle 4WD,Regular,4-Wheel Drive,18.3116666666667,Jeep,Manual 6-spd,6.0,3.6
29508,Standard Sport Utility Vehicle 4WD,Regular,4-Wheel Drive,21.974,Toyota,Automatic (S8),8.0,5.7
29509,Midsize Cars,Regular Gas and Electricity,Front-Wheel Drive,4.87870354125,Ford,Automatic (variable gear ratios),4.0,2.0
29510,Two Seaters,Premium,All-Wheel Drive,19.3888235294118,Lamborghini,Auto(AM-S7),10.0,5.2
29511,Two Seaters,Premium,Rear-Wheel Drive,9.41742857142857,smart,Auto(AM6),3.0,0.9
29512,Two Seaters,Premium,Rear-Wheel Drive,9.69441176470588,smart,Manual 5-spd,3.0,0.9
29513,Large Cars,Premium,All-Wheel Drive,13.1844,BMW,Automatic (S8),4.0,2.0
29514,Small Pickup Trucks 2WD,Regular,Rear-Wheel Drive,17.3478947368421,Nissan,Automatic 5-spd,4.0,2.5
29515,Small Pickup Trucks 2WD,Regular,Rear-Wheel Drive,15.6957142857143,Nissan,Manual 5-spd,4.0,2.5
29516,Standard Pickup Trucks,Regular,Rear-Wheel Drive,25.3546153846154,Dodge,Automatic 3-spd,8.0,5.2
29517,Small Sport Utility Vehicle 2WD,Regular,Front-Wheel Drive,11.7717857142857,Nissan,Automatic (variable gear ratios),4.0,2.5
29518,Small Sport Utility Vehicle 4WD,Regular,All-Wheel Drive,12.2077777777778,Nissan,Automatic (variable gear ratios),4.0,2.5
29519,Minicompact Cars,Premium,Rear-Wheel Drive,18.3116666666667,Ferrari,Auto(AM7),8.0,3.9
29520,Minicompact Cars,Premium,Rear-Wheel Drive,17.3478947368421,Ferrari,Auto(AM7),8.0,3.9
29521,Compact Cars,Premium,Front-Wheel Drive,11.7717857142857,Acura,Auto(AM-S8),4.0,2.4
29522,Compact Cars,Premium,Front-Wheel Drive,13.1844,Acura,Automatic (S9),6.0,3.5
29523,Standard Pickup Trucks,Regular,Rear-Wheel Drive,25.3546153846154,Dodge,Automatic 3-spd,8.0,5.2
29524,Compact Cars,Premium,All-Wheel Drive,13.1844,Acura,Automatic (S9),6.0,3.5
29525,Midsize Cars,Regular,Rear-Wheel Drive,14.3308695652174,Dodge,Automatic 8-spd,6.0,3.6
29526,Midsize Cars,Midgrade,Rear-Wheel Drive,17.3478947368421,Dodge,Automatic 8-spd,8.0,5.7
29527,Midsize Cars,Premium,Rear-Wheel Drive,18.3116666666667,Dodge,Automatic 8-spd,8.0,6.4
29528,Midsize Cars,Premium,Rear-Wheel Drive,18.3116666666667,Dodge,Manual 6-spd,8.0,5.7
29529,Midsize Cars,Premium,Rear-Wheel Drive,19.3888235294118,Dodge,Manual 6-spd,8.0,6.4
29530,Midsize Cars,Premium,Rear-Wheel Drive,20.600625,Dodge,Automatic 8-spd,8.0,6.2
29531,Midsize Cars,Premium,Rear-Wheel Drive,20.600625,Dodge,Manual 6-spd,8.0,6.2
29532,Midsize Cars,Premium,Rear-Wheel Drive,18.3116666666667,Dodge,Automatic 8-spd,8.0,6.4
29533,Midsize Cars,Premium,Rear-Wheel Drive,19.3888235294118,Dodge,Manual 6-spd,8.0,6.4
29534,Standard Pickup Trucks,Regular,Rear-Wheel Drive,25.3546153846154,Dodge,Manual 4-spd,8.0,5.2
29535,Midsize Cars,Premium,Part-time 4-Wheel Drive,25.3546153846154,Ferrari,Auto(AM7),12.0,6.3
29536,Midsize Cars,Premium,Part-time 4-Wheel Drive,25.3546153846154,Ferrari,Auto(AM7),12.0,6.3
29537,Midsize Cars,Regular,Front-Wheel Drive,14.3308695652174,Volkswagen,Auto(AM-S6),6.0,3.6
29538,Midsize Cars,Regular,Front-Wheel Drive,11.3658620689655,Volkswagen,Automatic (S6),4.0,1.8
29539,Large Cars,Regular,Rear-Wheel Drive,14.3308695652174,Chrysler,Automatic 8-spd,6.0,3.6
29540,Large Cars,Gasoline or E85,Rear-Wheel Drive,14.3308695652174,Chrysler,Automatic 8-spd,6.0,3.6
29541,Large Cars,Midgrade,Rear-Wheel Drive,17.3478947368421,Chrysler,Automatic 8-spd,8.0,5.7
29542,Large Cars,Regular,All-Wheel Drive,15.6957142857143,Chrysler,Automatic 8-spd,6.0,3.6
29543,Large Cars,Gasoline or E85,All-Wheel Drive,15.6957142857143,Chrysler,Automatic 8-spd,6.0,3.6
29544,Large Cars,Midgrade,Rear-Wheel Drive,17.3478947368421,Dodge,Automatic 8-spd,8.0,5.7
29545,Standard Pickup Trucks,Regular,Rear-Wheel Drive,25.3546153846154,Dodge,Manual 4-spd,8.0,5.2
29546,Large Cars,Regular,All-Wheel Drive,15.6957142857143,Dodge,Automatic 8-spd,6.0,3.6
29547,Large Cars,Gasoline or E85,All-Wheel Drive,15.6957142857143,Dodge,Automatic 8-spd,6.0,3.6
29548,Large Cars,Premium,Rear-Wheel Drive,18.3116666666667,Dodge,Automatic 8-spd,8.0,6.4
29549,Large Cars,Premium,Rear-Wheel Drive,20.600625,Dodge,Automatic 8-spd,8.0,6.2
29550,Large Cars,Premium,Rear-Wheel Drive,18.3116666666667,Dodge,Automatic 8-spd,8.0,6.4
29551,Large Cars,Regular,Rear-Wheel Drive,14.3308695652174,Dodge,Automatic 8-spd,6.0,3.6
29552,Large Cars,Gasoline or E85,Rear-Wheel Drive,14.3308695652174,Dodge,Automatic 8-spd,6.0,3.6
29553,Special Purpose Vehicle 2WD,Premium,Rear-Wheel Drive,14.9822727272727,Mercedes-Benz,Automatic 7-spd,4.0,2.0
29554,Compact Cars,Electricity,Front-Wheel Drive,0.192,Ford,Automatic (A1),,
29555,Standard Sport Utility Vehicle 4WD,Electricity,All-Wheel Drive,0.222,Tesla,Automatic (A1),,
29556,Standard Pickup Trucks,Regular,Rear-Wheel Drive,27.4675,Dodge,Manual 4-spd,8.0,5.2
29557,Standard Sport Utility Vehicle 4WD,Electricity,All-Wheel Drive,0.228,Tesla,Automatic (A1),,
29558,Compact Cars,Regular,Front-Wheel Drive,9.69441176470588,Ford,Manual 6-spd,3.0,1.0
29559,Compact Cars,Gasoline or E85,Front-Wheel Drive,10.6325806451613,Ford,Auto(AM6),4.0,2.0
29560,Compact Cars,Gasoline or E85,Front-Wheel Drive,10.987,Ford,Auto(AM-S6),4.0,2.0
29561,Compact Cars,Gasoline or E85,Front-Wheel Drive,11.3658620689655,Ford,Manual 5-spd,4.0,2.0
29562,Compact Cars,Regular,Front-Wheel Drive,10.6325806451613,Ford,Auto(AM6),4.0,2.0
29563,Compact Cars,Regular,Front-Wheel Drive,10.987,Ford,Auto(AM-S6),4.0,2.0
29564,Compact Cars,Regular,Front-Wheel Drive,11.3658620689655,Ford,Manual 5-spd,4.0,2.0
29565,Compact Cars,Regular,Front-Wheel Drive,10.3003125,Ford,Automatic (S6),3.0,1.0
29566,Compact Cars,Premium or E85,4-Wheel Drive,12.2077777777778,Mercedes-Benz,Auto(AM7),4.0,2.0
29567,Standard Pickup Trucks,Regular,Rear-Wheel Drive,27.4675,Dodge,Manual 4-spd,8.0,5.2
29568,Midsize Cars,Regular,Front-Wheel Drive,13.1844,Ford,Manual 6-spd,4.0,2.0
29569,Special Purpose Vehicle 2WD,Premium,Rear-Wheel Drive,14.9822727272727,Mercedes-Benz,Automatic 7-spd,4.0,2.0
29570,Small Sport Utility Vehicle 2WD,Regular,Front-Wheel Drive,11.3658620689655,Honda,Automatic (variable gear ratios),4.0,2.4
29571,Small Sport Utility Vehicle 4WD,Premium or E85,4-Wheel Drive,12.2077777777778,Mercedes-Benz,Auto(AM7),4.0,2.0
29572,Standard Sport Utility Vehicle 2WD,Premium,Front-Wheel Drive,13.73375,Volvo,Automatic (S8),4.0,2.0
29573,Standard Sport Utility Vehicle 4WD,Premium,All-Wheel Drive,14.3308695652174,Volvo,Automatic (S8),4.0,2.0
29574,Subcompact Cars,Electricity,Front-Wheel Drive,0.168,Chevrolet,Automatic (A1),,
29575,Midsize Cars,Electricity,Front-Wheel Drive,0.24,Mercedes-Benz,Automatic (A1),,
29576,Midsize Cars,Regular Gas and Electricity,Front-Wheel Drive,3.83558255160462,Hyundai,Auto(AM6),4.0,2.0
29577,Midsize Cars,Premium,All-Wheel Drive,14.3308695652174,Jaguar,Automatic (S8),6.0,3.0
29578,Minicompact Cars,Regular,Front-Wheel Drive,7.84785714285714,Chevrolet,Manual 5-spd,3.0,1.0
29579,Compact Cars,Regular,Front-Wheel Drive,12.6773076923077,Pontiac,Manual 5-spd,4.0,1.8
29580,Standard Pickup Trucks,Regular,Rear-Wheel Drive,29.9645454545455,Dodge,Automatic 3-spd,8.0,5.9
29581,Large Cars,Regular,Front-Wheel Drive,10.6325806451613,Kia,Auto(AM7),4.0,1.6
29582,Large Cars,Regular,Front-Wheel Drive,13.1844,Kia,Automatic (S6),4.0,2.0
29583,Large Cars,Regular,Front-Wheel Drive,13.1844,Kia,Automatic (S6),4.0,2.0
29584,Large Cars,Regular,Front-Wheel Drive,11.7717857142857,Kia,Automatic (S6),4.0,2.4
29585,Standard Pickup Trucks 2WD,Gasoline or E85,Rear-Wheel Drive,17.3478947368421,Chevrolet,Automatic 6-spd,8.0,5.3
29586,Standard Pickup Trucks 2WD,Gasoline or E85,Rear-Wheel Drive,16.4805,Chevrolet,Automatic 6-spd,6.0,4.3
29587,Standard Pickup Trucks 2WD,Regular,Rear-Wheel Drive,17.3478947368421,Chevrolet,Automatic 6-spd,8.0,5.3
29588,Standard Pickup Trucks 2WD,Regular,Rear-Wheel Drive,18.3116666666667,Chevrolet,Automatic 8-spd,8.0,5.3
29589,Standard Pickup Trucks 2WD,Regular,Rear-Wheel Drive,19.3888235294118,Chevrolet,Automatic 8-spd,8.0,6.2
29590,Standard Pickup Trucks 2WD,Gasoline or E85,Rear-Wheel Drive,17.3478947368421,GMC,Automatic 6-spd,8.0,5.3
29591,Standard Pickup Trucks,Regular,Rear-Wheel Drive,29.9645454545455,Dodge,Manual 4-spd,8.0,5.9
29592,Standard Pickup Trucks 2WD,Gasoline or E85,Rear-Wheel Drive,16.4805,GMC,Automatic 6-spd,6.0,4.3
29593,Standard Pickup Trucks 2WD,Regular,Rear-Wheel Drive,17.3478947368421,GMC,Automatic 6-spd,8.0,5.3
29594,Standard Pickup Trucks 2WD,Regular,Rear-Wheel Drive,18.3116666666667,GMC,Automatic 8-spd,8.0,5.3
29595,Standard Pickup Trucks 2WD,Regular,Rear-Wheel Drive,19.3888235294118,GMC,Automatic 8-spd,8.0,6.2
29596,Standard Pickup Trucks 4WD,Gasoline or E85,4-Wheel Drive,18.3116666666667,Chevrolet,Automatic 6-spd,8.0,5.3
29597,Standard Pickup Trucks 4WD,Gasoline or E85,4-Wheel Drive,17.3478947368421,Chevrolet,Automatic 6-spd,6.0,4.3
29598,Standard Pickup Trucks 4WD,Regular,4-Wheel Drive,19.3888235294118,Chevrolet,Automatic 8-spd,8.0,5.3
29599,Standard Pickup Trucks 4WD,Regular,4-Wheel Drive,18.3116666666667,Chevrolet,Automatic 6-spd,8.0,5.3
29600,Standard Pickup Trucks 4WD,Gasoline or E85,4-Wheel Drive,18.3116666666667,GMC,Automatic 6-spd,8.0,5.3
29601,Standard Pickup Trucks 4WD,Gasoline or E85,4-Wheel Drive,17.3478947368421,GMC,Automatic 6-spd,6.0,4.3
29602,Standard Pickup Trucks,Regular,Rear-Wheel Drive,21.974,Dodge,Automatic 3-spd,6.0,3.7
29603,Standard Pickup Trucks 4WD,Regular,4-Wheel Drive,19.3888235294118,GMC,Automatic 8-spd,8.0,5.3
29604,Standard Pickup Trucks 4WD,Regular,4-Wheel Drive,18.3116666666667,GMC,Automatic 6-spd,8.0,5.3
29605,Special Purpose Vehicle 4WD,Regular,4-Wheel Drive,19.3888235294118,Chevrolet,Automatic 6-spd,8.0,5.3
29606,Special Purpose Vehicle 4WD,Regular,4-Wheel Drive,19.3888235294118,GMC,Automatic 6-spd,8.0,5.3
29607,Small Sport Utility Vehicle 4WD,Regular,All-Wheel Drive,12.2077777777778,Honda,Automatic (variable gear ratios),4.0,2.4
29608,Standard Sport Utility Vehicle 2WD,Premium,Rear-Wheel Drive,20.600625,Infiniti,Automatic (S7),8.0,5.6
29609,Standard Sport Utility Vehicle 4WD,Premium,4-Wheel Drive,20.600625,Infiniti,Automatic (S7),8.0,5.6
29610,Two Seaters,Premium,Rear-Wheel Drive,25.3546153846154,Ferrari,Auto(AM7),12.0,6.3
29611,Two Seaters,Premium,Rear-Wheel Drive,25.3546153846154,Ferrari,Auto(AM7),12.0,6.3
29612,Compact Cars,Premium,4-Wheel Drive,12.6773076923077,Mercedes-Benz,Auto(AM7),4.0,2.0
29613,Standard Pickup Trucks,Regular,Rear-Wheel Drive,21.974,Dodge,Manual 4-spd,6.0,3.7
29614,Compact Cars,Premium,4-Wheel Drive,12.2077777777778,Mercedes-Benz,Auto(AM7),4.0,2.0
29615,Compact Cars,Premium,Front-Wheel Drive,10.987,Mercedes-Benz,Auto(AM7),4.0,2.0
29616,Large Cars,Regular,Front-Wheel Drive,11.3658620689655,Kia,Automatic (S6),4.0,2.4
29617,Small Station Wagons,Premium,Front-Wheel Drive,11.3658620689655,Nissan,Auto(AV-S7),4.0,1.6
29618,Small Station Wagons,Premium,Front-Wheel Drive,10.987,Nissan,Manual 6-spd,4.0,1.6
29619,Small Station Wagons,Premium,All-Wheel Drive,11.7717857142857,Nissan,Auto(AV-S7),4.0,1.6
29620,Small Station Wagons,Premium,Front-Wheel Drive,12.2077777777778,Nissan,Manual 6-spd,4.0,1.6
29621,Small Station Wagons,Premium,All-Wheel Drive,12.6773076923077,Nissan,Auto(AV-S8),4.0,1.6
29622,Midsize Station Wagons,Premium,Front-Wheel Drive,11.3658620689655,Mercedes-Benz,Auto(AM7),4.0,2.0
29623,Standard Pickup Trucks 2WD,Regular,Rear-Wheel Drive,15.6957142857143,Ford,Automatic (S6),6.0,2.7
29624,Standard Pickup Trucks,Regular,Rear-Wheel Drive,27.4675,Dodge,Automatic 3-spd,8.0,5.2
29625,Standard Pickup Trucks 2WD,Regular,Rear-Wheel Drive,16.4805,Ford,Automatic (S6),6.0,3.5
29626,Standard Pickup Trucks 2WD,Gasoline or E85,Rear-Wheel Drive,16.4805,Ford,Automatic 6-spd,6.0,3.5
29627,Standard Pickup Trucks 2WD,Gasoline or E85,Rear-Wheel Drive,18.3116666666667,Ford,Automatic (S6),8.0,5.0
29628,Standard Pickup Trucks 2WD,Gasoline or E85,Rear-Wheel Drive,20.600625,Ford,Automatic (S6),8.0,5.0
29629,Standard Pickup Trucks 2WD,Regular,Rear-Wheel Drive,15.6957142857143,Ford,Automatic (S6),6.0,2.7
29630,Standard Pickup Trucks 2WD,Regular,Rear-Wheel Drive,18.3116666666667,Ford,Automatic (S6),6.0,3.5
29631,Standard Pickup Trucks 4WD,Regular,4-Wheel Drive,19.3888235294118,Chevrolet,Automatic 8-spd,8.0,6.2
29632,Standard Pickup Trucks 4WD,Regular,Part-time 4-Wheel Drive,16.4805,Ford,Automatic (S6),6.0,2.7
29633,Standard Pickup Trucks 4WD,Regular,Part-time 4-Wheel Drive,18.3116666666667,Ford,Automatic (S6),6.0,3.5
29634,Standard Pickup Trucks 4WD,Gasoline or E85,Part-time 4-Wheel Drive,17.3478947368421,Ford,Automatic 6-spd,6.0,3.5
29635,Standard Pickup Trucks,Regular,Rear-Wheel Drive,27.4675,Dodge,Automatic 3-spd,8.0,5.2
29636,Standard Pickup Trucks 4WD,Gasoline or E85,Part-time 4-Wheel Drive,19.3888235294118,Ford,Automatic (S6),8.0,5.0
29637,Standard Pickup Trucks 4WD,Regular,Part-time 4-Wheel Drive,17.3478947368421,Ford,Automatic (S6),6.0,2.7
29638,Standard Pickup Trucks 4WD,Gasoline or E85,Part-time 4-Wheel Drive,20.600625,Ford,Automatic (S6),8.0,5.0
29639,Standard Pickup Trucks 4WD,Regular,Part-time 4-Wheel Drive,19.3888235294118,Ford,Automatic (S6),6.0,3.5
29640,Standard Pickup Trucks 4WD,Regular,4-Wheel Drive,19.3888235294118,GMC,Automatic 8-spd,8.0,6.2
29641,Small Sport Utility Vehicle 2WD,Premium,Front-Wheel Drive,12.6773076923077,Jeep,Manual 6-spd,4.0,1.4
29642,Small Sport Utility Vehicle 2WD,Gasoline or E85,Front-Wheel Drive,13.1844,Jeep,Automatic 9-spd,4.0,2.4
29643,Small Sport Utility Vehicle 2WD,Regular,Front-Wheel Drive,10.3003125,Lexus,Auto(AV-S6),4.0,2.5
29644,Small Sport Utility Vehicle 2WD,Premium,Front-Wheel Drive,13.1844,Lexus,Automatic (S6),4.0,2.0
29645,Small Sport Utility Vehicle 4WD,Premium,All-Wheel Drive,12.2077777777778,Jeep,Manual 6-spd,4.0,1.4
29646,Standard Pickup Trucks,Regular,Rear-Wheel Drive,27.4675,Dodge,Manual 4-spd,8.0,5.2
29647,Small Sport Utility Vehicle 4WD,Regular,All-Wheel Drive,13.73375,Jeep,Automatic 9-spd,4.0,2.4
29648,Small Sport Utility Vehicle 4WD,Regular,All-Wheel Drive,10.6325806451613,Lexus,Auto(AV-S6),4.0,2.5
29649,Small Sport Utility Vehicle 4WD,Premium,All-Wheel Drive,13.73375,Lexus,Automatic (S6),4.0,2.0
29650,Small Sport Utility Vehicle 4WD,Premium,All-Wheel Drive,13.73375,Lexus,Automatic (S6),4.0,2.0
29651,Small Sport Utility Vehicle 4WD,Premium,4-Wheel Drive,12.2077777777778,Mercedes-Benz,Auto(AM7),4.0,2.0
29652,Standard Sport Utility Vehicle 4WD,Premium,4-Wheel Drive,21.974,Lexus,Automatic (S8),8.0,5.7
29653,Midsize Cars,Electricity,Front-Wheel Drive,0.18,Nissan,Automatic (A1),,
29654,Midsize Cars,Electricity,Front-Wheel Drive,0.18,Nissan,Automatic (A1),,
29655,Standard Sport Utility Vehicle 4WD,Premium and Electricity,All-Wheel Drive,9.17887376869565,BMW,Automatic (S8),4.0,2.0
29656,Two Seaters,Premium,Rear-Wheel Drive,18.3116666666667,Ferrari,Auto(AM7),8.0,3.9
29657,Standard Pickup Trucks,Regular,Rear-Wheel Drive,27.4675,Dodge,Manual 4-spd,8.0,5.2
29658,Two Seaters,Premium,Rear-Wheel Drive,18.3116666666667,Ferrari,Auto(AM7),8.0,3.9
29659,Two Seaters,Premium,Rear-Wheel Drive,17.3478947368421,McLaren Automotive,Automatic 7-spd,8.0,3.8
29660,Compact Cars,Regular,Rear-Wheel Drive,15.6957142857143,Chevrolet,Manual 6-spd,6.0,3.6
29661,Compact Cars,Regular,Front-Wheel Drive,9.98818181818182,Volkswagen,Manual 5-spd,4.0,1.4
29662,Midsize Cars,Regular,Front-Wheel Drive,9.41742857142857,Honda,Automatic (variable gear ratios),4.0,1.5
29663,Midsize Cars,Regular,Front-Wheel Drive,10.6325806451613,Honda,Manual 6-spd,4.0,2.0
29664,Midsize Cars,Regular,Front-Wheel Drive,9.69441176470588,Honda,Automatic (variable gear ratios),4.0,2.0
29665,Midsize Cars,Premium,Rear-Wheel Drive,17.3478947368421,Lexus,Automatic (S8),8.0,4.6
29666,Midsize Cars,Premium,All-Wheel Drive,18.3116666666667,Lexus,Automatic (S8),8.0,4.6
29667,Standard Pickup Trucks,Regular,Rear-Wheel Drive,29.9645454545455,Dodge,Automatic 3-spd,8.0,5.9
29668,Midsize Cars,Premium,Rear-Wheel Drive,17.3478947368421,Lexus,Automatic (S8),8.0,4.6
29669,Midsize Cars,Premium,All-Wheel Drive,18.3116666666667,Lexus,Automatic (S8),8.0,4.6
29670,Midsize Cars,Premium,All-Wheel Drive,16.4805,Lexus,Auto(AV-S8),8.0,5.0
29671,Midsize Cars,Premium,Front-Wheel Drive,12.2077777777778,MINI,Automatic (S8),4.0,2.0
29672,Large Cars,Premium,Rear-Wheel Drive,18.3116666666667,Hyundai,Automatic (S8),8.0,5.0
29673,Midsize Station Wagons,Premium,4-Wheel Drive,13.1844,Mercedes-Benz,Auto(AM7),4.0,2.0
29674,Small Sport Utility Vehicle 2WD,Regular,Front-Wheel Drive,13.1844,Toyota,Automatic (S6),4.0,2.5
29675,Small Sport Utility Vehicle 2WD,Regular,Front-Wheel Drive,12.6773076923077,Toyota,Automatic (S6),4.0,2.5
29676,Small Sport Utility Vehicle 4WD,Regular,All-Wheel Drive,13.1844,Toyota,Automatic (S6),4.0,2.5
29677,Small Sport Utility Vehicle 4WD,Regular,All-Wheel Drive,13.73375,Toyota,Automatic (S6),4.0,2.5
29678,Standard Pickup Trucks,Regular,Rear-Wheel Drive,29.9645454545455,Dodge,Manual 4-spd,8.0,5.9
29679,Standard Sport Utility Vehicle 4WD,Premium,4-Wheel Drive,25.3546153846154,Mercedes-Benz,Automatic 7-spd,8.0,4.0
29680,Standard Sport Utility Vehicle 4WD,Premium,4-Wheel Drive,27.4675,Mercedes-Benz,Automatic 7-spd,12.0,6.0
29681,Compact Cars,Regular,Front-Wheel Drive,6.5922,Toyota,Automatic (variable gear ratios),4.0,1.5
29682,Two Seaters,Regular,Front-Wheel Drive,9.98818181818182,Honda,Manual 6-spd,4.0,1.5
29683,Two Seaters,Regular,Front-Wheel Drive,9.15583333333333,Honda,Auto(AV-S7),4.0,1.5
29684,Subcompact Cars,Regular,Front-Wheel Drive,9.69441176470588,Chevrolet,Automatic (variable gear ratios),4.0,1.4
29685,Subcompact Cars,Regular,Front-Wheel Drive,9.98818181818182,Chevrolet,Manual 5-spd,4.0,1.4
29686,Compact Cars,Premium,Rear-Wheel Drive,16.4805,Chevrolet,Automatic (S8),8.0,6.2
29687,Compact Cars,Premium,Rear-Wheel Drive,17.3478947368421,Chevrolet,Manual 6-spd,8.0,6.2
29688,Compact Cars,Regular,Front-Wheel Drive,11.7717857142857,Mitsubishi,Manual 5-spd,4.0,2.0
29689,Compact Cars,Regular,Front-Wheel Drive,11.7717857142857,Pontiac,Manual 5-spd,4.0,1.8
29690,Standard Pickup Trucks,Regular,Rear-Wheel Drive,21.974,Ford,Automatic 3-spd,6.0,4.9
29691,Compact Cars,Regular,Front-Wheel Drive,10.987,Mitsubishi,Auto(AV-S6),4.0,2.0
29692,Compact Cars,Regular,Front-Wheel Drive,13.1844,Mitsubishi,Manual 5-spd,4.0,2.4
29693,Compact Cars,Regular,Front-Wheel Drive,12.6773076923077,Mitsubishi,Auto(AV-S6),4.0,2.4
29694,Midsize Cars,Premium,Front-Wheel Drive,13.1844,MINI,Manual 6-spd,4.0,2.0
29695,Midsize Cars,Regular,Front-Wheel Drive,8.24025,Toyota,Auto(AV-S6),4.0,2.5
29696,Midsize Cars,Regular,Front-Wheel Drive,13.73375,Toyota,Automatic (S6),6.0,3.5
29697,Minivan - 2WD,Regular,Front-Wheel Drive,14.9822727272727,Nissan,Automatic (variable gear ratios),6.0,3.5
29698,Small Sport Utility Vehicle 2WD,Premium,Front-Wheel Drive,10.987,Lexus,Auto(AV-S6),6.0,3.5
29699,Small Sport Utility Vehicle 2WD,Regular,Front-Wheel Drive,14.3308695652174,Lexus,Automatic (S8),6.0,3.5
29700,Small Sport Utility Vehicle 4WD,Regular,All-Wheel Drive,14.9822727272727,Lexus,Automatic (S8),6.0,3.5
29701,Standard Pickup Trucks,Regular,Rear-Wheel Drive,19.3888235294118,Ford,Manual 4-spd,6.0,4.9
29702,Small Sport Utility Vehicle 4WD,Regular,All-Wheel Drive,10.3003125,Toyota,Auto(AV-S6),4.0,2.5
29703,Standard Sport Utility Vehicle 4WD,Premium,All-Wheel Drive,10.987,Lexus,Auto(AV-S6),6.0,3.5
29704,Midsize Cars,Premium,Rear-Wheel Drive,12.6773076923077,BMW,Automatic (S8),6.0,3.0
29705,Midsize Cars,Premium,Rear-Wheel Drive,17.3478947368421,Infiniti,Automatic (S7),8.0,5.6
29706,Midsize Cars,Premium,All-Wheel Drive,18.3116666666667,Infiniti,Automatic (S7),8.0,5.6
29707,Midsize Cars,Premium,Rear-Wheel Drive,10.6325806451613,Infiniti,Automatic (S7),6.0,3.5
29708,Midsize Cars,Premium,Rear-Wheel Drive,15.6957142857143,Infiniti,Automatic (S7),6.0,3.7
29709,Midsize Cars,Premium,All-Wheel Drive,16.4805,Infiniti,Automatic (S7),6.0,3.7
29710,Small Pickup Trucks 2WD,Diesel,Rear-Wheel Drive,15.2874,Chevrolet,Automatic 6-spd,4.0,2.8
29711,Small Pickup Trucks 2WD,Diesel,Rear-Wheel Drive,15.2874,GMC,Automatic 6-spd,4.0,2.8
29712,Standard Pickup Trucks,Regular,Rear-Wheel Drive,20.600625,Ford,Manual 4-spd,6.0,4.9
29713,Small Pickup Trucks 4WD,Diesel,4-Wheel Drive,16.6167391304348,Chevrolet,Automatic 6-spd,4.0,2.8
29714,Special Purpose Vehicle 2WD,Regular,Front-Wheel Drive,19.3888235294118,Cadillac,Automatic (S6),6.0,3.6
29715,Special Purpose Vehicle 2WD,Regular,Front-Wheel Drive,19.3888235294118,Cadillac,Automatic (S6),6.0,3.6
29716,Small Sport Utility Vehicle 2WD,Regular,Front-Wheel Drive,14.9822727272727,Toyota,Automatic (S6),4.0,2.7
29717,Small Sport Utility Vehicle 2WD,Regular,Front-Wheel Drive,15.6957142857143,Toyota,Automatic (S6),6.0,3.5
29718,Small Pickup Trucks 4WD,Diesel,4-Wheel Drive,16.6167391304348,GMC,Automatic 6-spd,4.0,2.8
29719,Standard Sport Utility Vehicle 4WD,Regular,All-Wheel Drive,16.4805,Toyota,Automatic (S6),6.0,3.5
29720,Standard Sport Utility Vehicle 4WD,Regular,All-Wheel Drive,11.7717857142857,Toyota,Auto(AV-S6),6.0,3.5
29721,Standard Sport Utility Vehicle 4WD,Regular,All-Wheel Drive,11.7717857142857,Toyota,Auto(AV-S6),6.0,3.5
29722,Compact Cars,Premium and Electricity,Front-Wheel Drive,5.86327993513514,Audi,Auto(AM-S6),4.0,1.4
29723,Standard Pickup Trucks,Regular,Rear-Wheel Drive,20.600625,Ford,Manual 4-spd,6.0,4.9
29724,Compact Cars,Premium and Electricity,Front-Wheel Drive,5.11550267916941,Audi,Auto(AM-S6),4.0,1.4
29725,Subcompact Cars,Premium Gas or Electricity,Front-Wheel Drive,4.0289752012987,Cadillac,Automatic (variable gear ratios),4.0,1.4
29726,Subcompact Cars,Premium,Rear-Wheel Drive,12.6773076923077,Lexus,Automatic (S8),4.0,2.0
29727,Subcompact Cars,Premium,All-Wheel Drive,15.6957142857143,Lexus,Automatic (S6),6.0,3.5
29728,Subcompact Cars,Premium,Rear-Wheel Drive,14.9822727272727,Lexus,Automatic (S8),6.0,3.5
29729,Subcompact Cars,Premium,All-Wheel Drive,15.6957142857143,Lexus,Automatic (S6),6.0,3.5
29730,Subcompact Cars,Premium,Rear-Wheel Drive,17.3478947368421,Lexus,Automatic (S8),8.0,5.0
29731,Compact Cars,Regular,Rear-Wheel Drive,14.9822727272727,Chevrolet,Automatic (S8),6.0,3.6
29732,Midsize Cars,Regular,Front-Wheel Drive,12.6773076923077,Chevrolet,Automatic (S8),4.0,2.0
29733,Midsize Cars,Premium,Front-Wheel Drive,11.7717857142857,MINI,Automatic (S6),4.0,1.5
29734,Standard Pickup Trucks,Regular,Rear-Wheel Drive,25.3546153846154,Ford,Automatic 3-spd,8.0,5.0
29735,Midsize Cars,Premium,Front-Wheel Drive,11.7717857142857,MINI,Manual 6-spd,4.0,1.5
29736,Midsize Cars,Regular,Front-Wheel Drive,10.987,Nissan,Auto(AV-S7),4.0,2.5
29737,Midsize Cars,Regular,Front-Wheel Drive,10.6325806451613,Nissan,Automatic (variable gear ratios),4.0,2.5
29738,Midsize Cars,Regular,Front-Wheel Drive,12.6773076923077,Nissan,Auto(AV-S7),6.0,3.5
29739,Compact Cars,Premium,Rear-Wheel Drive,17.3478947368421,Lexus,Automatic (S8),8.0,5.0
29740,Compact Cars,Regular,All-Wheel Drive,12.6773076923077,Mitsubishi,Auto(AV-S6),4.0,2.4
29741,Midsize Cars,Regular,Front-Wheel Drive,10.987,Chevrolet,Automatic 6-spd,4.0,1.5
29742,Midsize Cars,Premium,Rear-Wheel Drive,12.6773076923077,Lexus,Automatic (S8),4.0,2.0
29743,Midsize Cars,Premium,Rear-Wheel Drive,10.6325806451613,Lexus,Auto(AV-S8),6.0,3.5
29744,Midsize Cars,Premium,Rear-Wheel Drive,14.3308695652174,Lexus,Automatic (S8),6.0,3.5
29745,Standard Pickup Trucks,Regular,Rear-Wheel Drive,23.5435714285714,Ford,Automatic 4-spd,8.0,5.0
29746,Midsize Cars,Premium,All-Wheel Drive,14.9822727272727,Lexus,Automatic (S6),6.0,3.5
29747,Midsize Cars,Premium,Rear-Wheel Drive,13.73375,Lexus,Automatic (S8),4.0,2.0
29748,Midsize Cars,Premium,Rear-Wheel Drive,14.9822727272727,Lexus,Automatic (S8),6.0,3.5
29749,Small Sport Utility Vehicle 2WD,Regular,Front-Wheel Drive,14.3308695652174,Nissan,Automatic (variable gear ratios),6.0,3.5
29750,Small Sport Utility Vehicle 4WD,Regular,4-Wheel Drive,14.9822727272727,Nissan,Automatic (variable gear ratios),6.0,3.5
29751,Small Sport Utility Vehicle 4WD,Regular,4-Wheel Drive,15.6957142857143,Nissan,Automatic (variable gear ratios),6.0,3.5
29752,Minicompact Cars,Electricity,Front-Wheel Drive,0.18,Fiat,Automatic (A1),,
29753,Minivan - 2WD,Regular,Front-Wheel Drive,15.6957142857143,Toyota,Automatic (S6),6.0,3.5
29754,Minivan - 4WD,Regular,All-Wheel Drive,17.3478947368421,Toyota,Automatic (S6),6.0,3.5
29755,Small Sport Utility Vehicle 2WD,Premium,Front-Wheel Drive,13.73375,Mercedes-Benz,Automatic 9-spd,4.0,2.0
29756,Standard Pickup Trucks,Regular,Rear-Wheel Drive,21.974,Ford,Manual 4-spd,8.0,5.0
29757,Small Sport Utility Vehicle 4WD,Premium,4-Wheel Drive,13.73375,Mercedes-Benz,Automatic 9-spd,4.0,2.0
29758,Large Cars,Premium and Electricity,Rear-Wheel Drive,8.2468347375,Mercedes-Benz,Automatic 7-spd,6.0,3.0
29759,Two Seaters,Premium,Rear-Wheel Drive,27.4675,Ferrari,Auto(AM7),12.0,6.3
29760,Midsize Cars,Regular,Front-Wheel Drive,6.33865384615385,Toyota,Automatic (variable gear ratios),4.0,1.8
29761,Midsize Cars,Regular,Front-Wheel Drive,5.88589285714286,Toyota,Automatic (variable gear ratios),4.0,1.8
29762,Large Cars,Premium,Rear-Wheel Drive,16.4805,BMW,Automatic (S8),8.0,4.4
29763,Large Cars,Premium,Rear-Wheel Drive,20.600625,Chevrolet,Automatic (S6),8.0,6.2
29764,Large Cars,Regular,Rear-Wheel Drive,19.3888235294118,Chevrolet,Manual 6-spd,8.0,6.2
29765,Large Cars,Regular,Front-Wheel Drive,14.3308695652174,Ford,Automatic (S6),4.0,2.0
29766,Standard Pickup Trucks,Regular,Rear-Wheel Drive,25.3546153846154,Ford,Manual 4-spd,8.0,5.0
29767,Large Cars,Gasoline or E85,Front-Wheel Drive,15.6957142857143,Ford,Automatic (S6),6.0,3.5
29768,Large Cars,Regular,Front-Wheel Drive,15.6957142857143,Ford,Automatic (S6),6.0,3.5
29769,Large Cars,Regular,All-Wheel Drive,17.3478947368421,Ford,Automatic (S6),6.0,3.5
29770,Large Cars,Regular,All-Wheel Drive,17.3478947368421,Ford,Automatic (S6),6.0,3.5
29771,Large Cars,Gasoline or E85,All-Wheel Drive,17.3478947368421,Ford,Automatic (S6),6.0,3.5
29772,Large Cars,Regular,All-Wheel Drive,17.3478947368421,Lincoln,Automatic (S6),6.0,3.7
29773,Large Cars,Regular,All-Wheel Drive,17.3478947368421,Lincoln,Automatic (S6),6.0,3.5
29774,Large Cars,Regular,Front-Wheel Drive,16.4805,Lincoln,Automatic (S6),6.0,3.7
29775,Special Purpose Vehicle 2WD,Regular,Front-Wheel Drive,15.6957142857143,Lincoln,Automatic (S6),4.0,2.0
29776,Special Purpose Vehicle 4WD,Regular,All-Wheel Drive,18.3116666666667,Lincoln,Automatic 6-spd,6.0,3.7
29777,Standard Pickup Trucks,Regular,Rear-Wheel Drive,27.4675,Ford,Automatic 3-spd,8.0,5.8
29778,Small Sport Utility Vehicle 2WD,Regular,Front-Wheel Drive,13.73375,Ford,Automatic (S6),4.0,2.0
29779,Small Sport Utility Vehicle 2WD,Regular,Front-Wheel Drive,13.73375,Ford,Automatic (S6),4.0,2.0
29780,Small Sport Utility Vehicle 2WD,Regular,Front-Wheel Drive,15.6957142857143,Ford,Automatic (S6),6.0,3.5
29781,Small Sport Utility Vehicle 4WD,Regular,All-Wheel Drive,11.7717857142857,Buick,Automatic (S6),4.0,1.4
29782,Small Sport Utility Vehicle 4WD,Regular,All-Wheel Drive,16.4805,Ford,Automatic (S6),6.0,2.7
29783,Small Sport Utility Vehicle 4WD,Regular,All-Wheel Drive,14.3308695652174,Ford,Automatic (S6),4.0,2.0
29784,Small Sport Utility Vehicle 4WD,Regular,All-Wheel Drive,16.4805,Ford,Automatic (S6),6.0,3.5
29785,Standard Sport Utility Vehicle 2WD,Regular,Front-Wheel Drive,17.3478947368421,Ford,Automatic (S6),6.0,3.5
29786,Standard Sport Utility Vehicle 2WD,Regular,Front-Wheel Drive,17.3478947368421,Lincoln,Automatic (S6),6.0,3.7
29787,Standard Sport Utility Vehicle 4WD,Regular,All-Wheel Drive,18.3116666666667,Ford,Automatic (S6),6.0,3.5
29788,Standard Pickup Trucks,Regular,Rear-Wheel Drive,23.5435714285714,Ford,Automatic 3-spd,6.0,4.9
29789,Standard Sport Utility Vehicle 4WD,Regular,All-Wheel Drive,19.3888235294118,Ford,Automatic (S6),6.0,3.5
29790,Standard Sport Utility Vehicle 4WD,Regular,All-Wheel Drive,19.3888235294118,Lincoln,Automatic (S6),6.0,3.5
29791,Subcompact Cars,Regular,Front-Wheel Drive,14.3308695652174,Buick,Automatic (S6),4.0,1.6
29792,Compact Cars,Premium,All-Wheel Drive,13.1844,Volvo,Automatic (S8),4.0,2.0
29793,Midsize Cars,Regular,Front-Wheel Drive,10.987,Nissan,Manual 6-spd,4.0,1.8
29794,Midsize Cars,Regular,Front-Wheel Drive,10.3003125,Nissan,Automatic (variable gear ratios),4.0,1.8
29795,Midsize Cars,Regular,Front-Wheel Drive,9.98818181818182,Nissan,Automatic (variable gear ratios),4.0,1.8
29796,Small Station Wagons,Premium,All-Wheel Drive,13.1844,Volvo,Automatic (S8),4.0,2.0
29797,Midsize Station Wagons,Regular,Front-Wheel Drive,13.73375,Nissan,Auto(AV-S7),6.0,3.5
29798,Midsize Station Wagons,Regular,All-Wheel Drive,13.73375,Nissan,Auto(AV-S7),6.0,3.5
29799,Compact Cars,Regular,Front-Wheel Drive,12.6773076923077,Pontiac,Manual 4-spd,4.0,2.0
29800,Standard Pickup Trucks,Regular,Rear-Wheel Drive,21.974,Ford,Manual 4-spd,6.0,4.9
29801,"Vans, Passenger Type",Regular,Rear-Wheel Drive,25.3546153846154,Chevrolet,Automatic 6-spd,8.0,6.0
29802,"Vans, Passenger Type",Regular,Rear-Wheel Drive,27.4675,Chevrolet,Automatic 6-spd,8.0,6.0
29803,"Vans, Passenger Type",Regular,Rear-Wheel Drive,25.3546153846154,GMC,Automatic 6-spd,8.0,6.0
29804,"Vans, Passenger Type",Regular,Rear-Wheel Drive,27.4675,GMC,Automatic 6-spd,8.0,6.0
29805,Small Sport Utility Vehicle 2WD,Regular,Front-Wheel Drive,10.987,Buick,Automatic (S6),4.0,1.4
29806,Small Sport Utility Vehicle 4WD,Premium,All-Wheel Drive,14.9822727272727,Volvo,Automatic (S8),4.0,2.0
29807,Standard Sport Utility Vehicle 2WD,Regular,Rear-Wheel Drive,15.6957142857143,Dodge,Automatic 8-spd,6.0,3.6
29808,Standard Sport Utility Vehicle 2WD,Midgrade,Rear-Wheel Drive,19.3888235294118,Dodge,Automatic 8-spd,8.0,5.7
29809,Standard Sport Utility Vehicle 2WD,Diesel,Rear-Wheel Drive,15.2874,Jeep,Automatic 8-spd,6.0,3.0
29810,Standard Sport Utility Vehicle 2WD,Regular,Rear-Wheel Drive,15.6957142857143,Jeep,Automatic 8-spd,6.0,3.6
29811,Standard Pickup Trucks,Regular,Rear-Wheel Drive,21.974,Ford,Manual 4-spd,6.0,4.9
29812,Standard Sport Utility Vehicle 4WD,Regular,4-Wheel Drive,15.6957142857143,Dodge,Automatic 8-spd,6.0,3.6
29813,Standard Sport Utility Vehicle 4WD,Midgrade,All-Wheel Drive,19.3888235294118,Dodge,Automatic 8-spd,8.0,5.7
29814,Standard Sport Utility Vehicle 4WD,Premium,All-Wheel Drive,21.974,Jeep,Automatic 8-spd,8.0,6.4
29815,Standard Sport Utility Vehicle 4WD,Diesel,4-Wheel Drive,15.924375,Jeep,Automatic 8-spd,6.0,3.0
29816,Standard Sport Utility Vehicle 4WD,Regular,4-Wheel Drive,15.6957142857143,Jeep,Automatic 8-spd,6.0,3.6
29817,Standard Sport Utility Vehicle 4WD,Midgrade,All-Wheel Drive,19.3888235294118,Jeep,Automatic 8-spd,8.0,5.7
29818,Subcompact Cars,Electricity,Rear-Wheel Drive,0.162,BMW,Automatic (A1),,
29819,Small Sport Utility Vehicle 2WD,Regular,Front-Wheel Drive,14.3308695652174,Hyundai,Automatic (S6),4.0,2.0
29820,Small Sport Utility Vehicle 2WD,Regular,Front-Wheel Drive,14.3308695652174,Hyundai,Automatic (S6),4.0,2.0
29821,Small Sport Utility Vehicle 4WD,Regular,All-Wheel Drive,14.9822727272727,Hyundai,Automatic (S6),4.0,2.0
29822,Standard Pickup Trucks,Regular,Rear-Wheel Drive,23.5435714285714,Ford,Automatic 4-spd,8.0,5.0
29823,Small Sport Utility Vehicle 4WD,Regular,All-Wheel Drive,15.6957142857143,Hyundai,Automatic (S6),4.0,2.0
29824,Standard Sport Utility Vehicle 4WD,Premium,All-Wheel Drive,15.6957142857143,Audi,Automatic (S8),6.0,3.0
29825,Subcompact Cars,Premium Gas or Electricity,Rear-Wheel Drive,1.56319037224786,BMW,Automatic (A1),2.0,0.6
29826,Subcompact Cars,Premium and Electricity,All-Wheel Drive,7.35692427761084,BMW,Automatic 6-spd,3.0,1.5
29827,Standard Sport Utility Vehicle 4WD,Premium and Electricity,All-Wheel Drive,8.6706743725,Volvo,Automatic (S8),4.0,2.0
29828,Midsize Cars,Regular,Front-Wheel Drive,9.98818181818182,Hyundai,Automatic (S6),4.0,2.0
29829,Midsize Cars,Regular,Front-Wheel Drive,10.3003125,Hyundai,Automatic (S6),4.0,2.0
29830,Midsize Cars,Regular,Front-Wheel Drive,11.3658620689655,Hyundai,Manual 6-spd,4.0,2.0
29831,Small Sport Utility Vehicle 2WD,Regular,Front-Wheel Drive,15.6957142857143,Hyundai,Automatic (S6),6.0,3.3
29832,Small Sport Utility Vehicle 2WD,Regular,Front-Wheel Drive,16.4805,Hyundai,Automatic (S6),6.0,3.3
29833,Standard Pickup Trucks,Regular,Rear-Wheel Drive,25.3546153846154,Ford,Manual 4-spd,8.0,5.0
29834,Small Sport Utility Vehicle 4WD,Regular,All-Wheel Drive,16.4805,Hyundai,Automatic (S6),6.0,3.3
29835,Small Sport Utility Vehicle 4WD,Regular,All-Wheel Drive,17.3478947368421,Hyundai,Automatic (S6),6.0,3.3
29836,Large Cars,Electricity,Rear-Wheel Drive,0.228,Tesla,Automatic (A1),,
29837,Large Cars,Electricity,Rear-Wheel Drive,0.228,Tesla,Automatic (A1),,
29838,Large Cars,Electricity,Rear-Wheel Drive,0.228,Tesla,Automatic (A1),,
29839,Large Cars,Electricity,Rear-Wheel Drive,0.228,Tesla,Automatic (A1),,
29840,Special Purpose Vehicle 2WD,Regular,Front-Wheel Drive,13.73375,Nissan,Automatic (variable gear ratios),4.0,2.0
29841,Large Cars,Electricity,All-Wheel Drive,0.198,Tesla,Automatic (A1),,
29842,Large Cars,Electricity,All-Wheel Drive,0.204,Tesla,Automatic (A1),,
29843,Standard Pickup Trucks,Regular,Rear-Wheel Drive,27.4675,Ford,Automatic 3-spd,8.0,5.8
29844,Large Cars,Electricity,All-Wheel Drive,0.198,Tesla,Automatic (A1),,
29845,Large Cars,Electricity,All-Wheel Drive,0.216,Tesla,Automatic (A1),,
29846,Large Cars,Electricity,All-Wheel Drive,0.21,Tesla,Automatic (A1),,
29847,Small Sport Utility Vehicle 2WD,Regular,Front-Wheel Drive,13.73375,Hyundai,Automatic (S6),4.0,2.4
29848,Small Sport Utility Vehicle 4WD,Regular,All-Wheel Drive,14.9822727272727,Hyundai,Automatic (S6),4.0,2.4
29849,Minicompact Cars,Premium,Front-Wheel Drive,10.987,MINI,Automatic (S6),4.0,1.5
29850,Minicompact Cars,Premium,Front-Wheel Drive,10.987,MINI,Manual 6-spd,4.0,1.5
29851,Minicompact Cars,Premium,Front-Wheel Drive,11.7717857142857,MINI,Automatic (S6),4.0,2.0
29852,Compact Cars,Premium,Rear-Wheel Drive,13.1844,Chevrolet,Automatic (S8),4.0,2.0
29853,Compact Cars,Premium,Rear-Wheel Drive,13.73375,Chevrolet,Manual 6-spd,4.0,2.0
29854,Standard Pickup Trucks,Regular,Rear-Wheel Drive,18.3116666666667,GMC,Automatic 3-spd,6.0,4.3
29855,Compact Cars,Premium,Rear-Wheel Drive,10.987,Infiniti,Automatic (S7),6.0,3.5
29856,Compact Cars,Premium,All-Wheel Drive,11.7717857142857,Infiniti,Automatic (S7),6.0,3.5
29857,Large Cars,Regular,Rear-Wheel Drive,13.1844,Cadillac,Automatic (S8),4.0,2.0
29858,Large Cars,Premium,All-Wheel Drive,15.6957142857143,Cadillac,Automatic (S8),6.0,3.0
29859,Special Purpose Vehicle 2WD,Regular,Front-Wheel Drive,13.1844,Chevrolet,Automatic (variable gear ratios),4.0,2.0
29860,Special Purpose Vehicle 2WD,Regular,Front-Wheel Drive,13.1844,Nissan,Automatic (variable gear ratios),4.0,2.0
29861,Small Sport Utility Vehicle 2WD,Regular,Front-Wheel Drive,13.1844,Mitsubishi,Manual 5-spd,4.0,2.0
29862,Small Sport Utility Vehicle 2WD,Regular,Front-Wheel Drive,12.2077777777778,Mitsubishi,Auto(AV-S6),4.0,2.0
29863,Small Sport Utility Vehicle 2WD,Regular,Front-Wheel Drive,13.1844,Mitsubishi,Auto(AV-S6),4.0,2.4
29864,Small Sport Utility Vehicle 4WD,Regular,4-Wheel Drive,12.6773076923077,Mitsubishi,Auto(AV-S6),4.0,2.0
29865,Standard Pickup Trucks,Regular,Rear-Wheel Drive,18.3116666666667,GMC,Automatic 4-spd,6.0,4.3
29866,Small Sport Utility Vehicle 4WD,Regular,4-Wheel Drive,13.73375,Mitsubishi,Auto(AV-S6),4.0,2.4
29867,Standard Sport Utility Vehicle 4WD,Diesel,All-Wheel Drive,15.2874,BMW,Automatic (S8),6.0,3.0
29868,Small Sport Utility Vehicle 2WD,Regular,Front-Wheel Drive,13.1844,Kia,Automatic (S6),4.0,2.4
29869,Small Sport Utility Vehicle 2WD,Regular,Front-Wheel Drive,12.6773076923077,Kia,Automatic (S6),4.0,2.4
29870,Small Sport Utility Vehicle 2WD,Regular,Front-Wheel Drive,14.3308695652174,Kia,Automatic (S6),4.0,2.0
29871,Small Sport Utility Vehicle 4WD,Regular,All-Wheel Drive,14.3308695652174,Kia,Automatic (S6),4.0,2.4
29872,Small Sport Utility Vehicle 4WD,Regular,All-Wheel Drive,14.9822727272727,Kia,Automatic (S6),4.0,2.4
29873,Small Sport Utility Vehicle 4WD,Regular,All-Wheel Drive,15.6957142857143,Kia,Automatic (S6),4.0,2.0
29874,Midsize Station Wagons,Regular,Front-Wheel Drive,11.3658620689655,Nissan,Auto(AV-S7),4.0,2.5
29875,Midsize Station Wagons,Regular,All-Wheel Drive,12.2077777777778,Nissan,Auto(AV-S7),4.0,2.5
29876,Standard Pickup Trucks,Regular,Rear-Wheel Drive,23.5435714285714,GMC,Automatic 3-spd,8.0,5.0
29877,Small Sport Utility Vehicle 2WD,Regular,Front-Wheel Drive,14.9822727272727,Cadillac,Automatic (S8),6.0,3.6
29878,Small Sport Utility Vehicle 4WD,Regular,All-Wheel Drive,15.6957142857143,Cadillac,Automatic (S8),6.0,3.6
29879,Two Seaters,Premium,Rear-Wheel Drive,23.5435714285714,Ferrari,Auto(AM7),12.0,6.3
29880,Minicompact Cars,Premium,Front-Wheel Drive,12.6773076923077,MINI,Manual 6-spd,4.0,2.0
29881,Subcompact Cars,Premium,Rear-Wheel Drive,15.6957142857143,BMW,Manual 6-spd,6.0,3.0
29882,Subcompact Cars,Premium,Rear-Wheel Drive,14.9822727272727,BMW,Auto(AM-S7),6.0,3.0
29883,Compact Cars,Regular,Front-Wheel Drive,9.69441176470588,Chevrolet,Automatic (S6),4.0,1.4
29884,Compact Cars,Regular,Front-Wheel Drive,10.3003125,Chevrolet,Manual 6-spd,4.0,1.4
29885,Compact Cars,Regular,Front-Wheel Drive,9.69441176470588,Chevrolet,Automatic (S6),4.0,1.4
29886,Small Sport Utility Vehicle 4WD,Premium,All-Wheel Drive,15.6957142857143,BMW,Automatic (S8),6.0,3.0
29887,Standard Pickup Trucks,Regular,Rear-Wheel Drive,19.3888235294118,GMC,Automatic 4-spd,8.0,5.0
29888,Small Sport Utility Vehicle 2WD,Premium,Front-Wheel Drive,14.3308695652174,Infiniti,Auto(AV-S7),6.0,3.5
29889,Small Sport Utility Vehicle 4WD,Premium,All-Wheel Drive,14.9822727272727,Infiniti,Auto(AV-S7),6.0,3.5
29890,Standard Sport Utility Vehicle 2WD,Regular,Front-Wheel Drive,12.6773076923077,Infiniti,Auto(AV-S7),4.0,2.5
29891,Standard Sport Utility Vehicle 4WD,Regular,All-Wheel Drive,12.6773076923077,Infiniti,Auto(AV-S7),4.0,2.5
29892,Compact Cars,Regular,Front-Wheel Drive,9.41742857142857,Honda,Automatic (variable gear ratios),4.0,1.5
29893,Compact Cars,Regular,Front-Wheel Drive,10.987,Honda,Manual 6-spd,4.0,2.0
29894,Compact Cars,Regular,Front-Wheel Drive,9.69441176470588,Honda,Automatic (variable gear ratios),4.0,2.0
29895,Compact Cars,Premium,Rear-Wheel Drive,21.974,Rolls-Royce,Automatic (S8),12.0,6.6
29896,Large Cars,Regular,All-Wheel Drive,15.6957142857143,Cadillac,Automatic (S8),6.0,3.6
29897,Compact Cars,Premium and Electricity,Rear-Wheel Drive,5.84663403214286,BMW,Automatic (S8),4.0,2.0
29898,Standard Pickup Trucks,Regular,Rear-Wheel Drive,20.600625,GMC,Automatic 3-spd,6.0,4.3
29899,Compact Cars,Regular,Front-Wheel Drive,9.15583333333333,Mitsubishi,Manual 5-spd,3.0,1.2
29900,Compact Cars,Regular,Front-Wheel Drive,8.45153846153846,Mitsubishi,Automatic (variable gear ratios),3.0,1.2
29901,Minivan - 2WD,Regular,Front-Wheel Drive,14.9822727272727,Chrysler,Automatic 9-spd,6.0,3.6
29902,Subcompact Cars,Electricity,Rear-Wheel Drive,0.18,Mitsubishi,Automatic (A1),,
29903,Two Seaters,Premium,Rear-Wheel Drive,25.3546153846154,Ferrari,Auto(AM7),12.0,6.3
29904,Two Seaters,Premium,Rear-Wheel Drive,25.3546153846154,Ferrari,Auto(AM7),12.0,6.3
29905,Midsize Cars,Premium,All-Wheel Drive,17.3478947368421,Audi,Automatic (S8),8.0,4.0
29906,Midsize Cars,Regular,Front-Wheel Drive,7.1654347826087,Chevrolet,Automatic (variable gear ratios),4.0,1.8
29907,Midsize Cars,Premium,All-Wheel Drive,14.9822727272727,Ford,Manual 6-spd,4.0,2.3
29908,Two Seaters,Premium,All-Wheel Drive,19.3888235294118,Audi,Auto(AM-S7),10.0,5.2
29909,Compact Cars,Regular,Front-Wheel Drive,14.3308695652174,Renault,Automatic 3-spd,4.0,1.4
29910,Standard Pickup Trucks,Regular,Rear-Wheel Drive,19.3888235294118,GMC,Automatic 4-spd,6.0,4.3
29911,Two Seaters,Premium,All-Wheel Drive,19.3888235294118,Audi,Auto(AM-S7),10.0,5.2
29912,Compact Cars,Premium,All-Wheel Drive,12.2077777777778,Audi,Auto(AM-S7),4.0,2.0
29913,Compact Cars,Premium,Front-Wheel Drive,11.7717857142857,Audi,Auto(AM-S7),4.0,2.0
29914,Compact Cars,Premium,All-Wheel Drive,14.3308695652174,Subaru,Manual 6-spd,4.0,2.0
29915,Compact Cars,Premium,All-Wheel Drive,15.6957142857143,Subaru,Auto(AV-S8),4.0,2.0
29916,Compact Cars,Premium,All-Wheel Drive,17.3478947368421,Subaru,Manual 6-spd,4.0,2.5
29917,Large Cars,Premium,All-Wheel Drive,14.9822727272727,BMW,Automatic (S8),6.0,3.0
29918,Small Sport Utility Vehicle 2WD,Premium,Front-Wheel Drive,14.3308695652174,Acura,Automatic (S6),6.0,3.5
29919,Small Sport Utility Vehicle 4WD,Premium,All-Wheel Drive,14.9822727272727,Acura,Automatic (S6),6.0,3.5
29920,Compact Cars,Regular Gas or Electricity,Front-Wheel Drive,2.0068441858804,Chevrolet,Automatic (variable gear ratios),4.0,1.5
29921,Standard Pickup Trucks,Regular,Rear-Wheel Drive,19.3888235294118,GMC,Manual 3-spd,6.0,4.3
29922,Two Seaters,Premium,All-Wheel Drive,20.600625,Lamborghini,Auto(AM-S7),10.0,5.2
29923,Two Seaters,Premium,All-Wheel Drive,18.3116666666667,Jaguar,Automatic (S8),8.0,5.0
29924,Two Seaters,Premium,All-Wheel Drive,18.3116666666667,Jaguar,Automatic (S8),8.0,5.0
29925,Two Seaters,Premium,Rear-Wheel Drive,14.3308695652174,Jaguar,Automatic (S8),6.0,3.0
29926,Two Seaters,Premium,Rear-Wheel Drive,14.3308695652174,Jaguar,Automatic (S8),6.0,3.0
29927,Two Seaters,Premium,Rear-Wheel Drive,14.9822727272727,Jaguar,Automatic (S8),6.0,3.0
29928,Two Seaters,Premium,Rear-Wheel Drive,14.9822727272727,Jaguar,Automatic (S8),6.0,3.0
29929,Two Seaters,Premium,All-Wheel Drive,15.6957142857143,Jaguar,Automatic (S8),6.0,3.0
29930,Two Seaters,Premium,All-Wheel Drive,15.6957142857143,Jaguar,Automatic (S8),6.0,3.0
29931,Two Seaters,Premium,Rear-Wheel Drive,17.3478947368421,Jaguar,Manual 6-spd,6.0,3.0
29932,Standard Pickup Trucks,Regular,Rear-Wheel Drive,20.600625,GMC,Manual 4-spd,6.0,4.3
29933,Two Seaters,Premium,Rear-Wheel Drive,17.3478947368421,Jaguar,Manual 6-spd,6.0,3.0
29934,Two Seaters,Premium,Rear-Wheel Drive,18.3116666666667,Jaguar,Manual 6-spd,6.0,3.0
29935,Two Seaters,Premium,Rear-Wheel Drive,18.3116666666667,Jaguar,Manual 6-spd,6.0,3.0
29936,Minicompact Cars,Premium,4-Wheel Drive,16.4805,Porsche,Auto(AM-S7),6.0,3.8
29937,Minicompact Cars,Premium,4-Wheel Drive,16.4805,Porsche,Auto(AM-S7),6.0,3.8
29938,Minicompact Cars,Premium,Front-Wheel Drive,13.1844,MINI,Manual 6-spd,4.0,2.0
29939,Subcompact Cars,Premium,Rear-Wheel Drive,13.73375,BMW,Automatic (S8),6.0,3.0
29940,Subcompact Cars,Premium,Rear-Wheel Drive,14.3308695652174,BMW,Automatic (S8),6.0,3.0
29941,Subcompact Cars,Premium,All-Wheel Drive,14.9822727272727,BMW,Automatic (S8),6.0,3.0
29942,Subcompact Cars,Premium,All-Wheel Drive,14.9822727272727,BMW,Automatic (S8),6.0,3.0
29943,Standard Pickup Trucks,Regular,Rear-Wheel Drive,23.5435714285714,GMC,Automatic 3-spd,8.0,5.0
29944,Subcompact Cars,Premium,Rear-Wheel Drive,19.3888235294118,BMW,Manual 6-spd,8.0,4.4
29945,Subcompact Cars,Premium,Rear-Wheel Drive,20.600625,BMW,Auto(AM-S7),8.0,4.4
29946,Subcompact Cars,Premium,Rear-Wheel Drive,19.3888235294118,BMW,Manual 6-spd,8.0,4.4
29947,Subcompact Cars,Premium,Rear-Wheel Drive,20.600625,BMW,Auto(AM-S7),8.0,4.4
29948,Compact Cars,Premium,Rear-Wheel Drive,14.3308695652174,BMW,Automatic (S8),6.0,3.0
29949,Compact Cars,Premium,All-Wheel Drive,14.9822727272727,BMW,Automatic (S8),6.0,3.0
29950,Compact Cars,Premium,Rear-Wheel Drive,19.3888235294118,BMW,Manual 6-spd,8.0,4.4
29951,Compact Cars,Premium,Rear-Wheel Drive,20.600625,BMW,Auto(AM-S7),8.0,4.4
29952,Compact Cars,Regular,Front-Wheel Drive,9.41742857142857,Mitsubishi,Manual 5-spd,3.0,1.2
29953,Compact Cars,Regular,Front-Wheel Drive,8.90837837837838,Mitsubishi,Automatic (variable gear ratios),3.0,1.2
29954,Standard Pickup Trucks,Regular,Rear-Wheel Drive,23.5435714285714,GMC,Automatic 4-spd,8.0,5.0
29955,Midsize Cars,Regular,Front-Wheel Drive,12.2077777777778,Hyundai,Manual 6-spd,4.0,2.0
29956,Midsize Cars,Premium,All-Wheel Drive,12.6773076923077,MINI,Automatic (S8),4.0,2.0
29957,Midsize Cars,Premium,All-Wheel Drive,13.73375,MINI,Manual 6-spd,4.0,2.0
29958,Small Sport Utility Vehicle 2WD,Premium,Rear-Wheel Drive,13.73375,BMW,Automatic (S8),4.0,2.0
29959,Small Sport Utility Vehicle 4WD,Premium,All-Wheel Drive,13.73375,BMW,Automatic (S8),4.0,2.0
29960,Small Sport Utility Vehicle 4WD,Premium,All-Wheel Drive,15.6957142857143,BMW,Automatic (S8),6.0,3.0
29961,Small Sport Utility Vehicle 4WD,Premium,All-Wheel Drive,15.6957142857143,BMW,Automatic (S8),6.0,3.0
29962,Two Seaters,Premium,Rear-Wheel Drive,17.3478947368421,BMW,Auto(AM-S7),6.0,3.0
29963,Midsize Cars,Premium,Rear-Wheel Drive,14.9822727272727,Infiniti,Automatic (S7),6.0,3.0
29964,Midsize Cars,Premium,All-Wheel Drive,14.9822727272727,Infiniti,Automatic (S7),6.0,3.0
29965,Standard Pickup Trucks,Regular,Rear-Wheel Drive,21.974,GMC,Manual 4-spd,8.0,5.0
29966,Midsize Cars,Premium,Rear-Wheel Drive,12.6773076923077,Infiniti,Automatic (S7),4.0,2.0
29967,Midsize Cars,Premium,All-Wheel Drive,13.73375,Infiniti,Automatic (S7),4.0,2.0
29968,Minicompact Cars,Premium,Front-Wheel Drive,12.2077777777778,MINI,Automatic (S6),4.0,2.0
29969,Midsize Cars,Regular,Front-Wheel Drive,12.2077777777778,Hyundai,Automatic (S6),4.0,2.0
29970,Minivan - 2WD,Regular,Front-Wheel Drive,16.4805,Kia,Automatic (S6),6.0,3.3
29971,Minivan - 2WD,Regular,Front-Wheel Drive,15.6957142857143,Kia,Automatic (S6),6.0,3.3
29972,Minivan - 2WD,Regular,Front-Wheel Drive,17.3478947368421,Kia,Automatic (S6),6.0,3.3
29973,Small Sport Utility Vehicle 2WD,Regular,Front-Wheel Drive,13.73375,Ford,Automatic (S6),4.0,2.5
29974,Small Sport Utility Vehicle 2WD,Regular,Front-Wheel Drive,12.6773076923077,Ford,Automatic (S6),4.0,1.5
29975,Small Sport Utility Vehicle 2WD,Regular,Front-Wheel Drive,13.1844,Ford,Automatic (S6),4.0,2.0
29976,Standard Pickup Trucks,Regular,Rear-Wheel Drive,21.974,GMC,Manual 4-spd,8.0,5.0
29977,Small Sport Utility Vehicle 2WD,Gasoline or E85,Front-Wheel Drive,13.73375,Ford,Automatic (S6),4.0,2.5
29978,Small Sport Utility Vehicle 2WD,Regular,Front-Wheel Drive,14.3308695652174,Lincoln,Automatic (S6),4.0,2.0
29979,Small Sport Utility Vehicle 4WD,Regular,All-Wheel Drive,14.3308695652174,Ford,Automatic (S6),4.0,2.0
29980,Small Sport Utility Vehicle 4WD,Regular,All-Wheel Drive,13.73375,Ford,Automatic (S6),4.0,1.5
29981,Small Sport Utility Vehicle 4WD,Regular,All-Wheel Drive,15.6957142857143,Lincoln,Automatic (S6),4.0,2.3
29982,Small Sport Utility Vehicle 4WD,Regular,All-Wheel Drive,15.6957142857143,Lincoln,Automatic (S6),4.0,2.0
29983,Small Sport Utility Vehicle 4WD,Regular,All-Wheel Drive,14.9822727272727,Lincoln,Automatic (S6),4.0,2.0
29984,Small Sport Utility Vehicle 4WD,Premium,All-Wheel Drive,13.1844,Subaru,Auto(AV-S8),4.0,2.0
29985,Standard Sport Utility Vehicle 4WD,Premium,4-Wheel Drive,17.3478947368421,Mercedes-Benz,Automatic 9-spd,6.0,3.0
29986,Standard Sport Utility Vehicle 4WD,Premium,4-Wheel Drive,23.5435714285714,Mercedes-Benz,Automatic 7-spd,8.0,5.5
29987,Standard Pickup Trucks,Regular,Rear-Wheel Drive,23.5435714285714,GMC,Automatic 4-spd,8.0,5.7
29988,Standard Pickup Trucks 2WD,Regular,Rear-Wheel Drive,16.4805,Chevrolet,Automatic 8-spd,8.0,5.3
29989,Standard Pickup Trucks 2WD,Regular,Rear-Wheel Drive,16.4805,GMC,Automatic 8-spd,8.0,5.3
29990,Standard Pickup Trucks 4WD,Regular,4-Wheel Drive,18.3116666666667,Chevrolet,Automatic 8-spd,8.0,5.3
29991,Standard Pickup Trucks 4WD,Regular,4-Wheel Drive,18.3116666666667,GMC,Automatic 8-spd,8.0,5.3
29992,Subcompact Cars,Premium,All-Wheel Drive,17.3478947368421,BMW,Automatic (S8),8.0,4.4
29993,Subcompact Cars,Premium,All-Wheel Drive,18.3116666666667,BMW,Automatic (S8),8.0,4.4
29994,Subcompact Cars,Premium,Rear-Wheel Drive,20.600625,Maserati,Automatic 6-spd,8.0,4.7
29995,Subcompact Cars,Premium,Rear-Wheel Drive,21.974,Maserati,Automatic 6-spd,8.0,4.7
29996,Compact Cars,Premium,Front-Wheel Drive,11.3658620689655,Acura,Auto(AM-S8),4.0,2.4
29997,Compact Cars,Premium,All-Wheel Drive,18.3116666666667,BMW,Automatic (S8),8.0,4.4
29998,Standard Pickup Trucks,Regular,Rear-Wheel Drive,25.3546153846154,GMC,Manual 4-spd,8.0,5.7
29999,Compact Cars,Premium,All-Wheel Drive,18.3116666666667,BMW,Automatic (S8),8.0,4.4
30000,Midsize Cars,Regular,All-Wheel Drive,14.3308695652174,Ford,Automatic (S6),4.0,2.0
30001,Midsize Cars,Regular,Front-Wheel Drive,12.2077777777778,Ford,Automatic (S6),4.0,1.5
30002,Midsize Cars,Regular,Front-Wheel Drive,7.84785714285714,Ford,Automatic (variable gear ratios),4.0,2.0
30003,Midsize Cars,Regular,Front-Wheel Drive,9.41742857142857,Hyundai,Auto(AM7),4.0,1.4
30004,Midsize Cars,Regular,Front-Wheel Drive,8.24025,Lincoln,Automatic (variable gear ratios),4.0,2.0
30005,Midsize Cars,Regular,All-Wheel Drive,14.3308695652174,Lincoln,Automatic (S6),4.0,2.0
30006,Midsize Cars,Regular,Front-Wheel Drive,13.73375,Lincoln,Automatic (S6),4.0,2.0
30007,Large Cars,Premium,All-Wheel Drive,18.3116666666667,BMW,Automatic (S8),8.0,4.4
30008,Large Cars,Regular,Rear-Wheel Drive,14.9822727272727,Genesis,Automatic (S8),6.0,3.8
30009,Standard Pickup Trucks,Diesel,Rear-Wheel Drive,21.2325,GMC,Automatic 4-spd,8.0,6.2
30010,Large Cars,Regular,All-Wheel Drive,17.3478947368421,Genesis,Automatic (S8),6.0,3.8
30011,Small Sport Utility Vehicle 2WD,Regular,Front-Wheel Drive,14.3308695652174,Kia,Automatic (S6),4.0,2.0
30012,Small Sport Utility Vehicle 2WD,Regular,Front-Wheel Drive,13.73375,Kia,Automatic (S6),4.0,2.4
30013,Small Sport Utility Vehicle 2WD,Regular,Front-Wheel Drive,16.4805,Kia,Automatic (S6),6.0,3.3
30014,Small Sport Utility Vehicle 4WD,Premium,All-Wheel Drive,16.4805,Jaguar,Automatic (S8),6.0,3.0
30015,Small Sport Utility Vehicle 4WD,Regular,All-Wheel Drive,14.9822727272727,Kia,Automatic (S6),4.0,2.0
30016,Small Sport Utility Vehicle 4WD,Regular,All-Wheel Drive,14.9822727272727,Kia,Automatic (S6),4.0,2.4
30017,Small Sport Utility Vehicle 4WD,Regular,All-Wheel Drive,17.3478947368421,Kia,Automatic (S6),6.0,3.3
30018,Small Sport Utility Vehicle 4WD,Regular,All-Wheel Drive,15.6957142857143,Kia,Automatic (S6),6.0,3.3
30019,Standard Sport Utility Vehicle 4WD,Premium,4-Wheel Drive,20.600625,Mercedes-Benz,Automatic 9-spd,8.0,4.7
30020,Compact Cars,Regular,Front-Wheel Drive,10.3003125,Renault,Manual 4-spd,4.0,1.4
30021,Standard Pickup Trucks,Diesel,Rear-Wheel Drive,20.115,GMC,Manual 4-spd,8.0,6.2
30022,Small Sport Utility Vehicle 4WD,Premium,All-Wheel Drive,14.9822727272727,Buick,Automatic 6-spd,4.0,2.0
30023,Compact Cars,Premium,Rear-Wheel Drive,13.73375,Jaguar,Automatic (S8),4.0,2.0
30024,Midsize Cars,Regular,Front-Wheel Drive,13.1844,Ford,Automatic (S6),4.0,2.0
30025,Small Pickup Trucks 2WD,Regular,Front-Wheel Drive,14.9822727272727,Honda,Automatic 6-spd,6.0,3.5
30026,Standard Pickup Trucks 4WD,Regular,All-Wheel Drive,15.6957142857143,Honda,Automatic 6-spd,6.0,3.5
30027,Standard Sport Utility Vehicle 2WD,Regular,Front-Wheel Drive,14.3308695652174,GMC,Automatic 6-spd,4.0,2.5
30028,Standard Sport Utility Vehicle 2WD,Regular,Front-Wheel Drive,15.6957142857143,GMC,Automatic 6-spd,6.0,3.6
30029,Standard Sport Utility Vehicle 4WD,Regular,All-Wheel Drive,14.3308695652174,GMC,Automatic 6-spd,4.0,2.5
30030,Standard Sport Utility Vehicle 4WD,Regular,All-Wheel Drive,16.4805,GMC,Automatic 6-spd,6.0,3.6
30031,Standard Pickup Trucks,Diesel,Rear-Wheel Drive,20.115,GMC,Manual 4-spd,8.0,6.2
30032,Standard Pickup Trucks 2WD,Premium,Rear-Wheel Drive,25.3546153846154,Roush Performance,Automatic (S6),8.0,5.0
30033,Standard Pickup Trucks 4WD,Premium,4-Wheel Drive,25.3546153846154,Roush Performance,Automatic (S6),8.0,5.0
30034,Compact Cars,Regular,Front-Wheel Drive,10.6325806451613,Kia,Automatic (S6),4.0,1.6
30035,Compact Cars,Regular,Front-Wheel Drive,10.987,Kia,Automatic (S6),4.0,1.6
30036,Compact Cars,Regular,Front-Wheel Drive,10.6325806451613,Kia,Manual 6-spd,4.0,1.6
30037,Small Sport Utility Vehicle 4WD,Premium,All-Wheel Drive,17.3478947368421,Porsche,Auto(AM-S7),6.0,3.0
30038,Small Sport Utility Vehicle 4WD,Premium,All-Wheel Drive,17.3478947368421,Porsche,Auto(AM-S7),6.0,3.0
30039,Standard Sport Utility Vehicle 4WD,Premium,All-Wheel Drive,16.4805,Porsche,Automatic (S8),6.0,3.6
30040,Standard Sport Utility Vehicle 4WD,Premium,All-Wheel Drive,17.3478947368421,Porsche,Automatic (S8),6.0,3.6
30041,Midsize Cars,Premium,Rear-Wheel Drive,14.3308695652174,Infiniti,Automatic (S7),6.0,3.0
30042,Standard Pickup Trucks,Regular,Rear-Wheel Drive,23.5435714285714,GMC,Automatic 3-spd,6.0,4.3
30043,Midsize Cars,Premium,All-Wheel Drive,14.9822727272727,Infiniti,Automatic (S7),6.0,3.0
30044,Large Cars,Electricity,Rear-Wheel Drive,0.204,Tesla,Automatic (A1),,
30045,Large Cars,Electricity,All-Wheel Drive,0.198,Tesla,Automatic (A1),,
30046,Standard Sport Utility Vehicle 4WD,Electricity,All-Wheel Drive,0.216,Tesla,Automatic (A1),,
30047,Minicompact Cars,Premium,All-Wheel Drive,15.6957142857143,Porsche,Auto(AM-S7),6.0,3.8
30048,Minicompact Cars,Premium,All-Wheel Drive,15.6957142857143,Porsche,Auto(AM-S7),6.0,3.8
30049,Minicompact Cars,Premium,All-Wheel Drive,15.6957142857143,Porsche,Auto(AM-S7),6.0,3.8
30050,Minicompact Cars,Premium,All-Wheel Drive,15.6957142857143,Porsche,Auto(AM-S7),6.0,3.8
30051,Subcompact Cars,Premium,4-Wheel Drive,13.1844,Mercedes-Benz,Automatic 7-spd,4.0,2.0
30052,Midsize Cars,Regular,Front-Wheel Drive,13.1844,Ford,Automatic 6-spd,4.0,2.5
30053,Standard Pickup Trucks,Regular,Rear-Wheel Drive,21.974,GMC,Automatic 4-spd,6.0,4.3
30054,Midsize Cars,Regular,All-Wheel Drive,14.3308695652174,Subaru,Auto(AV-S6),6.0,3.6
30055,Large Cars,Regular,Front-Wheel Drive,13.73375,Hyundai,Automatic (S6),4.0,2.0
30056,Large Cars,Regular,Front-Wheel Drive,11.3658620689655,Hyundai,Automatic (S6),4.0,2.4
30057,Large Cars,Regular,Front-Wheel Drive,11.7717857142857,Hyundai,Automatic (S6),4.0,2.4
30058,Small Sport Utility Vehicle 4WD,Premium,All-Wheel Drive,17.3478947368421,Porsche,Auto(AM-S7),6.0,3.6
30059,Small Sport Utility Vehicle 4WD,Regular,All-Wheel Drive,14.9822727272727,Subaru,Auto(AV-S6),6.0,3.6
30060,Two Seaters,Premium,All-Wheel Drive,15.6957142857143,Acura,Auto(AM-S9),6.0,3.5
30061,Minicompact Cars,Premium,Rear-Wheel Drive,14.3308695652174,Porsche,Manual 7-spd,6.0,3.0
30062,Minicompact Cars,Premium,Rear-Wheel Drive,13.1844,Porsche,Auto(AM-S7),6.0,3.0
30063,Minicompact Cars,Premium,Rear-Wheel Drive,14.3308695652174,Porsche,Manual 7-spd,6.0,3.0
30064,Standard Pickup Trucks,Regular,Rear-Wheel Drive,21.974,GMC,Manual 4-spd,6.0,4.3
30065,Minicompact Cars,Premium,Rear-Wheel Drive,14.3308695652174,Porsche,Manual 7-spd,6.0,3.0
30066,Minicompact Cars,Premium,Rear-Wheel Drive,13.73375,Porsche,Auto(AM-S7),6.0,3.0
30067,Minicompact Cars,Premium,4-Wheel Drive,14.3308695652174,Porsche,Manual 7-spd,6.0,3.0
30068,Minicompact Cars,Premium,4-Wheel Drive,14.9822727272727,Porsche,Manual 7-spd,6.0,3.0
30069,Minicompact Cars,Premium,4-Wheel Drive,13.73375,Porsche,Auto(AM-S7),6.0,3.0
30070,Minicompact Cars,Premium,4-Wheel Drive,14.3308695652174,Porsche,Manual 7-spd,6.0,3.0
30071,Minicompact Cars,Premium,4-Wheel Drive,13.73375,Porsche,Auto(AM-S7),6.0,3.0
30072,Minicompact Cars,Premium,4-Wheel Drive,14.9822727272727,Porsche,Manual 7-spd,6.0,3.0
30073,Minicompact Cars,Premium,4-Wheel Drive,14.9822727272727,Porsche,Manual 7-spd,6.0,3.0
30074,Minicompact Cars,Premium,4-Wheel Drive,13.73375,Porsche,Auto(AM-S7),6.0,3.0
30075,Standard Pickup Trucks,Regular,Rear-Wheel Drive,23.5435714285714,GMC,Automatic 3-spd,8.0,5.0
30076,Minicompact Cars,Premium,4-Wheel Drive,14.9822727272727,Porsche,Manual 7-spd,6.0,3.0
30077,Midsize Cars,Regular,All-Wheel Drive,11.3658620689655,Subaru,Auto(AV-S6),4.0,2.5
30078,Large Cars,Regular,Front-Wheel Drive,10.6325806451613,Hyundai,Auto(AM7),4.0,1.6
30079,Small Sport Utility Vehicle 4WD,Regular,All-Wheel Drive,11.7717857142857,Subaru,Automatic (variable gear ratios),4.0,2.5
30080,Two Seaters,Premium,Rear-Wheel Drive,14.9822727272727,Nissan,Automatic (S7),6.0,3.7
30081,Two Seaters,Premium,Rear-Wheel Drive,15.6957142857143,Nissan,Manual 6-spd,6.0,3.7
30082,Two Seaters,Premium,Rear-Wheel Drive,15.6957142857143,Nissan,Automatic (S7),6.0,3.7
30083,Two Seaters,Premium,Rear-Wheel Drive,16.4805,Nissan,Manual 6-spd,6.0,3.7
30084,Minicompact Cars,Premium,Rear-Wheel Drive,13.73375,Porsche,Auto(AM-S7),6.0,3.0
30085,Minicompact Cars,Premium,Rear-Wheel Drive,13.73375,Porsche,Auto(AM-S7),6.0,3.0
30086,Standard Pickup Trucks,Regular,Rear-Wheel Drive,23.5435714285714,GMC,Automatic 4-spd,8.0,5.0
30087,Minicompact Cars,Premium,4-Wheel Drive,13.73375,Porsche,Auto(AM-S7),6.0,3.0
30088,Subcompact Cars,Premium,Rear-Wheel Drive,12.6773076923077,Mercedes-Benz,Automatic 7-spd,4.0,2.0
30089,Large Cars,Regular,Front-Wheel Drive,12.6773076923077,Hyundai,Automatic (S6),4.0,2.0
30090,Midsize Station Wagons,Regular,Front-Wheel Drive,8.03926829268293,Toyota,Automatic (variable gear ratios),4.0,1.8
30091,Small Sport Utility Vehicle 4WD,Regular,All-Wheel Drive,14.3308695652174,Chevrolet,Automatic 6-spd,4.0,2.4
30092,Small Sport Utility Vehicle 4WD,Regular,All-Wheel Drive,14.3308695652174,GMC,Automatic 6-spd,4.0,2.4
30093,Small Sport Utility Vehicle 4WD,Regular,All-Wheel Drive,11.7717857142857,Subaru,Auto(AV-S6),4.0,2.5
30094,Compact Cars,Regular,Front-Wheel Drive,12.2077777777778,Volkswagen,Automatic (S6),4.0,1.8
30095,Midsize Cars,Premium,Rear-Wheel Drive,14.3308695652174,Infiniti,Automatic (S7),6.0,3.0
30096,Midsize Cars,Premium,All-Wheel Drive,15.6957142857143,Infiniti,Automatic (S7),6.0,3.0
30097,Standard Pickup Trucks,Regular,Rear-Wheel Drive,21.974,GMC,Manual 4-spd,8.0,5.0
30098,Midsize Cars,Regular Gas and Electricity,Front-Wheel Drive,4.18420229200227,Ford,Automatic (variable gear ratios),4.0,2.0
30099,Two Seaters,Premium,All-Wheel Drive,19.3888235294118,Lamborghini,Auto(AM-S7),10.0,5.2
30100,Two Seaters,Premium,Rear-Wheel Drive,19.3888235294118,Lamborghini,Auto(AM-S7),10.0,5.2
30101,Two Seaters,Premium,All-Wheel Drive,20.600625,Lamborghini,Auto(AM-S7),10.0,5.2
30102,Two Seaters,Premium,Rear-Wheel Drive,20.600625,Lamborghini,Auto(AM-S7),10.0,5.2
30103,Minicompact Cars,Premium,Rear-Wheel Drive,14.3308695652174,Porsche,Manual 7-spd,6.0,3.0
30104,Minicompact Cars,Premium,4-Wheel Drive,13.73375,Porsche,Auto(AM-S7),6.0,3.0
30105,Minicompact Cars,Premium,4-Wheel Drive,13.73375,Porsche,Auto(AM-S7),6.0,3.0
30106,Minicompact Cars,Premium,Rear-Wheel Drive,13.73375,Toyota,Manual 6-spd,4.0,2.0
30107,Compact Cars,Regular,Front-Wheel Drive,10.987,Hyundai,Automatic (S6),4.0,1.6
30108,Standard Pickup Trucks,Regular,Rear-Wheel Drive,23.5435714285714,GMC,Automatic 4-spd,8.0,5.7
30109,Compact Cars,Regular,Front-Wheel Drive,10.6325806451613,Hyundai,Manual 6-spd,4.0,1.6
30110,Compact Cars,Premium,Rear-Wheel Drive,13.73375,Jaguar,Automatic (S8),6.0,3.0
30111,Compact Cars,Premium,All-Wheel Drive,14.3308695652174,Jaguar,Automatic (S8),6.0,3.0
30112,Compact Cars,Regular,Front-Wheel Drive,10.6325806451613,Mazda,Automatic (S6),4.0,2.0
30113,Compact Cars,Regular,4-Wheel Drive,11.3658620689655,Mazda,Automatic (S6),4.0,2.0
30114,Compact Cars,Premium,Rear-Wheel Drive,23.5435714285714,Rolls-Royce,Automatic (S8),12.0,6.7
30115,Compact Cars,Premium,Rear-Wheel Drive,23.5435714285714,Rolls-Royce,Automatic (S8),12.0,6.7
30116,Midsize Cars,Premium,Front-Wheel Drive,13.73375,Buick,Automatic (S6),4.0,2.0
30117,Midsize Cars,Regular,Front-Wheel Drive,14.3308695652174,Buick,Automatic (S6),4.0,2.4
30118,Standard Pickup Trucks,Regular,Rear-Wheel Drive,25.3546153846154,GMC,Manual 4-spd,8.0,5.7
30119,Midsize Cars,Premium,Rear-Wheel Drive,14.3308695652174,Jaguar,Automatic (S8),6.0,3.0
30120,Midsize Cars,Premium,All-Wheel Drive,14.3308695652174,Jaguar,Automatic (S8),6.0,3.0
30121,Midsize Cars,Regular,Front-Wheel Drive,11.7717857142857,Kia,Automatic (S6),4.0,2.0
30122,Large Cars,Regular,Front-Wheel Drive,14.9822727272727,Cadillac,Automatic (S6),6.0,3.6
30123,Large Cars,Regular,Front-Wheel Drive,13.1844,Chevrolet,Automatic (S6),4.0,2.5
30124,Large Cars,Regular,Front-Wheel Drive,14.9822727272727,Chevrolet,Automatic (S6),6.0,3.6
30125,Large Cars,Premium,Rear-Wheel Drive,18.3116666666667,Genesis,Automatic (S8),8.0,5.0
30126,Large Cars,Premium,Rear-Wheel Drive,23.5435714285714,Rolls-Royce,Automatic (S8),12.0,6.7
30127,Large Cars,Premium,Rear-Wheel Drive,23.5435714285714,Rolls-Royce,Automatic (S8),12.0,6.7
30128,Small Sport Utility Vehicle 2WD,Regular,Front-Wheel Drive,13.1844,Chevrolet,Automatic 6-spd,4.0,2.4
30129,Compact Cars,Regular,Front-Wheel Drive,11.3658620689655,Renault,Manual 4-spd,4.0,1.4
30130,Standard Pickup Trucks,Diesel,Rear-Wheel Drive,22.4814705882353,GMC,Automatic 4-spd,8.0,6.2
30131,Small Sport Utility Vehicle 2WD,Regular,Front-Wheel Drive,16.4805,Chevrolet,Automatic 6-spd,6.0,3.6
30132,Small Sport Utility Vehicle 2WD,Gasoline or E85,Front-Wheel Drive,13.1844,Chevrolet,Automatic 6-spd,4.0,2.4
30133,Small Sport Utility Vehicle 2WD,Regular,Front-Wheel Drive,13.1844,GMC,Automatic 6-spd,4.0,2.4
30134,Small Sport Utility Vehicle 2WD,Regular,Front-Wheel Drive,16.4805,GMC,Automatic 6-spd,6.0,3.6
30135,Small Sport Utility Vehicle 2WD,Gasoline or E85,Front-Wheel Drive,13.1844,GMC,Automatic 6-spd,4.0,2.4
30136,Small Sport Utility Vehicle 4WD,Regular,All-Wheel Drive,18.3116666666667,Chevrolet,Automatic 6-spd,6.0,3.6
30137,Small Sport Utility Vehicle 4WD,Gasoline or E85,All-Wheel Drive,14.3308695652174,Chevrolet,Automatic 6-spd,4.0,2.4
30138,Small Sport Utility Vehicle 4WD,Regular,All-Wheel Drive,18.3116666666667,GMC,Automatic 6-spd,6.0,3.6
30139,Standard Sport Utility Vehicle 2WD,Regular,Front-Wheel Drive,18.3116666666667,Buick,Automatic 6-spd,6.0,3.6
30140,Standard Sport Utility Vehicle 2WD,Regular,Front-Wheel Drive,18.3116666666667,Chevrolet,Automatic 6-spd,6.0,3.6
30141,Standard Pickup Trucks,Diesel,Rear-Wheel Drive,22.4814705882353,GMC,Manual 4-spd,8.0,6.2
30142,Standard Sport Utility Vehicle 2WD,Regular,Rear-Wheel Drive,18.3116666666667,Ford,Automatic (S6),6.0,3.5
30143,Standard Sport Utility Vehicle 2WD,Regular,Rear-Wheel Drive,19.3888235294118,Ford,Automatic (S6),6.0,3.5
30144,Standard Sport Utility Vehicle 2WD,Regular,Front-Wheel Drive,18.3116666666667,GMC,Automatic 6-spd,6.0,3.6
30145,Standard Sport Utility Vehicle 2WD,Regular,Rear-Wheel Drive,19.3888235294118,Lincoln,Automatic (S6),6.0,3.5
30146,Standard Sport Utility Vehicle 2WD,Regular,Rear-Wheel Drive,19.3888235294118,Lincoln,Automatic (S6),6.0,3.5
30147,Standard Sport Utility Vehicle 4WD,Regular,All-Wheel Drive,19.3888235294118,Buick,Automatic 6-spd,6.0,3.6
30148,Standard Sport Utility Vehicle 4WD,Regular,All-Wheel Drive,19.3888235294118,Chevrolet,Automatic 6-spd,6.0,3.6
30149,Standard Sport Utility Vehicle 4WD,Regular,Part-time 4-Wheel Drive,19.3888235294118,Ford,Automatic (S6),6.0,3.5
30150,Standard Sport Utility Vehicle 4WD,Regular,Part-time 4-Wheel Drive,20.600625,Ford,Automatic (S6),6.0,3.5
30151,Standard Sport Utility Vehicle 4WD,Regular,All-Wheel Drive,19.3888235294118,GMC,Automatic 6-spd,6.0,3.6
30152,Standard Pickup Trucks,Diesel,Rear-Wheel Drive,15.2874,Jeep,Manual 5-spd,4.0,2.1
30153,Standard Sport Utility Vehicle 4WD,Regular,Part-time 4-Wheel Drive,19.3888235294118,Lincoln,Automatic (S6),6.0,3.5
30154,Standard Sport Utility Vehicle 4WD,Regular,Part-time 4-Wheel Drive,20.600625,Lincoln,Automatic (S6),6.0,3.5
30155,Midsize Cars,Premium,Front-Wheel Drive,10.6325806451613,Dodge,Manual 6-spd,4.0,1.4
30156,Small Sport Utility Vehicle 2WD,Regular,Front-Wheel Drive,13.73375,Mazda,Automatic (S6),4.0,2.5
30157,Small Sport Utility Vehicle 4WD,Premium,4-Wheel Drive,14.3308695652174,Land Rover,Automatic (S9),4.0,2.0
30158,Small Sport Utility Vehicle 4WD,Regular,4-Wheel Drive,14.3308695652174,Mazda,Automatic (S6),4.0,2.5
30159,Standard Sport Utility Vehicle 4WD,Premium and Electricity,4-Wheel Drive,10.8037027891304,Mercedes-Benz,Automatic 7-spd,6.0,3.0
30160,Two Seaters,Premium,Rear-Wheel Drive,11.3658620689655,Fiat,Automatic 6-spd,4.0,1.4
30161,Two Seaters,Premium,Rear-Wheel Drive,10.987,Fiat,Manual 6-spd,4.0,1.4
30162,Minicompact Cars,Premium,Rear-Wheel Drive,12.2077777777778,Toyota,Automatic (S6),4.0,2.0
30163,Standard Pickup Trucks,Regular,Rear-Wheel Drive,17.3478947368421,Jeep,Automatic 4-spd,4.0,2.5
30164,Subcompact Cars,Premium,Rear-Wheel Drive,20.600625,Ford,Manual 6-spd,8.0,5.2
30165,Midsize Cars,Regular,Front-Wheel Drive,7.84785714285714,Hyundai,Auto(AM6),4.0,2.0
30166,Midsize Cars,Regular,Front-Wheel Drive,8.24025,Hyundai,Auto(AM6),4.0,2.0
30167,Midsize Cars,Premium,Front-Wheel Drive,13.1844,Nissan,Auto(AV-S7),6.0,3.5
30168,Midsize Cars,Regular,Front-Wheel Drive,13.73375,Toyota,Automatic (S6),6.0,3.5
30169,Large Cars,Premium,All-Wheel Drive,16.4805,Genesis,Automatic (S8),6.0,3.3
30170,Large Cars,Premium,Rear-Wheel Drive,16.4805,Genesis,Automatic (S8),6.0,3.3
30171,Large Cars,Premium,All-Wheel Drive,18.3116666666667,Genesis,Automatic (S8),8.0,5.0
30172,Large Cars,Premium,Rear-Wheel Drive,17.3478947368421,Genesis,Automatic (S8),8.0,5.0
30173,Large Cars,Regular,Rear-Wheel Drive,16.4805,Kia,Automatic (S8),6.0,3.8
30174,Standard Pickup Trucks,Regular,Rear-Wheel Drive,15.6957142857143,Jeep,Manual 4-spd,4.0,2.5
30175,Special Purpose Vehicle 2WD,Regular,Front-Wheel Drive,13.73375,Ram,Automatic 9-spd,4.0,2.4
30176,Small Sport Utility Vehicle 2WD,Regular,Front-Wheel Drive,12.6773076923077,Hyundai,Automatic (S6),4.0,2.0
30177,Small Sport Utility Vehicle 2WD,Regular,Front-Wheel Drive,12.2077777777778,Hyundai,Auto(AM7),4.0,1.6
30178,Small Sport Utility Vehicle 2WD,Regular,Front-Wheel Drive,11.7717857142857,Hyundai,Auto(AM7),4.0,1.6
30179,Small Sport Utility Vehicle 4WD,Regular,All-Wheel Drive,14.3308695652174,Hyundai,Automatic (S6),4.0,2.0
30180,Small Sport Utility Vehicle 4WD,Regular,All-Wheel Drive,13.1844,Hyundai,Auto(AM7),4.0,1.6
30181,Small Sport Utility Vehicle 4WD,Regular,All-Wheel Drive,12.2077777777778,Hyundai,Auto(AM7),4.0,1.6
30182,Standard Sport Utility Vehicle 4WD,Premium,All-Wheel Drive,14.9822727272727,Volvo,Automatic (S8),4.0,2.0
30183,Standard Sport Utility Vehicle 4WD,Premium,All-Wheel Drive,14.3308695652174,Volvo,Automatic (S8),4.0,2.0
30184,Subcompact Cars,Premium,All-Wheel Drive,18.3116666666667,Nissan,Auto(AM6),6.0,3.8
30185,Standard Pickup Trucks,Regular,Rear-Wheel Drive,17.3478947368421,Jeep,Manual 5-spd,4.0,2.5
30186,Compact Cars,Regular,Front-Wheel Drive,11.3658620689655,Volvo,Automatic (S8),4.0,2.0
30187,Compact Cars,Regular,Front-Wheel Drive,11.3658620689655,Volvo,Automatic (S8),4.0,2.0
30188,Compact Cars,Regular,All-Wheel Drive,12.6773076923077,Volvo,Automatic (S8),4.0,2.0
30189,Compact Cars,Regular,All-Wheel Drive,12.6773076923077,Volvo,Automatic (S8),4.0,2.0
30190,Compact Cars,Regular,All-Wheel Drive,13.1844,Volvo,Automatic (S8),4.0,2.0
30191,Midsize Cars,Regular,Front-Wheel Drive,10.3003125,Kia,Automatic (S6),4.0,2.0
30192,Midsize Cars,Regular,Front-Wheel Drive,11.7717857142857,Kia,Manual 6-spd,4.0,2.0
30193,Midsize Cars,Premium,Front-Wheel Drive,12.2077777777778,Volvo,Automatic (S8),4.0,2.0
30194,Midsize Cars,Premium,All-Wheel Drive,13.1844,Volvo,Automatic (S8),4.0,2.0
30195,Large Cars,Premium,Front-Wheel Drive,18.3116666666667,Kia,Automatic (S8),8.0,5.0
30196,Standard Pickup Trucks,Regular,Rear-Wheel Drive,20.600625,Jeep,Automatic 4-spd,6.0,4.0
30197,Small Station Wagons,Regular,Front-Wheel Drive,11.3658620689655,Volvo,Automatic (S8),4.0,2.0
30198,Small Station Wagons,Premium,All-Wheel Drive,12.6773076923077,Volvo,Automatic (S8),4.0,2.0
30199,Small Station Wagons,Regular,All-Wheel Drive,13.1844,Volvo,Automatic (S8),4.0,2.0
30200,Small Station Wagons,Regular,All-Wheel Drive,12.6773076923077,Volvo,Automatic (S8),4.0,2.0
30201,Small Sport Utility Vehicle 2WD,Regular,Front-Wheel Drive,12.6773076923077,Volvo,Automatic (S8),4.0,2.0
30202,Small Sport Utility Vehicle 4WD,Premium,All-Wheel Drive,14.9822727272727,Volvo,Automatic (S8),4.0,2.0
30203,Small Sport Utility Vehicle 4WD,Regular,All-Wheel Drive,14.3308695652174,Volvo,Automatic (S8),4.0,2.0
30204,Two Seaters,Premium,All-Wheel Drive,25.3546153846154,Lamborghini,Auto(AM-S7),12.0,6.5
30205,Two Seaters,Premium,All-Wheel Drive,25.3546153846154,Lamborghini,Auto(AM-S7),12.0,6.5
30206,Two Seaters,Premium,Rear-Wheel Drive,13.73375,Porsche,Manual 6-spd,4.0,2.0
30207,Standard Pickup Trucks,Regular,Rear-Wheel Drive,18.3116666666667,Jeep,Manual 5-spd,6.0,4.0
30208,Two Seaters,Premium,Rear-Wheel Drive,13.1844,Porsche,Auto(AM-S7),4.0,2.0
30209,Two Seaters,Premium,Rear-Wheel Drive,14.9822727272727,Porsche,Manual 6-spd,4.0,2.5
30210,Two Seaters,Premium,Rear-Wheel Drive,13.73375,Porsche,Auto(AM-S7),4.0,2.5
30211,Subcompact Cars,Regular,Rear-Wheel Drive,13.73375,Ford,Manual 6-spd,4.0,2.3
30212,Subcompact Cars,Regular,Rear-Wheel Drive,13.73375,Ford,Automatic (S6),4.0,2.3
30213,Subcompact Cars,Regular,Rear-Wheel Drive,14.3308695652174,Ford,Automatic (S6),4.0,2.3
30214,Subcompact Cars,Regular,Rear-Wheel Drive,15.6957142857143,Ford,Automatic (S6),6.0,3.7
30215,Subcompact Cars,Regular,Rear-Wheel Drive,15.6957142857143,Ford,Manual 6-spd,6.0,3.7
30216,Subcompact Cars,Regular,Rear-Wheel Drive,18.3116666666667,Ford,Manual 6-spd,8.0,5.0
30217,Subcompact Cars,Regular,Rear-Wheel Drive,18.3116666666667,Ford,Automatic (S6),8.0,5.0
30218,Standard Pickup Trucks,Regular,Rear-Wheel Drive,15.6957142857143,Toyota,Automatic 4-spd,4.0,2.4
30219,Subcompact Cars,Regular,Rear-Wheel Drive,18.3116666666667,Ford,Automatic (S6),8.0,5.0
30220,Subcompact Cars,Regular,Rear-Wheel Drive,13.73375,Ford,Manual 6-spd,4.0,2.3
30221,Subcompact Cars,Regular,Rear-Wheel Drive,14.3308695652174,Ford,Automatic (S6),4.0,2.3
30222,Subcompact Cars,Regular,Rear-Wheel Drive,19.3888235294118,Ford,Manual 6-spd,8.0,5.0
30223,Subcompact Cars,Regular,Rear-Wheel Drive,14.3308695652174,Ford,Manual 6-spd,4.0,2.3
30224,Subcompact Cars,Regular,Rear-Wheel Drive,19.3888235294118,Ford,Manual 6-spd,8.0,5.0
30225,Compact Cars,Premium,All-Wheel Drive,12.6773076923077,Volvo,Automatic (S8),4.0,2.0
30226,Midsize Cars,Premium,Rear-Wheel Drive,13.1844,Mercedes-Benz,Automatic 9-spd,4.0,2.0
30227,Midsize Cars,Premium,4-Wheel Drive,13.73375,Mercedes-Benz,Automatic 9-spd,4.0,2.0
30228,Large Cars,Regular,All-Wheel Drive,16.4805,Cadillac,Automatic (S6),6.0,3.6
30229,Standard Pickup Trucks,Regular,Rear-Wheel Drive,14.3308695652174,Toyota,Manual 5-spd,4.0,2.4
30230,Special Purpose Vehicle 2WD,Regular,Front-Wheel Drive,19.3888235294118,Cadillac,Automatic (S6),6.0,3.6
30231,Small Sport Utility Vehicle 2WD,Premium,Front-Wheel Drive,14.3308695652174,Acura,Automatic (S9),6.0,3.5
30232,Small Sport Utility Vehicle 2WD,Premium,Front-Wheel Drive,14.9822727272727,Acura,Automatic (S9),6.0,3.5
30233,Small Sport Utility Vehicle 4WD,Premium,All-Wheel Drive,14.9822727272727,Acura,Automatic (S9),6.0,3.5
30234,Small Sport Utility Vehicle 4WD,Premium,All-Wheel Drive,15.6957142857143,Acura,Automatic (S9),6.0,3.5
30235,Standard Sport Utility Vehicle 2WD,Regular,Front-Wheel Drive,14.9822727272727,Ford,Automatic (S6),4.0,2.3
30236,Standard Sport Utility Vehicle 2WD,Regular,Front-Wheel Drive,16.4805,Ford,Automatic (S6),6.0,3.5
30237,Standard Sport Utility Vehicle 2WD,Gasoline or E85,Front-Wheel Drive,16.4805,Ford,Automatic (S6),6.0,3.5
30238,Standard Sport Utility Vehicle 4WD,Regular,All-Wheel Drive,15.6957142857143,Ford,Automatic (S6),4.0,2.3
30239,Standard Sport Utility Vehicle 4WD,Regular,All-Wheel Drive,17.3478947368421,Ford,Automatic (S6),6.0,3.5
30240,Compact Cars,Regular,Front-Wheel Drive,10.987,Renault,Manual 5-spd,4.0,1.4
30241,Standard Pickup Trucks,Regular,4-Wheel or All-Wheel Drive,18.3116666666667,Chevrolet,Automatic 4-spd,4.0,2.5
30242,Standard Sport Utility Vehicle 4WD,Gasoline or E85,All-Wheel Drive,17.3478947368421,Ford,Automatic (S6),6.0,3.5
30243,Standard Sport Utility Vehicle 4WD,Regular,All-Wheel Drive,18.3116666666667,Ford,Automatic (S6),6.0,3.5
30244,Standard Sport Utility Vehicle 4WD,Premium,All-Wheel Drive,19.3888235294118,Porsche,Automatic (S8),8.0,4.8
30245,Standard Sport Utility Vehicle 4WD,Premium,All-Wheel Drive,19.3888235294118,Porsche,Automatic (S8),8.0,4.8
30246,Two Seaters,Premium,Rear-Wheel Drive,18.3116666666667,Ferrari,Auto(AM7),8.0,3.9
30247,Two Seaters,Premium,Rear-Wheel Drive,27.4675,Ferrari,Auto(AM7),12.0,6.3
30248,Two Seaters,Premium,Rear-Wheel Drive,16.4805,Mercedes-Benz,Automatic 9-spd,8.0,4.7
30249,Two Seaters,Premium,Rear-Wheel Drive,14.3308695652174,Mercedes-Benz,Automatic 9-spd,6.0,3.0
30250,Two Seaters,Premium,Rear-Wheel Drive,17.3478947368421,Mercedes-Benz,Automatic 7-spd,8.0,5.5
30251,Minicompact Cars,Premium,Rear-Wheel Drive,13.73375,Subaru,Manual 6-spd,4.0,2.0
30252,Standard Pickup Trucks,Regular,4-Wheel or All-Wheel Drive,15.6957142857143,Chevrolet,Manual 4-spd,4.0,2.5
30253,Minicompact Cars,Premium,Rear-Wheel Drive,12.2077777777778,Subaru,Automatic (S6),4.0,2.0
30254,Subcompact Cars,Regular,Rear-Wheel Drive,14.9822727272727,Chevrolet,Automatic (S8),6.0,3.6
30255,Subcompact Cars,Premium,Rear-Wheel Drive,17.3478947368421,Chevrolet,Manual 6-spd,8.0,6.2
30256,Subcompact Cars,Premium,Rear-Wheel Drive,14.3308695652174,Chevrolet,Manual 6-spd,4.0,2.0
30257,Subcompact Cars,Premium,Rear-Wheel Drive,13.1844,Chevrolet,Automatic (S8),4.0,2.0
30258,Subcompact Cars,Regular,Rear-Wheel Drive,16.4805,Chevrolet,Manual 6-spd,6.0,3.6
30259,Subcompact Cars,Premium,Rear-Wheel Drive,16.4805,Chevrolet,Automatic (S8),8.0,6.2
30260,Subcompact Cars,Premium,4-Wheel Drive,19.3888235294118,Mercedes-Benz,Automatic 7-spd,8.0,5.5
30261,Compact Cars,Premium,Rear-Wheel Drive,14.3308695652174,Cadillac,Manual 6-spd,4.0,2.0
30262,Compact Cars,Regular,Front-Wheel Drive,7.84785714285714,Lexus,Automatic (variable gear ratios),4.0,1.8
30263,Standard Pickup Trucks,Regular,4-Wheel or All-Wheel Drive,16.4805,Chevrolet,Manual 5-spd,4.0,2.5
30264,Midsize Cars,Regular,All-Wheel Drive,16.4805,Ford,Automatic (S6),6.0,2.7
30265,Midsize Cars,Regular,Front-Wheel Drive,15.6957142857143,Honda,Manual 6-spd,6.0,3.5
30266,Midsize Cars,Regular,Front-Wheel Drive,13.1844,Honda,Automatic 6-spd,6.0,3.5
30267,Midsize Cars,Regular,Front-Wheel Drive,13.73375,Honda,Automatic (S6),6.0,3.5
30268,Midsize Cars,Regular,Front-Wheel Drive,12.6773076923077,Honda,Manual 6-spd,4.0,2.4
30269,Midsize Cars,Regular,Front-Wheel Drive,10.987,Honda,Automatic (variable gear ratios),4.0,2.4
30270,Midsize Cars,Regular,Front-Wheel Drive,11.3658620689655,Honda,Auto(AV-S7),4.0,2.4
30271,Midsize Cars,Regular,All-Wheel Drive,16.4805,Lincoln,Automatic (S6),6.0,3.0
30272,Midsize Cars,Regular,Front-Wheel Drive,15.6957142857143,Lincoln,Automatic (S6),6.0,3.0
30273,Midsize Cars,Premium,All-Wheel Drive,17.3478947368421,Maserati,Automatic 8-spd,6.0,3.0
30274,Standard Pickup Trucks,Regular,4-Wheel or All-Wheel Drive,20.600625,Chevrolet,Automatic 4-spd,6.0,2.8
30275,Midsize Cars,Premium,Rear-Wheel Drive,17.3478947368421,Maserati,Automatic 8-spd,6.0,3.0
30276,Midsize Cars,Premium,Rear-Wheel Drive,17.3478947368421,Maserati,Automatic 8-spd,6.0,3.0
30277,Large Cars,Premium,Rear-Wheel Drive,14.9822727272727,BMW,Automatic (S8),6.0,3.0
30278,Large Cars,Premium,All-Wheel Drive,15.6957142857143,BMW,Automatic (S8),6.0,3.0
30279,Large Cars,Premium,Rear-Wheel Drive,19.3888235294118,Maserati,Automatic 8-spd,8.0,3.8
30280,Large Cars,Premium,All-Wheel Drive,18.3116666666667,Maserati,Automatic 8-spd,6.0,3.0
30281,Large Cars,Premium,Rear-Wheel Drive,18.3116666666667,Maserati,Automatic 8-spd,6.0,3.0
30282,Small Station Wagons,Regular,Front-Wheel Drive,9.15583333333333,Honda,Automatic (variable gear ratios),4.0,1.5
30283,Small Station Wagons,Regular,Front-Wheel Drive,9.69441176470588,Honda,Auto(AV-S7),4.0,1.5
30284,Small Station Wagons,Regular,Front-Wheel Drive,10.3003125,Honda,Manual 6-spd,4.0,1.5
30285,Standard Pickup Trucks,Regular,4-Wheel or All-Wheel Drive,19.3888235294118,Chevrolet,Manual 4-spd,6.0,2.8
30286,Standard Pickup Trucks 2WD,Regular,Rear-Wheel Drive,16.4805,Chevrolet,Automatic 8-spd,8.0,5.3
30287,Standard Pickup Trucks 2WD,Regular,Rear-Wheel Drive,19.3888235294118,Chevrolet,Automatic 8-spd,8.0,6.2
30288,Standard Pickup Trucks 2WD,Regular,Rear-Wheel Drive,17.3478947368421,Chevrolet,Automatic 6-spd,8.0,5.3
30289,Standard Pickup Trucks 2WD,Gasoline or E85,Rear-Wheel Drive,16.4805,Chevrolet,Automatic 6-spd,6.0,4.3
30290,Standard Pickup Trucks 2WD,Regular,Rear-Wheel Drive,16.4805,GMC,Automatic 8-spd,8.0,5.3
30291,Standard Pickup Trucks 2WD,Regular,Rear-Wheel Drive,19.3888235294118,GMC,Automatic 8-spd,8.0,6.2
30292,Standard Pickup Trucks 2WD,Regular,Rear-Wheel Drive,17.3478947368421,GMC,Automatic 6-spd,8.0,5.3
30293,Standard Pickup Trucks 2WD,Gasoline or E85,Rear-Wheel Drive,16.4805,GMC,Automatic 6-spd,6.0,4.3
30294,Standard Pickup Trucks 2WD,Gasoline or E85,Rear-Wheel Drive,17.3478947368421,GMC,Automatic 6-spd,8.0,5.3
30295,Standard Pickup Trucks 4WD,Regular,4-Wheel Drive,18.3116666666667,Chevrolet,Automatic 8-spd,8.0,5.3
30296,Standard Pickup Trucks,Regular,4-Wheel or All-Wheel Drive,19.3888235294118,Chevrolet,Manual 5-spd,6.0,2.8
30297,Standard Pickup Trucks 4WD,Regular,4-Wheel Drive,19.3888235294118,Chevrolet,Automatic 8-spd,8.0,6.2
30298,Standard Pickup Trucks 4WD,Regular,4-Wheel Drive,19.3888235294118,Chevrolet,Automatic 8-spd,8.0,5.3
30299,Standard Pickup Trucks 4WD,Regular,4-Wheel Drive,18.3116666666667,Chevrolet,Automatic 6-spd,8.0,5.3
30300,Standard Pickup Trucks 4WD,Gasoline or E85,4-Wheel Drive,18.3116666666667,Chevrolet,Automatic 6-spd,8.0,5.3
30301,Standard Pickup Trucks 4WD,Gasoline or E85,4-Wheel Drive,17.3478947368421,Chevrolet,Automatic 6-spd,6.0,4.3
30302,Standard Pickup Trucks 4WD,Regular,4-Wheel Drive,18.3116666666667,GMC,Automatic 8-spd,8.0,5.3
30303,Standard Pickup Trucks 4WD,Regular,4-Wheel Drive,19.3888235294118,GMC,Automatic 8-spd,8.0,6.2
30304,Standard Pickup Trucks 4WD,Regular,4-Wheel Drive,19.3888235294118,GMC,Automatic 8-spd,8.0,5.3
30305,Standard Pickup Trucks 4WD,Regular,4-Wheel Drive,18.3116666666667,GMC,Automatic 6-spd,8.0,5.3
30306,Standard Pickup Trucks 4WD,Gasoline or E85,4-Wheel Drive,18.3116666666667,GMC,Automatic 6-spd,8.0,5.3
30307,Standard Pickup Trucks,Regular,4-Wheel or All-Wheel Drive,21.974,Chevrolet,Automatic 4-spd,6.0,4.3
30308,Standard Pickup Trucks 4WD,Gasoline or E85,4-Wheel Drive,17.3478947368421,GMC,Automatic 6-spd,6.0,4.3
30309,"Vans, Passenger Type",Regular,Rear-Wheel Drive,25.3546153846154,Chevrolet,Automatic 6-spd,8.0,6.0
30310,"Vans, Passenger Type",Regular,Rear-Wheel Drive,27.4675,Chevrolet,Automatic 6-spd,8.0,6.0
30311,"Vans, Passenger Type",Regular,Rear-Wheel Drive,25.3546153846154,GMC,Automatic 6-spd,8.0,6.0
30312,"Vans, Passenger Type",Regular,Rear-Wheel Drive,27.4675,GMC,Automatic 6-spd,8.0,6.0
30313,Special Purpose Vehicle 2WD,Regular,Front-Wheel Drive,19.3888235294118,Cadillac,Automatic (S6),6.0,3.6
30314,Special Purpose Vehicle 4WD,Regular,4-Wheel Drive,19.3888235294118,Chevrolet,Automatic 6-spd,8.0,5.3
30315,Special Purpose Vehicle 2WD,Regular,Rear-Wheel Drive,19.3888235294118,Chevrolet,Automatic 6-spd,8.0,5.3
30316,Special Purpose Vehicle 4WD,Regular,4-Wheel Drive,19.3888235294118,GMC,Automatic 6-spd,8.0,5.3
30317,Special Purpose Vehicle 2WD,Regular,Rear-Wheel Drive,19.3888235294118,GMC,Automatic 6-spd,8.0,5.3
30318,Standard Pickup Trucks,Regular,4-Wheel or All-Wheel Drive,21.974,Chevrolet,Manual 4-spd,6.0,4.3
30319,Small Sport Utility Vehicle 2WD,Premium,Front-Wheel Drive,14.9822727272727,Volkswagen,Automatic (S6),4.0,2.0
30320,Small Sport Utility Vehicle 4WD,Regular,All-Wheel Drive,13.73375,Buick,Automatic 6-spd,4.0,2.5
30321,Small Sport Utility Vehicle 4WD,Premium,All-Wheel Drive,14.9822727272727,Buick,Automatic 6-spd,4.0,2.0
30322,Small Sport Utility Vehicle 4WD,Premium,4-Wheel Drive,14.9822727272727,Land Rover,Automatic (S9),4.0,2.0
30323,Small Sport Utility Vehicle 4WD,Premium,4-Wheel Drive,13.73375,Land Rover,Automatic (S9),4.0,2.0
30324,Small Sport Utility Vehicle 4WD,Premium,4-Wheel Drive,14.3308695652174,Land Rover,Automatic (S9),4.0,2.0
30325,Standard Sport Utility Vehicle 2WD,Regular,Rear-Wheel Drive,19.3888235294118,Cadillac,Automatic 8-spd,8.0,6.2
30326,Standard Sport Utility Vehicle 2WD,Regular,Rear-Wheel Drive,17.3478947368421,Chevrolet,Automatic 6-spd,8.0,5.3
30327,Standard Sport Utility Vehicle 2WD,Regular,Rear-Wheel Drive,17.3478947368421,Chevrolet,Automatic 6-spd,8.0,5.3
30328,Standard Sport Utility Vehicle 2WD,Gasoline or E85,Rear-Wheel Drive,17.3478947368421,Chevrolet,Automatic 6-spd,8.0,5.3
30329,Standard Pickup Trucks,Regular,4-Wheel or All-Wheel Drive,21.974,Chevrolet,Manual 4-spd,6.0,4.3
30330,Standard Sport Utility Vehicle 2WD,Gasoline or E85,Rear-Wheel Drive,17.3478947368421,Chevrolet,Automatic 6-spd,8.0,5.3
30331,Standard Sport Utility Vehicle 2WD,Regular,Rear-Wheel Drive,19.3888235294118,GMC,Automatic 8-spd,8.0,6.2
30332,Standard Sport Utility Vehicle 2WD,Regular,Rear-Wheel Drive,19.3888235294118,GMC,Automatic 8-spd,8.0,6.2
30333,Standard Sport Utility Vehicle 2WD,Regular,Rear-Wheel Drive,17.3478947368421,GMC,Automatic 6-spd,8.0,5.3
30334,Standard Sport Utility Vehicle 2WD,Regular,Rear-Wheel Drive,17.3478947368421,GMC,Automatic 6-spd,8.0,5.3
30335,Standard Sport Utility Vehicle 2WD,Gasoline or E85,Rear-Wheel Drive,17.3478947368421,GMC,Automatic 6-spd,8.0,5.3
30336,Standard Sport Utility Vehicle 2WD,Gasoline or E85,Rear-Wheel Drive,17.3478947368421,GMC,Automatic 6-spd,8.0,5.3
30337,Standard Sport Utility Vehicle 2WD,Premium,Front-Wheel Drive,13.73375,Volvo,Automatic (S8),4.0,2.0
30338,Standard Sport Utility Vehicle 4WD,Regular,4-Wheel Drive,19.3888235294118,Cadillac,Automatic 8-spd,8.0,6.2
30339,Standard Sport Utility Vehicle 4WD,Regular,4-Wheel Drive,18.3116666666667,Chevrolet,Automatic 6-spd,8.0,5.3
30340,Standard Pickup Trucks,Regular,4-Wheel or All-Wheel Drive,25.3546153846154,Chevrolet,Automatic 3-spd,8.0,5.0
30341,Standard Sport Utility Vehicle 4WD,Regular,4-Wheel Drive,18.3116666666667,Chevrolet,Automatic 6-spd,8.0,5.3
30342,Standard Sport Utility Vehicle 4WD,Gasoline or E85,4-Wheel Drive,18.3116666666667,Chevrolet,Automatic 6-spd,8.0,5.3
30343,Standard Sport Utility Vehicle 4WD,Gasoline or E85,4-Wheel Drive,18.3116666666667,Chevrolet,Automatic 6-spd,8.0,5.3
30344,Standard Sport Utility Vehicle 4WD,Regular,4-Wheel Drive,20.600625,GMC,Automatic 8-spd,8.0,6.2
30345,Standard Sport Utility Vehicle 4WD,Regular,4-Wheel Drive,19.3888235294118,GMC,Automatic 8-spd,8.0,6.2
30346,Standard Sport Utility Vehicle 4WD,Regular,4-Wheel Drive,18.3116666666667,GMC,Automatic 6-spd,8.0,5.3
30347,Standard Sport Utility Vehicle 4WD,Regular,4-Wheel Drive,18.3116666666667,GMC,Automatic 6-spd,8.0,5.3
30348,Standard Sport Utility Vehicle 4WD,Gasoline or E85,4-Wheel Drive,18.3116666666667,GMC,Automatic 6-spd,8.0,5.3
30349,Standard Sport Utility Vehicle 4WD,Gasoline or E85,4-Wheel Drive,18.3116666666667,GMC,Automatic 6-spd,8.0,5.3
30350,Standard Sport Utility Vehicle 4WD,Premium,All-Wheel Drive,20.600625,Maserati,Automatic 8-spd,8.0,3.0
30351,Compact Cars,Regular,Front-Wheel Drive,15.6957142857143,Renault,Automatic 3-spd,4.0,1.7
30352,Standard Pickup Trucks,Regular,4-Wheel or All-Wheel Drive,23.5435714285714,Chevrolet,Automatic 4-spd,8.0,5.0
30353,Standard Sport Utility Vehicle 4WD,Premium,All-Wheel Drive,20.600625,Maserati,Automatic 8-spd,8.0,3.0
30354,Standard Sport Utility Vehicle 4WD,Premium,All-Wheel Drive,16.4805,Porsche,Automatic (S8),6.0,3.6
30355,Standard Sport Utility Vehicle 4WD,Premium,All-Wheel Drive,17.3478947368421,Porsche,Automatic (S8),6.0,3.6
30356,Standard Sport Utility Vehicle 4WD,Premium and Electricity,All-Wheel Drive,8.6525500625,Volvo,Automatic (S8),4.0,2.0
30357,Two Seaters,Premium,Rear-Wheel Drive,18.3116666666667,Ferrari,Auto(AM7),8.0,3.9
30358,Two Seaters,Premium,Rear-Wheel Drive,25.3546153846154,Ferrari,Auto(AM7),12.0,6.3
30359,Two Seaters,Premium,Rear-Wheel Drive,25.3546153846154,Ferrari,Auto(AM7),12.0,6.3
30360,Subcompact Cars,Premium or E85,All-Wheel Drive,13.1844,Audi,Automatic (S8),4.0,2.0
30361,Subcompact Cars,Premium or E85,All-Wheel Drive,13.73375,Audi,Automatic (S8),4.0,2.0
30362,Subcompact Cars,Premium,All-Wheel Drive,19.3888235294118,Bentley,Automatic (S8),8.0,4.0
30363,Standard Pickup Trucks,Regular,4-Wheel or All-Wheel Drive,23.5435714285714,Chevrolet,Manual 4-spd,8.0,5.0
30364,Subcompact Cars,Premium,Rear-Wheel Drive,14.3308695652174,Mercedes-Benz,Automatic 7-spd,6.0,3.0
30365,Subcompact Cars,Premium,4-Wheel Drive,14.3308695652174,Mercedes-Benz,Automatic 7-spd,6.0,3.0
30366,Subcompact Cars,Premium,Rear-Wheel Drive,16.4805,Mercedes-Benz,Automatic 7-spd,8.0,4.7
30367,Subcompact Cars,Premium,Rear-Wheel Drive,14.3308695652174,Mercedes-Benz,Automatic 7-spd,6.0,3.0
30368,Subcompact Cars,Premium,Rear-Wheel Drive,16.4805,Mercedes-Benz,Automatic 9-spd,8.0,4.7
30369,Compact Cars,Premium,All-Wheel Drive,17.3478947368421,Bentley,Automatic (S8),8.0,4.0
30370,Compact Cars,Premium,4-Wheel Drive,18.3116666666667,Mercedes-Benz,Automatic 7-spd,8.0,5.5
30371,Midsize Cars,Premium,All-Wheel Drive,13.73375,Audi,Automatic (S8),6.0,3.0
30372,Midsize Cars,Premium,All-Wheel Drive,13.73375,Audi,Automatic (S8),6.0,3.0
30373,Midsize Cars,Premium,All-Wheel Drive,15.6957142857143,Audi,Auto(AM-S7),8.0,4.0
30374,Standard Pickup Trucks,Regular,4-Wheel or All-Wheel Drive,23.5435714285714,Chevrolet,Manual 4-spd,8.0,5.0
30375,Midsize Cars,Premium,All-Wheel Drive,18.3116666666667,Audi,Automatic (S8),8.0,4.0
30376,Midsize Cars,Premium,All-Wheel Drive,19.3888235294118,Bentley,Automatic (S8),8.0,4.0
30377,Minicompact Cars,Premium,Part-time 4-Wheel Drive,25.3546153846154,Ferrari,Auto(AM7),12.0,6.3
30378,Minicompact Cars,Premium,Part-time 4-Wheel Drive,25.3546153846154,Ferrari,Auto(AM7),12.0,6.3
30379,Midsize Cars,Regular,Front-Wheel Drive,12.2077777777778,Toyota,Automatic (S6),4.0,2.5
30380,Midsize Cars,Regular,Front-Wheel Drive,14.3308695652174,Volkswagen,Auto(AM-S6),6.0,3.6
30381,Midsize Cars,Regular,Front-Wheel Drive,12.2077777777778,Volkswagen,Automatic (S6),4.0,1.8
30382,Large Cars,Premium,All-Wheel Drive,14.9822727272727,Audi,Automatic (S8),6.0,3.0
30383,Large Cars,Premium,All-Wheel Drive,14.9822727272727,Audi,Automatic (S8),8.0,4.0
30384,Large Cars,Regular,Front-Wheel Drive,14.9822727272727,Hyundai,Automatic (S6),6.0,3.3
30385,Standard Pickup Trucks,Regular,4-Wheel or All-Wheel Drive,25.3546153846154,Chevrolet,Automatic 4-spd,8.0,5.7
30386,Large Cars,Regular,Front-Wheel Drive,14.3308695652174,Hyundai,Automatic (S6),6.0,3.3
30387,Small Sport Utility Vehicle 2WD,Regular,Front-Wheel Drive,14.3308695652174,Jeep,Automatic 6-spd,4.0,2.4
30388,Small Sport Utility Vehicle 2WD,Regular,Front-Wheel Drive,14.3308695652174,Jeep,Automatic 6-spd,4.0,2.4
30389,Small Sport Utility Vehicle 4WD,Premium or E85,All-Wheel Drive,14.9822727272727,Audi,Automatic (S8),4.0,2.0
30390,Small Sport Utility Vehicle 4WD,Regular,4-Wheel Drive,14.9822727272727,Jeep,Automatic 6-spd,4.0,2.4
30391,Small Sport Utility Vehicle 4WD,Regular,All-Wheel Drive,13.73375,Jeep,Manual 5-spd,4.0,2.4
30392,Small Sport Utility Vehicle 4WD,Regular,4-Wheel Drive,15.6957142857143,Jeep,Automatic (variable gear ratios),4.0,2.4
30393,Small Sport Utility Vehicle 4WD,Regular,4-Wheel Drive,14.9822727272727,Jeep,Automatic 6-spd,4.0,2.4
30394,Small Sport Utility Vehicle 4WD,Regular,All-Wheel Drive,13.73375,Jeep,Manual 5-spd,4.0,2.4
30395,Small Sport Utility Vehicle 4WD,Regular,4-Wheel Drive,15.6957142857143,Jeep,Automatic (variable gear ratios),4.0,2.4
30396,Standard Pickup Trucks,Regular,4-Wheel or All-Wheel Drive,27.4675,Chevrolet,Manual 4-spd,8.0,5.7
30397,Minicompact Cars,Premium,Rear-Wheel Drive,20.600625,Porsche,Manual 6-spd,6.0,4.0
30398,Minicompact Cars,Premium,Front-Wheel Drive,10.987,MINI,Automatic (S6),4.0,1.5
30399,Minicompact Cars,Premium,Front-Wheel Drive,10.3003125,MINI,Manual 6-spd,4.0,1.5
30400,Subcompact Cars,Premium,All-Wheel Drive,12.6773076923077,Audi,Manual 6-spd,4.0,2.0
30401,Subcompact Cars,Premium,All-Wheel Drive,15.6957142857143,Audi,Auto(AM-S7),6.0,3.0
30402,Subcompact Cars,Premium,All-Wheel Drive,15.6957142857143,Audi,Auto(AM-S7),6.0,3.0
30403,Subcompact Cars,Premium,All-Wheel Drive,16.4805,Audi,Manual 6-spd,6.0,3.0
30404,Subcompact Cars,Premium,Rear-Wheel Drive,15.6957142857143,BMW,Manual 6-spd,6.0,3.0
30405,Subcompact Cars,Premium,Rear-Wheel Drive,14.9822727272727,BMW,Auto(AM-S7),6.0,3.0
30406,Subcompact Cars,Premium,Rear-Wheel Drive,16.4805,BMW,Manual 6-spd,6.0,3.0
30407,Standard Pickup Trucks,Diesel,4-Wheel or All-Wheel Drive,23.8865625,Chevrolet,Automatic 4-spd,8.0,6.2
30408,Subcompact Cars,Premium,Rear-Wheel Drive,17.3478947368421,BMW,Auto(AM-S7),6.0,3.0
30409,Subcompact Cars,Premium,Rear-Wheel Drive,15.6957142857143,Mercedes-Benz,Automatic 7-spd,8.0,4.7
30410,Subcompact Cars,Premium,Front-Wheel Drive,10.987,MINI,Automatic (S6),4.0,1.5
30411,Subcompact Cars,Premium,Front-Wheel Drive,10.3003125,MINI,Manual 6-spd,4.0,1.5
30412,Subcompact Cars,Premium,Front-Wheel Drive,10.987,MINI,Automatic (S6),4.0,1.5
30413,Subcompact Cars,Premium,Front-Wheel Drive,10.3003125,MINI,Manual 6-spd,4.0,1.5
30414,Compact Cars,Premium,Front-Wheel Drive,11.7717857142857,Acura,Auto(AM-S8),4.0,2.4
30415,Compact Cars,Premium,Front-Wheel Drive,13.1844,Acura,Automatic (S9),6.0,3.5
30416,Compact Cars,Premium,All-Wheel Drive,13.1844,Acura,Automatic (S9),6.0,3.5
30417,Compact Cars,Premium,Rear-Wheel Drive,11.7717857142857,BMW,Automatic (S8),4.0,2.0
30418,Standard Pickup Trucks,Diesel,4-Wheel or All-Wheel Drive,22.4814705882353,Chevrolet,Manual 4-spd,8.0,6.2
30419,Compact Cars,Premium,Rear-Wheel Drive,16.4805,BMW,Manual 6-spd,6.0,3.0
30420,Compact Cars,Premium,Rear-Wheel Drive,17.3478947368421,BMW,Auto(AM-S7),6.0,3.0
30421,Compact Cars,Premium,Rear-Wheel Drive,16.4805,BMW,Manual 6-spd,6.0,3.0
30422,Compact Cars,Premium,Rear-Wheel Drive,17.3478947368421,BMW,Auto(AM-S7),6.0,3.0
30423,Compact Cars,Regular,Front-Wheel Drive,13.73375,Buick,Automatic (S6),4.0,2.4
30424,Compact Cars,Regular,Rear-Wheel Drive,13.73375,Cadillac,Automatic (S8),6.0,3.6
30425,Compact Cars,Regular,All-Wheel Drive,14.9822727272727,Cadillac,Automatic (S8),6.0,3.6
30426,Compact Cars,Premium,4-Wheel Drive,12.6773076923077,Mercedes-Benz,Auto(AM7),4.0,2.0
30427,Midsize Cars,Premium,All-Wheel Drive,18.3116666666667,Audi,Automatic (S8),8.0,4.0
30428,Midsize Cars,Premium,All-Wheel Drive,15.6957142857143,Audi,Auto(AM-S7),8.0,4.0
30429,Standard Pickup Trucks,Diesel,4-Wheel or All-Wheel Drive,22.4814705882353,Chevrolet,Manual 4-spd,8.0,6.2
30430,Midsize Cars,Regular,Rear-Wheel Drive,13.73375,Cadillac,Automatic (S8),6.0,3.6
30431,Midsize Cars,Regular,All-Wheel Drive,14.9822727272727,Cadillac,Automatic (S8),6.0,3.6
30432,Midsize Cars,Premium,Front-Wheel Drive,11.7717857142857,MINI,Automatic (S6),4.0,1.5
30433,Midsize Cars,Premium,Front-Wheel Drive,11.7717857142857,MINI,Manual 6-spd,4.0,1.5
30434,Large Cars,Regular,All-Wheel Drive,18.3116666666667,Cadillac,Automatic (S6),6.0,3.6
30435,Large Cars,Regular,All-Wheel Drive,15.6957142857143,Cadillac,Automatic (S8),6.0,3.6
30436,Large Cars,Premium,All-Wheel Drive,15.6957142857143,Cadillac,Automatic (S8),6.0,3.0
30437,Large Cars,Gasoline or E85,Front-Wheel Drive,14.9822727272727,Chevrolet,Automatic (S6),6.0,3.6
30438,Small Station Wagons,Premium,Front-Wheel Drive,13.1844,Fiat,Automatic 6-spd,4.0,1.4
30439,Midsize Station Wagons,Premium,4-Wheel Drive,13.1844,Mercedes-Benz,Auto(AM7),4.0,2.0
30440,Standard Pickup Trucks,Regular,4-Wheel or All-Wheel Drive,25.3546153846154,Chevrolet,Automatic 4-spd,8.0,5.7
30441,Special Purpose Vehicle 2WD,Gasoline or E85,Front-Wheel Drive,14.3308695652174,Ford,Automatic (S6),4.0,2.5
30442,Special Purpose Vehicle 2WD,Gasoline or E85,Front-Wheel Drive,14.9822727272727,Ford,Automatic (S6),4.0,2.5
30443,Special Purpose Vehicle 2WD,Regular,Front-Wheel Drive,14.9822727272727,Ford,Automatic (S6),4.0,2.5
30444,Special Purpose Vehicle 2WD,Gasoline or E85,Front-Wheel Drive,14.9822727272727,Ford,Automatic (S6),4.0,2.5
30445,Small Sport Utility Vehicle 2WD,Regular,Front-Wheel Drive,13.1844,Buick,Automatic 6-spd,4.0,2.5
30446,Small Sport Utility Vehicle 2WD,Regular,Front-Wheel Drive,15.6957142857143,Dodge,Automatic 4-spd,4.0,2.4
30447,Small Sport Utility Vehicle 2WD,Gasoline or E85,Front-Wheel Drive,17.3478947368421,Dodge,Automatic 6-spd,6.0,3.6
30448,Small Sport Utility Vehicle 2WD,Regular,Front-Wheel Drive,13.73375,Jeep,Automatic (variable gear ratios),4.0,2.0
30449,Small Sport Utility Vehicle 2WD,Regular,Front-Wheel Drive,13.73375,Jeep,Automatic (variable gear ratios),4.0,2.0
30450,Small Sport Utility Vehicle 4WD,Premium,All-Wheel Drive,15.6957142857143,Audi,Automatic (S8),6.0,3.0
30451,Standard Pickup Trucks,Regular,4-Wheel or All-Wheel Drive,27.4675,Chevrolet,Manual 4-spd,8.0,5.7
30452,Small Sport Utility Vehicle 4WD,Premium,All-Wheel Drive,17.3478947368421,Audi,Automatic (S8),6.0,3.0
30453,Small Sport Utility Vehicle 4WD,Regular,All-Wheel Drive,17.3478947368421,Dodge,Automatic 6-spd,6.0,3.6
30454,Small Sport Utility Vehicle 4WD,Premium,All-Wheel Drive,15.6957142857143,Volkswagen,Automatic (S6),4.0,2.0
30455,Standard Sport Utility Vehicle 2WD,Premium,Rear-Wheel Drive,15.6957142857143,BMW,Automatic (S8),6.0,3.0
30456,Standard Sport Utility Vehicle 2WD,Premium,Rear-Wheel Drive,15.6957142857143,BMW,Automatic (S8),6.0,3.0
30457,Standard Sport Utility Vehicle 4WD,Premium,All-Wheel Drive,16.4805,BMW,Automatic (S8),6.0,3.0
30458,Standard Sport Utility Vehicle 4WD,Premium,All-Wheel Drive,16.4805,BMW,Automatic (S8),6.0,3.0
30459,Standard Sport Utility Vehicle 4WD,Regular,All-Wheel Drive,17.3478947368421,Volkswagen,Automatic (S8),6.0,3.6
30460,Minicompact Cars,Electricity,Front-Wheel Drive,0.18,Fiat,Automatic (A1),,
30461,Standard Sport Utility Vehicle 4WD,Premium Gas or Electricity,All-Wheel Drive,9.53520116964286,Porsche,Auto(AM8),6.0,3.0
30462,Compact Cars,Regular,Front-Wheel Drive,11.7717857142857,Renault,Manual 5-spd,4.0,1.7
30463,Standard Pickup Trucks,Diesel,4-Wheel or All-Wheel Drive,23.8865625,Chevrolet,Automatic 4-spd,8.0,6.2
30464,Small Sport Utility Vehicle 2WD,Electricity,Front-Wheel Drive,0.282,BYD,Automatic (A1),,
30465,Two Seaters,Premium,Rear-Wheel Drive,23.5435714285714,Dodge,Manual 6-spd,10.0,8.4
30466,Two Seaters,Premium,Rear-Wheel Drive,25.3546153846154,Ferrari,Auto(AM7),12.0,6.3
30467,Two Seaters,Premium,Rear-Wheel Drive,12.2077777777778,Mercedes-Benz,Automatic 9-spd,4.0,2.0
30468,Two Seaters,Premium,Rear-Wheel Drive,14.3308695652174,Mercedes-Benz,Automatic 9-spd,6.0,3.0
30469,Minicompact Cars,Premium,Rear-Wheel Drive,18.3116666666667,Ferrari,Auto(AM7),8.0,3.9
30470,Minicompact Cars,Premium,Rear-Wheel Drive,17.3478947368421,Ferrari,Auto(AM7),8.0,3.9
30471,Minicompact Cars,Premium,Front-Wheel Drive,11.3658620689655,Fiat,Automatic 6-spd,4.0,1.4
30472,Minicompact Cars,Premium,Front-Wheel Drive,9.69441176470588,Fiat,Manual 5-spd,4.0,1.4
30473,Minicompact Cars,Premium,Front-Wheel Drive,12.2077777777778,Fiat,Automatic 6-spd,4.0,1.4
30474,Standard Pickup Trucks,Diesel,4-Wheel or All-Wheel Drive,22.4814705882353,Chevrolet,Manual 4-spd,8.0,6.2
30475,Minicompact Cars,Premium,Front-Wheel Drive,10.987,Fiat,Manual 5-spd,4.0,1.4
30476,Minicompact Cars,Premium,Front-Wheel Drive,12.2077777777778,Fiat,Automatic 6-spd,4.0,1.4
30477,Minicompact Cars,Premium,Front-Wheel Drive,10.987,Fiat,Manual 5-spd,4.0,1.4
30478,Minicompact Cars,Premium,Front-Wheel Drive,12.6773076923077,MINI,Manual 6-spd,4.0,2.0
30479,Subcompact Cars,Premium,All-Wheel Drive,13.73375,Audi,Auto(AM-S6),4.0,2.0
30480,Subcompact Cars,Premium,Rear-Wheel Drive,17.3478947368421,BMW,Automatic (S8),8.0,4.4
30481,Subcompact Cars,Premium,Rear-Wheel Drive,17.3478947368421,BMW,Automatic (S8),8.0,4.4
30482,Subcompact Cars,Premium,Front-Wheel Drive,11.7717857142857,MINI,Automatic (S6),4.0,2.0
30483,Subcompact Cars,Premium,Front-Wheel Drive,12.6773076923077,MINI,Manual 6-spd,4.0,2.0
30484,Subcompact Cars,Premium,Front-Wheel Drive,11.7717857142857,MINI,Automatic (S6),4.0,2.0
30485,Standard Pickup Trucks,Regular,4-Wheel or All-Wheel Drive,20.600625,Nissan,Manual 5-spd,4.0,2.4
30486,Subcompact Cars,Premium,Front-Wheel Drive,12.6773076923077,MINI,Manual 6-spd,4.0,2.0
30487,Subcompact Cars,Premium,Front-Wheel Drive,11.7717857142857,MINI,Automatic (S6),4.0,2.0
30488,Subcompact Cars,Premium,Front-Wheel Drive,12.6773076923077,MINI,Manual 6-spd,4.0,2.0
30489,Compact Cars,Premium,Front-Wheel Drive,14.3308695652174,Audi,Automatic (S6),4.0,2.0
30490,Compact Cars,Premium,Rear-Wheel Drive,17.3478947368421,BMW,Automatic (S8),8.0,4.4
30491,Midsize Cars,Regular,Front-Wheel Drive,6.866875,Honda,Automatic (variable gear ratios),4.0,2.0
30492,Midsize Cars,Regular,Front-Wheel Drive,7.84785714285714,Kia,Auto(AM6),4.0,2.0
30493,Midsize Cars,Premium,Front-Wheel Drive,12.2077777777778,MINI,Automatic (S8),4.0,2.0
30494,Midsize Cars,Regular,Front-Wheel Drive,8.24025,Toyota,Automatic (variable gear ratios),4.0,2.5
30495,Midsize Cars,Regular,Front-Wheel Drive,8.67394736842105,Toyota,Automatic (variable gear ratios),4.0,2.5
30496,Standard Pickup Trucks,Regular,4-Wheel or All-Wheel Drive,23.5435714285714,Nissan,Automatic 3-spd,6.0,3.0
30497,Large Cars,Regular,Front-Wheel Drive,14.3308695652174,Kia,Automatic (S8),6.0,3.3
30498,"Vans, Passenger Type",Regular,Rear-Wheel Drive,20.600625,Ford,Automatic (S6),6.0,3.5
30499,"Vans, Passenger Type",Gasoline or E85,Rear-Wheel Drive,20.600625,Ford,Automatic (S6),6.0,3.7
30500,Special Purpose Vehicle 2WD,Regular,Front-Wheel Drive,14.3308695652174,Ford,Automatic (S6),4.0,2.5
30501,Special Purpose Vehicle 2WD,Regular,Front-Wheel Drive,14.9822727272727,Ford,Automatic (S6),4.0,2.5
30502,Minivan - 2WD,Regular,Front-Wheel Drive,16.4805,Dodge,Automatic 6-spd,6.0,3.6
30503,Minivan - 2WD,Gasoline or E85,Front-Wheel Drive,16.4805,Dodge,Automatic 6-spd,6.0,3.6
30504,Small Sport Utility Vehicle 2WD,Premium,Rear-Wheel Drive,17.3478947368421,Infiniti,Automatic (S7),6.0,3.7
30505,Small Sport Utility Vehicle 2WD,Regular,Front-Wheel Drive,13.1844,Jeep,Automatic 9-spd,4.0,2.4
30506,Small Sport Utility Vehicle 2WD,Gasoline or E85,Front-Wheel Drive,13.1844,Jeep,Automatic 9-spd,4.0,2.4
30507,Standard Pickup Trucks,Regular,4-Wheel or All-Wheel Drive,21.974,Nissan,Manual 5-spd,6.0,3.0
30508,Small Sport Utility Vehicle 2WD,Regular,Front-Wheel Drive,13.1844,Jeep,Manual 5-spd,4.0,2.4
30509,Small Sport Utility Vehicle 2WD,Regular,Front-Wheel Drive,13.1844,Jeep,Manual 5-spd,4.0,2.4
30510,Small Sport Utility Vehicle 2WD,Regular,Front-Wheel Drive,13.1844,Jeep,Manual 5-spd,4.0,2.0
30511,Small Sport Utility Vehicle 2WD,Regular,Front-Wheel Drive,13.1844,Jeep,Manual 5-spd,4.0,2.0
30512,Small Sport Utility Vehicle 2WD,Midgrade,Front-Wheel Drive,13.73375,Jeep,Automatic 9-spd,6.0,3.2
30513,Small Sport Utility Vehicle 2WD,Premium,Rear-Wheel Drive,13.73375,Mercedes-Benz,Automatic 9-spd,4.0,2.0
30514,Small Sport Utility Vehicle 4WD,Premium,All-Wheel Drive,18.3116666666667,Infiniti,Automatic (S7),6.0,3.7
30515,Small Sport Utility Vehicle 4WD,Regular,All-Wheel Drive,14.3308695652174,Jeep,Automatic 9-spd,4.0,2.4
30516,Small Sport Utility Vehicle 4WD,Gasoline or E85,All-Wheel Drive,14.3308695652174,Jeep,Automatic 9-spd,4.0,2.4
30517,Small Sport Utility Vehicle 4WD,Regular,4-Wheel Drive,14.9822727272727,Jeep,Automatic 9-spd,4.0,2.4
30518,Standard Pickup Trucks,Regular,4-Wheel or All-Wheel Drive,20.600625,Dodge,Automatic 3-spd,6.0,3.9
30519,Small Sport Utility Vehicle 4WD,Midgrade,All-Wheel Drive,14.3308695652174,Jeep,Automatic 9-spd,6.0,3.2
30520,Small Sport Utility Vehicle 4WD,Midgrade,4-Wheel Drive,15.6957142857143,Jeep,Automatic 9-spd,6.0,3.2
30521,Small Sport Utility Vehicle 4WD,Midgrade,4-Wheel Drive,15.6957142857143,Jeep,Automatic 9-spd,6.0,3.2
30522,Small Sport Utility Vehicle 4WD,Premium,4-Wheel Drive,13.73375,Mercedes-Benz,Automatic 9-spd,4.0,2.0
30523,Small Sport Utility Vehicle 4WD,Premium,All-Wheel Drive,14.9822727272727,Porsche,Auto(AM-S7),4.0,2.0
30524,Standard Sport Utility Vehicle 2WD,Midgrade,Rear-Wheel Drive,19.3888235294118,Dodge,Automatic 8-spd,8.0,5.7
30525,Standard Sport Utility Vehicle 2WD,Regular,Rear-Wheel Drive,15.6957142857143,Dodge,Automatic 8-spd,6.0,3.6
30526,Standard Sport Utility Vehicle 2WD,Regular,Rear-Wheel Drive,15.6957142857143,Jeep,Automatic 8-spd,6.0,3.6
30527,Standard Sport Utility Vehicle 2WD,Premium,Rear-Wheel Drive,16.4805,Mercedes-Benz,Automatic 7-spd,6.0,3.5
30528,Standard Sport Utility Vehicle 4WD,Midgrade,All-Wheel Drive,19.3888235294118,Dodge,Automatic 8-spd,8.0,5.7
30529,Standard Pickup Trucks,Regular,4-Wheel or All-Wheel Drive,20.600625,Dodge,Manual 5-spd,6.0,3.9
30530,Standard Sport Utility Vehicle 4WD,Regular,4-Wheel Drive,15.6957142857143,Dodge,Automatic 8-spd,6.0,3.6
30531,Standard Sport Utility Vehicle 4WD,Midgrade,All-Wheel Drive,19.3888235294118,Jeep,Automatic 8-spd,8.0,5.7
30532,Standard Sport Utility Vehicle 4WD,Premium,All-Wheel Drive,21.974,Jeep,Automatic 8-spd,8.0,6.4
30533,Standard Sport Utility Vehicle 4WD,Regular,4-Wheel Drive,15.6957142857143,Jeep,Automatic 8-spd,6.0,3.6
30534,Standard Sport Utility Vehicle 4WD,Premium,4-Wheel Drive,16.4805,Mercedes-Benz,Automatic 9-spd,6.0,3.0
30535,Standard Sport Utility Vehicle 4WD,Premium,4-Wheel Drive,21.974,Mercedes-Benz,Automatic 7-spd,8.0,5.5
30536,Standard Sport Utility Vehicle 4WD,Premium,4-Wheel Drive,21.974,Mercedes-Benz,Automatic 7-spd,8.0,5.5
30537,Standard Sport Utility Vehicle 4WD,Premium,4-Wheel Drive,21.974,Mercedes-Benz,Automatic 7-spd,8.0,5.5
30538,Standard Sport Utility Vehicle 4WD,Premium,4-Wheel Drive,16.4805,Mercedes-Benz,Automatic 9-spd,6.0,3.0
30539,Two Seaters,Premium,Rear-Wheel Drive,17.3478947368421,Chevrolet,Automatic (S8),8.0,6.2
30540,Standard Pickup Trucks,Regular,4-Wheel or All-Wheel Drive,18.3116666666667,Dodge,Automatic 4-spd,4.0,2.6
30541,Two Seaters,Premium,Rear-Wheel Drive,17.3478947368421,Chevrolet,Manual 7-spd,8.0,6.2
30542,Two Seaters,Premium,Rear-Wheel Drive,18.3116666666667,Chevrolet,Manual 7-spd,8.0,6.2
30543,Two Seaters,Premium,Rear-Wheel Drive,20.600625,Chevrolet,Automatic (S8),8.0,6.2
30544,Two Seaters,Premium,Rear-Wheel Drive,9.41742857142857,smart,Auto(AM6),3.0,0.9
30545,Two Seaters,Premium,Rear-Wheel Drive,9.69441176470588,smart,Manual 5-spd,3.0,0.9
30546,Subcompact Cars,Premium,All-Wheel Drive,13.1844,Audi,Auto(AM-S6),4.0,2.0
30547,Subcompact Cars,Premium,Rear-Wheel Drive,13.1844,BMW,Manual 6-spd,4.0,2.0
30548,Subcompact Cars,Premium,All-Wheel Drive,12.2077777777778,BMW,Automatic (S8),4.0,2.0
30549,Subcompact Cars,Premium,Rear-Wheel Drive,12.2077777777778,BMW,Automatic (S8),4.0,2.0
30550,Subcompact Cars,Premium,All-Wheel Drive,12.6773076923077,BMW,Automatic (S8),4.0,2.0
30551,Standard Pickup Trucks,Regular,4-Wheel or All-Wheel Drive,18.3116666666667,Dodge,Manual 5-spd,4.0,2.6
30552,Subcompact Cars,Premium,Rear-Wheel Drive,12.2077777777778,BMW,Automatic (S8),4.0,2.0
30553,Subcompact Cars,Premium,All-Wheel Drive,12.6773076923077,BMW,Automatic (S8),4.0,2.0
30554,Subcompact Cars,Regular,Front-Wheel Drive,9.98818181818182,Chevrolet,Automatic (variable gear ratios),4.0,1.4
30555,Subcompact Cars,Regular,Front-Wheel Drive,9.98818181818182,Chevrolet,Manual 5-spd,4.0,1.4
30556,Subcompact Cars,Regular,Front-Wheel Drive,9.69441176470588,Toyota,Manual 6-spd,4.0,1.5
30557,Subcompact Cars,Regular,Front-Wheel Drive,9.41742857142857,Toyota,Automatic (S6),4.0,1.5
30558,Compact Cars,Premium,All-Wheel Drive,14.3308695652174,Audi,Automatic (S6),4.0,2.0
30559,Compact Cars,Premium,Rear-Wheel Drive,12.2077777777778,BMW,Automatic (S8),4.0,2.0
30560,Compact Cars,Premium,Rear-Wheel Drive,13.1844,BMW,Manual 6-spd,4.0,2.0
30561,Compact Cars,Premium,All-Wheel Drive,12.6773076923077,BMW,Automatic (S8),4.0,2.0
30562,Standard Pickup Trucks,Regular,4-Wheel or All-Wheel Drive,23.5435714285714,Dodge,Manual 4-spd,6.0,3.7
30563,Compact Cars,Premium,Rear-Wheel Drive,12.2077777777778,BMW,Manual 6-spd,4.0,2.0
30564,Compact Cars,Premium,All-Wheel Drive,12.2077777777778,BMW,Automatic (S8),4.0,2.0
30565,Compact Cars,Premium,Rear-Wheel Drive,13.1844,BMW,Automatic (S8),6.0,3.0
30566,Compact Cars,Premium,Rear-Wheel Drive,12.2077777777778,BMW,Automatic (S8),4.0,2.0
30567,Compact Cars,Premium,Rear-Wheel Drive,13.1844,BMW,Manual 6-spd,4.0,2.0
30568,Compact Cars,Premium,All-Wheel Drive,12.6773076923077,BMW,Automatic (S8),4.0,2.0
30569,Compact Cars,Premium,Rear-Wheel Drive,12.2077777777778,BMW,Automatic (S8),4.0,2.0
30570,Compact Cars,Premium,All-Wheel Drive,12.6773076923077,BMW,Automatic (S8),4.0,2.0
30571,Compact Cars,Premium,Rear-Wheel Drive,13.1844,Cadillac,Automatic (S8),4.0,2.0
30572,Compact Cars,Regular,Rear-Wheel Drive,12.6773076923077,Cadillac,Automatic (S8),4.0,2.5
30573,Compact Cars,Regular,Rear-Wheel Drive,41.20125,Rolls-Royce,Automatic 3-spd,8.0,6.8
30574,Standard Pickup Trucks,Regular,4-Wheel or All-Wheel Drive,27.4675,Dodge,Automatic 3-spd,8.0,5.2
30575,Compact Cars,Premium,Rear-Wheel Drive,16.4805,Cadillac,Automatic (S8),6.0,3.6
30576,Compact Cars,Premium,Rear-Wheel Drive,17.3478947368421,Cadillac,Manual 6-spd,6.0,3.6
30577,Compact Cars,Premium,All-Wheel Drive,13.1844,Cadillac,Automatic (S8),4.0,2.0
30578,Compact Cars,Regular,Front-Wheel Drive,11.7717857142857,Chevrolet,Automatic (S6),4.0,1.8
30579,Compact Cars,Regular,Front-Wheel Drive,11.7717857142857,Chevrolet,Manual 5-spd,4.0,1.8
30580,Compact Cars,Regular,Front-Wheel Drive,10.987,Chevrolet,Automatic (S6),4.0,1.4
30581,Compact Cars,Regular,Front-Wheel Drive,10.3003125,Chevrolet,Manual 6-spd,4.0,1.4
30582,Compact Cars,Regular,Front-Wheel Drive,9.69441176470588,Chevrolet,Automatic (S6),4.0,1.4
30583,Compact Cars,Regular,Front-Wheel Drive,9.98818181818182,Chevrolet,Automatic (S6),4.0,1.4
30584,Compact Cars,Regular,Front-Wheel Drive,10.3003125,Chevrolet,Automatic (S6),4.0,1.4
30585,Standard Pickup Trucks,Regular,4-Wheel or All-Wheel Drive,27.4675,Dodge,Automatic 3-spd,8.0,5.2
30586,Compact Cars,Regular,Front-Wheel Drive,10.6325806451613,Chevrolet,Automatic (S6),4.0,1.4
30587,Compact Cars,Regular,Front-Wheel Drive,10.3003125,Chevrolet,Manual 6-spd,4.0,1.4
30588,Compact Cars,Regular,Front-Wheel Drive,10.6325806451613,Chevrolet,Manual 6-spd,4.0,1.4
30589,Compact Cars,Premium,4-Wheel Drive,12.2077777777778,Mercedes-Benz,Automatic 7-spd,4.0,2.0
30590,Compact Cars,Premium,Rear-Wheel Drive,23.5435714285714,Rolls-Royce,Automatic (S8),12.0,6.6
30591,Compact Cars,Premium,All-Wheel Drive,13.1844,Volkswagen,Auto(AM-S6),4.0,2.0
30592,Compact Cars,Premium,All-Wheel Drive,13.1844,Volkswagen,Manual 6-spd,4.0,2.0
30593,Compact Cars,Regular,Front-Wheel Drive,10.3003125,Volkswagen,Automatic (S6),4.0,1.4
30594,Compact Cars,Regular,Front-Wheel Drive,9.98818181818182,Volkswagen,Manual 5-spd,4.0,1.4
30595,Midsize Cars,Premium,Front-Wheel Drive,14.3308695652174,Acura,Automatic (S6),6.0,3.5
30596,Standard Pickup Trucks,Regular,4-Wheel or All-Wheel Drive,29.9645454545455,Dodge,Manual 4-spd,8.0,5.2
30597,Midsize Cars,Premium,All-Wheel Drive,11.3658620689655,Acura,Auto(AM-S7),6.0,3.5
30598,Midsize Cars,Regular,Front-Wheel Drive,13.1844,Buick,Automatic (S8),6.0,3.6
30599,Midsize Cars,Regular,All-Wheel Drive,14.3308695652174,Buick,Automatic (S8),6.0,3.6
30600,Midsize Cars,Premium,All-Wheel Drive,14.9822727272727,Buick,Automatic (S6),4.0,2.0
30601,Midsize Cars,Premium,Rear-Wheel Drive,13.1844,Cadillac,Automatic (S8),4.0,2.0
30602,Midsize Cars,Premium,Rear-Wheel Drive,18.3116666666667,Cadillac,Automatic (S8),6.0,3.6
30603,Midsize Cars,Premium,All-Wheel Drive,13.73375,Cadillac,Automatic (S8),4.0,2.0
30604,Midsize Cars,Premium,Rear-Wheel Drive,19.3888235294118,Cadillac,Automatic (S8),8.0,6.2
30605,Midsize Cars,Regular,Front-Wheel Drive,10.987,Chevrolet,Automatic 6-spd,4.0,1.5
30606,Midsize Cars,Premium,Rear-Wheel Drive,21.974,Rolls-Royce,Automatic (S8),12.0,6.6
30607,Standard Pickup Trucks,Regular,4-Wheel or All-Wheel Drive,27.4675,Dodge,Manual 4-spd,8.0,5.2
30608,Large Cars,Premium,All-Wheel Drive,13.1844,BMW,Automatic (S8),4.0,2.0
30609,Large Cars,Premium,Front-Wheel Drive,12.6773076923077,BMW,Automatic (S8),4.0,2.0
30610,Large Cars,Premium,All-Wheel Drive,12.6773076923077,BMW,Automatic (S8),4.0,2.0
30611,Large Cars,Premium,Rear-Wheel Drive,16.4805,BMW,Automatic (S8),8.0,4.4
30612,Large Cars,Premium,All-Wheel Drive,17.3478947368421,BMW,Automatic (S8),8.0,4.4
30613,Large Cars,Premium,All-Wheel Drive,18.3116666666667,BMW,Automatic (S8),8.0,4.4
30614,Large Cars,Premium,Rear-Wheel Drive,13.1844,Cadillac,Automatic (S8),4.0,2.0
30615,Large Cars,Premium,Rear-Wheel Drive,23.5435714285714,Rolls-Royce,Automatic (S8),12.0,6.6
30616,Large Cars,Premium,Rear-Wheel Drive,23.5435714285714,Rolls-Royce,Automatic (S8),12.0,6.6
30617,Small Station Wagons,Premium,All-Wheel Drive,12.6773076923077,BMW,Automatic (S8),4.0,2.0
30618,Standard Pickup Trucks,Regular,4-Wheel or All-Wheel Drive,32.961,Dodge,Automatic 3-spd,8.0,5.9
30619,Small Station Wagons,Regular,Front-Wheel Drive,11.7717857142857,Chevrolet,Automatic (S6),4.0,1.8
30620,Small Station Wagons,Regular,Front-Wheel Drive,11.7717857142857,Chevrolet,Manual 5-spd,4.0,1.8
30621,Small Station Wagons,Regular,Front-Wheel Drive,10.987,Chevrolet,Automatic (S6),4.0,1.4
30622,Small Station Wagons,Regular,Front-Wheel Drive,10.3003125,Chevrolet,Manual 6-spd,4.0,1.4
30623,Standard Pickup Trucks 2WD,Gasoline or E85,Rear-Wheel Drive,17.3478947368421,Chevrolet,Automatic 6-spd,8.0,5.3
30624,Small Sport Utility Vehicle 2WD,Regular,Front-Wheel Drive,11.7717857142857,Buick,Automatic (S6),4.0,1.4
30625,Small Sport Utility Vehicle 2WD,Regular,Front-Wheel Drive,11.7717857142857,Chevrolet,Automatic (S6),4.0,1.4
30626,Small Sport Utility Vehicle 4WD,Regular,All-Wheel Drive,12.2077777777778,Buick,Automatic (S6),4.0,1.4
30627,Small Sport Utility Vehicle 4WD,Regular,All-Wheel Drive,12.2077777777778,Chevrolet,Automatic (S6),4.0,1.4
30628,Small Sport Utility Vehicle 4WD,Regular,All-Wheel Drive,13.73375,Subaru,Manual 6-spd,4.0,2.5
30629,Standard Pickup Trucks,Regular,4-Wheel or All-Wheel Drive,29.9645454545455,Dodge,Manual 4-spd,8.0,5.9
30630,Standard Sport Utility Vehicle 4WD,Premium,All-Wheel Drive,21.974,Bentley,Automatic (S8),12.0,6.0
30631,Standard Sport Utility Vehicle 4WD,Premium,All-Wheel Drive,19.3888235294118,BMW,Automatic (S8),8.0,4.4
30632,Standard Sport Utility Vehicle 4WD,Premium,All-Wheel Drive,19.3888235294118,BMW,Automatic (S8),8.0,4.4
30633,Standard Sport Utility Vehicle 4WD,Premium,4-Wheel Drive,17.3478947368421,Mercedes-Benz,Automatic 7-spd,6.0,3.5
30634,Standard Sport Utility Vehicle 4WD,Premium or E85,4-Wheel Drive,17.3478947368421,Mercedes-Benz,Automatic 7-spd,6.0,3.5
30635,Two Seaters,Premium,Rear-Wheel Drive,18.3116666666667,Ferrari,Auto(AM7),8.0,3.9
30636,Two Seaters,Premium,Rear-Wheel Drive,18.3116666666667,Ferrari,Auto(AM7),8.0,3.9
30637,Two Seaters,Premium,Rear-Wheel Drive,18.3116666666667,Mercedes-Benz,Auto(AM7),8.0,4.0
30638,Two Seaters,Premium,Rear-Wheel Drive,18.3116666666667,Mercedes-Benz,Auto(AM7),8.0,4.0
30639,Subcompact Cars,Premium,Rear-Wheel Drive,13.1844,BMW,Automatic (S8),6.0,3.0
30640,Standard Pickup Trucks,Regular,4-Wheel or All-Wheel Drive,29.9645454545455,Dodge,Automatic 3-spd,8.0,5.2
30641,Subcompact Cars,Premium,Rear-Wheel Drive,13.1844,BMW,Automatic (S8),6.0,3.0
30642,Subcompact Cars,Premium,Rear-Wheel Drive,13.73375,BMW,Automatic (S8),6.0,3.0
30643,Subcompact Cars,Premium,Rear-Wheel Drive,14.9822727272727,Infiniti,Automatic (S7),6.0,3.0
30644,Subcompact Cars,Premium,Rear-Wheel Drive,14.9822727272727,Infiniti,Automatic (S7),6.0,3.0
30645,Subcompact Cars,Premium,Rear-Wheel Drive,13.1844,Infiniti,Automatic (S7),4.0,2.0
30646,Subcompact Cars,Premium,All-Wheel Drive,13.73375,Infiniti,Automatic (S7),4.0,2.0
30647,Subcompact Cars,Premium,All-Wheel Drive,15.6957142857143,Infiniti,Automatic (S7),6.0,3.0
30648,Subcompact Cars,Premium,All-Wheel Drive,14.9822727272727,Infiniti,Automatic (S7),6.0,3.0
30649,Compact Cars,Premium,Rear-Wheel Drive,13.1844,BMW,Automatic (S8),6.0,3.0
30650,Compact Cars,Premium,Rear-Wheel Drive,13.1844,BMW,Automatic (S8),6.0,3.0
30651,Standard Pickup Trucks,Regular,4-Wheel or All-Wheel Drive,29.9645454545455,Dodge,Manual 4-spd,8.0,5.2
30652,Compact Cars,Regular,Front-Wheel Drive,10.3003125,Toyota,Automatic 4-spd,4.0,1.5
30653,Compact Cars,Regular,Front-Wheel Drive,9.98818181818182,Toyota,Manual 5-spd,4.0,1.5
30654,Compact Cars,Regular,Front-Wheel Drive,12.2077777777778,Volkswagen,Auto(AM-S6),4.0,2.0
30655,Compact Cars,Regular,Front-Wheel Drive,11.7717857142857,Volkswagen,Manual 6-spd,4.0,2.0
30656,Compact Cars,Regular,Front-Wheel Drive,12.2077777777778,Volkswagen,Auto(AM-S6),4.0,2.0
30657,Compact Cars,Regular,Front-Wheel Drive,12.2077777777778,Volkswagen,Manual 6-spd,4.0,2.0
30658,Compact Cars,Regular,Front-Wheel Drive,11.3658620689655,Volkswagen,Automatic (S6),4.0,1.8
30659,Compact Cars,Regular,Front-Wheel Drive,11.3658620689655,Volkswagen,Automatic (S6),4.0,1.8
30660,Compact Cars,Regular,Front-Wheel Drive,11.3658620689655,Volkswagen,Manual 5-spd,4.0,1.8
30661,Large Cars,Premium,Rear-Wheel Drive,13.73375,BMW,Automatic (S8),6.0,3.0
30662,Standard Pickup Trucks,Regular,4-Wheel or All-Wheel Drive,36.6233333333333,Dodge,Automatic 3-spd,8.0,5.9
30663,Small Station Wagons,Premium,Rear-Wheel Drive,16.4805,Infiniti,Automatic (S7),6.0,3.7
30664,Small Station Wagons,Premium,All-Wheel Drive,16.4805,Infiniti,Automatic (S7),6.0,3.7
30665,Small Station Wagons,Regular,Front-Wheel Drive,11.3658620689655,Volkswagen,Automatic (S6),4.0,1.8
30666,Small Station Wagons,Regular,Front-Wheel Drive,11.7717857142857,Volkswagen,Manual 5-spd,4.0,1.8
30667,Small Pickup Trucks 2WD,Regular,Rear-Wheel Drive,15.6957142857143,Toyota,Automatic (S6),6.0,3.5
30668,Small Pickup Trucks 2WD,Regular,Rear-Wheel Drive,15.6957142857143,Toyota,Automatic (S6),4.0,2.7
30669,Small Pickup Trucks 4WD,Regular,Part-time 4-Wheel Drive,18.3116666666667,Toyota,Manual 6-spd,6.0,3.5
30670,Small Pickup Trucks 4WD,Regular,Part-time 4-Wheel Drive,16.4805,Toyota,Automatic (S6),6.0,3.5
30671,Small Pickup Trucks 4WD,Regular,Part-time 4-Wheel Drive,18.3116666666667,Toyota,Manual 6-spd,6.0,3.5
30672,Small Pickup Trucks 4WD,Regular,Part-time 4-Wheel Drive,16.4805,Toyota,Manual 5-spd,4.0,2.7
30673,Standard Pickup Trucks,Regular,4-Wheel or All-Wheel Drive,29.9645454545455,Dodge,Manual 4-spd,8.0,5.9
30674,Small Pickup Trucks 4WD,Regular,Part-time 4-Wheel Drive,16.4805,Toyota,Automatic (S6),4.0,2.7
30675,Standard Pickup Trucks 2WD,Midgrade,Rear-Wheel Drive,19.3888235294118,Ram,Automatic 8-spd,8.0,5.7
30676,Standard Pickup Trucks 2WD,Gasoline or E85,Rear-Wheel Drive,16.4805,Ram,Automatic 8-spd,6.0,3.6
30677,Standard Pickup Trucks 4WD,Midgrade,4-Wheel Drive,21.974,Ram,Automatic 6-spd,8.0,5.7
30678,Standard Pickup Trucks 4WD,Midgrade,4-Wheel Drive,19.3888235294118,Ram,Automatic 8-spd,8.0,5.7
30679,Standard Pickup Trucks 4WD,Gasoline or E85,4-Wheel Drive,17.3478947368421,Ram,Automatic 8-spd,6.0,3.6
30680,Minivan - 2WD,Regular,Front-Wheel Drive,14.9822727272727,Toyota,Automatic (S8),6.0,3.5
30681,Minivan - 4WD,Regular,All-Wheel Drive,16.4805,Toyota,Automatic (S8),6.0,3.5
30682,Standard Sport Utility Vehicle 4WD,Premium,All-Wheel Drive,20.600625,BMW,Automatic (S8),8.0,4.4
30683,Standard Sport Utility Vehicle 4WD,Premium,All-Wheel Drive,20.600625,BMW,Automatic (S8),8.0,4.4
30684,Minicompact Cars,Regular,Rear-Wheel Drive,29.9645454545455,Ferrari,Manual 5-spd,8.0,2.9
30685,Compact Cars,Regular,Front-Wheel Drive,19.3888235294118,Saab,Automatic 3-spd,4.0,2.0
30686,Standard Pickup Trucks,Regular,4-Wheel or All-Wheel Drive,25.3546153846154,Ford,Automatic 3-spd,6.0,4.9
30687,Subcompact Cars,Electricity,Rear-Wheel Drive,0.162,BMW,Automatic (A1),,
30688,Subcompact Cars,Electricity,Rear-Wheel Drive,0.174,BMW,Automatic (A1),,
30689,Midsize Cars,Electricity,Front-Wheel Drive,0.24,Mercedes-Benz,Automatic (A1),,
30690,Two Seaters,Premium,Rear-Wheel Drive,18.3116666666667,Ferrari,Auto(AM7),8.0,3.9
30691,Two Seaters,Premium,Rear-Wheel Drive,18.3116666666667,Ferrari,Auto(AM7),8.0,3.9
30692,Two Seaters,Regular,All-Wheel Drive,12.6773076923077,Audi,Auto(AM-S6),4.0,2.0
30693,Subcompact Cars,Regular,All-Wheel Drive,12.2077777777778,Audi,Auto(AM-S6),4.0,2.0
30694,Subcompact Cars,Regular,All-Wheel Drive,12.6773076923077,Audi,Auto(AM-S6),4.0,2.0
30695,Subcompact Cars,Premium,Rear-Wheel Drive,14.9822727272727,BMW,Manual 6-spd,6.0,3.0
30696,Subcompact Cars,Premium,All-Wheel Drive,13.1844,BMW,Automatic (S8),6.0,3.0
30697,Standard Pickup Trucks,Regular,4-Wheel or All-Wheel Drive,20.600625,Ford,Manual 4-spd,6.0,4.9
30698,Subcompact Cars,Premium,Rear-Wheel Drive,14.3308695652174,BMW,Manual 6-spd,6.0,3.0
30699,Subcompact Cars,Premium,All-Wheel Drive,13.1844,BMW,Automatic (S8),6.0,3.0
30700,Subcompact Cars,Premium,All-Wheel Drive,13.73375,BMW,Automatic (S8),6.0,3.0
30701,Compact Cars,Premium,Front-Wheel Drive,10.6325806451613,Audi,Auto(AM-S7),4.0,2.0
30702,Compact Cars,Premium,Rear-Wheel Drive,14.3308695652174,BMW,Manual 6-spd,6.0,3.0
30703,Compact Cars,Premium,All-Wheel Drive,13.1844,BMW,Automatic (S8),6.0,3.0
30704,Compact Cars,Premium,All-Wheel Drive,14.3308695652174,BMW,Manual 6-spd,6.0,3.0
30705,Compact Cars,Premium,Rear-Wheel Drive,14.3308695652174,BMW,Manual 6-spd,6.0,3.0
30706,Compact Cars,Premium,All-Wheel Drive,13.1844,BMW,Automatic (S8),6.0,3.0
30707,Compact Cars,Premium,All-Wheel Drive,14.3308695652174,BMW,Manual 6-spd,6.0,3.0
30708,Standard Pickup Trucks,Regular,4-Wheel or All-Wheel Drive,23.5435714285714,Ford,Manual 4-spd,6.0,4.9
30709,Compact Cars,Premium,All-Wheel Drive,13.1844,BMW,Automatic (S8),6.0,3.0
30710,Compact Cars,Regular,Front-Wheel Drive,11.3658620689655,Hyundai,Auto(AM7),4.0,1.6
30711,Compact Cars,Regular,Front-Wheel Drive,11.7717857142857,Hyundai,Manual 6-spd,4.0,1.6
30712,Compact Cars,Regular,Front-Wheel Drive,9.69441176470588,Mazda,Manual 6-spd,4.0,1.5
30713,Compact Cars,Regular,Front-Wheel Drive,9.41742857142857,Mazda,Automatic (S6),4.0,1.5
30714,Compact Cars,Premium,Rear-Wheel Drive,11.7717857142857,Mercedes-Benz,Automatic 7-spd,4.0,2.0
30715,Compact Cars,Premium,Rear-Wheel Drive,15.6957142857143,Mercedes-Benz,Automatic 9-spd,8.0,4.7
30716,Compact Cars,Premium,4-Wheel Drive,16.4805,Mercedes-Benz,Automatic 9-spd,8.0,4.7
30717,Midsize Cars,Premium,All-Wheel Drive,13.1844,Audi,Automatic (S8),4.0,2.0
30718,Midsize Cars,Premium,Front-Wheel Drive,11.7717857142857,Audi,Auto(AM-S7),4.0,2.0
30719,Standard Pickup Trucks,Regular,4-Wheel or All-Wheel Drive,27.4675,Ford,Automatic 3-spd,8.0,5.0
30720,Midsize Cars,Premium,Rear-Wheel Drive,23.5435714285714,Bentley,Automatic (S8),8.0,6.8
30721,Midsize Cars,Regular,Front-Wheel Drive,11.7717857142857,Mazda,Manual 6-spd,4.0,2.5
30722,Midsize Cars,Regular,Front-Wheel Drive,11.3658620689655,Mazda,Automatic (S6),4.0,2.5
30723,Midsize Cars,Regular,Front-Wheel Drive,10.987,Mazda,Automatic (S6),4.0,2.5
30724,Large Cars,Premium,All-Wheel Drive,13.73375,BMW,Automatic (S8),6.0,3.0
30725,Large Cars,Premium,Rear-Wheel Drive,20.600625,Chevrolet,Automatic (S6),8.0,6.2
30726,Large Cars,Premium,Rear-Wheel Drive,19.3888235294118,Chevrolet,Manual 6-spd,8.0,6.2
30727,Large Cars,Regular,All-Wheel Drive,17.3478947368421,Lincoln,Automatic (S6),6.0,3.0
30728,Large Cars,Regular,All-Wheel Drive,16.4805,Lincoln,Automatic (S6),6.0,2.7
30729,Large Cars,Regular,Front-Wheel Drive,15.6957142857143,Lincoln,Automatic (S6),6.0,2.7
30730,Standard Pickup Trucks,Regular,4-Wheel or All-Wheel Drive,23.5435714285714,Ford,Automatic 4-spd,8.0,5.0
30731,Large Cars,Regular,Front-Wheel Drive,16.4805,Lincoln,Automatic (S6),6.0,3.7
30732,Large Cars,Regular,All-Wheel Drive,17.3478947368421,Lincoln,Automatic (S6),6.0,3.7
30733,Small Station Wagons,Premium,All-Wheel Drive,13.1844,Audi,Auto(AM-S7),4.0,2.0
30734,Small Sport Utility Vehicle 4WD,Regular,All-Wheel Drive,12.6773076923077,Subaru,Manual 5-spd,4.0,2.0
30735,Small Sport Utility Vehicle 4WD,Regular,All-Wheel Drive,11.3658620689655,Subaru,Auto(AV-S6),4.0,2.0
30736,Large Cars,Premium and Electricity,All-Wheel Drive,8.00933041448276,BMW,Automatic (S8),4.0,2.0
30737,Midsize Cars,Regular Gas and Electricity,Front-Wheel Drive,3.88057805131579,Hyundai,Auto(AM6),4.0,2.0
30738,Two Seaters,Premium,Part-time 4-Wheel Drive,25.3546153846154,Ferrari,Auto(AM7),12.0,6.3
30739,Two Seaters,Premium,Rear-Wheel Drive,20.600625,Mercedes-Benz,Automatic 7-spd,12.0,6.0
30740,Minicompact Cars,Premium,Front-Wheel Drive,11.7717857142857,MINI,Automatic (S6),4.0,2.0
30741,Standard Pickup Trucks,Regular,4-Wheel or All-Wheel Drive,25.3546153846154,Ford,Manual 4-spd,8.0,5.0
30742,Subcompact Cars,Premium,All-Wheel Drive,21.974,Bentley,Automatic (S8),12.0,6.0
30743,Subcompact Cars,Premium,Rear-Wheel Drive,20.600625,Mercedes-Benz,Automatic 7-spd,12.0,6.0
30744,Compact Cars,Premium,All-Wheel Drive,21.974,Bentley,Automatic (S8),12.0,6.0
30745,Compact Cars,Premium,Front-Wheel Drive,12.2077777777778,Infiniti,Auto(AM7),4.0,2.0
30746,Compact Cars,Premium,All-Wheel Drive,13.1844,Infiniti,Auto(AM7),4.0,2.0
30747,Compact Cars,Regular,Front-Wheel Drive,9.69441176470588,Nissan,Automatic (variable gear ratios),4.0,1.6
30748,Compact Cars,Regular,Front-Wheel Drive,10.987,Nissan,Manual 5-spd,4.0,1.6
30749,Compact Cars,Regular,Front-Wheel Drive,11.3658620689655,Nissan,Automatic 4-spd,4.0,1.6
30750,Compact Cars,Premium,Front-Wheel Drive,13.1844,Volkswagen,Auto(AM-S6),4.0,2.0
30751,Compact Cars,Premium,All-Wheel Drive,14.3308695652174,Volvo,Automatic (S8),4.0,2.0
30752,Standard Pickup Trucks,Regular,4-Wheel or All-Wheel Drive,23.5435714285714,Ford,Manual 4-spd,8.0,5.0
30753,Midsize Cars,Premium,All-Wheel Drive,21.974,Bentley,Automatic (S8),12.0,6.0
30754,Midsize Cars,Regular,Front-Wheel Drive,6.33865384615385,Toyota,Automatic (variable gear ratios),4.0,1.8
30755,Midsize Cars,Regular,Front-Wheel Drive,5.88589285714286,Toyota,Automatic (variable gear ratios),4.0,1.8
30756,Large Cars,Premium,Rear-Wheel Drive,20.600625,Mercedes-Benz,Automatic 7-spd,12.0,6.0
30757,Large Cars,Premium,Rear-Wheel Drive,20.600625,Mercedes-Benz,Automatic 7-spd,12.0,6.0
30758,Large Cars,Premium,Rear-Wheel Drive,20.600625,Mercedes-Benz,Automatic 7-spd,12.0,6.0
30759,Small Station Wagons,Regular,Front-Wheel Drive,12.2077777777778,Kia,Automatic (S6),4.0,1.6
30760,Small Station Wagons,Regular,Front-Wheel Drive,12.2077777777778,Kia,Automatic (S6),4.0,2.0
30761,Small Station Wagons,Regular,Front-Wheel Drive,12.2077777777778,Kia,Manual 6-spd,4.0,1.6
30762,Small Station Wagons,Premium,All-Wheel Drive,14.3308695652174,Volvo,Automatic (S8),4.0,2.0
30763,Standard Pickup Trucks,Regular,4-Wheel or All-Wheel Drive,29.9645454545455,Ford,Automatic 3-spd,8.0,5.8
30764,Small Sport Utility Vehicle 2WD,Regular,Front-Wheel Drive,13.1844,Toyota,Automatic (S6),4.0,2.5
30765,Small Sport Utility Vehicle 2WD,Regular,Front-Wheel Drive,12.6773076923077,Toyota,Automatic (S6),4.0,2.5
30766,Small Sport Utility Vehicle 4WD,Premium,4-Wheel Drive,12.6773076923077,Mercedes-Benz,Auto(AM7),4.0,2.0
30767,Small Sport Utility Vehicle 4WD,Regular,All-Wheel Drive,13.1844,Toyota,Automatic (S6),4.0,2.5
30768,Small Sport Utility Vehicle 4WD,Regular,All-Wheel Drive,13.73375,Toyota,Automatic (S6),4.0,2.5
30769,Small Sport Utility Vehicle 4WD,Regular,All-Wheel Drive,10.3003125,Toyota,Auto(AV-S6),4.0,2.5
30770,Standard Sport Utility Vehicle 2WD,Regular,Rear-Wheel Drive,20.600625,Nissan,Automatic (S7),8.0,5.6
30771,Standard Sport Utility Vehicle 4WD,Premium,4-Wheel Drive,20.600625,Lexus,Automatic (S6),8.0,4.6
30772,Standard Sport Utility Vehicle 4WD,Premium,4-Wheel Drive,21.974,Lexus,Automatic (S8),8.0,5.7
30773,Standard Sport Utility Vehicle 4WD,Regular,4-Wheel Drive,21.974,Nissan,Automatic (S7),8.0,5.6
30774,Standard Pickup Trucks,Regular,4-Wheel or All-Wheel Drive,29.9645454545455,Ford,Automatic 3-spd,8.0,5.8
30775,Standard Sport Utility Vehicle 4WD,Regular,4-Wheel Drive,21.974,Toyota,Automatic (S8),8.0,5.7
30776,Compact Cars,Premium and Electricity,Rear-Wheel Drive,7.0709999092437,BMW,Automatic (S8),4.0,2.0
30777,Minicompact Cars,Premium,Rear-Wheel Drive,17.3478947368421,Lotus,Manual 6-spd,6.0,3.5
30778,Minicompact Cars,Premium,Rear-Wheel Drive,16.4805,Lotus,Automatic (S6),6.0,3.5
30779,Subcompact Cars,Premium,Rear-Wheel Drive,14.3308695652174,Buick,Automatic (S6),4.0,1.6
30780,Subcompact Cars,Premium,Rear-Wheel Drive,17.3478947368421,Mercedes-Benz,Automatic 7-spd,8.0,4.0
30781,Subcompact Cars,Premium,Rear-Wheel Drive,17.3478947368421,Mercedes-Benz,Automatic 7-spd,8.0,4.0
30782,Compact Cars,Regular,Front-Wheel Drive,10.6325806451613,Hyundai,Auto(AM6),4.0,1.6
30783,Compact Cars,Regular,Front-Wheel Drive,10.987,Hyundai,Manual 6-spd,4.0,1.6
30784,Compact Cars,Diesel,Rear-Wheel Drive,10.61625,Jaguar,Automatic (S8),4.0,2.0
30785,Standard Pickup Trucks,Regular,4-Wheel or All-Wheel Drive,23.5435714285714,Ford,Manual 4-spd,6.0,4.9
30786,Compact Cars,Diesel,All-Wheel Drive,11.2407352941176,Jaguar,Automatic (S8),4.0,2.0
30787,Compact Cars,Regular,Front-Wheel Drive,11.7717857142857,Kia,Automatic (S6),4.0,2.0
30788,Compact Cars,Regular,Front-Wheel Drive,12.2077777777778,Kia,Auto(AM7),4.0,1.6
30789,Compact Cars,Regular,Front-Wheel Drive,12.6773076923077,Kia,Manual 6-spd,4.0,1.6
30790,Compact Cars,Premium,Rear-Wheel Drive,16.4805,Mercedes-Benz,Automatic 7-spd,8.0,4.0
30791,Compact Cars,Premium,Rear-Wheel Drive,16.4805,Mercedes-Benz,Automatic 7-spd,8.0,4.0
30792,Midsize Cars,Premium,Front-Wheel Drive,12.6773076923077,Chevrolet,Automatic 9-spd,4.0,2.0
30793,Midsize Cars,Regular,Front-Wheel Drive,7.1654347826087,Chevrolet,Automatic (variable gear ratios),4.0,1.8
30794,Midsize Cars,Regular,Front-Wheel Drive,12.2077777777778,Chrysler,Automatic 9-spd,4.0,2.4
30795,Midsize Cars,Gasoline or E85,Front-Wheel Drive,12.2077777777778,Chrysler,Automatic 9-spd,4.0,2.4
30796,Compact Cars,Regular,Front-Wheel Drive,18.3116666666667,Saab,Automatic 3-spd,4.0,2.0
30797,Standard Pickup Trucks,Regular,4-Wheel or All-Wheel Drive,23.5435714285714,Ford,Automatic 4-spd,8.0,5.0
30798,Midsize Cars,Gasoline or E85,Front-Wheel Drive,14.3308695652174,Chrysler,Automatic 9-spd,6.0,3.6
30799,Midsize Cars,Gasoline or E85,All-Wheel Drive,14.9822727272727,Chrysler,Automatic 9-spd,6.0,3.6
30800,Midsize Cars,Premium,Rear-Wheel Drive,14.3308695652174,Infiniti,Automatic (S7),6.0,3.0
30801,Midsize Cars,Premium,Rear-Wheel Drive,14.9822727272727,Infiniti,Automatic (S7),6.0,3.0
30802,Midsize Cars,Premium,All-Wheel Drive,14.9822727272727,Infiniti,Automatic (S7),6.0,3.0
30803,Midsize Cars,Premium,All-Wheel Drive,14.9822727272727,Infiniti,Automatic (S7),6.0,3.0
30804,Midsize Cars,Premium,Rear-Wheel Drive,12.6773076923077,Infiniti,Automatic (S7),4.0,2.0
30805,Midsize Cars,Premium,All-Wheel Drive,13.73375,Infiniti,Automatic (S7),4.0,2.0
30806,Midsize Cars,Diesel,Rear-Wheel Drive,10.9195714285714,Jaguar,Automatic (S8),4.0,2.0
30807,Midsize Cars,Diesel,All-Wheel Drive,11.2407352941176,Jaguar,Automatic (S8),4.0,2.0
30808,Standard Pickup Trucks,Regular,4-Wheel or All-Wheel Drive,25.3546153846154,Ford,Manual 4-spd,8.0,5.0
30809,Midsize Cars,Regular,Front-Wheel Drive,13.73375,Lexus,Automatic (S6),6.0,3.5
30810,Midsize Cars,Regular,Front-Wheel Drive,8.24025,Lexus,Auto(AV-S6),4.0,2.5
30811,Midsize Cars,Regular,Front-Wheel Drive,10.6325806451613,Toyota,Auto(AV-S7),4.0,1.8
30812,Midsize Cars,Regular,Front-Wheel Drive,10.987,Toyota,Manual 6-spd,4.0,1.8
30813,Large Cars,Regular,Front-Wheel Drive,11.7717857142857,Kia,Automatic (S6),4.0,2.0
30814,Large Cars,Regular,Front-Wheel Drive,12.2077777777778,Kia,Auto(AM7),4.0,1.6
30815,Large Cars,Regular,Front-Wheel Drive,13.1844,Kia,Manual 6-spd,4.0,1.6
30816,Large Cars,Premium,Rear-Wheel Drive,15.6957142857143,Mercedes-Benz,Automatic 9-spd,8.0,4.7
30817,Large Cars,Premium,4-Wheel Drive,16.4805,Mercedes-Benz,Automatic 9-spd,8.0,4.7
30818,Midsize Station Wagons,Premium,Front-Wheel Drive,12.2077777777778,Mercedes-Benz,Auto(AM7),4.0,2.0
30819,Standard Pickup Trucks,Regular,4-Wheel or All-Wheel Drive,29.9645454545455,Ford,Automatic 3-spd,8.0,5.8
30820,Standard Pickup Trucks 2WD,Regular,Rear-Wheel Drive,18.3116666666667,Nissan,Automatic (S7),8.0,5.6
30821,Standard Pickup Trucks 2WD,Regular,Rear-Wheel Drive,20.600625,Toyota,Automatic (S6),8.0,4.6
30822,Standard Pickup Trucks 2WD,Gasoline or E85,Rear-Wheel Drive,21.974,Toyota,Automatic (S6),8.0,5.7
30823,Standard Pickup Trucks 2WD,Regular,Rear-Wheel Drive,21.974,Toyota,Automatic (S6),8.0,5.7
30824,Standard Pickup Trucks 4WD,Regular,Part-time 4-Wheel Drive,18.3116666666667,Nissan,Automatic (S7),8.0,5.6
30825,Standard Pickup Trucks 4WD,Regular,Part-time 4-Wheel Drive,19.3888235294118,Nissan,Automatic (S7),8.0,5.6
30826,Standard Pickup Trucks 4WD,Regular,Part-time 4-Wheel Drive,20.600625,Toyota,Automatic (S6),8.0,4.6
30827,Standard Pickup Trucks 4WD,Gasoline or E85,Part-time 4-Wheel Drive,21.974,Toyota,Automatic (S6),8.0,5.7
30828,Standard Pickup Trucks 4WD,Regular,Part-time 4-Wheel Drive,21.974,Toyota,Automatic (S6),8.0,5.7
30829,Small Sport Utility Vehicle 2WD,Regular,Front-Wheel Drive,10.987,Buick,Automatic (S6),4.0,1.4
30830,Standard Pickup Trucks,Regular,4-Wheel or All-Wheel Drive,29.9645454545455,Ford,Automatic 3-spd,8.0,5.8
30831,Small Sport Utility Vehicle 2WD,Regular,Front-Wheel Drive,14.3308695652174,Lexus,Automatic (S8),6.0,3.5
30832,Small Sport Utility Vehicle 4WD,Regular,All-Wheel Drive,11.7717857142857,Buick,Automatic (S6),4.0,1.4
30833,Small Sport Utility Vehicle 4WD,Regular,All-Wheel Drive,14.9822727272727,Lexus,Automatic (S8),6.0,3.5
30834,Small Sport Utility Vehicle 4WD,Premium or E85,4-Wheel Drive,12.6773076923077,Mercedes-Benz,Auto(AM7),4.0,2.0
30835,Two Seaters,Premium,Rear-Wheel Drive,23.5435714285714,Aston Martin,Auto(AM7),12.0,6.0
30836,Two Seaters,Premium,Rear-Wheel Drive,27.4675,Aston Martin,Manual(M7),12.0,6.0
30837,Two Seaters,Premium,Rear-Wheel Drive,17.3478947368421,McLaren Automotive,Automatic 7-spd,8.0,3.8
30838,Two Seaters,Premium,Rear-Wheel Drive,17.3478947368421,McLaren Automotive,Automatic 7-spd,8.0,3.8
30839,Minicompact Cars,Premium,Rear-Wheel Drive,20.600625,Aston Martin,Automatic (S8),12.0,6.0
30840,Subcompact Cars,Premium,Rear-Wheel Drive,19.3888235294118,Aston Martin,Automatic (S8),12.0,6.0
30841,Standard Pickup Trucks,Regular,4-Wheel or All-Wheel Drive,18.3116666666667,GMC,Automatic 4-spd,4.0,2.5
30842,Subcompact Cars,Premium,4-Wheel Drive,13.1844,Mercedes-Benz,Automatic 9-spd,4.0,2.0
30843,Subcompact Cars,Premium,Rear-Wheel Drive,12.6773076923077,Mercedes-Benz,Automatic 9-spd,4.0,2.0
30844,Compact Cars,Premium,4-Wheel Drive,12.2077777777778,Mercedes-Benz,Auto(AM7),4.0,2.0
30845,Compact Cars,Premium,4-Wheel Drive,16.4805,Mercedes-Benz,Automatic 9-spd,8.0,4.7
30846,Compact Cars,Premium,4-Wheel Drive,18.3116666666667,Mercedes-Benz,Automatic 7-spd,8.0,5.5
30847,Compact Cars,Regular,Front-Wheel Drive,11.7717857142857,Mitsubishi,Manual 5-spd,4.0,2.0
30848,Compact Cars,Regular,Front-Wheel Drive,10.987,Mitsubishi,Auto(AV-S6),4.0,2.0
30849,Compact Cars,Regular,All-Wheel Drive,12.6773076923077,Mitsubishi,Auto(AV-S6),4.0,2.4
30850,Compact Cars,Regular,All-Wheel Drive,16.4805,Volkswagen,Automatic (S6),6.0,3.6
30851,Midsize Cars,Regular,Front-Wheel Drive,10.987,Nissan,Auto(AV-S7),4.0,2.5
30852,Standard Pickup Trucks,Regular,4-Wheel or All-Wheel Drive,15.6957142857143,GMC,Manual 4-spd,4.0,2.5
30853,Midsize Cars,Regular,Front-Wheel Drive,10.6325806451613,Nissan,Automatic (variable gear ratios),4.0,2.5
30854,Midsize Cars,Regular,Front-Wheel Drive,12.6773076923077,Nissan,Auto(AV-S7),6.0,3.5
30855,Midsize Cars,Regular,Front-Wheel Drive,10.987,Toyota,Manual 6-spd,4.0,1.8
30856,Midsize Cars,Regular,Front-Wheel Drive,10.3003125,Toyota,Automatic (variable gear ratios),4.0,1.8
30857,Midsize Cars,Regular,Front-Wheel Drive,10.6325806451613,Toyota,Auto(AV-S7),4.0,1.8
30858,Midsize Cars,Regular,Front-Wheel Drive,9.69441176470588,Toyota,Automatic (variable gear ratios),4.0,1.8
30859,Midsize Cars,Regular,Front-Wheel Drive,9.98818181818182,Toyota,Automatic (variable gear ratios),4.0,1.8
30860,Large Cars,Premium,4-Wheel Drive,18.3116666666667,Mercedes-Benz,Automatic 7-spd,8.0,5.5
30861,Small Station Wagons,Regular,Front-Wheel Drive,11.7717857142857,Honda,Manual 6-spd,4.0,1.8
30862,Small Station Wagons,Regular,Front-Wheel Drive,10.6325806451613,Honda,Automatic (variable gear ratios),4.0,1.8
30863,Standard Pickup Trucks,Regular,4-Wheel or All-Wheel Drive,16.4805,GMC,Manual 5-spd,4.0,2.5
30864,Small Station Wagons,Regular,Front-Wheel Drive,10.6325806451613,Honda,Auto(AV-S7),4.0,1.8
30865,Small Station Wagons,Regular,All-Wheel Drive,11.3658620689655,Honda,Automatic (variable gear ratios),4.0,1.8
30866,Small Station Wagons,Regular,All-Wheel Drive,11.3658620689655,Honda,Auto(AV-S7),4.0,1.8
30867,Small Sport Utility Vehicle 2WD,Regular,Front-Wheel Drive,14.3308695652174,Nissan,Automatic (variable gear ratios),6.0,3.5
30868,Small Sport Utility Vehicle 4WD,Diesel,All-Wheel Drive,13.1787931034483,Jaguar,Automatic (S8),4.0,2.0
30869,Small Sport Utility Vehicle 4WD,Regular,4-Wheel Drive,14.9822727272727,Nissan,Automatic (variable gear ratios),6.0,3.5
30870,Small Sport Utility Vehicle 4WD,Regular,4-Wheel Drive,15.6957142857143,Nissan,Automatic (variable gear ratios),6.0,3.5
30871,Standard Sport Utility Vehicle 4WD,Premium,All-Wheel Drive,10.987,Lexus,Auto(AV-S6),6.0,3.5
30872,Small Station Wagons,Electricity,Front-Wheel Drive,0.192,Kia,Automatic (A1),,
30873,Standard Sport Utility Vehicle 4WD,Premium and Electricity,All-Wheel Drive,9.17998916869565,BMW,Automatic (S8),4.0,2.0
30874,Standard Pickup Trucks,Regular,4-Wheel or All-Wheel Drive,20.600625,GMC,Automatic 4-spd,6.0,2.8
30875,Large Cars,Electricity,Rear-Wheel Drive,0.204,Tesla,Automatic (A1),,
30876,Large Cars,Electricity,All-Wheel Drive,0.192,Tesla,Automatic (A1),,
30877,Large Cars,Electricity,All-Wheel Drive,0.21,Tesla,Automatic (A1),,
30878,Standard Sport Utility Vehicle 4WD,Electricity,All-Wheel Drive,0.216,Tesla,Automatic (A1),,
30879,Two Seaters,Premium,Rear-Wheel Drive,11.3658620689655,Mazda,Manual 6-spd,4.0,2.0
30880,Two Seaters,Premium,Rear-Wheel Drive,11.3658620689655,Mazda,Automatic (S6),4.0,2.0
30881,Subcompact Cars,Regular,All-Wheel Drive,13.1844,Audi,Auto(AM-S6),4.0,2.0
30882,Midsize Cars,Regular,Front-Wheel Drive,11.3658620689655,Hyundai,Auto(AM7),4.0,1.6
30883,Midsize Cars,Regular,Front-Wheel Drive,13.1844,Hyundai,Manual 6-spd,4.0,1.6
30884,Midsize Cars,Premium,Front-Wheel Drive,13.1844,MINI,Manual 6-spd,4.0,2.0
30885,Standard Pickup Trucks,Regular,4-Wheel or All-Wheel Drive,19.3888235294118,GMC,Manual 4-spd,6.0,2.8
30886,Small Sport Utility Vehicle 2WD,Premium,Front-Wheel Drive,11.7717857142857,Fiat,Manual 6-spd,4.0,1.4
30887,Small Sport Utility Vehicle 2WD,Regular,Front-Wheel Drive,13.1844,Fiat,Automatic 9-spd,4.0,2.4
30888,Small Sport Utility Vehicle 2WD,Premium,Front-Wheel Drive,12.6773076923077,Jeep,Manual 6-spd,4.0,1.4
30889,Small Sport Utility Vehicle 4WD,Regular,All-Wheel Drive,13.73375,Fiat,Automatic 9-spd,4.0,2.4
30890,Small Sport Utility Vehicle 4WD,Premium,All-Wheel Drive,12.6773076923077,Jeep,Manual 6-spd,4.0,1.4
30891,Standard Pickup Trucks 2WD,Regular,Rear-Wheel Drive,18.3116666666667,Chevrolet,Automatic 8-spd,8.0,5.3
30892,Standard Pickup Trucks 2WD,Regular,Rear-Wheel Drive,18.3116666666667,GMC,Automatic 8-spd,8.0,5.3
30893,Small Station Wagons,Electricity,Front-Wheel Drive,0.168,Chevrolet,Automatic (A1),,
30894,Subcompact Cars,Premium,All-Wheel Drive,15.6957142857143,Lexus,Automatic (S6),6.0,3.5
30895,Subcompact Cars,Premium,Rear-Wheel Drive,14.9822727272727,Lexus,Automatic (S8),6.0,3.5
30896,Standard Pickup Trucks,Regular,4-Wheel or All-Wheel Drive,19.3888235294118,GMC,Manual 5-spd,6.0,2.8
30897,Subcompact Cars,Premium,All-Wheel Drive,15.6957142857143,Lexus,Automatic (S6),6.0,3.5
30898,Subcompact Cars,Premium,Rear-Wheel Drive,17.3478947368421,Lexus,Automatic (S8),8.0,5.0
30899,Subcompact Cars,Premium,Rear-Wheel Drive,12.6773076923077,Lexus,Automatic (S8),4.0,2.0
30900,Subcompact Cars,Premium,Rear-Wheel Drive,20.600625,Roush Performance,Manual 6-spd,8.0,5.0
30901,Subcompact Cars,Premium,Rear-Wheel Drive,19.3888235294118,Roush Performance,Automatic (S6),8.0,5.0
30902,Compact Cars,Premium,Rear-Wheel Drive,17.3478947368421,Lexus,Automatic (S8),8.0,5.0
30903,Compact Cars,Premium or E85,4-Wheel Drive,12.2077777777778,Mercedes-Benz,Auto(AM7),4.0,2.0
30904,Midsize Cars,Premium,Rear-Wheel Drive,17.3478947368421,Lexus,Automatic (S8),8.0,4.6
30905,Midsize Cars,Premium,All-Wheel Drive,18.3116666666667,Lexus,Automatic (S8),8.0,4.6
30906,Midsize Cars,Premium,Rear-Wheel Drive,17.3478947368421,Lexus,Automatic (S8),8.0,4.6
30907,Compact Cars,Regular,Front-Wheel Drive,17.3478947368421,Saab,Manual 5-spd,4.0,2.0
30908,Standard Pickup Trucks,Regular,4-Wheel or All-Wheel Drive,21.974,GMC,Automatic 4-spd,6.0,4.3
30909,Midsize Cars,Premium,All-Wheel Drive,18.3116666666667,Lexus,Automatic (S8),8.0,4.6
30910,Midsize Cars,Premium,Rear-Wheel Drive,14.3308695652174,Lexus,Automatic (S8),6.0,3.5
30911,Midsize Cars,Premium,All-Wheel Drive,14.9822727272727,Lexus,Automatic (S6),6.0,3.5
30912,Midsize Cars,Premium,Rear-Wheel Drive,14.9822727272727,Lexus,Automatic (S8),6.0,3.5
30913,Midsize Cars,Premium,Rear-Wheel Drive,12.6773076923077,Lexus,Automatic (S8),4.0,2.0
30914,Midsize Cars,Premium,Rear-Wheel Drive,13.73375,Lexus,Automatic (S8),4.0,2.0
30915,Midsize Cars,Premium,Rear-Wheel Drive,10.6325806451613,Lexus,Auto(AV-S8),6.0,3.5
30916,Midsize Cars,Premium,All-Wheel Drive,12.6773076923077,MINI,Manual 6-spd,4.0,1.5
30917,Large Cars,Regular,Front-Wheel Drive,10.6325806451613,Kia,Auto(AM7),4.0,1.6
30918,Large Cars,Regular,Front-Wheel Drive,13.1844,Kia,Automatic (S6),4.0,2.0
30919,Standard Pickup Trucks,Regular,4-Wheel or All-Wheel Drive,21.974,GMC,Manual 4-spd,6.0,4.3
30920,Large Cars,Regular,Front-Wheel Drive,11.3658620689655,Kia,Automatic (S6),4.0,2.4
30921,Large Cars,Regular,Front-Wheel Drive,11.7717857142857,Kia,Automatic (S6),4.0,2.4
30922,Large Cars,Premium,4-Wheel Drive,17.3478947368421,Mercedes-Benz,Automatic 9-spd,8.0,4.7
30923,Midsize Station Wagons,Regular,Front-Wheel Drive,13.73375,Nissan,Auto(AV-S7),6.0,3.5
30924,Midsize Station Wagons,Regular,All-Wheel Drive,13.73375,Nissan,Auto(AV-S7),6.0,3.5
30925,Standard Pickup Trucks 4WD,Regular,Part-time 4-Wheel Drive,17.3478947368421,Ford,Automatic (S10),6.0,3.5
30926,Special Purpose Vehicle 2WD,Regular,Front-Wheel Drive,13.1844,Chevrolet,Automatic (variable gear ratios),4.0,2.0
30927,Special Purpose Vehicle 2WD,Regular,Front-Wheel Drive,13.1844,Nissan,Automatic (variable gear ratios),4.0,2.0
30928,Small Sport Utility Vehicle 2WD,Premium,Front-Wheel Drive,14.9822727272727,Infiniti,Auto(AV-S7),6.0,3.5
30929,Small Sport Utility Vehicle 4WD,Premium,All-Wheel Drive,14.9822727272727,Infiniti,Auto(AV-S7),6.0,3.5
30930,Standard Pickup Trucks,Regular,4-Wheel or All-Wheel Drive,21.974,GMC,Manual 4-spd,6.0,4.3
30931,Small Sport Utility Vehicle 4WD,Regular,4-Wheel Drive,18.3116666666667,Jeep,Automatic 5-spd,6.0,3.6
30932,Small Sport Utility Vehicle 4WD,Regular,4-Wheel Drive,18.3116666666667,Jeep,Manual 6-spd,6.0,3.6
30933,Small Sport Utility Vehicle 4WD,Regular,4-Wheel Drive,18.3116666666667,Jeep,Automatic 5-spd,6.0,3.6
30934,Small Sport Utility Vehicle 4WD,Regular,4-Wheel Drive,18.3116666666667,Jeep,Manual 6-spd,6.0,3.6
30935,Standard Sport Utility Vehicle 2WD,Premium,Rear-Wheel Drive,20.600625,Infiniti,Automatic (S7),8.0,5.6
30936,Standard Sport Utility Vehicle 2WD,Regular,Front-Wheel Drive,12.6773076923077,Infiniti,Auto(AV-S7),4.0,2.5
30937,Standard Sport Utility Vehicle 4WD,Premium,4-Wheel Drive,21.974,Infiniti,Automatic (S7),8.0,5.6
30938,Standard Sport Utility Vehicle 4WD,Regular,All-Wheel Drive,12.6773076923077,Infiniti,Auto(AV-S7),4.0,2.5
30939,Compact Cars,Premium and Electricity,Front-Wheel Drive,5.931317675,Audi,Auto(AM-S6),4.0,1.4
30940,Subcompact Cars,Premium Gas or Electricity,Rear-Wheel Drive,1.23807953030303,BMW,Automatic (A1),2.0,0.6
30941,Standard Pickup Trucks,Regular,4-Wheel or All-Wheel Drive,25.3546153846154,GMC,Automatic 3-spd,8.0,5.0
30942,Subcompact Cars,Premium and Electricity,All-Wheel Drive,7.35465829359606,BMW,Automatic 6-spd,3.0,1.5
30943,Subcompact Cars,Regular,Front-Wheel Drive,11.3658620689655,Audi,Auto(AM-S7),4.0,2.0
30944,Subcompact Cars,Regular,Front-Wheel Drive,11.7717857142857,Audi,Auto(AM-S7),4.0,2.0
30945,Subcompact Cars,Premium,Rear-Wheel Drive,20.600625,Chevrolet,Manual 6-spd,8.0,6.2
30946,Subcompact Cars,Regular,Front-Wheel Drive,11.7717857142857,Volkswagen,Automatic (S6),4.0,1.8
30947,Subcompact Cars,Regular,Front-Wheel Drive,12.2077777777778,Volkswagen,Automatic (S6),4.0,1.8
30948,Compact Cars,Regular,Front-Wheel Drive,10.3003125,Honda,Manual 6-spd,4.0,2.0
30949,Compact Cars,Regular,Front-Wheel Drive,9.69441176470588,Honda,Automatic (variable gear ratios),4.0,2.0
30950,Compact Cars,Regular,Front-Wheel Drive,9.41742857142857,Honda,Manual 6-spd,4.0,1.5
30951,Compact Cars,Regular,Front-Wheel Drive,9.41742857142857,Honda,Automatic (variable gear ratios),4.0,1.5
30952,Standard Pickup Trucks,Regular,4-Wheel or All-Wheel Drive,23.5435714285714,GMC,Automatic 4-spd,8.0,5.0
30953,Compact Cars,Premium,Front-Wheel Drive,11.3658620689655,Mercedes-Benz,Auto(AM7),4.0,2.0
30954,Compact Cars,Regular,Front-Wheel Drive,12.6773076923077,Volkswagen,Auto(AM-S6),4.0,2.0
30955,Compact Cars,Regular,Front-Wheel Drive,11.7717857142857,Volkswagen,Automatic (S6),4.0,1.8
30956,Compact Cars,Regular,Front-Wheel Drive,12.2077777777778,Volkswagen,Automatic (S6),4.0,1.8
30957,Midsize Cars,Premium,Rear-Wheel Drive,25.3546153846154,Bentley,Automatic (S8),8.0,6.8
30958,Midsize Cars,Premium,All-Wheel Drive,14.9822727272727,Ford,Manual 6-spd,4.0,2.3
30959,Midsize Cars,Regular,Front-Wheel Drive,10.3003125,Honda,Manual 6-spd,4.0,2.0
30960,Midsize Cars,Regular,Front-Wheel Drive,9.69441176470588,Honda,Automatic (variable gear ratios),4.0,2.0
30961,Midsize Cars,Regular,Front-Wheel Drive,9.41742857142857,Honda,Manual 6-spd,4.0,1.5
30962,Midsize Cars,Regular,Front-Wheel Drive,9.15583333333333,Honda,Automatic (variable gear ratios),4.0,1.5
30963,Standard Pickup Trucks,Regular,4-Wheel or All-Wheel Drive,23.5435714285714,GMC,Manual 4-spd,8.0,5.0
30964,Midsize Cars,Premium,All-Wheel Drive,13.1844,MINI,Automatic (S8),4.0,1.5
30965,Midsize Cars,Regular,Front-Wheel Drive,10.987,Nissan,Manual 6-spd,4.0,1.8
30966,Midsize Cars,Regular,Front-Wheel Drive,10.3003125,Nissan,Automatic (variable gear ratios),4.0,1.8
30967,Midsize Cars,Premium,Front-Wheel Drive,11.7717857142857,Nissan,Manual 6-spd,4.0,1.6
30968,Midsize Cars,Premium,Front-Wheel Drive,11.3658620689655,Nissan,Auto(AV-S7),4.0,1.6
30969,Large Cars,Regular,Front-Wheel Drive,9.98818181818182,Honda,Manual 6-spd,4.0,1.5
30970,Large Cars,Regular,Front-Wheel Drive,9.69441176470588,Honda,Automatic (variable gear ratios),4.0,1.5
30971,Large Cars,Premium,Front-Wheel Drive,10.3003125,Honda,Auto(AV-S7),4.0,1.5
30972,Large Cars,Premium,Front-Wheel Drive,9.98818181818182,Honda,Manual 6-spd,4.0,1.5
30973,Small Station Wagons,Regular,All-Wheel Drive,13.1844,Volkswagen,Auto(AM-S6),4.0,1.8
30974,Standard Pickup Trucks,Regular,4-Wheel or All-Wheel Drive,23.5435714285714,GMC,Manual 4-spd,8.0,5.0
30975,Small Station Wagons,Regular,All-Wheel Drive,13.1844,Volkswagen,Auto(AM-S6),4.0,1.8
30976,Standard Pickup Trucks 2WD,Gasoline or E85,Rear-Wheel Drive,18.3116666666667,Ford,Automatic (S6),8.0,5.0
30977,Standard Pickup Trucks 2WD,Gasoline or E85,Rear-Wheel Drive,20.600625,Ford,Automatic (S6),8.0,5.0
30978,Standard Pickup Trucks 2WD,Regular,Rear-Wheel Drive,15.6957142857143,Ford,Automatic (S6),6.0,2.7
30979,Standard Pickup Trucks 2WD,Regular,Rear-Wheel Drive,14.9822727272727,Ford,Automatic (S6),6.0,2.7
30980,Standard Pickup Trucks 2WD,Gasoline or E85,Rear-Wheel Drive,16.4805,Ford,Automatic 6-spd,6.0,3.5
30981,Standard Pickup Trucks 2WD,Regular,Rear-Wheel Drive,15.6957142857143,Ford,Automatic (S10),6.0,3.5
30982,Standard Pickup Trucks 2WD,Regular,Rear-Wheel Drive,17.3478947368421,Ford,Automatic (S10),6.0,3.5
30983,Standard Pickup Trucks 2WD,Regular,Rear-Wheel Drive,15.6957142857143,Ford,Automatic (S6),6.0,2.7
30984,Standard Pickup Trucks 2WD,Regular,Rear-Wheel Drive,16.4805,Ford,Automatic (S10),6.0,3.5
30985,Standard Pickup Trucks,Regular,4-Wheel or All-Wheel Drive,25.3546153846154,GMC,Automatic 4-spd,8.0,5.7
30986,Standard Pickup Trucks 4WD,Gasoline or E85,Part-time 4-Wheel Drive,19.3888235294118,Ford,Automatic (S6),8.0,5.0
30987,Standard Pickup Trucks 4WD,Gasoline or E85,Part-time 4-Wheel Drive,20.600625,Ford,Automatic (S6),8.0,5.0
30988,Standard Pickup Trucks 4WD,Regular,Part-time 4-Wheel Drive,17.3478947368421,Ford,Automatic (S6),6.0,2.7
30989,Standard Pickup Trucks 4WD,Regular,Part-time 4-Wheel Drive,16.4805,Ford,Automatic (S6),6.0,2.7
30990,Standard Pickup Trucks 4WD,Gasoline or E85,Part-time 4-Wheel Drive,17.3478947368421,Ford,Automatic 6-spd,6.0,3.5
30991,Standard Pickup Trucks 4WD,Regular,Part-time 4-Wheel Drive,20.600625,Ford,Automatic (S10),6.0,3.5
30992,Standard Pickup Trucks 4WD,Regular,Part-time 4-Wheel Drive,17.3478947368421,Ford,Automatic (S6),6.0,2.7
30993,Standard Pickup Trucks 4WD,Regular,Part-time 4-Wheel Drive,16.4805,Ford,Automatic (S10),6.0,3.5
30994,Standard Pickup Trucks 4WD,Regular,Part-time 4-Wheel Drive,17.3478947368421,Ford,Automatic (S10),6.0,3.5
30995,Standard Pickup Trucks 4WD,Gasoline or E85,Part-time 4-Wheel Drive,19.3888235294118,Ford,Automatic (S6),8.0,5.0
30996,Standard Pickup Trucks,Regular,4-Wheel or All-Wheel Drive,27.4675,GMC,Manual 4-spd,8.0,5.7
30997,Small Sport Utility Vehicle 2WD,Premium,Front-Wheel Drive,13.1844,Lexus,Automatic (S6),4.0,2.0
30998,Small Sport Utility Vehicle 2WD,Regular,Front-Wheel Drive,12.2077777777778,Mitsubishi,Auto(AV-S6),4.0,2.4
30999,Small Sport Utility Vehicle 2WD,Regular,Front-Wheel Drive,13.1844,Mitsubishi,Manual 5-spd,4.0,2.0
31000,Small Sport Utility Vehicle 2WD,Regular,Front-Wheel Drive,12.2077777777778,Mitsubishi,Auto(AV-S6),4.0,2.0
31001,Small Sport Utility Vehicle 4WD,Regular,4-Wheel Drive,14.3308695652174,Jeep,Automatic 9-spd,4.0,2.4
31002,Small Sport Utility Vehicle 4WD,Premium,All-Wheel Drive,13.73375,Lexus,Automatic (S6),4.0,2.0
31003,Small Sport Utility Vehicle 4WD,Premium,All-Wheel Drive,13.73375,Lexus,Automatic (S6),4.0,2.0
31004,Small Sport Utility Vehicle 4WD,Regular,All-Wheel Drive,10.6325806451613,Lexus,Auto(AV-S6),4.0,2.5
31005,Small Sport Utility Vehicle 4WD,Regular,4-Wheel Drive,12.6773076923077,Mitsubishi,Auto(AV-S6),4.0,2.4
31006,Small Sport Utility Vehicle 4WD,Premium,4-Wheel Drive,14.3308695652174,Mitsubishi,Automatic (S6),6.0,3.0
31007,Standard Pickup Trucks,Diesel,4-Wheel or All-Wheel Drive,23.8865625,GMC,Automatic 4-spd,8.0,6.2
31008,Small Sport Utility Vehicle 4WD,Regular,4-Wheel Drive,12.6773076923077,Mitsubishi,Auto(AV-S6),4.0,2.0
31009,Standard Sport Utility Vehicle 4WD,Gasoline or E85,Part-time 4-Wheel Drive,23.5435714285714,Toyota,Automatic (S6),8.0,5.7
31010,Compact Cars,Premium,Rear-Wheel Drive,11.3658620689655,Infiniti,Automatic (S7),6.0,3.5
31011,Compact Cars,Premium,All-Wheel Drive,11.7717857142857,Infiniti,Automatic (S7),6.0,3.5
31012,Midsize Cars,Regular,Front-Wheel Drive,13.73375,Toyota,Automatic (S6),6.0,3.5
31013,Midsize Cars,Regular,Front-Wheel Drive,8.24025,Toyota,Auto(AV-S6),4.0,2.5
31014,Small Pickup Trucks 2WD,Regular,Rear-Wheel Drive,17.3478947368421,Nissan,Automatic 5-spd,4.0,2.5
31015,Small Pickup Trucks 2WD,Regular,Rear-Wheel Drive,15.6957142857143,Nissan,Manual 5-spd,4.0,2.5
31016,Small Pickup Trucks 2WD,Regular,Rear-Wheel Drive,17.3478947368421,Nissan,Automatic 5-spd,6.0,4.0
31017,Small Pickup Trucks 2WD,Regular,Rear-Wheel Drive,17.3478947368421,Nissan,Manual 6-spd,6.0,4.0
31018,Compact Cars,Regular,Front-Wheel Drive,15.6957142857143,Saab,Manual 5-spd,4.0,2.0
31019,Standard Pickup Trucks,Diesel,4-Wheel or All-Wheel Drive,22.4814705882353,GMC,Manual 4-spd,8.0,6.2
31020,Small Pickup Trucks 2WD,Gasoline or E85,Rear-Wheel Drive,18.3116666666667,Nissan,Automatic 5-spd,6.0,4.0
31021,Small Pickup Trucks 4WD,Regular,Part-time 4-Wheel Drive,19.3888235294118,Nissan,Automatic 5-spd,6.0,4.0
31022,Small Pickup Trucks 4WD,Regular,Part-time 4-Wheel Drive,18.3116666666667,Nissan,Manual 6-spd,6.0,4.0
31023,Small Pickup Trucks 4WD,Gasoline or E85,Part-time 4-Wheel Drive,19.3888235294118,Nissan,Automatic 5-spd,6.0,4.0
31024,Small Sport Utility Vehicle 2WD,Gasoline or E85,Front-Wheel Drive,13.1844,Jeep,Automatic 9-spd,4.0,2.4
31025,Small Sport Utility Vehicle 4WD,Regular,All-Wheel Drive,13.73375,Jeep,Automatic 9-spd,4.0,2.4
31026,Standard Sport Utility Vehicle 2WD,Regular,Rear-Wheel Drive,21.974,Toyota,Automatic (S6),8.0,5.7
31027,Standard Sport Utility Vehicle 4WD,Premium,4-Wheel Drive,25.3546153846154,Mercedes-Benz,Automatic 7-spd,8.0,5.5
31028,Standard Sport Utility Vehicle 4WD,Premium,4-Wheel Drive,27.4675,Mercedes-Benz,Automatic 7-spd,12.0,6.0
31029,Standard Sport Utility Vehicle 4WD,Regular,Part-time 4-Wheel Drive,23.5435714285714,Toyota,Automatic (S6),8.0,5.7
31030,Standard Pickup Trucks,Diesel,4-Wheel or All-Wheel Drive,22.4814705882353,GMC,Manual 4-spd,8.0,6.2
31031,Compact Cars,Regular,Front-Wheel Drive,10.6325806451613,Mazda,Manual 6-spd,4.0,2.0
31032,Compact Cars,Regular,Front-Wheel Drive,10.3003125,Mazda,Automatic (S6),4.0,2.0
31033,Compact Cars,Regular,Front-Wheel Drive,11.3658620689655,Mazda,Manual 6-spd,4.0,2.5
31034,Compact Cars,Regular,Front-Wheel Drive,10.987,Mazda,Automatic (S6),4.0,2.5
31035,Compact Cars,Regular,Front-Wheel Drive,10.6325806451613,Mazda,Automatic (S6),4.0,2.5
31036,Compact Cars,Premium,Rear-Wheel Drive,20.600625,Mercedes-Benz,Automatic 7-spd,12.0,6.0
31037,Midsize Cars,Regular,Rear-Wheel Drive,14.3308695652174,Dodge,Automatic 8-spd,6.0,3.6
31038,Midsize Cars,Regular,All-Wheel Drive,15.6957142857143,Dodge,Automatic 8-spd,6.0,3.6
31039,Midsize Cars,Midgrade,Rear-Wheel Drive,17.3478947368421,Dodge,Automatic 8-spd,8.0,5.7
31040,Midsize Cars,Premium,Rear-Wheel Drive,18.3116666666667,Dodge,Automatic 8-spd,8.0,6.4
31041,Standard Pickup Trucks,Regular,4-Wheel or All-Wheel Drive,25.3546153846154,GMC,Automatic 4-spd,8.0,5.7
31042,Midsize Cars,Premium,Rear-Wheel Drive,18.3116666666667,Dodge,Manual 6-spd,8.0,5.7
31043,Midsize Cars,Premium,Rear-Wheel Drive,20.600625,Dodge,Automatic 8-spd,8.0,6.2
31044,Midsize Cars,Premium,Rear-Wheel Drive,18.3116666666667,Dodge,Automatic 8-spd,8.0,6.4
31045,Midsize Cars,Premium,Rear-Wheel Drive,20.600625,Dodge,Manual 6-spd,8.0,6.2
31046,Midsize Cars,Regular,Front-Wheel Drive,10.6325806451613,Mazda,Manual 6-spd,4.0,2.0
31047,Midsize Cars,Regular,Front-Wheel Drive,10.6325806451613,Mazda,Automatic (S6),4.0,2.0
31048,Midsize Cars,Regular,Front-Wheel Drive,11.7717857142857,Mazda,Manual 6-spd,4.0,2.5
31049,Midsize Cars,Regular,Front-Wheel Drive,10.987,Mazda,Automatic (S6),4.0,2.5
31050,Midsize Cars,Regular,Front-Wheel Drive,10.987,Mazda,Automatic (S6),4.0,2.5
31051,Midsize Cars,Regular,All-Wheel Drive,10.3003125,Subaru,Auto(AV-S7),4.0,2.0
31052,Standard Pickup Trucks,Regular,4-Wheel or All-Wheel Drive,27.4675,GMC,Manual 4-spd,8.0,5.7
31053,Midsize Cars,Regular,All-Wheel Drive,10.987,Subaru,Auto(AV-S7),4.0,2.0
31054,Large Cars,Regular,Rear-Wheel Drive,14.3308695652174,Chrysler,Automatic 8-spd,6.0,3.6
31055,Large Cars,Regular,All-Wheel Drive,15.6957142857143,Chrysler,Automatic 8-spd,6.0,3.6
31056,Large Cars,Midgrade,Rear-Wheel Drive,17.3478947368421,Chrysler,Automatic 8-spd,8.0,5.7
31057,Large Cars,Regular,Rear-Wheel Drive,14.3308695652174,Dodge,Automatic 8-spd,6.0,3.6
31058,Large Cars,Regular,All-Wheel Drive,15.6957142857143,Dodge,Automatic 8-spd,6.0,3.6
31059,Large Cars,Midgrade,Rear-Wheel Drive,17.3478947368421,Dodge,Automatic 8-spd,8.0,5.7
31060,Large Cars,Premium,Rear-Wheel Drive,18.3116666666667,Dodge,Automatic 8-spd,8.0,6.4
31061,Large Cars,Premium,Rear-Wheel Drive,20.600625,Dodge,Automatic 8-spd,8.0,6.2
31062,Large Cars,Premium,Rear-Wheel Drive,18.3116666666667,Dodge,Automatic 8-spd,8.0,6.4
31063,Standard Pickup Trucks,Diesel,4-Wheel or All-Wheel Drive,23.8865625,GMC,Automatic 4-spd,8.0,6.2
31064,Small Station Wagons,Premium,Front-Wheel Drive,11.3658620689655,Nissan,Auto(AV-S7),4.0,1.6
31065,Small Station Wagons,Premium,Front-Wheel Drive,11.3658620689655,Nissan,Manual 6-spd,4.0,1.6
31066,Small Station Wagons,Premium,All-Wheel Drive,11.7717857142857,Nissan,Auto(AV-S7),4.0,1.6
31067,Small Station Wagons,Premium,Front-Wheel Drive,11.7717857142857,Nissan,Manual 6-spd,4.0,1.6
31068,Small Station Wagons,Premium,All-Wheel Drive,12.6773076923077,Nissan,Auto(AV-S8),4.0,1.6
31069,Small Station Wagons,Regular,All-Wheel Drive,10.6325806451613,Subaru,Auto(AV-S7),4.0,2.0
31070,Small Station Wagons,Regular,All-Wheel Drive,10.987,Subaru,Auto(AV-S7),4.0,2.0
31071,Special Purpose Vehicle 2WD,Premium,Rear-Wheel Drive,14.9822727272727,Mercedes-Benz,Automatic 7-spd,4.0,2.0
31072,Special Purpose Vehicle 2WD,Premium,Rear-Wheel Drive,14.9822727272727,Mercedes-Benz,Automatic 7-spd,4.0,2.0
31073,Compact Cars,Premium,All-Wheel Drive,15.6957142857143,Lexus,Automatic (S6),6.0,3.5
31074,Standard Pickup Trucks,Diesel,4-Wheel or All-Wheel Drive,22.4814705882353,GMC,Manual 4-spd,8.0,6.2
31075,Compact Cars,Premium,Rear-Wheel Drive,14.9822727272727,Lexus,Automatic (S8),6.0,3.5
31076,Compact Cars,Premium,All-Wheel Drive,15.6957142857143,Lexus,Automatic (S6),6.0,3.5
31077,Compact Cars,Premium,Rear-Wheel Drive,12.6773076923077,Lexus,Automatic (S8),4.0,2.0
31078,Large Cars,Premium,Rear-Wheel Drive,18.3116666666667,Jaguar,Automatic (S8),8.0,5.0
31079,Large Cars,Premium,Rear-Wheel Drive,18.3116666666667,Jaguar,Automatic (S8),8.0,5.0
31080,Large Cars,Premium,Rear-Wheel Drive,15.6957142857143,Jaguar,Automatic (S8),6.0,3.0
31081,Large Cars,Premium,All-Wheel Drive,16.4805,Jaguar,Automatic (S8),6.0,3.0
31082,Large Cars,Premium,All-Wheel Drive,16.4805,Jaguar,Automatic (S8),6.0,3.0
31083,Large Cars,Premium,Rear-Wheel Drive,15.6957142857143,Jaguar,Automatic (S8),6.0,3.0
31084,Small Sport Utility Vehicle 2WD,Regular,Front-Wheel Drive,13.73375,Ford,Automatic (S6),4.0,2.0
31085,Standard Pickup Trucks,Regular,4-Wheel or All-Wheel Drive,18.3116666666667,Jeep,Automatic 4-spd,4.0,2.5
31086,Small Sport Utility Vehicle 2WD,Regular,Front-Wheel Drive,13.73375,Ford,Automatic (S6),4.0,2.0
31087,Small Sport Utility Vehicle 2WD,Regular,Front-Wheel Drive,16.4805,Ford,Automatic (S6),6.0,3.5
31088,Small Sport Utility Vehicle 4WD,Regular,All-Wheel Drive,14.3308695652174,Ford,Automatic (S6),4.0,2.0
31089,Small Sport Utility Vehicle 4WD,Regular,All-Wheel Drive,17.3478947368421,Ford,Automatic (S6),6.0,3.5
31090,Standard Pickup Trucks,Regular,4-Wheel or All-Wheel Drive,16.4805,Jeep,Manual 4-spd,4.0,2.5
31091,Standard Pickup Trucks,Regular,4-Wheel or All-Wheel Drive,17.3478947368421,Jeep,Manual 5-spd,4.0,2.5
31092,Standard Pickup Trucks,Regular,4-Wheel or All-Wheel Drive,20.600625,Jeep,Automatic 4-spd,6.0,4.0
31093,Compact Cars,Regular,Front-Wheel Drive,13.73375,Subaru,Automatic 3-spd,4.0,1.8
31094,Standard Pickup Trucks,Regular,4-Wheel or All-Wheel Drive,19.3888235294118,Jeep,Manual 5-spd,6.0,4.0
31095,Standard Pickup Trucks,Regular,4-Wheel or All-Wheel Drive,20.600625,Jeep,Automatic 3-spd,6.0,4.2
31096,Standard Pickup Trucks,Regular,4-Wheel or All-Wheel Drive,21.974,Jeep,Manual 4-spd,6.0,4.2
31097,Standard Pickup Trucks,Regular,4-Wheel or All-Wheel Drive,29.9645454545455,Jeep,Automatic 3-spd,8.0,5.9
31098,Standard Pickup Trucks,Regular,4-Wheel or All-Wheel Drive,29.9645454545455,Jeep,Automatic 3-spd,8.0,5.9
31099,Standard Pickup Trucks,Regular,4-Wheel or All-Wheel Drive,18.3116666666667,Mitsubishi,Automatic 4-spd,4.0,2.6
31100,Standard Pickup Trucks,Regular,4-Wheel or All-Wheel Drive,18.3116666666667,Mitsubishi,Manual 5-spd,4.0,2.6
31101,Standard Pickup Trucks,Regular,4-Wheel or All-Wheel Drive,17.3478947368421,Toyota,Manual 5-spd,4.0,2.4
31102,Standard Pickup Trucks,Regular,4-Wheel or All-Wheel Drive,18.3116666666667,Toyota,Manual 5-spd,4.0,2.4
31103,Standard Pickup Trucks,Regular,4-Wheel or All-Wheel Drive,17.3478947368421,Toyota,Automatic 4-spd,4.0,2.4
31104,Compact Cars,Regular,Front-Wheel Drive,10.987,Subaru,Manual 4-spd,4.0,1.8
31105,Standard Pickup Trucks,Regular,4-Wheel or All-Wheel Drive,18.3116666666667,Toyota,Manual 5-spd,4.0,2.4
31106,Standard Pickup Trucks,Regular,4-Wheel or All-Wheel Drive,16.4805,Toyota,Manual 5-spd,4.0,2.4
31107,Vans,Regular,Rear-Wheel Drive,17.3478947368421,Chevrolet,Automatic 4-spd,4.0,2.5
31108,Vans,Regular,Rear-Wheel Drive,16.4805,Chevrolet,Manual 4-spd,4.0,2.5
31109,Vans,Regular,Rear-Wheel Drive,15.6957142857143,Chevrolet,Manual 5-spd,4.0,2.5
31110,Vans,Regular,Rear-Wheel Drive,19.3888235294118,Chevrolet,Automatic 4-spd,6.0,4.3
31111,Vans,Regular,Rear-Wheel Drive,18.3116666666667,Chevrolet,Manual 5-spd,6.0,4.3
31112,Vans,Regular,Rear-Wheel Drive,21.974,Chevrolet,Automatic 3-spd,6.0,4.3
31113,Vans,Regular,Rear-Wheel Drive,20.600625,Chevrolet,Automatic 4-spd,6.0,4.3
31114,Vans,Regular,Rear-Wheel Drive,19.3888235294118,Chevrolet,Manual 3-spd,6.0,4.3
31115,Compact Cars,Regular,Front-Wheel Drive,12.6773076923077,Subaru,Manual 5-spd,4.0,1.8
31116,Vans,Regular,Rear-Wheel Drive,23.5435714285714,Chevrolet,Automatic 3-spd,8.0,5.0
31117,Vans,Regular,Rear-Wheel Drive,23.5435714285714,Chevrolet,Automatic 4-spd,8.0,5.0
31118,Vans,Regular,Rear-Wheel Drive,21.974,Chevrolet,Manual 3-spd,8.0,5.0
31119,Vans,Regular,Rear-Wheel Drive,21.974,Chevrolet,Manual 4-spd,8.0,5.0
31120,Vans,Regular,Rear-Wheel Drive,23.5435714285714,Chevrolet,Automatic 4-spd,8.0,5.7
31121,Vans,Diesel,Rear-Wheel Drive,21.2325,Chevrolet,Automatic 4-spd,8.0,6.2
31122,Vans,Diesel,Rear-Wheel Drive,20.115,Chevrolet,Manual 4-spd,8.0,6.2
31123,Vans,Regular,Rear-Wheel Drive,21.974,Chevrolet,Automatic 4-spd,6.0,4.3
31124,Vans,Regular,Rear-Wheel Drive,19.3888235294118,Nissan,Automatic 4-spd,4.0,2.4
31125,Vans,Regular,Rear-Wheel Drive,18.3116666666667,Nissan,Manual 5-spd,4.0,2.4
31126,Compact Cars,Regular,Front-Wheel Drive,14.9822727272727,Subaru,Automatic 3-spd,4.0,1.8
31127,Vans,Regular,Rear-Wheel Drive,25.3546153846154,Dodge,Automatic 3-spd,6.0,3.7
31128,Vans,Regular,Rear-Wheel Drive,21.974,Dodge,Automatic 3-spd,6.0,3.7
31129,Vans,Regular,Rear-Wheel Drive,20.600625,Dodge,Manual 4-spd,6.0,3.7
31130,Vans,Regular,Rear-Wheel Drive,23.5435714285714,Dodge,Manual 4-spd,6.0,3.7
31131,Vans,Regular,Rear-Wheel Drive,27.4675,Dodge,Automatic 3-spd,8.0,5.2
31132,Vans,Regular,Rear-Wheel Drive,27.4675,Dodge,Automatic 3-spd,8.0,5.2
31133,Vans,Regular,Rear-Wheel Drive,25.3546153846154,Dodge,Automatic 3-spd,8.0,5.2
31134,Vans,Regular,Rear-Wheel Drive,25.3546153846154,Dodge,Manual 4-spd,8.0,5.2
31135,Vans,Regular,Rear-Wheel Drive,25.3546153846154,Dodge,Manual 4-spd,8.0,5.2
31136,Vans,Regular,Rear-Wheel Drive,29.9645454545455,Dodge,Automatic 3-spd,8.0,5.9
31137,Compact Cars,Regular,Front-Wheel Drive,13.1844,Subaru,Manual 5-spd,4.0,1.8
31138,Vans,Regular,Rear-Wheel Drive,27.4675,Dodge,Automatic 3-spd,8.0,5.2
31139,Vans,Regular,Rear-Wheel Drive,27.4675,Dodge,Automatic 3-spd,8.0,5.2
31140,Vans,Regular,Rear-Wheel Drive,29.9645454545455,Dodge,Automatic 3-spd,8.0,5.9
31141,Vans,Regular,Rear-Wheel Drive,16.4805,Ford,Automatic 4-spd,4.0,2.3
31142,Vans,Regular,Rear-Wheel Drive,13.73375,Ford,Manual 5-spd,4.0,2.3
31143,Vans,Regular,Rear-Wheel Drive,17.3478947368421,Ford,Automatic 4-spd,6.0,3.0
31144,Vans,Regular,Rear-Wheel Drive,17.3478947368421,Ford,Manual 5-spd,6.0,3.0
31145,Vans,Regular,Rear-Wheel Drive,23.5435714285714,Ford,Automatic 3-spd,6.0,4.9
31146,Vans,Regular,Rear-Wheel Drive,21.974,Ford,Automatic 4-spd,6.0,4.9
31147,Vans,Regular,Rear-Wheel Drive,20.600625,Ford,Manual 4-spd,6.0,4.9
31148,Compact Cars,Diesel,Front-Wheel Drive,14.155,Toyota,Automatic 4-spd,4.0,1.8
31149,Vans,Regular,Rear-Wheel Drive,23.5435714285714,Ford,Automatic 4-spd,8.0,5.0
31150,Vans,Regular,Rear-Wheel Drive,29.9645454545455,Ford,Automatic 3-spd,8.0,5.8
31151,Vans,Regular,Rear-Wheel Drive,29.9645454545455,Ford,Automatic 3-spd,8.0,5.8
31152,Vans,Regular,Rear-Wheel Drive,23.5435714285714,Ford,Automatic 3-spd,6.0,4.9
31153,Vans,Regular,Rear-Wheel Drive,25.3546153846154,Ford,Automatic 4-spd,8.0,5.0
31154,Vans,Regular,Rear-Wheel Drive,29.9645454545455,Ford,Automatic 3-spd,8.0,5.8
31155,Vans,Regular,Rear-Wheel Drive,29.9645454545455,Ford,Automatic 3-spd,8.0,5.8
31156,Vans,Regular,Rear-Wheel Drive,21.974,GMC,Automatic 3-spd,6.0,4.3
31157,Vans,Regular,Rear-Wheel Drive,20.600625,GMC,Automatic 4-spd,6.0,4.3
31158,Vans,Regular,Rear-Wheel Drive,19.3888235294118,GMC,Manual 3-spd,6.0,4.3
31159,Minicompact Cars,Regular,Rear-Wheel Drive,27.4675,Maserati,Automatic 3-spd,6.0,2.5
31160,Compact Cars,Regular,Front-Wheel Drive,12.6773076923077,Toyota,Automatic 4-spd,4.0,2.0
31161,Vans,Regular,Rear-Wheel Drive,23.5435714285714,GMC,Automatic 3-spd,8.0,5.0
31162,Vans,Regular,Rear-Wheel Drive,23.5435714285714,GMC,Automatic 4-spd,8.0,5.0
31163,Vans,Regular,Rear-Wheel Drive,21.974,GMC,Manual 3-spd,8.0,5.0
31164,Vans,Regular,Rear-Wheel Drive,21.974,GMC,Manual 4-spd,8.0,5.0
31165,Vans,Regular,Rear-Wheel Drive,23.5435714285714,GMC,Automatic 4-spd,8.0,5.7
31166,Vans,Diesel,Rear-Wheel Drive,21.2325,GMC,Automatic 4-spd,8.0,6.2
31167,Vans,Diesel,Rear-Wheel Drive,20.115,GMC,Manual 4-spd,8.0,6.2
31168,Vans,Regular,Rear-Wheel Drive,21.974,GMC,Automatic 4-spd,6.0,4.3
31169,Vans,Regular,Rear-Wheel Drive,17.3478947368421,GMC,Automatic 4-spd,4.0,2.5
31170,Vans,Regular,Rear-Wheel Drive,16.4805,GMC,Manual 4-spd,4.0,2.5
31171,Compact Cars,Regular,Front-Wheel Drive,12.2077777777778,Toyota,Manual 5-spd,4.0,2.0
31172,Vans,Regular,Rear-Wheel Drive,15.6957142857143,GMC,Manual 5-spd,4.0,2.5
31173,Vans,Regular,Rear-Wheel Drive,19.3888235294118,GMC,Automatic 4-spd,6.0,4.3
31174,Vans,Regular,Rear-Wheel Drive,18.3116666666667,GMC,Manual 5-spd,6.0,4.3
31175,Vans,Regular,Rear-Wheel Drive,18.3116666666667,Mitsubishi,Automatic 4-spd,4.0,2.4
31176,Vans,Regular,Rear-Wheel Drive,17.3478947368421,Toyota,Automatic 4-spd,4.0,2.2
31177,Vans,Regular,Rear-Wheel Drive,16.4805,Toyota,Manual 5-spd,4.0,2.2
31178,Vans,Regular,4-Wheel or All-Wheel Drive,18.3116666666667,Toyota,Automatic 4-spd,4.0,2.2
31179,Vans,Regular,4-Wheel or All-Wheel Drive,17.3478947368421,Toyota,Manual 5-spd,4.0,2.2
31180,Vans,Regular,Rear-Wheel Drive,19.3888235294118,Chevrolet,Automatic 4-spd,6.0,4.3
31181,Vans,Regular,Rear-Wheel Drive,19.3888235294118,Chevrolet,Manual 5-spd,6.0,4.3
31182,Compact Cars,Regular,Front-Wheel Drive,12.6773076923077,Toyota,Automatic 3-spd,4.0,1.6
31183,Vans,Regular,Rear-Wheel Drive,21.974,Chevrolet,Automatic 4-spd,6.0,4.3
31184,Vans,Regular,Rear-Wheel Drive,21.974,Chevrolet,Manual 3-spd,6.0,4.3
31185,Vans,Regular,Rear-Wheel Drive,25.3546153846154,Chevrolet,Automatic 4-spd,8.0,5.0
31186,Vans,Regular,Rear-Wheel Drive,25.3546153846154,Chevrolet,Automatic 4-spd,8.0,5.7
31187,Vans,Diesel,Rear-Wheel Drive,21.2325,Chevrolet,Automatic 4-spd,8.0,6.2
31188,Vans,Diesel,Rear-Wheel Drive,22.4814705882353,Chevrolet,Manual 4-spd,8.0,6.2
31189,Vans,Regular,Rear-Wheel Drive,25.3546153846154,Chevrolet,Automatic 4-spd,8.0,5.7
31190,Vans,Regular,Rear-Wheel Drive,19.3888235294118,Nissan,Automatic 4-spd,4.0,2.4
31191,Vans,Regular,Rear-Wheel Drive,18.3116666666667,Nissan,Manual 5-spd,4.0,2.4
31192,Vans,Regular,Rear-Wheel Drive,25.3546153846154,Dodge,Automatic 3-spd,6.0,3.7
31193,Compact Cars,Regular,Front-Wheel Drive,12.2077777777778,Toyota,Automatic 4-spd,4.0,1.6
31194,Vans,Regular,Rear-Wheel Drive,23.5435714285714,Dodge,Automatic 3-spd,6.0,3.7
31195,Vans,Regular,Rear-Wheel Drive,21.974,Dodge,Manual 4-spd,6.0,3.7
31196,Vans,Regular,Rear-Wheel Drive,27.4675,Dodge,Automatic 3-spd,8.0,5.2
31197,Vans,Regular,Rear-Wheel Drive,27.4675,Dodge,Automatic 3-spd,8.0,5.2
31198,Vans,Regular,Rear-Wheel Drive,25.3546153846154,Dodge,Automatic 3-spd,8.0,5.2
31199,Vans,Regular,Rear-Wheel Drive,25.3546153846154,Dodge,Manual 4-spd,8.0,5.2
31200,Vans,Regular,Rear-Wheel Drive,25.3546153846154,Dodge,Manual 4-spd,8.0,5.2
31201,Vans,Regular,Rear-Wheel Drive,32.961,Dodge,Automatic 3-spd,8.0,5.9
31202,Vans,Regular,Rear-Wheel Drive,27.4675,Dodge,Automatic 3-spd,8.0,5.2
31203,Vans,Regular,Rear-Wheel Drive,29.9645454545455,Dodge,Automatic 3-spd,8.0,5.2
31204,Compact Cars,Regular,Front-Wheel Drive,11.3658620689655,Toyota,Manual 5-spd,4.0,1.6
31205,Vans,Regular,Rear-Wheel Drive,32.961,Dodge,Automatic 3-spd,8.0,5.9
31206,Vans,Regular,Rear-Wheel Drive,15.6957142857143,Ford,Manual 5-spd,4.0,2.3
31207,Vans,Regular,Rear-Wheel Drive,19.3888235294118,Ford,Automatic 4-spd,6.0,3.0
31208,Vans,Regular,Rear-Wheel Drive,19.3888235294118,Ford,Manual 5-spd,6.0,3.0
31209,Vans,Regular,Rear-Wheel Drive,25.3546153846154,Ford,Automatic 3-spd,6.0,4.9
31210,Vans,Regular,Rear-Wheel Drive,21.974,Ford,Automatic 4-spd,6.0,4.9
31211,Vans,Regular,Rear-Wheel Drive,21.974,Ford,Manual 4-spd,6.0,4.9
31212,Vans,Regular,Rear-Wheel Drive,21.974,Ford,Manual 4-spd,6.0,4.9
31213,Vans,Regular,Rear-Wheel Drive,25.3546153846154,Ford,Automatic 4-spd,8.0,5.0
31214,Vans,Regular,Rear-Wheel Drive,29.9645454545455,Ford,Automatic 3-spd,8.0,5.8
31215,Compact Cars,Diesel,Front-Wheel Drive,12.3285483870968,Toyota,Automatic 3-spd,4.0,1.8
31216,Vans,Regular,Rear-Wheel Drive,29.9645454545455,Ford,Automatic 3-spd,8.0,5.8
31217,Vans,Regular,Rear-Wheel Drive,21.974,GMC,Automatic 4-spd,6.0,4.3
31218,Vans,Regular,Rear-Wheel Drive,21.974,GMC,Manual 3-spd,6.0,4.3
31219,Vans,Regular,Rear-Wheel Drive,25.3546153846154,GMC,Automatic 4-spd,8.0,5.0
31220,Vans,Regular,Rear-Wheel Drive,25.3546153846154,GMC,Automatic 4-spd,8.0,5.7
31221,Vans,Diesel,Rear-Wheel Drive,21.2325,GMC,Automatic 4-spd,8.0,6.2
31222,Vans,Diesel,Rear-Wheel Drive,22.4814705882353,GMC,Manual 4-spd,8.0,6.2
31223,Vans,Regular,Rear-Wheel Drive,25.3546153846154,GMC,Automatic 4-spd,8.0,5.7
31224,Vans,Regular,Rear-Wheel Drive,19.3888235294118,GMC,Automatic 4-spd,6.0,4.3
31225,Vans,Regular,Rear-Wheel Drive,19.3888235294118,GMC,Manual 5-spd,6.0,4.3
31226,Compact Cars,Diesel,Front-Wheel Drive,10.61625,Toyota,Manual 5-spd,4.0,1.8
31227,Vans,Regular,Rear-Wheel Drive,19.3888235294118,Mitsubishi,Automatic 4-spd,4.0,2.4
31228,Vans,Regular,Rear-Wheel Drive,17.3478947368421,Toyota,Automatic 4-spd,4.0,2.2
31229,Vans,Regular,Rear-Wheel Drive,16.4805,Toyota,Manual 5-spd,4.0,2.2
31230,Vans,Regular,4-Wheel or All-Wheel Drive,18.3116666666667,Toyota,Automatic 4-spd,4.0,2.2
31231,Vans,Regular,4-Wheel or All-Wheel Drive,17.3478947368421,Toyota,Manual 5-spd,4.0,2.2
31232,Vans,Regular,4-Wheel or All-Wheel Drive,23.5435714285714,Volkswagen,Manual 5-spd,4.0,2.1
31233,Vans,Regular,Rear-Wheel Drive,23.5435714285714,Volkswagen,Automatic 3-spd,4.0,2.1
31234,Vans,Regular,Rear-Wheel Drive,21.974,Volkswagen,Manual 4-spd,4.0,2.1
31235,Special Purpose Vehicle 2WD,Regular,Rear-Wheel Drive,23.5435714285714,Chevrolet,Automatic 4-spd,8.0,5.0
31236,Special Purpose Vehicle 2WD,Regular,Rear-Wheel Drive,25.3546153846154,Chevrolet,Automatic 4-spd,8.0,5.7
31237,Compact Cars,Premium,Rear-Wheel Drive,17.3478947368421,Toyota,Automatic 4-spd,6.0,2.8
31238,Special Purpose Vehicle 2WD,Diesel,Rear-Wheel Drive,21.2325,Chevrolet,Automatic 4-spd,8.0,6.2
31239,Special Purpose Vehicle 2WD,Regular,Rear-Wheel Drive,17.3478947368421,Chevrolet,Automatic 3-spd,4.0,2.5
31240,Special Purpose Vehicle 2WD,Regular,Rear-Wheel Drive,17.3478947368421,Chevrolet,Automatic 4-spd,4.0,2.5
31241,Special Purpose Vehicle 2WD,Regular,Rear-Wheel Drive,16.4805,Chevrolet,Manual 4-spd,4.0,2.5
31242,Special Purpose Vehicle 2WD,Regular,Rear-Wheel Drive,15.6957142857143,Chevrolet,Manual 5-spd,4.0,2.5
31243,Special Purpose Vehicle 2WD,Regular,Rear-Wheel Drive,20.600625,Chevrolet,Automatic 3-spd,6.0,2.8
31244,Special Purpose Vehicle 2WD,Regular,Rear-Wheel Drive,19.3888235294118,Chevrolet,Automatic 4-spd,6.0,2.8
31245,Special Purpose Vehicle 2WD,Regular,Rear-Wheel Drive,19.3888235294118,Chevrolet,Manual 4-spd,6.0,2.8
31246,Special Purpose Vehicle 2WD,Regular,Rear-Wheel Drive,18.3116666666667,Chevrolet,Manual 5-spd,6.0,2.8
31247,Special Purpose Vehicle 2WD,Regular,Rear-Wheel Drive,27.4675,Dodge,Automatic 3-spd,8.0,5.2
31248,Compact Cars,Premium,Rear-Wheel Drive,17.3478947368421,Toyota,Manual 5-spd,6.0,2.8
31249,Special Purpose Vehicle 2WD,Regular,Rear-Wheel Drive,27.4675,Dodge,Automatic 3-spd,8.0,5.2
31250,Special Purpose Vehicle 2WD,Regular,Rear-Wheel Drive,25.3546153846154,Dodge,Automatic 3-spd,8.0,5.2
31251,Special Purpose Vehicle 2WD,Regular,Rear-Wheel Drive,29.9645454545455,Dodge,Automatic 3-spd,8.0,5.9
31252,Special Purpose Vehicle 2WD,Regular,Front-Wheel Drive,18.3116666666667,Dodge,Automatic 3-spd,4.0,2.2
31253,Special Purpose Vehicle 2WD,Regular,Front-Wheel Drive,17.3478947368421,Dodge,Automatic 3-spd,4.0,2.2
31254,Special Purpose Vehicle 2WD,Regular,Front-Wheel Drive,15.6957142857143,Dodge,Manual 5-spd,4.0,2.2
31255,Special Purpose Vehicle 2WD,Regular,Front-Wheel Drive,14.9822727272727,Dodge,Manual 5-spd,4.0,2.2
31256,Special Purpose Vehicle 2WD,Regular,Front-Wheel Drive,18.3116666666667,Dodge,Automatic 3-spd,4.0,2.5
31257,Special Purpose Vehicle 2WD,Regular,Front-Wheel Drive,16.4805,Dodge,Manual 5-spd,4.0,2.5
31258,Special Purpose Vehicle 2WD,Regular,Front-Wheel Drive,18.3116666666667,Dodge,Automatic 3-spd,4.0,2.6
31259,Compact Cars,Diesel,Front-Wheel Drive,10.9195714285714,Volkswagen,Manual 5-spd,4.0,1.6
31260,Special Purpose Vehicle 2WD,Regular,Front-Wheel Drive,17.3478947368421,Dodge,Automatic 3-spd,6.0,3.0
31261,Special Purpose Vehicle 2WD,Regular,Rear-Wheel Drive,18.3116666666667,Ford,Automatic 4-spd,6.0,2.9
31262,Special Purpose Vehicle 2WD,Regular,Rear-Wheel Drive,17.3478947368421,Ford,Manual 5-spd,6.0,2.9
31263,Special Purpose Vehicle 2WD,Regular,Rear-Wheel Drive,23.5435714285714,GMC,Automatic 4-spd,8.0,5.0
31264,Special Purpose Vehicle 2WD,Regular,Rear-Wheel Drive,25.3546153846154,GMC,Automatic 4-spd,8.0,5.7
31265,Special Purpose Vehicle 2WD,Diesel,Rear-Wheel Drive,21.2325,GMC,Automatic 4-spd,8.0,6.2
31266,Special Purpose Vehicle 2WD,Regular,Rear-Wheel Drive,17.3478947368421,GMC,Automatic 3-spd,4.0,2.5
31267,Special Purpose Vehicle 2WD,Regular,Rear-Wheel Drive,17.3478947368421,GMC,Automatic 4-spd,4.0,2.5
31268,Special Purpose Vehicle 2WD,Regular,Rear-Wheel Drive,16.4805,GMC,Manual 4-spd,4.0,2.5
31269,Special Purpose Vehicle 2WD,Regular,Rear-Wheel Drive,15.6957142857143,GMC,Manual 5-spd,4.0,2.5
31270,Two Seaters,Regular,Rear-Wheel Drive,19.3888235294118,Chevrolet,Manual 4-spd,8.0,5.7
31271,Minicompact Cars,Regular,Rear-Wheel Drive,23.5435714285714,Maserati,Manual 5-spd,6.0,2.5
31272,Compact Cars,Regular,Front-Wheel Drive,14.3308695652174,Volkswagen,Automatic 3-spd,4.0,1.8
31273,Special Purpose Vehicle 2WD,Regular,Rear-Wheel Drive,20.600625,GMC,Automatic 3-spd,6.0,2.8
31274,Special Purpose Vehicle 2WD,Regular,Rear-Wheel Drive,19.3888235294118,GMC,Automatic 4-spd,6.0,2.8
31275,Special Purpose Vehicle 2WD,Regular,Rear-Wheel Drive,19.3888235294118,GMC,Manual 4-spd,6.0,2.8
31276,Special Purpose Vehicle 2WD,Regular,Rear-Wheel Drive,18.3116666666667,GMC,Manual 5-spd,6.0,2.8
31277,Special Purpose Vehicle 2WD,Regular,Rear-Wheel Drive,17.3478947368421,Jeep,Automatic 4-spd,4.0,2.5
31278,Special Purpose Vehicle 2WD,Regular,Rear-Wheel Drive,15.6957142857143,Jeep,Manual 4-spd,4.0,2.5
31279,Special Purpose Vehicle 2WD,Regular,Rear-Wheel Drive,16.4805,Jeep,Manual 5-spd,4.0,2.5
31280,Special Purpose Vehicle 2WD,Regular,Rear-Wheel Drive,20.600625,Jeep,Automatic 4-spd,6.0,4.0
31281,Special Purpose Vehicle 2WD,Regular,Rear-Wheel Drive,18.3116666666667,Jeep,Manual 5-spd,6.0,4.0
31282,Special Purpose Vehicle 2WD,Regular,Front-Wheel Drive,17.3478947368421,Plymouth,Automatic 3-spd,4.0,2.2
31283,Compact Cars,Regular,Front-Wheel Drive,13.1844,Volkswagen,Manual 5-spd,4.0,1.8
31284,Special Purpose Vehicle 2WD,Regular,Front-Wheel Drive,15.6957142857143,Plymouth,Manual 5-spd,4.0,2.2
31285,Special Purpose Vehicle 2WD,Regular,Front-Wheel Drive,15.6957142857143,Plymouth,Manual 5-spd,4.0,2.2
31286,Special Purpose Vehicle 2WD,Regular,Front-Wheel Drive,17.3478947368421,Plymouth,Automatic 3-spd,4.0,2.5
31287,Special Purpose Vehicle 2WD,Regular,Front-Wheel Drive,16.4805,Plymouth,Manual 5-spd,4.0,2.5
31288,Special Purpose Vehicle 2WD,Regular,Front-Wheel Drive,18.3116666666667,Plymouth,Automatic 3-spd,4.0,2.6
31289,Special Purpose Vehicle 2WD,Regular,Front-Wheel Drive,17.3478947368421,Plymouth,Automatic 3-spd,6.0,3.0
31290,Special Purpose Vehicles,Regular,4-Wheel or All-Wheel Drive,20.600625,American Motors Corporation,Automatic 3-spd,6.0,4.2
31291,Special Purpose Vehicles,Regular,4-Wheel or All-Wheel Drive,19.3888235294118,American Motors Corporation,Manual 5-spd,6.0,4.2
31292,Special Purpose Vehicles,Regular,4-Wheel or All-Wheel Drive,18.3116666666667,Chevrolet,Automatic 4-spd,4.0,2.5
31293,Special Purpose Vehicles,Regular,4-Wheel or All-Wheel Drive,15.6957142857143,Chevrolet,Manual 4-spd,4.0,2.5
31294,Compact Cars,Regular,Front-Wheel Drive,12.6773076923077,Volkswagen,Manual 5-spd,4.0,1.8
31295,Special Purpose Vehicles,Regular,4-Wheel or All-Wheel Drive,16.4805,Chevrolet,Manual 5-spd,4.0,2.5
31296,Special Purpose Vehicles,Regular,4-Wheel or All-Wheel Drive,20.600625,Chevrolet,Automatic 4-spd,6.0,2.8
31297,Special Purpose Vehicles,Regular,4-Wheel or All-Wheel Drive,20.600625,Chevrolet,Manual 4-spd,6.0,2.8
31298,Special Purpose Vehicles,Regular,4-Wheel or All-Wheel Drive,19.3888235294118,Chevrolet,Manual 5-spd,6.0,2.8
31299,Special Purpose Vehicles,Regular,4-Wheel or All-Wheel Drive,25.3546153846154,Chevrolet,Automatic 4-spd,8.0,5.0
31300,Special Purpose Vehicles,Regular,4-Wheel or All-Wheel Drive,25.3546153846154,Chevrolet,Manual 4-spd,8.0,5.0
31301,Special Purpose Vehicles,Regular,4-Wheel or All-Wheel Drive,25.3546153846154,Chevrolet,Automatic 4-spd,8.0,5.7
31302,Special Purpose Vehicles,Regular,4-Wheel or All-Wheel Drive,27.4675,Chevrolet,Manual 4-spd,8.0,5.7
31303,Special Purpose Vehicles,Diesel,4-Wheel or All-Wheel Drive,23.8865625,Chevrolet,Automatic 4-spd,8.0,6.2
31304,Special Purpose Vehicles,Regular,4-Wheel or All-Wheel Drive,25.3546153846154,Chevrolet,Automatic 4-spd,8.0,5.7
31305,Compact Cars,Diesel,Front-Wheel Drive,11.2407352941176,Volkswagen,Manual 5-spd,4.0,1.6
31306,Special Purpose Vehicles,Regular,4-Wheel or All-Wheel Drive,29.9645454545455,Chevrolet,Manual 4-spd,8.0,5.7
31307,Special Purpose Vehicles,Diesel,4-Wheel or All-Wheel Drive,23.8865625,Chevrolet,Automatic 4-spd,8.0,6.2
31308,Special Purpose Vehicles,Regular,4-Wheel or All-Wheel Drive,20.600625,Nissan,Manual 5-spd,4.0,2.4
31309,Special Purpose Vehicles,Regular,4-Wheel or All-Wheel Drive,23.5435714285714,Nissan,Automatic 3-spd,6.0,3.0
31310,Special Purpose Vehicles,Regular,4-Wheel or All-Wheel Drive,23.5435714285714,Nissan,Manual 5-spd,6.0,3.0
31311,Special Purpose Vehicles,Regular,4-Wheel or All-Wheel Drive,18.3116666666667,Nissan,Manual 5-spd,4.0,2.0
31312,Special Purpose Vehicles,Regular,4-Wheel or All-Wheel Drive,29.9645454545455,Dodge,Automatic 3-spd,8.0,5.2
31313,Special Purpose Vehicles,Regular,4-Wheel or All-Wheel Drive,29.9645454545455,Dodge,Automatic 3-spd,8.0,5.2
31314,Special Purpose Vehicles,Regular,4-Wheel or All-Wheel Drive,29.9645454545455,Dodge,Manual 4-spd,8.0,5.2
31315,Special Purpose Vehicles,Regular,4-Wheel or All-Wheel Drive,36.6233333333333,Dodge,Automatic 3-spd,8.0,5.9
31316,Compact Cars,Diesel,Front-Wheel Drive,10.9195714285714,Volkswagen,Manual 5-spd,4.0,1.6
31317,Special Purpose Vehicles,Regular,4-Wheel or All-Wheel Drive,29.9645454545455,Dodge,Manual 4-spd,8.0,5.9
31318,Special Purpose Vehicles,Regular,4-Wheel or All-Wheel Drive,17.3478947368421,Dodge,Manual 5-spd,4.0,2.0
31319,Special Purpose Vehicles,Regular,4-Wheel or All-Wheel Drive,15.6957142857143,Dodge,Manual 5-spd,4.0,2.0
31320,Special Purpose Vehicles,Regular,4-Wheel or All-Wheel Drive,20.600625,Dodge,Automatic 4-spd,4.0,2.6
31321,Special Purpose Vehicles,Regular,4-Wheel or All-Wheel Drive,20.600625,Dodge,Manual 5-spd,4.0,2.6
31322,Special Purpose Vehicles,Regular,4-Wheel or All-Wheel Drive,19.3888235294118,Ford,Automatic 4-spd,6.0,2.9
31323,Special Purpose Vehicles,Regular,4-Wheel or All-Wheel Drive,18.3116666666667,Ford,Manual 5-spd,6.0,2.9
31324,Special Purpose Vehicles,Regular,4-Wheel or All-Wheel Drive,25.3546153846154,Ford,Automatic 3-spd,6.0,4.9
31325,Special Purpose Vehicles,Regular,4-Wheel or All-Wheel Drive,21.974,Ford,Manual 4-spd,6.0,4.9
31326,Special Purpose Vehicles,Regular,4-Wheel or All-Wheel Drive,23.5435714285714,Ford,Manual 4-spd,6.0,4.9
31327,Compact Cars,Regular,Front-Wheel Drive,14.3308695652174,Volkswagen,Automatic 3-spd,4.0,1.8
31328,Special Purpose Vehicles,Regular,4-Wheel or All-Wheel Drive,27.4675,Ford,Automatic 3-spd,8.0,5.0
31329,Special Purpose Vehicles,Regular,4-Wheel or All-Wheel Drive,25.3546153846154,Ford,Automatic 4-spd,8.0,5.0
31330,Special Purpose Vehicles,Regular,4-Wheel or All-Wheel Drive,25.3546153846154,Ford,Manual 4-spd,8.0,5.0
31331,Special Purpose Vehicles,Regular,4-Wheel or All-Wheel Drive,29.9645454545455,Ford,Automatic 3-spd,8.0,5.8
31332,Special Purpose Vehicles,Regular,4-Wheel or All-Wheel Drive,29.9645454545455,Ford,Automatic 3-spd,8.0,5.8
31333,Special Purpose Vehicles,Regular,4-Wheel or All-Wheel Drive,18.3116666666667,GMC,Automatic 4-spd,4.0,2.5
31334,Special Purpose Vehicles,Regular,4-Wheel or All-Wheel Drive,15.6957142857143,GMC,Manual 4-spd,4.0,2.5
31335,Special Purpose Vehicles,Regular,4-Wheel or All-Wheel Drive,16.4805,GMC,Manual 5-spd,4.0,2.5
31336,Special Purpose Vehicles,Regular,4-Wheel or All-Wheel Drive,20.600625,GMC,Automatic 4-spd,6.0,2.8
31337,Special Purpose Vehicles,Regular,4-Wheel or All-Wheel Drive,20.600625,GMC,Manual 4-spd,6.0,2.8
31338,Compact Cars,Regular,Front-Wheel Drive,14.9822727272727,Volkswagen,Automatic 3-spd,4.0,1.8
31339,Special Purpose Vehicles,Regular,4-Wheel or All-Wheel Drive,19.3888235294118,GMC,Manual 5-spd,6.0,2.8
31340,Special Purpose Vehicles,Regular,4-Wheel or All-Wheel Drive,25.3546153846154,GMC,Automatic 4-spd,8.0,5.0
31341,Special Purpose Vehicles,Regular,4-Wheel or All-Wheel Drive,25.3546153846154,GMC,Manual 4-spd,8.0,5.0
31342,Special Purpose Vehicles,Regular,4-Wheel or All-Wheel Drive,25.3546153846154,GMC,Automatic 4-spd,8.0,5.7
31343,Special Purpose Vehicles,Regular,4-Wheel or All-Wheel Drive,27.4675,GMC,Manual 4-spd,8.0,5.7
31344,Special Purpose Vehicles,Diesel,4-Wheel or All-Wheel Drive,23.8865625,GMC,Automatic 4-spd,8.0,6.2
31345,Special Purpose Vehicles,Regular,4-Wheel or All-Wheel Drive,25.3546153846154,GMC,Automatic 4-spd,8.0,5.7
31346,Special Purpose Vehicles,Regular,4-Wheel or All-Wheel Drive,29.9645454545455,GMC,Manual 4-spd,8.0,5.7
31347,Special Purpose Vehicles,Diesel,4-Wheel or All-Wheel Drive,23.8865625,GMC,Automatic 4-spd,8.0,6.2
31348,Special Purpose Vehicles,Diesel,4-Wheel or All-Wheel Drive,17.3720454545455,Isuzu,Manual 5-spd,4.0,2.2
31349,Compact Cars,Regular,Front-Wheel Drive,12.6773076923077,Volkswagen,Manual 5-spd,4.0,1.8
31350,Special Purpose Vehicles,Regular,4-Wheel or All-Wheel Drive,19.3888235294118,Isuzu,Manual 5-spd,4.0,2.3
31351,Special Purpose Vehicles,Regular,4-Wheel or All-Wheel Drive,19.3888235294118,Isuzu,Manual 5-spd,4.0,2.3
31352,Special Purpose Vehicles,Diesel,4-Wheel or All-Wheel Drive,15.2874,Jeep,Manual 5-spd,4.0,2.1
31353,Special Purpose Vehicles,Regular,4-Wheel or All-Wheel Drive,18.3116666666667,Jeep,Automatic 4-spd,4.0,2.5
31354,Special Purpose Vehicles,Regular,4-Wheel or All-Wheel Drive,16.4805,Jeep,Manual 4-spd,4.0,2.5
31355,Special Purpose Vehicles,Regular,4-Wheel or All-Wheel Drive,17.3478947368421,Jeep,Manual 5-spd,4.0,2.5
31356,Special Purpose Vehicles,Regular,4-Wheel or All-Wheel Drive,19.3888235294118,Jeep,Automatic 4-spd,6.0,4.0
31357,Special Purpose Vehicles,Regular,4-Wheel or All-Wheel Drive,18.3116666666667,Jeep,Manual 5-spd,6.0,4.0
31358,Special Purpose Vehicles,Regular,4-Wheel or All-Wheel Drive,23.5435714285714,Jeep,Automatic 3-spd,6.0,4.2
31359,Special Purpose Vehicles,Regular,4-Wheel or All-Wheel Drive,21.974,Jeep,Manual 4-spd,6.0,4.2
31360,Compact Cars,Regular,Front-Wheel Drive,13.1844,Volkswagen,Manual 5-spd,4.0,1.8
31361,Special Purpose Vehicles,Regular,4-Wheel or All-Wheel Drive,29.9645454545455,Jeep,Automatic 3-spd,8.0,5.9
31362,Special Purpose Vehicles,Regular,4-Wheel or All-Wheel Drive,19.3888235294118,Jeep,Manual 5-spd,4.0,2.5
31363,Special Purpose Vehicles,Regular,4-Wheel or All-Wheel Drive,21.974,Jeep,Automatic 3-spd,6.0,4.2
31364,Special Purpose Vehicles,Regular,4-Wheel or All-Wheel Drive,19.3888235294118,Jeep,Manual 5-spd,6.0,4.2
31365,Special Purpose Vehicles,Regular,4-Wheel or All-Wheel Drive,25.3546153846154,Land Rover,Automatic 4-spd,8.0,3.5
31366,Special Purpose Vehicles,Regular,4-Wheel or All-Wheel Drive,20.600625,Mitsubishi,Automatic 4-spd,4.0,2.6
31367,Special Purpose Vehicles,Regular,4-Wheel or All-Wheel Drive,20.600625,Mitsubishi,Manual 5-spd,4.0,2.6
31368,Special Purpose Vehicles,Regular,4-Wheel or All-Wheel Drive,17.3478947368421,Plymouth,Manual 5-spd,4.0,2.0
31369,Special Purpose Vehicles,Regular,4-Wheel or All-Wheel Drive,15.6957142857143,Plymouth,Manual 5-spd,4.0,2.0
31370,Special Purpose Vehicles,Regular,4-Wheel or All-Wheel Drive,14.3308695652174,Subaru,Manual 4-spd,4.0,1.8
31371,Compact Cars,Diesel,Front-Wheel Drive,12.3285483870968,Volkswagen,Manual 5-spd,4.0,1.6
31372,Special Purpose Vehicles,Regular,4-Wheel or All-Wheel Drive,14.3308695652174,Subaru,Manual 4-spd,4.0,1.8
31373,Special Purpose Vehicles,Regular,4-Wheel or All-Wheel Drive,16.4805,Subaru,Automatic 3-spd,4.0,1.8
31374,Special Purpose Vehicles,Regular,4-Wheel or All-Wheel Drive,14.9822727272727,Subaru,Manual 5-spd,4.0,1.8
31375,Special Purpose Vehicles,Regular,4-Wheel or All-Wheel Drive,15.6957142857143,Subaru,Automatic 3-spd,4.0,1.8
31376,Special Purpose Vehicles,Regular,4-Wheel or All-Wheel Drive,14.3308695652174,Subaru,Manual 5-spd,4.0,1.8
31377,Special Purpose Vehicles,Regular,4-Wheel or All-Wheel Drive,17.3478947368421,Subaru,Automatic 3-spd,4.0,1.8
31378,Special Purpose Vehicles,Regular,4-Wheel or All-Wheel Drive,14.9822727272727,Subaru,Manual 5-spd,4.0,1.8
31379,Special Purpose Vehicles,Regular,4-Wheel or All-Wheel Drive,15.6957142857143,Subaru,Automatic 3-spd,4.0,1.8
31380,Special Purpose Vehicles,Regular,4-Wheel or All-Wheel Drive,14.3308695652174,Subaru,Manual 5-spd,4.0,1.8
31381,Special Purpose Vehicles,Regular,4-Wheel or All-Wheel Drive,13.1844,Suzuki,Manual 5-spd,4.0,1.3
31382,Minicompact Cars,Regular,Front-Wheel Drive,9.15583333333333,Pontiac,Automatic 3-spd,3.0,1.0
31383,Compact Cars,Regular,Front-Wheel Drive,18.3116666666667,Volkswagen,Automatic 3-spd,5.0,2.2
31384,Special Purpose Vehicles,Regular,4-Wheel or All-Wheel Drive,13.1844,Suzuki,Manual 5-spd,4.0,1.3
31385,Special Purpose Vehicles,Regular,4-Wheel or All-Wheel Drive,29.9645454545455,Toyota,Manual 4-spd,6.0,4.2
31386,Special Purpose Vehicles,Regular,4-Wheel or All-Wheel Drive,20.600625,Toyota,Automatic 4-spd,4.0,2.4
31387,Special Purpose Vehicles,Regular,4-Wheel or All-Wheel Drive,18.3116666666667,Toyota,Automatic 4-spd,4.0,2.4
31388,Special Purpose Vehicles,Regular,4-Wheel or All-Wheel Drive,17.3478947368421,Toyota,Manual 5-spd,4.0,2.4
31389,Special Purpose Vehicle 2WD,Regular,Rear-Wheel Drive,19.3888235294118,Chevrolet,Manual 4-spd,4.0,2.5
31390,Special Purpose Vehicle 2WD,Regular,Rear-Wheel Drive,25.3546153846154,Chevrolet,Automatic 4-spd,6.0,2.8
31391,Special Purpose Vehicle 2WD,Regular,Rear-Wheel Drive,25.3546153846154,Chevrolet,Manual 4-spd,6.0,2.8
31392,Special Purpose Vehicle 2WD,Regular,Rear-Wheel Drive,29.9645454545455,Nissan,Automatic 4-spd,6.0,3.0
31393,Special Purpose Vehicle 2WD,Regular,Rear-Wheel Drive,25.3546153846154,Nissan,Manual 5-spd,6.0,3.0
31394,Compact Cars,Regular,Front-Wheel Drive,17.3478947368421,Volkswagen,Manual 5-spd,5.0,2.2
31395,Special Purpose Vehicle 2WD,Regular,Rear-Wheel Drive,27.4675,Dodge,Manual 5-spd,6.0,3.9
31396,Special Purpose Vehicle 2WD,Regular,Rear-Wheel Drive,32.961,Dodge,Automatic 3-spd,8.0,5.9
31397,Special Purpose Vehicle 2WD,Regular,Rear-Wheel Drive,19.3888235294118,GMC,Manual 4-spd,4.0,2.5
31398,Special Purpose Vehicle 2WD,Regular,Rear-Wheel Drive,25.3546153846154,GMC,Automatic 4-spd,6.0,2.8
31399,Special Purpose Vehicle 2WD,Regular,Rear-Wheel Drive,25.3546153846154,GMC,Manual 4-spd,6.0,2.8
31400,Special Purpose Vehicle 2WD,Regular,Rear-Wheel Drive,27.4675,Toyota,Automatic 4-spd,4.0,2.4
31401,Special Purpose Vehicle 2WD,Regular,Rear-Wheel Drive,21.974,Toyota,Manual 4-spd,4.0,2.4
31402,Two Seaters,Regular,Rear-Wheel Drive,15.6957142857143,Alfa Romeo,Manual 5-spd,4.0,2.0
31403,Two Seaters,Regular,Rear-Wheel Drive,21.974,Aurora Cars Ltd,Manual 5-spd,8.0,4.9
31404,Two Seaters,Regular,Rear-Wheel Drive,14.9822727272727,Bertone,Manual 5-spd,4.0,1.5
31405,Compact Cars,Regular,Rear-Wheel Drive,19.3888235294118,Volvo,Automatic 4-spd,4.0,2.1
31406,Two Seaters,Regular,Front-Wheel Drive,16.4805,Buick,Automatic 4-spd,6.0,3.8
31407,Two Seaters,Premium,Front-Wheel Drive,19.3888235294118,Cadillac,Automatic 4-spd,8.0,4.1
31408,Two Seaters,Premium,Rear-Wheel Drive,18.3116666666667,Chevrolet,Automatic 4-spd,8.0,5.7
31409,Two Seaters,Premium,Rear-Wheel Drive,18.3116666666667,Chevrolet,Manual 4-spd,8.0,5.7
31410,Two Seaters,Premium,Rear-Wheel Drive,18.3116666666667,Chevrolet,Automatic 4-spd,8.0,5.7
31411,Two Seaters,Premium,Rear-Wheel Drive,18.3116666666667,Chevrolet,Manual 4-spd,8.0,5.7
31412,Two Seaters,Regular,Rear-Wheel Drive,18.3116666666667,Nissan,Automatic 4-spd,6.0,3.0
31413,Two Seaters,Regular,Rear-Wheel Drive,17.3478947368421,Nissan,Automatic 4-spd,6.0,3.0
31414,Two Seaters,Regular,Rear-Wheel Drive,18.3116666666667,Nissan,Manual 5-spd,6.0,3.0
31415,Two Seaters,Regular,Rear-Wheel Drive,18.3116666666667,Nissan,Manual 5-spd,6.0,3.0
31416,Compact Cars,Regular,Rear-Wheel Drive,19.3888235294118,Volvo,Manual 4-spd,4.0,2.1
31417,Two Seaters,Regular,Rear-Wheel Drive,29.9645454545455,Ferrari,Manual 5-spd,12.0,4.9
31418,Two Seaters,Regular,Rear-Wheel Drive,25.3546153846154,Ferrari,Manual 5-spd,8.0,3.2
31419,Two Seaters,Regular,Front-Wheel Drive,13.73375,Ford,Automatic 3-spd,4.0,1.9
31420,Two Seaters,Regular,Front-Wheel Drive,12.6773076923077,Ford,Manual 5-spd,4.0,1.9
31421,Two Seaters,Regular,Front-Wheel Drive,11.7717857142857,Ford,Manual 5-spd,4.0,1.9
31422,Two Seaters,Regular,Front-Wheel Drive,11.3658620689655,Honda,Automatic 4-spd,4.0,1.5
31423,Two Seaters,Regular,Front-Wheel Drive,10.3003125,Honda,Manual 5-spd,4.0,1.5
31424,Two Seaters,Regular,Front-Wheel Drive,11.7717857142857,Honda,Manual 5-spd,4.0,1.6
31425,Two Seaters,Regular,Front-Wheel Drive,7.49113636363637,Honda,Manual 5-spd,4.0,1.5
31426,Two Seaters,Regular,Front-Wheel Drive,8.03926829268293,Honda,Manual 5-spd,4.0,1.5
31427,Compact Cars,Regular,Rear-Wheel Drive,16.4805,Volvo,Automatic 4-spd,4.0,2.3
31428,Two Seaters,Regular,Rear-Wheel Drive,25.3546153846154,Jaguar,Automatic 3-spd,12.0,5.3
31429,Two Seaters,Premium,Rear-Wheel Drive,47.0871428571429,Lamborghini,Manual 5-spd,12.0,5.2
31430,Two Seaters,Premium,Rear-Wheel Drive,18.3116666666667,Lotus,Manual 5-spd,4.0,2.2
31431,Two Seaters,Premium,Front-Wheel Drive,17.3478947368421,Maserati,Automatic 3-spd,4.0,2.2
31432,Two Seaters,Regular,Rear-Wheel Drive,19.3888235294118,Mazda,Automatic 4-spd,2.0,1.3
31433,Two Seaters,Regular,Rear-Wheel Drive,19.3888235294118,Mazda,Manual 5-spd,2.0,1.3
31434,Two Seaters,Regular,Rear-Wheel Drive,18.3116666666667,Mazda,Manual 5-spd,2.0,1.3
31435,Two Seaters,Premium,Rear-Wheel Drive,23.5435714285714,Mercedes-Benz,Automatic 4-spd,8.0,5.6
31436,Two Seaters,Regular,Rear-Wheel Drive,16.4805,Panther Car Company Limited,Automatic 3-spd,4.0,2.3
31437,Two Seaters,Regular,Rear-Wheel Drive,16.4805,Panther Car Company Limited,Manual 4-spd,4.0,2.3
31438,Compact Cars,Regular,Rear-Wheel Drive,14.9822727272727,Volvo,Manual 4-spd,4.0,2.3
31439,Two Seaters,Regular,Rear-Wheel Drive,13.73375,Pontiac,Automatic 3-spd,4.0,2.5
31440,Two Seaters,Regular,Rear-Wheel Drive,13.1844,Pontiac,Manual 5-spd,4.0,2.5
31441,Two Seaters,Regular,Rear-Wheel Drive,18.3116666666667,Pontiac,Automatic 3-spd,6.0,2.8
31442,Two Seaters,Regular,Rear-Wheel Drive,17.3478947368421,Pontiac,Manual 5-spd,6.0,2.8
31443,Two Seaters,Premium,Rear-Wheel Drive,14.3308695652174,Red Shift Ltd.,Manual 5-spd,4.0,2.0
31444,Two Seaters,Premium,Rear-Wheel Drive,25.3546153846154,Ruf Automobile Gmbh,Manual 5-spd,6.0,3.4
31445,Two Seaters,Regular,Front-Wheel Drive,13.1844,Subaru,Manual 5-spd,4.0,1.8
31446,Two Seaters,Regular,Rear-Wheel Drive,13.73375,Toyota,Automatic 4-spd,4.0,1.6
31447,Two Seaters,Premium,Rear-Wheel Drive,14.9822727272727,Toyota,Automatic 4-spd,4.0,1.6
31448,Two Seaters,Regular,Rear-Wheel Drive,13.1844,Toyota,Manual 5-spd,4.0,1.6
31449,Midsize Cars,Regular,Front-Wheel Drive,19.3888235294118,Audi,Automatic 3-spd,5.0,2.1
31450,Two Seaters,Premium,Rear-Wheel Drive,14.3308695652174,Toyota,Manual 5-spd,4.0,1.6
31451,Minicompact Cars,Regular,Front-Wheel Drive,7.01297872340426,Chevrolet,Manual 5-spd,3.0,1.0
31452,Minicompact Cars,Regular,Front-Wheel Drive,9.69441176470588,Chevrolet,Manual 5-spd,3.0,1.0
31453,Minicompact Cars,Regular,Rear-Wheel Drive,25.3546153846154,Ferrari,Manual 5-spd,8.0,3.2
31454,Minicompact Cars,Regular,Front-Wheel Drive,14.3308695652174,Dacia,Manual 5-spd,4.0,1.4
31455,Minicompact Cars,Regular,Front-Wheel Drive,14.3308695652174,Dacia,Manual 5-spd,4.0,1.4
31456,Minicompact Cars,Regular,Front-Wheel Drive,9.69441176470588,Pontiac,Manual 5-spd,3.0,1.0
31457,Minicompact Cars,Premium,Rear-Wheel Drive,17.3478947368421,Porsche,Manual 5-spd,6.0,3.2
31458,Minicompact Cars,Premium,Rear-Wheel Drive,19.3888235294118,Porsche,Manual 4-spd,6.0,3.3
31459,Minicompact Cars,Regular,Rear-Wheel Drive,17.3478947368421,Porsche,Automatic 3-spd,4.0,2.5
31460,Midsize Cars,Regular,Front-Wheel Drive,19.3888235294118,Audi,Automatic 3-spd,5.0,2.2
31461,Minicompact Cars,Regular,Rear-Wheel Drive,15.6957142857143,Porsche,Manual 5-spd,4.0,2.5
31462,Minicompact Cars,Premium,Rear-Wheel Drive,20.600625,Porsche,Automatic 4-spd,8.0,5.0
31463,Minicompact Cars,Premium,Rear-Wheel Drive,20.600625,Porsche,Manual 5-spd,8.0,5.0
31464,Minicompact Cars,Regular,Rear-Wheel Drive,18.3116666666667,Porsche,Automatic 3-spd,4.0,2.5
31465,Minicompact Cars,Regular,Rear-Wheel Drive,16.4805,Porsche,Manual 5-spd,4.0,2.5
31466,Minicompact Cars,Premium,Rear-Wheel Drive,17.3478947368421,Porsche,Manual 5-spd,4.0,2.5
31467,Minicompact Cars,Premium,Rear-Wheel Drive,16.4805,Porsche,Manual 5-spd,4.0,2.5
31468,Minicompact Cars,Regular,Front-Wheel Drive,9.69441176470588,Suzuki,Manual 5-spd,3.0,1.0
31469,Minicompact Cars,Regular,Front-Wheel Drive,13.1844,Toyota,Automatic 4-spd,4.0,2.0
31470,Minicompact Cars,Regular,Front-Wheel Drive,13.1844,Toyota,Manual 5-spd,4.0,2.0
31471,Midsize Cars,Regular,Front-Wheel Drive,17.3478947368421,Audi,Manual 5-spd,5.0,2.2
31472,Minicompact Cars,Premium,Rear-Wheel Drive,18.3116666666667,Porsche,Manual 5-spd,6.0,3.2
31473,Minicompact Cars,Regular,Front-Wheel Drive,16.4805,Volkswagen,Automatic 3-spd,4.0,1.8
31474,Minicompact Cars,Regular,Front-Wheel Drive,14.3308695652174,Volkswagen,Manual 5-spd,4.0,1.8
31475,Subcompact Cars,Regular,Front-Wheel Drive,13.73375,Acura,Automatic 4-spd,4.0,1.6
31476,Subcompact Cars,Regular,Front-Wheel Drive,13.1844,Acura,Manual 5-spd,4.0,1.6
31477,Subcompact Cars,Regular,Rear-Wheel Drive,19.3888235294118,Alfa Romeo,Automatic 3-spd,6.0,2.5
31478,Subcompact Cars,Regular,Rear-Wheel Drive,18.3116666666667,Alfa Romeo,Manual 5-spd,6.0,2.5
31479,Subcompact Cars,Regular,Rear-Wheel Drive,18.3116666666667,Alfa Romeo,Manual 5-spd,6.0,3.0
31480,Subcompact Cars,Regular,Rear-Wheel Drive,36.6233333333333,Aston Martin,Automatic 3-spd,8.0,5.3
31481,Subcompact Cars,Regular,Rear-Wheel Drive,36.6233333333333,Aston Martin,Automatic 3-spd,8.0,5.3
31482,Midsize Cars,Regular,Front-Wheel Drive,13.73375,Buick,Automatic 3-spd,4.0,2.5
31483,Subcompact Cars,Regular,Rear-Wheel Drive,36.6233333333333,Aston Martin,Manual 5-spd,8.0,5.3
31484,Subcompact Cars,Regular,Front-Wheel Drive,14.9822727272727,Audi,Automatic 3-spd,4.0,2.0
31485,Subcompact Cars,Regular,Front-Wheel Drive,14.9822727272727,Audi,Manual 5-spd,4.0,2.0
31486,Subcompact Cars,Regular,Front-Wheel Drive,16.4805,Audi,Manual 5-spd,5.0,2.3
31487,Subcompact Cars,Regular,4-Wheel or All-Wheel Drive,18.3116666666667,Audi,Manual 5-spd,5.0,2.3
31488,Subcompact Cars,Premium,Rear-Wheel Drive,18.3116666666667,BMW,Manual 5-spd,4.0,2.3
31489,Subcompact Cars,Premium,Rear-Wheel Drive,18.3116666666667,BMW,Manual 5-spd,4.0,2.3
31490,Subcompact Cars,Regular,Rear-Wheel Drive,18.3116666666667,BMW,Automatic 4-spd,6.0,2.5
31491,Subcompact Cars,Regular,4-Wheel or All-Wheel Drive,18.3116666666667,BMW,Automatic 4-spd,6.0,2.5
31492,Subcompact Cars,Regular,4-Wheel or All-Wheel Drive,18.3116666666667,BMW,Manual 5-spd,6.0,2.5
31493,Minicompact Cars,Regular,Front-Wheel Drive,7.84785714285714,Pontiac,Manual 5-spd,3.0,1.0
31494,Midsize Cars,Regular,Front-Wheel Drive,17.3478947368421,Buick,Automatic 3-spd,6.0,3.0
31495,Subcompact Cars,Regular,Rear-Wheel Drive,18.3116666666667,BMW,Manual 5-spd,6.0,2.5
31496,Subcompact Cars,Regular,Rear-Wheel Drive,17.3478947368421,BMW,Automatic 4-spd,6.0,2.7
31497,Subcompact Cars,Regular,Rear-Wheel Drive,16.4805,BMW,Manual 5-spd,6.0,2.7
31498,Subcompact Cars,Regular,Rear-Wheel Drive,23.5435714285714,BMW,Automatic 4-spd,6.0,3.4
31499,Subcompact Cars,Regular,Rear-Wheel Drive,21.974,BMW,Manual 5-spd,6.0,3.4
31500,Subcompact Cars,Premium,Rear-Wheel Drive,27.4675,BMW,Manual 5-spd,6.0,3.5
31501,Subcompact Cars,Regular,Rear-Wheel Drive,16.4805,Chevrolet,Automatic 4-spd,6.0,2.8
31502,Subcompact Cars,Regular,Rear-Wheel Drive,18.3116666666667,Chevrolet,Manual 5-spd,6.0,2.8
31503,Subcompact Cars,Regular,Rear-Wheel Drive,18.3116666666667,Chevrolet,Automatic 4-spd,8.0,5.0
31504,Subcompact Cars,Premium,Rear-Wheel Drive,18.3116666666667,Chevrolet,Automatic 4-spd,8.0,5.0
31505,Midsize Cars,Regular,Front-Wheel Drive,17.3478947368421,Buick,Automatic 4-spd,6.0,3.0
31506,Subcompact Cars,Regular,Rear-Wheel Drive,19.3888235294118,Chevrolet,Manual 5-spd,8.0,5.0
31507,Subcompact Cars,Premium,Rear-Wheel Drive,18.3116666666667,Chevrolet,Manual 5-spd,8.0,5.0
31508,Subcompact Cars,Premium,Rear-Wheel Drive,18.3116666666667,Chevrolet,Automatic 4-spd,8.0,5.7
31509,Subcompact Cars,Regular,Front-Wheel Drive,16.4805,Chevrolet,Automatic 3-spd,6.0,2.8
31510,Subcompact Cars,Regular,Front-Wheel Drive,15.6957142857143,Chevrolet,Manual 5-spd,6.0,2.8
31511,Subcompact Cars,Regular,Front-Wheel Drive,11.7717857142857,Chevrolet,Automatic 3-spd,4.0,1.5
31512,Subcompact Cars,Regular,Front-Wheel Drive,9.98818181818182,Chevrolet,Manual 5-spd,4.0,1.5
31513,Subcompact Cars,Regular,Front-Wheel Drive,12.2077777777778,Chevrolet,Manual 5-spd,4.0,1.5
31514,Subcompact Cars,Regular,Front-Wheel Drive,9.69441176470588,Chevrolet,Automatic 3-spd,3.0,1.0
31515,Subcompact Cars,Regular,Front-Wheel Drive,8.45153846153846,Chevrolet,Manual 5-spd,3.0,1.0
31516,Midsize Cars,Regular,Front-Wheel Drive,17.3478947368421,Buick,Automatic 4-spd,6.0,3.8
31517,Subcompact Cars,Premium,Rear-Wheel Drive,18.3116666666667,Chrysler,Automatic 4-spd,4.0,2.6
31518,Subcompact Cars,Premium,Rear-Wheel Drive,18.3116666666667,Chrysler,Manual 5-spd,4.0,2.6
31519,Subcompact Cars,Premium,Front-Wheel Drive,16.4805,Chrysler,Automatic 3-spd,4.0,2.2
31520,Subcompact Cars,Premium,Front-Wheel Drive,15.6957142857143,Chrysler,Manual 5-spd,4.0,2.2
31521,Subcompact Cars,Regular,Front-Wheel Drive,14.9822727272727,Chrysler,Automatic 3-spd,4.0,2.5
31522,Subcompact Cars,Regular,Front-Wheel Drive,14.3308695652174,Chrysler,Manual 5-spd,4.0,2.5
31523,Subcompact Cars,Regular,Front-Wheel Drive,9.69441176470588,Daihatsu,Manual 5-spd,3.0,1.0
31524,Subcompact Cars,Regular,Front-Wheel Drive,13.73375,Nissan,Automatic 3-spd,4.0,1.6
31525,Subcompact Cars,Regular,Front-Wheel Drive,12.6773076923077,Nissan,Manual 5-spd,4.0,1.6
31526,Subcompact Cars,Regular,Front-Wheel Drive,15.6957142857143,Nissan,Automatic 4-spd,4.0,1.8
31527,Midsize Cars,Diesel,Front-Wheel Drive,14.6994230769231,Buick,Automatic 3-spd,6.0,4.3
31528,Subcompact Cars,Regular,Front-Wheel Drive,14.9822727272727,Nissan,Manual 5-spd,4.0,1.8
31529,Subcompact Cars,Regular,Front-Wheel Drive,13.73375,Nissan,Automatic 3-spd,4.0,1.6
31530,Subcompact Cars,Regular,Front-Wheel Drive,11.7717857142857,Nissan,Manual 5-spd,4.0,1.6
31531,Subcompact Cars,Regular,Rear-Wheel Drive,14.9822727272727,Nissan,Automatic 4-spd,4.0,2.0
31532,Subcompact Cars,Regular,Rear-Wheel Drive,14.9822727272727,Nissan,Manual 5-spd,4.0,2.0
31533,Subcompact Cars,Regular,Rear-Wheel Drive,17.3478947368421,Nissan,Automatic 4-spd,6.0,3.0
31534,Subcompact Cars,Regular,Rear-Wheel Drive,17.3478947368421,Nissan,Manual 5-spd,6.0,3.0
31535,Subcompact Cars,Regular,Rear-Wheel Drive,17.3478947368421,Nissan,Automatic 4-spd,6.0,3.0
31536,Subcompact Cars,Regular,Rear-Wheel Drive,18.3116666666667,Nissan,Manual 5-spd,6.0,3.0
31537,Subcompact Cars,Regular,Front-Wheel Drive,12.2077777777778,Dodge,Automatic 3-spd,4.0,1.5
31538,Midsize Cars,Regular,Rear-Wheel Drive,17.3478947368421,Buick,Automatic 3-spd,6.0,3.8
31539,Subcompact Cars,Regular,Front-Wheel Drive,10.6325806451613,Dodge,Manual 4-spd,4.0,1.5
31540,Subcompact Cars,Regular,Front-Wheel Drive,10.987,Dodge,Manual 5-spd,4.0,1.5
31541,Subcompact Cars,Regular,Front-Wheel Drive,14.9822727272727,Dodge,Automatic 3-spd,4.0,1.6
31542,Subcompact Cars,Regular,Front-Wheel Drive,13.1844,Dodge,Manual 5-spd,4.0,1.6
31543,Subcompact Cars,Premium,Front-Wheel Drive,16.4805,Dodge,Automatic 3-spd,4.0,2.2
31544,Subcompact Cars,Premium,Front-Wheel Drive,15.6957142857143,Dodge,Manual 5-spd,4.0,2.2
31545,Subcompact Cars,Regular,Front-Wheel Drive,14.9822727272727,Dodge,Automatic 3-spd,4.0,2.5
31546,Subcompact Cars,Regular,Front-Wheel Drive,14.3308695652174,Dodge,Manual 5-spd,4.0,2.5
31547,Subcompact Cars,Regular,Front-Wheel Drive,9.69441176470588,Ford,Manual 4-spd,4.0,1.3
31548,Subcompact Cars,Regular,Front-Wheel Drive,9.41742857142857,Ford,Manual 5-spd,4.0,1.3
31549,Midsize Cars,Premium,Rear-Wheel Drive,18.3116666666667,Buick,Automatic 4-spd,6.0,3.8
31550,Subcompact Cars,Regular,Rear-Wheel Drive,15.6957142857143,Ford,Automatic 4-spd,4.0,2.3
31551,Subcompact Cars,Regular,Rear-Wheel Drive,13.73375,Ford,Manual 5-spd,4.0,2.3
31552,Subcompact Cars,Regular,Rear-Wheel Drive,17.3478947368421,Ford,Automatic 4-spd,8.0,5.0
31553,Subcompact Cars,Regular,Rear-Wheel Drive,19.3888235294118,Ford,Manual 5-spd,8.0,5.0
31554,Subcompact Cars,Regular,Front-Wheel Drive,11.7717857142857,Honda,Automatic 4-spd,4.0,1.5
31555,Subcompact Cars,Regular,Front-Wheel Drive,12.2077777777778,Honda,Automatic 4-spd,4.0,1.5
31556,Subcompact Cars,Regular,Front-Wheel Drive,12.2077777777778,Honda,Automatic 4-spd,4.0,1.5
31557,Subcompact Cars,Regular,Front-Wheel Drive,10.3003125,Honda,Manual 4-spd,4.0,1.5
31558,Subcompact Cars,Regular,Front-Wheel Drive,10.3003125,Honda,Manual 4-spd,4.0,1.5
31559,Subcompact Cars,Regular,Front-Wheel Drive,10.6325806451613,Honda,Manual 5-spd,4.0,1.5
31560,Midsize Cars,Regular,Rear-Wheel Drive,18.3116666666667,Buick,Automatic 3-spd,6.0,4.3
31561,Subcompact Cars,Regular,Front-Wheel Drive,10.987,Honda,Manual 5-spd,4.0,1.5
31562,Subcompact Cars,Regular,Front-Wheel Drive,16.4805,Honda,Automatic 4-spd,4.0,2.0
31563,Subcompact Cars,Regular,Front-Wheel Drive,14.9822727272727,Honda,Manual 5-spd,4.0,2.0
31564,Subcompact Cars,Regular,Front-Wheel Drive,15.6957142857143,Honda,Automatic 4-spd,4.0,2.0
31565,Subcompact Cars,Regular,Front-Wheel Drive,14.9822727272727,Honda,Manual 5-spd,4.0,2.0
31566,Subcompact Cars,Regular,Front-Wheel Drive,12.6773076923077,Hyundai,Automatic 3-spd,4.0,1.5
31567,Subcompact Cars,Regular,Front-Wheel Drive,12.6773076923077,Hyundai,Manual 4-spd,4.0,1.5
31568,Subcompact Cars,Regular,Front-Wheel Drive,11.7717857142857,Hyundai,Manual 5-spd,4.0,1.5
31569,Subcompact Cars,Regular,Front-Wheel Drive,11.7717857142857,Isuzu,Automatic 3-spd,4.0,1.5
31570,Subcompact Cars,Regular,Front-Wheel Drive,9.98818181818182,Isuzu,Manual 5-spd,4.0,1.5
31571,Midsize Cars,Regular,Rear-Wheel Drive,17.3478947368421,Buick,Automatic 4-spd,6.0,4.3
31572,Subcompact Cars,Regular,Front-Wheel Drive,10.6325806451613,Isuzu,Manual 5-spd,4.0,1.5
31573,Subcompact Cars,Regular,Front-Wheel Drive,12.2077777777778,Isuzu,Manual 5-spd,4.0,1.5
31574,Subcompact Cars,Regular,Rear-Wheel Drive,16.4805,Isuzu,Automatic 4-spd,4.0,2.0
31575,Subcompact Cars,Regular,Rear-Wheel Drive,15.6957142857143,Isuzu,Manual 5-spd,4.0,2.0
31576,Subcompact Cars,Regular,Rear-Wheel Drive,16.4805,Isuzu,Automatic 4-spd,4.0,2.3
31577,Subcompact Cars,Regular,Rear-Wheel Drive,16.4805,Isuzu,Manual 5-spd,4.0,2.3
31578,Subcompact Cars,Regular,Rear-Wheel Drive,25.3546153846154,Jaguar,Automatic 3-spd,12.0,5.3
31579,Subcompact Cars,Diesel,Rear-Wheel Drive,13.6494642857143,Mercedes-Benz,Automatic 4-spd,5.0,2.5
31580,Subcompact Cars,Premium,Rear-Wheel Drive,16.4805,Mercedes-Benz,Automatic 4-spd,4.0,2.3
31581,Subcompact Cars,Premium,Rear-Wheel Drive,15.6957142857143,Mercedes-Benz,Manual 5-spd,4.0,2.3
31582,Midsize Cars,Diesel,Rear-Wheel Drive,16.6167391304348,Buick,Automatic 3-spd,6.0,4.3
31583,Subcompact Cars,Premium,Rear-Wheel Drive,17.3478947368421,Mercedes-Benz,Automatic 4-spd,6.0,2.6
31584,Subcompact Cars,Premium,Rear-Wheel Drive,17.3478947368421,Mercedes-Benz,Manual 5-spd,6.0,2.6
31585,Subcompact Cars,Premium,Rear-Wheel Drive,18.3116666666667,Mercedes-Benz,Automatic 4-spd,6.0,3.0
31586,Subcompact Cars,Regular,Front-Wheel Drive,14.9822727272727,Mitsubishi,Manual 5-spd,4.0,1.8
31587,Subcompact Cars,Regular,Front-Wheel Drive,14.9822727272727,Mitsubishi,Automatic 3-spd,4.0,2.0
31588,Subcompact Cars,Regular,Front-Wheel Drive,13.73375,Mitsubishi,Manual 5-spd,4.0,2.0
31589,Subcompact Cars,Regular,Front-Wheel Drive,12.2077777777778,Mitsubishi,Automatic 3-spd,4.0,1.5
31590,Subcompact Cars,Regular,Front-Wheel Drive,10.6325806451613,Mitsubishi,Manual 4-spd,4.0,1.5
31591,Subcompact Cars,Regular,Front-Wheel Drive,10.987,Mitsubishi,Manual 5-spd,4.0,1.5
31592,Subcompact Cars,Regular,Front-Wheel Drive,14.9822727272727,Mitsubishi,Automatic 3-spd,4.0,1.6
31593,Midsize Cars,Diesel,Rear-Wheel Drive,18.1992857142857,Buick,Automatic 3-spd,8.0,5.7
31594,Subcompact Cars,Regular,Front-Wheel Drive,13.1844,Mitsubishi,Manual 5-spd,4.0,1.6
31595,Subcompact Cars,Regular,Front-Wheel Drive,12.6773076923077,Mitsubishi,Automatic 3-spd,4.0,1.5
31596,Subcompact Cars,Regular,Front-Wheel Drive,12.6773076923077,Mitsubishi,Manual 4-spd,4.0,1.5
31597,Subcompact Cars,Regular,Front-Wheel Drive,11.7717857142857,Mitsubishi,Manual 5-spd,4.0,1.5
31598,Subcompact Cars,Premium,Rear-Wheel Drive,18.3116666666667,Mitsubishi,Automatic 4-spd,4.0,2.6
31599,Subcompact Cars,Premium,Rear-Wheel Drive,18.3116666666667,Mitsubishi,Manual 5-spd,4.0,2.6
31600,Subcompact Cars,Regular,Front-Wheel Drive,14.9822727272727,Mitsubishi,Manual 5-spd,4.0,1.8
31601,Subcompact Cars,Regular,Front-Wheel Drive,14.9822727272727,Mitsubishi,Automatic 3-spd,4.0,2.0
31602,Subcompact Cars,Regular,Front-Wheel Drive,13.73375,Mitsubishi,Manual 5-spd,4.0,2.0
31603,Subcompact Cars,Regular,Front-Wheel Drive,12.2077777777778,Plymouth,Automatic 3-spd,4.0,1.5
31604,Minicompact Cars,Regular,Front-Wheel Drive,9.15583333333333,Suzuki,Automatic 3-spd,3.0,1.0
31605,Midsize Cars,Premium,Front-Wheel Drive,19.3888235294118,Buick,Automatic 4-spd,6.0,3.8
31606,Subcompact Cars,Regular,Front-Wheel Drive,10.6325806451613,Plymouth,Manual 4-spd,4.0,1.5
31607,Subcompact Cars,Regular,Front-Wheel Drive,10.987,Plymouth,Manual 5-spd,4.0,1.5
31608,Subcompact Cars,Regular,Front-Wheel Drive,14.9822727272727,Plymouth,Automatic 3-spd,4.0,1.6
31609,Subcompact Cars,Regular,Front-Wheel Drive,13.1844,Plymouth,Manual 5-spd,4.0,1.6
31610,Subcompact Cars,Regular,Rear-Wheel Drive,16.4805,Pontiac,Automatic 4-spd,6.0,2.8
31611,Subcompact Cars,Regular,Rear-Wheel Drive,18.3116666666667,Pontiac,Manual 5-spd,6.0,2.8
31612,Subcompact Cars,Regular,Rear-Wheel Drive,18.3116666666667,Pontiac,Automatic 4-spd,8.0,5.0
31613,Subcompact Cars,Premium,Rear-Wheel Drive,19.3888235294118,Pontiac,Automatic 4-spd,8.0,5.0
31614,Subcompact Cars,Regular,Rear-Wheel Drive,19.3888235294118,Pontiac,Manual 5-spd,8.0,5.0
31615,Subcompact Cars,Premium,Rear-Wheel Drive,18.3116666666667,Pontiac,Manual 5-spd,8.0,5.0
31616,Midsize Cars,Regular,Front-Wheel Drive,19.3888235294118,Buick,Automatic 4-spd,8.0,5.0
31617,Subcompact Cars,Premium,Rear-Wheel Drive,18.3116666666667,Pontiac,Automatic 4-spd,8.0,5.7
31618,Subcompact Cars,Regular,Front-Wheel Drive,9.69441176470588,Pontiac,Automatic 3-spd,3.0,1.0
31619,Subcompact Cars,Regular,Front-Wheel Drive,8.45153846153846,Pontiac,Manual 5-spd,3.0,1.0
31620,Subcompact Cars,Premium,Front-Wheel Drive,16.4805,Pontiac,Automatic 3-spd,4.0,2.0
31621,Subcompact Cars,Premium,Front-Wheel Drive,15.6957142857143,Pontiac,Manual 5-spd,4.0,2.0
31622,Subcompact Cars,Regular,Front-Wheel Drive,13.73375,Pontiac,Automatic 3-spd,4.0,2.0
31623,Subcompact Cars,Regular,Front-Wheel Drive,13.1844,Pontiac,Manual 5-spd,4.0,2.0
31624,Subcompact Cars,Regular,Front-Wheel Drive,11.7717857142857,Pontiac,Automatic 3-spd,4.0,1.5
31625,Subcompact Cars,Regular,Front-Wheel Drive,9.98818181818182,Pontiac,Manual 5-spd,4.0,1.5
31626,Subcompact Cars,Regular,Rear-Wheel Drive,36.6233333333333,Rolls-Royce,Automatic 3-spd,8.0,6.8
31627,Midsize Cars,Diesel,Front-Wheel Drive,18.1992857142857,Buick,Automatic 4-spd,8.0,5.7
31628,Subcompact Cars,Regular,Rear-Wheel Drive,36.6233333333333,Rolls-Royce,Automatic 3-spd,8.0,6.8
31629,Subcompact Cars,Regular,Front-Wheel Drive,17.3478947368421,Saab,Automatic 3-spd,4.0,2.0
31630,Subcompact Cars,Regular,Front-Wheel Drive,15.6957142857143,Saab,Manual 5-spd,4.0,2.0
31631,Subcompact Cars,Regular,Front-Wheel Drive,14.9822727272727,Subaru,Automatic 3-spd,4.0,1.8
31632,Subcompact Cars,Regular,Front-Wheel Drive,13.1844,Subaru,Manual 5-spd,4.0,1.8
31633,Subcompact Cars,Regular,Front-Wheel Drive,9.98818181818182,Subaru,Manual 5-spd,3.0,1.2
31634,Subcompact Cars,Regular,Front-Wheel Drive,13.73375,Subaru,Automatic 4-spd,4.0,1.8
31635,Subcompact Cars,Regular,Front-Wheel Drive,13.1844,Subaru,Manual 5-spd,4.0,1.8
31636,Subcompact Cars,Regular,Front-Wheel Drive,15.6957142857143,Subaru,Automatic 4-spd,6.0,2.7
31637,Subcompact Cars,Regular,4-Wheel or All-Wheel Drive,14.3308695652174,Subaru,Manual 5-spd,4.0,1.8
31638,Midsize Cars,Regular,Front-Wheel Drive,19.3888235294118,Cadillac,Automatic 4-spd,8.0,4.1
31639,Subcompact Cars,Regular,4-Wheel or All-Wheel Drive,17.3478947368421,Subaru,Automatic 4-spd,6.0,2.7
31640,Subcompact Cars,Regular,4-Wheel or All-Wheel Drive,17.3478947368421,Subaru,Manual 5-spd,6.0,2.7
31641,Subcompact Cars,Regular,Front-Wheel Drive,9.69441176470588,Suzuki,Automatic 3-spd,3.0,1.0
31642,Subcompact Cars,Regular,Front-Wheel Drive,8.45153846153846,Suzuki,Manual 5-spd,3.0,1.0
31643,Subcompact Cars,Regular,Front-Wheel Drive,14.9822727272727,Toyota,Automatic 4-spd,4.0,2.0
31644,Subcompact Cars,Regular,Front-Wheel Drive,13.1844,Toyota,Automatic 4-spd,4.0,2.0
31645,Subcompact Cars,Premium,4-Wheel or All-Wheel Drive,17.3478947368421,Toyota,Manual 5-spd,4.0,2.0
31646,Subcompact Cars,Regular,Front-Wheel Drive,13.1844,Toyota,Manual 5-spd,4.0,2.0
31647,Subcompact Cars,Regular,Front-Wheel Drive,14.9822727272727,Toyota,Manual 5-spd,4.0,2.0
31648,Subcompact Cars,Regular,Front-Wheel Drive,13.1844,Toyota,Automatic 3-spd,4.0,1.6
31649,Midsize Cars,Diesel,Front-Wheel Drive,19.10925,Cadillac,Automatic 4-spd,8.0,5.7
31650,Subcompact Cars,Regular,Front-Wheel Drive,12.6773076923077,Toyota,Automatic 4-spd,4.0,1.6
31651,Subcompact Cars,Regular,Front-Wheel Drive,11.7717857142857,Toyota,Manual 5-spd,4.0,1.6
31652,Subcompact Cars,Regular,Front-Wheel Drive,13.73375,Toyota,Manual 5-spd,4.0,1.6
31653,Subcompact Cars,Regular,Front-Wheel Drive,13.1844,Toyota,Automatic 3-spd,4.0,1.6
31654,Subcompact Cars,Regular,Front-Wheel Drive,11.3658620689655,Toyota,Manual 5-spd,4.0,1.6
31655,Subcompact Cars,Regular,Front-Wheel Drive,14.3308695652174,Toyota,Automatic 4-spd,4.0,1.6
31656,Subcompact Cars,Regular,Front-Wheel Drive,13.73375,Toyota,Manual 5-spd,4.0,1.6
31657,Subcompact Cars,Premium,Rear-Wheel Drive,18.3116666666667,Toyota,Automatic 4-spd,6.0,3.0
31658,Subcompact Cars,Premium,Rear-Wheel Drive,18.3116666666667,Toyota,Automatic 4-spd,6.0,3.0
31659,Subcompact Cars,Premium,Rear-Wheel Drive,18.3116666666667,Toyota,Manual 5-spd,6.0,3.0
31660,Midsize Cars,Regular,Front-Wheel Drive,19.3888235294118,Cadillac,Automatic 4-spd,8.0,4.1
31661,Subcompact Cars,Premium,Rear-Wheel Drive,18.3116666666667,Toyota,Manual 5-spd,6.0,3.0
31662,Subcompact Cars,Regular,Front-Wheel Drive,12.6773076923077,Toyota,Automatic 3-spd,4.0,1.5
31663,Subcompact Cars,Regular,Front-Wheel Drive,11.3658620689655,Toyota,Manual 4-spd,4.0,1.5
31664,Subcompact Cars,Regular,Front-Wheel Drive,11.3658620689655,Toyota,Manual 5-spd,4.0,1.5
31665,Subcompact Cars,Regular,Front-Wheel Drive,9.98818181818182,Toyota,Manual 4-spd,4.0,1.5
31666,Subcompact Cars,Regular,Front-Wheel Drive,13.73375,Volkswagen,Manual 4-spd,4.0,1.8
31667,Subcompact Cars,Regular,Front-Wheel Drive,14.3308695652174,Volkswagen,Manual 5-spd,4.0,1.8
31668,Subcompact Cars,Regular,Front-Wheel Drive,14.9822727272727,Volkswagen,Manual 5-spd,4.0,1.8
31669,Subcompact Cars,Regular,Front-Wheel Drive,12.6773076923077,Yugo,Manual 4-spd,4.0,1.1
31670,Subcompact Cars,Regular,Front-Wheel Drive,13.73375,Yugo,Manual 5-spd,4.0,1.3
31671,Midsize Cars,Diesel,Front-Wheel Drive,19.10925,Cadillac,Automatic 4-spd,8.0,5.7
31672,Compact Cars,Regular,Front-Wheel Drive,18.3116666666667,Acura,Automatic 4-spd,6.0,2.7
31673,Compact Cars,Regular,Front-Wheel Drive,17.3478947368421,Acura,Manual 5-spd,6.0,2.7
31674,Compact Cars,Regular,Front-Wheel Drive,18.3116666666667,Sterling,Automatic 4-spd,6.0,2.5
31675,Compact Cars,Regular,Front-Wheel Drive,17.3478947368421,Sterling,Manual 5-spd,6.0,2.5
31676,Compact Cars,Regular,Front-Wheel Drive,18.3116666666667,Sterling,Automatic 4-spd,6.0,2.7
31677,Compact Cars,Regular,Front-Wheel Drive,17.3478947368421,Sterling,Manual 5-spd,6.0,2.7
31678,Compact Cars,Regular,Rear-Wheel Drive,17.3478947368421,BMW,Automatic 4-spd,6.0,2.7
31679,Compact Cars,Regular,Rear-Wheel Drive,17.3478947368421,BMW,Manual 5-spd,6.0,2.7
31680,Compact Cars,Regular,Rear-Wheel Drive,19.3888235294118,BMW,Automatic 4-spd,6.0,3.4
31681,Compact Cars,Regular,Rear-Wheel Drive,20.600625,BMW,Manual 5-spd,6.0,3.4
31682,Midsize Cars,Regular,Front-Wheel Drive,13.73375,Chevrolet,Automatic 3-spd,4.0,2.5
31683,Compact Cars,Premium,Rear-Wheel Drive,27.4675,BMW,Manual 5-spd,6.0,3.5
31684,Compact Cars,Regular,Front-Wheel Drive,13.1844,Buick,Automatic 3-spd,4.0,2.0
31685,Compact Cars,Regular,Front-Wheel Drive,12.6773076923077,Buick,Manual 5-spd,4.0,2.0
31686,Compact Cars,Regular,Front-Wheel Drive,13.1844,Buick,Automatic 3-spd,4.0,2.0
31687,Compact Cars,Regular,Front-Wheel Drive,12.2077777777778,Buick,Manual 5-spd,4.0,2.0
31688,Compact Cars,Regular,Front-Wheel Drive,13.1844,Buick,Automatic 3-spd,4.0,2.3
31689,Compact Cars,Regular,Front-Wheel Drive,13.73375,Buick,Automatic 3-spd,4.0,2.5
31690,Compact Cars,Regular,Front-Wheel Drive,13.73375,Buick,Manual 5-spd,4.0,2.5
31691,Compact Cars,Regular,Front-Wheel Drive,16.4805,Buick,Automatic 3-spd,6.0,3.0
31692,Compact Cars,Regular,Front-Wheel Drive,16.4805,Cadillac,Automatic 3-spd,6.0,2.8
31693,Midsize Cars,Regular,Front-Wheel Drive,13.73375,Chevrolet,Manual 4-spd,4.0,2.5
31694,Compact Cars,Regular,Front-Wheel Drive,15.6957142857143,Cadillac,Manual 5-spd,6.0,2.8
31695,Compact Cars,Regular,Front-Wheel Drive,13.73375,Chevrolet,Automatic 3-spd,4.0,2.0
31696,Compact Cars,Regular,Front-Wheel Drive,13.1844,Chevrolet,Manual 5-spd,4.0,2.0
31697,Compact Cars,Regular,Front-Wheel Drive,16.4805,Chevrolet,Automatic 3-spd,6.0,2.8
31698,Compact Cars,Regular,Front-Wheel Drive,16.4805,Chevrolet,Manual 5-spd,6.0,2.8
31699,Compact Cars,Regular,Front-Wheel Drive,16.4805,Chevrolet,Manual 5-spd,6.0,2.8
31700,Compact Cars,Regular,Front-Wheel Drive,13.1844,Chevrolet,Automatic 3-spd,4.0,2.0
31701,Compact Cars,Regular,Front-Wheel Drive,12.6773076923077,Chevrolet,Manual 5-spd,4.0,2.0
31702,Compact Cars,Regular,Front-Wheel Drive,16.4805,Chevrolet,Automatic 3-spd,6.0,2.8
31703,Compact Cars,Regular,Front-Wheel Drive,15.6957142857143,Chevrolet,Manual 5-spd,6.0,2.8
31704,Midsize Cars,Regular,Front-Wheel Drive,16.4805,Chevrolet,Automatic 3-spd,6.0,2.8
31705,Compact Cars,Regular,Front-Wheel Drive,13.73375,Chevrolet,Automatic 3-spd,4.0,2.0
31706,Compact Cars,Regular,Front-Wheel Drive,13.1844,Chevrolet,Manual 5-spd,4.0,2.0
31707,Compact Cars,Regular,Front-Wheel Drive,16.4805,Chevrolet,Automatic 3-spd,6.0,2.8
31708,Compact Cars,Regular,Front-Wheel Drive,16.4805,Chevrolet,Manual 5-spd,6.0,2.8
31709,Compact Cars,Regular,Front-Wheel Drive,16.4805,Chevrolet,Manual 5-spd,6.0,2.8
31710,Compact Cars,Regular,Front-Wheel Drive,12.6773076923077,Chevrolet,Automatic 3-spd,4.0,1.6
31711,Compact Cars,Regular,Front-Wheel Drive,11.3658620689655,Chevrolet,Manual 5-spd,4.0,1.6
31712,Compact Cars,Regular,Front-Wheel Drive,14.3308695652174,Chevrolet,Automatic 4-spd,4.0,1.6
31713,Compact Cars,Regular,Front-Wheel Drive,13.73375,Chevrolet,Manual 5-spd,4.0,1.6
31714,Compact Cars,Premium,Front-Wheel Drive,16.4805,Chrysler,Automatic 3-spd,4.0,2.2
31715,Minicompact Cars,Regular,Front-Wheel Drive,7.84785714285714,Suzuki,Manual 5-spd,3.0,1.0
31716,Midsize Cars,Regular,Front-Wheel Drive,16.4805,Chevrolet,Automatic 4-spd,6.0,2.8
31717,Compact Cars,Regular,Front-Wheel Drive,14.3308695652174,Chrysler,Automatic 3-spd,4.0,2.2
31718,Compact Cars,Premium,Front-Wheel Drive,15.6957142857143,Chrysler,Manual 5-spd,4.0,2.2
31719,Compact Cars,Regular,Front-Wheel Drive,14.9822727272727,Chrysler,Automatic 3-spd,4.0,2.5
31720,Compact Cars,Regular,Front-Wheel Drive,14.3308695652174,Chrysler,Manual 5-spd,4.0,2.5
31721,Compact Cars,Regular,Front-Wheel Drive,18.3116666666667,Nissan,Automatic 4-spd,6.0,3.0
31722,Compact Cars,Regular,Front-Wheel Drive,17.3478947368421,Nissan,Manual 5-spd,6.0,3.0
31723,Compact Cars,Regular,Front-Wheel Drive,13.73375,Nissan,Automatic 3-spd,4.0,1.6
31724,Compact Cars,Regular,Front-Wheel Drive,11.7717857142857,Nissan,Manual 4-spd,4.0,1.6
31725,Compact Cars,Regular,Front-Wheel Drive,11.7717857142857,Nissan,Manual 5-spd,4.0,1.6
31726,Compact Cars,Regular,Front-Wheel Drive,15.6957142857143,Nissan,Automatic 4-spd,4.0,2.0
31727,Midsize Cars,Regular,Front-Wheel Drive,16.4805,Chevrolet,Automatic 3-spd,6.0,2.8
31728,Compact Cars,Regular,Front-Wheel Drive,14.9822727272727,Nissan,Manual 5-spd,4.0,2.0
31729,Compact Cars,Regular,Front-Wheel Drive,13.73375,Dodge,Automatic 3-spd,4.0,2.2
31730,Compact Cars,Regular,Front-Wheel Drive,13.1844,Dodge,Manual 5-spd,4.0,2.2
31731,Compact Cars,Premium,Front-Wheel Drive,16.4805,Dodge,Automatic 3-spd,4.0,2.2
31732,Compact Cars,Regular,Front-Wheel Drive,14.3308695652174,Dodge,Automatic 3-spd,4.0,2.2
31733,Compact Cars,Regular,Front-Wheel Drive,13.1844,Dodge,Manual 5-spd,4.0,2.2
31734,Compact Cars,Premium,Front-Wheel Drive,15.6957142857143,Dodge,Manual 5-spd,4.0,2.2
31735,Compact Cars,Regular,Front-Wheel Drive,14.9822727272727,Dodge,Automatic 3-spd,4.0,2.5
31736,Compact Cars,Regular,Front-Wheel Drive,14.3308695652174,Dodge,Manual 5-spd,4.0,2.5
31737,Compact Cars,Regular,Front-Wheel Drive,13.73375,Ford,Automatic 3-spd,4.0,1.9
31738,Midsize Cars,Regular,Front-Wheel Drive,16.4805,Chevrolet,Automatic 4-spd,6.0,2.8
31739,Compact Cars,Regular,Front-Wheel Drive,10.3003125,Ford,Manual 4-spd,4.0,1.9
31740,Compact Cars,Regular,Front-Wheel Drive,13.1844,Ford,Manual 5-spd,4.0,1.9
31741,Compact Cars,Regular,Front-Wheel Drive,11.7717857142857,Ford,Manual 5-spd,4.0,1.9
31742,Compact Cars,Regular,Front-Wheel Drive,13.73375,Ford,Automatic 4-spd,4.0,1.6
31743,Compact Cars,Regular,Front-Wheel Drive,13.1844,Ford,Manual 4-spd,4.0,1.6
31744,Compact Cars,Regular,Front-Wheel Drive,15.6957142857143,Ford,Automatic 3-spd,4.0,2.3
31745,Compact Cars,Regular,Front-Wheel Drive,13.73375,Ford,Manual 5-spd,4.0,2.3
31746,Compact Cars,Regular,4-Wheel or All-Wheel Drive,17.3478947368421,Ford,Automatic 3-spd,4.0,2.3
31747,Compact Cars,Regular,Rear-Wheel Drive,19.3888235294118,Ford,Automatic 4-spd,4.0,2.3
31748,Compact Cars,Regular,Rear-Wheel Drive,17.3478947368421,Ford,Manual 5-spd,4.0,2.3
31749,Midsize Cars,Diesel,Front-Wheel Drive,14.6994230769231,Chevrolet,Automatic 3-spd,6.0,4.3
31750,Compact Cars,Regular,Rear-Wheel Drive,15.6957142857143,Ford,Automatic 4-spd,6.0,3.8
31751,Compact Cars,Regular,Rear-Wheel Drive,17.3478947368421,Ford,Automatic 4-spd,8.0,5.0
31752,Compact Cars,Regular,Front-Wheel Drive,13.73375,Honda,Automatic 4-spd,4.0,2.0
31753,Compact Cars,Regular,Front-Wheel Drive,12.6773076923077,Honda,Manual 5-spd,4.0,2.0
31754,Compact Cars,Regular,Front-Wheel Drive,14.9822727272727,Honda,Automatic 4-spd,4.0,2.0
31755,Compact Cars,Regular,Front-Wheel Drive,13.73375,Honda,Manual 5-spd,4.0,2.0
31756,Compact Cars,Regular,Rear-Wheel Drive,18.3116666666667,Jaguar,Automatic 4-spd,6.0,3.6
31757,Compact Cars,Premium,Rear-Wheel Drive,17.3478947368421,Jaguar,Automatic 4-spd,6.0,3.6
31758,Compact Cars,Regular,Rear-Wheel Drive,15.6957142857143,Mercury,Automatic 4-spd,6.0,3.8
31759,Compact Cars,Regular,Rear-Wheel Drive,18.3116666666667,Mercury,Automatic 4-spd,8.0,5.0
31760,Midsize Cars,Regular,Front-Wheel Drive,13.73375,Chevrolet,Automatic 3-spd,4.0,2.5
31761,Compact Cars,Regular,Front-Wheel Drive,15.6957142857143,Mercury,Automatic 3-spd,4.0,2.3
31762,Compact Cars,Regular,Front-Wheel Drive,13.73375,Mercury,Manual 5-spd,4.0,2.3
31763,Compact Cars,Regular,4-Wheel or All-Wheel Drive,17.3478947368421,Mercury,Automatic 3-spd,4.0,2.3
31764,Compact Cars,Regular,Front-Wheel Drive,13.73375,Mercury,Automatic 3-spd,4.0,1.6
31765,Compact Cars,Regular,Front-Wheel Drive,12.2077777777778,Mercury,Manual 5-spd,4.0,1.6
31766,Compact Cars,Regular,Rear-Wheel Drive,19.3888235294118,Merkur,Automatic 3-spd,4.0,2.3
31767,Compact Cars,Regular,Rear-Wheel Drive,16.4805,Merkur,Manual 5-spd,4.0,2.3
31768,Compact Cars,Regular,Front-Wheel Drive,13.73375,Mazda,Automatic 4-spd,4.0,1.6
31769,Compact Cars,Regular,Front-Wheel Drive,13.1844,Mazda,Manual 4-spd,4.0,1.6
31770,Compact Cars,Premium,4-Wheel or All-Wheel Drive,16.4805,Mazda,Manual 5-spd,4.0,1.6
31771,Midsize Cars,Regular,Front-Wheel Drive,13.1844,Chevrolet,Manual 4-spd,4.0,2.5
31772,Compact Cars,Premium,Front-Wheel Drive,14.9822727272727,Mazda,Manual 5-spd,4.0,1.6
31773,Compact Cars,Regular,Front-Wheel Drive,12.2077777777778,Mazda,Manual 5-spd,4.0,1.6
31774,Compact Cars,Premium,Rear-Wheel Drive,17.3478947368421,Mercedes-Benz,Automatic 4-spd,6.0,2.6
31775,Compact Cars,Premium,Rear-Wheel Drive,18.3116666666667,Mercedes-Benz,Manual 5-spd,6.0,2.6
31776,Compact Cars,Premium,Rear-Wheel Drive,18.3116666666667,Mercedes-Benz,Automatic 4-spd,6.0,3.0
31777,Compact Cars,Premium,Rear-Wheel Drive,18.3116666666667,Mercedes-Benz,Manual 5-spd,6.0,3.0
31778,Compact Cars,Premium,Rear-Wheel Drive,20.600625,Mercedes-Benz,Automatic 4-spd,6.0,3.0
31779,Compact Cars,Premium,Rear-Wheel Drive,25.3546153846154,Mercedes-Benz,Automatic 4-spd,8.0,5.6
31780,Compact Cars,Regular,Rear-Wheel Drive,17.3478947368421,Mcevoy Motors,Automatic 4-spd,4.0,2.3
31781,Compact Cars,Regular,Front-Wheel Drive,18.3116666666667,Mitsubishi,Automatic 4-spd,6.0,3.0
31782,Midsize Cars,Regular,Front-Wheel Drive,16.4805,Chevrolet,Automatic 3-spd,6.0,2.8
31783,Compact Cars,Regular,Front-Wheel Drive,18.3116666666667,Mitsubishi,Manual 5-spd,6.0,3.0
31784,Compact Cars,Regular,Front-Wheel Drive,13.1844,Oldsmobile,Automatic 3-spd,4.0,2.3
31785,Compact Cars,Regular,Front-Wheel Drive,12.6773076923077,Oldsmobile,Manual 5-spd,4.0,2.3
31786,Compact Cars,Regular,Front-Wheel Drive,14.3308695652174,Oldsmobile,Automatic 3-spd,4.0,2.5
31787,Compact Cars,Regular,Front-Wheel Drive,13.73375,Oldsmobile,Manual 5-spd,4.0,2.5
31788,Compact Cars,Regular,Front-Wheel Drive,16.4805,Oldsmobile,Automatic 3-spd,6.0,3.0
31789,Compact Cars,Regular,Front-Wheel Drive,13.1844,Oldsmobile,Automatic 3-spd,4.0,2.0
31790,Compact Cars,Regular,Front-Wheel Drive,12.6773076923077,Oldsmobile,Manual 5-spd,4.0,2.0
31791,Compact Cars,Regular,Front-Wheel Drive,13.1844,Oldsmobile,Automatic 3-spd,4.0,2.0
31792,Compact Cars,Regular,Front-Wheel Drive,12.2077777777778,Oldsmobile,Manual 5-spd,4.0,2.0
31793,Midsize Cars,Regular,Front-Wheel Drive,17.3478947368421,Chevrolet,Manual 4-spd,6.0,2.8
31794,Compact Cars,Premium,Rear-Wheel Drive,18.3116666666667,Peugeot,Automatic 4-spd,4.0,2.1
31795,Compact Cars,Premium,Rear-Wheel Drive,17.3478947368421,Peugeot,Manual 5-spd,4.0,2.1
31796,Compact Cars,Regular,Rear-Wheel Drive,17.3478947368421,Peugeot,Automatic 4-spd,4.0,2.2
31797,Compact Cars,Regular,Rear-Wheel Drive,18.3116666666667,Peugeot,Manual 5-spd,4.0,2.2
31798,Compact Cars,Premium,Rear-Wheel Drive,18.3116666666667,Peugeot,Automatic 4-spd,6.0,2.9
31799,Compact Cars,Premium,Rear-Wheel Drive,18.3116666666667,Peugeot,Manual 5-spd,6.0,2.9
31800,Compact Cars,Regular,Front-Wheel Drive,13.73375,Plymouth,Automatic 3-spd,4.0,2.2
31801,Compact Cars,Regular,Front-Wheel Drive,13.1844,Plymouth,Manual 5-spd,4.0,2.2
31802,Compact Cars,Premium,Front-Wheel Drive,16.4805,Plymouth,Automatic 3-spd,4.0,2.2
31803,Compact Cars,Regular,Front-Wheel Drive,14.3308695652174,Plymouth,Automatic 3-spd,4.0,2.2
31804,Midsize Cars,Regular,Front-Wheel Drive,16.4805,Chevrolet,Automatic 3-spd,6.0,2.8
31805,Compact Cars,Regular,Front-Wheel Drive,13.1844,Plymouth,Manual 5-spd,4.0,2.2
31806,Compact Cars,Premium,Front-Wheel Drive,15.6957142857143,Plymouth,Manual 5-spd,4.0,2.2
31807,Compact Cars,Regular,Front-Wheel Drive,14.9822727272727,Plymouth,Automatic 3-spd,4.0,2.5
31808,Compact Cars,Regular,Front-Wheel Drive,14.3308695652174,Plymouth,Manual 5-spd,4.0,2.5
31809,Compact Cars,Premium,Front-Wheel Drive,16.4805,Pontiac,Automatic 3-spd,4.0,2.0
31810,Compact Cars,Premium,Front-Wheel Drive,15.6957142857143,Pontiac,Manual 5-spd,4.0,2.0
31811,Compact Cars,Regular,Front-Wheel Drive,13.1844,Pontiac,Automatic 3-spd,4.0,2.3
31812,Compact Cars,Regular,Front-Wheel Drive,12.6773076923077,Pontiac,Manual 5-spd,4.0,2.3
31813,Compact Cars,Regular,Front-Wheel Drive,13.73375,Pontiac,Automatic 3-spd,4.0,2.5
31814,Compact Cars,Regular,Front-Wheel Drive,13.73375,Pontiac,Manual 5-spd,4.0,2.5
31815,Midsize Cars,Regular,Front-Wheel Drive,18.3116666666667,Chevrolet,Manual 4-spd,6.0,2.8
31816,Compact Cars,Regular,Front-Wheel Drive,12.6773076923077,Pontiac,Automatic 3-spd,4.0,1.6
31817,Compact Cars,Regular,Front-Wheel Drive,11.3658620689655,Pontiac,Manual 4-spd,4.0,1.6
31818,Compact Cars,Regular,Front-Wheel Drive,10.987,Pontiac,Manual 5-spd,4.0,1.6
31819,Compact Cars,Regular,Front-Wheel Drive,13.73375,Pontiac,Manual 5-spd,4.0,2.0
31820,Compact Cars,Premium,Front-Wheel Drive,16.4805,Pontiac,Automatic 3-spd,4.0,2.0
31821,Compact Cars,Premium,Front-Wheel Drive,14.9822727272727,Pontiac,Manual 5-spd,4.0,2.0
31822,Compact Cars,Regular,Front-Wheel Drive,13.1844,Pontiac,Automatic 3-spd,4.0,2.0
31823,Compact Cars,Regular,Front-Wheel Drive,12.2077777777778,Pontiac,Manual 5-spd,4.0,2.0
31824,Compact Cars,Regular,Front-Wheel Drive,18.3116666666667,Saab,Automatic 3-spd,4.0,2.0
31825,Compact Cars,Regular,Front-Wheel Drive,18.3116666666667,Saab,Automatic 3-spd,4.0,2.0
31826,Minicompact Cars,Regular,Front-Wheel Drive,15.6957142857143,Volkswagen,Automatic 3-spd,4.0,1.8
31827,Midsize Cars,Regular,Rear-Wheel Drive,18.3116666666667,Chevrolet,Automatic 3-spd,6.0,4.3
31828,Compact Cars,Regular,Front-Wheel Drive,17.3478947368421,Saab,Automatic 3-spd,4.0,2.0
31829,Compact Cars,Regular,Front-Wheel Drive,15.6957142857143,Saab,Manual 5-spd,4.0,2.0
31830,Compact Cars,Premium,Front-Wheel Drive,15.6957142857143,Saab,Manual 5-spd,4.0,2.0
31831,Compact Cars,Regular,Front-Wheel Drive,15.6957142857143,Saab,Manual 5-spd,4.0,2.0
31832,Compact Cars,Regular,Front-Wheel Drive,15.6957142857143,Saab,Manual 5-spd,4.0,2.0
31833,Compact Cars,Regular,Front-Wheel Drive,16.4805,Subaru,Automatic 3-spd,4.0,1.8
31834,Compact Cars,Regular,Front-Wheel Drive,14.3308695652174,Subaru,Automatic 3-spd,4.0,1.8
31835,Compact Cars,Regular,Front-Wheel Drive,13.1844,Subaru,Manual 5-spd,4.0,1.8
31836,Compact Cars,Regular,4-Wheel or All-Wheel Drive,15.6957142857143,Subaru,Automatic 4-spd,4.0,1.8
31837,Compact Cars,Regular,4-Wheel or All-Wheel Drive,16.4805,Subaru,Manual 5-spd,4.0,1.8
31838,Midsize Cars,Regular,Rear-Wheel Drive,17.3478947368421,Chevrolet,Automatic 4-spd,6.0,4.3
31839,Compact Cars,Regular,Front-Wheel Drive,13.73375,Toyota,Automatic 4-spd,4.0,2.0
31840,Compact Cars,Regular,Front-Wheel Drive,13.1844,Toyota,Automatic 4-spd,4.0,2.0
31841,Compact Cars,Regular,4-Wheel or All-Wheel Drive,15.6957142857143,Toyota,Manual 5-spd,4.0,2.0
31842,Compact Cars,Regular,Front-Wheel Drive,13.1844,Toyota,Manual 5-spd,4.0,2.0
31843,Compact Cars,Regular,Front-Wheel Drive,17.3478947368421,Toyota,Automatic 4-spd,6.0,2.5
31844,Compact Cars,Regular,Front-Wheel Drive,17.3478947368421,Toyota,Manual 5-spd,6.0,2.5
31845,Compact Cars,Premium,Rear-Wheel Drive,18.3116666666667,Toyota,Automatic 4-spd,6.0,2.8
31846,Compact Cars,Regular,Front-Wheel Drive,14.3308695652174,Volkswagen,Automatic 3-spd,4.0,1.8
31847,Compact Cars,Regular,Front-Wheel Drive,13.1844,Volkswagen,Manual 5-spd,4.0,1.8
31848,Compact Cars,Regular,Front-Wheel Drive,14.9822727272727,Volkswagen,Manual 5-spd,4.0,1.8
31849,Midsize Cars,Regular,Rear-Wheel Drive,19.3888235294118,Chevrolet,Automatic 3-spd,8.0,5.0
31850,Compact Cars,Regular,Front-Wheel Drive,14.3308695652174,Volkswagen,Automatic 3-spd,4.0,1.8
31851,Compact Cars,Regular,Front-Wheel Drive,13.1844,Volkswagen,Manual 5-spd,4.0,1.8
31852,Compact Cars,Regular,Front-Wheel Drive,14.9822727272727,Volkswagen,Manual 5-spd,4.0,1.8
31853,Compact Cars,Regular,Front-Wheel Drive,18.3116666666667,Volkswagen,Automatic 3-spd,5.0,2.2
31854,Compact Cars,Regular,Front-Wheel Drive,17.3478947368421,Volkswagen,Manual 5-spd,5.0,2.2
31855,Compact Cars,Regular,Rear-Wheel Drive,17.3478947368421,Volvo,Automatic 4-spd,4.0,2.3
31856,Compact Cars,Regular,Rear-Wheel Drive,15.6957142857143,Volvo,Manual 5-spd,4.0,2.3
31857,Compact Cars,Regular,Rear-Wheel Drive,20.600625,Volvo,Automatic 4-spd,6.0,2.8
31858,Midsize Cars,Regular,4-Wheel or All-Wheel Drive,18.3116666666667,Audi,Manual 5-spd,5.0,2.2
31859,Midsize Cars,Regular,Front-Wheel Drive,18.3116666666667,Audi,Automatic 3-spd,5.0,2.2
31860,Midsize Cars,Regular,Rear-Wheel Drive,18.3116666666667,Chevrolet,Automatic 4-spd,8.0,5.0
31861,Midsize Cars,Regular,Front-Wheel Drive,17.3478947368421,Audi,Manual 5-spd,5.0,2.2
31862,Midsize Cars,Regular,Front-Wheel Drive,18.3116666666667,Audi,Automatic 3-spd,5.0,2.3
31863,Midsize Cars,Regular,Front-Wheel Drive,16.4805,Audi,Manual 5-spd,5.0,2.3
31864,Midsize Cars,Regular,4-Wheel or All-Wheel Drive,18.3116666666667,Audi,Manual 5-spd,5.0,2.3
31865,Midsize Cars,Regular,Rear-Wheel Drive,21.974,BMW,Automatic 4-spd,6.0,3.4
31866,Midsize Cars,Regular,Rear-Wheel Drive,20.600625,BMW,Manual 5-spd,6.0,3.4
31867,Midsize Cars,Regular,Front-Wheel Drive,13.73375,Buick,Automatic 3-spd,4.0,2.5
31868,Midsize Cars,Regular,Front-Wheel Drive,16.4805,Buick,Automatic 3-spd,6.0,2.8
31869,Midsize Cars,Regular,Front-Wheel Drive,15.6957142857143,Buick,Automatic 4-spd,6.0,2.8
31870,Midsize Cars,Regular,Front-Wheel Drive,16.4805,Buick,Automatic 4-spd,6.0,3.8
31871,Midsize Cars,Regular,Front-Wheel Drive,17.3478947368421,Chrysler,Automatic 3-spd,4.0,2.6
31872,Midsize Cars,Regular,Front-Wheel Drive,15.6957142857143,Buick,Automatic 4-spd,6.0,2.8
31873,Midsize Cars,Regular,Front-Wheel Drive,16.4805,Buick,Automatic 4-spd,6.0,3.8
31874,Midsize Cars,Regular,Front-Wheel Drive,19.3888235294118,Cadillac,Automatic 4-spd,8.0,4.5
31875,Midsize Cars,Regular,Front-Wheel Drive,19.3888235294118,Cadillac,Automatic 4-spd,8.0,4.5
31876,Midsize Cars,Regular,Front-Wheel Drive,13.73375,Chevrolet,Automatic 3-spd,4.0,2.5
31877,Midsize Cars,Regular,Front-Wheel Drive,16.4805,Chevrolet,Automatic 3-spd,6.0,2.8
31878,Midsize Cars,Regular,Front-Wheel Drive,15.6957142857143,Chevrolet,Automatic 4-spd,6.0,2.8
31879,Midsize Cars,Regular,Front-Wheel Drive,15.6957142857143,Chevrolet,Manual 5-spd,6.0,2.8
31880,Midsize Cars,Regular,Rear-Wheel Drive,16.4805,Chevrolet,Automatic 4-spd,6.0,4.3
31881,Midsize Cars,Regular,Rear-Wheel Drive,18.3116666666667,Chevrolet,Automatic 4-spd,8.0,5.0
31882,Midsize Cars,Regular,Front-Wheel Drive,14.9822727272727,Chrysler,Automatic 3-spd,4.0,2.2
31883,Midsize Cars,Premium,Front-Wheel Drive,16.4805,Chrysler,Automatic 3-spd,4.0,2.2
31884,Midsize Cars,Regular,Front-Wheel Drive,14.3308695652174,Chrysler,Automatic 3-spd,4.0,2.2
31885,Midsize Cars,Premium,Front-Wheel Drive,15.6957142857143,Chrysler,Manual 5-spd,4.0,2.2
31886,Midsize Cars,Regular,Front-Wheel Drive,13.1844,Chrysler,Manual 5-spd,4.0,2.2
31887,Midsize Cars,Regular,Front-Wheel Drive,14.9822727272727,Chrysler,Automatic 3-spd,4.0,2.5
31888,Midsize Cars,Regular,Front-Wheel Drive,14.3308695652174,Chrysler,Manual 5-spd,4.0,2.5
31889,Midsize Cars,Premium,Front-Wheel Drive,16.4805,Chrysler,Automatic 3-spd,4.0,2.2
31890,Midsize Cars,Regular,Front-Wheel Drive,17.3478947368421,Chrysler,Automatic 3-spd,6.0,3.0
31891,Midsize Cars,Premium,Rear-Wheel Drive,18.3116666666667,Chrysler,Automatic 3-spd,8.0,5.2
31892,Midsize Cars,Premium,Front-Wheel Drive,19.3888235294118,CX Automotive,Automatic 3-spd,4.0,2.5
31893,Midsize Cars,Premium,Front-Wheel Drive,17.3478947368421,Chrysler,Automatic 3-spd,4.0,2.2
31894,Midsize Cars,Premium,Front-Wheel Drive,17.3478947368421,CX Automotive,Manual 5-spd,4.0,2.5
31895,Midsize Cars,Regular,Front-Wheel Drive,13.73375,Dodge,Automatic 3-spd,4.0,2.2
31896,Midsize Cars,Regular,Front-Wheel Drive,13.1844,Dodge,Manual 5-spd,4.0,2.2
31897,Midsize Cars,Regular,Front-Wheel Drive,14.9822727272727,Dodge,Automatic 3-spd,4.0,2.5
31898,Midsize Cars,Premium,Rear-Wheel Drive,21.974,Dodge,Automatic 3-spd,8.0,5.2
31899,Midsize Cars,Premium,Rear-Wheel Drive,18.3116666666667,Dodge,Automatic 3-spd,8.0,5.2
31900,Midsize Cars,Premium,Rear-Wheel Drive,27.4675,Dodge,Automatic 3-spd,8.0,5.2
31901,Midsize Cars,Regular,Front-Wheel Drive,14.9822727272727,Dodge,Automatic 3-spd,4.0,2.5
31902,Midsize Cars,Regular,Front-Wheel Drive,17.3478947368421,Dodge,Automatic 3-spd,6.0,3.0
31903,Midsize Cars,Premium,Front-Wheel Drive,16.4805,Dodge,Automatic 3-spd,4.0,2.2
31904,Midsize Cars,Regular,Front-Wheel Drive,17.3478947368421,Chrysler,Automatic 3-spd,4.0,2.6
31905,Midsize Cars,Regular,Front-Wheel Drive,14.3308695652174,Dodge,Automatic 3-spd,4.0,2.2
31906,Midsize Cars,Regular,Front-Wheel Drive,13.1844,Dodge,Manual 5-spd,4.0,2.2
31907,Midsize Cars,Premium,Front-Wheel Drive,15.6957142857143,Dodge,Manual 5-spd,4.0,2.2
31908,Midsize Cars,Regular,Front-Wheel Drive,14.9822727272727,Dodge,Automatic 3-spd,4.0,2.5
31909,Midsize Cars,Regular,Front-Wheel Drive,14.3308695652174,Dodge,Manual 5-spd,4.0,2.5
31910,Midsize Cars,Premium,Front-Wheel Drive,16.4805,Dodge,Automatic 3-spd,4.0,2.2
31911,Midsize Cars,Regular,Front-Wheel Drive,14.3308695652174,Dodge,Automatic 3-spd,4.0,2.2
31912,Midsize Cars,Regular,Front-Wheel Drive,14.9822727272727,Dodge,Automatic 3-spd,4.0,2.5
31913,Midsize Cars,Regular,Front-Wheel Drive,16.4805,Ford,Automatic 3-spd,4.0,2.5
31914,Midsize Cars,Regular,Front-Wheel Drive,13.73375,Ford,Manual 5-spd,4.0,2.5
31915,Midsize Cars,Premium,Front-Wheel Drive,17.3478947368421,Chrysler,Automatic 3-spd,4.0,2.2
31916,Midsize Cars,Regular,Front-Wheel Drive,15.6957142857143,Ford,Automatic 4-spd,6.0,3.0
31917,Midsize Cars,Regular,Front-Wheel Drive,17.3478947368421,Ford,Automatic 4-spd,6.0,3.8
31918,Midsize Cars,Regular,Rear-Wheel Drive,18.3116666666667,Lincoln,Automatic 4-spd,8.0,5.0
31919,Midsize Cars,Regular,Front-Wheel Drive,15.6957142857143,Mercury,Automatic 4-spd,6.0,3.0
31920,Midsize Cars,Regular,Front-Wheel Drive,17.3478947368421,Mercury,Automatic 4-spd,6.0,3.8
31921,Midsize Cars,Regular,Rear-Wheel Drive,19.3888235294118,Merkur,Automatic 4-spd,6.0,2.9
31922,Midsize Cars,Regular,Rear-Wheel Drive,18.3116666666667,Merkur,Manual 5-spd,6.0,2.9
31923,Midsize Cars,Premium,Front-Wheel Drive,17.3478947368421,Mazda,Automatic 4-spd,4.0,2.2
31924,Midsize Cars,Regular,Front-Wheel Drive,14.9822727272727,Mazda,Automatic 4-spd,4.0,2.2
31925,Midsize Cars,Regular,Front-Wheel Drive,13.73375,Mazda,Manual 5-spd,4.0,2.2
31926,Midsize Cars,Regular,Front-Wheel Drive,15.6957142857143,Chrysler,Automatic 3-spd,4.0,2.2
31927,Midsize Cars,Premium,Front-Wheel Drive,15.6957142857143,Mazda,Manual 5-spd,4.0,2.2
31928,Midsize Cars,Regular,Rear-Wheel Drive,17.3478947368421,Mazda,Automatic 4-spd,6.0,3.0
31929,Midsize Cars,Regular,Rear-Wheel Drive,18.3116666666667,Mazda,Manual 5-spd,6.0,3.0
31930,Midsize Cars,Premium,Rear-Wheel Drive,20.600625,Mercedes-Benz,Automatic 4-spd,6.0,3.0
31931,Midsize Cars,Premium,Rear-Wheel Drive,21.974,Mercedes-Benz,Automatic 4-spd,8.0,4.2
31932,Midsize Cars,Premium,Rear-Wheel Drive,25.3546153846154,Mercedes-Benz,Automatic 4-spd,8.0,5.6
31933,Midsize Cars,Regular,Front-Wheel Drive,13.73375,Oldsmobile,Automatic 3-spd,4.0,2.5
31934,Midsize Cars,Regular,Front-Wheel Drive,16.4805,Oldsmobile,Automatic 3-spd,6.0,2.8
31935,Midsize Cars,Regular,Front-Wheel Drive,15.6957142857143,Oldsmobile,Automatic 4-spd,6.0,2.8
31936,Midsize Cars,Regular,Front-Wheel Drive,16.4805,Oldsmobile,Automatic 4-spd,6.0,3.8
31937,Minicompact Cars,Regular,Front-Wheel Drive,14.3308695652174,Volkswagen,Manual 5-spd,4.0,1.8
31938,Midsize Cars,Regular,Front-Wheel Drive,13.73375,Chrysler,Manual 5-spd,4.0,2.2
31939,Midsize Cars,Regular,Front-Wheel Drive,15.6957142857143,Oldsmobile,Automatic 4-spd,6.0,2.8
31940,Midsize Cars,Regular,Front-Wheel Drive,16.4805,Oldsmobile,Manual 5-spd,6.0,2.8
31941,Midsize Cars,Regular,Rear-Wheel Drive,18.3116666666667,Oldsmobile,Automatic 4-spd,8.0,5.0
31942,Midsize Cars,Regular,Front-Wheel Drive,16.4805,Oldsmobile,Automatic 4-spd,6.0,3.8
31943,Midsize Cars,Premium,Front-Wheel Drive,16.4805,Plymouth,Automatic 3-spd,4.0,2.2
31944,Midsize Cars,Regular,Front-Wheel Drive,14.3308695652174,Plymouth,Automatic 3-spd,4.0,2.2
31945,Midsize Cars,Regular,Front-Wheel Drive,14.9822727272727,Plymouth,Automatic 3-spd,4.0,2.5
31946,Midsize Cars,Premium,Rear-Wheel Drive,18.3116666666667,Plymouth,Automatic 3-spd,8.0,5.2
31947,Midsize Cars,Premium,Rear-Wheel Drive,21.974,Plymouth,Automatic 3-spd,8.0,5.2
31948,Midsize Cars,Premium,Rear-Wheel Drive,27.4675,Plymouth,Automatic 3-spd,8.0,5.2
31949,Midsize Cars,Premium,Front-Wheel Drive,16.4805,Chrysler,Manual 5-spd,4.0,2.2
31950,Midsize Cars,Regular,Front-Wheel Drive,13.73375,Plymouth,Automatic 3-spd,4.0,2.2
31951,Midsize Cars,Regular,Front-Wheel Drive,13.1844,Plymouth,Manual 5-spd,4.0,2.2
31952,Midsize Cars,Regular,Front-Wheel Drive,14.9822727272727,Plymouth,Automatic 3-spd,4.0,2.5
31953,Midsize Cars,Regular,Front-Wheel Drive,15.6957142857143,Pontiac,Automatic 4-spd,6.0,2.8
31954,Midsize Cars,Regular,Front-Wheel Drive,16.4805,Pontiac,Manual 5-spd,6.0,2.8
31955,Midsize Cars,Regular,Front-Wheel Drive,13.73375,Pontiac,Automatic 3-spd,4.0,2.5
31956,Midsize Cars,Regular,Front-Wheel Drive,16.4805,Pontiac,Automatic 3-spd,6.0,2.8
31957,Midsize Cars,Regular,Front-Wheel Drive,15.6957142857143,Pontiac,Automatic 4-spd,6.0,2.8
31958,Midsize Cars,Regular,Front-Wheel Drive,15.6957142857143,Pontiac,Manual 5-spd,6.0,2.8
31959,Midsize Cars,Regular,4-Wheel or All-Wheel Drive,18.3116666666667,Pontiac,Automatic 3-spd,6.0,3.1
31960,Midsize Cars,Premium,Front-Wheel Drive,17.3478947368421,Chrysler,Automatic 3-spd,4.0,2.2
31961,Midsize Cars,Regular,Front-Wheel Drive,16.4805,Eagle,Automatic 3-spd,4.0,2.2
31962,Midsize Cars,Regular,Front-Wheel Drive,13.1844,Eagle,Manual 5-spd,4.0,2.2
31963,Midsize Cars,Regular,Rear-Wheel Drive,36.6233333333333,Rolls-Royce,Automatic 3-spd,8.0,6.8
31964,Midsize Cars,Regular,Rear-Wheel Drive,36.6233333333333,Rolls-Royce,Automatic 3-spd,8.0,6.8
31965,Midsize Cars,Regular,Rear-Wheel Drive,18.3116666666667,Volvo,Automatic 4-spd,4.0,2.3
31966,Midsize Cars,Regular,Rear-Wheel Drive,16.4805,Volvo,Automatic 4-spd,4.0,2.3
31967,Midsize Cars,Regular,Rear-Wheel Drive,16.4805,Volvo,Manual 4-spd,4.0,2.3
31968,Midsize Cars,Regular,Rear-Wheel Drive,15.6957142857143,Volvo,Manual 5-spd,4.0,2.3
31969,Midsize Cars,Regular,Rear-Wheel Drive,20.600625,Volvo,Automatic 4-spd,6.0,2.8
31970,Large Cars,Regular,Rear-Wheel Drive,25.3546153846154,BMW,Automatic 4-spd,12.0,5.0
31971,Midsize Cars,Regular,Front-Wheel Drive,17.3478947368421,Chrysler,Automatic 3-spd,4.0,2.6
31972,Large Cars,Regular,Front-Wheel Drive,16.4805,Buick,Automatic 4-spd,6.0,3.8
31973,Large Cars,Regular,Front-Wheel Drive,16.4805,Buick,Automatic 4-spd,6.0,3.8
31974,Large Cars,Regular,Rear-Wheel Drive,18.3116666666667,Cadillac,Automatic 4-spd,8.0,5.0
31975,Large Cars,Regular,Front-Wheel Drive,19.3888235294118,Cadillac,Automatic 4-spd,8.0,4.5
31976,Large Cars,Regular,Front-Wheel Drive,19.3888235294118,Cadillac,Automatic 4-spd,8.0,4.5
31977,Large Cars,Regular,Rear-Wheel Drive,21.974,CCC Engineering,Automatic 4-spd,8.0,5.7
31978,Large Cars,Regular,Rear-Wheel Drive,16.4805,Chevrolet,Automatic 4-spd,6.0,4.3
31979,Large Cars,Regular,Rear-Wheel Drive,19.3888235294118,Chevrolet,Automatic 4-spd,8.0,5.0
31980,Large Cars,Regular,Rear-Wheel Drive,23.5435714285714,Chevrolet,Automatic 4-spd,8.0,5.7
31981,Large Cars,Premium,Front-Wheel Drive,19.3888235294118,CX Automotive,Automatic 3-spd,4.0,2.5
31982,Midsize Cars,Premium,Rear-Wheel Drive,19.3888235294118,Chrysler,Automatic 3-spd,8.0,5.2
31983,Large Cars,Regular,Rear-Wheel Drive,18.3116666666667,Ford,Automatic 4-spd,8.0,5.0
31984,Large Cars,Regular,Rear-Wheel Drive,25.3546153846154,Ford,Automatic 4-spd,8.0,5.8
31985,Large Cars,Regular,Rear-Wheel Drive,21.974,"JBA Motorcars, Inc.",Automatic 4-spd,6.0,3.0
31986,Large Cars,Regular,Front-Wheel Drive,18.3116666666667,Lincoln,Automatic 4-spd,6.0,3.8
31987,Large Cars,Regular,Rear-Wheel Drive,18.3116666666667,Mercury,Automatic 4-spd,8.0,5.0
31988,Large Cars,Regular,Rear-Wheel Drive,18.3116666666667,Lincoln,Automatic 4-spd,8.0,5.0
31989,Large Cars,Regular,Front-Wheel Drive,16.4805,Oldsmobile,Automatic 4-spd,6.0,3.8
31990,Large Cars,Regular,Front-Wheel Drive,16.4805,Oldsmobile,Automatic 4-spd,6.0,3.8
31991,Large Cars,Regular,Front-Wheel Drive,16.4805,Pontiac,Automatic 4-spd,6.0,3.8
31992,Large Cars,Regular,Front-Wheel Drive,14.9822727272727,Eagle,Automatic 4-spd,4.0,2.5
31993,Midsize Cars,Regular,Front-Wheel Drive,14.3308695652174,Dodge,Automatic 3-spd,4.0,2.2
31994,Large Cars,Regular,Front-Wheel Drive,13.73375,Eagle,Manual 5-spd,4.0,2.5
31995,Large Cars,Regular,Front-Wheel Drive,17.3478947368421,Eagle,Automatic 4-spd,6.0,3.0
31996,Large Cars,Regular,Rear-Wheel Drive,36.6233333333333,Rolls-Royce,Automatic 3-spd,8.0,6.8
31997,Large Cars,Regular,Front-Wheel Drive,17.3478947368421,Saab,Automatic 4-spd,4.0,2.0
31998,Large Cars,Regular,Front-Wheel Drive,18.3116666666667,Saab,Automatic 4-spd,4.0,2.0
31999,Large Cars,Regular,Front-Wheel Drive,15.6957142857143,Saab,Manual 5-spd,4.0,2.0
32000,Large Cars,Regular,Front-Wheel Drive,15.6957142857143,Saab,Manual 5-spd,4.0,2.0
32001,Small Station Wagons,Regular,Front-Wheel Drive,13.1844,Buick,Automatic 3-spd,4.0,2.0
32002,Small Station Wagons,Regular,Front-Wheel Drive,12.6773076923077,Buick,Manual 5-spd,4.0,2.0
32003,Small Station Wagons,Regular,Front-Wheel Drive,13.73375,Buick,Automatic 3-spd,4.0,2.0
32004,Midsize Cars,Regular,Front-Wheel Drive,13.1844,Dodge,Manual 4-spd,4.0,2.2
32005,Small Station Wagons,Regular,Front-Wheel Drive,12.2077777777778,Buick,Manual 5-spd,4.0,2.0
32006,Small Station Wagons,Regular,Front-Wheel Drive,13.1844,Chevrolet,Automatic 3-spd,4.0,2.0
32007,Small Station Wagons,Regular,Front-Wheel Drive,12.6773076923077,Chevrolet,Manual 5-spd,4.0,2.0
32008,Small Station Wagons,Regular,Front-Wheel Drive,16.4805,Chevrolet,Automatic 3-spd,6.0,2.8
32009,Small Station Wagons,Regular,Front-Wheel Drive,15.6957142857143,Chevrolet,Manual 5-spd,6.0,2.8
32010,Small Station Wagons,Regular,Front-Wheel Drive,18.3116666666667,Nissan,Automatic 4-spd,6.0,3.0
32011,Small Station Wagons,Regular,Front-Wheel Drive,13.73375,Nissan,Automatic 3-spd,4.0,1.6
32012,Small Station Wagons,Regular,Front-Wheel Drive,12.2077777777778,Nissan,Manual 5-spd,4.0,1.6
32013,Small Station Wagons,Regular,4-Wheel or All-Wheel Drive,13.73375,Nissan,Manual 5-spd,4.0,1.6
32014,Small Station Wagons,Regular,Front-Wheel Drive,15.6957142857143,Dodge,Automatic 3-spd,4.0,2.0
32015,Midsize Cars,Regular,Front-Wheel Drive,13.1844,Dodge,Manual 5-spd,4.0,2.2
32016,Small Station Wagons,Regular,Front-Wheel Drive,14.3308695652174,Dodge,Manual 5-spd,4.0,2.0
32017,Small Station Wagons,Regular,Front-Wheel Drive,13.1844,Dodge,Automatic 3-spd,4.0,1.5
32018,Small Station Wagons,Regular,Front-Wheel Drive,11.7717857142857,Dodge,Manual 5-spd,4.0,1.5
32019,Small Station Wagons,Regular,Front-Wheel Drive,13.73375,Ford,Automatic 3-spd,4.0,1.9
32020,Small Station Wagons,Regular,Front-Wheel Drive,10.3003125,Ford,Manual 4-spd,4.0,1.9
32021,Small Station Wagons,Regular,Front-Wheel Drive,11.7717857142857,Ford,Manual 5-spd,4.0,1.9
32022,Small Station Wagons,Regular,Front-Wheel Drive,12.2077777777778,Honda,Automatic 4-spd,4.0,1.5
32023,Small Station Wagons,Regular,Front-Wheel Drive,12.6773076923077,Honda,Automatic 4-spd,4.0,1.5
32024,Small Station Wagons,Regular,Front-Wheel Drive,11.3658620689655,Honda,Manual 5-spd,4.0,1.5
32025,Small Station Wagons,Regular,4-Wheel or All-Wheel Drive,14.3308695652174,Honda,Manual 5-spd,4.0,1.6
32026,Midsize Cars,Regular,Front-Wheel Drive,14.9822727272727,Dodge,Automatic 3-spd,4.0,2.2
32027,Small Station Wagons,Regular,Front-Wheel Drive,13.73375,Mercury,Automatic 3-spd,4.0,1.6
32028,Small Station Wagons,Regular,Front-Wheel Drive,12.2077777777778,Mercury,Manual 5-spd,4.0,1.6
32029,Small Station Wagons,Regular,Front-Wheel Drive,14.3308695652174,Mazda,Automatic 3-spd,4.0,1.6
32030,Small Station Wagons,Regular,Front-Wheel Drive,12.2077777777778,Mazda,Manual 5-spd,4.0,1.6
32031,Small Station Wagons,Regular,Front-Wheel Drive,13.1844,Mitsubishi,Automatic 3-spd,4.0,1.5
32032,Small Station Wagons,Regular,Front-Wheel Drive,11.7717857142857,Mitsubishi,Manual 5-spd,4.0,1.5
32033,Small Station Wagons,Regular,Front-Wheel Drive,15.6957142857143,Mitsubishi,Automatic 3-spd,4.0,2.0
32034,Small Station Wagons,Regular,Front-Wheel Drive,14.3308695652174,Dacia,Manual 5-spd,4.0,1.4
32035,Small Station Wagons,Regular,Front-Wheel Drive,13.1844,Oldsmobile,Automatic 3-spd,4.0,2.0
32036,Small Station Wagons,Regular,Front-Wheel Drive,12.6773076923077,Oldsmobile,Manual 5-spd,4.0,2.0
32037,Midsize Cars,Regular,Front-Wheel Drive,16.4805,Dodge,Automatic 3-spd,4.0,2.6
32038,Small Station Wagons,Regular,Front-Wheel Drive,13.1844,Oldsmobile,Automatic 3-spd,4.0,2.0
32039,Small Station Wagons,Regular,Front-Wheel Drive,12.2077777777778,Oldsmobile,Manual 5-spd,4.0,2.0
32040,Small Station Wagons,Regular,Front-Wheel Drive,15.6957142857143,Plymouth,Automatic 3-spd,4.0,2.0
32041,Small Station Wagons,Regular,Front-Wheel Drive,14.3308695652174,Plymouth,Manual 5-spd,4.0,2.0
32042,Small Station Wagons,Regular,Front-Wheel Drive,13.1844,Plymouth,Automatic 3-spd,4.0,1.5
32043,Small Station Wagons,Regular,Front-Wheel Drive,11.7717857142857,Plymouth,Manual 5-spd,4.0,1.5
32044,Small Station Wagons,Regular,Front-Wheel Drive,13.1844,Pontiac,Automatic 3-spd,4.0,2.0
32045,Small Station Wagons,Regular,Front-Wheel Drive,12.2077777777778,Pontiac,Manual 5-spd,4.0,2.0
32046,Small Station Wagons,Regular,Front-Wheel Drive,16.4805,Subaru,Automatic 3-spd,4.0,1.8
32047,Small Station Wagons,Regular,Front-Wheel Drive,14.3308695652174,Subaru,Automatic 3-spd,4.0,1.8
32048,Subcompact Cars,Regular,Rear-Wheel Drive,41.20125,Aston Martin,Automatic 3-spd,8.0,5.3
32049,Midsize Cars,Premium,Rear-Wheel Drive,19.3888235294118,Dodge,Automatic 3-spd,8.0,5.2
32050,Small Station Wagons,Regular,Front-Wheel Drive,13.73375,Subaru,Manual 5-spd,4.0,1.8
32051,Small Station Wagons,Regular,4-Wheel or All-Wheel Drive,15.6957142857143,Subaru,Automatic 4-spd,4.0,1.8
32052,Small Station Wagons,Regular,4-Wheel or All-Wheel Drive,16.4805,Subaru,Manual 5-spd,4.0,1.8
32053,Small Station Wagons,Regular,Front-Wheel Drive,13.73375,Toyota,Automatic 4-spd,4.0,2.0
32054,Small Station Wagons,Regular,Front-Wheel Drive,13.1844,Toyota,Manual 5-spd,4.0,2.0
32055,Small Station Wagons,Regular,Front-Wheel Drive,17.3478947368421,Toyota,Automatic 4-spd,6.0,2.5
32056,Small Station Wagons,Regular,4-Wheel or All-Wheel Drive,14.3308695652174,Toyota,Automatic 4-spd,4.0,1.6
32057,Small Station Wagons,Regular,4-Wheel or All-Wheel Drive,14.9822727272727,Toyota,Manual 5-spd,4.0,1.6
32058,Small Station Wagons,Regular,Front-Wheel Drive,13.1844,Toyota,Automatic 3-spd,4.0,1.6
32059,Small Station Wagons,Regular,Front-Wheel Drive,11.7717857142857,Toyota,Manual 5-spd,4.0,1.6
32060,Midsize Cars,Premium,Rear-Wheel Drive,27.4675,Dodge,Automatic 3-spd,8.0,5.2
32061,Small Station Wagons,Regular,4-Wheel or All-Wheel Drive,14.9822727272727,Toyota,Automatic 3-spd,4.0,1.5
32062,Small Station Wagons,Regular,4-Wheel or All-Wheel Drive,13.1844,Toyota,Manual 5-spd,4.0,1.5
32063,Small Station Wagons,Regular,Front-Wheel Drive,13.73375,Volkswagen,Manual 4-spd,4.0,1.8
32064,Small Station Wagons,Regular,4-Wheel or All-Wheel Drive,19.3888235294118,Volkswagen,Manual 5-spd,5.0,2.2
32065,Small Station Wagons,Regular,Front-Wheel Drive,18.3116666666667,Volkswagen,Automatic 3-spd,5.0,2.2
32066,Small Station Wagons,Regular,Front-Wheel Drive,17.3478947368421,Volkswagen,Manual 5-spd,5.0,2.2
32067,Midsize-Large Station Wagons,Regular,4-Wheel or All-Wheel Drive,18.3116666666667,Audi,Manual 5-spd,5.0,2.2
32068,Midsize-Large Station Wagons,Regular,Front-Wheel Drive,18.3116666666667,Audi,Automatic 3-spd,5.0,2.3
32069,Midsize-Large Station Wagons,Regular,Front-Wheel Drive,18.3116666666667,Audi,Manual 5-spd,5.0,2.3
32070,Midsize-Large Station Wagons,Regular,Front-Wheel Drive,14.9822727272727,Buick,Automatic 3-spd,4.0,2.5
32071,Midsize Cars,Premium,Front-Wheel Drive,17.3478947368421,Dodge,Automatic 3-spd,4.0,2.2
32072,Midsize-Large Station Wagons,Regular,Front-Wheel Drive,15.6957142857143,Buick,Automatic 4-spd,6.0,2.8
32073,Midsize-Large Station Wagons,Regular,Front-Wheel Drive,16.4805,Buick,Automatic 4-spd,6.0,3.8
32074,Midsize-Large Station Wagons,Regular,Front-Wheel Drive,13.73375,Chevrolet,Automatic 3-spd,4.0,2.5
32075,Midsize-Large Station Wagons,Regular,Front-Wheel Drive,15.6957142857143,Chevrolet,Automatic 4-spd,6.0,2.8
32076,Midsize-Large Station Wagons,Regular,Front-Wheel Drive,16.4805,Chevrolet,Manual 5-spd,6.0,2.8
32077,Midsize-Large Station Wagons,Premium,Front-Wheel Drive,16.4805,Chrysler,Automatic 3-spd,4.0,2.2
32078,Midsize-Large Station Wagons,Regular,Front-Wheel Drive,14.9822727272727,Chrysler,Automatic 3-spd,4.0,2.5
32079,Midsize-Large Station Wagons,Premium,Front-Wheel Drive,19.3888235294118,CX Automotive,Automatic 3-spd,4.0,2.5
32080,Midsize-Large Station Wagons,Premium,Front-Wheel Drive,17.3478947368421,CX Automotive,Manual 5-spd,4.0,2.5
32081,Midsize-Large Station Wagons,Regular,Front-Wheel Drive,16.4805,Nissan,Automatic 4-spd,4.0,2.0
32082,Midsize Cars,Regular,Front-Wheel Drive,15.6957142857143,Dodge,Automatic 3-spd,4.0,2.2
32083,Midsize-Large Station Wagons,Regular,Front-Wheel Drive,15.6957142857143,Nissan,Manual 5-spd,4.0,2.0
32084,Midsize-Large Station Wagons,Regular,Front-Wheel Drive,14.3308695652174,Dodge,Automatic 3-spd,4.0,2.2
32085,Midsize-Large Station Wagons,Regular,Front-Wheel Drive,13.1844,Dodge,Manual 5-spd,4.0,2.2
32086,Midsize-Large Station Wagons,Regular,Front-Wheel Drive,14.9822727272727,Dodge,Automatic 3-spd,4.0,2.5
32087,Midsize-Large Station Wagons,Regular,Front-Wheel Drive,15.6957142857143,Ford,Automatic 4-spd,6.0,3.0
32088,Midsize-Large Station Wagons,Regular,Front-Wheel Drive,17.3478947368421,Ford,Automatic 4-spd,6.0,3.8
32089,Midsize-Large Station Wagons,Regular,Front-Wheel Drive,17.3478947368421,Ford,Automatic 4-spd,6.0,3.0
32090,Midsize-Large Station Wagons,Regular,Front-Wheel Drive,18.3116666666667,Ford,Automatic 4-spd,6.0,3.8
32091,Midsize-Large Station Wagons,Regular,Front-Wheel Drive,15.6957142857143,Mercury,Automatic 4-spd,6.0,3.0
32092,Midsize-Large Station Wagons,Regular,Front-Wheel Drive,17.3478947368421,Mercury,Automatic 4-spd,6.0,3.0
32093,Midsize Cars,Regular,Front-Wheel Drive,13.73375,Dodge,Manual 5-spd,4.0,2.2
32094,Midsize-Large Station Wagons,Regular,Front-Wheel Drive,18.3116666666667,Mercury,Automatic 4-spd,6.0,3.8
32095,Midsize-Large Station Wagons,Premium,Rear-Wheel Drive,20.600625,Mercedes-Benz,Automatic 4-spd,6.0,3.0
32096,Midsize-Large Station Wagons,Regular,Rear-Wheel Drive,17.3478947368421,Mcevoy Motors,Automatic 4-spd,4.0,2.3
32097,Midsize-Large Station Wagons,Regular,Front-Wheel Drive,14.9822727272727,Oldsmobile,Automatic 3-spd,4.0,2.5
32098,Midsize-Large Station Wagons,Regular,Front-Wheel Drive,15.6957142857143,Oldsmobile,Automatic 4-spd,6.0,2.8
32099,Midsize-Large Station Wagons,Regular,Front-Wheel Drive,16.4805,Oldsmobile,Automatic 4-spd,6.0,3.8
32100,Midsize-Large Station Wagons,Premium,Rear-Wheel Drive,18.3116666666667,Peugeot,Automatic 4-spd,4.0,2.1
32101,Midsize-Large Station Wagons,Regular,Rear-Wheel Drive,18.3116666666667,Peugeot,Automatic 4-spd,4.0,2.2
32102,Midsize-Large Station Wagons,Regular,Rear-Wheel Drive,18.3116666666667,Peugeot,Manual 5-spd,4.0,2.2
32103,Midsize-Large Station Wagons,Regular,Front-Wheel Drive,14.3308695652174,Plymouth,Automatic 3-spd,4.0,2.2
32104,Midsize Cars,Premium,Front-Wheel Drive,16.4805,Dodge,Manual 5-spd,4.0,2.2
32105,Midsize-Large Station Wagons,Regular,Front-Wheel Drive,13.1844,Plymouth,Manual 5-spd,4.0,2.2
32106,Midsize-Large Station Wagons,Regular,Front-Wheel Drive,14.9822727272727,Plymouth,Automatic 3-spd,4.0,2.5
32107,Midsize-Large Station Wagons,Regular,Front-Wheel Drive,14.9822727272727,Pontiac,Automatic 3-spd,4.0,2.5
32108,Midsize-Large Station Wagons,Regular,Front-Wheel Drive,15.6957142857143,Pontiac,Automatic 4-spd,6.0,2.8
32109,Midsize-Large Station Wagons,Regular,Front-Wheel Drive,16.4805,Pontiac,Manual 5-spd,6.0,2.8
32110,Midsize-Large Station Wagons,Regular,Front-Wheel Drive,17.3478947368421,Eagle,Automatic 3-spd,4.0,2.2
32111,Midsize-Large Station Wagons,Regular,Front-Wheel Drive,13.73375,Eagle,Manual 5-spd,4.0,2.2
32112,Midsize-Large Station Wagons,Regular,Rear-Wheel Drive,17.3478947368421,Volvo,Automatic 4-spd,4.0,2.3
32113,Midsize-Large Station Wagons,Regular,Rear-Wheel Drive,14.9822727272727,Volvo,Manual 5-spd,4.0,2.3
32114,Midsize-Large Station Wagons,Regular,Rear-Wheel Drive,18.3116666666667,Volvo,Automatic 4-spd,4.0,2.3
32115,Midsize Cars,Premium,Front-Wheel Drive,17.3478947368421,Dodge,Automatic 3-spd,4.0,2.2
32116,Midsize-Large Station Wagons,Regular,Rear-Wheel Drive,16.4805,Volvo,Automatic 4-spd,4.0,2.3
32117,Midsize-Large Station Wagons,Regular,Rear-Wheel Drive,16.4805,Volvo,Manual 4-spd,4.0,2.3
32118,Midsize-Large Station Wagons,Regular,Rear-Wheel Drive,14.9822727272727,Volvo,Manual 5-spd,4.0,2.3
32119,Midsize-Large Station Wagons,Regular,Rear-Wheel Drive,18.3116666666667,Buick,Automatic 4-spd,8.0,5.0
32120,Midsize-Large Station Wagons,Regular,Rear-Wheel Drive,18.3116666666667,Chevrolet,Automatic 4-spd,8.0,5.0
32121,Midsize-Large Station Wagons,Regular,Rear-Wheel Drive,18.3116666666667,Ford,Automatic 4-spd,8.0,5.0
32122,Midsize-Large Station Wagons,Regular,Rear-Wheel Drive,18.3116666666667,Mercury,Automatic 4-spd,8.0,5.0
32123,Midsize-Large Station Wagons,Regular,Rear-Wheel Drive,18.3116666666667,Oldsmobile,Automatic 4-spd,8.0,5.0
32124,Midsize-Large Station Wagons,Regular,Rear-Wheel Drive,18.3116666666667,Pontiac,Automatic 4-spd,8.0,5.0
32125,Small Pickup Trucks,Regular,Rear-Wheel Drive,15.6957142857143,Chevrolet,Automatic 4-spd,4.0,2.5
32126,Midsize Cars,Regular,Front-Wheel Drive,15.6957142857143,Dodge,Automatic 3-spd,4.0,2.2
32127,Small Pickup Trucks,Regular,Rear-Wheel Drive,14.3308695652174,Chevrolet,Manual 5-spd,4.0,2.5
32128,Small Pickup Trucks,Regular,Rear-Wheel Drive,18.3116666666667,Chevrolet,Automatic 4-spd,6.0,2.8
32129,Small Pickup Trucks,Regular,Rear-Wheel Drive,17.3478947368421,Chevrolet,Manual 4-spd,6.0,2.8
32130,Small Pickup Trucks,Regular,Rear-Wheel Drive,17.3478947368421,Chevrolet,Manual 5-spd,6.0,2.8
32131,Small Pickup Trucks,Regular,Rear-Wheel Drive,18.3116666666667,Chevrolet,Automatic 4-spd,6.0,4.3
32132,Small Pickup Trucks,Regular,Rear-Wheel Drive,16.4805,Nissan,Automatic 4-spd,4.0,2.4
32133,Small Pickup Trucks,Regular,Rear-Wheel Drive,16.4805,Nissan,Manual 4-spd,4.0,2.4
32134,Small Pickup Trucks,Regular,Rear-Wheel Drive,15.6957142857143,Nissan,Manual 5-spd,4.0,2.4
32135,Small Pickup Trucks,Regular,Rear-Wheel Drive,19.3888235294118,Nissan,Automatic 4-spd,6.0,3.0
32136,Small Pickup Trucks,Regular,Rear-Wheel Drive,18.3116666666667,Nissan,Manual 5-spd,6.0,3.0
32137,Midsize Cars,Regular,Front-Wheel Drive,17.3478947368421,Dodge,Automatic 3-spd,4.0,2.6
32138,Small Pickup Trucks,Regular,Rear-Wheel Drive,14.9822727272727,Dodge,Automatic 4-spd,4.0,2.0
32139,Small Pickup Trucks,Regular,Rear-Wheel Drive,14.3308695652174,Dodge,Manual 5-spd,4.0,2.0
32140,Small Pickup Trucks,Regular,Rear-Wheel Drive,17.3478947368421,Dodge,Automatic 4-spd,4.0,2.6
32141,Small Pickup Trucks,Regular,Rear-Wheel Drive,16.4805,Dodge,Manual 5-spd,4.0,2.6
32142,Small Pickup Trucks,Regular,Rear-Wheel Drive,16.4805,Ford,Automatic 4-spd,4.0,2.2
32143,Small Pickup Trucks,Regular,Rear-Wheel Drive,16.4805,Ford,Manual 5-spd,4.0,2.2
32144,Small Pickup Trucks,Regular,Rear-Wheel Drive,15.6957142857143,Ford,Manual 5-spd,4.0,2.0
32145,Small Pickup Trucks,Regular,Rear-Wheel Drive,15.6957142857143,Ford,Automatic 4-spd,4.0,2.3
32146,Small Pickup Trucks,Regular,Rear-Wheel Drive,14.3308695652174,Ford,Manual 5-spd,4.0,2.3
32147,Small Pickup Trucks,Regular,Rear-Wheel Drive,18.3116666666667,Ford,Automatic 4-spd,6.0,2.9
32148,Midsize Cars,Regular,Rear-Wheel Drive,16.4805,Ford,Automatic 3-spd,4.0,2.3
32149,Small Pickup Trucks,Regular,Rear-Wheel Drive,17.3478947368421,Ford,Manual 5-spd,6.0,2.9
32150,Small Pickup Trucks,Regular,Rear-Wheel Drive,15.6957142857143,GMC,Automatic 4-spd,4.0,2.5
32151,Small Pickup Trucks,Regular,Rear-Wheel Drive,14.3308695652174,GMC,Manual 5-spd,4.0,2.5
32152,Small Pickup Trucks,Regular,Rear-Wheel Drive,18.3116666666667,GMC,Automatic 4-spd,6.0,2.8
32153,Small Pickup Trucks,Regular,Rear-Wheel Drive,17.3478947368421,GMC,Manual 4-spd,6.0,2.8
32154,Small Pickup Trucks,Regular,Rear-Wheel Drive,17.3478947368421,GMC,Manual 5-spd,6.0,2.8
32155,Small Pickup Trucks,Regular,Rear-Wheel Drive,18.3116666666667,GMC,Automatic 4-spd,6.0,4.3
32156,Small Pickup Trucks,Regular,Rear-Wheel Drive,16.4805,Isuzu,Manual 5-spd,4.0,2.3
32157,Small Pickup Trucks,Regular,Rear-Wheel Drive,17.3478947368421,Isuzu,Automatic 4-spd,4.0,2.6
32158,Small Pickup Trucks,Regular,Rear-Wheel Drive,17.3478947368421,Isuzu,Manual 5-spd,4.0,2.6
32159,Subcompact Cars,Regular,Rear-Wheel Drive,41.20125,Aston Martin,Automatic 3-spd,8.0,5.3
32160,Midsize Cars,Regular,Rear-Wheel Drive,18.3116666666667,Ford,Automatic 3-spd,6.0,3.8
32161,Small Pickup Trucks,Regular,Rear-Wheel Drive,14.9822727272727,Mitsubishi,Automatic 4-spd,4.0,2.0
32162,Small Pickup Trucks,Regular,Rear-Wheel Drive,14.3308695652174,Mitsubishi,Manual 5-spd,4.0,2.0
32163,Small Pickup Trucks,Regular,Rear-Wheel Drive,17.3478947368421,Mitsubishi,Automatic 4-spd,4.0,2.6
32164,Small Pickup Trucks,Regular,Rear-Wheel Drive,16.4805,Mitsubishi,Manual 5-spd,4.0,2.6
32165,Small Pickup Trucks,Regular,Rear-Wheel Drive,16.4805,Mazda,Automatic 4-spd,4.0,2.2
32166,Small Pickup Trucks,Regular,Rear-Wheel Drive,16.4805,Mazda,Manual 4-spd,4.0,2.2
32167,Small Pickup Trucks,Regular,Rear-Wheel Drive,16.4805,Mazda,Manual 5-spd,4.0,2.2
32168,Small Pickup Trucks,Regular,Rear-Wheel Drive,18.3116666666667,Mazda,Automatic 4-spd,4.0,2.6
32169,Small Pickup Trucks,Regular,Rear-Wheel Drive,18.3116666666667,Mazda,Manual 5-spd,4.0,2.6
32170,Small Pickup Trucks,Regular,Rear-Wheel Drive,14.9822727272727,Toyota,Manual 4-spd,4.0,2.4
32171,Midsize Cars,Regular,Rear-Wheel Drive,19.3888235294118,Ford,Automatic 4-spd,8.0,5.0
32172,Small Pickup Trucks,Regular,Rear-Wheel Drive,16.4805,Toyota,Manual 4-spd,4.0,2.4
32173,Small Pickup Trucks,Regular,Rear-Wheel Drive,16.4805,Toyota,Manual 5-spd,4.0,2.4
32174,Small Pickup Trucks,Regular,Rear-Wheel Drive,16.4805,Toyota,Manual 5-spd,4.0,2.4
32175,Small Pickup Trucks,Regular,Rear-Wheel Drive,16.4805,Toyota,Automatic 4-spd,4.0,2.4
32176,Small Pickup Trucks,Regular,Rear-Wheel Drive,17.3478947368421,Toyota,Manual 5-spd,4.0,2.4
32177,Small Pickup Trucks,Regular,Rear-Wheel Drive,14.9822727272727,Toyota,Manual 5-spd,4.0,2.4
32178,Small Pickup Trucks,Regular,4-Wheel or All-Wheel Drive,19.3888235294118,Ford,Manual 5-spd,4.0,2.6
32179,Small Pickup Trucks,Regular,4-Wheel or All-Wheel Drive,15.6957142857143,Ford,Manual 5-spd,4.0,2.3
32180,Small Pickup Trucks,Regular,4-Wheel or All-Wheel Drive,19.3888235294118,Ford,Automatic 4-spd,6.0,2.9
32181,Small Pickup Trucks,Regular,4-Wheel or All-Wheel Drive,18.3116666666667,Ford,Manual 5-spd,6.0,2.9
32182,Midsize Cars,Regular,Rear-Wheel Drive,23.5435714285714,Mercedes-Benz,Automatic 4-spd,8.0,5.0
32183,Small Pickup Trucks,Regular,4-Wheel or All-Wheel Drive,20.600625,Mazda,Automatic 3-spd,4.0,2.6
32184,Small Pickup Trucks,Regular,4-Wheel or All-Wheel Drive,19.3888235294118,Mazda,Manual 5-spd,4.0,2.6
32185,Standard Pickup Trucks,Regular,Rear-Wheel Drive,20.600625,Chevrolet,Automatic 3-spd,6.0,4.3
32186,Standard Pickup Trucks,Regular,Rear-Wheel Drive,19.3888235294118,Chevrolet,Automatic 4-spd,6.0,4.3
32187,Standard Pickup Trucks,Regular,Rear-Wheel Drive,19.3888235294118,Chevrolet,Manual 4-spd,6.0,4.3
32188,Standard Pickup Trucks,Regular,Rear-Wheel Drive,20.600625,Chevrolet,Manual 4-spd,6.0,4.3
32189,Standard Pickup Trucks,Regular,Rear-Wheel Drive,19.3888235294118,Chevrolet,Manual 5-spd,6.0,4.3
32190,Standard Pickup Trucks,Regular,Rear-Wheel Drive,23.5435714285714,Chevrolet,Automatic 3-spd,8.0,5.0
32191,Standard Pickup Trucks,Regular,Rear-Wheel Drive,21.974,Chevrolet,Automatic 4-spd,8.0,5.0
32192,Standard Pickup Trucks,Regular,Rear-Wheel Drive,21.974,Chevrolet,Manual 5-spd,8.0,5.0
32193,Midsize Cars,Regular,Rear-Wheel Drive,23.5435714285714,Mercedes-Benz,Automatic 4-spd,8.0,5.0
32194,Standard Pickup Trucks,Regular,Rear-Wheel Drive,21.974,Chevrolet,Automatic 4-spd,8.0,5.7
32195,Standard Pickup Trucks,Regular,Rear-Wheel Drive,23.5435714285714,Chevrolet,Manual 4-spd,8.0,5.7
32196,Standard Pickup Trucks,Regular,Rear-Wheel Drive,23.5435714285714,Chevrolet,Manual 5-spd,8.0,5.7
32197,Standard Pickup Trucks,Diesel,Rear-Wheel Drive,20.115,Chevrolet,Automatic 4-spd,8.0,6.2
32198,Standard Pickup Trucks,Diesel,Rear-Wheel Drive,20.115,Chevrolet,Manual 4-spd,8.0,6.2
32199,Standard Pickup Trucks,Regular,Rear-Wheel Drive,20.600625,Chevrolet,Automatic 3-spd,6.0,4.3
32200,Standard Pickup Trucks,Regular,Rear-Wheel Drive,19.3888235294118,Chevrolet,Automatic 4-spd,6.0,4.3
32201,Standard Pickup Trucks,Regular,Rear-Wheel Drive,21.974,Chevrolet,Manual 4-spd,6.0,4.3
32202,Standard Pickup Trucks,Regular,Rear-Wheel Drive,19.3888235294118,Chevrolet,Manual 5-spd,6.0,4.3
32203,Standard Pickup Trucks,Regular,Rear-Wheel Drive,23.5435714285714,Chevrolet,Automatic 3-spd,8.0,5.0
32204,Midsize Cars,Diesel,Rear-Wheel Drive,17.3720454545455,Lincoln,Automatic 4-spd,6.0,2.4
32205,Standard Pickup Trucks,Regular,Rear-Wheel Drive,21.974,Chevrolet,Automatic 4-spd,8.0,5.0
32206,Standard Pickup Trucks,Regular,Rear-Wheel Drive,21.974,Chevrolet,Manual 5-spd,8.0,5.0
32207,Standard Pickup Trucks,Regular,Rear-Wheel Drive,21.974,Chevrolet,Automatic 4-spd,8.0,5.7
32208,Standard Pickup Trucks,Regular,Rear-Wheel Drive,25.3546153846154,Chevrolet,Manual 4-spd,8.0,5.7
32209,Standard Pickup Trucks,Regular,Rear-Wheel Drive,23.5435714285714,Chevrolet,Manual 5-spd,8.0,5.7
32210,Standard Pickup Trucks,Diesel,Rear-Wheel Drive,20.115,Chevrolet,Automatic 4-spd,8.0,6.2
32211,Standard Pickup Trucks,Diesel,Rear-Wheel Drive,20.115,Chevrolet,Manual 4-spd,8.0,6.2
32212,Standard Pickup Trucks,Regular,Rear-Wheel Drive,14.9822727272727,Dodge,Manual 5-spd,4.0,2.2
32213,Standard Pickup Trucks,Regular,Rear-Wheel Drive,20.600625,Dodge,Automatic 3-spd,6.0,3.9
32214,Standard Pickup Trucks,Regular,Rear-Wheel Drive,20.600625,Dodge,Automatic 4-spd,6.0,3.9
32215,Midsize Cars,Regular,Rear-Wheel Drive,19.3888235294118,Lincoln,Automatic 4-spd,8.0,5.0
32216,Standard Pickup Trucks,Regular,Rear-Wheel Drive,19.3888235294118,Dodge,Manual 5-spd,6.0,3.9
32217,Standard Pickup Trucks,Regular,Rear-Wheel Drive,21.974,Dodge,Automatic 3-spd,6.0,3.9
32218,Standard Pickup Trucks,Regular,Rear-Wheel Drive,21.974,Dodge,Manual 4-spd,6.0,3.9
32219,Standard Pickup Trucks,Regular,Rear-Wheel Drive,23.5435714285714,Dodge,Manual 5-spd,6.0,3.9
32220,Standard Pickup Trucks,Regular,Rear-Wheel Drive,27.4675,Dodge,Automatic 3-spd,8.0,5.2
32221,Standard Pickup Trucks,Regular,Rear-Wheel Drive,23.5435714285714,Dodge,Automatic 3-spd,8.0,5.2
32222,Standard Pickup Trucks,Regular,Rear-Wheel Drive,23.5435714285714,Dodge,Automatic 4-spd,8.0,5.2
32223,Standard Pickup Trucks,Regular,Rear-Wheel Drive,27.4675,Dodge,Manual 4-spd,8.0,5.2
32224,Standard Pickup Trucks,Regular,Rear-Wheel Drive,29.9645454545455,Dodge,Automatic 3-spd,8.0,5.9
32225,Standard Pickup Trucks,Regular,Rear-Wheel Drive,29.9645454545455,Dodge,Manual 4-spd,8.0,5.9
32226,Midsize Cars,Diesel,Rear-Wheel Drive,17.3720454545455,Lincoln,Automatic 4-spd,6.0,2.4
32227,Standard Pickup Trucks,Regular,Rear-Wheel Drive,21.974,Dodge,Automatic 3-spd,6.0,3.9
32228,Standard Pickup Trucks,Regular,Rear-Wheel Drive,21.974,Dodge,Manual 4-spd,6.0,3.9
32229,Standard Pickup Trucks,Regular,Rear-Wheel Drive,27.4675,Dodge,Automatic 3-spd,8.0,5.2
32230,Standard Pickup Trucks,Regular,Rear-Wheel Drive,23.5435714285714,Dodge,Automatic 4-spd,8.0,5.2
32231,Standard Pickup Trucks,Regular,Rear-Wheel Drive,27.4675,Dodge,Manual 4-spd,8.0,5.2
32232,Standard Pickup Trucks,Regular,Rear-Wheel Drive,29.9645454545455,Dodge,Automatic 3-spd,8.0,5.9
32233,Standard Pickup Trucks,Regular,Rear-Wheel Drive,29.9645454545455,Dodge,Manual 4-spd,8.0,5.9
32234,Standard Pickup Trucks,Regular,Rear-Wheel Drive,21.974,Ford,Automatic 3-spd,6.0,4.9
32235,Standard Pickup Trucks,Regular,Rear-Wheel Drive,20.600625,Ford,Automatic 4-spd,6.0,4.9
32236,Standard Pickup Trucks,Regular,Rear-Wheel Drive,21.974,Ford,Manual 4-spd,6.0,4.9
32237,Midsize Cars,Regular,Rear-Wheel Drive,19.3888235294118,Lincoln,Automatic 4-spd,8.0,5.0
32238,Standard Pickup Trucks,Regular,Rear-Wheel Drive,20.600625,Ford,Manual 5-spd,6.0,4.9
32239,Standard Pickup Trucks,Regular,Rear-Wheel Drive,21.974,Ford,Manual 5-spd,6.0,4.9
32240,Standard Pickup Trucks,Regular,Rear-Wheel Drive,25.3546153846154,Ford,Automatic 3-spd,8.0,5.0
32241,Standard Pickup Trucks,Regular,Rear-Wheel Drive,23.5435714285714,Ford,Automatic 4-spd,8.0,5.0
32242,Standard Pickup Trucks,Regular,Rear-Wheel Drive,23.5435714285714,Ford,Manual 4-spd,8.0,5.0
32243,Standard Pickup Trucks,Regular,Rear-Wheel Drive,23.5435714285714,Ford,Manual 5-spd,8.0,5.0
32244,Standard Pickup Trucks,Regular,Rear-Wheel Drive,27.4675,Ford,Automatic 3-spd,8.0,5.8
32245,Standard Pickup Trucks,Regular,Rear-Wheel Drive,23.5435714285714,Ford,Automatic 3-spd,6.0,4.9
32246,Standard Pickup Trucks,Regular,Rear-Wheel Drive,21.974,Ford,Manual 4-spd,6.0,4.9
32247,Standard Pickup Trucks,Regular,Rear-Wheel Drive,23.5435714285714,Ford,Manual 5-spd,6.0,4.9
32248,Midsize Cars,Regular,Rear-Wheel Drive,16.4805,Mercury,Automatic 3-spd,4.0,2.3
32249,Standard Pickup Trucks,Regular,Rear-Wheel Drive,21.974,Ford,Manual 5-spd,6.0,4.9
32250,Standard Pickup Trucks,Regular,Rear-Wheel Drive,23.5435714285714,Ford,Automatic 4-spd,8.0,5.0
32251,Standard Pickup Trucks,Regular,Rear-Wheel Drive,23.5435714285714,Ford,Manual 4-spd,8.0,5.0
32252,Standard Pickup Trucks,Regular,Rear-Wheel Drive,23.5435714285714,Ford,Manual 5-spd,8.0,5.0
32253,Standard Pickup Trucks,Regular,Rear-Wheel Drive,27.4675,Ford,Automatic 3-spd,8.0,5.8
32254,Standard Pickup Trucks,Regular,Rear-Wheel Drive,20.600625,GMC,Automatic 3-spd,6.0,4.3
32255,Standard Pickup Trucks,Regular,Rear-Wheel Drive,19.3888235294118,GMC,Automatic 4-spd,6.0,4.3
32256,Standard Pickup Trucks,Regular,Rear-Wheel Drive,19.3888235294118,GMC,Manual 4-spd,6.0,4.3
32257,Standard Pickup Trucks,Regular,Rear-Wheel Drive,20.600625,GMC,Manual 4-spd,6.0,4.3
32258,Standard Pickup Trucks,Regular,Rear-Wheel Drive,19.3888235294118,GMC,Manual 5-spd,6.0,4.3
32259,Midsize Cars,Regular,Rear-Wheel Drive,18.3116666666667,Mercury,Automatic 3-spd,6.0,3.8
32260,Standard Pickup Trucks,Regular,Rear-Wheel Drive,23.5435714285714,GMC,Automatic 3-spd,8.0,5.0
32261,Standard Pickup Trucks,Regular,Rear-Wheel Drive,21.974,GMC,Automatic 4-spd,8.0,5.0
32262,Standard Pickup Trucks,Regular,Rear-Wheel Drive,21.974,GMC,Manual 5-spd,8.0,5.0
32263,Standard Pickup Trucks,Regular,Rear-Wheel Drive,21.974,GMC,Automatic 4-spd,8.0,5.7
32264,Standard Pickup Trucks,Regular,Rear-Wheel Drive,23.5435714285714,GMC,Manual 4-spd,8.0,5.7
32265,Standard Pickup Trucks,Regular,Rear-Wheel Drive,23.5435714285714,GMC,Manual 5-spd,8.0,5.7
32266,Standard Pickup Trucks,Diesel,Rear-Wheel Drive,20.115,GMC,Automatic 4-spd,8.0,6.2
32267,Standard Pickup Trucks,Diesel,Rear-Wheel Drive,20.115,GMC,Manual 4-spd,8.0,6.2
32268,Standard Pickup Trucks,Regular,Rear-Wheel Drive,20.600625,GMC,Automatic 3-spd,6.0,4.3
32269,Standard Pickup Trucks,Regular,Rear-Wheel Drive,19.3888235294118,GMC,Automatic 4-spd,6.0,4.3
32270,Subcompact Cars,Regular,Rear-Wheel Drive,41.20125,Aston Martin,Manual 5-spd,8.0,5.3
32271,Midsize Cars,Regular,Rear-Wheel Drive,19.3888235294118,Mercury,Automatic 4-spd,8.0,5.0
32272,Standard Pickup Trucks,Regular,Rear-Wheel Drive,21.974,GMC,Manual 4-spd,6.0,4.3
32273,Standard Pickup Trucks,Regular,Rear-Wheel Drive,19.3888235294118,GMC,Manual 5-spd,6.0,4.3
32274,Standard Pickup Trucks,Regular,Rear-Wheel Drive,23.5435714285714,GMC,Automatic 3-spd,8.0,5.0
32275,Standard Pickup Trucks,Regular,Rear-Wheel Drive,21.974,GMC,Automatic 4-spd,8.0,5.0
32276,Standard Pickup Trucks,Regular,Rear-Wheel Drive,21.974,GMC,Manual 5-spd,8.0,5.0
32277,Standard Pickup Trucks,Regular,Rear-Wheel Drive,21.974,GMC,Automatic 4-spd,8.0,5.7
32278,Standard Pickup Trucks,Regular,Rear-Wheel Drive,25.3546153846154,GMC,Manual 4-spd,8.0,5.7
32279,Standard Pickup Trucks,Regular,Rear-Wheel Drive,23.5435714285714,GMC,Manual 5-spd,8.0,5.7
32280,Standard Pickup Trucks,Diesel,Rear-Wheel Drive,20.115,GMC,Automatic 4-spd,8.0,6.2
32281,Standard Pickup Trucks,Diesel,Rear-Wheel Drive,20.115,GMC,Manual 4-spd,8.0,6.2
32282,Midsize Cars,Regular,Rear-Wheel Drive,41.20125,Maserati,Automatic 3-spd,8.0,4.9
32283,Standard Pickup Trucks,Regular,Rear-Wheel Drive,19.3888235294118,Isuzu,Manual 5-spd,4.0,2.6
32284,Standard Pickup Trucks,Regular,Rear-Wheel Drive,18.3116666666667,Jeep,Automatic 4-spd,4.0,2.5
32285,Standard Pickup Trucks,Regular,Rear-Wheel Drive,15.6957142857143,Jeep,Manual 4-spd,4.0,2.5
32286,Standard Pickup Trucks,Regular,Rear-Wheel Drive,16.4805,Jeep,Manual 5-spd,4.0,2.5
32287,Standard Pickup Trucks,Regular,Rear-Wheel Drive,20.600625,Jeep,Automatic 4-spd,6.0,4.0
32288,Standard Pickup Trucks,Regular,Rear-Wheel Drive,18.3116666666667,Jeep,Manual 5-spd,6.0,4.0
32289,Standard Pickup Trucks,Regular,Rear-Wheel Drive,16.4805,Toyota,Automatic 4-spd,4.0,2.4
32290,Standard Pickup Trucks,Regular,Rear-Wheel Drive,18.3116666666667,Toyota,Manual 5-spd,4.0,2.4
32291,Standard Pickup Trucks,Regular,4-Wheel or All-Wheel Drive,23.5435714285714,Chevrolet,Automatic 3-spd,6.0,4.3
32292,Standard Pickup Trucks,Regular,4-Wheel or All-Wheel Drive,20.600625,Chevrolet,Automatic 4-spd,6.0,4.3
32293,Midsize Cars,Regular,Rear-Wheel Drive,25.3546153846154,Mercedes-Benz,Automatic 4-spd,8.0,5.0
32294,Standard Pickup Trucks,Regular,4-Wheel or All-Wheel Drive,21.974,Chevrolet,Manual 4-spd,6.0,4.3
32295,Standard Pickup Trucks,Regular,4-Wheel or All-Wheel Drive,20.600625,Chevrolet,Manual 5-spd,6.0,4.3
32296,Standard Pickup Trucks,Regular,4-Wheel or All-Wheel Drive,27.4675,Chevrolet,Automatic 3-spd,8.0,5.0
32297,Standard Pickup Trucks,Regular,4-Wheel or All-Wheel Drive,23.5435714285714,Chevrolet,Automatic 4-spd,8.0,5.0
32298,Standard Pickup Trucks,Regular,4-Wheel or All-Wheel Drive,23.5435714285714,Chevrolet,Manual 5-spd,8.0,5.0
32299,Standard Pickup Trucks,Regular,4-Wheel or All-Wheel Drive,25.3546153846154,Chevrolet,Automatic 4-spd,8.0,5.7
32300,Standard Pickup Trucks,Regular,4-Wheel or All-Wheel Drive,25.3546153846154,Chevrolet,Manual 4-spd,8.0,5.7
32301,Standard Pickup Trucks,Regular,4-Wheel or All-Wheel Drive,25.3546153846154,Chevrolet,Manual 5-spd,8.0,5.7
32302,Standard Pickup Trucks,Diesel,4-Wheel or All-Wheel Drive,22.4814705882353,Chevrolet,Automatic 4-spd,8.0,6.2
32303,Standard Pickup Trucks,Diesel,4-Wheel or All-Wheel Drive,23.8865625,Chevrolet,Manual 4-spd,8.0,6.2
32304,Midsize Cars,Regular,Front-Wheel Drive,13.73375,Oldsmobile,Automatic 3-spd,4.0,2.5
32305,Standard Pickup Trucks,Regular,4-Wheel or All-Wheel Drive,23.5435714285714,Chevrolet,Automatic 3-spd,6.0,4.3
32306,Standard Pickup Trucks,Regular,4-Wheel or All-Wheel Drive,20.600625,Chevrolet,Automatic 4-spd,6.0,4.3
32307,Standard Pickup Trucks,Regular,4-Wheel or All-Wheel Drive,21.974,Chevrolet,Manual 4-spd,6.0,4.3
32308,Standard Pickup Trucks,Regular,4-Wheel or All-Wheel Drive,20.600625,Chevrolet,Manual 5-spd,6.0,4.3
32309,Standard Pickup Trucks,Regular,4-Wheel or All-Wheel Drive,27.4675,Chevrolet,Automatic 3-spd,8.0,5.0
32310,Standard Pickup Trucks,Regular,4-Wheel or All-Wheel Drive,23.5435714285714,Chevrolet,Automatic 4-spd,8.0,5.0
32311,Standard Pickup Trucks,Regular,4-Wheel or All-Wheel Drive,25.3546153846154,Chevrolet,Manual 5-spd,8.0,5.0
32312,Standard Pickup Trucks,Regular,4-Wheel or All-Wheel Drive,23.5435714285714,Chevrolet,Automatic 4-spd,8.0,5.7
32313,Standard Pickup Trucks,Regular,4-Wheel or All-Wheel Drive,27.4675,Chevrolet,Manual 4-spd,8.0,5.7
32314,Standard Pickup Trucks,Regular,4-Wheel or All-Wheel Drive,25.3546153846154,Chevrolet,Manual 5-spd,8.0,5.7
32315,Midsize Cars,Regular,Front-Wheel Drive,17.3478947368421,Oldsmobile,Automatic 3-spd,6.0,3.0
32316,Standard Pickup Trucks,Diesel,4-Wheel or All-Wheel Drive,22.4814705882353,Chevrolet,Automatic 4-spd,8.0,6.2
32317,Standard Pickup Trucks,Diesel,4-Wheel or All-Wheel Drive,23.8865625,Chevrolet,Manual 4-spd,8.0,6.2
32318,Standard Pickup Trucks,Regular,4-Wheel or All-Wheel Drive,16.4805,Chevrolet,Automatic 4-spd,4.0,2.5
32319,Standard Pickup Trucks,Regular,4-Wheel or All-Wheel Drive,16.4805,Chevrolet,Manual 5-spd,4.0,2.5
32320,Standard Pickup Trucks,Regular,4-Wheel or All-Wheel Drive,18.3116666666667,Chevrolet,Automatic 4-spd,6.0,2.8
32321,Standard Pickup Trucks,Regular,4-Wheel or All-Wheel Drive,18.3116666666667,Chevrolet,Manual 4-spd,6.0,2.8
32322,Standard Pickup Trucks,Regular,4-Wheel or All-Wheel Drive,18.3116666666667,Chevrolet,Manual 5-spd,6.0,2.8
32323,Standard Pickup Trucks,Regular,4-Wheel or All-Wheel Drive,19.3888235294118,Chevrolet,Automatic 4-spd,6.0,4.3
32324,Standard Pickup Trucks,Regular,4-Wheel or All-Wheel Drive,19.3888235294118,Nissan,Manual 5-spd,4.0,2.4
32325,Standard Pickup Trucks,Regular,4-Wheel or All-Wheel Drive,23.5435714285714,Nissan,Automatic 4-spd,6.0,3.0
32326,Midsize Cars,Regular,Front-Wheel Drive,17.3478947368421,Oldsmobile,Automatic 4-spd,6.0,3.0
32327,Standard Pickup Trucks,Regular,4-Wheel or All-Wheel Drive,21.974,Nissan,Manual 5-spd,6.0,3.0
32328,Standard Pickup Trucks,Regular,4-Wheel or All-Wheel Drive,21.974,Dodge,Automatic 3-spd,6.0,3.9
32329,Standard Pickup Trucks,Regular,4-Wheel or All-Wheel Drive,21.974,Dodge,Automatic 4-spd,6.0,3.9
32330,Standard Pickup Trucks,Regular,4-Wheel or All-Wheel Drive,19.3888235294118,Dodge,Manual 5-spd,6.0,3.9
32331,Standard Pickup Trucks,Regular,4-Wheel or All-Wheel Drive,19.3888235294118,Dodge,Automatic 4-spd,4.0,2.6
32332,Standard Pickup Trucks,Regular,4-Wheel or All-Wheel Drive,18.3116666666667,Dodge,Manual 5-spd,4.0,2.6
32333,Standard Pickup Trucks,Regular,4-Wheel or All-Wheel Drive,27.4675,Dodge,Automatic 3-spd,8.0,5.2
32334,Standard Pickup Trucks,Regular,4-Wheel or All-Wheel Drive,27.4675,Dodge,Manual 4-spd,8.0,5.2
32335,Standard Pickup Trucks,Regular,4-Wheel or All-Wheel Drive,36.6233333333333,Dodge,Automatic 3-spd,8.0,5.9
32336,Standard Pickup Trucks,Regular,4-Wheel or All-Wheel Drive,29.9645454545455,Dodge,Manual 4-spd,8.0,5.9
32337,Midsize Cars,Regular,Front-Wheel Drive,17.3478947368421,Oldsmobile,Automatic 4-spd,6.0,3.8
32338,Standard Pickup Trucks,Regular,4-Wheel or All-Wheel Drive,27.4675,Dodge,Automatic 3-spd,8.0,5.2
32339,Standard Pickup Trucks,Regular,4-Wheel or All-Wheel Drive,27.4675,Dodge,Manual 4-spd,8.0,5.2
32340,Standard Pickup Trucks,Regular,4-Wheel or All-Wheel Drive,36.6233333333333,Dodge,Automatic 3-spd,8.0,5.9
32341,Standard Pickup Trucks,Regular,4-Wheel or All-Wheel Drive,29.9645454545455,Dodge,Manual 4-spd,8.0,5.9
32342,Standard Pickup Trucks,Regular,4-Wheel or All-Wheel Drive,23.5435714285714,Ford,Automatic 3-spd,6.0,4.9
32343,Standard Pickup Trucks,Regular,4-Wheel or All-Wheel Drive,21.974,Ford,Manual 4-spd,6.0,4.9
32344,Standard Pickup Trucks,Regular,4-Wheel or All-Wheel Drive,21.974,Ford,Manual 5-spd,6.0,4.9
32345,Standard Pickup Trucks,Regular,4-Wheel or All-Wheel Drive,21.974,Ford,Manual 5-spd,6.0,4.9
32346,Standard Pickup Trucks,Regular,4-Wheel or All-Wheel Drive,27.4675,Ford,Automatic 3-spd,8.0,5.0
32347,Standard Pickup Trucks,Regular,4-Wheel or All-Wheel Drive,27.4675,Ford,Automatic 3-spd,8.0,5.0
32348,Midsize Cars,Diesel,Front-Wheel Drive,14.6994230769231,Oldsmobile,Automatic 3-spd,6.0,4.3
32349,Standard Pickup Trucks,Regular,4-Wheel or All-Wheel Drive,23.5435714285714,Ford,Automatic 4-spd,8.0,5.0
32350,Standard Pickup Trucks,Regular,4-Wheel or All-Wheel Drive,25.3546153846154,Ford,Manual 4-spd,8.0,5.0
32351,Standard Pickup Trucks,Regular,4-Wheel or All-Wheel Drive,27.4675,Ford,Automatic 3-spd,8.0,5.8
32352,Standard Pickup Trucks,Regular,4-Wheel or All-Wheel Drive,21.974,Ford,Manual 5-spd,6.0,4.9
32353,Standard Pickup Trucks,Regular,4-Wheel or All-Wheel Drive,25.3546153846154,Ford,Automatic 4-spd,8.0,5.0
32354,Standard Pickup Trucks,Regular,4-Wheel or All-Wheel Drive,29.9645454545455,Ford,Automatic 3-spd,8.0,5.8
32355,Standard Pickup Trucks,Regular,4-Wheel or All-Wheel Drive,23.5435714285714,GMC,Automatic 3-spd,6.0,4.3
32356,Standard Pickup Trucks,Regular,4-Wheel or All-Wheel Drive,20.600625,GMC,Automatic 4-spd,6.0,4.3
32357,Standard Pickup Trucks,Regular,4-Wheel or All-Wheel Drive,21.974,GMC,Manual 4-spd,6.0,4.3
32358,Standard Pickup Trucks,Regular,4-Wheel or All-Wheel Drive,20.600625,GMC,Manual 5-spd,6.0,4.3
32359,Midsize Cars,Regular,Rear-Wheel Drive,17.3478947368421,Oldsmobile,Automatic 3-spd,6.0,3.8
32360,Standard Pickup Trucks,Regular,4-Wheel or All-Wheel Drive,27.4675,GMC,Automatic 3-spd,8.0,5.0
32361,Standard Pickup Trucks,Regular,4-Wheel or All-Wheel Drive,23.5435714285714,GMC,Automatic 4-spd,8.0,5.0
32362,Standard Pickup Trucks,Regular,4-Wheel or All-Wheel Drive,23.5435714285714,GMC,Manual 5-spd,8.0,5.0
32363,Standard Pickup Trucks,Regular,4-Wheel or All-Wheel Drive,25.3546153846154,GMC,Automatic 4-spd,8.0,5.7
32364,Standard Pickup Trucks,Regular,4-Wheel or All-Wheel Drive,25.3546153846154,GMC,Manual 4-spd,8.0,5.7
32365,Standard Pickup Trucks,Regular,4-Wheel or All-Wheel Drive,25.3546153846154,GMC,Manual 5-spd,8.0,5.7
32366,Standard Pickup Trucks,Diesel,4-Wheel or All-Wheel Drive,22.4814705882353,GMC,Automatic 4-spd,8.0,6.2
32367,Standard Pickup Trucks,Diesel,4-Wheel or All-Wheel Drive,23.8865625,GMC,Manual 4-spd,8.0,6.2
32368,Standard Pickup Trucks,Regular,4-Wheel or All-Wheel Drive,23.5435714285714,GMC,Automatic 3-spd,6.0,4.3
32369,Standard Pickup Trucks,Regular,4-Wheel or All-Wheel Drive,20.600625,GMC,Automatic 4-spd,6.0,4.3
32370,Midsize Cars,Diesel,Rear-Wheel Drive,16.6167391304348,Oldsmobile,Automatic 3-spd,6.0,4.3
32371,Standard Pickup Trucks,Regular,4-Wheel or All-Wheel Drive,21.974,GMC,Manual 4-spd,6.0,4.3
32372,Standard Pickup Trucks,Regular,4-Wheel or All-Wheel Drive,20.600625,GMC,Manual 5-spd,6.0,4.3
32373,Standard Pickup Trucks,Regular,4-Wheel or All-Wheel Drive,27.4675,GMC,Automatic 3-spd,8.0,5.0
32374,Standard Pickup Trucks,Regular,4-Wheel or All-Wheel Drive,23.5435714285714,GMC,Automatic 4-spd,8.0,5.0
32375,Standard Pickup Trucks,Regular,4-Wheel or All-Wheel Drive,25.3546153846154,GMC,Manual 5-spd,8.0,5.0
32376,Standard Pickup Trucks,Regular,4-Wheel or All-Wheel Drive,23.5435714285714,GMC,Automatic 4-spd,8.0,5.7
32377,Standard Pickup Trucks,Regular,4-Wheel or All-Wheel Drive,27.4675,GMC,Manual 4-spd,8.0,5.7
32378,Standard Pickup Trucks,Regular,4-Wheel or All-Wheel Drive,25.3546153846154,GMC,Manual 5-spd,8.0,5.7
32379,Standard Pickup Trucks,Diesel,4-Wheel or All-Wheel Drive,22.4814705882353,GMC,Automatic 4-spd,8.0,6.2
32380,Standard Pickup Trucks,Diesel,4-Wheel or All-Wheel Drive,23.8865625,GMC,Manual 4-spd,8.0,6.2
32381,Two Seaters,Regular,Rear-Wheel Drive,20.600625,Nissan,Automatic 4-spd,6.0,3.0
32382,Subcompact Cars,Regular,Front-Wheel Drive,18.3116666666667,Audi,Automatic 3-spd,5.0,2.2
32383,Midsize Cars,Regular,Rear-Wheel Drive,19.3888235294118,Oldsmobile,Automatic 3-spd,8.0,5.0
32384,Standard Pickup Trucks,Regular,4-Wheel or All-Wheel Drive,16.4805,GMC,Automatic 4-spd,4.0,2.5
32385,Standard Pickup Trucks,Regular,4-Wheel or All-Wheel Drive,16.4805,GMC,Manual 5-spd,4.0,2.5
32386,Standard Pickup Trucks,Regular,4-Wheel or All-Wheel Drive,18.3116666666667,GMC,Automatic 4-spd,6.0,2.8
32387,Standard Pickup Trucks,Regular,4-Wheel or All-Wheel Drive,18.3116666666667,GMC,Manual 4-spd,6.0,2.8
32388,Standard Pickup Trucks,Regular,4-Wheel or All-Wheel Drive,18.3116666666667,GMC,Manual 5-spd,6.0,2.8
32389,Standard Pickup Trucks,Regular,4-Wheel or All-Wheel Drive,19.3888235294118,GMC,Automatic 4-spd,6.0,4.3
32390,Standard Pickup Trucks,Regular,4-Wheel or All-Wheel Drive,20.600625,Isuzu,Automatic 4-spd,4.0,2.6
32391,Standard Pickup Trucks,Regular,4-Wheel or All-Wheel Drive,20.600625,Isuzu,Manual 5-spd,4.0,2.6
32392,Standard Pickup Trucks,Regular,4-Wheel or All-Wheel Drive,18.3116666666667,Jeep,Automatic 4-spd,4.0,2.5
32393,Standard Pickup Trucks,Regular,4-Wheel or All-Wheel Drive,15.6957142857143,Jeep,Manual 4-spd,4.0,2.5
32394,Midsize Cars,Regular,Rear-Wheel Drive,18.3116666666667,Oldsmobile,Automatic 4-spd,8.0,5.0
32395,Standard Pickup Trucks,Regular,4-Wheel or All-Wheel Drive,17.3478947368421,Jeep,Manual 5-spd,4.0,2.5
32396,Standard Pickup Trucks,Regular,4-Wheel or All-Wheel Drive,20.600625,Jeep,Automatic 4-spd,6.0,4.0
32397,Standard Pickup Trucks,Regular,4-Wheel or All-Wheel Drive,18.3116666666667,Jeep,Manual 5-spd,6.0,4.0
32398,Standard Pickup Trucks,Regular,4-Wheel or All-Wheel Drive,21.974,Jeep,Manual 4-spd,6.0,4.2
32399,Standard Pickup Trucks,Regular,4-Wheel or All-Wheel Drive,29.9645454545455,Jeep,Automatic 3-spd,8.0,5.9
32400,Standard Pickup Trucks,Regular,4-Wheel or All-Wheel Drive,29.9645454545455,Jeep,Automatic 3-spd,8.0,5.9
32401,Standard Pickup Trucks,Regular,4-Wheel or All-Wheel Drive,19.3888235294118,Mitsubishi,Automatic 4-spd,4.0,2.6
32402,Standard Pickup Trucks,Regular,4-Wheel or All-Wheel Drive,18.3116666666667,Mitsubishi,Manual 5-spd,4.0,2.6
32403,Standard Pickup Trucks,Regular,4-Wheel or All-Wheel Drive,19.3888235294118,Toyota,Automatic 4-spd,4.0,2.4
32404,Standard Pickup Trucks,Regular,4-Wheel or All-Wheel Drive,16.4805,Toyota,Manual 5-spd,4.0,2.4
32405,Midsize Cars,Diesel,Rear-Wheel Drive,18.1992857142857,Oldsmobile,Automatic 3-spd,8.0,5.7
32406,Standard Pickup Trucks,Regular,4-Wheel or All-Wheel Drive,21.974,Toyota,Automatic 4-spd,6.0,3.0
32407,Standard Pickup Trucks,Regular,4-Wheel or All-Wheel Drive,20.600625,Toyota,Manual 5-spd,6.0,3.0
32408,Vans,Regular,Rear-Wheel Drive,16.4805,Chevrolet,Automatic 4-spd,4.0,2.5
32409,Vans,Regular,Rear-Wheel Drive,14.9822727272727,Chevrolet,Manual 5-spd,4.0,2.5
32410,Vans,Regular,Rear-Wheel Drive,19.3888235294118,Chevrolet,Automatic 4-spd,6.0,4.3
32411,Vans,Regular,Rear-Wheel Drive,18.3116666666667,Chevrolet,Manual 5-spd,6.0,4.3
32412,Vans,Regular,Rear-Wheel Drive,20.600625,Chevrolet,Automatic 3-spd,6.0,4.3
32413,Vans,Regular,Rear-Wheel Drive,20.600625,Chevrolet,Automatic 4-spd,6.0,4.3
32414,Vans,Regular,Rear-Wheel Drive,20.600625,Chevrolet,Manual 4-spd,6.0,4.3
32415,Vans,Regular,Rear-Wheel Drive,23.5435714285714,Chevrolet,Automatic 3-spd,8.0,5.0
32416,Midsize Cars,Regular,Front-Wheel Drive,19.3888235294118,Oldsmobile,Automatic 4-spd,8.0,5.0
32417,Vans,Regular,Rear-Wheel Drive,21.974,Chevrolet,Automatic 4-spd,8.0,5.0
32418,Vans,Regular,Rear-Wheel Drive,23.5435714285714,Chevrolet,Manual 4-spd,8.0,5.0
32419,Vans,Regular,Rear-Wheel Drive,21.974,Chevrolet,Automatic 4-spd,8.0,5.7
32420,Vans,Diesel,Rear-Wheel Drive,21.2325,Chevrolet,Automatic 4-spd,8.0,6.2
32421,Vans,Diesel,Rear-Wheel Drive,20.115,Chevrolet,Manual 4-spd,8.0,6.2
32422,Vans,Regular,Rear-Wheel Drive,20.600625,Chevrolet,Automatic 4-spd,6.0,4.3
32423,Vans,Regular,Rear-Wheel Drive,19.3888235294118,Nissan,Automatic 4-spd,4.0,2.4
32424,Vans,Regular,Rear-Wheel Drive,18.3116666666667,Nissan,Manual 5-spd,4.0,2.4
32425,Vans,Regular,Rear-Wheel Drive,21.974,Dodge,Automatic 3-spd,6.0,3.9
32426,Vans,Regular,Rear-Wheel Drive,21.974,Dodge,Automatic 4-spd,6.0,3.9
32427,Midsize Cars,Diesel,Front-Wheel Drive,18.1992857142857,Oldsmobile,Automatic 4-spd,8.0,5.7
32428,Vans,Regular,Rear-Wheel Drive,23.5435714285714,Dodge,Manual 5-spd,6.0,3.9
32429,Vans,Regular,Rear-Wheel Drive,27.4675,Dodge,Automatic 3-spd,8.0,5.2
32430,Vans,Regular,Rear-Wheel Drive,23.5435714285714,Dodge,Automatic 3-spd,8.0,5.2
32431,Vans,Regular,Rear-Wheel Drive,23.5435714285714,Dodge,Automatic 4-spd,8.0,5.2
32432,Vans,Regular,Rear-Wheel Drive,29.9645454545455,Dodge,Automatic 3-spd,8.0,5.9
32433,Vans,Regular,Rear-Wheel Drive,27.4675,Dodge,Automatic 3-spd,8.0,5.2
32434,Vans,Regular,Rear-Wheel Drive,23.5435714285714,Dodge,Automatic 4-spd,8.0,5.2
32435,Vans,Regular,Rear-Wheel Drive,29.9645454545455,Dodge,Automatic 3-spd,8.0,5.9
32436,Vans,Regular,Rear-Wheel Drive,19.3888235294118,Ford,Automatic 4-spd,6.0,3.0
32437,Vans,Regular,Rear-Wheel Drive,18.3116666666667,Ford,Manual 5-spd,6.0,3.0
32438,Midsize Cars,Regular,Front-Wheel Drive,15.6957142857143,Plymouth,Automatic 3-spd,4.0,2.2
32439,Vans,Regular,Rear-Wheel Drive,23.5435714285714,Ford,Automatic 3-spd,6.0,4.9
32440,Vans,Regular,Rear-Wheel Drive,21.974,Ford,Automatic 4-spd,6.0,4.9
32441,Vans,Regular,Rear-Wheel Drive,21.974,Ford,Manual 5-spd,6.0,4.9
32442,Vans,Regular,Rear-Wheel Drive,25.3546153846154,Ford,Automatic 4-spd,8.0,5.0
32443,Vans,Regular,Rear-Wheel Drive,29.9645454545455,Ford,Automatic 3-spd,8.0,5.8
32444,Vans,Regular,Rear-Wheel Drive,25.3546153846154,Ford,Automatic 3-spd,6.0,4.9
32445,Vans,Regular,Rear-Wheel Drive,25.3546153846154,Ford,Automatic 4-spd,8.0,5.0
32446,Vans,Regular,Rear-Wheel Drive,29.9645454545455,Ford,Automatic 3-spd,8.0,5.8
32447,Vans,Regular,Rear-Wheel Drive,20.600625,GMC,Automatic 3-spd,6.0,4.3
32448,Vans,Regular,Rear-Wheel Drive,20.600625,GMC,Automatic 4-spd,6.0,4.3
32449,Midsize Cars,Premium,Front-Wheel Drive,17.3478947368421,Plymouth,Automatic 3-spd,4.0,2.2
32450,Vans,Regular,Rear-Wheel Drive,20.600625,GMC,Manual 4-spd,6.0,4.3
32451,Vans,Regular,Rear-Wheel Drive,23.5435714285714,GMC,Automatic 3-spd,8.0,5.0
32452,Vans,Regular,Rear-Wheel Drive,21.974,GMC,Automatic 4-spd,8.0,5.0
32453,Vans,Regular,Rear-Wheel Drive,23.5435714285714,GMC,Manual 4-spd,8.0,5.0
32454,Vans,Regular,Rear-Wheel Drive,21.974,GMC,Automatic 4-spd,8.0,5.7
32455,Vans,Diesel,Rear-Wheel Drive,21.2325,GMC,Automatic 4-spd,8.0,6.2
32456,Vans,Diesel,Rear-Wheel Drive,20.115,GMC,Manual 4-spd,8.0,6.2
32457,Vans,Regular,Rear-Wheel Drive,20.600625,GMC,Automatic 4-spd,6.0,4.3
32458,Vans,Regular,Rear-Wheel Drive,16.4805,GMC,Automatic 4-spd,4.0,2.5
32459,Vans,Regular,Rear-Wheel Drive,14.9822727272727,GMC,Manual 5-spd,4.0,2.5
32460,Midsize Cars,Regular,Front-Wheel Drive,17.3478947368421,Plymouth,Automatic 3-spd,4.0,2.6
32461,Vans,Regular,Rear-Wheel Drive,19.3888235294118,GMC,Automatic 4-spd,6.0,4.3
32462,Vans,Regular,Rear-Wheel Drive,18.3116666666667,GMC,Manual 5-spd,6.0,4.3
32463,Vans,Regular,Rear-Wheel Drive,18.3116666666667,Mitsubishi,Automatic 4-spd,4.0,2.4
32464,Vans,Regular,Rear-Wheel Drive,16.4805,Toyota,Automatic 4-spd,4.0,2.2
32465,Vans,Regular,Rear-Wheel Drive,16.4805,Toyota,Manual 5-spd,4.0,2.2
32466,Vans,Regular,4-Wheel or All-Wheel Drive,18.3116666666667,Toyota,Automatic 4-spd,4.0,2.2
32467,Vans,Regular,4-Wheel or All-Wheel Drive,17.3478947368421,Toyota,Manual 5-spd,4.0,2.2
32468,Vans,Regular,Rear-Wheel Drive,19.3888235294118,Chevrolet,Automatic 4-spd,6.0,4.3
32469,Vans,Regular,Rear-Wheel Drive,18.3116666666667,Chevrolet,Manual 5-spd,6.0,4.3
32470,Vans,Regular,Rear-Wheel Drive,20.600625,Chevrolet,Automatic 4-spd,6.0,4.3
32471,Midsize Cars,Premium,Rear-Wheel Drive,19.3888235294118,Plymouth,Automatic 3-spd,8.0,5.2
32472,Vans,Regular,Rear-Wheel Drive,21.974,Chevrolet,Manual 4-spd,6.0,4.3
32473,Vans,Regular,Rear-Wheel Drive,25.3546153846154,Chevrolet,Automatic 4-spd,8.0,5.0
32474,Vans,Regular,Rear-Wheel Drive,25.3546153846154,Chevrolet,Automatic 4-spd,8.0,5.7
32475,Vans,Diesel,Rear-Wheel Drive,22.4814705882353,Chevrolet,Automatic 4-spd,8.0,6.2
32476,Vans,Diesel,Rear-Wheel Drive,21.2325,Chevrolet,Manual 4-spd,8.0,6.2
32477,Vans,Regular,Rear-Wheel Drive,25.3546153846154,Chevrolet,Automatic 4-spd,8.0,5.7
32478,Vans,Regular,Rear-Wheel Drive,19.3888235294118,Nissan,Automatic 4-spd,4.0,2.4
32479,Vans,Regular,Rear-Wheel Drive,18.3116666666667,Nissan,Manual 5-spd,4.0,2.4
32480,Vans,Regular,Rear-Wheel Drive,21.974,Dodge,Automatic 3-spd,6.0,3.9
32481,Vans,Regular,Rear-Wheel Drive,21.974,Dodge,Automatic 4-spd,6.0,3.9
32482,Midsize Cars,Premium,Rear-Wheel Drive,27.4675,Plymouth,Automatic 3-spd,8.0,5.2
32483,Vans,Regular,Rear-Wheel Drive,23.5435714285714,Dodge,Manual 5-spd,6.0,3.9
32484,Vans,Regular,Rear-Wheel Drive,29.9645454545455,Dodge,Automatic 3-spd,8.0,5.2
32485,Vans,Regular,Rear-Wheel Drive,23.5435714285714,Dodge,Automatic 3-spd,8.0,5.2
32486,Vans,Regular,Rear-Wheel Drive,25.3546153846154,Dodge,Automatic 4-spd,8.0,5.2
32487,Vans,Regular,Rear-Wheel Drive,29.9645454545455,Dodge,Automatic 3-spd,8.0,5.9
32488,Vans,Regular,Rear-Wheel Drive,29.9645454545455,Dodge,Automatic 3-spd,8.0,5.2
32489,Vans,Regular,Rear-Wheel Drive,25.3546153846154,Dodge,Automatic 4-spd,8.0,5.2
32490,Vans,Regular,Rear-Wheel Drive,32.961,Dodge,Automatic 3-spd,8.0,5.9
32491,Vans,Regular,Rear-Wheel Drive,19.3888235294118,Ford,Automatic 4-spd,6.0,3.0
32492,Vans,Regular,Rear-Wheel Drive,19.3888235294118,Ford,Manual 5-spd,6.0,3.0
32493,Subcompact Cars,Regular,Front-Wheel Drive,17.3478947368421,Audi,Manual 5-spd,5.0,2.2
32494,Midsize Cars,Regular,Front-Wheel Drive,14.3308695652174,Plymouth,Automatic 3-spd,4.0,2.2
32495,Vans,Regular,Rear-Wheel Drive,25.3546153846154,Ford,Automatic 3-spd,6.0,4.9
32496,Vans,Regular,Rear-Wheel Drive,23.5435714285714,Ford,Automatic 4-spd,6.0,4.9
32497,Vans,Regular,Rear-Wheel Drive,25.3546153846154,Ford,Automatic 4-spd,8.0,5.0
32498,Vans,Regular,Rear-Wheel Drive,29.9645454545455,Ford,Automatic 3-spd,8.0,5.8
32499,Vans,Regular,Rear-Wheel Drive,20.600625,GMC,Automatic 4-spd,6.0,4.3
32500,Vans,Regular,Rear-Wheel Drive,21.974,GMC,Manual 4-spd,6.0,4.3
32501,Vans,Regular,Rear-Wheel Drive,25.3546153846154,GMC,Automatic 4-spd,8.0,5.0
32502,Vans,Regular,Rear-Wheel Drive,25.3546153846154,GMC,Automatic 4-spd,8.0,5.7
32503,Vans,Diesel,Rear-Wheel Drive,22.4814705882353,GMC,Automatic 4-spd,8.0,6.2
32504,Vans,Diesel,Rear-Wheel Drive,21.2325,GMC,Manual 4-spd,8.0,6.2
32505,Midsize Cars,Regular,Front-Wheel Drive,13.1844,Plymouth,Manual 4-spd,4.0,2.2
32506,Vans,Regular,Rear-Wheel Drive,25.3546153846154,GMC,Automatic 4-spd,8.0,5.7
32507,Vans,Regular,Rear-Wheel Drive,19.3888235294118,GMC,Automatic 4-spd,6.0,4.3
32508,Vans,Regular,Rear-Wheel Drive,18.3116666666667,GMC,Manual 5-spd,6.0,4.3
32509,Vans,Regular,Rear-Wheel Drive,19.3888235294118,Mitsubishi,Automatic 4-spd,4.0,2.4
32510,Vans,Regular,Rear-Wheel Drive,16.4805,Toyota,Automatic 4-spd,4.0,2.2
32511,Vans,Regular,Rear-Wheel Drive,16.4805,Toyota,Manual 5-spd,4.0,2.2
32512,Vans,Regular,4-Wheel or All-Wheel Drive,18.3116666666667,Toyota,Automatic 4-spd,4.0,2.2
32513,Vans,Regular,4-Wheel or All-Wheel Drive,17.3478947368421,Toyota,Manual 5-spd,4.0,2.2
32514,Vans,Regular,4-Wheel or All-Wheel Drive,23.5435714285714,Volkswagen,Manual 5-spd,4.0,2.1
32515,Vans,Regular,Rear-Wheel Drive,21.974,Volkswagen,Automatic 3-spd,4.0,2.1
32516,Midsize Cars,Regular,Front-Wheel Drive,13.1844,Plymouth,Manual 5-spd,4.0,2.2
32517,Vans,Regular,Rear-Wheel Drive,20.600625,Volkswagen,Manual 4-spd,4.0,2.1
32518,Special Purpose Vehicle 2WD,Regular,Rear-Wheel Drive,25.3546153846154,Chevrolet,Automatic 4-spd,8.0,5.7
32519,Special Purpose Vehicle 2WD,Diesel,Rear-Wheel Drive,22.4814705882353,Chevrolet,Automatic 4-spd,8.0,6.2
32520,Special Purpose Vehicle 2WD,Regular,Rear-Wheel Drive,16.4805,Chevrolet,Automatic 4-spd,4.0,2.5
32521,Special Purpose Vehicle 2WD,Regular,Rear-Wheel Drive,14.9822727272727,Chevrolet,Manual 5-spd,4.0,2.5
32522,Special Purpose Vehicle 2WD,Regular,Rear-Wheel Drive,18.3116666666667,Chevrolet,Automatic 4-spd,6.0,2.8
32523,Special Purpose Vehicle 2WD,Regular,Rear-Wheel Drive,18.3116666666667,Chevrolet,Manual 4-spd,6.0,2.8
32524,Special Purpose Vehicle 2WD,Regular,Rear-Wheel Drive,17.3478947368421,Chevrolet,Manual 5-spd,6.0,2.8
32525,Special Purpose Vehicle 2WD,Regular,Rear-Wheel Drive,18.3116666666667,Chevrolet,Automatic 4-spd,6.0,4.3
32526,Special Purpose Vehicle 2WD,Regular,Front-Wheel Drive,18.3116666666667,Chrysler,Automatic 3-spd,6.0,3.0
32527,Midsize Cars,Regular,Front-Wheel Drive,14.9822727272727,Plymouth,Automatic 3-spd,4.0,2.2
32528,Special Purpose Vehicle 2WD,Regular,Rear-Wheel Drive,27.4675,Dodge,Automatic 3-spd,8.0,5.2
32529,Special Purpose Vehicle 2WD,Regular,Rear-Wheel Drive,23.5435714285714,Dodge,Automatic 3-spd,8.0,5.2
32530,Special Purpose Vehicle 2WD,Regular,Rear-Wheel Drive,29.9645454545455,Dodge,Automatic 3-spd,8.0,5.9
32531,Special Purpose Vehicle 2WD,Regular,Front-Wheel Drive,17.3478947368421,Dodge,Automatic 3-spd,4.0,2.5
32532,Special Purpose Vehicle 2WD,Regular,Front-Wheel Drive,15.6957142857143,Dodge,Manual 5-spd,4.0,2.5
32533,Special Purpose Vehicle 2WD,Regular,Front-Wheel Drive,18.3116666666667,Dodge,Automatic 3-spd,6.0,3.0
32534,Special Purpose Vehicle 2WD,Regular,Rear-Wheel Drive,19.3888235294118,Ford,Automatic 4-spd,6.0,2.9
32535,Special Purpose Vehicle 2WD,Regular,Rear-Wheel Drive,17.3478947368421,Ford,Manual 5-spd,6.0,2.9
32536,Special Purpose Vehicle 2WD,Regular,Rear-Wheel Drive,25.3546153846154,GMC,Automatic 4-spd,8.0,5.7
32537,Special Purpose Vehicle 2WD,Diesel,Rear-Wheel Drive,22.4814705882353,GMC,Automatic 4-spd,8.0,6.2
32538,Midsize Cars,Regular,Front-Wheel Drive,16.4805,Plymouth,Automatic 3-spd,4.0,2.6
32539,Special Purpose Vehicle 2WD,Regular,Rear-Wheel Drive,16.4805,GMC,Automatic 4-spd,4.0,2.5
32540,Special Purpose Vehicle 2WD,Regular,Rear-Wheel Drive,14.9822727272727,GMC,Manual 5-spd,4.0,2.5
32541,Special Purpose Vehicle 2WD,Regular,Rear-Wheel Drive,18.3116666666667,GMC,Automatic 4-spd,6.0,2.8
32542,Special Purpose Vehicle 2WD,Regular,Rear-Wheel Drive,18.3116666666667,GMC,Manual 4-spd,6.0,2.8
32543,Special Purpose Vehicle 2WD,Regular,Rear-Wheel Drive,17.3478947368421,GMC,Manual 5-spd,6.0,2.8
32544,Special Purpose Vehicle 2WD,Regular,Rear-Wheel Drive,18.3116666666667,GMC,Automatic 4-spd,6.0,4.3
32545,Special Purpose Vehicle 2WD,Regular,Rear-Wheel Drive,19.3888235294118,Grumman Allied Industries,Automatic 3-spd,4.0,2.5
32546,Special Purpose Vehicle 2WD,Regular,Rear-Wheel Drive,18.3116666666667,Jeep,Automatic 4-spd,4.0,2.5
32547,Special Purpose Vehicle 2WD,Regular,Rear-Wheel Drive,15.6957142857143,Jeep,Manual 4-spd,4.0,2.5
32548,Special Purpose Vehicle 2WD,Regular,Rear-Wheel Drive,16.4805,Jeep,Manual 5-spd,4.0,2.5
32549,Midsize Cars,Regular,Rear-Wheel Drive,17.3478947368421,Pontiac,Automatic 3-spd,6.0,3.8
32550,Special Purpose Vehicle 2WD,Regular,Rear-Wheel Drive,20.600625,Jeep,Automatic 4-spd,6.0,4.0
32551,Special Purpose Vehicle 2WD,Regular,Rear-Wheel Drive,18.3116666666667,Jeep,Manual 5-spd,6.0,4.0
32552,Special Purpose Vehicle 2WD,Regular,Front-Wheel Drive,17.3478947368421,Plymouth,Automatic 3-spd,4.0,2.5
32553,Special Purpose Vehicle 2WD,Regular,Front-Wheel Drive,15.6957142857143,Plymouth,Manual 5-spd,4.0,2.5
32554,Special Purpose Vehicle 2WD,Regular,Front-Wheel Drive,18.3116666666667,Plymouth,Automatic 3-spd,6.0,3.0
32555,Special Purpose Vehicles,Regular,4-Wheel or All-Wheel Drive,20.600625,Eagle,Automatic 3-spd,6.0,4.2
32556,Special Purpose Vehicles,Regular,4-Wheel or All-Wheel Drive,19.3888235294118,Chevrolet,Automatic 4-spd,6.0,2.8
32557,Special Purpose Vehicles,Regular,4-Wheel or All-Wheel Drive,19.3888235294118,Chevrolet,Manual 4-spd,6.0,2.8
32558,Special Purpose Vehicles,Regular,4-Wheel or All-Wheel Drive,19.3888235294118,Chevrolet,Manual 5-spd,6.0,2.8
32559,Special Purpose Vehicles,Regular,4-Wheel or All-Wheel Drive,19.3888235294118,Chevrolet,Automatic 4-spd,6.0,4.3
32560,Midsize Cars,Regular,Rear-Wheel Drive,19.3888235294118,Pontiac,Automatic 3-spd,8.0,5.0
32561,Special Purpose Vehicles,Regular,4-Wheel or All-Wheel Drive,25.3546153846154,Chevrolet,Automatic 4-spd,8.0,5.7
32562,Special Purpose Vehicles,Regular,4-Wheel or All-Wheel Drive,27.4675,Chevrolet,Manual 4-spd,8.0,5.7
32563,Special Purpose Vehicles,Diesel,4-Wheel or All-Wheel Drive,22.4814705882353,Chevrolet,Automatic 4-spd,8.0,6.2
32564,Special Purpose Vehicles,Regular,4-Wheel or All-Wheel Drive,25.3546153846154,Chevrolet,Automatic 4-spd,8.0,5.7
32565,Special Purpose Vehicles,Regular,4-Wheel or All-Wheel Drive,29.9645454545455,Chevrolet,Manual 4-spd,8.0,5.7
32566,Special Purpose Vehicles,Diesel,4-Wheel or All-Wheel Drive,23.8865625,Chevrolet,Automatic 4-spd,8.0,6.2
32567,Special Purpose Vehicles,Regular,4-Wheel or All-Wheel Drive,20.600625,Nissan,Manual 5-spd,4.0,2.4
32568,Special Purpose Vehicles,Regular,4-Wheel or All-Wheel Drive,23.5435714285714,Nissan,Automatic 4-spd,6.0,3.0
32569,Special Purpose Vehicles,Regular,4-Wheel or All-Wheel Drive,23.5435714285714,Nissan,Manual 5-spd,6.0,3.0
32570,Special Purpose Vehicles,Regular,4-Wheel or All-Wheel Drive,18.3116666666667,Nissan,Automatic 4-spd,4.0,2.0
32571,Midsize Cars,Regular,Rear-Wheel Drive,19.3888235294118,Pontiac,Automatic 4-spd,8.0,5.0
32572,Special Purpose Vehicles,Regular,4-Wheel or All-Wheel Drive,17.3478947368421,Nissan,Manual 5-spd,4.0,2.0
32573,Special Purpose Vehicles,Regular,4-Wheel or All-Wheel Drive,27.4675,Dodge,Automatic 3-spd,8.0,5.2
32574,Special Purpose Vehicles,Regular,4-Wheel or All-Wheel Drive,27.4675,Dodge,Manual 4-spd,8.0,5.2
32575,Special Purpose Vehicles,Regular,4-Wheel or All-Wheel Drive,36.6233333333333,Dodge,Automatic 3-spd,8.0,5.9
32576,Special Purpose Vehicles,Regular,4-Wheel or All-Wheel Drive,29.9645454545455,Dodge,Manual 4-spd,8.0,5.9
32577,Special Purpose Vehicles,Regular,4-Wheel or All-Wheel Drive,15.6957142857143,Dodge,Manual 5-spd,4.0,2.0
32578,Special Purpose Vehicles,Regular,4-Wheel or All-Wheel Drive,21.974,Dodge,Automatic 4-spd,4.0,2.6
32579,Special Purpose Vehicles,Regular,4-Wheel or All-Wheel Drive,20.600625,Dodge,Manual 5-spd,4.0,2.6
32580,Special Purpose Vehicles,Regular,4-Wheel or All-Wheel Drive,19.3888235294118,Ford,Automatic 4-spd,6.0,2.9
32581,Special Purpose Vehicles,Regular,4-Wheel or All-Wheel Drive,18.3116666666667,Ford,Manual 5-spd,6.0,2.9
32582,Midsize Cars,Regular,Rear-Wheel Drive,17.3478947368421,Pontiac,Automatic 3-spd,6.0,3.8
32583,Special Purpose Vehicles,Regular,4-Wheel or All-Wheel Drive,25.3546153846154,Ford,Automatic 3-spd,6.0,4.9
32584,Special Purpose Vehicles,Regular,4-Wheel or All-Wheel Drive,23.5435714285714,Ford,Manual 4-spd,6.0,4.9
32585,Special Purpose Vehicles,Regular,4-Wheel or All-Wheel Drive,21.974,Ford,Manual 5-spd,6.0,4.9
32586,Special Purpose Vehicles,Regular,4-Wheel or All-Wheel Drive,23.5435714285714,Ford,Manual 5-spd,6.0,4.9
32587,Special Purpose Vehicles,Regular,4-Wheel or All-Wheel Drive,27.4675,Ford,Automatic 3-spd,8.0,5.0
32588,Special Purpose Vehicles,Regular,4-Wheel or All-Wheel Drive,25.3546153846154,Ford,Automatic 4-spd,8.0,5.0
32589,Special Purpose Vehicles,Regular,4-Wheel or All-Wheel Drive,27.4675,Ford,Manual 4-spd,8.0,5.0
32590,Special Purpose Vehicles,Regular,4-Wheel or All-Wheel Drive,29.9645454545455,Ford,Automatic 3-spd,8.0,5.8
32591,Special Purpose Vehicles,Regular,4-Wheel or All-Wheel Drive,19.3888235294118,GMC,Automatic 4-spd,6.0,2.8
32592,Special Purpose Vehicles,Regular,4-Wheel or All-Wheel Drive,19.3888235294118,GMC,Manual 4-spd,6.0,2.8
32593,Midsize Cars,Regular,Rear-Wheel Drive,19.3888235294118,Pontiac,Automatic 3-spd,8.0,5.0
32594,Special Purpose Vehicles,Regular,4-Wheel or All-Wheel Drive,19.3888235294118,GMC,Manual 5-spd,6.0,2.8
32595,Special Purpose Vehicles,Regular,4-Wheel or All-Wheel Drive,19.3888235294118,GMC,Automatic 4-spd,6.0,4.3
32596,Special Purpose Vehicles,Regular,4-Wheel or All-Wheel Drive,25.3546153846154,GMC,Automatic 4-spd,8.0,5.7
32597,Special Purpose Vehicles,Regular,4-Wheel or All-Wheel Drive,27.4675,GMC,Manual 4-spd,8.0,5.7
32598,Special Purpose Vehicles,Diesel,4-Wheel or All-Wheel Drive,22.4814705882353,GMC,Automatic 4-spd,8.0,6.2
32599,Special Purpose Vehicles,Regular,4-Wheel or All-Wheel Drive,25.3546153846154,GMC,Automatic 4-spd,8.0,5.7
32600,Special Purpose Vehicles,Regular,4-Wheel or All-Wheel Drive,29.9645454545455,GMC,Manual 4-spd,8.0,5.7
32601,Special Purpose Vehicles,Diesel,4-Wheel or All-Wheel Drive,23.8865625,GMC,Automatic 4-spd,8.0,6.2
32602,Special Purpose Vehicles,Regular,4-Wheel or All-Wheel Drive,21.974,Isuzu,Automatic 4-spd,4.0,2.6
32603,Special Purpose Vehicles,Regular,4-Wheel or All-Wheel Drive,21.974,Isuzu,Manual 5-spd,4.0,2.6
32604,Subcompact Cars,Regular,4-Wheel or All-Wheel Drive,19.3888235294118,Audi,Manual 5-spd,5.0,2.1
32605,Midsize Cars,Regular,Rear-Wheel Drive,18.3116666666667,Pontiac,Automatic 4-spd,8.0,5.0
32606,Special Purpose Vehicles,Regular,4-Wheel or All-Wheel Drive,18.3116666666667,Jeep,Automatic 4-spd,4.0,2.5
32607,Special Purpose Vehicles,Regular,4-Wheel or All-Wheel Drive,15.6957142857143,Jeep,Manual 4-spd,4.0,2.5
32608,Special Purpose Vehicles,Regular,4-Wheel or All-Wheel Drive,17.3478947368421,Jeep,Manual 5-spd,4.0,2.5
32609,Special Purpose Vehicles,Regular,4-Wheel or All-Wheel Drive,20.600625,Jeep,Automatic 4-spd,6.0,4.0
32610,Special Purpose Vehicles,Regular,4-Wheel or All-Wheel Drive,18.3116666666667,Jeep,Manual 5-spd,6.0,4.0
32611,Special Purpose Vehicles,Regular,4-Wheel or All-Wheel Drive,29.9645454545455,Jeep,Automatic 3-spd,8.0,5.9
32612,Special Purpose Vehicles,Regular,4-Wheel or All-Wheel Drive,19.3888235294118,Jeep,Manual 5-spd,4.0,2.5
32613,Special Purpose Vehicles,Regular,4-Wheel or All-Wheel Drive,23.5435714285714,Jeep,Automatic 3-spd,6.0,4.2
32614,Special Purpose Vehicles,Regular,4-Wheel or All-Wheel Drive,19.3888235294118,Jeep,Manual 5-spd,6.0,4.2
32615,Special Purpose Vehicles,Premium,4-Wheel or All-Wheel Drive,25.3546153846154,Land Rover,Automatic 4-spd,8.0,3.5
32616,Midsize Cars,Regular,Front-Wheel Drive,13.73375,Pontiac,Automatic 3-spd,4.0,2.5
32617,Special Purpose Vehicles,Regular,4-Wheel or All-Wheel Drive,21.974,Mitsubishi,Automatic 4-spd,4.0,2.6
32618,Special Purpose Vehicles,Regular,4-Wheel or All-Wheel Drive,20.600625,Mitsubishi,Manual 5-spd,4.0,2.6
32619,Special Purpose Vehicles,Regular,4-Wheel or All-Wheel Drive,15.6957142857143,Plymouth,Manual 5-spd,4.0,2.0
32620,Special Purpose Vehicles,Regular,4-Wheel or All-Wheel Drive,13.73375,Subaru,Manual 4-spd,4.0,1.8
32621,Special Purpose Vehicles,Regular,4-Wheel or All-Wheel Drive,11.7717857142857,Subaru,Manual 5-spd,3.0,1.2
32622,Special Purpose Vehicles,Regular,4-Wheel or All-Wheel Drive,15.6957142857143,Subaru,Automatic 3-spd,4.0,1.8
32623,Special Purpose Vehicles,Regular,4-Wheel or All-Wheel Drive,14.3308695652174,Subaru,Manual 5-spd,4.0,1.8
32624,Special Purpose Vehicles,Regular,4-Wheel or All-Wheel Drive,15.6957142857143,Subaru,Automatic 3-spd,4.0,1.8
32625,Special Purpose Vehicles,Regular,4-Wheel or All-Wheel Drive,14.3308695652174,Subaru,Manual 5-spd,4.0,1.8
32626,Special Purpose Vehicles,Regular,4-Wheel or All-Wheel Drive,13.1844,Suzuki,Manual 5-spd,4.0,1.3
32627,Midsize Cars,Regular,Front-Wheel Drive,16.4805,Pontiac,Automatic 3-spd,6.0,2.8
32628,Special Purpose Vehicles,Regular,4-Wheel or All-Wheel Drive,13.1844,Suzuki,Manual 5-spd,4.0,1.3
32629,Special Purpose Vehicles,Regular,4-Wheel or All-Wheel Drive,27.4675,Toyota,Automatic 4-spd,6.0,4.0
32630,Special Purpose Vehicles,Regular,4-Wheel or All-Wheel Drive,20.600625,Toyota,Automatic 4-spd,4.0,2.4
32631,Special Purpose Vehicles,Regular,4-Wheel or All-Wheel Drive,17.3478947368421,Toyota,Manual 5-spd,4.0,2.4
32632,Special Purpose Vehicles,Regular,4-Wheel or All-Wheel Drive,21.974,Toyota,Automatic 4-spd,6.0,3.0
32633,Special Purpose Vehicles,Regular,4-Wheel or All-Wheel Drive,20.600625,Toyota,Manual 5-spd,6.0,3.0
32634,Special Purpose Vehicle 2WD,Regular,Front-Wheel Drive,19.3888235294118,Cadillac,Automatic 4-spd,8.0,4.5
32635,Special Purpose Vehicle 2WD,Regular,Rear-Wheel Drive,23.5435714285714,Chevrolet,Automatic 4-spd,6.0,2.8
32636,Special Purpose Vehicle 2WD,Regular,Rear-Wheel Drive,23.5435714285714,Chevrolet,Manual 4-spd,6.0,2.8
32637,Special Purpose Vehicle 2WD,Regular,Rear-Wheel Drive,29.9645454545455,Nissan,Automatic 4-spd,6.0,3.0
32638,Midsize Cars,Regular,Front-Wheel Drive,16.4805,Pontiac,Automatic 4-spd,6.0,2.8
32639,Special Purpose Vehicle 2WD,Regular,Rear-Wheel Drive,25.3546153846154,Nissan,Manual 5-spd,6.0,3.0
32640,Special Purpose Vehicle 2WD,Regular,Rear-Wheel Drive,21.974,Dodge,Automatic 3-spd,6.0,3.9
32641,Special Purpose Vehicle 2WD,Regular,Rear-Wheel Drive,21.974,Dodge,Automatic 4-spd,6.0,3.9
32642,Special Purpose Vehicle 2WD,Regular,Rear-Wheel Drive,25.3546153846154,Dodge,Manual 5-spd,6.0,3.9
32643,Special Purpose Vehicle 2WD,Regular,Rear-Wheel Drive,29.9645454545455,Dodge,Automatic 3-spd,8.0,5.9
32644,Special Purpose Vehicle 2WD,Regular,Rear-Wheel Drive,23.5435714285714,GMC,Automatic 4-spd,6.0,2.8
32645,Special Purpose Vehicle 2WD,Regular,Rear-Wheel Drive,23.5435714285714,GMC,Manual 4-spd,6.0,2.8
32646,Special Purpose Vehicle 2WD,Regular,Rear-Wheel Drive,27.4675,Toyota,Automatic 4-spd,4.0,2.4
32647,Special Purpose Vehicle 2WD,Regular,Rear-Wheel Drive,23.5435714285714,Toyota,Manual 4-spd,4.0,2.4
32648,Two Seaters,Regular,Rear-Wheel Drive,15.6957142857143,Alfa Romeo,Manual 5-spd,4.0,2.0
32649,Midsize Cars,Regular,Front-Wheel Drive,17.3478947368421,Pontiac,Automatic 3-spd,6.0,2.8
32650,Two Seaters,Regular,Rear-Wheel Drive,14.9822727272727,Bertone,Manual 5-spd,4.0,1.5
32651,Two Seaters,Regular,Front-Wheel Drive,16.4805,Buick,Automatic 4-spd,6.0,3.8
32652,Two Seaters,Premium,Front-Wheel Drive,20.600625,Cadillac,Automatic 4-spd,8.0,4.5
32653,Two Seaters,Premium,Rear-Wheel Drive,18.3116666666667,Chevrolet,Automatic 4-spd,8.0,5.7
32654,Two Seaters,Premium,Rear-Wheel Drive,18.3116666666667,Chevrolet,Manual 6-spd,8.0,5.7
32655,Two Seaters,Premium,Rear-Wheel Drive,18.3116666666667,Chevrolet,Automatic 4-spd,8.0,5.7
32656,Two Seaters,Premium,Rear-Wheel Drive,18.3116666666667,Chevrolet,Manual 6-spd,8.0,5.7
32657,Two Seaters,Premium,Front-Wheel Drive,18.3116666666667,Chrysler,Automatic 3-spd,4.0,2.2
32658,Two Seaters,Premium,Front-Wheel Drive,17.3478947368421,Chrysler,Manual 5-spd,4.0,2.2
32659,Two Seaters,Premium,Front-Wheel Drive,19.3888235294118,Chrysler,Automatic 3-spd,4.0,2.5
32660,Midsize Cars,Regular,Front-Wheel Drive,16.4805,Pontiac,Automatic 4-spd,6.0,2.8
32661,Two Seaters,Premium,Front-Wheel Drive,19.3888235294118,Chrysler,Automatic 3-spd,4.0,2.5
32662,Two Seaters,Regular,Rear-Wheel Drive,17.3478947368421,Nissan,Automatic 4-spd,6.0,3.0
32663,Two Seaters,Regular,Rear-Wheel Drive,18.3116666666667,Nissan,Automatic 4-spd,6.0,3.0
32664,Two Seaters,Regular,Rear-Wheel Drive,18.3116666666667,Nissan,Manual 5-spd,6.0,3.0
32665,Two Seaters,Regular,Rear-Wheel Drive,18.3116666666667,Nissan,Manual 5-spd,6.0,3.0
32666,Two Seaters,Premium,Rear-Wheel Drive,20.600625,Environmental Rsch and Devp Corp,Automatic 4-spd,6.0,2.9
32667,Two Seaters,Regular,Rear-Wheel Drive,17.3478947368421,Evans Automobiles,Manual 5-spd,8.0,5.7
32668,Two Seaters,Regular,Rear-Wheel Drive,29.9645454545455,Ferrari,Manual 5-spd,12.0,4.9
32669,Two Seaters,Regular,Rear-Wheel Drive,23.5435714285714,Ferrari,Manual 5-spd,8.0,3.2
32670,Two Seaters,Premium,Rear-Wheel Drive,23.5435714285714,Ferrari,Manual 5-spd,8.0,3.4
32671,Midsize Cars,Diesel,Front-Wheel Drive,14.6994230769231,Pontiac,Automatic 3-spd,6.0,4.3
32672,Two Seaters,Regular,Front-Wheel Drive,11.7717857142857,Honda,Automatic 4-spd,4.0,1.5
32673,Two Seaters,Regular,Front-Wheel Drive,10.3003125,Honda,Manual 5-spd,4.0,1.5
32674,Two Seaters,Regular,Front-Wheel Drive,12.6773076923077,Honda,Manual 5-spd,4.0,1.6
32675,Two Seaters,Regular,Front-Wheel Drive,7.49113636363637,Honda,Manual 5-spd,4.0,1.5
32676,Two Seaters,Regular,Front-Wheel Drive,8.03926829268293,Honda,Manual 5-spd,4.0,1.5
32677,Two Seaters,Regular,Rear-Wheel Drive,25.3546153846154,Jaguar,Automatic 3-spd,12.0,5.3
32678,Two Seaters,Regular,Rear-Wheel Drive,25.3546153846154,Jaguar,Automatic 3-spd,12.0,5.3
32679,Two Seaters,Premium,Rear-Wheel Drive,47.0871428571429,Lamborghini,Manual 5-spd,12.0,5.2
32680,Two Seaters,Premium,Rear-Wheel Drive,19.3888235294118,Lotus,Manual 5-spd,4.0,2.2
32681,Two Seaters,Premium,Rear-Wheel Drive,17.3478947368421,Lotus,Manual 5-spd,4.0,2.2
32682,Midsize Cars,Regular,Rear-Wheel Drive,36.6233333333333,Rolls-Royce,Automatic 3-spd,8.0,6.8
32683,Two Seaters,Premium,Rear-Wheel Drive,17.3478947368421,Lotus,Manual 5-spd,4.0,2.2
32684,Two Seaters,Premium,Rear-Wheel Drive,23.5435714285714,Maserati,Automatic 4-spd,6.0,2.8
32685,Two Seaters,Premium,Rear-Wheel Drive,21.974,Maserati,Manual 5-spd,6.0,2.8
32686,Two Seaters,Premium,Rear-Wheel Drive,21.974,Maserati,Automatic 4-spd,6.0,2.8
32687,Two Seaters,Premium,Rear-Wheel Drive,21.974,Maserati,Manual 5-spd,6.0,2.8
32688,Two Seaters,Regular,Rear-Wheel Drive,19.3888235294118,Mazda,Automatic 4-spd,2.0,1.3
32689,Two Seaters,Regular,Rear-Wheel Drive,18.3116666666667,Mazda,Manual 5-spd,2.0,1.3
32690,Two Seaters,Regular,Rear-Wheel Drive,19.3888235294118,Mazda,Manual 5-spd,2.0,1.3
32691,Two Seaters,Premium,Rear-Wheel Drive,23.5435714285714,Mercedes-Benz,Automatic 4-spd,8.0,5.6
32692,Two Seaters,Regular,Front-Wheel Drive,14.3308695652174,Subaru,Manual 5-spd,4.0,1.8
32693,Midsize Cars,Regular,Rear-Wheel Drive,18.3116666666667,Volvo,Automatic 4-spd,4.0,2.3
32694,Two Seaters,Regular,Rear-Wheel Drive,13.73375,Toyota,Automatic 4-spd,4.0,1.6
32695,Two Seaters,Premium,Rear-Wheel Drive,14.9822727272727,Toyota,Automatic 4-spd,4.0,1.6
32696,Two Seaters,Premium,Rear-Wheel Drive,14.3308695652174,Toyota,Manual 5-spd,4.0,1.6
32697,Two Seaters,Regular,Rear-Wheel Drive,13.1844,Toyota,Manual 5-spd,4.0,1.6
32698,Minicompact Cars,Regular,Rear-Wheel Drive,23.5435714285714,Ferrari,Manual 5-spd,8.0,3.2
32699,Minicompact Cars,Premium,Rear-Wheel Drive,21.974,Maserati,Manual 5-spd,6.0,2.8
32700,Minicompact Cars,Premium,Rear-Wheel Drive,21.974,Maserati,Automatic 4-spd,6.0,2.8
32701,Minicompact Cars,Premium,Rear-Wheel Drive,17.3478947368421,Porsche,Manual 5-spd,6.0,3.2
32702,Minicompact Cars,Premium,Rear-Wheel Drive,23.5435714285714,Porsche,Manual 5-spd,6.0,3.3
32703,Minicompact Cars,Premium,4-Wheel or All-Wheel Drive,20.600625,Porsche,Manual 5-spd,6.0,3.6
32704,Midsize Cars,Regular,Rear-Wheel Drive,15.6957142857143,Volvo,Automatic 4-spd,4.0,2.3
32705,Minicompact Cars,Premium,Rear-Wheel Drive,21.974,Porsche,Manual 5-spd,6.0,3.3
32706,Minicompact Cars,Premium,Rear-Wheel Drive,21.974,Porsche,Automatic 4-spd,8.0,5.0
32707,Minicompact Cars,Premium,Rear-Wheel Drive,21.974,Porsche,Manual 5-spd,8.0,5.0
32708,Minicompact Cars,Premium,Rear-Wheel Drive,23.5435714285714,Porsche,Manual 5-spd,8.0,5.0
32709,Minicompact Cars,Premium,Rear-Wheel Drive,18.3116666666667,Porsche,Automatic 3-spd,4.0,2.7
32710,Minicompact Cars,Premium,Rear-Wheel Drive,17.3478947368421,Porsche,Manual 5-spd,4.0,2.7
32711,Minicompact Cars,Premium,Rear-Wheel Drive,18.3116666666667,Porsche,Manual 5-spd,4.0,3.0
32712,Minicompact Cars,Premium,Rear-Wheel Drive,16.4805,Porsche,Manual 5-spd,4.0,2.5
32713,Minicompact Cars,Regular,Front-Wheel Drive,13.1844,Toyota,Automatic 4-spd,4.0,2.0
32714,Minicompact Cars,Regular,Front-Wheel Drive,13.1844,Toyota,Manual 5-spd,4.0,2.0
32715,Subcompact Cars,Regular,Front-Wheel Drive,14.3308695652174,Audi,Automatic 3-spd,4.0,1.8
32716,Midsize Cars,Regular,Rear-Wheel Drive,14.9822727272727,Volvo,Manual 4-spd,4.0,2.3
32717,Minicompact Cars,Premium,Rear-Wheel Drive,18.3116666666667,Porsche,Manual 5-spd,6.0,3.2
32718,Minicompact Cars,Regular,Front-Wheel Drive,16.4805,Volkswagen,Automatic 3-spd,4.0,1.8
32719,Minicompact Cars,Regular,Front-Wheel Drive,14.3308695652174,Volkswagen,Manual 5-spd,4.0,1.8
32720,Subcompact Cars,Regular,Front-Wheel Drive,13.73375,Acura,Automatic 4-spd,4.0,1.6
32721,Subcompact Cars,Regular,Front-Wheel Drive,13.1844,Acura,Manual 5-spd,4.0,1.6
32722,Subcompact Cars,Regular,Rear-Wheel Drive,19.3888235294118,Alfa Romeo,Automatic 3-spd,6.0,2.5
32723,Subcompact Cars,Regular,Rear-Wheel Drive,18.3116666666667,Alfa Romeo,Manual 5-spd,6.0,2.5
32724,Subcompact Cars,Regular,Rear-Wheel Drive,18.3116666666667,Alfa Romeo,Manual 5-spd,6.0,3.0
32725,Subcompact Cars,Regular,Rear-Wheel Drive,36.6233333333333,Aston Martin,Automatic 3-spd,8.0,5.3
32726,Subcompact Cars,Regular,Rear-Wheel Drive,36.6233333333333,Aston Martin,Automatic 3-spd,8.0,5.3
32727,Midsize Cars,Regular,Rear-Wheel Drive,17.3478947368421,Volvo,Manual 4-spd,4.0,2.3
32728,Subcompact Cars,Regular,Rear-Wheel Drive,36.6233333333333,Aston Martin,Manual 5-spd,8.0,5.3
32729,Subcompact Cars,Regular,Front-Wheel Drive,14.9822727272727,Audi,Automatic 3-spd,4.0,2.0
32730,Subcompact Cars,Regular,Front-Wheel Drive,14.9822727272727,Audi,Manual 5-spd,4.0,2.0
32731,Subcompact Cars,Regular,Front-Wheel Drive,18.3116666666667,Audi,Automatic 3-spd,5.0,2.3
32732,Subcompact Cars,Regular,Front-Wheel Drive,16.4805,Audi,Manual 5-spd,5.0,2.3
32733,Subcompact Cars,Regular,4-Wheel or All-Wheel Drive,18.3116666666667,Audi,Manual 5-spd,5.0,2.3
32734,Subcompact Cars,Premium,Rear-Wheel Drive,18.3116666666667,BMW,Manual 5-spd,4.0,2.3
32735,Subcompact Cars,Premium,Rear-Wheel Drive,27.4675,BMW,Manual 5-spd,6.0,3.5
32736,Subcompact Cars,Regular,Rear-Wheel Drive,18.3116666666667,BMW,Automatic 4-spd,6.0,2.5
32737,Subcompact Cars,Regular,Rear-Wheel Drive,18.3116666666667,BMW,Manual 5-spd,6.0,2.5
32738,Midsize Cars,Diesel,Rear-Wheel Drive,16.6167391304348,Volvo,Automatic 4-spd,6.0,2.4
32739,Subcompact Cars,Regular,Rear-Wheel Drive,18.3116666666667,BMW,Automatic 4-spd,6.0,2.5
32740,Subcompact Cars,Regular,Rear-Wheel Drive,18.3116666666667,BMW,Manual 5-spd,6.0,2.5
32741,Subcompact Cars,Regular,4-Wheel or All-Wheel Drive,18.3116666666667,BMW,Automatic 4-spd,6.0,2.5
32742,Subcompact Cars,Regular,4-Wheel or All-Wheel Drive,18.3116666666667,BMW,Manual 5-spd,6.0,2.5
32743,Subcompact Cars,Regular,Rear-Wheel Drive,21.974,BMW,Automatic 4-spd,6.0,3.4
32744,Subcompact Cars,Regular,Rear-Wheel Drive,20.600625,BMW,Manual 5-spd,6.0,3.4
32745,Subcompact Cars,Regular,Rear-Wheel Drive,16.4805,Chevrolet,Automatic 4-spd,6.0,2.8
32746,Subcompact Cars,Regular,Rear-Wheel Drive,17.3478947368421,Chevrolet,Manual 5-spd,6.0,2.8
32747,Subcompact Cars,Regular,Rear-Wheel Drive,18.3116666666667,Chevrolet,Automatic 4-spd,8.0,5.0
32748,Subcompact Cars,Premium,Rear-Wheel Drive,18.3116666666667,Chevrolet,Automatic 4-spd,8.0,5.0
32749,Midsize Cars,Diesel,Rear-Wheel Drive,15.924375,Volvo,Manual 4-spd,6.0,2.4
32750,Subcompact Cars,Regular,Rear-Wheel Drive,18.3116666666667,Chevrolet,Manual 5-spd,8.0,5.0
32751,Subcompact Cars,Premium,Rear-Wheel Drive,18.3116666666667,Chevrolet,Manual 5-spd,8.0,5.0
32752,Subcompact Cars,Premium,Rear-Wheel Drive,18.3116666666667,Chevrolet,Automatic 4-spd,8.0,5.7
32753,Subcompact Cars,Regular,Front-Wheel Drive,16.4805,Chevrolet,Automatic 3-spd,6.0,2.8
32754,Subcompact Cars,Regular,Front-Wheel Drive,16.4805,Chevrolet,Manual 5-spd,6.0,2.8
32755,Subcompact Cars,Regular,Front-Wheel Drive,9.69441176470588,Chevrolet,Automatic 3-spd,3.0,1.0
32756,Subcompact Cars,Regular,Front-Wheel Drive,8.03926829268293,Chevrolet,Manual 5-spd,3.0,1.0
32757,Subcompact Cars,Regular,Front-Wheel Drive,9.69441176470588,Chevrolet,Manual 5-spd,3.0,1.0
32758,Subcompact Cars,Premium,Rear-Wheel Drive,18.3116666666667,Chrysler,Automatic 4-spd,4.0,2.6
32759,Subcompact Cars,Premium,Rear-Wheel Drive,18.3116666666667,Chrysler,Manual 5-spd,4.0,2.6
32760,Midsize Cars,Regular,Rear-Wheel Drive,18.3116666666667,Volvo,Automatic 4-spd,6.0,2.9
32761,Subcompact Cars,Premium,Front-Wheel Drive,15.6957142857143,Chrysler,Manual 5-spd,4.0,2.2
32762,Subcompact Cars,Premium,Front-Wheel Drive,18.3116666666667,Chrysler,Automatic 3-spd,4.0,2.5
32763,Subcompact Cars,Regular,Front-Wheel Drive,14.9822727272727,Chrysler,Automatic 3-spd,4.0,2.5
32764,Subcompact Cars,Regular,Front-Wheel Drive,14.3308695652174,Chrysler,Manual 5-spd,4.0,2.5
32765,Subcompact Cars,Premium,Front-Wheel Drive,17.3478947368421,Chrysler,Manual 5-spd,4.0,2.5
32766,Subcompact Cars,Regular,Front-Wheel Drive,9.69441176470588,Daihatsu,Manual 5-spd,3.0,1.0
32767,Subcompact Cars,Regular,Front-Wheel Drive,11.3658620689655,Daihatsu,Automatic 3-spd,4.0,1.3
32768,Subcompact Cars,Regular,Front-Wheel Drive,10.3003125,Daihatsu,Manual 5-spd,4.0,1.3
32769,Subcompact Cars,Regular,Front-Wheel Drive,9.69441176470588,Daihatsu,Manual 5-spd,4.0,1.3
32770,Subcompact Cars,Regular,Front-Wheel Drive,14.3308695652174,Nissan,Automatic 3-spd,4.0,1.6
32771,Large Cars,Regular,Front-Wheel Drive,17.3478947368421,Buick,Automatic 4-spd,6.0,3.0
32772,Subcompact Cars,Regular,Front-Wheel Drive,12.6773076923077,Nissan,Manual 5-spd,4.0,1.6
32773,Subcompact Cars,Regular,Front-Wheel Drive,15.6957142857143,Nissan,Automatic 4-spd,4.0,1.8
32774,Subcompact Cars,Regular,Front-Wheel Drive,14.9822727272727,Nissan,Manual 5-spd,4.0,1.8
32775,Subcompact Cars,Regular,Front-Wheel Drive,13.1844,Nissan,Automatic 3-spd,4.0,1.6
32776,Subcompact Cars,Regular,Front-Wheel Drive,12.2077777777778,Nissan,Manual 5-spd,4.0,1.6
32777,Subcompact Cars,Regular,Rear-Wheel Drive,16.4805,Nissan,Automatic 4-spd,4.0,2.4
32778,Subcompact Cars,Regular,Rear-Wheel Drive,16.4805,Nissan,Manual 5-spd,4.0,2.4
32779,Subcompact Cars,Regular,Rear-Wheel Drive,17.3478947368421,Nissan,Automatic 4-spd,6.0,3.0
32780,Subcompact Cars,Regular,Rear-Wheel Drive,18.3116666666667,Nissan,Manual 5-spd,6.0,3.0
32781,Subcompact Cars,Regular,Front-Wheel Drive,12.6773076923077,Dodge,Automatic 3-spd,4.0,1.5
32782,Large Cars,Regular,Front-Wheel Drive,17.3478947368421,Buick,Automatic 4-spd,6.0,3.8
32783,Subcompact Cars,Regular,Front-Wheel Drive,10.987,Dodge,Manual 4-spd,4.0,1.5
32784,Subcompact Cars,Regular,Front-Wheel Drive,11.7717857142857,Dodge,Manual 5-spd,4.0,1.5
32785,Subcompact Cars,Premium,Front-Wheel Drive,14.3308695652174,Dodge,Manual 5-spd,4.0,1.6
32786,Subcompact Cars,Premium,Front-Wheel Drive,15.6957142857143,Dodge,Manual 5-spd,4.0,2.2
32787,Subcompact Cars,Premium,Front-Wheel Drive,18.3116666666667,Dodge,Automatic 3-spd,4.0,2.5
32788,Subcompact Cars,Regular,Front-Wheel Drive,14.9822727272727,Dodge,Automatic 3-spd,4.0,2.5
32789,Subcompact Cars,Regular,Front-Wheel Drive,13.73375,Dodge,Manual 5-spd,4.0,2.5
32790,Subcompact Cars,Premium,Front-Wheel Drive,15.6957142857143,Dodge,Manual 5-spd,4.0,2.5
32791,Subcompact Cars,Regular,Front-Wheel Drive,14.3308695652174,Dodge,Automatic 3-spd,4.0,2.2
32792,Subcompact Cars,Regular,Front-Wheel Drive,13.1844,Dodge,Manual 5-spd,4.0,2.2
32793,Large Cars,Diesel,Front-Wheel Drive,16.6167391304348,Buick,Automatic 4-spd,6.0,4.3
32794,Subcompact Cars,Premium,Front-Wheel Drive,17.3478947368421,Dodge,Automatic 3-spd,4.0,2.5
32795,Subcompact Cars,Regular,Front-Wheel Drive,14.9822727272727,Dodge,Automatic 3-spd,4.0,2.5
32796,Subcompact Cars,Regular,Front-Wheel Drive,13.73375,Dodge,Manual 5-spd,4.0,2.5
32797,Subcompact Cars,Premium,Rear-Wheel Drive,25.3546153846154,Ferrari,Manual 5-spd,8.0,3.4
32798,Subcompact Cars,Regular,Front-Wheel Drive,9.69441176470588,Ford,Manual 4-spd,4.0,1.3
32799,Subcompact Cars,Regular,Front-Wheel Drive,9.41742857142857,Ford,Manual 5-spd,4.0,1.3
32800,Subcompact Cars,Regular,Front-Wheel Drive,12.2077777777778,Ford,Automatic 3-spd,4.0,1.3
32801,Subcompact Cars,Regular,Rear-Wheel Drive,15.6957142857143,Ford,Automatic 4-spd,4.0,2.3
32802,Subcompact Cars,Regular,Rear-Wheel Drive,14.9822727272727,Ford,Manual 5-spd,4.0,2.3
32803,Subcompact Cars,Regular,Rear-Wheel Drive,18.3116666666667,Ford,Automatic 4-spd,8.0,5.0
32804,Large Cars,Regular,Rear-Wheel Drive,19.3888235294118,Buick,Automatic 3-spd,6.0,3.8
32805,Subcompact Cars,Regular,Rear-Wheel Drive,18.3116666666667,Ford,Manual 5-spd,8.0,5.0
32806,Subcompact Cars,Regular,Front-Wheel Drive,7.01297872340426,Geo,Manual 5-spd,3.0,1.0
32807,Subcompact Cars,Regular,Front-Wheel Drive,9.69441176470588,Geo,Automatic 3-spd,3.0,1.0
32808,Subcompact Cars,Regular,Front-Wheel Drive,8.03926829268293,Geo,Manual 5-spd,3.0,1.0
32809,Subcompact Cars,Regular,Front-Wheel Drive,14.3308695652174,Geo,Automatic 3-spd,4.0,1.6
32810,Subcompact Cars,Regular,Front-Wheel Drive,12.6773076923077,Geo,Manual 5-spd,4.0,1.6
32811,Subcompact Cars,Regular,Front-Wheel Drive,11.7717857142857,Geo,Automatic 3-spd,4.0,1.5
32812,Subcompact Cars,Regular,Front-Wheel Drive,9.98818181818182,Geo,Manual 5-spd,4.0,1.5
32813,Subcompact Cars,Regular,Front-Wheel Drive,12.6773076923077,Honda,Automatic 4-spd,4.0,1.5
32814,Subcompact Cars,Regular,Front-Wheel Drive,10.6325806451613,Honda,Manual 4-spd,4.0,1.5
32815,Large Cars,Regular,Rear-Wheel Drive,18.3116666666667,Buick,Automatic 4-spd,8.0,5.0
32816,Subcompact Cars,Regular,Front-Wheel Drive,11.3658620689655,Honda,Manual 5-spd,4.0,1.5
32817,Subcompact Cars,Regular,Front-Wheel Drive,12.6773076923077,Honda,Manual 5-spd,4.0,1.6
32818,Subcompact Cars,Regular,Front-Wheel Drive,16.4805,Honda,Automatic 4-spd,4.0,2.0
32819,Subcompact Cars,Regular,Front-Wheel Drive,14.9822727272727,Honda,Manual 5-spd,4.0,2.0
32820,Subcompact Cars,Regular,Front-Wheel Drive,16.4805,Honda,Automatic 4-spd,4.0,2.0
32821,Subcompact Cars,Regular,Front-Wheel Drive,15.6957142857143,Honda,Manual 5-spd,4.0,2.0
32822,Subcompact Cars,Regular,Front-Wheel Drive,12.6773076923077,Hyundai,Automatic 3-spd,4.0,1.5
32823,Subcompact Cars,Regular,Front-Wheel Drive,12.6773076923077,Hyundai,Manual 4-spd,4.0,1.5
32824,Subcompact Cars,Regular,Front-Wheel Drive,11.7717857142857,Hyundai,Manual 5-spd,4.0,1.5
32825,Subcompact Cars,Regular,Front-Wheel Drive,11.7717857142857,Isuzu,Automatic 3-spd,4.0,1.5
32826,Subcompact Cars,Regular,Front-Wheel Drive,13.73375,Audi,Manual 5-spd,4.0,1.8
32827,Large Cars,Diesel,Rear-Wheel Drive,18.1992857142857,Buick,Automatic 4-spd,8.0,5.7
32828,Subcompact Cars,Regular,Front-Wheel Drive,9.98818181818182,Isuzu,Manual 5-spd,4.0,1.5
32829,Subcompact Cars,Regular,Front-Wheel Drive,10.6325806451613,Isuzu,Manual 5-spd,4.0,1.5
32830,Subcompact Cars,Regular,Front-Wheel Drive,12.6773076923077,Isuzu,Manual 5-spd,4.0,1.5
32831,Subcompact Cars,Regular,Front-Wheel Drive,13.73375,Isuzu,Manual 5-spd,4.0,1.6
32832,Subcompact Cars,Regular,Rear-Wheel Drive,16.4805,Isuzu,Automatic 4-spd,4.0,2.0
32833,Subcompact Cars,Regular,Rear-Wheel Drive,15.6957142857143,Isuzu,Manual 5-spd,4.0,2.0
32834,Subcompact Cars,Regular,Rear-Wheel Drive,16.4805,Isuzu,Automatic 4-spd,4.0,2.3
32835,Subcompact Cars,Regular,Rear-Wheel Drive,16.4805,Isuzu,Manual 5-spd,4.0,2.3
32836,Subcompact Cars,Regular,Rear-Wheel Drive,25.3546153846154,Jaguar,Automatic 3-spd,12.0,5.3
32837,Subcompact Cars,Regular,Rear-Wheel Drive,25.3546153846154,Jaguar,Automatic 3-spd,12.0,5.3
32838,Large Cars,Regular,Rear-Wheel Drive,19.3888235294118,Cadillac,Automatic 4-spd,8.0,4.1
32839,Subcompact Cars,Premium,Rear-Wheel Drive,23.5435714285714,Maserati,Automatic 4-spd,6.0,2.8
32840,Subcompact Cars,Premium,Rear-Wheel Drive,21.974,Maserati,Manual 5-spd,6.0,2.8
32841,Subcompact Cars,Diesel,Rear-Wheel Drive,14.155,Mercedes-Benz,Automatic 4-spd,5.0,2.5
32842,Subcompact Cars,Premium,Rear-Wheel Drive,17.3478947368421,Mercedes-Benz,Automatic 4-spd,6.0,2.6
32843,Subcompact Cars,Premium,Rear-Wheel Drive,16.4805,Mercedes-Benz,Manual 5-spd,6.0,2.6
32844,Subcompact Cars,Premium,Rear-Wheel Drive,18.3116666666667,Mercedes-Benz,Automatic 4-spd,6.0,3.0
32845,Subcompact Cars,Regular,Front-Wheel Drive,13.1844,Mitsubishi,Automatic 3-spd,4.0,1.5
32846,Subcompact Cars,Regular,Front-Wheel Drive,10.987,Mitsubishi,Manual 4-spd,4.0,1.5
32847,Subcompact Cars,Regular,Front-Wheel Drive,11.7717857142857,Mitsubishi,Manual 5-spd,4.0,1.5
32848,Subcompact Cars,Premium,Front-Wheel Drive,14.3308695652174,Mitsubishi,Manual 5-spd,4.0,1.6
32849,Large Cars,Diesel,Rear-Wheel Drive,18.1992857142857,Cadillac,Automatic 4-spd,8.0,5.7
32850,Subcompact Cars,Regular,Front-Wheel Drive,12.6773076923077,Mitsubishi,Automatic 3-spd,4.0,1.5
32851,Subcompact Cars,Regular,Front-Wheel Drive,12.6773076923077,Mitsubishi,Manual 4-spd,4.0,1.5
32852,Subcompact Cars,Regular,Front-Wheel Drive,11.7717857142857,Mitsubishi,Manual 5-spd,4.0,1.5
32853,Subcompact Cars,Premium,Rear-Wheel Drive,18.3116666666667,Mitsubishi,Automatic 4-spd,4.0,2.6
32854,Subcompact Cars,Premium,Rear-Wheel Drive,18.3116666666667,Mitsubishi,Manual 5-spd,4.0,2.6
32855,Subcompact Cars,Regular,Rear-Wheel Drive,19.3888235294118,Pontiac,Automatic 4-spd,6.0,3.8
32856,Subcompact Cars,Regular,Front-Wheel Drive,12.6773076923077,Plymouth,Automatic 3-spd,4.0,1.5
32857,Subcompact Cars,Regular,Front-Wheel Drive,10.987,Plymouth,Manual 4-spd,4.0,1.5
32858,Subcompact Cars,Regular,Front-Wheel Drive,11.7717857142857,Plymouth,Manual 5-spd,4.0,1.5
32859,Subcompact Cars,Premium,Front-Wheel Drive,14.3308695652174,Plymouth,Manual 5-spd,4.0,1.6
32860,Large Cars,Regular,Front-Wheel Drive,18.3116666666667,Cadillac,Automatic 4-spd,8.0,4.1
32861,Subcompact Cars,Regular,Front-Wheel Drive,14.3308695652174,Plymouth,Automatic 3-spd,4.0,2.2
32862,Subcompact Cars,Regular,Front-Wheel Drive,13.1844,Plymouth,Manual 5-spd,4.0,2.2
32863,Subcompact Cars,Premium,Front-Wheel Drive,17.3478947368421,Plymouth,Automatic 3-spd,4.0,2.5
32864,Subcompact Cars,Regular,Front-Wheel Drive,14.9822727272727,Plymouth,Automatic 3-spd,4.0,2.5
32865,Subcompact Cars,Regular,Front-Wheel Drive,13.73375,Plymouth,Manual 5-spd,4.0,2.5
32866,Subcompact Cars,Regular,Rear-Wheel Drive,16.4805,Pontiac,Automatic 4-spd,6.0,2.8
32867,Subcompact Cars,Regular,Rear-Wheel Drive,17.3478947368421,Pontiac,Manual 5-spd,6.0,2.8
32868,Subcompact Cars,Regular,Rear-Wheel Drive,18.3116666666667,Pontiac,Automatic 4-spd,8.0,5.0
32869,Subcompact Cars,Premium,Rear-Wheel Drive,18.3116666666667,Pontiac,Automatic 4-spd,8.0,5.0
32870,Subcompact Cars,Regular,Rear-Wheel Drive,18.3116666666667,Pontiac,Manual 5-spd,8.0,5.0
32871,Large Cars,Diesel,Front-Wheel Drive,16.6167391304348,Cadillac,Automatic 4-spd,6.0,4.3
32872,Subcompact Cars,Premium,Rear-Wheel Drive,18.3116666666667,Pontiac,Manual 5-spd,8.0,5.0
32873,Subcompact Cars,Premium,Rear-Wheel Drive,18.3116666666667,Pontiac,Automatic 4-spd,8.0,5.7
32874,Subcompact Cars,Regular,Front-Wheel Drive,9.69441176470588,Pontiac,Automatic 3-spd,3.0,1.0
32875,Subcompact Cars,Regular,Front-Wheel Drive,9.69441176470588,Pontiac,Automatic 3-spd,3.0,1.0
32876,Subcompact Cars,Regular,Front-Wheel Drive,8.03926829268293,Pontiac,Manual 5-spd,3.0,1.0
32877,Subcompact Cars,Regular,Front-Wheel Drive,8.03926829268293,Pontiac,Manual 5-spd,3.0,1.0
32878,Subcompact Cars,Regular,Front-Wheel Drive,14.9822727272727,Pontiac,Automatic 3-spd,4.0,2.0
32879,Subcompact Cars,Premium,Front-Wheel Drive,15.6957142857143,Pontiac,Automatic 3-spd,4.0,2.0
32880,Subcompact Cars,Regular,Front-Wheel Drive,13.73375,Pontiac,Manual 5-spd,4.0,2.0
32881,Subcompact Cars,Premium,Front-Wheel Drive,14.9822727272727,Pontiac,Manual 5-spd,4.0,2.0
32882,Large Cars,Regular,Front-Wheel Drive,19.3888235294118,Cadillac,Automatic 4-spd,8.0,4.1
32883,Subcompact Cars,Regular,Front-Wheel Drive,11.7717857142857,Pontiac,Automatic 3-spd,4.0,1.5
32884,Subcompact Cars,Regular,Front-Wheel Drive,9.98818181818182,Pontiac,Manual 5-spd,4.0,1.5
32885,Subcompact Cars,Regular,Front-Wheel Drive,9.69441176470588,Pontiac,Manual 5-spd,3.0,1.0
32886,Subcompact Cars,Regular,Rear-Wheel Drive,32.961,Rolls-Royce,Automatic 3-spd,8.0,6.8
32887,Subcompact Cars,Regular,Rear-Wheel Drive,32.961,Rolls-Royce,Automatic 3-spd,8.0,6.8
32888,Subcompact Cars,Regular,Front-Wheel Drive,18.3116666666667,Saab,Automatic 3-spd,4.0,2.0
32889,Subcompact Cars,Regular,Front-Wheel Drive,14.9822727272727,Saab,Manual 5-spd,4.0,2.0
32890,Subcompact Cars,Regular,Rear-Wheel Drive,20.600625,Saleen,Manual 5-spd,8.0,4.9
32891,Subcompact Cars,Regular,Front-Wheel Drive,14.9822727272727,Subaru,Automatic 3-spd,4.0,1.8
32892,Subcompact Cars,Regular,Front-Wheel Drive,13.1844,Subaru,Manual 5-spd,4.0,1.8
32893,Large Cars,Regular,Rear-Wheel Drive,18.3116666666667,Chevrolet,Automatic 3-spd,6.0,4.3
32894,Subcompact Cars,Regular,Front-Wheel Drive,10.987,Subaru,Automatic (variable gear ratios),3.0,1.2
32895,Subcompact Cars,Regular,Front-Wheel Drive,10.6325806451613,Subaru,Manual 5-spd,3.0,1.2
32896,Subcompact Cars,Regular,4-Wheel or All-Wheel Drive,12.2077777777778,Subaru,Manual 5-spd,3.0,1.2
32897,Subcompact Cars,Regular,Front-Wheel Drive,14.3308695652174,Subaru,Automatic 4-spd,4.0,1.8
32898,Subcompact Cars,Regular,Front-Wheel Drive,14.3308695652174,Subaru,Manual 5-spd,4.0,1.8
32899,Subcompact Cars,Regular,Front-Wheel Drive,15.6957142857143,Subaru,Automatic 4-spd,6.0,2.7
32900,Subcompact Cars,Regular,4-Wheel or All-Wheel Drive,14.9822727272727,Subaru,Automatic 4-spd,4.0,1.8
32901,Subcompact Cars,Regular,4-Wheel or All-Wheel Drive,14.3308695652174,Subaru,Manual 5-spd,4.0,1.8
32902,Subcompact Cars,Regular,4-Wheel or All-Wheel Drive,17.3478947368421,Subaru,Automatic 4-spd,6.0,2.7
32903,Subcompact Cars,Regular,4-Wheel or All-Wheel Drive,17.3478947368421,Subaru,Manual 5-spd,6.0,2.7
32904,Large Cars,Regular,Rear-Wheel Drive,17.3478947368421,Chevrolet,Automatic 4-spd,6.0,4.3
32905,Subcompact Cars,Regular,Front-Wheel Drive,9.69441176470588,Suzuki,Automatic 3-spd,3.0,1.0
32906,Subcompact Cars,Regular,Front-Wheel Drive,8.03926829268293,Suzuki,Manual 5-spd,3.0,1.0
32907,Subcompact Cars,Regular,Front-Wheel Drive,11.7717857142857,Suzuki,Automatic 3-spd,4.0,1.3
32908,Subcompact Cars,Regular,Front-Wheel Drive,9.15583333333333,Suzuki,Manual 5-spd,4.0,1.3
32909,Subcompact Cars,Regular,Front-Wheel Drive,9.15583333333333,Suzuki,Manual 5-spd,4.0,1.3
32910,Subcompact Cars,Regular,Front-Wheel Drive,13.73375,Suzuki,Automatic 3-spd,4.0,1.3
32911,Subcompact Cars,Regular,Front-Wheel Drive,11.7717857142857,Suzuki,Manual 5-spd,4.0,1.3
32912,Subcompact Cars,Regular,Front-Wheel Drive,14.9822727272727,Toyota,Automatic 4-spd,4.0,2.0
32913,Subcompact Cars,Regular,Front-Wheel Drive,13.1844,Toyota,Automatic 4-spd,4.0,2.0
32914,Subcompact Cars,Premium,4-Wheel or All-Wheel Drive,17.3478947368421,Toyota,Manual 5-spd,4.0,2.0
32915,Large Cars,Regular,Rear-Wheel Drive,18.3116666666667,Chevrolet,Automatic 4-spd,8.0,5.0
32916,Subcompact Cars,Regular,Front-Wheel Drive,13.1844,Toyota,Manual 5-spd,4.0,2.0
32917,Subcompact Cars,Regular,Front-Wheel Drive,14.9822727272727,Toyota,Manual 5-spd,4.0,2.0
32918,Subcompact Cars,Regular,Front-Wheel Drive,13.1844,Toyota,Automatic 3-spd,4.0,1.6
32919,Subcompact Cars,Regular,Front-Wheel Drive,12.6773076923077,Toyota,Automatic 4-spd,4.0,1.6
32920,Subcompact Cars,Regular,Front-Wheel Drive,11.7717857142857,Toyota,Manual 5-spd,4.0,1.6
32921,Subcompact Cars,Regular,4-Wheel or All-Wheel Drive,14.3308695652174,Toyota,Automatic 4-spd,4.0,1.6
32922,Subcompact Cars,Regular,4-Wheel or All-Wheel Drive,14.9822727272727,Toyota,Manual 5-spd,4.0,1.6
32923,Subcompact Cars,Regular,Front-Wheel Drive,13.1844,Toyota,Manual 5-spd,4.0,1.6
32924,Subcompact Cars,Premium,Rear-Wheel Drive,18.3116666666667,Toyota,Automatic 4-spd,6.0,3.0
32925,Subcompact Cars,Premium,Rear-Wheel Drive,18.3116666666667,Toyota,Automatic 4-spd,6.0,3.0
32926,Large Cars,Regular,Rear-Wheel Drive,23.5435714285714,Chevrolet,Automatic 4-spd,8.0,5.7
32927,Subcompact Cars,Premium,Rear-Wheel Drive,19.3888235294118,Toyota,Manual 5-spd,6.0,3.0
32928,Subcompact Cars,Premium,Rear-Wheel Drive,18.3116666666667,Toyota,Manual 5-spd,6.0,3.0
32929,Subcompact Cars,Regular,Front-Wheel Drive,12.6773076923077,Toyota,Automatic 3-spd,4.0,1.5
32930,Subcompact Cars,Regular,Front-Wheel Drive,9.98818181818182,Toyota,Manual 4-spd,4.0,1.5
32931,Subcompact Cars,Regular,Front-Wheel Drive,11.3658620689655,Toyota,Manual 5-spd,4.0,1.5
32932,Subcompact Cars,Regular,Front-Wheel Drive,13.73375,Volkswagen,Manual 4-spd,4.0,1.8
32933,Subcompact Cars,Regular,Front-Wheel Drive,14.3308695652174,Volkswagen,Manual 5-spd,4.0,1.8
32934,Subcompact Cars,Regular,Front-Wheel Drive,12.6773076923077,Yugo,Manual 4-spd,4.0,1.1
32935,Subcompact Cars,Regular,Front-Wheel Drive,13.1844,Yugo,Manual 5-spd,4.0,1.3
32936,Compact Cars,Regular,Front-Wheel Drive,18.3116666666667,Acura,Automatic 4-spd,6.0,2.7
32937,Subcompact Cars,Regular,4-Wheel or All-Wheel Drive,18.3116666666667,Audi,Manual 5-spd,5.0,2.2
32938,Large Cars,Diesel,Rear-Wheel Drive,18.1992857142857,Chevrolet,Automatic 3-spd,8.0,5.7
32939,Compact Cars,Regular,Front-Wheel Drive,17.3478947368421,Acura,Manual 5-spd,6.0,2.7
32940,Compact Cars,Regular,Front-Wheel Drive,18.3116666666667,Sterling,Automatic 4-spd,6.0,2.7
32941,Compact Cars,Regular,Front-Wheel Drive,18.3116666666667,Sterling,Manual 5-spd,6.0,2.7
32942,Compact Cars,Regular,Rear-Wheel Drive,18.3116666666667,BMW,Automatic 4-spd,6.0,2.5
32943,Compact Cars,Regular,Rear-Wheel Drive,18.3116666666667,BMW,Manual 5-spd,6.0,2.5
32944,Compact Cars,Regular,Rear-Wheel Drive,21.974,BMW,Automatic 4-spd,6.0,3.4
32945,Compact Cars,Regular,Rear-Wheel Drive,20.600625,BMW,Automatic 4-spd,6.0,3.4
32946,Compact Cars,Regular,Rear-Wheel Drive,20.600625,BMW,Manual 5-spd,6.0,3.4
32947,Compact Cars,Regular,Front-Wheel Drive,13.1844,Buick,Automatic 3-spd,4.0,2.0
32948,Compact Cars,Regular,Front-Wheel Drive,12.6773076923077,Buick,Manual 5-spd,4.0,2.0
32949,Large Cars,Diesel,Rear-Wheel Drive,18.1992857142857,Chevrolet,Automatic 4-spd,8.0,5.7
32950,Compact Cars,Regular,Front-Wheel Drive,13.73375,Buick,Automatic 3-spd,4.0,2.3
32951,Compact Cars,Regular,Front-Wheel Drive,14.3308695652174,Buick,Automatic 3-spd,4.0,2.5
32952,Compact Cars,Regular,Front-Wheel Drive,16.4805,Buick,Automatic 3-spd,6.0,3.3
32953,Compact Cars,Regular,Front-Wheel Drive,13.73375,Chevrolet,Automatic 3-spd,4.0,2.0
32954,Compact Cars,Regular,Front-Wheel Drive,13.1844,Chevrolet,Manual 5-spd,4.0,2.0
32955,Compact Cars,Regular,Front-Wheel Drive,16.4805,Chevrolet,Automatic 3-spd,6.0,2.8
32956,Compact Cars,Regular,Front-Wheel Drive,16.4805,Chevrolet,Manual 5-spd,6.0,2.8
32957,Compact Cars,Regular,Front-Wheel Drive,13.1844,Chevrolet,Automatic 3-spd,4.0,2.0
32958,Compact Cars,Regular,Front-Wheel Drive,12.6773076923077,Chevrolet,Manual 5-spd,4.0,2.0
32959,Compact Cars,Regular,Front-Wheel Drive,16.4805,Chevrolet,Automatic 3-spd,6.0,2.8
32960,Large Cars,Regular,Rear-Wheel Drive,19.3888235294118,Ford,Automatic 4-spd,8.0,5.0
32961,Compact Cars,Regular,Front-Wheel Drive,16.4805,Chevrolet,Manual 5-spd,6.0,2.8
32962,Compact Cars,Premium,Front-Wheel Drive,15.6957142857143,Chrysler,Manual 5-spd,4.0,2.2
32963,Compact Cars,Premium,Front-Wheel Drive,18.3116666666667,Chrysler,Automatic 3-spd,4.0,2.5
32964,Compact Cars,Regular,Front-Wheel Drive,14.9822727272727,Chrysler,Automatic 3-spd,4.0,2.5
32965,Compact Cars,Regular,Front-Wheel Drive,13.73375,Chrysler,Manual 5-spd,4.0,2.5
32966,Compact Cars,Premium,Front-Wheel Drive,15.6957142857143,Chrysler,Manual 5-spd,4.0,2.5
32967,Compact Cars,Regular,Front-Wheel Drive,13.1844,Nissan,Automatic 3-spd,4.0,1.6
32968,Compact Cars,Regular,Front-Wheel Drive,11.7717857142857,Nissan,Manual 4-spd,4.0,1.6
32969,Compact Cars,Regular,Front-Wheel Drive,12.2077777777778,Nissan,Manual 5-spd,4.0,1.6
32970,Compact Cars,Regular,Front-Wheel Drive,15.6957142857143,Nissan,Automatic 4-spd,4.0,2.0
32971,Large Cars,Regular,Rear-Wheel Drive,25.3546153846154,Ford,Automatic 4-spd,8.0,5.8
32972,Compact Cars,Regular,Front-Wheel Drive,14.9822727272727,Nissan,Manual 5-spd,4.0,2.0
32973,Compact Cars,Regular,Front-Wheel Drive,13.73375,Dodge,Automatic 3-spd,4.0,2.2
32974,Compact Cars,Regular,Front-Wheel Drive,12.6773076923077,Dodge,Manual 5-spd,4.0,2.2
32975,Compact Cars,Regular,Front-Wheel Drive,14.3308695652174,Dodge,Automatic 3-spd,4.0,2.2
32976,Compact Cars,Regular,Front-Wheel Drive,13.1844,Dodge,Manual 5-spd,4.0,2.2
32977,Compact Cars,Premium,Front-Wheel Drive,17.3478947368421,Dodge,Automatic 3-spd,4.0,2.5
32978,Compact Cars,Regular,Front-Wheel Drive,14.9822727272727,Dodge,Automatic 3-spd,4.0,2.5
32979,Compact Cars,Premium,Front-Wheel Drive,15.6957142857143,Dodge,Manual 5-spd,4.0,2.5
32980,Compact Cars,Regular,Front-Wheel Drive,13.73375,Dodge,Manual 5-spd,4.0,2.5
32981,Compact Cars,Regular,Front-Wheel Drive,13.1844,Eagle,Automatic 3-spd,4.0,1.5
32982,Large Cars,Regular,Rear-Wheel Drive,19.3888235294118,Mercury,Automatic 4-spd,8.0,5.0
32983,Compact Cars,Regular,Front-Wheel Drive,11.7717857142857,Eagle,Manual 5-spd,4.0,1.5
32984,Compact Cars,Regular,Front-Wheel Drive,14.3308695652174,Eagle,Automatic 4-spd,4.0,1.6
32985,Compact Cars,Regular,Front-Wheel Drive,14.3308695652174,Eagle,Manual 5-spd,4.0,1.6
32986,Compact Cars,Regular,Front-Wheel Drive,13.1844,Ford,Automatic 3-spd,4.0,1.9
32987,Compact Cars,Regular,Front-Wheel Drive,10.3003125,Ford,Manual 4-spd,4.0,1.9
32988,Compact Cars,Regular,Front-Wheel Drive,12.2077777777778,Ford,Manual 5-spd,4.0,1.9
32989,Compact Cars,Regular,Front-Wheel Drive,13.1844,Ford,Manual 5-spd,4.0,1.9
32990,Compact Cars,Regular,Front-Wheel Drive,13.73375,Ford,Automatic 4-spd,4.0,1.6
32991,Compact Cars,Regular,Front-Wheel Drive,13.1844,Ford,Manual 4-spd,4.0,1.6
32992,Compact Cars,Regular,Front-Wheel Drive,14.9822727272727,Ford,Automatic 4-spd,4.0,2.2
32993,Large Cars,Regular,Rear-Wheel Drive,19.3888235294118,Lincoln,Automatic 4-spd,8.0,5.0
32994,Compact Cars,Premium,Front-Wheel Drive,15.6957142857143,Ford,Manual 5-spd,4.0,2.2
32995,Compact Cars,Regular,Front-Wheel Drive,13.73375,Ford,Manual 5-spd,4.0,2.2
32996,Compact Cars,Regular,Front-Wheel Drive,15.6957142857143,Ford,Automatic 3-spd,4.0,2.3
32997,Compact Cars,Regular,Front-Wheel Drive,13.73375,Ford,Manual 5-spd,4.0,2.3
32998,Compact Cars,Regular,Front-Wheel Drive,15.6957142857143,Ford,Manual 5-spd,4.0,2.3
32999,Compact Cars,Regular,4-Wheel or All-Wheel Drive,17.3478947368421,Ford,Automatic 3-spd,4.0,2.3
33000,Compact Cars,Regular,Front-Wheel Drive,14.3308695652174,Honda,Automatic 4-spd,4.0,2.0
33001,Compact Cars,Regular,Front-Wheel Drive,14.9822727272727,Honda,Automatic 4-spd,4.0,2.0
33002,Compact Cars,Regular,Front-Wheel Drive,13.73375,Honda,Manual 5-spd,4.0,2.0
33003,Compact Cars,Premium,Rear-Wheel Drive,18.3116666666667,Jaguar,Automatic 4-spd,6.0,3.6
33004,Large Cars,Regular,Rear-Wheel Drive,19.3888235294118,Oldsmobile,Automatic 3-spd,6.0,3.8
33005,Compact Cars,Regular,Front-Wheel Drive,15.6957142857143,Mercury,Automatic 3-spd,4.0,2.3
33006,Compact Cars,Regular,Front-Wheel Drive,13.73375,Mercury,Manual 5-spd,4.0,2.3
33007,Compact Cars,Regular,Front-Wheel Drive,15.6957142857143,Mercury,Manual 5-spd,4.0,2.3
33008,Compact Cars,Regular,4-Wheel or All-Wheel Drive,17.3478947368421,Mercury,Automatic 3-spd,4.0,2.3
33009,Compact Cars,Regular,Front-Wheel Drive,13.73375,Mercury,Automatic 3-spd,4.0,1.6
33010,Compact Cars,Regular,Front-Wheel Drive,12.2077777777778,Mercury,Manual 5-spd,4.0,1.6
33011,Compact Cars,Regular,Rear-Wheel Drive,19.3888235294118,Merkur,Automatic 3-spd,4.0,2.3
33012,Compact Cars,Regular,Rear-Wheel Drive,17.3478947368421,Merkur,Manual 5-spd,4.0,2.3
33013,Compact Cars,Regular,Front-Wheel Drive,13.73375,Mazda,Automatic 4-spd,4.0,1.6
33014,Compact Cars,Regular,Front-Wheel Drive,13.1844,Mazda,Manual 4-spd,4.0,1.6
33015,Large Cars,Regular,Rear-Wheel Drive,19.3888235294118,Oldsmobile,Automatic 3-spd,8.0,5.0
33016,Compact Cars,Premium,Front-Wheel Drive,14.9822727272727,Mazda,Manual 5-spd,4.0,1.6
33017,Compact Cars,Premium,4-Wheel or All-Wheel Drive,16.4805,Mazda,Manual 5-spd,4.0,1.6
33018,Compact Cars,Regular,Front-Wheel Drive,12.2077777777778,Mazda,Manual 5-spd,4.0,1.6
33019,Compact Cars,Premium,Rear-Wheel Drive,17.3478947368421,Mercedes-Benz,Automatic 4-spd,6.0,2.6
33020,Compact Cars,Premium,Rear-Wheel Drive,18.3116666666667,Mercedes-Benz,Automatic 4-spd,6.0,3.0
33021,Compact Cars,Premium,Rear-Wheel Drive,20.600625,Mercedes-Benz,Automatic 4-spd,6.0,3.0
33022,Compact Cars,Premium,Rear-Wheel Drive,25.3546153846154,Mercedes-Benz,Automatic 4-spd,8.0,5.6
33023,Compact Cars,Regular,Front-Wheel Drive,14.9822727272727,Mitsubishi,Automatic 4-spd,4.0,2.0
33024,Compact Cars,Regular,Front-Wheel Drive,15.6957142857143,Mitsubishi,Manual 5-spd,4.0,2.0
33025,Compact Cars,Regular,Front-Wheel Drive,14.3308695652174,Mitsubishi,Manual 5-spd,4.0,2.0
33026,Large Cars,Regular,Rear-Wheel Drive,18.3116666666667,Oldsmobile,Automatic 4-spd,8.0,5.0
33027,Compact Cars,Regular,Front-Wheel Drive,18.3116666666667,Mitsubishi,Automatic 4-spd,6.0,3.0
33028,Compact Cars,Regular,Front-Wheel Drive,18.3116666666667,Mitsubishi,Manual 5-spd,6.0,3.0
33029,Compact Cars,Regular,Front-Wheel Drive,13.73375,Oldsmobile,Automatic 3-spd,4.0,2.3
33030,Compact Cars,Regular,Front-Wheel Drive,13.1844,Oldsmobile,Manual 5-spd,4.0,2.3
33031,Compact Cars,Regular,Front-Wheel Drive,14.3308695652174,Oldsmobile,Automatic 3-spd,4.0,2.5
33032,Compact Cars,Regular,Front-Wheel Drive,13.73375,Oldsmobile,Manual 5-spd,4.0,2.5
33033,Compact Cars,Regular,Front-Wheel Drive,16.4805,Oldsmobile,Automatic 3-spd,6.0,3.3
33034,Compact Cars,Regular,Front-Wheel Drive,17.3478947368421,Peugeot,Automatic 4-spd,4.0,1.9
33035,Compact Cars,Regular,Front-Wheel Drive,17.3478947368421,Peugeot,Automatic 4-spd,4.0,1.9
33036,Compact Cars,Premium,Front-Wheel Drive,16.4805,Peugeot,Manual 5-spd,4.0,1.9
33037,Large Cars,Diesel,Rear-Wheel Drive,18.1992857142857,Oldsmobile,Automatic 3-spd,8.0,5.7
33038,Compact Cars,Premium,Front-Wheel Drive,16.4805,Peugeot,Manual 5-spd,4.0,1.9
33039,Compact Cars,Regular,Front-Wheel Drive,16.4805,Peugeot,Manual 5-spd,4.0,1.9
33040,Compact Cars,Regular,Front-Wheel Drive,16.4805,Peugeot,Manual 5-spd,4.0,1.9
33041,Compact Cars,Premium,Rear-Wheel Drive,18.3116666666667,Peugeot,Automatic 4-spd,4.0,2.1
33042,Compact Cars,Premium,Rear-Wheel Drive,17.3478947368421,Peugeot,Manual 5-spd,4.0,2.1
33043,Compact Cars,Regular,Rear-Wheel Drive,18.3116666666667,Peugeot,Automatic 4-spd,4.0,2.2
33044,Compact Cars,Regular,Rear-Wheel Drive,18.3116666666667,Peugeot,Manual 5-spd,4.0,2.2
33045,Compact Cars,Premium,Rear-Wheel Drive,18.3116666666667,Peugeot,Automatic 4-spd,6.0,2.9
33046,Compact Cars,Premium,Rear-Wheel Drive,18.3116666666667,Peugeot,Manual 5-spd,6.0,2.9
33047,Compact Cars,Regular,Front-Wheel Drive,13.73375,Plymouth,Automatic 3-spd,4.0,2.2
33048,Subcompact Cars,Regular,Rear-Wheel Drive,15.6957142857143,BMW,Automatic 4-spd,4.0,1.8
33049,Large Cars,Diesel,Rear-Wheel Drive,18.1992857142857,Oldsmobile,Automatic 4-spd,8.0,5.7
33050,Compact Cars,Regular,Front-Wheel Drive,12.6773076923077,Plymouth,Manual 5-spd,4.0,2.2
33051,Compact Cars,Regular,Front-Wheel Drive,14.3308695652174,Plymouth,Automatic 3-spd,4.0,2.2
33052,Compact Cars,Regular,Front-Wheel Drive,13.1844,Plymouth,Manual 5-spd,4.0,2.2
33053,Compact Cars,Premium,Front-Wheel Drive,17.3478947368421,Plymouth,Automatic 3-spd,4.0,2.5
33054,Compact Cars,Regular,Front-Wheel Drive,14.9822727272727,Plymouth,Automatic 3-spd,4.0,2.5
33055,Compact Cars,Premium,Front-Wheel Drive,15.6957142857143,Plymouth,Manual 5-spd,4.0,2.5
33056,Compact Cars,Regular,Front-Wheel Drive,13.73375,Plymouth,Manual 5-spd,4.0,2.5
33057,Compact Cars,Premium,Front-Wheel Drive,15.6957142857143,Pontiac,Automatic 3-spd,4.0,2.0
33058,Compact Cars,Premium,Front-Wheel Drive,14.9822727272727,Pontiac,Manual 5-spd,4.0,2.0
33059,Compact Cars,Regular,Front-Wheel Drive,13.73375,Pontiac,Automatic 3-spd,4.0,2.3
33060,Large Cars,Regular,Front-Wheel Drive,17.3478947368421,Oldsmobile,Automatic 4-spd,6.0,3.0
33061,Compact Cars,Regular,Front-Wheel Drive,13.1844,Pontiac,Manual 5-spd,4.0,2.3
33062,Compact Cars,Regular,Front-Wheel Drive,14.3308695652174,Pontiac,Automatic 3-spd,4.0,2.5
33063,Compact Cars,Regular,Front-Wheel Drive,13.73375,Pontiac,Manual 5-spd,4.0,2.5
33064,Compact Cars,Regular,Front-Wheel Drive,12.6773076923077,Pontiac,Automatic 3-spd,4.0,1.6
33065,Compact Cars,Regular,Front-Wheel Drive,11.3658620689655,Pontiac,Manual 4-spd,4.0,1.6
33066,Compact Cars,Regular,Front-Wheel Drive,10.987,Pontiac,Manual 5-spd,4.0,1.6
33067,Compact Cars,Regular,Front-Wheel Drive,14.9822727272727,Pontiac,Automatic 3-spd,4.0,2.0
33068,Compact Cars,Regular,Front-Wheel Drive,13.73375,Pontiac,Manual 5-spd,4.0,2.0
33069,Compact Cars,Regular,Front-Wheel Drive,14.3308695652174,Pontiac,Automatic 3-spd,4.0,2.0
33070,Compact Cars,Premium,Front-Wheel Drive,16.4805,Pontiac,Automatic 3-spd,4.0,2.0
33071,Large Cars,Regular,Front-Wheel Drive,17.3478947368421,Oldsmobile,Automatic 4-spd,6.0,3.8
33072,Compact Cars,Regular,Front-Wheel Drive,12.2077777777778,Pontiac,Manual 5-spd,4.0,2.0
33073,Compact Cars,Premium,Front-Wheel Drive,14.9822727272727,Pontiac,Manual 5-spd,4.0,2.0
33074,Compact Cars,Regular,Front-Wheel Drive,17.3478947368421,Saab,Automatic 3-spd,4.0,2.0
33075,Compact Cars,Regular,Front-Wheel Drive,18.3116666666667,Saab,Automatic 3-spd,4.0,2.0
33076,Compact Cars,Regular,Front-Wheel Drive,14.9822727272727,Saab,Manual 5-spd,4.0,2.0
33077,Compact Cars,Premium,Front-Wheel Drive,15.6957142857143,Saab,Manual 5-spd,4.0,2.0
33078,Compact Cars,Regular,Front-Wheel Drive,14.9822727272727,Saab,Manual 5-spd,4.0,2.0
33079,Compact Cars,Regular,Front-Wheel Drive,15.6957142857143,Subaru,Automatic 3-spd,4.0,1.8
33080,Compact Cars,Regular,Front-Wheel Drive,14.3308695652174,Subaru,Automatic 3-spd,4.0,1.8
33081,Compact Cars,Regular,Front-Wheel Drive,13.1844,Subaru,Manual 5-spd,4.0,1.8
33082,Large Cars,Diesel,Front-Wheel Drive,16.6167391304348,Oldsmobile,Automatic 4-spd,6.0,4.3
33083,Compact Cars,Regular,4-Wheel or All-Wheel Drive,16.4805,Subaru,Automatic 4-spd,4.0,1.8
33084,Compact Cars,Regular,4-Wheel or All-Wheel Drive,15.6957142857143,Subaru,Manual 5-spd,4.0,1.8
33085,Compact Cars,Regular,4-Wheel or All-Wheel Drive,15.6957142857143,Toyota,Automatic 4-spd,4.0,2.0
33086,Compact Cars,Regular,Front-Wheel Drive,13.73375,Toyota,Automatic 4-spd,4.0,2.0
33087,Compact Cars,Regular,Front-Wheel Drive,13.1844,Toyota,Automatic 4-spd,4.0,2.0
33088,Compact Cars,Regular,Front-Wheel Drive,13.1844,Toyota,Manual 5-spd,4.0,2.0
33089,Compact Cars,Regular,4-Wheel or All-Wheel Drive,15.6957142857143,Toyota,Manual 5-spd,4.0,2.0
33090,Compact Cars,Regular,Front-Wheel Drive,17.3478947368421,Toyota,Automatic 4-spd,6.0,2.5
33091,Compact Cars,Regular,Front-Wheel Drive,17.3478947368421,Toyota,Manual 5-spd,6.0,2.5
33092,Compact Cars,Premium,Rear-Wheel Drive,17.3478947368421,Toyota,Automatic 4-spd,6.0,3.0
33093,Large Cars,Regular,Rear-Wheel Drive,18.3116666666667,Pontiac,Automatic 3-spd,6.0,4.3
33094,Compact Cars,Diesel,Front-Wheel Drive,11.2407352941176,Volkswagen,Manual 5-spd,4.0,1.6
33095,Compact Cars,Regular,Front-Wheel Drive,14.9822727272727,Volkswagen,Automatic 3-spd,4.0,1.8
33096,Compact Cars,Regular,Front-Wheel Drive,13.1844,Volkswagen,Manual 5-spd,4.0,1.8
33097,Compact Cars,Regular,Front-Wheel Drive,14.9822727272727,Volkswagen,Manual 5-spd,4.0,1.8
33098,Compact Cars,Diesel,Front-Wheel Drive,11.2407352941176,Volkswagen,Manual 5-spd,4.0,1.6
33099,Compact Cars,Regular,Front-Wheel Drive,14.9822727272727,Volkswagen,Automatic 3-spd,4.0,1.8
33100,Compact Cars,Regular,Front-Wheel Drive,13.1844,Volkswagen,Manual 5-spd,4.0,1.8
33101,Compact Cars,Regular,Front-Wheel Drive,14.9822727272727,Volkswagen,Manual 5-spd,4.0,1.8
33102,Compact Cars,Regular,Rear-Wheel Drive,17.3478947368421,Volvo,Automatic 4-spd,4.0,2.3
33103,Compact Cars,Regular,Rear-Wheel Drive,17.3478947368421,Volvo,Automatic 4-spd,4.0,2.3
33104,Large Cars,Regular,Rear-Wheel Drive,17.3478947368421,Pontiac,Automatic 4-spd,6.0,4.3
33105,Compact Cars,Regular,Rear-Wheel Drive,15.6957142857143,Volvo,Manual 5-spd,4.0,2.3
33106,Compact Cars,Regular,Rear-Wheel Drive,15.6957142857143,Volvo,Manual 5-spd,4.0,2.3
33107,Compact Cars,Regular,Rear-Wheel Drive,18.3116666666667,Volvo,Automatic 4-spd,4.0,2.3
33108,Compact Cars,Regular,Rear-Wheel Drive,19.3888235294118,Volvo,Automatic 4-spd,6.0,2.8
33109,Compact Cars,Regular,Front-Wheel Drive,16.4805,Dodge,Manual 5-spd,4.0,2.2
33110,Midsize Cars,Premium,Front-Wheel Drive,19.3888235294118,Pontiac,Automatic 4-spd,6.0,3.1
33111,Midsize Cars,Regular,Front-Wheel Drive,18.3116666666667,Audi,Automatic 3-spd,5.0,2.3
33112,Midsize Cars,Regular,Front-Wheel Drive,17.3478947368421,Audi,Manual 5-spd,5.0,2.3
33113,Midsize Cars,Regular,4-Wheel or All-Wheel Drive,18.3116666666667,Audi,Manual 5-spd,5.0,2.3
33114,Midsize Cars,Regular,Front-Wheel Drive,18.3116666666667,Audi,Automatic 3-spd,5.0,2.2
33115,Large Cars,Regular,Rear-Wheel Drive,18.3116666666667,Pontiac,Automatic 4-spd,8.0,5.0
33116,Midsize Cars,Regular,Front-Wheel Drive,17.3478947368421,Audi,Manual 5-spd,5.0,2.2
33117,Midsize Cars,Regular,4-Wheel or All-Wheel Drive,18.3116666666667,Audi,Manual 5-spd,5.0,2.2
33118,Midsize Cars,Regular,Rear-Wheel Drive,21.974,BMW,Automatic 4-spd,6.0,3.4
33119,Midsize Cars,Regular,Rear-Wheel Drive,20.600625,BMW,Automatic 4-spd,6.0,3.4
33120,Midsize Cars,Regular,Rear-Wheel Drive,20.600625,BMW,Manual 5-spd,6.0,3.4
33121,Midsize Cars,Regular,Rear-Wheel Drive,21.974,BMW,Automatic 4-spd,6.0,3.4
33122,Midsize Cars,Regular,Rear-Wheel Drive,20.600625,BMW,Automatic 4-spd,6.0,3.4
33123,Midsize Cars,Regular,Rear-Wheel Drive,25.3546153846154,BMW,Automatic 4-spd,12.0,5.0
33124,Midsize Cars,Regular,Rear-Wheel Drive,25.3546153846154,BMW,Automatic 4-spd,12.0,5.0
33125,Midsize Cars,Regular,Front-Wheel Drive,14.3308695652174,Buick,Automatic 3-spd,4.0,2.5
33126,Large Cars,Diesel,Rear-Wheel Drive,18.1992857142857,Pontiac,Automatic 3-spd,8.0,5.7
33127,Midsize Cars,Regular,Front-Wheel Drive,16.4805,Buick,Automatic 3-spd,6.0,2.8
33128,Midsize Cars,Regular,Front-Wheel Drive,15.6957142857143,Buick,Automatic 4-spd,6.0,2.8
33129,Midsize Cars,Regular,Front-Wheel Drive,16.4805,Buick,Automatic 3-spd,6.0,3.3
33130,Midsize Cars,Regular,Front-Wheel Drive,15.6957142857143,Buick,Automatic 4-spd,6.0,3.3
33131,Midsize Cars,Regular,Front-Wheel Drive,15.6957142857143,Buick,Automatic 4-spd,6.0,2.8
33132,Midsize Cars,Regular,Front-Wheel Drive,16.4805,Buick,Automatic 4-spd,6.0,3.1
33133,Midsize Cars,Regular,Front-Wheel Drive,16.4805,Buick,Automatic 4-spd,6.0,3.8
33134,Midsize Cars,Regular,Front-Wheel Drive,18.3116666666667,Cadillac,Automatic 4-spd,8.0,4.5
33135,Midsize Cars,Regular,Front-Wheel Drive,18.3116666666667,Cadillac,Automatic 4-spd,8.0,4.5
33136,Midsize Cars,Regular,Front-Wheel Drive,14.3308695652174,Chevrolet,Automatic 3-spd,4.0,2.5
33137,Large Cars,Diesel,Rear-Wheel Drive,18.1992857142857,Pontiac,Automatic 4-spd,8.0,5.7
33138,Midsize Cars,Regular,Front-Wheel Drive,16.4805,Chevrolet,Automatic 3-spd,6.0,2.8
33139,Midsize Cars,Regular,Front-Wheel Drive,15.6957142857143,Chevrolet,Automatic 4-spd,6.0,2.8
33140,Midsize Cars,Regular,Front-Wheel Drive,13.73375,Chevrolet,Automatic 3-spd,4.0,2.0
33141,Midsize Cars,Regular,Front-Wheel Drive,13.1844,Chevrolet,Manual 5-spd,4.0,2.0
33142,Midsize Cars,Regular,Front-Wheel Drive,16.4805,Chevrolet,Automatic 3-spd,6.0,2.8
33143,Midsize Cars,Regular,Front-Wheel Drive,16.4805,Chevrolet,Manual 5-spd,6.0,2.8
33144,Midsize Cars,Regular,Front-Wheel Drive,14.3308695652174,Chrysler,Automatic 3-spd,4.0,2.2
33145,Midsize Cars,Regular,Front-Wheel Drive,13.1844,Chrysler,Manual 5-spd,4.0,2.2
33146,Midsize Cars,Premium,Front-Wheel Drive,15.6957142857143,Chrysler,Manual 5-spd,4.0,2.2
33147,Midsize Cars,Premium,Front-Wheel Drive,17.3478947368421,Chrysler,Automatic 3-spd,4.0,2.5
33148,Large Cars,Regular,Rear-Wheel Drive,41.20125,Rolls-Royce,Automatic 3-spd,8.0,6.8
33149,Midsize Cars,Regular,Front-Wheel Drive,14.9822727272727,Chrysler,Automatic 3-spd,4.0,2.5
33150,Midsize Cars,Premium,Front-Wheel Drive,15.6957142857143,Chrysler,Manual 5-spd,4.0,2.5
33151,Midsize Cars,Regular,Front-Wheel Drive,13.73375,Chrysler,Manual 5-spd,4.0,2.5
33152,Midsize Cars,Regular,Front-Wheel Drive,17.3478947368421,Chrysler,Automatic 4-spd,6.0,3.0
33153,Midsize Cars,Premium,Rear-Wheel Drive,19.3888235294118,Chrysler,Automatic 3-spd,8.0,5.2
33154,Midsize Cars,Premium,Front-Wheel Drive,17.3478947368421,Nissan,Automatic 4-spd,6.0,3.0
33155,Midsize Cars,Premium,Front-Wheel Drive,16.4805,Nissan,Manual 5-spd,6.0,3.0
33156,Midsize Cars,Regular,Front-Wheel Drive,13.73375,Dodge,Automatic 3-spd,4.0,2.2
33157,Midsize Cars,Regular,Front-Wheel Drive,13.1844,Dodge,Manual 5-spd,4.0,2.2
33158,Midsize Cars,Regular,Front-Wheel Drive,14.3308695652174,Dodge,Automatic 3-spd,4.0,2.5
33159,Subcompact Cars,Regular,Rear-Wheel Drive,14.3308695652174,BMW,Manual 5-spd,4.0,1.8
33160,Small Station Wagons,Regular,Front-Wheel Drive,13.73375,Buick,Automatic 3-spd,4.0,1.8
33161,Midsize Cars,Premium,Rear-Wheel Drive,23.5435714285714,Dodge,Automatic 3-spd,8.0,5.2
33162,Midsize Cars,Premium,Rear-Wheel Drive,19.3888235294118,Dodge,Automatic 3-spd,8.0,5.2
33163,Midsize Cars,Premium,Rear-Wheel Drive,27.4675,Dodge,Automatic 3-spd,8.0,5.2
33164,Midsize Cars,Regular,Front-Wheel Drive,14.9822727272727,Dodge,Automatic 3-spd,4.0,2.5
33165,Midsize Cars,Regular,Front-Wheel Drive,17.3478947368421,Dodge,Automatic 4-spd,6.0,3.0
33166,Midsize Cars,Regular,Front-Wheel Drive,14.3308695652174,Dodge,Automatic 3-spd,4.0,2.2
33167,Midsize Cars,Regular,Front-Wheel Drive,13.1844,Dodge,Manual 5-spd,4.0,2.2
33168,Midsize Cars,Premium,Front-Wheel Drive,15.6957142857143,Dodge,Manual 5-spd,4.0,2.2
33169,Midsize Cars,Premium,Front-Wheel Drive,17.3478947368421,Dodge,Automatic 3-spd,4.0,2.5
33170,Midsize Cars,Regular,Front-Wheel Drive,14.9822727272727,Dodge,Automatic 3-spd,4.0,2.5
33171,Small Station Wagons,Regular,Front-Wheel Drive,12.6773076923077,Buick,Manual 5-spd,4.0,1.8
33172,Midsize Cars,Premium,Front-Wheel Drive,15.6957142857143,Dodge,Manual 5-spd,4.0,2.5
33173,Midsize Cars,Regular,Front-Wheel Drive,13.73375,Dodge,Manual 5-spd,4.0,2.5
33174,Midsize Cars,Regular,Front-Wheel Drive,14.3308695652174,Dodge,Automatic 3-spd,4.0,2.2
33175,Midsize Cars,Premium,Front-Wheel Drive,17.3478947368421,Dodge,Automatic 3-spd,4.0,2.5
33176,Midsize Cars,Regular,Front-Wheel Drive,14.9822727272727,Dodge,Automatic 3-spd,4.0,2.5
33177,Midsize Cars,Regular,Front-Wheel Drive,13.73375,Dodge,Manual 5-spd,4.0,2.5
33178,Midsize Cars,Premium,Front-Wheel Drive,15.6957142857143,Dodge,Manual 5-spd,4.0,2.5
33179,Midsize Cars,Regular,Front-Wheel Drive,17.3478947368421,Dodge,Automatic 4-spd,6.0,3.0
33180,Midsize Cars,Regular,Front-Wheel Drive,14.3308695652174,Dodge,Automatic 3-spd,4.0,2.2
33181,Midsize Cars,Premium,Front-Wheel Drive,17.3478947368421,Dodge,Automatic 3-spd,4.0,2.5
33182,Small Station Wagons,Regular,Front-Wheel Drive,13.73375,Buick,Automatic 3-spd,4.0,2.0
33183,Midsize Cars,Regular,Front-Wheel Drive,14.9822727272727,Dodge,Automatic 3-spd,4.0,2.5
33184,Midsize Cars,Regular,Front-Wheel Drive,15.6957142857143,Eagle,Automatic 3-spd,4.0,2.2
33185,Midsize Cars,Regular,Front-Wheel Drive,13.73375,Eagle,Manual 5-spd,4.0,2.2
33186,Midsize Cars,Regular,Front-Wheel Drive,15.6957142857143,Ford,Automatic 3-spd,4.0,2.5
33187,Midsize Cars,Regular,Front-Wheel Drive,15.6957142857143,Ford,Automatic 4-spd,6.0,3.0
33188,Midsize Cars,Premium,Front-Wheel Drive,17.3478947368421,Ford,Manual 5-spd,6.0,3.0
33189,Midsize Cars,Regular,Front-Wheel Drive,16.4805,Ford,Automatic 4-spd,6.0,3.8
33190,Midsize Cars,Premium,Rear-Wheel Drive,19.3888235294118,Ford,Automatic 4-spd,6.0,3.8
33191,Midsize Cars,Regular,Rear-Wheel Drive,16.4805,Ford,Automatic 4-spd,6.0,3.8
33192,Midsize Cars,Premium,Rear-Wheel Drive,18.3116666666667,Ford,Manual 5-spd,6.0,3.8
33193,Small Station Wagons,Regular,Front-Wheel Drive,12.6773076923077,Buick,Manual 4-spd,4.0,2.0
33194,Midsize Cars,Regular,Front-Wheel Drive,15.6957142857143,Hyundai,Manual 5-spd,4.0,2.4
33195,Midsize Cars,Regular,Front-Wheel Drive,16.4805,Hyundai,Automatic 4-spd,4.0,2.4
33196,Midsize Cars,Regular,Front-Wheel Drive,18.3116666666667,Hyundai,Automatic 4-spd,6.0,3.0
33197,Midsize Cars,Regular,Rear-Wheel Drive,16.4805,Mercury,Automatic 4-spd,6.0,3.8
33198,Midsize Cars,Premium,Rear-Wheel Drive,19.3888235294118,Mercury,Automatic 4-spd,6.0,3.8
33199,Midsize Cars,Premium,Rear-Wheel Drive,18.3116666666667,Mercury,Manual 5-spd,6.0,3.8
33200,Midsize Cars,Regular,Rear-Wheel Drive,18.3116666666667,Lincoln,Automatic 4-spd,8.0,5.0
33201,Midsize Cars,Regular,Front-Wheel Drive,15.6957142857143,Mercury,Automatic 4-spd,6.0,3.0
33202,Midsize Cars,Regular,Front-Wheel Drive,16.4805,Mercury,Automatic 4-spd,6.0,3.8
33203,Midsize Cars,Regular,Rear-Wheel Drive,19.3888235294118,Merkur,Automatic 4-spd,6.0,2.9
33204,Small Station Wagons,Regular,Front-Wheel Drive,13.73375,Chevrolet,Automatic 3-spd,4.0,2.0
33205,Midsize Cars,Regular,Rear-Wheel Drive,18.3116666666667,Merkur,Manual 5-spd,6.0,2.9
33206,Midsize Cars,Premium,Rear-Wheel Drive,23.5435714285714,Maserati,Automatic 4-spd,6.0,2.8
33207,Midsize Cars,Premium,Rear-Wheel Drive,23.5435714285714,Maserati,Manual 5-spd,6.0,2.8
33208,Midsize Cars,Regular,Front-Wheel Drive,14.9822727272727,Mazda,Automatic 4-spd,4.0,2.2
33209,Midsize Cars,Premium,Front-Wheel Drive,17.3478947368421,Mazda,Automatic 4-spd,4.0,2.2
33210,Midsize Cars,Regular,Front-Wheel Drive,13.73375,Mazda,Manual 5-spd,4.0,2.2
33211,Midsize Cars,Premium,Front-Wheel Drive,15.6957142857143,Mazda,Manual 5-spd,4.0,2.2
33212,Midsize Cars,Regular,Rear-Wheel Drive,17.3478947368421,Mazda,Automatic 4-spd,6.0,3.0
33213,Midsize Cars,Regular,Rear-Wheel Drive,18.3116666666667,Mazda,Manual 5-spd,6.0,3.0
33214,Midsize Cars,Premium,Rear-Wheel Drive,20.600625,Mercedes-Benz,Automatic 4-spd,6.0,3.0
33215,Small Station Wagons,Regular,Front-Wheel Drive,12.6773076923077,Chevrolet,Manual 4-spd,4.0,2.0
33216,Midsize Cars,Premium,Rear-Wheel Drive,21.974,Mercedes-Benz,Automatic 4-spd,8.0,4.2
33217,Midsize Cars,Premium,Rear-Wheel Drive,25.3546153846154,Mercedes-Benz,Automatic 4-spd,8.0,5.6
33218,Midsize Cars,Regular,Front-Wheel Drive,14.3308695652174,Oldsmobile,Automatic 3-spd,4.0,2.5
33219,Midsize Cars,Regular,Front-Wheel Drive,16.4805,Oldsmobile,Automatic 3-spd,6.0,2.8
33220,Midsize Cars,Regular,Front-Wheel Drive,15.6957142857143,Oldsmobile,Automatic 4-spd,6.0,2.8
33221,Midsize Cars,Regular,Front-Wheel Drive,15.6957142857143,Oldsmobile,Automatic 4-spd,6.0,3.3
33222,Midsize Cars,Regular,Front-Wheel Drive,15.6957142857143,Oldsmobile,Automatic 4-spd,6.0,2.8
33223,Midsize Cars,Regular,Front-Wheel Drive,16.4805,Oldsmobile,Manual 5-spd,6.0,2.8
33224,Midsize Cars,Regular,Front-Wheel Drive,16.4805,Oldsmobile,Automatic 4-spd,6.0,3.1
33225,Midsize Cars,Regular,Front-Wheel Drive,16.4805,Oldsmobile,Automatic 4-spd,6.0,3.8
33226,Small Station Wagons,Regular,Front-Wheel Drive,13.73375,Chevrolet,Manual 5-spd,4.0,2.0
33227,Midsize Cars,Regular,Front-Wheel Drive,14.3308695652174,Plymouth,Automatic 3-spd,4.0,2.2
33228,Midsize Cars,Premium,Front-Wheel Drive,17.3478947368421,Plymouth,Automatic 3-spd,4.0,2.5
33229,Midsize Cars,Regular,Front-Wheel Drive,14.9822727272727,Plymouth,Automatic 3-spd,4.0,2.5
33230,Midsize Cars,Premium,Front-Wheel Drive,15.6957142857143,Plymouth,Manual 5-spd,4.0,2.5
33231,Midsize Cars,Regular,Front-Wheel Drive,13.73375,Plymouth,Manual 5-spd,4.0,2.5
33232,Midsize Cars,Regular,Front-Wheel Drive,17.3478947368421,Plymouth,Automatic 4-spd,6.0,3.0
33233,Midsize Cars,Regular,Front-Wheel Drive,14.3308695652174,Plymouth,Automatic 3-spd,4.0,2.2
33234,Midsize Cars,Premium,Front-Wheel Drive,17.3478947368421,Plymouth,Automatic 3-spd,4.0,2.5
33235,Midsize Cars,Regular,Front-Wheel Drive,14.9822727272727,Plymouth,Automatic 3-spd,4.0,2.5
33236,Midsize Cars,Premium,Rear-Wheel Drive,23.5435714285714,Plymouth,Automatic 3-spd,8.0,5.2
33237,Small Station Wagons,Regular,Front-Wheel Drive,17.3478947368421,Chevrolet,Automatic 3-spd,6.0,2.8
33238,Midsize Cars,Premium,Rear-Wheel Drive,19.3888235294118,Plymouth,Automatic 3-spd,8.0,5.2
33239,Midsize Cars,Premium,Rear-Wheel Drive,27.4675,Plymouth,Automatic 3-spd,8.0,5.2
33240,Midsize Cars,Regular,Front-Wheel Drive,13.73375,Plymouth,Automatic 3-spd,4.0,2.2
33241,Midsize Cars,Regular,Front-Wheel Drive,13.1844,Plymouth,Manual 5-spd,4.0,2.2
33242,Midsize Cars,Regular,Front-Wheel Drive,14.3308695652174,Plymouth,Automatic 3-spd,4.0,2.5
33243,Midsize Cars,Regular,Front-Wheel Drive,15.6957142857143,Pontiac,Automatic 4-spd,6.0,2.8
33244,Midsize Cars,Regular,Front-Wheel Drive,16.4805,Pontiac,Manual 5-spd,6.0,2.8
33245,Midsize Cars,Regular,Front-Wheel Drive,16.4805,Pontiac,Automatic 4-spd,6.0,3.1
33246,Midsize Cars,Regular,Front-Wheel Drive,14.3308695652174,Pontiac,Automatic 3-spd,4.0,2.5
33247,Midsize Cars,Regular,Front-Wheel Drive,16.4805,Pontiac,Automatic 3-spd,6.0,2.8
33248,Small Station Wagons,Regular,Front-Wheel Drive,18.3116666666667,Chevrolet,Manual 4-spd,6.0,2.8
33249,Midsize Cars,Regular,Front-Wheel Drive,15.6957142857143,Pontiac,Automatic 4-spd,6.0,2.8
33250,Midsize Cars,Regular,4-Wheel or All-Wheel Drive,18.3116666666667,Pontiac,Automatic 3-spd,6.0,3.1
33251,Midsize Cars,Regular,Rear-Wheel Drive,32.961,Rolls-Royce,Automatic 3-spd,8.0,6.8
33252,Midsize Cars,Premium,Rear-Wheel Drive,32.961,Rolls-Royce,Automatic 3-spd,8.0,6.8
33253,Midsize Cars,Regular,Rear-Wheel Drive,32.961,Rolls-Royce,Automatic 3-spd,8.0,6.8
33254,Midsize Cars,Regular,Rear-Wheel Drive,18.3116666666667,Volvo,Automatic 4-spd,4.0,2.3
33255,Midsize Cars,Regular,Rear-Wheel Drive,17.3478947368421,Volvo,Automatic 4-spd,4.0,2.3
33256,Midsize Cars,Regular,Rear-Wheel Drive,16.4805,Volvo,Automatic 4-spd,4.0,2.3
33257,Midsize Cars,Regular,Rear-Wheel Drive,18.3116666666667,Volvo,Automatic 4-spd,4.0,2.3
33258,Midsize Cars,Regular,Rear-Wheel Drive,17.3478947368421,Volvo,Manual 4-spd,4.0,2.3
33259,Small Station Wagons,Regular,Front-Wheel Drive,19.3888235294118,Nissan,Automatic 4-spd,6.0,3.0
33260,Midsize Cars,Regular,Rear-Wheel Drive,16.4805,Volvo,Manual 4-spd,4.0,2.3
33261,Midsize Cars,Regular,Rear-Wheel Drive,15.6957142857143,Volvo,Manual 5-spd,4.0,2.3
33262,Midsize Cars,Regular,Rear-Wheel Drive,15.6957142857143,Volvo,Manual 5-spd,4.0,2.3
33263,Midsize Cars,Regular,Rear-Wheel Drive,18.3116666666667,Volvo,Automatic 4-spd,4.0,2.3
33264,Midsize Cars,Regular,Rear-Wheel Drive,19.3888235294118,Volvo,Automatic 4-spd,6.0,2.8
33265,Large Cars,Regular,Front-Wheel Drive,16.4805,Buick,Automatic 4-spd,6.0,3.8
33266,Large Cars,Regular,Front-Wheel Drive,16.4805,Buick,Automatic 4-spd,6.0,3.8
33267,Large Cars,Regular,Rear-Wheel Drive,18.3116666666667,Cadillac,Automatic 4-spd,8.0,5.0
33268,Large Cars,Regular,Front-Wheel Drive,18.3116666666667,Cadillac,Automatic 4-spd,8.0,4.5
33269,Large Cars,Regular,Rear-Wheel Drive,16.4805,Chevrolet,Automatic 4-spd,6.0,4.3
33270,Subcompact Cars,Regular,Rear-Wheel Drive,15.6957142857143,BMW,Automatic 4-spd,6.0,2.7
33271,Small Station Wagons,Regular,Front-Wheel Drive,13.1844,Nissan,Automatic 3-spd,4.0,1.6
33272,Large Cars,Regular,Rear-Wheel Drive,18.3116666666667,Chevrolet,Automatic 4-spd,8.0,5.0
33273,Large Cars,Regular,Rear-Wheel Drive,21.974,Chevrolet,Automatic 4-spd,8.0,5.7
33274,Large Cars,Regular,Front-Wheel Drive,17.3478947368421,Chrysler,Automatic 4-spd,6.0,3.0
33275,Large Cars,Regular,Front-Wheel Drive,14.9822727272727,Eagle,Automatic 4-spd,4.0,2.5
33276,Large Cars,Regular,Front-Wheel Drive,17.3478947368421,Eagle,Automatic 4-spd,6.0,3.0
33277,Large Cars,Regular,Rear-Wheel Drive,18.3116666666667,Ford,Automatic 4-spd,8.0,5.0
33278,Large Cars,Regular,Rear-Wheel Drive,23.5435714285714,Ford,Automatic 4-spd,8.0,5.8
33279,Large Cars,Regular,Rear-Wheel Drive,21.974,Mercedes-Benz,Automatic 4-spd,6.0,3.0
33280,Large Cars,Regular,Front-Wheel Drive,18.3116666666667,Lincoln,Automatic 4-spd,6.0,3.8
33281,Large Cars,Regular,Rear-Wheel Drive,18.3116666666667,Mercury,Automatic 4-spd,8.0,5.0
33282,Small Station Wagons,Regular,Front-Wheel Drive,11.3658620689655,Nissan,Manual 5-spd,4.0,1.6
33283,Large Cars,Regular,Rear-Wheel Drive,18.3116666666667,Lincoln,Automatic 4-spd,8.0,5.0
33284,Large Cars,Regular,Front-Wheel Drive,16.4805,Oldsmobile,Automatic 4-spd,6.0,3.8
33285,Large Cars,Regular,Front-Wheel Drive,17.3478947368421,Oldsmobile,Automatic 4-spd,6.0,3.8
33286,Large Cars,Regular,Front-Wheel Drive,17.3478947368421,Pontiac,Automatic 4-spd,6.0,3.8
33287,Large Cars,Regular,Front-Wheel Drive,17.3478947368421,Saab,Automatic 4-spd,4.0,2.0
33288,Large Cars,Regular,Front-Wheel Drive,18.3116666666667,Saab,Automatic 4-spd,4.0,2.0
33289,Large Cars,Regular,Front-Wheel Drive,14.9822727272727,Saab,Manual 5-spd,4.0,2.0
33290,Large Cars,Regular,Front-Wheel Drive,14.9822727272727,Saab,Manual 5-spd,4.0,2.0
33291,Small Station Wagons,Regular,Front-Wheel Drive,13.1844,Buick,Automatic 3-spd,4.0,2.0
33292,Small Station Wagons,Regular,Front-Wheel Drive,12.6773076923077,Buick,Manual 5-spd,4.0,2.0
33293,Small Station Wagons,Regular,Front-Wheel Drive,14.9822727272727,Dodge,Automatic 3-spd,4.0,2.0
33294,Small Station Wagons,Regular,Front-Wheel Drive,13.1844,Chevrolet,Automatic 3-spd,4.0,2.0
33295,Small Station Wagons,Regular,Front-Wheel Drive,12.6773076923077,Chevrolet,Manual 5-spd,4.0,2.0
33296,Small Station Wagons,Regular,Front-Wheel Drive,16.4805,Chevrolet,Automatic 3-spd,6.0,2.8
33297,Small Station Wagons,Regular,Front-Wheel Drive,16.4805,Chevrolet,Manual 5-spd,6.0,2.8
33298,Small Station Wagons,Regular,Front-Wheel Drive,13.1844,Nissan,Automatic 3-spd,4.0,1.6
33299,Small Station Wagons,Regular,Front-Wheel Drive,12.2077777777778,Nissan,Manual 5-spd,4.0,1.6
33300,Small Station Wagons,Regular,4-Wheel or All-Wheel Drive,15.6957142857143,Nissan,Automatic 3-spd,4.0,1.6
33301,Small Station Wagons,Regular,4-Wheel or All-Wheel Drive,13.73375,Nissan,Manual 5-spd,4.0,1.6
33302,Small Station Wagons,Regular,Front-Wheel Drive,16.4805,Dodge,Automatic 3-spd,4.0,2.0
33303,Small Station Wagons,Regular,Front-Wheel Drive,14.9822727272727,Dodge,Manual 5-spd,4.0,2.0
33304,Small Station Wagons,Regular,Front-Wheel Drive,13.73375,Dodge,Manual 5-spd,4.0,2.0
33305,Small Station Wagons,Regular,Front-Wheel Drive,13.1844,Dodge,Automatic 3-spd,4.0,1.5
33306,Small Station Wagons,Regular,Front-Wheel Drive,11.7717857142857,Dodge,Manual 5-spd,4.0,1.5
33307,Small Station Wagons,Regular,Front-Wheel Drive,13.73375,Ford,Automatic 3-spd,4.0,1.9
33308,Small Station Wagons,Regular,Front-Wheel Drive,12.2077777777778,Ford,Manual 5-spd,4.0,1.9
33309,Small Station Wagons,Regular,Front-Wheel Drive,12.6773076923077,Honda,Automatic 4-spd,4.0,1.5
33310,Small Station Wagons,Regular,Front-Wheel Drive,11.3658620689655,Honda,Manual 5-spd,4.0,1.5
33311,Small Station Wagons,Regular,4-Wheel or All-Wheel Drive,14.3308695652174,Honda,Automatic 4-spd,4.0,1.6
33312,Small Station Wagons,Regular,4-Wheel or All-Wheel Drive,14.3308695652174,Honda,Manual 5-spd,4.0,1.6
33313,Small Station Wagons,Regular,Front-Wheel Drive,13.73375,Mercury,Automatic 3-spd,4.0,1.6
33314,Small Station Wagons,Regular,Front-Wheel Drive,12.2077777777778,Mercury,Manual 5-spd,4.0,1.6
33315,Small Station Wagons,Regular,Front-Wheel Drive,13.73375,Ford,Automatic 3-spd,4.0,1.6
33316,Small Station Wagons,Regular,Front-Wheel Drive,14.3308695652174,Mazda,Automatic 3-spd,4.0,1.6
33317,Small Station Wagons,Regular,Front-Wheel Drive,12.2077777777778,Mazda,Manual 5-spd,4.0,1.6
33318,Small Station Wagons,Regular,Front-Wheel Drive,13.1844,Mitsubishi,Automatic 3-spd,4.0,1.5
33319,Small Station Wagons,Regular,Front-Wheel Drive,11.7717857142857,Mitsubishi,Manual 5-spd,4.0,1.5
33320,Small Station Wagons,Regular,Front-Wheel Drive,16.4805,Mitsubishi,Automatic 3-spd,4.0,2.0
33321,Small Station Wagons,Regular,Front-Wheel Drive,16.4805,Plymouth,Automatic 3-spd,4.0,2.0
33322,Small Station Wagons,Regular,Front-Wheel Drive,14.9822727272727,Plymouth,Manual 5-spd,4.0,2.0
33323,Small Station Wagons,Regular,Front-Wheel Drive,13.1844,Plymouth,Automatic 3-spd,4.0,1.5
33324,Small Station Wagons,Regular,Front-Wheel Drive,11.7717857142857,Plymouth,Manual 5-spd,4.0,1.5
33325,Small Station Wagons,Regular,Front-Wheel Drive,16.4805,Subaru,Automatic 3-spd,4.0,1.8
33326,Small Station Wagons,Regular,Front-Wheel Drive,12.2077777777778,Ford,Manual 4-spd,4.0,1.6
33327,Small Station Wagons,Regular,Front-Wheel Drive,14.3308695652174,Subaru,Automatic 3-spd,4.0,1.8
33328,Small Station Wagons,Regular,Front-Wheel Drive,13.73375,Subaru,Manual 5-spd,4.0,1.8
33329,Small Station Wagons,Regular,4-Wheel or All-Wheel Drive,16.4805,Subaru,Automatic 4-spd,4.0,1.8
33330,Small Station Wagons,Regular,4-Wheel or All-Wheel Drive,15.6957142857143,Subaru,Manual 5-spd,4.0,1.8
33331,Small Station Wagons,Regular,Front-Wheel Drive,13.73375,Toyota,Automatic 4-spd,4.0,2.0
33332,Small Station Wagons,Regular,Front-Wheel Drive,13.1844,Toyota,Manual 5-spd,4.0,2.0
33333,Small Station Wagons,Regular,Front-Wheel Drive,17.3478947368421,Toyota,Automatic 4-spd,6.0,2.5
33334,Small Station Wagons,Regular,4-Wheel or All-Wheel Drive,14.3308695652174,Toyota,Automatic 4-spd,4.0,1.6
33335,Small Station Wagons,Regular,4-Wheel or All-Wheel Drive,14.9822727272727,Toyota,Manual 5-spd,4.0,1.6
33336,Small Station Wagons,Regular,Front-Wheel Drive,13.1844,Toyota,Automatic 3-spd,4.0,1.6
33337,Small Station Wagons,Regular,Front-Wheel Drive,12.6773076923077,Ford,Manual 5-spd,4.0,1.6
33338,Small Station Wagons,Regular,Front-Wheel Drive,11.7717857142857,Toyota,Manual 5-spd,4.0,1.6
33339,Small Station Wagons,Regular,Front-Wheel Drive,13.73375,Volkswagen,Manual 4-spd,4.0,1.8
33340,Midsize-Large Station Wagons,Regular,Front-Wheel Drive,18.3116666666667,Audi,Automatic 3-spd,5.0,2.3
33341,Midsize-Large Station Wagons,Regular,Front-Wheel Drive,17.3478947368421,Audi,Manual 5-spd,5.0,2.3
33342,Midsize-Large Station Wagons,Regular,4-Wheel or All-Wheel Drive,18.3116666666667,Audi,Manual 5-spd,5.0,2.2
33343,Midsize-Large Station Wagons,Regular,Front-Wheel Drive,13.73375,Buick,Automatic 3-spd,4.0,2.5
33344,Midsize-Large Station Wagons,Regular,Front-Wheel Drive,15.6957142857143,Buick,Automatic 4-spd,6.0,2.8
33345,Midsize-Large Station Wagons,Regular,Front-Wheel Drive,17.3478947368421,Buick,Automatic 3-spd,6.0,3.3
33346,Midsize-Large Station Wagons,Regular,Front-Wheel Drive,16.4805,Buick,Automatic 4-spd,6.0,3.3
33347,Midsize-Large Station Wagons,Regular,Front-Wheel Drive,14.3308695652174,Chevrolet,Automatic 3-spd,4.0,2.5
33348,Small Station Wagons,Regular,Front-Wheel Drive,14.3308695652174,Ford,Automatic 3-spd,4.0,1.6
33349,Midsize-Large Station Wagons,Regular,Front-Wheel Drive,15.6957142857143,Chevrolet,Automatic 4-spd,6.0,2.8
33350,Midsize-Large Station Wagons,Premium,Front-Wheel Drive,20.600625,CX Automotive,Automatic 3-spd,4.0,2.5
33351,Midsize-Large Station Wagons,Regular,Front-Wheel Drive,15.6957142857143,Eagle,Automatic 3-spd,4.0,2.2
33352,Midsize-Large Station Wagons,Regular,Front-Wheel Drive,13.73375,Eagle,Manual 5-spd,4.0,2.2
33353,Midsize-Large Station Wagons,Regular,Front-Wheel Drive,15.6957142857143,Ford,Automatic 4-spd,6.0,3.0
33354,Midsize-Large Station Wagons,Regular,Front-Wheel Drive,16.4805,Ford,Automatic 4-spd,6.0,3.8
33355,Midsize-Large Station Wagons,Regular,Front-Wheel Drive,17.3478947368421,Ford,Automatic 4-spd,6.0,3.0
33356,Midsize-Large Station Wagons,Regular,Front-Wheel Drive,18.3116666666667,Ford,Automatic 4-spd,6.0,3.8
33357,Midsize-Large Station Wagons,Regular,Front-Wheel Drive,15.6957142857143,Mercury,Automatic 4-spd,6.0,3.0
33358,Midsize-Large Station Wagons,Regular,Front-Wheel Drive,16.4805,Mercury,Automatic 4-spd,6.0,3.8
33359,Small Station Wagons,Regular,Front-Wheel Drive,13.1844,Ford,Manual 5-spd,4.0,1.6
33360,Midsize-Large Station Wagons,Regular,Front-Wheel Drive,17.3478947368421,Mercury,Automatic 4-spd,6.0,3.0
33361,Midsize-Large Station Wagons,Regular,Front-Wheel Drive,18.3116666666667,Mercury,Automatic 4-spd,6.0,3.8
33362,Midsize-Large Station Wagons,Premium,Rear-Wheel Drive,19.3888235294118,Mercedes-Benz,Automatic 4-spd,6.0,3.0
33363,Midsize-Large Station Wagons,Regular,Front-Wheel Drive,13.73375,Oldsmobile,Automatic 3-spd,4.0,2.5
33364,Midsize-Large Station Wagons,Regular,Front-Wheel Drive,15.6957142857143,Oldsmobile,Automatic 4-spd,6.0,2.8
33365,Midsize-Large Station Wagons,Regular,Front-Wheel Drive,16.4805,Oldsmobile,Automatic 4-spd,6.0,3.3
33366,Midsize-Large Station Wagons,Premium,Rear-Wheel Drive,18.3116666666667,Peugeot,Automatic 4-spd,4.0,2.1
33367,Midsize-Large Station Wagons,Regular,Rear-Wheel Drive,18.3116666666667,Peugeot,Automatic 4-spd,4.0,2.2
33368,Midsize-Large Station Wagons,Regular,Rear-Wheel Drive,18.3116666666667,Peugeot,Manual 5-spd,4.0,2.2
33369,Midsize-Large Station Wagons,Regular,Front-Wheel Drive,13.73375,Pontiac,Automatic 3-spd,4.0,2.5
33370,Small Station Wagons,Regular,Front-Wheel Drive,13.1844,Ford,Automatic 3-spd,4.0,1.9
33371,Midsize-Large Station Wagons,Regular,Front-Wheel Drive,15.6957142857143,Pontiac,Automatic 4-spd,6.0,2.8
33372,Midsize-Large Station Wagons,Regular,Rear-Wheel Drive,18.3116666666667,Volvo,Automatic 4-spd,4.0,2.3
33373,Midsize-Large Station Wagons,Regular,Rear-Wheel Drive,17.3478947368421,Volvo,Automatic 4-spd,4.0,2.3
33374,Midsize-Large Station Wagons,Regular,Rear-Wheel Drive,16.4805,Volvo,Manual 5-spd,4.0,2.3
33375,Midsize-Large Station Wagons,Regular,Rear-Wheel Drive,15.6957142857143,Volvo,Manual 5-spd,4.0,2.3
33376,Midsize-Large Station Wagons,Regular,Rear-Wheel Drive,18.3116666666667,Volvo,Automatic 4-spd,4.0,2.3
33377,Midsize-Large Station Wagons,Regular,Rear-Wheel Drive,16.4805,Volvo,Automatic 4-spd,4.0,2.3
33378,Midsize-Large Station Wagons,Regular,Rear-Wheel Drive,17.3478947368421,Volvo,Automatic 4-spd,4.0,2.3
33379,Midsize-Large Station Wagons,Regular,Rear-Wheel Drive,17.3478947368421,Volvo,Automatic 4-spd,4.0,2.3
33380,Midsize-Large Station Wagons,Regular,Rear-Wheel Drive,18.3116666666667,Volvo,Automatic 4-spd,4.0,2.3
33381,Subcompact Cars,Regular,Rear-Wheel Drive,15.6957142857143,BMW,Manual 5-spd,6.0,2.7
33382,Small Station Wagons,Regular,Front-Wheel Drive,10.3003125,Ford,Manual 4-spd,4.0,1.9
33383,Midsize-Large Station Wagons,Regular,Rear-Wheel Drive,17.3478947368421,Volvo,Manual 4-spd,4.0,2.3
33384,Midsize-Large Station Wagons,Regular,Rear-Wheel Drive,16.4805,Volvo,Manual 4-spd,4.0,2.3
33385,Midsize-Large Station Wagons,Regular,Rear-Wheel Drive,15.6957142857143,Volvo,Manual 5-spd,4.0,2.3
33386,Midsize-Large Station Wagons,Regular,Rear-Wheel Drive,16.4805,Volvo,Manual 5-spd,4.0,2.3
33387,Midsize-Large Station Wagons,Regular,Rear-Wheel Drive,18.3116666666667,Volvo,Automatic 4-spd,4.0,2.3
33388,Midsize-Large Station Wagons,Regular,Rear-Wheel Drive,18.3116666666667,Buick,Automatic 4-spd,8.0,5.0
33389,Midsize-Large Station Wagons,Regular,Rear-Wheel Drive,18.3116666666667,Chevrolet,Automatic 4-spd,8.0,5.0
33390,Midsize-Large Station Wagons,Regular,Rear-Wheel Drive,18.3116666666667,Ford,Automatic 4-spd,8.0,5.0
33391,Midsize-Large Station Wagons,Regular,Rear-Wheel Drive,18.3116666666667,Mercury,Automatic 4-spd,8.0,5.0
33392,Midsize-Large Station Wagons,Regular,Rear-Wheel Drive,18.3116666666667,Oldsmobile,Automatic 4-spd,8.0,5.0
33393,Small Station Wagons,Regular,Front-Wheel Drive,12.2077777777778,Ford,Manual 5-spd,4.0,1.9
33394,Midsize-Large Station Wagons,Regular,Rear-Wheel Drive,18.3116666666667,Pontiac,Automatic 4-spd,8.0,5.0
33395,Small Pickup Trucks,Regular,Rear-Wheel Drive,15.6957142857143,Chevrolet,Automatic 4-spd,4.0,2.5
33396,Small Pickup Trucks,Regular,Rear-Wheel Drive,14.9822727272727,Chevrolet,Manual 5-spd,4.0,2.5
33397,Small Pickup Trucks,Regular,Rear-Wheel Drive,17.3478947368421,Chevrolet,Manual 5-spd,6.0,2.8
33398,Small Pickup Trucks,Regular,Rear-Wheel Drive,18.3116666666667,Chevrolet,Automatic 4-spd,6.0,4.3
33399,Small Pickup Trucks,Regular,Rear-Wheel Drive,16.4805,Nissan,Automatic 4-spd,4.0,2.4
33400,Small Pickup Trucks,Regular,Rear-Wheel Drive,16.4805,Nissan,Manual 4-spd,4.0,2.4
33401,Small Pickup Trucks,Regular,Rear-Wheel Drive,15.6957142857143,Nissan,Manual 5-spd,4.0,2.4
33402,Small Pickup Trucks,Regular,Rear-Wheel Drive,19.3888235294118,Nissan,Automatic 4-spd,6.0,3.0
33403,Small Pickup Trucks,Regular,Rear-Wheel Drive,18.3116666666667,Nissan,Manual 5-spd,6.0,3.0
33404,Small Station Wagons,Diesel,Front-Wheel Drive,11.2407352941176,Ford,Manual 5-spd,4.0,2.0
33405,Small Pickup Trucks,Regular,Rear-Wheel Drive,14.9822727272727,Dodge,Automatic 4-spd,4.0,2.0
33406,Small Pickup Trucks,Regular,Rear-Wheel Drive,14.3308695652174,Dodge,Manual 5-spd,4.0,2.0
33407,Small Pickup Trucks,Regular,Rear-Wheel Drive,17.3478947368421,Dodge,Automatic 4-spd,4.0,2.6
33408,Small Pickup Trucks,Regular,Rear-Wheel Drive,16.4805,Dodge,Manual 5-spd,4.0,2.6
33409,Small Pickup Trucks,Regular,Rear-Wheel Drive,16.4805,Ford,Automatic 4-spd,4.0,2.2
33410,Small Pickup Trucks,Regular,Rear-Wheel Drive,16.4805,Ford,Manual 5-spd,4.0,2.2
33411,Small Pickup Trucks,Regular,Rear-Wheel Drive,17.3478947368421,Ford,Automatic 4-spd,4.0,2.3
33412,Small Pickup Trucks,Regular,Rear-Wheel Drive,14.9822727272727,Ford,Manual 5-spd,4.0,2.3
33413,Small Pickup Trucks,Regular,Rear-Wheel Drive,19.3888235294118,Ford,Automatic 4-spd,6.0,2.9
33414,Small Pickup Trucks,Regular,Rear-Wheel Drive,18.3116666666667,Ford,Manual 5-spd,6.0,2.9
33415,Small Station Wagons,Regular,Front-Wheel Drive,13.73375,Honda,Automatic 3-spd,4.0,1.5
33416,Small Pickup Trucks,Regular,Rear-Wheel Drive,15.6957142857143,GMC,Automatic 4-spd,4.0,2.5
33417,Small Pickup Trucks,Regular,Rear-Wheel Drive,14.9822727272727,GMC,Manual 5-spd,4.0,2.5
33418,Small Pickup Trucks,Regular,Rear-Wheel Drive,17.3478947368421,GMC,Manual 5-spd,6.0,2.8
33419,Small Pickup Trucks,Regular,Rear-Wheel Drive,18.3116666666667,GMC,Automatic 4-spd,6.0,4.3
33420,Small Pickup Trucks,Regular,Rear-Wheel Drive,16.4805,Isuzu,Manual 5-spd,4.0,2.3
33421,Small Pickup Trucks,Regular,Rear-Wheel Drive,17.3478947368421,Isuzu,Automatic 4-spd,4.0,2.6
33422,Small Pickup Trucks,Regular,Rear-Wheel Drive,17.3478947368421,Isuzu,Manual 5-spd,4.0,2.6
33423,Small Pickup Trucks,Regular,Rear-Wheel Drive,14.9822727272727,Mitsubishi,Automatic 4-spd,4.0,2.0
33424,Small Pickup Trucks,Regular,Rear-Wheel Drive,14.3308695652174,Mitsubishi,Manual 5-spd,4.0,2.0
33425,Small Pickup Trucks,Regular,Rear-Wheel Drive,17.3478947368421,Mitsubishi,Automatic 4-spd,4.0,2.6
33426,Small Station Wagons,Regular,Front-Wheel Drive,11.7717857142857,Honda,Manual 5-spd,4.0,1.5
33427,Small Pickup Trucks,Regular,Rear-Wheel Drive,16.4805,Mitsubishi,Manual 5-spd,4.0,2.6
33428,Small Pickup Trucks,Regular,Rear-Wheel Drive,16.4805,Mazda,Automatic 4-spd,4.0,2.2
33429,Small Pickup Trucks,Regular,Rear-Wheel Drive,16.4805,Mazda,Manual 4-spd,4.0,2.2
33430,Small Pickup Trucks,Regular,Rear-Wheel Drive,16.4805,Mazda,Manual 5-spd,4.0,2.2
33431,Small Pickup Trucks,Regular,Rear-Wheel Drive,16.4805,Toyota,Manual 4-spd,4.0,2.4
33432,Small Pickup Trucks,Regular,Rear-Wheel Drive,15.6957142857143,Toyota,Manual 4-spd,4.0,2.4
33433,Small Pickup Trucks,Regular,Rear-Wheel Drive,16.4805,Toyota,Manual 5-spd,4.0,2.4
33434,Small Pickup Trucks,Regular,Rear-Wheel Drive,15.6957142857143,Toyota,Automatic 4-spd,4.0,2.4
33435,Small Pickup Trucks,Regular,Rear-Wheel Drive,15.6957142857143,Toyota,Manual 5-spd,4.0,2.4
33436,Small Pickup Trucks,Regular,Rear-Wheel Drive,17.3478947368421,Toyota,Automatic 4-spd,6.0,3.0
33437,Small Station Wagons,Regular,4-Wheel or All-Wheel Drive,13.73375,Honda,Manual 5-spd,4.0,1.5
33438,Small Pickup Trucks,Regular,Rear-Wheel Drive,17.3478947368421,Toyota,Manual 5-spd,6.0,3.0
33439,Small Pickup Trucks,Regular,4-Wheel or All-Wheel Drive,16.4805,Ford,Manual 5-spd,4.0,2.3
33440,Small Pickup Trucks,Regular,4-Wheel or All-Wheel Drive,20.600625,Ford,Automatic 4-spd,6.0,2.9
33441,Small Pickup Trucks,Regular,4-Wheel or All-Wheel Drive,19.3888235294118,Ford,Manual 5-spd,6.0,2.9
33442,Small Pickup Trucks,Regular,4-Wheel or All-Wheel Drive,19.3888235294118,Mazda,Manual 5-spd,4.0,2.6
33443,Standard Pickup Trucks,Regular,Rear-Wheel Drive,21.974,Chevrolet,Automatic 3-spd,6.0,4.3
33444,Standard Pickup Trucks,Regular,Rear-Wheel Drive,19.3888235294118,Chevrolet,Automatic 4-spd,6.0,4.3
33445,Standard Pickup Trucks,Regular,Rear-Wheel Drive,19.3888235294118,Chevrolet,Manual 4-spd,6.0,4.3
33446,Standard Pickup Trucks,Regular,Rear-Wheel Drive,18.3116666666667,Chevrolet,Manual 5-spd,6.0,4.3
33447,Standard Pickup Trucks,Regular,Rear-Wheel Drive,25.3546153846154,Chevrolet,Automatic 3-spd,8.0,5.0
33448,Small Station Wagons,Regular,Front-Wheel Drive,13.73375,Mercury,Automatic 3-spd,4.0,1.6
33449,Standard Pickup Trucks,Regular,Rear-Wheel Drive,21.974,Chevrolet,Automatic 4-spd,8.0,5.0
33450,Standard Pickup Trucks,Regular,Rear-Wheel Drive,21.974,Chevrolet,Manual 5-spd,8.0,5.0
33451,Standard Pickup Trucks,Regular,Rear-Wheel Drive,21.974,Chevrolet,Automatic 4-spd,8.0,5.7
33452,Standard Pickup Trucks,Regular,Rear-Wheel Drive,23.5435714285714,Chevrolet,Manual 4-spd,8.0,5.7
33453,Standard Pickup Trucks,Regular,Rear-Wheel Drive,23.5435714285714,Chevrolet,Manual 5-spd,8.0,5.7
33454,Standard Pickup Trucks,Diesel,Rear-Wheel Drive,20.115,Chevrolet,Automatic 4-spd,8.0,6.2
33455,Standard Pickup Trucks,Diesel,Rear-Wheel Drive,22.4814705882353,Chevrolet,Manual 4-spd,8.0,6.2
33456,Standard Pickup Trucks,Regular,Rear-Wheel Drive,21.974,Chevrolet,Automatic 3-spd,6.0,4.3
33457,Standard Pickup Trucks,Regular,Rear-Wheel Drive,19.3888235294118,Chevrolet,Automatic 4-spd,6.0,4.3
33458,Standard Pickup Trucks,Regular,Rear-Wheel Drive,21.974,Chevrolet,Manual 4-spd,6.0,4.3
33459,Small Station Wagons,Regular,Front-Wheel Drive,12.2077777777778,Mercury,Manual 4-spd,4.0,1.6
33460,Standard Pickup Trucks,Regular,Rear-Wheel Drive,18.3116666666667,Chevrolet,Manual 5-spd,6.0,4.3
33461,Standard Pickup Trucks,Regular,Rear-Wheel Drive,27.4675,Chevrolet,Automatic 3-spd,8.0,5.0
33462,Standard Pickup Trucks,Regular,Rear-Wheel Drive,21.974,Chevrolet,Automatic 4-spd,8.0,5.0
33463,Standard Pickup Trucks,Regular,Rear-Wheel Drive,21.974,Chevrolet,Manual 5-spd,8.0,5.0
33464,Standard Pickup Trucks,Regular,Rear-Wheel Drive,21.974,Chevrolet,Automatic 4-spd,8.0,5.7
33465,Standard Pickup Trucks,Regular,Rear-Wheel Drive,23.5435714285714,Chevrolet,Manual 4-spd,8.0,5.7
33466,Standard Pickup Trucks,Regular,Rear-Wheel Drive,25.3546153846154,Chevrolet,Manual 5-spd,8.0,5.7
33467,Standard Pickup Trucks,Diesel,Rear-Wheel Drive,20.115,Chevrolet,Automatic 4-spd,8.0,6.2
33468,Standard Pickup Trucks,Diesel,Rear-Wheel Drive,23.8865625,Chevrolet,Manual 4-spd,8.0,6.2
33469,Standard Pickup Trucks,Regular,Rear-Wheel Drive,16.4805,Dodge,Automatic 4-spd,4.0,2.5
33470,Small Station Wagons,Regular,Front-Wheel Drive,12.6773076923077,Mercury,Manual 5-spd,4.0,1.6
33471,Standard Pickup Trucks,Regular,Rear-Wheel Drive,14.9822727272727,Dodge,Manual 5-spd,4.0,2.5
33472,Standard Pickup Trucks,Regular,Rear-Wheel Drive,21.974,Dodge,Automatic 4-spd,6.0,3.9
33473,Standard Pickup Trucks,Regular,Rear-Wheel Drive,19.3888235294118,Dodge,Manual 5-spd,6.0,3.9
33474,Standard Pickup Trucks,Regular,Rear-Wheel Drive,21.974,Dodge,Automatic 3-spd,6.0,3.9
33475,Standard Pickup Trucks,Regular,Rear-Wheel Drive,21.974,Dodge,Automatic 4-spd,6.0,3.9
33476,Standard Pickup Trucks,Regular,Rear-Wheel Drive,23.5435714285714,Dodge,Manual 4-spd,6.0,3.9
33477,Standard Pickup Trucks,Regular,Rear-Wheel Drive,23.5435714285714,Dodge,Manual 5-spd,6.0,3.9
33478,Standard Pickup Trucks,Regular,Rear-Wheel Drive,27.4675,Dodge,Automatic 3-spd,8.0,5.2
33479,Standard Pickup Trucks,Regular,Rear-Wheel Drive,23.5435714285714,Dodge,Automatic 3-spd,8.0,5.2
33480,Standard Pickup Trucks,Regular,Rear-Wheel Drive,25.3546153846154,Dodge,Automatic 4-spd,8.0,5.2
33481,Small Station Wagons,Regular,Front-Wheel Drive,13.1844,Mercury,Automatic 3-spd,4.0,1.9
33482,Standard Pickup Trucks,Regular,Rear-Wheel Drive,23.5435714285714,Dodge,Manual 4-spd,8.0,5.2
33483,Standard Pickup Trucks,Regular,Rear-Wheel Drive,25.3546153846154,Dodge,Manual 4-spd,8.0,5.2
33484,Standard Pickup Trucks,Regular,Rear-Wheel Drive,29.9645454545455,Dodge,Automatic 3-spd,8.0,5.9
33485,Standard Pickup Trucks,Regular,Rear-Wheel Drive,29.9645454545455,Dodge,Manual 4-spd,8.0,5.9
33486,Standard Pickup Trucks,Regular,Rear-Wheel Drive,23.5435714285714,Dodge,Automatic 3-spd,6.0,3.9
33487,Standard Pickup Trucks,Regular,Rear-Wheel Drive,23.5435714285714,Dodge,Manual 4-spd,6.0,3.9
33488,Standard Pickup Trucks,Regular,Rear-Wheel Drive,27.4675,Dodge,Automatic 3-spd,8.0,5.2
33489,Standard Pickup Trucks,Regular,Rear-Wheel Drive,25.3546153846154,Dodge,Automatic 4-spd,8.0,5.2
33490,Standard Pickup Trucks,Regular,Rear-Wheel Drive,25.3546153846154,Dodge,Manual 4-spd,8.0,5.2
33491,Standard Pickup Trucks,Regular,Rear-Wheel Drive,29.9645454545455,Dodge,Automatic 3-spd,8.0,5.9
33492,Two Seaters,Regular,Rear-Wheel Drive,19.3888235294118,Nissan,Automatic 4-spd,6.0,3.0
33493,Subcompact Cars,Regular,Rear-Wheel Drive,19.3888235294118,BMW,Automatic 4-spd,6.0,3.4
33494,Small Station Wagons,Regular,Front-Wheel Drive,10.3003125,Mercury,Manual 4-spd,4.0,1.9
33495,Standard Pickup Trucks,Regular,Rear-Wheel Drive,29.9645454545455,Dodge,Manual 4-spd,8.0,5.9
33496,Standard Pickup Trucks,Regular,Rear-Wheel Drive,18.3116666666667,Jeep,Automatic 4-spd,4.0,2.5
33497,Standard Pickup Trucks,Regular,Rear-Wheel Drive,15.6957142857143,Jeep,Manual 4-spd,4.0,2.5
33498,Standard Pickup Trucks,Regular,Rear-Wheel Drive,16.4805,Jeep,Manual 4-spd,4.0,2.5
33499,Standard Pickup Trucks,Regular,Rear-Wheel Drive,16.4805,Jeep,Manual 5-spd,4.0,2.5
33500,Standard Pickup Trucks,Regular,Rear-Wheel Drive,17.3478947368421,Jeep,Manual 5-spd,4.0,2.5
33501,Standard Pickup Trucks,Regular,Rear-Wheel Drive,20.600625,Jeep,Automatic 4-spd,6.0,4.0
33502,Standard Pickup Trucks,Regular,Rear-Wheel Drive,19.3888235294118,Jeep,Manual 5-spd,6.0,4.0
33503,Standard Pickup Trucks,Regular,Rear-Wheel Drive,23.5435714285714,Ford,Automatic 3-spd,6.0,4.9
33504,Standard Pickup Trucks,Regular,Rear-Wheel Drive,21.974,Ford,Manual 4-spd,6.0,4.9
33505,Small Station Wagons,Regular,Front-Wheel Drive,12.2077777777778,Mercury,Manual 5-spd,4.0,1.9
33506,Standard Pickup Trucks,Regular,Rear-Wheel Drive,21.974,Ford,Manual 5-spd,6.0,4.9
33507,Standard Pickup Trucks,Regular,Rear-Wheel Drive,21.974,Ford,Manual 5-spd,6.0,4.9
33508,Standard Pickup Trucks,Regular,Rear-Wheel Drive,25.3546153846154,Ford,Automatic 3-spd,8.0,5.0
33509,Standard Pickup Trucks,Regular,Rear-Wheel Drive,23.5435714285714,Ford,Automatic 4-spd,8.0,5.0
33510,Standard Pickup Trucks,Regular,Rear-Wheel Drive,25.3546153846154,Ford,Manual 4-spd,8.0,5.0
33511,Standard Pickup Trucks,Regular,Rear-Wheel Drive,23.5435714285714,Ford,Manual 5-spd,8.0,5.0
33512,Standard Pickup Trucks,Regular,Rear-Wheel Drive,29.9645454545455,Ford,Automatic 3-spd,8.0,5.8
33513,Standard Pickup Trucks,Regular,Rear-Wheel Drive,23.5435714285714,Ford,Automatic 3-spd,6.0,4.9
33514,Standard Pickup Trucks,Regular,Rear-Wheel Drive,21.974,Ford,Manual 4-spd,6.0,4.9
33515,Standard Pickup Trucks,Regular,Rear-Wheel Drive,21.974,Ford,Manual 5-spd,6.0,4.9
33516,Small Station Wagons,Diesel,Front-Wheel Drive,11.2407352941176,Mercury,Manual 5-spd,4.0,2.0
33517,Standard Pickup Trucks,Regular,Rear-Wheel Drive,21.974,Ford,Manual 5-spd,6.0,4.9
33518,Standard Pickup Trucks,Regular,Rear-Wheel Drive,23.5435714285714,Ford,Automatic 4-spd,8.0,5.0
33519,Standard Pickup Trucks,Regular,Rear-Wheel Drive,25.3546153846154,Ford,Manual 4-spd,8.0,5.0
33520,Standard Pickup Trucks,Regular,Rear-Wheel Drive,23.5435714285714,Ford,Manual 5-spd,8.0,5.0
33521,Standard Pickup Trucks,Regular,Rear-Wheel Drive,29.9645454545455,Ford,Automatic 3-spd,8.0,5.8
33522,Standard Pickup Trucks,Regular,Rear-Wheel Drive,21.974,GMC,Automatic 3-spd,6.0,4.3
33523,Standard Pickup Trucks,Regular,Rear-Wheel Drive,19.3888235294118,GMC,Automatic 4-spd,6.0,4.3
33524,Standard Pickup Trucks,Regular,Rear-Wheel Drive,19.3888235294118,GMC,Manual 4-spd,6.0,4.3
33525,Standard Pickup Trucks,Regular,Rear-Wheel Drive,18.3116666666667,GMC,Manual 5-spd,6.0,4.3
33526,Standard Pickup Trucks,Regular,Rear-Wheel Drive,25.3546153846154,GMC,Automatic 3-spd,8.0,5.0
33527,Small Station Wagons,Regular,Rear-Wheel Drive,16.4805,Mazda,Automatic 3-spd,4.0,1.5
33528,Standard Pickup Trucks,Regular,Rear-Wheel Drive,21.974,GMC,Automatic 4-spd,8.0,5.0
33529,Standard Pickup Trucks,Regular,Rear-Wheel Drive,21.974,GMC,Manual 5-spd,8.0,5.0
33530,Standard Pickup Trucks,Regular,Rear-Wheel Drive,21.974,GMC,Automatic 4-spd,8.0,5.7
33531,Standard Pickup Trucks,Regular,Rear-Wheel Drive,23.5435714285714,GMC,Manual 4-spd,8.0,5.7
33532,Standard Pickup Trucks,Regular,Rear-Wheel Drive,23.5435714285714,GMC,Manual 5-spd,8.0,5.7
33533,Standard Pickup Trucks,Diesel,Rear-Wheel Drive,20.115,GMC,Automatic 4-spd,8.0,6.2
33534,Standard Pickup Trucks,Diesel,Rear-Wheel Drive,22.4814705882353,GMC,Manual 4-spd,8.0,6.2
33535,Standard Pickup Trucks,Regular,Rear-Wheel Drive,21.974,GMC,Automatic 3-spd,6.0,4.3
33536,Standard Pickup Trucks,Regular,Rear-Wheel Drive,19.3888235294118,GMC,Automatic 4-spd,6.0,4.3
33537,Standard Pickup Trucks,Regular,Rear-Wheel Drive,21.974,GMC,Manual 4-spd,6.0,4.3
33538,Small Station Wagons,Regular,Rear-Wheel Drive,13.73375,Mazda,Manual 4-spd,4.0,1.5
33539,Standard Pickup Trucks,Regular,Rear-Wheel Drive,18.3116666666667,GMC,Manual 5-spd,6.0,4.3
33540,Standard Pickup Trucks,Regular,Rear-Wheel Drive,27.4675,GMC,Automatic 3-spd,8.0,5.0
33541,Standard Pickup Trucks,Regular,Rear-Wheel Drive,21.974,GMC,Automatic 4-spd,8.0,5.0
33542,Standard Pickup Trucks,Regular,Rear-Wheel Drive,21.974,GMC,Manual 5-spd,8.0,5.0
33543,Standard Pickup Trucks,Regular,Rear-Wheel Drive,21.974,GMC,Automatic 4-spd,8.0,5.7
33544,Standard Pickup Trucks,Regular,Rear-Wheel Drive,23.5435714285714,GMC,Manual 4-spd,8.0,5.7
33545,Standard Pickup Trucks,Regular,Rear-Wheel Drive,25.3546153846154,GMC,Manual 5-spd,8.0,5.7
33546,Standard Pickup Trucks,Diesel,Rear-Wheel Drive,20.115,GMC,Automatic 4-spd,8.0,6.2
33547,Standard Pickup Trucks,Diesel,Rear-Wheel Drive,23.8865625,GMC,Manual 4-spd,8.0,6.2
33548,Standard Pickup Trucks,Regular,Rear-Wheel Drive,19.3888235294118,Isuzu,Manual 5-spd,4.0,2.6
33549,Small Station Wagons,Regular,Rear-Wheel Drive,13.73375,Mazda,Manual 5-spd,4.0,1.5
33550,Standard Pickup Trucks,Regular,Rear-Wheel Drive,23.5435714285714,Dodge,Automatic 4-spd,8.0,5.2
33551,Standard Pickup Trucks,Regular,Rear-Wheel Drive,17.3478947368421,Toyota,Automatic 4-spd,6.0,3.0
33552,Standard Pickup Trucks,Regular,Rear-Wheel Drive,17.3478947368421,Toyota,Manual 5-spd,6.0,3.0
33553,Standard Pickup Trucks,Regular,4-Wheel or All-Wheel Drive,21.974,Chevrolet,Automatic 3-spd,6.0,4.3
33554,Standard Pickup Trucks,Regular,4-Wheel or All-Wheel Drive,20.600625,Chevrolet,Automatic 4-spd,6.0,4.3
33555,Standard Pickup Trucks,Regular,4-Wheel or All-Wheel Drive,21.974,Chevrolet,Manual 4-spd,6.0,4.3
33556,Standard Pickup Trucks,Regular,4-Wheel or All-Wheel Drive,20.600625,Chevrolet,Manual 5-spd,6.0,4.3
33557,Standard Pickup Trucks,Regular,4-Wheel or All-Wheel Drive,27.4675,Chevrolet,Automatic 3-spd,8.0,5.0
33558,Standard Pickup Trucks,Regular,4-Wheel or All-Wheel Drive,23.5435714285714,Chevrolet,Automatic 4-spd,8.0,5.0
33559,Standard Pickup Trucks,Regular,4-Wheel or All-Wheel Drive,23.5435714285714,Chevrolet,Manual 5-spd,8.0,5.0
33560,Small Station Wagons,Regular,Front-Wheel Drive,14.9822727272727,Mitsubishi,Automatic 3-spd,4.0,2.0
33561,Standard Pickup Trucks,Regular,4-Wheel or All-Wheel Drive,25.3546153846154,Chevrolet,Automatic 4-spd,8.0,5.7
33562,Standard Pickup Trucks,Regular,4-Wheel or All-Wheel Drive,27.4675,Chevrolet,Manual 4-spd,8.0,5.7
33563,Standard Pickup Trucks,Regular,4-Wheel or All-Wheel Drive,25.3546153846154,Chevrolet,Manual 5-spd,8.0,5.7
33564,Standard Pickup Trucks,Diesel,4-Wheel or All-Wheel Drive,22.4814705882353,Chevrolet,Automatic 4-spd,8.0,6.2
33565,Standard Pickup Trucks,Diesel,4-Wheel or All-Wheel Drive,23.8865625,Chevrolet,Manual 4-spd,8.0,6.2
33566,Standard Pickup Trucks,Regular,4-Wheel or All-Wheel Drive,21.974,Chevrolet,Automatic 3-spd,6.0,4.3
33567,Standard Pickup Trucks,Regular,4-Wheel or All-Wheel Drive,20.600625,Chevrolet,Automatic 4-spd,6.0,4.3
33568,Standard Pickup Trucks,Regular,4-Wheel or All-Wheel Drive,21.974,Chevrolet,Manual 4-spd,6.0,4.3
33569,Standard Pickup Trucks,Regular,4-Wheel or All-Wheel Drive,20.600625,Chevrolet,Manual 5-spd,6.0,4.3
33570,Standard Pickup Trucks,Regular,4-Wheel or All-Wheel Drive,27.4675,Chevrolet,Automatic 3-spd,8.0,5.0
33571,Small Station Wagons,Regular,Front-Wheel Drive,13.73375,Oldsmobile,Automatic 3-spd,4.0,1.8
33572,Standard Pickup Trucks,Regular,4-Wheel or All-Wheel Drive,23.5435714285714,Chevrolet,Automatic 4-spd,8.0,5.0
33573,Standard Pickup Trucks,Regular,4-Wheel or All-Wheel Drive,25.3546153846154,Chevrolet,Manual 5-spd,8.0,5.0
33574,Standard Pickup Trucks,Regular,4-Wheel or All-Wheel Drive,23.5435714285714,Chevrolet,Automatic 4-spd,8.0,5.7
33575,Standard Pickup Trucks,Regular,4-Wheel or All-Wheel Drive,27.4675,Chevrolet,Manual 4-spd,8.0,5.7
33576,Standard Pickup Trucks,Regular,4-Wheel or All-Wheel Drive,25.3546153846154,Chevrolet,Manual 5-spd,8.0,5.7
33577,Standard Pickup Trucks,Diesel,4-Wheel or All-Wheel Drive,22.4814705882353,Chevrolet,Automatic 4-spd,8.0,6.2
33578,Standard Pickup Trucks,Diesel,4-Wheel or All-Wheel Drive,23.8865625,Chevrolet,Manual 4-spd,8.0,6.2
33579,Standard Pickup Trucks,Regular,4-Wheel or All-Wheel Drive,18.3116666666667,Chevrolet,Manual 5-spd,6.0,2.8
33580,Standard Pickup Trucks,Regular,4-Wheel or All-Wheel Drive,19.3888235294118,Chevrolet,Automatic 4-spd,6.0,4.3
33581,Standard Pickup Trucks,Regular,4-Wheel or All-Wheel Drive,19.3888235294118,Chevrolet,Automatic 4-spd,6.0,4.3
33582,Small Station Wagons,Regular,Front-Wheel Drive,12.6773076923077,Oldsmobile,Manual 5-spd,4.0,1.8
33583,Standard Pickup Trucks,Regular,4-Wheel or All-Wheel Drive,19.3888235294118,Nissan,Manual 5-spd,4.0,2.4
33584,Standard Pickup Trucks,Regular,4-Wheel or All-Wheel Drive,23.5435714285714,Nissan,Automatic 4-spd,6.0,3.0
33585,Standard Pickup Trucks,Regular,4-Wheel or All-Wheel Drive,21.974,Nissan,Manual 5-spd,6.0,3.0
33586,Standard Pickup Trucks,Regular,4-Wheel or All-Wheel Drive,23.5435714285714,Dodge,Automatic 4-spd,6.0,3.9
33587,Standard Pickup Trucks,Regular,4-Wheel or All-Wheel Drive,21.974,Dodge,Manual 5-spd,6.0,3.9
33588,Standard Pickup Trucks,Regular,4-Wheel or All-Wheel Drive,20.600625,Dodge,Automatic 4-spd,4.0,2.6
33589,Standard Pickup Trucks,Regular,4-Wheel or All-Wheel Drive,19.3888235294118,Dodge,Manual 5-spd,4.0,2.6
33590,Standard Pickup Trucks,Regular,4-Wheel or All-Wheel Drive,25.3546153846154,Dodge,Automatic 3-spd,6.0,3.9
33591,Standard Pickup Trucks,Regular,4-Wheel or All-Wheel Drive,27.4675,Dodge,Manual 4-spd,6.0,3.9
33592,Standard Pickup Trucks,Regular,4-Wheel or All-Wheel Drive,27.4675,Dodge,Automatic 3-spd,8.0,5.2
33593,Small Station Wagons,Regular,Front-Wheel Drive,13.73375,Oldsmobile,Automatic 3-spd,4.0,2.0
33594,Standard Pickup Trucks,Regular,4-Wheel or All-Wheel Drive,27.4675,Dodge,Manual 4-spd,8.0,5.2
33595,Standard Pickup Trucks,Regular,4-Wheel or All-Wheel Drive,32.961,Dodge,Automatic 3-spd,8.0,5.9
33596,Standard Pickup Trucks,Regular,4-Wheel or All-Wheel Drive,32.961,Dodge,Manual 4-spd,8.0,5.9
33597,Standard Pickup Trucks,Regular,4-Wheel or All-Wheel Drive,29.9645454545455,Dodge,Automatic 3-spd,8.0,5.2
33598,Standard Pickup Trucks,Regular,4-Wheel or All-Wheel Drive,29.9645454545455,Dodge,Manual 4-spd,8.0,5.2
33599,Standard Pickup Trucks,Regular,4-Wheel or All-Wheel Drive,32.961,Dodge,Automatic 3-spd,8.0,5.9
33600,Standard Pickup Trucks,Regular,4-Wheel or All-Wheel Drive,32.961,Dodge,Manual 4-spd,8.0,5.9
33601,Standard Pickup Trucks,Regular,4-Wheel or All-Wheel Drive,18.3116666666667,Jeep,Automatic 4-spd,4.0,2.5
33602,Standard Pickup Trucks,Regular,4-Wheel or All-Wheel Drive,16.4805,Jeep,Manual 4-spd,4.0,2.5
33603,Standard Pickup Trucks,Regular,4-Wheel or All-Wheel Drive,17.3478947368421,Jeep,Manual 4-spd,4.0,2.5
33604,Subcompact Cars,Regular,Rear-Wheel Drive,19.3888235294118,BMW,Manual 5-spd,6.0,3.4
33605,Small Station Wagons,Regular,Front-Wheel Drive,12.6773076923077,Oldsmobile,Manual 4-spd,4.0,2.0
33606,Standard Pickup Trucks,Regular,4-Wheel or All-Wheel Drive,17.3478947368421,Jeep,Manual 5-spd,4.0,2.5
33607,Standard Pickup Trucks,Regular,4-Wheel or All-Wheel Drive,17.3478947368421,Jeep,Manual 5-spd,4.0,2.5
33608,Standard Pickup Trucks,Regular,4-Wheel or All-Wheel Drive,21.974,Jeep,Automatic 4-spd,6.0,4.0
33609,Standard Pickup Trucks,Regular,4-Wheel or All-Wheel Drive,19.3888235294118,Jeep,Manual 5-spd,6.0,4.0
33610,Standard Pickup Trucks,Regular,4-Wheel or All-Wheel Drive,25.3546153846154,Ford,Automatic 3-spd,6.0,4.9
33611,Standard Pickup Trucks,Regular,4-Wheel or All-Wheel Drive,21.974,Ford,Manual 4-spd,6.0,4.9
33612,Standard Pickup Trucks,Regular,4-Wheel or All-Wheel Drive,21.974,Ford,Manual 5-spd,6.0,4.9
33613,Standard Pickup Trucks,Regular,4-Wheel or All-Wheel Drive,21.974,Ford,Manual 5-spd,6.0,4.9
33614,Standard Pickup Trucks,Regular,4-Wheel or All-Wheel Drive,27.4675,Ford,Automatic 3-spd,8.0,5.0
33615,Standard Pickup Trucks,Regular,4-Wheel or All-Wheel Drive,23.5435714285714,Ford,Automatic 4-spd,8.0,5.0
33616,Small Station Wagons,Regular,Front-Wheel Drive,17.3478947368421,Oldsmobile,Automatic 3-spd,6.0,2.8
33617,Standard Pickup Trucks,Regular,4-Wheel or All-Wheel Drive,25.3546153846154,Ford,Manual 4-spd,8.0,5.0
33618,Standard Pickup Trucks,Regular,4-Wheel or All-Wheel Drive,25.3546153846154,Ford,Manual 5-spd,8.0,5.0
33619,Standard Pickup Trucks,Regular,4-Wheel or All-Wheel Drive,29.9645454545455,Ford,Automatic 3-spd,8.0,5.8
33620,Standard Pickup Trucks,Regular,4-Wheel or All-Wheel Drive,23.5435714285714,Ford,Manual 5-spd,6.0,4.9
33621,Standard Pickup Trucks,Regular,4-Wheel or All-Wheel Drive,23.5435714285714,Ford,Automatic 4-spd,8.0,5.0
33622,Standard Pickup Trucks,Regular,4-Wheel or All-Wheel Drive,25.3546153846154,Ford,Manual 5-spd,8.0,5.0
33623,Standard Pickup Trucks,Regular,4-Wheel or All-Wheel Drive,29.9645454545455,Ford,Automatic 3-spd,8.0,5.8
33624,Standard Pickup Trucks,Regular,4-Wheel or All-Wheel Drive,21.974,GMC,Automatic 3-spd,6.0,4.3
33625,Standard Pickup Trucks,Regular,4-Wheel or All-Wheel Drive,20.600625,GMC,Automatic 4-spd,6.0,4.3
33626,Standard Pickup Trucks,Regular,4-Wheel or All-Wheel Drive,21.974,GMC,Manual 4-spd,6.0,4.3
33627,Small Station Wagons,Regular,Front-Wheel Drive,18.3116666666667,Oldsmobile,Manual 4-spd,6.0,2.8
33628,Standard Pickup Trucks,Regular,4-Wheel or All-Wheel Drive,20.600625,GMC,Manual 5-spd,6.0,4.3
33629,Standard Pickup Trucks,Regular,4-Wheel or All-Wheel Drive,27.4675,GMC,Automatic 3-spd,8.0,5.0
33630,Standard Pickup Trucks,Regular,4-Wheel or All-Wheel Drive,23.5435714285714,GMC,Automatic 4-spd,8.0,5.0
33631,Standard Pickup Trucks,Regular,4-Wheel or All-Wheel Drive,23.5435714285714,GMC,Manual 5-spd,8.0,5.0
33632,Standard Pickup Trucks,Regular,4-Wheel or All-Wheel Drive,25.3546153846154,GMC,Automatic 4-spd,8.0,5.7
33633,Standard Pickup Trucks,Regular,4-Wheel or All-Wheel Drive,27.4675,GMC,Manual 4-spd,8.0,5.7
33634,Standard Pickup Trucks,Regular,4-Wheel or All-Wheel Drive,25.3546153846154,GMC,Manual 5-spd,8.0,5.7
33635,Standard Pickup Trucks,Diesel,4-Wheel or All-Wheel Drive,22.4814705882353,GMC,Automatic 4-spd,8.0,6.2
33636,Standard Pickup Trucks,Diesel,4-Wheel or All-Wheel Drive,23.8865625,GMC,Manual 4-spd,8.0,6.2
33637,Standard Pickup Trucks,Regular,4-Wheel or All-Wheel Drive,21.974,GMC,Automatic 3-spd,6.0,4.3
33638,Small Station Wagons,Regular,Front-Wheel Drive,14.9822727272727,Plymouth,Automatic 3-spd,4.0,2.0
33639,Standard Pickup Trucks,Regular,4-Wheel or All-Wheel Drive,20.600625,GMC,Automatic 4-spd,6.0,4.3
33640,Standard Pickup Trucks,Regular,4-Wheel or All-Wheel Drive,21.974,GMC,Manual 4-spd,6.0,4.3
33641,Standard Pickup Trucks,Regular,4-Wheel or All-Wheel Drive,20.600625,GMC,Manual 5-spd,6.0,4.3
33642,Standard Pickup Trucks,Regular,4-Wheel or All-Wheel Drive,27.4675,GMC,Automatic 3-spd,8.0,5.0
33643,Standard Pickup Trucks,Regular,4-Wheel or All-Wheel Drive,23.5435714285714,GMC,Automatic 4-spd,8.0,5.0
33644,Standard Pickup Trucks,Regular,4-Wheel or All-Wheel Drive,25.3546153846154,GMC,Manual 5-spd,8.0,5.0
33645,Standard Pickup Trucks,Regular,4-Wheel or All-Wheel Drive,23.5435714285714,GMC,Automatic 4-spd,8.0,5.7
33646,Standard Pickup Trucks,Regular,4-Wheel or All-Wheel Drive,27.4675,GMC,Manual 4-spd,8.0,5.7
33647,Standard Pickup Trucks,Regular,4-Wheel or All-Wheel Drive,25.3546153846154,GMC,Manual 5-spd,8.0,5.7
33648,Standard Pickup Trucks,Diesel,4-Wheel or All-Wheel Drive,22.4814705882353,GMC,Automatic 4-spd,8.0,6.2
33649,Small Station Wagons,Regular,Front-Wheel Drive,13.73375,Plymouth,Manual 5-spd,4.0,2.0
33650,Standard Pickup Trucks,Diesel,4-Wheel or All-Wheel Drive,23.8865625,GMC,Manual 4-spd,8.0,6.2
33651,Standard Pickup Trucks,Regular,4-Wheel or All-Wheel Drive,18.3116666666667,GMC,Manual 5-spd,6.0,2.8
33652,Standard Pickup Trucks,Regular,4-Wheel or All-Wheel Drive,19.3888235294118,GMC,Automatic 4-spd,6.0,4.3
33653,Standard Pickup Trucks,Regular,4-Wheel or All-Wheel Drive,19.3888235294118,GMC,Automatic 4-spd,6.0,4.3
33654,Standard Pickup Trucks,Regular,4-Wheel or All-Wheel Drive,20.600625,Isuzu,Manual 5-spd,4.0,2.6
33655,Standard Pickup Trucks,Regular,4-Wheel or All-Wheel Drive,20.600625,Mitsubishi,Automatic 4-spd,4.0,2.6
33656,Standard Pickup Trucks,Regular,4-Wheel or All-Wheel Drive,19.3888235294118,Mitsubishi,Manual 5-spd,4.0,2.6
33657,Standard Pickup Trucks,Regular,4-Wheel or All-Wheel Drive,19.3888235294118,Toyota,Automatic 4-spd,4.0,2.4
33658,Standard Pickup Trucks,Regular,4-Wheel or All-Wheel Drive,18.3116666666667,Toyota,Manual 5-spd,4.0,2.4
33659,Standard Pickup Trucks,Regular,4-Wheel or All-Wheel Drive,21.974,Toyota,Automatic 4-spd,6.0,3.0
33660,Small Station Wagons,Regular,Front-Wheel Drive,13.73375,Pontiac,Automatic 3-spd,4.0,1.8
33661,Standard Pickup Trucks,Regular,4-Wheel or All-Wheel Drive,20.600625,Toyota,Manual 5-spd,6.0,3.0
33662,Vans,Regular,Rear-Wheel Drive,17.3478947368421,Chevrolet,Automatic 4-spd,4.0,2.5
33663,Vans,Regular,Rear-Wheel Drive,16.4805,Chevrolet,Manual 5-spd,4.0,2.5
33664,Vans,Regular,Rear-Wheel Drive,19.3888235294118,Chevrolet,Automatic 4-spd,6.0,4.3
33665,Vans,Regular,Rear-Wheel Drive,18.3116666666667,Chevrolet,Manual 5-spd,6.0,4.3
33666,Vans,Regular,Rear-Wheel Drive,21.974,Chevrolet,Automatic 3-spd,6.0,4.3
33667,Vans,Regular,Rear-Wheel Drive,19.3888235294118,Chevrolet,Automatic 4-spd,6.0,4.3
33668,Vans,Regular,Rear-Wheel Drive,20.600625,Chevrolet,Manual 4-spd,6.0,4.3
33669,Vans,Regular,Rear-Wheel Drive,27.4675,Chevrolet,Automatic 3-spd,8.0,5.0
33670,Vans,Regular,Rear-Wheel Drive,21.974,Chevrolet,Automatic 4-spd,8.0,5.0
33671,Small Station Wagons,Regular,Front-Wheel Drive,12.6773076923077,Pontiac,Manual 5-spd,4.0,1.8
33672,Vans,Regular,Rear-Wheel Drive,23.5435714285714,Chevrolet,Manual 4-spd,8.0,5.0
33673,Vans,Regular,Rear-Wheel Drive,21.974,Chevrolet,Automatic 4-spd,8.0,5.7
33674,Vans,Diesel,Rear-Wheel Drive,20.115,Chevrolet,Automatic 4-spd,8.0,6.2
33675,Vans,Diesel,Rear-Wheel Drive,20.115,Chevrolet,Manual 4-spd,8.0,6.2
33676,Vans,Regular,Rear-Wheel Drive,25.3546153846154,Chevrolet,Automatic 3-spd,6.0,4.3
33677,Vans,Regular,Rear-Wheel Drive,19.3888235294118,Chevrolet,Automatic 4-spd,6.0,4.3
33678,Vans,Regular,Rear-Wheel Drive,23.5435714285714,Dodge,Automatic 4-spd,6.0,3.9
33679,Vans,Regular,Rear-Wheel Drive,21.974,Dodge,Automatic 3-spd,6.0,3.9
33680,Vans,Regular,Rear-Wheel Drive,21.974,Dodge,Automatic 4-spd,6.0,3.9
33681,Vans,Regular,Rear-Wheel Drive,23.5435714285714,Dodge,Manual 5-spd,6.0,3.9
33682,Small Station Wagons,Regular,Front-Wheel Drive,12.6773076923077,Pontiac,Manual 4-spd,4.0,2.0
33683,Vans,Regular,Rear-Wheel Drive,27.4675,Dodge,Automatic 3-spd,8.0,5.2
33684,Vans,Regular,Rear-Wheel Drive,25.3546153846154,Dodge,Automatic 3-spd,8.0,5.2
33685,Vans,Regular,Rear-Wheel Drive,25.3546153846154,Dodge,Automatic 4-spd,8.0,5.2
33686,Vans,Regular,Rear-Wheel Drive,29.9645454545455,Dodge,Automatic 3-spd,8.0,5.9
33687,Vans,Regular,Rear-Wheel Drive,27.4675,Dodge,Automatic 3-spd,8.0,5.2
33688,Vans,Regular,Rear-Wheel Drive,25.3546153846154,Dodge,Automatic 4-spd,8.0,5.2
33689,Vans,Regular,Rear-Wheel Drive,29.9645454545455,Dodge,Automatic 3-spd,8.0,5.9
33690,Vans,Regular,Rear-Wheel Drive,19.3888235294118,Ford,Automatic 4-spd,6.0,3.0
33691,Vans,Regular,Rear-Wheel Drive,18.3116666666667,Ford,Manual 5-spd,6.0,3.0
33692,Vans,Regular,Rear-Wheel Drive,23.5435714285714,Ford,Automatic 3-spd,6.0,4.9
33693,Small Station Wagons,Regular,Front-Wheel Drive,17.3478947368421,Renault,Automatic 3-spd,4.0,2.2
33694,Vans,Regular,Rear-Wheel Drive,23.5435714285714,Ford,Automatic 4-spd,6.0,4.9
33695,Vans,Regular,Rear-Wheel Drive,21.974,Ford,Manual 5-spd,6.0,4.9
33696,Vans,Regular,Rear-Wheel Drive,25.3546153846154,Ford,Automatic 4-spd,8.0,5.0
33697,Vans,Regular,Rear-Wheel Drive,29.9645454545455,Ford,Automatic 3-spd,8.0,5.8
33698,Vans,Regular,Rear-Wheel Drive,23.5435714285714,Ford,Automatic 3-spd,6.0,4.9
33699,Vans,Regular,Rear-Wheel Drive,25.3546153846154,Ford,Automatic 4-spd,8.0,5.0
33700,Vans,Regular,Rear-Wheel Drive,29.9645454545455,Ford,Automatic 3-spd,8.0,5.8
33701,Vans,Regular,Rear-Wheel Drive,21.974,GMC,Automatic 3-spd,6.0,4.3
33702,Vans,Regular,Rear-Wheel Drive,19.3888235294118,GMC,Automatic 4-spd,6.0,4.3
33703,Vans,Regular,Rear-Wheel Drive,20.600625,GMC,Manual 4-spd,6.0,4.3
33704,Small Station Wagons,Regular,Front-Wheel Drive,14.3308695652174,Renault,Manual 5-spd,4.0,2.2
33705,Vans,Regular,Rear-Wheel Drive,27.4675,GMC,Automatic 3-spd,8.0,5.0
33706,Vans,Regular,Rear-Wheel Drive,21.974,GMC,Automatic 4-spd,8.0,5.0
33707,Vans,Regular,Rear-Wheel Drive,23.5435714285714,GMC,Manual 4-spd,8.0,5.0
33708,Vans,Regular,Rear-Wheel Drive,21.974,GMC,Automatic 4-spd,8.0,5.7
33709,Vans,Diesel,Rear-Wheel Drive,20.115,GMC,Automatic 4-spd,8.0,6.2
33710,Vans,Diesel,Rear-Wheel Drive,20.115,GMC,Manual 4-spd,8.0,6.2
33711,Vans,Regular,Rear-Wheel Drive,25.3546153846154,GMC,Automatic 3-spd,6.0,4.3
33712,Vans,Regular,Rear-Wheel Drive,19.3888235294118,GMC,Automatic 4-spd,6.0,4.3
33713,Vans,Regular,Rear-Wheel Drive,17.3478947368421,GMC,Automatic 4-spd,4.0,2.5
33714,Vans,Regular,Rear-Wheel Drive,16.4805,GMC,Manual 5-spd,4.0,2.5
33715,Subcompact Cars,Regular,Rear-Wheel Drive,14.3308695652174,Chevrolet,Manual 5-spd,4.0,2.5
33716,Small Station Wagons,Regular,Front-Wheel Drive,14.3308695652174,Subaru,Automatic 3-spd,4.0,1.8
33717,Vans,Regular,Rear-Wheel Drive,19.3888235294118,GMC,Automatic 4-spd,6.0,4.3
33718,Vans,Regular,Rear-Wheel Drive,18.3116666666667,GMC,Manual 5-spd,6.0,4.3
33719,Vans,Regular,Rear-Wheel Drive,17.3478947368421,Mitsubishi,Automatic 4-spd,4.0,2.4
33720,Vans,Regular,Rear-Wheel Drive,16.4805,Toyota,Automatic 4-spd,4.0,2.2
33721,Vans,Regular,Rear-Wheel Drive,16.4805,Toyota,Manual 5-spd,4.0,2.2
33722,Vans,Regular,4-Wheel or All-Wheel Drive,18.3116666666667,Toyota,Automatic 4-spd,4.0,2.2
33723,Vans,Regular,Rear-Wheel Drive,19.3888235294118,Chevrolet,Automatic 4-spd,6.0,4.3
33724,Vans,Regular,Rear-Wheel Drive,18.3116666666667,Chevrolet,Manual 5-spd,6.0,4.3
33725,Vans,Regular,Rear-Wheel Drive,19.3888235294118,Chevrolet,Automatic 4-spd,6.0,4.3
33726,Vans,Regular,Rear-Wheel Drive,21.974,Chevrolet,Manual 4-spd,6.0,4.3
33727,Small Station Wagons,Regular,Front-Wheel Drive,12.6773076923077,Subaru,Manual 5-spd,4.0,1.8
33728,Vans,Regular,Rear-Wheel Drive,23.5435714285714,Chevrolet,Automatic 4-spd,8.0,5.0
33729,Vans,Regular,Rear-Wheel Drive,23.5435714285714,Chevrolet,Automatic 4-spd,8.0,5.7
33730,Vans,Diesel,Rear-Wheel Drive,23.8865625,Chevrolet,Automatic 4-spd,8.0,6.2
33731,Vans,Diesel,Rear-Wheel Drive,21.2325,Chevrolet,Manual 4-spd,8.0,6.2
33732,Vans,Regular,Rear-Wheel Drive,27.4675,Chevrolet,Automatic 4-spd,8.0,5.7
33733,Vans,Regular,Rear-Wheel Drive,25.3546153846154,Dodge,Automatic 4-spd,6.0,3.9
33734,Vans,Regular,Rear-Wheel Drive,23.5435714285714,Dodge,Automatic 3-spd,6.0,3.9
33735,Vans,Regular,Rear-Wheel Drive,23.5435714285714,Dodge,Automatic 4-spd,6.0,3.9
33736,Vans,Regular,Rear-Wheel Drive,25.3546153846154,Dodge,Manual 5-spd,6.0,3.9
33737,Vans,Regular,Rear-Wheel Drive,27.4675,Dodge,Automatic 3-spd,8.0,5.2
33738,Small Station Wagons,Regular,Front-Wheel Drive,15.6957142857143,Subaru,Automatic 3-spd,4.0,1.8
33739,Vans,Regular,Rear-Wheel Drive,25.3546153846154,Dodge,Automatic 3-spd,8.0,5.2
33740,Vans,Regular,Rear-Wheel Drive,25.3546153846154,Dodge,Automatic 4-spd,8.0,5.2
33741,Vans,Regular,Rear-Wheel Drive,32.961,Dodge,Automatic 3-spd,8.0,5.9
33742,Vans,Regular,Rear-Wheel Drive,27.4675,Dodge,Automatic 3-spd,8.0,5.2
33743,Vans,Regular,Rear-Wheel Drive,25.3546153846154,Dodge,Automatic 4-spd,8.0,5.2
33744,Vans,Regular,Rear-Wheel Drive,32.961,Dodge,Automatic 3-spd,8.0,5.9
33745,Vans,Regular,Rear-Wheel Drive,19.3888235294118,Ford,Automatic 4-spd,6.0,3.0
33746,Vans,Regular,Rear-Wheel Drive,19.3888235294118,Ford,Manual 5-spd,6.0,3.0
33747,Vans,Regular,Rear-Wheel Drive,25.3546153846154,Ford,Automatic 3-spd,6.0,4.9
33748,Vans,Regular,Rear-Wheel Drive,23.5435714285714,Ford,Automatic 4-spd,6.0,4.9
33749,Small Station Wagons,Regular,Front-Wheel Drive,13.1844,Subaru,Manual 5-spd,4.0,1.8
33750,Vans,Regular,Rear-Wheel Drive,25.3546153846154,Ford,Automatic 4-spd,8.0,5.0
33751,Vans,Regular,Rear-Wheel Drive,29.9645454545455,Ford,Automatic 3-spd,8.0,5.8
33752,Vans,Regular,Rear-Wheel Drive,19.3888235294118,GMC,Automatic 4-spd,6.0,4.3
33753,Vans,Regular,Rear-Wheel Drive,21.974,GMC,Manual 4-spd,6.0,4.3
33754,Vans,Regular,Rear-Wheel Drive,23.5435714285714,GMC,Automatic 4-spd,8.0,5.0
33755,Vans,Regular,Rear-Wheel Drive,23.5435714285714,GMC,Automatic 4-spd,8.0,5.7
33756,Vans,Diesel,Rear-Wheel Drive,23.8865625,GMC,Automatic 4-spd,8.0,6.2
33757,Vans,Diesel,Rear-Wheel Drive,21.2325,GMC,Manual 4-spd,8.0,6.2
33758,Vans,Regular,Rear-Wheel Drive,27.4675,GMC,Automatic 4-spd,8.0,5.7
33759,Vans,Regular,Rear-Wheel Drive,19.3888235294118,GMC,Automatic 4-spd,6.0,4.3
33760,Small Station Wagons,Regular,Front-Wheel Drive,12.6773076923077,Toyota,Automatic 3-spd,4.0,1.5
33761,Vans,Regular,Rear-Wheel Drive,18.3116666666667,GMC,Manual 5-spd,6.0,4.3
33762,Vans,Regular,Rear-Wheel Drive,19.3888235294118,Mitsubishi,Automatic 4-spd,4.0,2.4
33763,Vans,Regular,Rear-Wheel Drive,16.4805,Toyota,Automatic 4-spd,4.0,2.2
33764,Vans,Regular,Rear-Wheel Drive,16.4805,Toyota,Manual 5-spd,4.0,2.2
33765,Vans,Regular,4-Wheel or All-Wheel Drive,18.3116666666667,Toyota,Automatic 4-spd,4.0,2.2
33766,Vans,Regular,4-Wheel or All-Wheel Drive,17.3478947368421,Toyota,Manual 5-spd,4.0,2.2
33767,Vans,Regular,4-Wheel or All-Wheel Drive,23.5435714285714,Volkswagen,Manual 5-spd,4.0,2.1
33768,Vans,Regular,Rear-Wheel Drive,21.974,Volkswagen,Automatic 3-spd,4.0,2.1
33769,Vans,Regular,Rear-Wheel Drive,19.3888235294118,Volkswagen,Manual 4-spd,4.0,2.1
33770,Special Purpose Vehicle 2WD,Regular,Rear-Wheel Drive,23.5435714285714,Chevrolet,Automatic 4-spd,8.0,5.7
33771,Small Station Wagons,Regular,Front-Wheel Drive,11.3658620689655,Toyota,Manual 5-spd,4.0,1.5
33772,Special Purpose Vehicle 2WD,Diesel,Rear-Wheel Drive,22.4814705882353,Chevrolet,Automatic 4-spd,8.0,6.2
33773,Special Purpose Vehicle 2WD,Regular,Rear-Wheel Drive,17.3478947368421,Chevrolet,Manual 5-spd,6.0,2.8
33774,Special Purpose Vehicle 2WD,Regular,Rear-Wheel Drive,18.3116666666667,Chevrolet,Automatic 4-spd,6.0,4.3
33775,Special Purpose Vehicle 2WD,Regular,Rear-Wheel Drive,21.974,Nissan,Automatic 4-spd,6.0,3.0
33776,Special Purpose Vehicle 2WD,Regular,Rear-Wheel Drive,21.974,Nissan,Manual 5-spd,6.0,3.0
33777,Special Purpose Vehicle 2WD,Regular,Front-Wheel Drive,19.3888235294118,Chrysler,Automatic 4-spd,6.0,3.0
33778,Special Purpose Vehicle 2WD,Regular,Rear-Wheel Drive,27.4675,Dodge,Automatic 3-spd,8.0,5.2
33779,Special Purpose Vehicle 2WD,Regular,Rear-Wheel Drive,25.3546153846154,Dodge,Automatic 4-spd,8.0,5.2
33780,Special Purpose Vehicle 2WD,Regular,Rear-Wheel Drive,29.9645454545455,Dodge,Automatic 3-spd,8.0,5.9
33781,Special Purpose Vehicle 2WD,Premium,Front-Wheel Drive,19.3888235294118,Dodge,Automatic 3-spd,4.0,2.5
33782,Small Station Wagons,Regular,4-Wheel or All-Wheel Drive,14.9822727272727,Toyota,Automatic 3-spd,4.0,1.5
33783,Special Purpose Vehicle 2WD,Regular,Front-Wheel Drive,16.4805,Dodge,Automatic 3-spd,4.0,2.5
33784,Special Purpose Vehicle 2WD,Regular,Front-Wheel Drive,15.6957142857143,Dodge,Manual 5-spd,4.0,2.5
33785,Special Purpose Vehicle 2WD,Premium,Front-Wheel Drive,18.3116666666667,Dodge,Manual 5-spd,4.0,2.5
33786,Special Purpose Vehicle 2WD,Regular,Front-Wheel Drive,18.3116666666667,Dodge,Automatic 3-spd,6.0,3.0
33787,Special Purpose Vehicle 2WD,Regular,Front-Wheel Drive,18.3116666666667,Dodge,Automatic 4-spd,6.0,3.0
33788,Special Purpose Vehicle 2WD,Regular,Rear-Wheel Drive,18.3116666666667,Jeep,Automatic 4-spd,4.0,2.5
33789,Special Purpose Vehicle 2WD,Regular,Rear-Wheel Drive,16.4805,Jeep,Manual 5-spd,4.0,2.5
33790,Special Purpose Vehicle 2WD,Regular,Rear-Wheel Drive,17.3478947368421,Jeep,Manual 5-spd,4.0,2.5
33791,Special Purpose Vehicle 2WD,Regular,Rear-Wheel Drive,20.600625,Jeep,Automatic 4-spd,6.0,4.0
33792,Special Purpose Vehicle 2WD,Regular,Rear-Wheel Drive,19.3888235294118,Jeep,Manual 5-spd,6.0,4.0
33793,Small Station Wagons,Regular,4-Wheel or All-Wheel Drive,12.6773076923077,Toyota,Manual 5-spd,4.0,1.5
33794,Special Purpose Vehicle 2WD,Regular,Rear-Wheel Drive,19.3888235294118,Ford,Automatic 4-spd,6.0,2.9
33795,Special Purpose Vehicle 2WD,Regular,Rear-Wheel Drive,18.3116666666667,Ford,Manual 5-spd,6.0,2.9
33796,Special Purpose Vehicle 2WD,Regular,Rear-Wheel Drive,23.5435714285714,GMC,Automatic 4-spd,8.0,5.7
33797,Special Purpose Vehicle 2WD,Diesel,Rear-Wheel Drive,22.4814705882353,GMC,Automatic 4-spd,8.0,6.2
33798,Special Purpose Vehicle 2WD,Regular,Rear-Wheel Drive,17.3478947368421,GMC,Manual 5-spd,6.0,2.8
33799,Special Purpose Vehicle 2WD,Regular,Rear-Wheel Drive,18.3116666666667,GMC,Automatic 4-spd,6.0,4.3
33800,Special Purpose Vehicle 2WD,Regular,Rear-Wheel Drive,18.3116666666667,Isuzu,Manual 5-spd,4.0,2.3
33801,Special Purpose Vehicle 2WD,Regular,Rear-Wheel Drive,19.3888235294118,Isuzu,Manual 5-spd,4.0,2.6
33802,Special Purpose Vehicle 2WD,Regular,Rear-Wheel Drive,17.3478947368421,Mazda,Automatic 4-spd,4.0,2.6
33803,Special Purpose Vehicle 2WD,Regular,Rear-Wheel Drive,17.3478947368421,Mazda,Manual 5-spd,4.0,2.6
33804,Small Station Wagons,Regular,4-Wheel or All-Wheel Drive,19.3888235294118,Volkswagen,Manual 5-spd,5.0,2.2
33805,Special Purpose Vehicle 2WD,Regular,Rear-Wheel Drive,19.3888235294118,Mazda,Automatic 4-spd,6.0,3.0
33806,Special Purpose Vehicle 2WD,Regular,Rear-Wheel Drive,19.3888235294118,Mazda,Automatic 4-spd,6.0,3.0
33807,Special Purpose Vehicle 2WD,Regular,Rear-Wheel Drive,18.3116666666667,Mazda,Manual 5-spd,6.0,3.0
33808,Special Purpose Vehicle 2WD,Regular,Rear-Wheel Drive,18.3116666666667,Mazda,Manual 5-spd,6.0,3.0
33809,Special Purpose Vehicle 2WD,Regular,Front-Wheel Drive,16.4805,Plymouth,Automatic 3-spd,4.0,2.5
33810,Special Purpose Vehicle 2WD,Premium,Front-Wheel Drive,19.3888235294118,Plymouth,Automatic 3-spd,4.0,2.5
33811,Special Purpose Vehicle 2WD,Regular,Front-Wheel Drive,15.6957142857143,Plymouth,Manual 5-spd,4.0,2.5
33812,Special Purpose Vehicle 2WD,Premium,Front-Wheel Drive,18.3116666666667,Plymouth,Manual 5-spd,4.0,2.5
33813,Special Purpose Vehicle 2WD,Regular,Front-Wheel Drive,18.3116666666667,Plymouth,Automatic 3-spd,6.0,3.0
33814,Special Purpose Vehicle 2WD,Regular,Front-Wheel Drive,18.3116666666667,Plymouth,Automatic 4-spd,6.0,3.0
33815,Small Station Wagons,Diesel,Front-Wheel Drive,12.3285483870968,Volkswagen,Manual 5-spd,4.0,1.6
33816,Special Purpose Vehicles,Regular,4-Wheel or All-Wheel Drive,18.3116666666667,Chevrolet,Manual 5-spd,6.0,2.8
33817,Special Purpose Vehicles,Regular,4-Wheel or All-Wheel Drive,19.3888235294118,Chevrolet,Automatic 4-spd,6.0,4.3
33818,Special Purpose Vehicles,Regular,4-Wheel or All-Wheel Drive,19.3888235294118,Chevrolet,Automatic 4-spd,6.0,4.3
33819,Special Purpose Vehicles,Regular,4-Wheel or All-Wheel Drive,23.5435714285714,Chevrolet,Automatic 4-spd,8.0,5.7
33820,Special Purpose Vehicles,Regular,4-Wheel or All-Wheel Drive,25.3546153846154,Chevrolet,Manual 4-spd,8.0,5.7
33821,Special Purpose Vehicles,Regular,4-Wheel or All-Wheel Drive,25.3546153846154,Chevrolet,Manual 4-spd,8.0,5.7
33822,Special Purpose Vehicles,Diesel,4-Wheel or All-Wheel Drive,22.4814705882353,Chevrolet,Automatic 4-spd,8.0,6.2
33823,Special Purpose Vehicles,Regular,4-Wheel or All-Wheel Drive,27.4675,Chevrolet,Automatic 4-spd,8.0,5.7
33824,Special Purpose Vehicles,Regular,4-Wheel or All-Wheel Drive,27.4675,Chevrolet,Manual 4-spd,8.0,5.7
33825,Special Purpose Vehicles,Regular,4-Wheel or All-Wheel Drive,27.4675,Chevrolet,Manual 4-spd,8.0,5.7
33826,Subcompact Cars,Regular,Rear-Wheel Drive,17.3478947368421,Chevrolet,Automatic 4-spd,6.0,2.8
33827,Small Station Wagons,Regular,Front-Wheel Drive,15.6957142857143,Volkswagen,Automatic 3-spd,4.0,1.8
33828,Special Purpose Vehicles,Diesel,4-Wheel or All-Wheel Drive,23.8865625,Chevrolet,Automatic 4-spd,8.0,6.2
33829,Special Purpose Vehicles,Regular,4-Wheel or All-Wheel Drive,20.600625,Nissan,Manual 5-spd,4.0,2.4
33830,Special Purpose Vehicles,Regular,4-Wheel or All-Wheel Drive,23.5435714285714,Nissan,Automatic 4-spd,6.0,3.0
33831,Special Purpose Vehicles,Regular,4-Wheel or All-Wheel Drive,21.974,Nissan,Manual 5-spd,6.0,3.0
33832,Special Purpose Vehicles,Regular,4-Wheel or All-Wheel Drive,29.9645454545455,Dodge,Automatic 3-spd,8.0,5.2
33833,Special Purpose Vehicles,Regular,4-Wheel or All-Wheel Drive,29.9645454545455,Dodge,Manual 4-spd,8.0,5.2
33834,Special Purpose Vehicles,Regular,4-Wheel or All-Wheel Drive,32.961,Dodge,Automatic 3-spd,8.0,5.9
33835,Special Purpose Vehicles,Regular,4-Wheel or All-Wheel Drive,32.961,Dodge,Manual 4-spd,8.0,5.9
33836,Special Purpose Vehicles,Regular,4-Wheel or All-Wheel Drive,17.3478947368421,Dodge,Manual 5-spd,4.0,2.0
33837,Special Purpose Vehicles,Regular,4-Wheel or All-Wheel Drive,14.3308695652174,Dodge,Manual 5-spd,4.0,1.8
33838,Small Station Wagons,Regular,Front-Wheel Drive,13.1844,Volkswagen,Manual 5-spd,4.0,1.8
33839,Special Purpose Vehicles,Regular,4-Wheel or All-Wheel Drive,20.600625,Dodge,Manual 5-spd,4.0,2.6
33840,Special Purpose Vehicles,Regular,4-Wheel or All-Wheel Drive,20.600625,Dodge,Automatic 4-spd,6.0,3.0
33841,Special Purpose Vehicles,Regular,4-Wheel or All-Wheel Drive,21.974,Dodge,Manual 5-spd,6.0,3.0
33842,Special Purpose Vehicles,Regular,4-Wheel or All-Wheel Drive,18.3116666666667,Jeep,Automatic 4-spd,4.0,2.5
33843,Special Purpose Vehicles,Regular,4-Wheel or All-Wheel Drive,17.3478947368421,Jeep,Manual 5-spd,4.0,2.5
33844,Special Purpose Vehicles,Regular,4-Wheel or All-Wheel Drive,17.3478947368421,Jeep,Manual 5-spd,4.0,2.5
33845,Special Purpose Vehicles,Regular,4-Wheel or All-Wheel Drive,20.600625,Jeep,Automatic 4-spd,6.0,4.0
33846,Special Purpose Vehicles,Regular,4-Wheel or All-Wheel Drive,19.3888235294118,Jeep,Manual 5-spd,6.0,4.0
33847,Special Purpose Vehicles,Regular,4-Wheel or All-Wheel Drive,29.9645454545455,Jeep,Automatic 3-spd,8.0,5.9
33848,Special Purpose Vehicles,Regular,4-Wheel or All-Wheel Drive,20.600625,Jeep,Automatic 4-spd,6.0,4.0
33849,Midsize-Large Station Wagons,Regular,Front-Wheel Drive,19.3888235294118,Audi,Automatic 3-spd,5.0,2.2
33850,Special Purpose Vehicles,Regular,4-Wheel or All-Wheel Drive,19.3888235294118,Jeep,Manual 5-spd,4.0,2.5
33851,Special Purpose Vehicles,Regular,4-Wheel or All-Wheel Drive,20.600625,Jeep,Manual 5-spd,4.0,2.5
33852,Special Purpose Vehicles,Regular,4-Wheel or All-Wheel Drive,23.5435714285714,Jeep,Automatic 3-spd,6.0,4.2
33853,Special Purpose Vehicles,Regular,4-Wheel or All-Wheel Drive,20.600625,Jeep,Manual 5-spd,6.0,4.2
33854,Special Purpose Vehicle 4WD,Regular,4-Wheel or All-Wheel Drive,20.600625,Ford,Automatic 4-spd,6.0,2.9
33855,Special Purpose Vehicles,Regular,4-Wheel or All-Wheel Drive,19.3888235294118,Ford,Manual 5-spd,6.0,2.9
33856,Special Purpose Vehicles,Regular,4-Wheel or All-Wheel Drive,25.3546153846154,Ford,Automatic 3-spd,6.0,4.9
33857,Special Purpose Vehicles,Regular,4-Wheel or All-Wheel Drive,23.5435714285714,Ford,Manual 4-spd,6.0,4.9
33858,Special Purpose Vehicles,Regular,4-Wheel or All-Wheel Drive,21.974,Ford,Manual 5-spd,6.0,4.9
33859,Special Purpose Vehicles,Regular,4-Wheel or All-Wheel Drive,23.5435714285714,Ford,Manual 5-spd,6.0,4.9
33860,Midsize-Large Station Wagons,Regular,Front-Wheel Drive,17.3478947368421,Audi,Manual 5-spd,5.0,2.2
33861,Special Purpose Vehicles,Regular,4-Wheel or All-Wheel Drive,27.4675,Ford,Automatic 3-spd,8.0,5.0
33862,Special Purpose Vehicles,Regular,4-Wheel or All-Wheel Drive,23.5435714285714,Ford,Automatic 4-spd,8.0,5.0
33863,Special Purpose Vehicles,Regular,4-Wheel or All-Wheel Drive,27.4675,Ford,Manual 4-spd,8.0,5.0
33864,Special Purpose Vehicles,Regular,4-Wheel or All-Wheel Drive,25.3546153846154,Ford,Manual 5-spd,8.0,5.0
33865,Special Purpose Vehicles,Regular,4-Wheel or All-Wheel Drive,29.9645454545455,Ford,Automatic 3-spd,8.0,5.8
33866,Special Purpose Vehicles,Regular,4-Wheel or All-Wheel Drive,13.1844,Geo,Manual 5-spd,4.0,1.6
33867,Special Purpose Vehicles,Regular,4-Wheel or All-Wheel Drive,14.3308695652174,Geo,Automatic 3-spd,4.0,1.6
33868,Special Purpose Vehicles,Regular,4-Wheel or All-Wheel Drive,13.1844,Geo,Manual 5-spd,4.0,1.6
33869,Special Purpose Vehicles,Regular,4-Wheel or All-Wheel Drive,18.3116666666667,GMC,Manual 5-spd,6.0,2.8
33870,Special Purpose Vehicles,Regular,4-Wheel or All-Wheel Drive,19.3888235294118,GMC,Automatic 4-spd,6.0,4.3
33871,Midsize-Large Station Wagons,Regular,Front-Wheel Drive,14.9822727272727,Buick,Automatic 3-spd,4.0,2.5
33872,Special Purpose Vehicles,Regular,4-Wheel or All-Wheel Drive,19.3888235294118,GMC,Automatic 4-spd,6.0,4.3
33873,Special Purpose Vehicles,Regular,4-Wheel or All-Wheel Drive,23.5435714285714,GMC,Automatic 4-spd,8.0,5.7
33874,Special Purpose Vehicles,Regular,4-Wheel or All-Wheel Drive,25.3546153846154,GMC,Manual 4-spd,8.0,5.7
33875,Special Purpose Vehicles,Regular,4-Wheel or All-Wheel Drive,25.3546153846154,GMC,Manual 4-spd,8.0,5.7
33876,Special Purpose Vehicles,Diesel,4-Wheel or All-Wheel Drive,22.4814705882353,GMC,Automatic 4-spd,8.0,6.2
33877,Special Purpose Vehicles,Regular,4-Wheel or All-Wheel Drive,27.4675,GMC,Automatic 4-spd,8.0,5.7
33878,Special Purpose Vehicles,Regular,4-Wheel or All-Wheel Drive,27.4675,GMC,Manual 4-spd,8.0,5.7
33879,Special Purpose Vehicles,Regular,4-Wheel or All-Wheel Drive,27.4675,GMC,Manual 4-spd,8.0,5.7
33880,Special Purpose Vehicles,Diesel,4-Wheel or All-Wheel Drive,23.8865625,GMC,Automatic 4-spd,8.0,6.2
33881,Special Purpose Vehicles,Regular,4-Wheel or All-Wheel Drive,20.600625,Isuzu,Manual 5-spd,4.0,2.6
33882,Midsize-Large Station Wagons,Regular,Front-Wheel Drive,19.3888235294118,Buick,Automatic 3-spd,6.0,3.0
33883,Special Purpose Vehicles,Regular,4-Wheel or All-Wheel Drive,21.974,Isuzu,Automatic 4-spd,4.0,2.6
33884,Special Purpose Vehicles,Regular,4-Wheel or All-Wheel Drive,21.974,Isuzu,Manual 5-spd,4.0,2.6
33885,Special Purpose Vehicles,Regular,4-Wheel or All-Wheel Drive,21.974,Isuzu,Manual 5-spd,6.0,2.8
33886,Special Purpose Vehicles,Regular,4-Wheel or All-Wheel Drive,29.9645454545455,Laforza Automobile Inc,Automatic 4-spd,8.0,4.9
33887,Special Purpose Vehicles,Premium,4-Wheel or All-Wheel Drive,27.4675,Land Rover,Automatic 4-spd,8.0,3.9
33888,Special Purpose Vehicles,Regular,4-Wheel or All-Wheel Drive,20.600625,Mitsubishi,Manual 5-spd,4.0,2.6
33889,Special Purpose Vehicles,Regular,4-Wheel or All-Wheel Drive,20.600625,Mitsubishi,Automatic 4-spd,6.0,3.0
33890,Special Purpose Vehicles,Regular,4-Wheel or All-Wheel Drive,21.974,Mitsubishi,Manual 5-spd,6.0,3.0
33891,Special Purpose Vehicles,Regular,4-Wheel or All-Wheel Drive,17.3478947368421,Mitsubishi,Manual 5-spd,4.0,2.0
33892,Special Purpose Vehicles,Regular,4-Wheel or All-Wheel Drive,20.600625,Mazda,Automatic 4-spd,6.0,3.0
33893,Midsize-Large Station Wagons,Regular,Front-Wheel Drive,17.3478947368421,Buick,Automatic 4-spd,6.0,3.0
33894,Special Purpose Vehicles,Regular,4-Wheel or All-Wheel Drive,17.3478947368421,Plymouth,Manual 5-spd,4.0,2.0
33895,Special Purpose Vehicles,Regular,4-Wheel or All-Wheel Drive,14.3308695652174,Plymouth,Manual 5-spd,4.0,1.8
33896,Special Purpose Vehicles,Regular,4-Wheel or All-Wheel Drive,13.73375,Subaru,Manual 4-spd,4.0,1.8
33897,Special Purpose Vehicles,Regular,4-Wheel or All-Wheel Drive,15.6957142857143,Subaru,Automatic 3-spd,4.0,1.8
33898,Special Purpose Vehicles,Regular,4-Wheel or All-Wheel Drive,14.3308695652174,Subaru,Manual 5-spd,4.0,1.8
33899,Special Purpose Vehicles,Regular,4-Wheel or All-Wheel Drive,16.4805,Subaru,Automatic 3-spd,4.0,1.8
33900,Special Purpose Vehicles,Regular,4-Wheel or All-Wheel Drive,14.3308695652174,Subaru,Manual 5-spd,4.0,1.8
33901,Special Purpose Vehicles,Regular,4-Wheel or All-Wheel Drive,13.1844,Suzuki,Manual 5-spd,4.0,1.3
33902,Special Purpose Vehicles,Regular,4-Wheel or All-Wheel Drive,13.1844,Suzuki,Manual 5-spd,4.0,1.3
33903,Special Purpose Vehicles,Regular,4-Wheel or All-Wheel Drive,13.1844,Suzuki,Manual 5-spd,4.0,1.3
33904,Midsize-Large Station Wagons,Regular,Front-Wheel Drive,17.3478947368421,Buick,Automatic 4-spd,6.0,3.8
33905,Special Purpose Vehicles,Regular,4-Wheel or All-Wheel Drive,14.3308695652174,Suzuki,Automatic 3-spd,4.0,1.6
33906,Special Purpose Vehicles,Regular,4-Wheel or All-Wheel Drive,13.1844,Suzuki,Manual 5-spd,4.0,1.6
33907,Special Purpose Vehicles,Regular,4-Wheel or All-Wheel Drive,14.3308695652174,Suzuki,Automatic 3-spd,4.0,1.6
33908,Special Purpose Vehicles,Regular,4-Wheel or All-Wheel Drive,13.1844,Suzuki,Manual 5-spd,4.0,1.6
33909,Special Purpose Vehicles,Regular,4-Wheel or All-Wheel Drive,27.4675,Toyota,Automatic 4-spd,6.0,4.0
33910,Special Purpose Vehicles,Regular,4-Wheel or All-Wheel Drive,19.3888235294118,Toyota,Automatic 4-spd,4.0,2.4
33911,Special Purpose Vehicles,Regular,4-Wheel or All-Wheel Drive,18.3116666666667,Toyota,Manual 5-spd,4.0,2.4
33912,Special Purpose Vehicles,Regular,4-Wheel or All-Wheel Drive,21.974,Toyota,Automatic 4-spd,6.0,3.0
33913,Special Purpose Vehicles,Regular,4-Wheel or All-Wheel Drive,20.600625,Toyota,Manual 5-spd,6.0,3.0
33914,Special Purpose Vehicle 2WD,Regular,Front-Wheel Drive,18.3116666666667,Cadillac,Automatic 4-spd,8.0,4.5
33915,Midsize-Large Station Wagons,Diesel,Front-Wheel Drive,14.6994230769231,Buick,Automatic 3-spd,6.0,4.3
33916,Special Purpose Vehicle 2WD,Regular,Rear-Wheel Drive,19.3888235294118,Chevrolet,Automatic 3-spd,4.0,2.5
33917,Special Purpose Vehicle 2WD,Regular,Rear-Wheel Drive,29.9645454545455,Nissan,Automatic 4-spd,6.0,3.0
33918,Special Purpose Vehicle 2WD,Regular,Rear-Wheel Drive,25.3546153846154,Nissan,Manual 5-spd,6.0,3.0
33919,Special Purpose Vehicle 2WD,Regular,Rear-Wheel Drive,23.5435714285714,Dodge,Automatic 4-spd,6.0,3.9
33920,Special Purpose Vehicle 2WD,Regular,Rear-Wheel Drive,25.3546153846154,Dodge,Manual 5-spd,6.0,3.9
33921,Special Purpose Vehicle 2WD,Regular,Rear-Wheel Drive,32.961,Dodge,Automatic 3-spd,8.0,5.9
33922,Special Purpose Vehicle 2WD,Regular,Rear-Wheel Drive,18.3116666666667,General Motors,Automatic 4-spd,8.0,5.0
33923,Special Purpose Vehicle 2WD,Regular,Rear-Wheel Drive,32.961,Toyota,Automatic 4-spd,6.0,3.0
33924,Special Purpose Vehicle 2WD,Regular,Rear-Wheel Drive,27.4675,Toyota,Manual 5-spd,6.0,3.0
33925,Two Seaters,Premium,Rear-Wheel Drive,14.3308695652174,Alfa Romeo,Manual 5-spd,4.0,2.0
33926,Midsize-Large Station Wagons,Regular,Front-Wheel Drive,13.73375,Chevrolet,Automatic 3-spd,4.0,2.5
33927,Two Seaters,Regular,Front-Wheel Drive,17.3478947368421,Buick,Automatic 4-spd,6.0,3.8
33928,Two Seaters,Premium,Front-Wheel Drive,20.600625,Cadillac,Automatic 4-spd,8.0,4.5
33929,Two Seaters,Premium,Rear-Wheel Drive,21.974,Chevrolet,Manual 6-spd,8.0,5.7
33930,Two Seaters,Premium,Rear-Wheel Drive,19.3888235294118,Chevrolet,Manual 6-spd,8.0,5.7
33931,Two Seaters,Premium,Rear-Wheel Drive,19.3888235294118,Chevrolet,Automatic 4-spd,8.0,5.7
33932,Two Seaters,Premium,Rear-Wheel Drive,18.3116666666667,Chevrolet,Manual 6-spd,8.0,5.7
33933,Two Seaters,Premium,Front-Wheel Drive,18.3116666666667,Chrysler,Manual 5-spd,4.0,2.2
33934,Two Seaters,Premium,Front-Wheel Drive,18.3116666666667,Chrysler,Automatic 4-spd,6.0,3.0
33935,Two Seaters,Regular,Rear-Wheel Drive,15.6957142857143,Consulier Industries Inc,Manual 5-spd,4.0,2.2
33936,Two Seaters,Premium,Rear-Wheel Drive,17.3478947368421,Nissan,Automatic 4-spd,6.0,3.0
33937,Subcompact Cars,Regular,Rear-Wheel Drive,17.3478947368421,Chevrolet,Manual 5-spd,6.0,2.8
33938,Midsize-Large Station Wagons,Regular,Front-Wheel Drive,13.73375,Chevrolet,Manual 4-spd,4.0,2.5
33939,Two Seaters,Premium,Rear-Wheel Drive,18.3116666666667,Nissan,Automatic 4-spd,6.0,3.0
33940,Two Seaters,Premium,Rear-Wheel Drive,18.3116666666667,Nissan,Manual 5-spd,6.0,3.0
33941,Two Seaters,Premium,Rear-Wheel Drive,18.3116666666667,Nissan,Manual 5-spd,6.0,3.0
33942,Two Seaters,Regular,Rear-Wheel Drive,17.3478947368421,Evans Automobiles,Manual 5-spd,8.0,5.7
33943,Two Seaters,Premium,Rear-Wheel Drive,25.3546153846154,Ferrari,Manual 5-spd,8.0,2.9
33944,Two Seaters,Regular,Rear-Wheel Drive,29.9645454545455,Ferrari,Manual 5-spd,12.0,4.9
33945,Two Seaters,Premium,Rear-Wheel Drive,23.5435714285714,Ferrari,Manual 5-spd,8.0,3.4
33946,Two Seaters,Regular,Front-Wheel Drive,11.7717857142857,Honda,Automatic 4-spd,4.0,1.5
33947,Two Seaters,Regular,Front-Wheel Drive,11.3658620689655,Honda,Manual 5-spd,4.0,1.5
33948,Two Seaters,Regular,Front-Wheel Drive,12.2077777777778,Honda,Manual 5-spd,4.0,1.6
33949,Midsize-Large Station Wagons,Regular,Front-Wheel Drive,18.3116666666667,Chevrolet,Automatic 3-spd,6.0,2.8
33950,Two Seaters,Regular,Front-Wheel Drive,7.6653488372093,Honda,Manual 5-spd,4.0,1.5
33951,Two Seaters,Regular,Front-Wheel Drive,8.45153846153846,Honda,Manual 5-spd,4.0,1.5
33952,Two Seaters,Premium,Rear-Wheel Drive,25.3546153846154,Jaguar,Automatic 3-spd,12.0,5.3
33953,Two Seaters,Premium,Rear-Wheel Drive,47.0871428571429,Lamborghini,Manual 5-spd,12.0,5.2
33954,Two Seaters,Premium,Rear-Wheel Drive,32.961,Lamborghini,Manual 5-spd,12.0,5.7
33955,Two Seaters,Premium,Rear-Wheel Drive,17.3478947368421,Lotus,Manual 5-spd,4.0,2.2
33956,Two Seaters,Premium,Rear-Wheel Drive,23.5435714285714,Maserati,Automatic 4-spd,6.0,2.8
33957,Two Seaters,Premium,Rear-Wheel Drive,21.974,Maserati,Manual 5-spd,6.0,2.8
33958,Two Seaters,Premium,Rear-Wheel Drive,21.974,Maserati,Automatic 4-spd,6.0,2.8
33959,Two Seaters,Premium,Rear-Wheel Drive,21.974,Maserati,Manual 5-spd,6.0,2.8
33960,Midsize-Large Station Wagons,Regular,Front-Wheel Drive,17.3478947368421,Chevrolet,Automatic 4-spd,6.0,2.8
33961,Two Seaters,Regular,Rear-Wheel Drive,19.3888235294118,Mazda,Automatic 4-spd,2.0,1.3
33962,Two Seaters,Regular,Rear-Wheel Drive,18.3116666666667,Mazda,Manual 5-spd,2.0,1.3
33963,Two Seaters,Regular,Rear-Wheel Drive,19.3888235294118,Mazda,Manual 5-spd,2.0,1.3
33964,Two Seaters,Regular,Rear-Wheel Drive,14.3308695652174,Mazda,Automatic 4-spd,4.0,1.6
33965,Two Seaters,Regular,Rear-Wheel Drive,13.73375,Mazda,Manual 5-spd,4.0,1.6
33966,Two Seaters,Premium,Rear-Wheel Drive,19.3888235294118,Mercedes-Benz,Automatic 5-spd,6.0,3.0
33967,Two Seaters,Premium,Rear-Wheel Drive,20.600625,Mercedes-Benz,Manual 5-spd,6.0,3.0
33968,Two Seaters,Premium,Rear-Wheel Drive,23.5435714285714,Mercedes-Benz,Automatic 4-spd,8.0,5.0
33969,Minicompact Cars,Regular,Rear-Wheel Drive,16.4805,Nissan,Automatic 4-spd,4.0,2.4
33970,Minicompact Cars,Regular,Rear-Wheel Drive,16.4805,Nissan,Manual 5-spd,4.0,2.4
33971,Midsize-Large Station Wagons,Regular,Front-Wheel Drive,17.3478947368421,Chevrolet,Automatic 3-spd,6.0,2.8
33972,Minicompact Cars,Premium,Rear-Wheel Drive,21.974,Maserati,Automatic 4-spd,6.0,2.8
33973,Minicompact Cars,Premium,Rear-Wheel Drive,21.974,Maserati,Manual 5-spd,6.0,2.8
33974,Minicompact Cars,Premium,Rear-Wheel Drive,19.3888235294118,Porsche,Manual 5-spd,6.0,3.6
33975,Minicompact Cars,Premium,4-Wheel or All-Wheel Drive,20.600625,Porsche,Manual 5-spd,6.0,3.6
33976,Minicompact Cars,Premium,Rear-Wheel Drive,20.600625,Porsche,Automatic (S4),6.0,3.6
33977,Minicompact Cars,Premium,Rear-Wheel Drive,21.974,Porsche,Automatic 4-spd,8.0,5.0
33978,Minicompact Cars,Premium,Rear-Wheel Drive,23.5435714285714,Porsche,Manual 5-spd,8.0,5.0
33979,Minicompact Cars,Premium,Rear-Wheel Drive,18.3116666666667,Porsche,Manual 5-spd,4.0,3.0
33980,Minicompact Cars,Regular,Front-Wheel Drive,14.3308695652174,Toyota,Automatic 4-spd,4.0,2.2
33981,Minicompact Cars,Regular,Front-Wheel Drive,14.9822727272727,Toyota,Manual 5-spd,4.0,2.2
33982,Midsize-Large Station Wagons,Regular,Front-Wheel Drive,16.4805,Chevrolet,Automatic 4-spd,6.0,2.8
33983,Minicompact Cars,Regular,Front-Wheel Drive,14.3308695652174,Volkswagen,Automatic 3-spd,4.0,1.8
33984,Minicompact Cars,Regular,Front-Wheel Drive,13.1844,Volkswagen,Manual 5-spd,4.0,1.8
33985,Subcompact Cars,Regular,Front-Wheel Drive,14.9822727272727,Acura,Automatic 4-spd,4.0,1.8
33986,Subcompact Cars,Regular,Front-Wheel Drive,14.3308695652174,Acura,Manual 5-spd,4.0,1.8
33987,Subcompact Cars,Regular,4-Wheel or All-Wheel Drive,18.3116666666667,Audi,Manual 5-spd,5.0,2.3
33988,Subcompact Cars,Regular,Front-Wheel Drive,14.9822727272727,Audi,Automatic 3-spd,4.0,2.0
33989,Subcompact Cars,Regular,Front-Wheel Drive,14.9822727272727,Audi,Manual 5-spd,4.0,2.0
33990,Subcompact Cars,Regular,4-Wheel or All-Wheel Drive,17.3478947368421,Audi,Manual 5-spd,5.0,2.3
33991,Subcompact Cars,Regular,Front-Wheel Drive,18.3116666666667,Audi,Automatic 3-spd,5.0,2.3
33992,Subcompact Cars,Regular,Front-Wheel Drive,16.4805,Audi,Manual 5-spd,5.0,2.3
33993,Midsize-Large Station Wagons,Diesel,Front-Wheel Drive,14.6994230769231,Chevrolet,Automatic 3-spd,6.0,4.3
33994,Subcompact Cars,Regular,4-Wheel or All-Wheel Drive,18.3116666666667,Audi,Manual 5-spd,5.0,2.3
33995,Subcompact Cars,Premium,Rear-Wheel Drive,18.3116666666667,BMW,Manual 5-spd,4.0,2.3
33996,Subcompact Cars,Regular,Rear-Wheel Drive,18.3116666666667,BMW,Automatic 4-spd,6.0,2.5
33997,Subcompact Cars,Regular,Rear-Wheel Drive,18.3116666666667,BMW,Manual 5-spd,6.0,2.5
33998,Subcompact Cars,Regular,Rear-Wheel Drive,18.3116666666667,BMW,Automatic 4-spd,6.0,2.5
33999,Subcompact Cars,Regular,Rear-Wheel Drive,18.3116666666667,BMW,Manual 5-spd,6.0,2.5
34000,Subcompact Cars,Regular,4-Wheel or All-Wheel Drive,18.3116666666667,BMW,Automatic 4-spd,6.0,2.5
34001,Subcompact Cars,Regular,4-Wheel or All-Wheel Drive,18.3116666666667,BMW,Manual 5-spd,6.0,2.5
34002,Subcompact Cars,Regular,Rear-Wheel Drive,18.3116666666667,Chevrolet,Manual 5-spd,6.0,3.1
34003,Subcompact Cars,Regular,Rear-Wheel Drive,17.3478947368421,Chevrolet,Automatic 4-spd,6.0,3.1
34004,Midsize-Large Station Wagons,Premium,Front-Wheel Drive,17.3478947368421,Chrysler,Automatic 3-spd,4.0,2.2
34005,Subcompact Cars,Premium,Rear-Wheel Drive,18.3116666666667,Chevrolet,Automatic 4-spd,8.0,5.0
34006,Subcompact Cars,Regular,Rear-Wheel Drive,18.3116666666667,Chevrolet,Automatic 4-spd,8.0,5.0
34007,Subcompact Cars,Premium,Rear-Wheel Drive,18.3116666666667,Chevrolet,Manual 5-spd,8.0,5.0
34008,Subcompact Cars,Regular,Rear-Wheel Drive,18.3116666666667,Chevrolet,Manual 5-spd,8.0,5.0
34009,Subcompact Cars,Premium,Rear-Wheel Drive,19.3888235294118,Chevrolet,Automatic 4-spd,8.0,5.7
34010,Subcompact Cars,Regular,Front-Wheel Drive,9.98818181818182,Chevrolet,Automatic 3-spd,3.0,1.0
34011,Subcompact Cars,Regular,Front-Wheel Drive,8.03926829268293,Chevrolet,Manual 5-spd,3.0,1.0
34012,Subcompact Cars,Regular,Front-Wheel Drive,9.69441176470588,Chevrolet,Manual 5-spd,3.0,1.0
34013,Subcompact Cars,Premium,Front-Wheel Drive,16.4805,Chrysler,Manual 5-spd,4.0,2.2
34014,Subcompact Cars,Premium,Front-Wheel Drive,18.3116666666667,Chrysler,Automatic 3-spd,4.0,2.5
34015,Midsize-Large Station Wagons,Regular,Front-Wheel Drive,17.3478947368421,Chrysler,Automatic 3-spd,4.0,2.6
34016,Subcompact Cars,Regular,Front-Wheel Drive,15.6957142857143,Chrysler,Automatic 3-spd,4.0,2.5
34017,Subcompact Cars,Regular,Front-Wheel Drive,17.3478947368421,Chrysler,Automatic 4-spd,6.0,3.0
34018,Subcompact Cars,Regular,Front-Wheel Drive,16.4805,Chrysler,Manual 5-spd,6.0,3.0
34019,Subcompact Cars,Regular,Front-Wheel Drive,9.69441176470588,Daihatsu,Manual 5-spd,3.0,1.0
34020,Subcompact Cars,Regular,Front-Wheel Drive,11.7717857142857,Daihatsu,Automatic 3-spd,4.0,1.3
34021,Subcompact Cars,Regular,Front-Wheel Drive,10.3003125,Daihatsu,Manual 5-spd,4.0,1.3
34022,Subcompact Cars,Regular,Front-Wheel Drive,13.73375,Nissan,Automatic 3-spd,4.0,1.6
34023,Subcompact Cars,Regular,Front-Wheel Drive,12.6773076923077,Nissan,Manual 5-spd,4.0,1.6
34024,Subcompact Cars,Regular,Front-Wheel Drive,15.6957142857143,Nissan,Automatic 4-spd,4.0,1.8
34025,Subcompact Cars,Regular,Front-Wheel Drive,14.3308695652174,Nissan,Manual 5-spd,4.0,1.8
34026,Midsize-Large Station Wagons,Regular,Front-Wheel Drive,15.6957142857143,Dodge,Automatic 3-spd,4.0,2.2
34027,Subcompact Cars,Regular,Front-Wheel Drive,13.1844,Nissan,Automatic 3-spd,4.0,1.6
34028,Subcompact Cars,Regular,Front-Wheel Drive,11.7717857142857,Nissan,Manual 4-spd,4.0,1.6
34029,Subcompact Cars,Regular,Front-Wheel Drive,12.2077777777778,Nissan,Manual 5-spd,4.0,1.6
34030,Subcompact Cars,Regular,Front-Wheel Drive,13.1844,Nissan,Automatic 3-spd,4.0,1.6
34031,Subcompact Cars,Regular,Front-Wheel Drive,12.2077777777778,Nissan,Manual 5-spd,4.0,1.6
34032,Subcompact Cars,Premium,Rear-Wheel Drive,17.3478947368421,Nissan,Automatic 4-spd,6.0,3.0
34033,Subcompact Cars,Premium,Rear-Wheel Drive,18.3116666666667,Nissan,Manual 5-spd,6.0,3.0
34034,Subcompact Cars,Regular,Front-Wheel Drive,13.1844,Dodge,Automatic 3-spd,4.0,1.5
34035,Subcompact Cars,Regular,Front-Wheel Drive,11.3658620689655,Dodge,Manual 4-spd,4.0,1.5
34036,Subcompact Cars,Regular,Front-Wheel Drive,12.2077777777778,Dodge,Manual 5-spd,4.0,1.5
34037,Midsize-Large Station Wagons,Regular,Front-Wheel Drive,13.1844,Dodge,Manual 4-spd,4.0,2.2
34038,Subcompact Cars,Regular,Front-Wheel Drive,14.3308695652174,Dodge,Automatic 4-spd,4.0,1.6
34039,Subcompact Cars,Regular,Front-Wheel Drive,14.3308695652174,Dodge,Manual 5-spd,4.0,1.6
34040,Subcompact Cars,Premium,Front-Wheel Drive,16.4805,Dodge,Manual 5-spd,4.0,2.2
34041,Subcompact Cars,Premium,Front-Wheel Drive,18.3116666666667,Dodge,Automatic 3-spd,4.0,2.5
34042,Subcompact Cars,Regular,Front-Wheel Drive,15.6957142857143,Dodge,Automatic 3-spd,4.0,2.5
34043,Subcompact Cars,Premium,Front-Wheel Drive,15.6957142857143,Dodge,Manual 5-spd,4.0,2.5
34044,Subcompact Cars,Regular,Front-Wheel Drive,13.73375,Dodge,Manual 5-spd,4.0,2.5
34045,Subcompact Cars,Regular,Front-Wheel Drive,17.3478947368421,Dodge,Automatic 4-spd,6.0,3.0
34046,Subcompact Cars,Regular,Front-Wheel Drive,16.4805,Dodge,Manual 5-spd,6.0,3.0
34047,Subcompact Cars,Regular,Front-Wheel Drive,13.73375,Dodge,Automatic 3-spd,4.0,2.2
34048,Subcompact Cars,Regular,Rear-Wheel Drive,19.3888235294118,Chevrolet,Automatic 4-spd,8.0,5.0
34049,Midsize-Large Station Wagons,Regular,Front-Wheel Drive,13.1844,Dodge,Manual 5-spd,4.0,2.2
34050,Subcompact Cars,Regular,Front-Wheel Drive,13.1844,Dodge,Manual 5-spd,4.0,2.2
34051,Subcompact Cars,Regular,Front-Wheel Drive,15.6957142857143,Eagle,Automatic 4-spd,4.0,2.0
34052,Subcompact Cars,Premium,Front-Wheel Drive,14.9822727272727,Eagle,Manual 5-spd,4.0,2.0
34053,Subcompact Cars,Regular,Front-Wheel Drive,14.9822727272727,Eagle,Manual 5-spd,4.0,2.0
34054,Subcompact Cars,Premium,4-Wheel or All-Wheel Drive,16.4805,Eagle,Manual 5-spd,4.0,2.0
34055,Subcompact Cars,Premium,Rear-Wheel Drive,25.3546153846154,Ferrari,Manual 5-spd,8.0,3.4
34056,Subcompact Cars,Regular,Front-Wheel Drive,11.7717857142857,Ford,Automatic 3-spd,4.0,1.3
34057,Subcompact Cars,Regular,Front-Wheel Drive,9.98818181818182,Ford,Manual 5-spd,4.0,1.3
34058,Subcompact Cars,Regular,Rear-Wheel Drive,15.6957142857143,Ford,Automatic 4-spd,4.0,2.3
34059,Subcompact Cars,Regular,Rear-Wheel Drive,14.3308695652174,Ford,Manual 5-spd,4.0,2.3
34060,Midsize-Large Station Wagons,Regular,Front-Wheel Drive,15.6957142857143,Dodge,Automatic 3-spd,4.0,2.2
34061,Subcompact Cars,Regular,Rear-Wheel Drive,18.3116666666667,Ford,Automatic 4-spd,8.0,5.0
34062,Subcompact Cars,Regular,Rear-Wheel Drive,19.3888235294118,Ford,Manual 5-spd,8.0,5.0
34063,Subcompact Cars,Regular,Front-Wheel Drive,9.98818181818182,Geo,Automatic 3-spd,3.0,1.0
34064,Subcompact Cars,Regular,Front-Wheel Drive,8.03926829268293,Geo,Manual 5-spd,3.0,1.0
34065,Subcompact Cars,Regular,Front-Wheel Drive,9.98818181818182,Geo,Automatic 3-spd,3.0,1.0
34066,Subcompact Cars,Regular,Front-Wheel Drive,8.24025,Geo,Manual 5-spd,3.0,1.0
34067,Subcompact Cars,Regular,Front-Wheel Drive,7.01297872340426,Geo,Manual 5-spd,3.0,1.0
34068,Subcompact Cars,Regular,Front-Wheel Drive,13.73375,Geo,Automatic 3-spd,4.0,1.6
34069,Subcompact Cars,Regular,Front-Wheel Drive,14.3308695652174,Geo,Automatic 4-spd,4.0,1.6
34070,Subcompact Cars,Regular,Front-Wheel Drive,12.2077777777778,Geo,Manual 5-spd,4.0,1.6
34071,Midsize-Large Station Wagons,Regular,Front-Wheel Drive,17.3478947368421,Dodge,Automatic 3-spd,4.0,2.6
34072,Subcompact Cars,Regular,Front-Wheel Drive,13.1844,Geo,Manual 5-spd,4.0,1.6
34073,Subcompact Cars,Regular,Front-Wheel Drive,13.73375,Geo,Automatic 3-spd,4.0,1.6
34074,Subcompact Cars,Regular,Front-Wheel Drive,13.73375,Geo,Automatic 4-spd,4.0,1.6
34075,Subcompact Cars,Regular,Front-Wheel Drive,11.3658620689655,Geo,Manual 5-spd,4.0,1.6
34076,Subcompact Cars,Regular,Front-Wheel Drive,12.6773076923077,Geo,Manual 5-spd,4.0,1.6
34077,Subcompact Cars,Regular,Front-Wheel Drive,12.6773076923077,Honda,Automatic 4-spd,4.0,1.5
34078,Subcompact Cars,Regular,Front-Wheel Drive,10.987,Honda,Manual 4-spd,4.0,1.5
34079,Subcompact Cars,Regular,Front-Wheel Drive,11.3658620689655,Honda,Manual 5-spd,4.0,1.5
34080,Subcompact Cars,Regular,Front-Wheel Drive,13.73375,Honda,Automatic 4-spd,4.0,1.6
34081,Subcompact Cars,Regular,Front-Wheel Drive,12.6773076923077,Honda,Manual 5-spd,4.0,1.6
34082,Midsize-Large Station Wagons,Regular,Rear-Wheel Drive,18.3116666666667,Ford,Automatic 3-spd,6.0,3.8
34083,Subcompact Cars,Regular,Front-Wheel Drive,16.4805,Honda,Automatic 4-spd,4.0,2.0
34084,Subcompact Cars,Regular,Front-Wheel Drive,14.9822727272727,Honda,Manual 5-spd,4.0,2.0
34085,Subcompact Cars,Regular,Front-Wheel Drive,15.6957142857143,Honda,Automatic 4-spd,4.0,2.0
34086,Subcompact Cars,Regular,Front-Wheel Drive,14.9822727272727,Honda,Manual 5-spd,4.0,2.0
34087,Subcompact Cars,Regular,Front-Wheel Drive,16.4805,Honda,Automatic 4-spd,4.0,2.1
34088,Subcompact Cars,Regular,Front-Wheel Drive,15.6957142857143,Honda,Manual 5-spd,4.0,2.1
34089,Subcompact Cars,Regular,Front-Wheel Drive,12.6773076923077,Hyundai,Automatic 4-spd,4.0,1.5
34090,Subcompact Cars,Regular,Front-Wheel Drive,12.2077777777778,Hyundai,Manual 4-spd,4.0,1.5
34091,Subcompact Cars,Regular,Front-Wheel Drive,11.7717857142857,Hyundai,Manual 5-spd,4.0,1.5
34092,Subcompact Cars,Regular,Front-Wheel Drive,12.6773076923077,Mitsubishi,Automatic 4-spd,4.0,1.5
34093,Midsize-Large Station Wagons,Regular,Rear-Wheel Drive,18.3116666666667,Mercury,Automatic 3-spd,6.0,3.8
34094,Subcompact Cars,Regular,Front-Wheel Drive,12.2077777777778,Mitsubishi,Manual 4-spd,4.0,1.5
34095,Subcompact Cars,Regular,Front-Wheel Drive,11.7717857142857,Mitsubishi,Manual 5-spd,4.0,1.5
34096,Subcompact Cars,Regular,Front-Wheel Drive,13.73375,Isuzu,Automatic 4-spd,4.0,1.6
34097,Subcompact Cars,Premium,4-Wheel or All-Wheel Drive,14.9822727272727,Isuzu,Manual 5-spd,4.0,1.6
34098,Subcompact Cars,Regular,Front-Wheel Drive,12.6773076923077,Isuzu,Manual 5-spd,4.0,1.6
34099,Subcompact Cars,Premium,Rear-Wheel Drive,17.3478947368421,Infiniti,Automatic 4-spd,6.0,3.0
34100,Subcompact Cars,Premium,Rear-Wheel Drive,23.5435714285714,Jaguar,Automatic 3-spd,12.0,5.3
34101,Subcompact Cars,Premium,Rear-Wheel Drive,23.5435714285714,Maserati,Automatic 4-spd,6.0,2.8
34102,Subcompact Cars,Premium,Rear-Wheel Drive,21.974,Maserati,Manual 5-spd,6.0,2.8
34103,Subcompact Cars,Premium,Rear-Wheel Drive,18.3116666666667,Mercedes-Benz,Automatic 4-spd,6.0,2.6
34104,Midsize-Large Station Wagons,Diesel,Rear-Wheel Drive,20.115,Mercedes-Benz,Automatic 4-spd,5.0,3.0
34105,Subcompact Cars,Premium,Rear-Wheel Drive,16.4805,Mercedes-Benz,Manual 5-spd,6.0,2.6
34106,Subcompact Cars,Premium,Rear-Wheel Drive,19.3888235294118,Mercedes-Benz,Automatic 4-spd,6.0,3.0
34107,Subcompact Cars,Regular,Front-Wheel Drive,14.3308695652174,Mitsubishi,Automatic 4-spd,4.0,1.8
34108,Subcompact Cars,Regular,Front-Wheel Drive,13.73375,Mitsubishi,Manual 5-spd,4.0,1.8
34109,Subcompact Cars,Regular,Front-Wheel Drive,15.6957142857143,Mitsubishi,Automatic 4-spd,4.0,2.0
34110,Subcompact Cars,Premium,4-Wheel or All-Wheel Drive,16.4805,Mitsubishi,Manual 5-spd,4.0,2.0
34111,Subcompact Cars,Regular,Front-Wheel Drive,14.9822727272727,Mitsubishi,Manual 5-spd,4.0,2.0
34112,Subcompact Cars,Premium,Front-Wheel Drive,14.9822727272727,Mitsubishi,Manual 5-spd,4.0,2.0
34113,Subcompact Cars,Regular,Front-Wheel Drive,13.1844,Mitsubishi,Automatic 3-spd,4.0,1.5
34114,Subcompact Cars,Regular,Front-Wheel Drive,11.3658620689655,Mitsubishi,Manual 4-spd,4.0,1.5
34115,Midsize-Large Station Wagons,Diesel,Rear-Wheel Drive,18.1992857142857,Mercedes-Benz,Automatic 4-spd,5.0,3.0
34116,Subcompact Cars,Regular,Front-Wheel Drive,12.2077777777778,Mitsubishi,Manual 5-spd,4.0,1.5
34117,Subcompact Cars,Regular,Front-Wheel Drive,14.3308695652174,Mitsubishi,Automatic 4-spd,4.0,1.6
34118,Subcompact Cars,Regular,Front-Wheel Drive,14.3308695652174,Mitsubishi,Manual 5-spd,4.0,1.6
34119,Subcompact Cars,Regular,Front-Wheel Drive,13.1844,Plymouth,Automatic 3-spd,4.0,1.5
34120,Subcompact Cars,Regular,Front-Wheel Drive,11.3658620689655,Plymouth,Manual 4-spd,4.0,1.5
34121,Subcompact Cars,Regular,Front-Wheel Drive,12.2077777777778,Plymouth,Manual 5-spd,4.0,1.5
34122,Subcompact Cars,Regular,Front-Wheel Drive,14.3308695652174,Plymouth,Automatic 4-spd,4.0,1.6
34123,Subcompact Cars,Regular,Front-Wheel Drive,14.3308695652174,Plymouth,Manual 5-spd,4.0,1.6
34124,Subcompact Cars,Regular,Front-Wheel Drive,13.73375,Plymouth,Automatic 3-spd,4.0,2.2
34125,Subcompact Cars,Regular,Front-Wheel Drive,13.1844,Plymouth,Manual 5-spd,4.0,2.2
34126,Midsize-Large Station Wagons,Regular,Front-Wheel Drive,14.9822727272727,Oldsmobile,Automatic 3-spd,4.0,2.5
34127,Subcompact Cars,Regular,Front-Wheel Drive,14.3308695652174,Plymouth,Automatic 4-spd,4.0,1.8
34128,Subcompact Cars,Regular,Front-Wheel Drive,13.73375,Plymouth,Manual 5-spd,4.0,1.8
34129,Subcompact Cars,Regular,Front-Wheel Drive,15.6957142857143,Plymouth,Automatic 4-spd,4.0,2.0
34130,Subcompact Cars,Premium,Front-Wheel Drive,14.9822727272727,Plymouth,Manual 5-spd,4.0,2.0
34131,Subcompact Cars,Regular,Front-Wheel Drive,14.9822727272727,Plymouth,Manual 5-spd,4.0,2.0
34132,Subcompact Cars,Regular,Rear-Wheel Drive,18.3116666666667,Pontiac,Manual 5-spd,6.0,3.1
34133,Subcompact Cars,Regular,Rear-Wheel Drive,17.3478947368421,Pontiac,Automatic 4-spd,6.0,3.1
34134,Subcompact Cars,Premium,Rear-Wheel Drive,18.3116666666667,Pontiac,Automatic 4-spd,8.0,5.0
34135,Subcompact Cars,Regular,Rear-Wheel Drive,18.3116666666667,Pontiac,Automatic 4-spd,8.0,5.0
34136,Subcompact Cars,Premium,Rear-Wheel Drive,18.3116666666667,Pontiac,Manual 5-spd,8.0,5.0
34137,Midsize-Large Station Wagons,Regular,Front-Wheel Drive,19.3888235294118,Oldsmobile,Automatic 3-spd,6.0,3.0
34138,Subcompact Cars,Regular,Rear-Wheel Drive,18.3116666666667,Pontiac,Manual 5-spd,8.0,5.0
34139,Subcompact Cars,Premium,Rear-Wheel Drive,19.3888235294118,Pontiac,Automatic 4-spd,8.0,5.7
34140,Subcompact Cars,Regular,Front-Wheel Drive,9.98818181818182,Pontiac,Automatic 3-spd,3.0,1.0
34141,Subcompact Cars,Regular,Front-Wheel Drive,8.03926829268293,Pontiac,Manual 5-spd,3.0,1.0
34142,Subcompact Cars,Premium,Front-Wheel Drive,15.6957142857143,Pontiac,Automatic 3-spd,4.0,2.0
34143,Subcompact Cars,Regular,Front-Wheel Drive,14.9822727272727,Pontiac,Automatic 3-spd,4.0,2.0
34144,Subcompact Cars,Regular,Front-Wheel Drive,13.73375,Pontiac,Manual 5-spd,4.0,2.0
34145,Subcompact Cars,Premium,Front-Wheel Drive,14.9822727272727,Pontiac,Manual 5-spd,4.0,2.0
34146,Subcompact Cars,Regular,Front-Wheel Drive,9.69441176470588,Pontiac,Manual 5-spd,3.0,1.0
34147,Subcompact Cars,Premium,Rear-Wheel Drive,32.961,Rolls-Royce,Automatic 3-spd,8.0,6.8
34148,Midsize-Large Station Wagons,Regular,Front-Wheel Drive,17.3478947368421,Oldsmobile,Automatic 4-spd,6.0,3.0
34149,Subcompact Cars,Premium,Rear-Wheel Drive,32.961,Rolls-Royce,Automatic 3-spd,8.0,6.8
34150,Subcompact Cars,Regular,Front-Wheel Drive,19.3888235294118,Saab,Automatic 3-spd,4.0,2.0
34151,Subcompact Cars,Regular,Front-Wheel Drive,15.6957142857143,Saab,Manual 5-spd,4.0,2.0
34152,Subcompact Cars,Regular,Rear-Wheel Drive,20.600625,Saleen,Manual 5-spd,8.0,4.9
34153,Subcompact Cars,Regular,Front-Wheel Drive,10.987,Subaru,Manual 5-spd,3.0,1.2
34154,Subcompact Cars,Regular,Front-Wheel Drive,10.987,Subaru,Automatic (variable gear ratios),3.0,1.2
34155,Subcompact Cars,Regular,Front-Wheel Drive,10.987,Subaru,Manual 5-spd,3.0,1.2
34156,Subcompact Cars,Regular,4-Wheel or All-Wheel Drive,11.7717857142857,Subaru,Automatic (variable gear ratios),3.0,1.2
34157,Subcompact Cars,Regular,4-Wheel or All-Wheel Drive,12.2077777777778,Subaru,Manual 5-spd,3.0,1.2
34158,Subcompact Cars,Regular,Front-Wheel Drive,14.9822727272727,Subaru,Automatic 4-spd,4.0,1.8
34159,Subcompact Cars,Regular,Rear-Wheel Drive,19.3888235294118,Chevrolet,Manual 5-spd,8.0,5.0
34160,Midsize-Large Station Wagons,Regular,Front-Wheel Drive,17.3478947368421,Oldsmobile,Automatic 4-spd,6.0,3.8
34161,Subcompact Cars,Regular,Front-Wheel Drive,13.1844,Subaru,Manual 5-spd,4.0,1.8
34162,Subcompact Cars,Regular,Front-Wheel Drive,15.6957142857143,Subaru,Automatic 4-spd,6.0,2.7
34163,Subcompact Cars,Regular,4-Wheel or All-Wheel Drive,14.9822727272727,Subaru,Automatic 4-spd,4.0,1.8
34164,Subcompact Cars,Regular,4-Wheel or All-Wheel Drive,14.3308695652174,Subaru,Manual 5-spd,4.0,1.8
34165,Subcompact Cars,Regular,4-Wheel or All-Wheel Drive,17.3478947368421,Subaru,Automatic 4-spd,6.0,2.7
34166,Subcompact Cars,Regular,4-Wheel or All-Wheel Drive,17.3478947368421,Subaru,Manual 5-spd,6.0,2.7
34167,Subcompact Cars,Regular,Front-Wheel Drive,9.98818181818182,Suzuki,Automatic 3-spd,3.0,1.0
34168,Subcompact Cars,Regular,Front-Wheel Drive,8.03926829268293,Suzuki,Manual 5-spd,3.0,1.0
34169,Subcompact Cars,Regular,Front-Wheel Drive,11.7717857142857,Suzuki,Automatic 3-spd,4.0,1.3
34170,Subcompact Cars,Regular,Front-Wheel Drive,9.15583333333333,Suzuki,Manual 5-spd,4.0,1.3
34171,Midsize-Large Station Wagons,Diesel,Front-Wheel Drive,14.6994230769231,Oldsmobile,Automatic 3-spd,6.0,4.3
34172,Subcompact Cars,Regular,Front-Wheel Drive,13.73375,Suzuki,Automatic 3-spd,4.0,1.3
34173,Subcompact Cars,Regular,Front-Wheel Drive,11.7717857142857,Suzuki,Manual 5-spd,4.0,1.3
34174,Subcompact Cars,Regular,Front-Wheel Drive,13.1844,Toyota,Automatic 4-spd,4.0,1.6
34175,Subcompact Cars,Regular,Front-Wheel Drive,12.6773076923077,Toyota,Manual 5-spd,4.0,1.6
34176,Subcompact Cars,Premium,4-Wheel or All-Wheel Drive,17.3478947368421,Toyota,Manual 5-spd,4.0,2.0
34177,Subcompact Cars,Regular,Front-Wheel Drive,14.9822727272727,Toyota,Automatic 4-spd,4.0,2.2
34178,Subcompact Cars,Regular,Front-Wheel Drive,13.73375,Toyota,Automatic 4-spd,4.0,2.2
34179,Subcompact Cars,Regular,Front-Wheel Drive,14.9822727272727,Toyota,Manual 5-spd,4.0,2.2
34180,Subcompact Cars,Regular,Front-Wheel Drive,13.73375,Toyota,Automatic 3-spd,4.0,1.6
34181,Subcompact Cars,Regular,4-Wheel or All-Wheel Drive,14.3308695652174,Toyota,Automatic 4-spd,4.0,1.6
34182,Midsize-Large Station Wagons,Regular,Rear-Wheel Drive,18.3116666666667,Peugeot,Automatic 3-spd,4.0,2.0
34183,Subcompact Cars,Regular,Front-Wheel Drive,13.1844,Toyota,Automatic 4-spd,4.0,1.6
34184,Subcompact Cars,Regular,4-Wheel or All-Wheel Drive,14.9822727272727,Toyota,Manual 5-spd,4.0,1.6
34185,Subcompact Cars,Regular,Front-Wheel Drive,12.6773076923077,Toyota,Manual 5-spd,4.0,1.6
34186,Subcompact Cars,Premium,Front-Wheel Drive,13.1844,Toyota,Manual 5-spd,4.0,1.6
34187,Subcompact Cars,Premium,Rear-Wheel Drive,18.3116666666667,Toyota,Automatic 4-spd,6.0,3.0
34188,Subcompact Cars,Premium,Rear-Wheel Drive,18.3116666666667,Toyota,Automatic 4-spd,6.0,3.0
34189,Subcompact Cars,Premium,Rear-Wheel Drive,18.3116666666667,Toyota,Manual 5-spd,6.0,3.0
34190,Subcompact Cars,Premium,Rear-Wheel Drive,19.3888235294118,Toyota,Manual 5-spd,6.0,3.0
34191,Subcompact Cars,Regular,Front-Wheel Drive,12.2077777777778,Toyota,Automatic 3-spd,4.0,1.5
34192,Subcompact Cars,Regular,Front-Wheel Drive,11.3658620689655,Toyota,Manual 4-spd,4.0,1.5
34193,Midsize-Large Station Wagons,Regular,Rear-Wheel Drive,17.3478947368421,Peugeot,Manual 5-spd,4.0,2.0
34194,Subcompact Cars,Regular,Front-Wheel Drive,11.7717857142857,Toyota,Manual 5-spd,4.0,1.5
34195,Subcompact Cars,Regular,Front-Wheel Drive,13.1844,Toyota,Automatic 3-spd,4.0,1.5
34196,Subcompact Cars,Regular,Front-Wheel Drive,15.6957142857143,Volkswagen,Manual 5-spd,4.0,1.8
34197,Subcompact Cars,Regular,Front-Wheel Drive,13.73375,Volkswagen,Manual 4-spd,4.0,1.8
34198,Subcompact Cars,Regular,Front-Wheel Drive,14.3308695652174,Volkswagen,Manual 5-spd,4.0,1.8
34199,Subcompact Cars,Regular,Front-Wheel Drive,13.1844,Yugo,Manual 5-spd,4.0,1.3
34200,Compact Cars,Regular,Front-Wheel Drive,18.3116666666667,Acura,Automatic 4-spd,6.0,2.7
34201,Compact Cars,Regular,Front-Wheel Drive,17.3478947368421,Acura,Manual 5-spd,6.0,2.7
34202,Compact Cars,Regular,Front-Wheel Drive,18.3116666666667,Sterling,Automatic 4-spd,6.0,2.7
34203,Compact Cars,Regular,Front-Wheel Drive,17.3478947368421,Sterling,Manual 5-spd,6.0,2.7
34204,Midsize-Large Station Wagons,Diesel,Rear-Wheel Drive,17.3720454545455,Peugeot,Automatic 3-spd,4.0,2.3
34205,Compact Cars,Regular,Rear-Wheel Drive,18.3116666666667,BMW,Automatic 4-spd,6.0,2.5
34206,Compact Cars,Regular,Rear-Wheel Drive,18.3116666666667,BMW,Manual 5-spd,6.0,2.5
34207,Compact Cars,Regular,Rear-Wheel Drive,20.600625,BMW,Automatic 4-spd,6.0,3.4
34208,Compact Cars,Regular,Rear-Wheel Drive,20.600625,BMW,Manual 5-spd,6.0,3.4
34209,Compact Cars,Regular,Front-Wheel Drive,14.3308695652174,Buick,Automatic 3-spd,4.0,2.3
34210,Compact Cars,Regular,Front-Wheel Drive,14.3308695652174,Buick,Automatic 3-spd,4.0,2.5
34211,Compact Cars,Regular,Front-Wheel Drive,16.4805,Buick,Automatic 3-spd,6.0,3.3
34212,Compact Cars,Regular,Front-Wheel Drive,13.73375,Chevrolet,Automatic 3-spd,4.0,2.2
34213,Compact Cars,Regular,Front-Wheel Drive,13.1844,Chevrolet,Manual 5-spd,4.0,2.2
34214,Compact Cars,Regular,Front-Wheel Drive,14.3308695652174,Chevrolet,Manual 5-spd,4.0,2.3
34215,Midsize-Large Station Wagons,Regular,Front-Wheel Drive,15.6957142857143,Plymouth,Automatic 3-spd,4.0,2.2
34216,Compact Cars,Regular,Front-Wheel Drive,16.4805,Chevrolet,Automatic 3-spd,6.0,3.1
34217,Compact Cars,Regular,Front-Wheel Drive,16.4805,Chevrolet,Manual 5-spd,6.0,3.1
34218,Compact Cars,Regular,Front-Wheel Drive,13.1844,Chevrolet,Automatic 3-spd,4.0,2.2
34219,Compact Cars,Regular,Front-Wheel Drive,12.6773076923077,Chevrolet,Manual 5-spd,4.0,2.2
34220,Compact Cars,Regular,Front-Wheel Drive,16.4805,Chevrolet,Automatic 3-spd,6.0,3.1
34221,Compact Cars,Regular,Front-Wheel Drive,16.4805,Chevrolet,Manual 5-spd,6.0,3.1
34222,Compact Cars,Premium,Front-Wheel Drive,16.4805,Chrysler,Manual 5-spd,4.0,2.2
34223,Compact Cars,Premium,Front-Wheel Drive,18.3116666666667,Chrysler,Automatic 3-spd,4.0,2.5
34224,Compact Cars,Regular,Front-Wheel Drive,15.6957142857143,Chrysler,Automatic 3-spd,4.0,2.5
34225,Compact Cars,Regular,Front-Wheel Drive,17.3478947368421,Chrysler,Automatic 4-spd,6.0,3.0
34226,Midsize-Large Station Wagons,Regular,Front-Wheel Drive,13.1844,Plymouth,Manual 4-spd,4.0,2.2
34227,Compact Cars,Regular,Front-Wheel Drive,16.4805,Chrysler,Manual 5-spd,6.0,3.0
34228,Compact Cars,Regular,Front-Wheel Drive,15.6957142857143,Nissan,Automatic 4-spd,4.0,2.4
34229,Compact Cars,Regular,Front-Wheel Drive,14.9822727272727,Nissan,Manual 5-spd,4.0,2.4
34230,Compact Cars,Regular,Front-Wheel Drive,14.9822727272727,Dodge,Automatic 3-spd,4.0,2.2
34231,Compact Cars,Premium,Front-Wheel Drive,15.6957142857143,Dodge,Manual 5-spd,4.0,2.2
34232,Compact Cars,Regular,Front-Wheel Drive,13.73375,Dodge,Manual 5-spd,4.0,2.2
34233,Compact Cars,Premium,Front-Wheel Drive,17.3478947368421,Dodge,Automatic 3-spd,4.0,2.5
34234,Compact Cars,Regular,Front-Wheel Drive,15.6957142857143,Dodge,Automatic 3-spd,4.0,2.5
34235,Compact Cars,Premium,Front-Wheel Drive,15.6957142857143,Dodge,Manual 5-spd,4.0,2.5
34236,Compact Cars,Regular,Front-Wheel Drive,13.73375,Dodge,Manual 5-spd,4.0,2.5
34237,Midsize-Large Station Wagons,Regular,Front-Wheel Drive,13.1844,Plymouth,Manual 5-spd,4.0,2.2
34238,Compact Cars,Regular,Front-Wheel Drive,13.1844,Eagle,Automatic 3-spd,4.0,1.5
34239,Compact Cars,Regular,Front-Wheel Drive,12.2077777777778,Eagle,Manual 5-spd,4.0,1.5
34240,Compact Cars,Regular,Front-Wheel Drive,14.3308695652174,Eagle,Automatic 4-spd,4.0,1.6
34241,Compact Cars,Regular,Front-Wheel Drive,14.3308695652174,Eagle,Manual 5-spd,4.0,1.6
34242,Compact Cars,Regular,Front-Wheel Drive,12.6773076923077,Ford,Automatic 3-spd,4.0,1.9
34243,Compact Cars,Regular,Front-Wheel Drive,10.3003125,Ford,Manual 4-spd,4.0,1.9
34244,Compact Cars,Regular,Front-Wheel Drive,13.73375,Ford,Manual 5-spd,4.0,1.9
34245,Compact Cars,Regular,Front-Wheel Drive,12.2077777777778,Ford,Manual 5-spd,4.0,1.9
34246,Compact Cars,Regular,Front-Wheel Drive,15.6957142857143,Ford,Automatic 4-spd,4.0,2.2
34247,Compact Cars,Premium,Front-Wheel Drive,17.3478947368421,Ford,Automatic 4-spd,4.0,2.2
34248,Midsize-Large Station Wagons,Regular,Front-Wheel Drive,15.6957142857143,Plymouth,Automatic 3-spd,4.0,2.2
34249,Compact Cars,Regular,Front-Wheel Drive,13.73375,Ford,Manual 5-spd,4.0,2.2
34250,Compact Cars,Premium,Front-Wheel Drive,15.6957142857143,Ford,Manual 5-spd,4.0,2.2
34251,Compact Cars,Regular,Front-Wheel Drive,15.6957142857143,Ford,Automatic 4-spd,6.0,3.0
34252,Compact Cars,Regular,Front-Wheel Drive,17.3478947368421,Ford,Manual 5-spd,6.0,3.0
34253,Compact Cars,Regular,Front-Wheel Drive,15.6957142857143,Ford,Automatic 3-spd,4.0,2.3
34254,Compact Cars,Regular,Front-Wheel Drive,13.73375,Ford,Manual 5-spd,4.0,2.3
34255,Compact Cars,Regular,Front-Wheel Drive,15.6957142857143,Ford,Manual 5-spd,4.0,2.3
34256,Compact Cars,Regular,4-Wheel or All-Wheel Drive,17.3478947368421,Ford,Automatic 3-spd,4.0,2.3
34257,Compact Cars,Regular,Front-Wheel Drive,14.9822727272727,Honda,Automatic 4-spd,4.0,2.2
34258,Compact Cars,Regular,Front-Wheel Drive,14.3308695652174,Honda,Manual 5-spd,4.0,2.2
34259,Midsize-Large Station Wagons,Regular,Front-Wheel Drive,17.3478947368421,Plymouth,Automatic 3-spd,4.0,2.6
34260,Compact Cars,Regular,Front-Wheel Drive,12.6773076923077,Isuzu,Automatic 3-spd,4.0,1.6
34261,Compact Cars,Regular,Front-Wheel Drive,10.987,Isuzu,Manual 5-spd,4.0,1.6
34262,Compact Cars,Regular,Front-Wheel Drive,13.1844,Isuzu,Manual 5-spd,4.0,1.6
34263,Compact Cars,Premium,Rear-Wheel Drive,19.3888235294118,Jaguar,Automatic 4-spd,6.0,4.0
34264,Compact Cars,Regular,Front-Wheel Drive,17.3478947368421,Lexus,Automatic 4-spd,6.0,2.5
34265,Compact Cars,Regular,Front-Wheel Drive,17.3478947368421,Lexus,Manual 5-spd,6.0,2.5
34266,Compact Cars,Regular,Front-Wheel Drive,15.6957142857143,Mercury,Automatic 3-spd,4.0,2.3
34267,Compact Cars,Regular,Front-Wheel Drive,13.73375,Mercury,Manual 5-spd,4.0,2.3
34268,Compact Cars,Regular,Front-Wheel Drive,15.6957142857143,Mercury,Manual 5-spd,4.0,2.3
34269,Compact Cars,Regular,4-Wheel or All-Wheel Drive,17.3478947368421,Mercury,Automatic 3-spd,4.0,2.3
34270,Subcompact Cars,Regular,Rear-Wheel Drive,19.3888235294118,Chevrolet,Automatic 4-spd,8.0,5.0
34271,Midsize-Large Station Wagons,Regular,Front-Wheel Drive,14.9822727272727,Pontiac,Automatic 3-spd,4.0,2.5
34272,Compact Cars,Regular,Front-Wheel Drive,13.1844,Mazda,Automatic 4-spd,4.0,1.6
34273,Compact Cars,Regular,Front-Wheel Drive,11.7717857142857,Mazda,Manual 5-spd,4.0,1.6
34274,Compact Cars,Regular,Front-Wheel Drive,13.73375,Mazda,Automatic 4-spd,4.0,1.8
34275,Compact Cars,Regular,4-Wheel or All-Wheel Drive,15.6957142857143,Mazda,Automatic 4-spd,4.0,1.8
34276,Compact Cars,Regular,Front-Wheel Drive,14.3308695652174,Mazda,Automatic 4-spd,4.0,1.8
34277,Compact Cars,Regular,Front-Wheel Drive,12.2077777777778,Mazda,Manual 5-spd,4.0,1.8
34278,Compact Cars,Regular,Front-Wheel Drive,13.73375,Mazda,Manual 5-spd,4.0,1.8
34279,Compact Cars,Regular,4-Wheel or All-Wheel Drive,14.3308695652174,Mazda,Manual 5-spd,4.0,1.8
34280,Compact Cars,Diesel,Rear-Wheel Drive,14.6994230769231,Mercedes-Benz,Automatic 4-spd,5.0,2.5
34281,Compact Cars,Premium,Rear-Wheel Drive,18.3116666666667,Mercedes-Benz,Automatic 4-spd,6.0,3.0
34282,Midsize-Large Station Wagons,Regular,Front-Wheel Drive,18.3116666666667,Pontiac,Automatic 3-spd,6.0,2.8
34283,Compact Cars,Premium,Rear-Wheel Drive,18.3116666666667,Mercedes-Benz,Automatic 4-spd,6.0,2.6
34284,Compact Cars,Premium,4-Wheel or All-Wheel Drive,19.3888235294118,Mercedes-Benz,Automatic 4-spd,6.0,3.0
34285,Compact Cars,Premium,Rear-Wheel Drive,20.600625,Mercedes-Benz,Automatic 4-spd,6.0,3.0
34286,Compact Cars,Premium,Rear-Wheel Drive,23.5435714285714,Mercedes-Benz,Automatic 4-spd,8.0,5.6
34287,Compact Cars,Regular,Front-Wheel Drive,16.4805,Mitsubishi,Automatic 4-spd,4.0,2.0
34288,Compact Cars,Regular,Front-Wheel Drive,15.6957142857143,Mitsubishi,Automatic 4-spd,4.0,2.0
34289,Compact Cars,Regular,4-Wheel or All-Wheel Drive,17.3478947368421,Mitsubishi,Manual 5-spd,4.0,2.0
34290,Compact Cars,Regular,Front-Wheel Drive,15.6957142857143,Mitsubishi,Manual 5-spd,4.0,2.0
34291,Compact Cars,Regular,Front-Wheel Drive,14.9822727272727,Mitsubishi,Manual 5-spd,4.0,2.0
34292,Compact Cars,Regular,Front-Wheel Drive,18.3116666666667,Mitsubishi,Automatic 4-spd,6.0,3.0
34293,Midsize-Large Station Wagons,Regular,Front-Wheel Drive,17.3478947368421,Pontiac,Automatic 4-spd,6.0,2.8
34294,Compact Cars,Regular,Front-Wheel Drive,14.3308695652174,Oldsmobile,Automatic 3-spd,4.0,2.3
34295,Compact Cars,Regular,Front-Wheel Drive,14.3308695652174,Oldsmobile,Manual 5-spd,4.0,2.3
34296,Compact Cars,Regular,Front-Wheel Drive,14.3308695652174,Oldsmobile,Automatic 3-spd,4.0,2.5
34297,Compact Cars,Regular,Front-Wheel Drive,14.3308695652174,Oldsmobile,Manual 5-spd,4.0,2.5
34298,Compact Cars,Regular,Front-Wheel Drive,16.4805,Oldsmobile,Automatic 3-spd,6.0,3.3
34299,Compact Cars,Regular,Front-Wheel Drive,16.4805,Peugeot,Automatic 4-spd,4.0,1.9
34300,Compact Cars,Premium,Front-Wheel Drive,15.6957142857143,Peugeot,Manual 5-spd,4.0,1.9
34301,Compact Cars,Regular,Front-Wheel Drive,16.4805,Peugeot,Manual 5-spd,4.0,1.9
34302,Compact Cars,Regular,Front-Wheel Drive,14.9822727272727,Plymouth,Automatic 3-spd,4.0,2.2
34303,Compact Cars,Regular,Front-Wheel Drive,13.73375,Plymouth,Manual 5-spd,4.0,2.2
34304,Midsize-Large Station Wagons,Regular,Front-Wheel Drive,17.3478947368421,Pontiac,Automatic 3-spd,6.0,2.8
34305,Compact Cars,Premium,Front-Wheel Drive,17.3478947368421,Plymouth,Automatic 3-spd,4.0,2.5
34306,Compact Cars,Regular,Front-Wheel Drive,15.6957142857143,Plymouth,Automatic 3-spd,4.0,2.5
34307,Compact Cars,Premium,Front-Wheel Drive,15.6957142857143,Plymouth,Manual 5-spd,4.0,2.5
34308,Compact Cars,Regular,Front-Wheel Drive,13.73375,Plymouth,Manual 5-spd,4.0,2.5
34309,Compact Cars,Regular,Front-Wheel Drive,14.3308695652174,Pontiac,Automatic 3-spd,4.0,2.3
34310,Compact Cars,Regular,Front-Wheel Drive,14.3308695652174,Pontiac,Manual 5-spd,4.0,2.3
34311,Compact Cars,Regular,Front-Wheel Drive,14.3308695652174,Pontiac,Automatic 3-spd,4.0,2.5
34312,Compact Cars,Regular,Front-Wheel Drive,14.3308695652174,Pontiac,Manual 5-spd,4.0,2.5
34313,Compact Cars,Regular,Front-Wheel Drive,12.6773076923077,Pontiac,Automatic 3-spd,4.0,1.6
34314,Compact Cars,Regular,Front-Wheel Drive,11.7717857142857,Pontiac,Manual 4-spd,4.0,1.6
34315,Midsize-Large Station Wagons,Regular,Front-Wheel Drive,16.4805,Pontiac,Automatic 4-spd,6.0,2.8
34316,Compact Cars,Regular,Front-Wheel Drive,10.987,Pontiac,Manual 5-spd,4.0,1.6
34317,Compact Cars,Regular,Front-Wheel Drive,14.3308695652174,Pontiac,Automatic 3-spd,4.0,2.0
34318,Compact Cars,Regular,Front-Wheel Drive,13.1844,Pontiac,Manual 5-spd,4.0,2.0
34319,Compact Cars,Regular,Front-Wheel Drive,13.73375,Pontiac,Automatic 3-spd,4.0,2.0
34320,Compact Cars,Premium,Front-Wheel Drive,15.6957142857143,Pontiac,Automatic 3-spd,4.0,2.0
34321,Compact Cars,Regular,Front-Wheel Drive,12.6773076923077,Pontiac,Manual 5-spd,4.0,2.0
34322,Compact Cars,Premium,Front-Wheel Drive,14.9822727272727,Pontiac,Manual 5-spd,4.0,2.0
34323,Compact Cars,Regular,Front-Wheel Drive,17.3478947368421,Saab,Automatic 3-spd,4.0,2.0
34324,Compact Cars,Regular,Front-Wheel Drive,18.3116666666667,Saab,Automatic 3-spd,4.0,2.0
34325,Compact Cars,Premium,Front-Wheel Drive,15.6957142857143,Saab,Manual 5-spd,4.0,2.0
34326,Midsize-Large Station Wagons,Diesel,Front-Wheel Drive,14.6994230769231,Pontiac,Automatic 3-spd,6.0,4.3
34327,Compact Cars,Regular,Front-Wheel Drive,14.9822727272727,Saab,Manual 5-spd,4.0,2.0
34328,Compact Cars,Regular,Front-Wheel Drive,14.9822727272727,Saab,Manual 5-spd,4.0,2.0
34329,Compact Cars,Premium,Front-Wheel Drive,15.6957142857143,Saab,Manual 5-spd,4.0,2.0
34330,Compact Cars,Regular,Front-Wheel Drive,15.6957142857143,Subaru,Automatic 4-spd,4.0,2.2
34331,Compact Cars,Regular,Front-Wheel Drive,14.9822727272727,Subaru,Manual 5-spd,4.0,2.2
34332,Compact Cars,Regular,4-Wheel or All-Wheel Drive,16.4805,Subaru,Automatic 4-spd,4.0,2.2
34333,Compact Cars,Regular,4-Wheel or All-Wheel Drive,16.4805,Subaru,Manual 5-spd,4.0,2.2
34334,Compact Cars,Regular,Front-Wheel Drive,16.4805,Subaru,Automatic 3-spd,4.0,1.8
34335,Compact Cars,Regular,Front-Wheel Drive,14.9822727272727,Subaru,Automatic 3-spd,4.0,1.8
34336,Compact Cars,Regular,Front-Wheel Drive,13.1844,Subaru,Manual 5-spd,4.0,1.8
34337,Midsize-Large Station Wagons,Premium,Rear-Wheel Drive,17.3478947368421,Toyota,Automatic 4-spd,6.0,2.8
34338,Compact Cars,Regular,4-Wheel or All-Wheel Drive,16.4805,Subaru,Automatic 4-spd,4.0,1.8
34339,Compact Cars,Regular,Front-Wheel Drive,13.73375,Toyota,Automatic 4-spd,4.0,2.0
34340,Compact Cars,Regular,4-Wheel or All-Wheel Drive,16.4805,Toyota,Automatic 4-spd,4.0,2.0
34341,Compact Cars,Regular,Front-Wheel Drive,13.73375,Toyota,Automatic 4-spd,4.0,2.0
34342,Compact Cars,Regular,4-Wheel or All-Wheel Drive,15.6957142857143,Toyota,Manual 5-spd,4.0,2.0
34343,Compact Cars,Regular,Front-Wheel Drive,12.6773076923077,Toyota,Manual 5-spd,4.0,2.0
34344,Compact Cars,Regular,Front-Wheel Drive,17.3478947368421,Toyota,Automatic 4-spd,6.0,2.5
34345,Compact Cars,Regular,Front-Wheel Drive,17.3478947368421,Toyota,Manual 5-spd,6.0,2.5
34346,Compact Cars,Premium,Rear-Wheel Drive,17.3478947368421,Toyota,Automatic 4-spd,6.0,3.0
34347,Compact Cars,Regular,Front-Wheel Drive,14.3308695652174,Volkswagen,Automatic 3-spd,4.0,1.8
34348,Midsize-Large Station Wagons,Regular,Rear-Wheel Drive,19.3888235294118,Volvo,Automatic 4-spd,4.0,2.1
34349,Compact Cars,Regular,Front-Wheel Drive,13.1844,Volkswagen,Manual 5-spd,4.0,1.8
34350,Compact Cars,Regular,Front-Wheel Drive,14.9822727272727,Volkswagen,Manual 5-spd,4.0,2.0
34351,Compact Cars,Diesel,Front-Wheel Drive,11.2407352941176,Volkswagen,Manual 5-spd,4.0,1.6
34352,Compact Cars,Regular,Front-Wheel Drive,14.3308695652174,Volkswagen,Automatic 3-spd,4.0,1.8
34353,Compact Cars,Regular,Front-Wheel Drive,13.1844,Volkswagen,Manual 5-spd,4.0,1.8
34354,Compact Cars,Regular,Front-Wheel Drive,14.9822727272727,Volkswagen,Manual 5-spd,4.0,2.0
34355,Compact Cars,Regular,Rear-Wheel Drive,16.4805,Volvo,Automatic 4-spd,4.0,2.3
34356,Compact Cars,Regular,Rear-Wheel Drive,15.6957142857143,Volvo,Manual 5-spd,4.0,2.3
34357,Compact Cars,Regular,Rear-Wheel Drive,18.3116666666667,Volvo,Automatic 4-spd,4.0,2.3
34358,Compact Cars,Regular,Rear-Wheel Drive,19.3888235294118,Volvo,Automatic 4-spd,6.0,2.8
34359,Midsize-Large Station Wagons,Regular,Rear-Wheel Drive,19.3888235294118,Volvo,Manual 4-spd,4.0,2.1
34360,Midsize Cars,Premium,Front-Wheel Drive,18.3116666666667,Pontiac,Automatic 4-spd,6.0,3.1
34361,Midsize Cars,Premium,Front-Wheel Drive,18.3116666666667,Pontiac,Automatic 4-spd,6.0,3.1
34362,Midsize Cars,Regular,4-Wheel or All-Wheel Drive,23.5435714285714,Audi,Automatic 4-spd,8.0,3.6
34363,Midsize Cars,Regular,4-Wheel or All-Wheel Drive,21.974,Audi,Manual 5-spd,8.0,3.6
34364,Midsize Cars,Regular,Front-Wheel Drive,18.3116666666667,Audi,Automatic 3-spd,5.0,2.3
34365,Midsize Cars,Regular,Front-Wheel Drive,18.3116666666667,Audi,Automatic 4-spd,5.0,2.3
34366,Midsize Cars,Regular,4-Wheel or All-Wheel Drive,18.3116666666667,Audi,Manual 5-spd,5.0,2.3
34367,Midsize Cars,Regular,Front-Wheel Drive,18.3116666666667,Audi,Automatic 3-spd,5.0,2.2
34368,Midsize Cars,Regular,4-Wheel or All-Wheel Drive,18.3116666666667,Audi,Manual 5-spd,5.0,2.2
34369,Midsize Cars,Regular,Rear-Wheel Drive,20.600625,BMW,Automatic 4-spd,6.0,3.4
34370,Midsize-Large Station Wagons,Regular,Rear-Wheel Drive,16.4805,Volvo,Automatic 4-spd,4.0,2.3
34371,Midsize Cars,Regular,Rear-Wheel Drive,20.600625,BMW,Manual 5-spd,6.0,3.4
34372,Midsize Cars,Regular,Rear-Wheel Drive,20.600625,BMW,Automatic 4-spd,6.0,3.4
34373,Midsize Cars,Regular,Rear-Wheel Drive,25.3546153846154,BMW,Automatic 4-spd,12.0,5.0
34374,Midsize Cars,Regular,Front-Wheel Drive,14.3308695652174,Buick,Automatic 3-spd,4.0,2.5
34375,Midsize Cars,Regular,Front-Wheel Drive,16.4805,Buick,Automatic 3-spd,6.0,3.3
34376,Midsize Cars,Regular,Front-Wheel Drive,15.6957142857143,Buick,Automatic 4-spd,6.0,3.3
34377,Midsize Cars,Regular,Front-Wheel Drive,16.4805,Buick,Automatic 4-spd,6.0,3.1
34378,Midsize Cars,Regular,Front-Wheel Drive,17.3478947368421,Buick,Automatic 4-spd,6.0,3.8
34379,Midsize Cars,Regular,Front-Wheel Drive,17.3478947368421,Buick,Automatic 4-spd,6.0,3.8
34380,Midsize Cars,Premium,Front-Wheel Drive,19.3888235294118,Cadillac,Automatic 4-spd,8.0,4.5
34381,Subcompact Cars,Regular,Front-Wheel Drive,13.73375,Chevrolet,Automatic 3-spd,4.0,2.0
34382,Midsize-Large Station Wagons,Regular,Rear-Wheel Drive,14.9822727272727,Volvo,Manual 4-spd,4.0,2.3
34383,Midsize Cars,Premium,Front-Wheel Drive,19.3888235294118,Cadillac,Automatic 4-spd,8.0,4.5
34384,Midsize Cars,Regular,Front-Wheel Drive,13.73375,Chevrolet,Automatic 3-spd,4.0,2.2
34385,Midsize Cars,Regular,Front-Wheel Drive,13.1844,Chevrolet,Manual 5-spd,4.0,2.2
34386,Midsize Cars,Regular,Front-Wheel Drive,16.4805,Chevrolet,Automatic 3-spd,6.0,3.1
34387,Midsize Cars,Regular,Front-Wheel Drive,16.4805,Chevrolet,Manual 5-spd,6.0,3.1
34388,Midsize Cars,Regular,Front-Wheel Drive,15.6957142857143,Chevrolet,Automatic 3-spd,4.0,2.5
34389,Midsize Cars,Regular,Front-Wheel Drive,16.4805,Chevrolet,Automatic 3-spd,6.0,3.1
34390,Midsize Cars,Regular,Front-Wheel Drive,16.4805,Chevrolet,Automatic 4-spd,6.0,3.1
34391,Midsize Cars,Regular,Front-Wheel Drive,17.3478947368421,Chrysler,Automatic 4-spd,6.0,3.0
34392,Midsize Cars,Regular,Front-Wheel Drive,17.3478947368421,Chrysler,Automatic 4-spd,6.0,3.0
34393,Midsize-Large Station Wagons,Regular,Rear-Wheel Drive,19.3888235294118,Buick,Automatic 4-spd,8.0,5.0
34394,Midsize Cars,Regular,Front-Wheel Drive,17.3478947368421,Chrysler,Automatic 4-spd,6.0,3.3
34395,Midsize Cars,Premium,Front-Wheel Drive,17.3478947368421,Nissan,Automatic 4-spd,6.0,3.0
34396,Midsize Cars,Premium,Front-Wheel Drive,16.4805,Nissan,Manual 5-spd,6.0,3.0
34397,Midsize Cars,Regular,Front-Wheel Drive,15.6957142857143,Dodge,Automatic 3-spd,4.0,2.5
34398,Midsize Cars,Regular,Front-Wheel Drive,17.3478947368421,Dodge,Automatic 4-spd,6.0,3.0
34399,Midsize Cars,Regular,Front-Wheel Drive,17.3478947368421,Dodge,Automatic 4-spd,6.0,3.3
34400,Midsize Cars,Premium,Front-Wheel Drive,18.3116666666667,Dodge,Automatic 3-spd,4.0,2.5
34401,Midsize Cars,Regular,Front-Wheel Drive,15.6957142857143,Dodge,Automatic 3-spd,4.0,2.5
34402,Midsize Cars,Premium,Front-Wheel Drive,15.6957142857143,Dodge,Manual 5-spd,4.0,2.5
34403,Midsize Cars,Regular,Front-Wheel Drive,13.73375,Dodge,Manual 5-spd,4.0,2.5
34404,Midsize-Large Station Wagons,Diesel,Rear-Wheel Drive,18.1992857142857,Buick,Automatic 4-spd,8.0,5.7
34405,Midsize Cars,Regular,Front-Wheel Drive,17.3478947368421,Dodge,Automatic 4-spd,6.0,3.0
34406,Midsize Cars,Regular,Front-Wheel Drive,16.4805,Ford,Automatic 3-spd,4.0,2.5
34407,Midsize Cars,Regular,Front-Wheel Drive,15.6957142857143,Ford,Automatic 4-spd,6.0,3.0
34408,Midsize Cars,Premium,Front-Wheel Drive,17.3478947368421,Ford,Manual 5-spd,6.0,3.0
34409,Midsize Cars,Regular,Front-Wheel Drive,16.4805,Ford,Automatic 4-spd,6.0,3.8
34410,Midsize Cars,Regular,Rear-Wheel Drive,16.4805,Ford,Automatic 4-spd,6.0,3.8
34411,Midsize Cars,Premium,Rear-Wheel Drive,18.3116666666667,Ford,Automatic 4-spd,6.0,3.8
34412,Midsize Cars,Premium,Rear-Wheel Drive,18.3116666666667,Ford,Manual 5-spd,6.0,3.8
34413,Midsize Cars,Regular,Front-Wheel Drive,16.4805,Hyundai,Automatic 4-spd,4.0,2.4
34414,Midsize Cars,Regular,Front-Wheel Drive,15.6957142857143,Hyundai,Manual 5-spd,4.0,2.4
34415,Midsize-Large Station Wagons,Regular,Rear-Wheel Drive,20.600625,Chevrolet,Automatic 4-spd,8.0,5.0
34416,Midsize Cars,Regular,Front-Wheel Drive,18.3116666666667,Hyundai,Automatic 4-spd,6.0,3.0
34417,Midsize Cars,Premium,Rear-Wheel Drive,19.3888235294118,Infiniti,Automatic 4-spd,8.0,4.5
34418,Midsize Cars,Premium,Rear-Wheel Drive,18.3116666666667,Lexus,Automatic 4-spd,8.0,4.0
34419,Midsize Cars,Premium,Rear-Wheel Drive,18.3116666666667,Mercury,Automatic 4-spd,6.0,3.8
34420,Midsize Cars,Regular,Rear-Wheel Drive,16.4805,Mercury,Automatic 4-spd,6.0,3.8
34421,Midsize Cars,Premium,Rear-Wheel Drive,18.3116666666667,Mercury,Manual 5-spd,6.0,3.8
34422,Midsize Cars,Regular,Rear-Wheel Drive,18.3116666666667,Lincoln,Automatic 4-spd,8.0,5.0
34423,Midsize Cars,Regular,Front-Wheel Drive,15.6957142857143,Mercury,Automatic 4-spd,6.0,3.0
34424,Midsize Cars,Regular,Front-Wheel Drive,16.4805,Mercury,Automatic 4-spd,6.0,3.8
34425,Midsize Cars,Premium,Rear-Wheel Drive,23.5435714285714,Maserati,Automatic 4-spd,6.0,2.8
34426,Midsize-Large Station Wagons,Diesel,Rear-Wheel Drive,18.1992857142857,Chevrolet,Automatic 4-spd,8.0,5.7
34427,Midsize Cars,Premium,Rear-Wheel Drive,23.5435714285714,Maserati,Manual 5-spd,6.0,2.8
34428,Midsize Cars,Regular,Front-Wheel Drive,14.9822727272727,Mazda,Automatic 4-spd,4.0,2.2
34429,Midsize Cars,Premium,Front-Wheel Drive,17.3478947368421,Mazda,Automatic 4-spd,4.0,2.2
34430,Midsize Cars,Regular,Front-Wheel Drive,13.73375,Mazda,Manual 5-spd,4.0,2.2
34431,Midsize Cars,Premium,Front-Wheel Drive,15.6957142857143,Mazda,Manual 5-spd,4.0,2.2
34432,Midsize Cars,Regular,Rear-Wheel Drive,18.3116666666667,Mazda,Automatic 4-spd,6.0,3.0
34433,Midsize Cars,Regular,Rear-Wheel Drive,18.3116666666667,Mazda,Automatic 4-spd,6.0,3.0
34434,Midsize Cars,Premium,Rear-Wheel Drive,20.600625,Mercedes-Benz,Automatic 4-spd,6.0,3.0
34435,Midsize Cars,Diesel,Rear-Wheel Drive,18.1992857142857,Mercedes-Benz,Automatic 4-spd,6.0,3.5
34436,Midsize Cars,Premium,Rear-Wheel Drive,21.974,Mercedes-Benz,Automatic 4-spd,8.0,4.2
34437,Midsize-Large Station Wagons,Regular,Rear-Wheel Drive,19.3888235294118,Ford,Automatic 4-spd,8.0,5.0
34438,Midsize Cars,Premium,Rear-Wheel Drive,25.3546153846154,Mercedes-Benz,Automatic 4-spd,8.0,5.6
34439,Midsize Cars,Regular,Front-Wheel Drive,14.3308695652174,Oldsmobile,Automatic 3-spd,4.0,2.5
34440,Midsize Cars,Regular,Front-Wheel Drive,16.4805,Oldsmobile,Automatic 3-spd,6.0,3.3
34441,Midsize Cars,Regular,Front-Wheel Drive,15.6957142857143,Oldsmobile,Automatic 4-spd,6.0,3.3
34442,Midsize Cars,Regular,Front-Wheel Drive,14.9822727272727,Oldsmobile,Automatic 3-spd,4.0,2.3
34443,Midsize Cars,Regular,Front-Wheel Drive,14.3308695652174,Oldsmobile,Manual 5-spd,4.0,2.3
34444,Midsize Cars,Regular,Front-Wheel Drive,16.4805,Oldsmobile,Automatic 4-spd,6.0,3.1
34445,Midsize Cars,Regular,Front-Wheel Drive,17.3478947368421,Oldsmobile,Automatic 4-spd,6.0,3.8
34446,Midsize Cars,Regular,Front-Wheel Drive,15.6957142857143,Plymouth,Automatic 3-spd,4.0,2.5
34447,Midsize Cars,Premium,Front-Wheel Drive,15.6957142857143,Plymouth,Manual 5-spd,4.0,2.5
34448,Midsize-Large Station Wagons,Regular,Rear-Wheel Drive,19.3888235294118,Mercury,Automatic 4-spd,8.0,5.0
34449,Midsize Cars,Regular,Front-Wheel Drive,13.73375,Plymouth,Manual 5-spd,4.0,2.5
34450,Midsize Cars,Regular,Front-Wheel Drive,17.3478947368421,Plymouth,Automatic 4-spd,6.0,3.0
34451,Midsize Cars,Regular,Front-Wheel Drive,14.9822727272727,Pontiac,Automatic 3-spd,4.0,2.3
34452,Midsize Cars,Regular,Front-Wheel Drive,16.4805,Pontiac,Automatic 4-spd,6.0,3.1
34453,Midsize Cars,Regular,Front-Wheel Drive,17.3478947368421,Pontiac,Manual 5-spd,6.0,3.1
34454,Midsize Cars,Regular,Front-Wheel Drive,14.3308695652174,Pontiac,Automatic 3-spd,4.0,2.5
34455,Midsize Cars,Regular,Front-Wheel Drive,16.4805,Pontiac,Automatic 3-spd,6.0,3.1
34456,Midsize Cars,Regular,4-Wheel or All-Wheel Drive,18.3116666666667,Pontiac,Automatic 3-spd,6.0,3.1
34457,Midsize Cars,Regular,Front-Wheel Drive,16.4805,Pontiac,Automatic 4-spd,6.0,3.1
34458,Midsize Cars,Premium,Rear-Wheel Drive,32.961,Rolls-Royce,Automatic 3-spd,8.0,6.8
34459,Midsize-Large Station Wagons,Regular,Rear-Wheel Drive,19.3888235294118,Oldsmobile,Automatic 4-spd,8.0,5.0
34460,Midsize Cars,Premium,Rear-Wheel Drive,32.961,Rolls-Royce,Automatic 3-spd,8.0,6.8
34461,Midsize Cars,Regular,Front-Wheel Drive,15.6957142857143,Volkswagen,Automatic 4-spd,4.0,2.0
34462,Midsize Cars,Regular,Front-Wheel Drive,15.6957142857143,Volkswagen,Manual 5-spd,4.0,2.0
34463,Midsize Cars,Regular,Rear-Wheel Drive,18.3116666666667,Volvo,Automatic 4-spd,4.0,2.3
34464,Midsize Cars,Regular,Rear-Wheel Drive,16.4805,Volvo,Automatic 4-spd,4.0,2.3
34465,Midsize Cars,Regular,Rear-Wheel Drive,16.4805,Volvo,Manual 4-spd,4.0,2.3
34466,Midsize Cars,Regular,Rear-Wheel Drive,15.6957142857143,Volvo,Manual 5-spd,4.0,2.3
34467,Midsize Cars,Regular,Rear-Wheel Drive,18.3116666666667,Volvo,Automatic 4-spd,4.0,2.3
34468,Midsize Cars,Regular,Rear-Wheel Drive,17.3478947368421,Volvo,Manual 4-spd,4.0,2.3
34469,Midsize Cars,Regular,Rear-Wheel Drive,18.3116666666667,Volvo,Automatic 4-spd,4.0,2.3
34470,Midsize-Large Station Wagons,Diesel,Rear-Wheel Drive,18.1992857142857,Oldsmobile,Automatic 4-spd,8.0,5.7
34471,Midsize Cars,Regular,Rear-Wheel Drive,19.3888235294118,Volvo,Automatic 4-spd,6.0,2.8
34472,Large Cars,Regular,Front-Wheel Drive,17.3478947368421,Buick,Automatic 4-spd,6.0,3.8
34473,Large Cars,Regular,Front-Wheel Drive,17.3478947368421,Buick,Automatic 4-spd,6.0,3.8
34474,Large Cars,Regular,Rear-Wheel Drive,18.3116666666667,Cadillac,Automatic 4-spd,8.0,5.0
34475,Large Cars,Regular,Rear-Wheel Drive,21.974,Cadillac,Automatic 4-spd,8.0,5.7
34476,Large Cars,Premium,Front-Wheel Drive,19.3888235294118,Cadillac,Automatic 4-spd,8.0,4.5
34477,Large Cars,Regular,Rear-Wheel Drive,16.4805,Chevrolet,Automatic 4-spd,6.0,4.3
34478,Large Cars,Regular,Rear-Wheel Drive,18.3116666666667,Chevrolet,Automatic 4-spd,8.0,5.0
34479,Large Cars,Regular,Rear-Wheel Drive,21.974,Chevrolet,Automatic 4-spd,8.0,5.7
34480,Large Cars,Regular,Front-Wheel Drive,18.3116666666667,Chrysler,Automatic 4-spd,6.0,3.3
34481,Midsize-Large Station Wagons,Regular,Rear-Wheel Drive,20.600625,Pontiac,Automatic 4-spd,8.0,5.0
34482,Large Cars,Regular,Front-Wheel Drive,18.3116666666667,Dodge,Automatic 4-spd,6.0,3.0
34483,Large Cars,Regular,Front-Wheel Drive,18.3116666666667,Eagle,Automatic 4-spd,6.0,3.0
34484,Large Cars,Regular,Rear-Wheel Drive,18.3116666666667,Ford,Automatic 4-spd,8.0,5.0
34485,Large Cars,Regular,Rear-Wheel Drive,23.5435714285714,Ford,Automatic 4-spd,8.0,5.8
34486,Large Cars,Regular,Front-Wheel Drive,17.3478947368421,Lincoln,Automatic 4-spd,6.0,3.8
34487,Large Cars,Regular,Rear-Wheel Drive,18.3116666666667,Mercury,Automatic 4-spd,8.0,5.0
34488,Large Cars,Regular,Rear-Wheel Drive,18.3116666666667,Lincoln,Automatic 4-spd,8.0,5.0
34489,Large Cars,Regular,Front-Wheel Drive,17.3478947368421,Oldsmobile,Automatic 4-spd,6.0,3.8
34490,Large Cars,Regular,Front-Wheel Drive,17.3478947368421,Oldsmobile,Automatic 4-spd,6.0,3.8
34491,Large Cars,Regular,Front-Wheel Drive,17.3478947368421,Pontiac,Automatic 4-spd,6.0,3.8
34492,Subcompact Cars,Regular,Front-Wheel Drive,12.6773076923077,Chevrolet,Manual 4-spd,4.0,2.0
34493,Midsize-Large Station Wagons,Diesel,Rear-Wheel Drive,18.1992857142857,Pontiac,Automatic 4-spd,8.0,5.7
34494,Large Cars,Regular,Front-Wheel Drive,17.3478947368421,Saab,Automatic 4-spd,4.0,2.0
34495,Large Cars,Regular,Front-Wheel Drive,18.3116666666667,Saab,Automatic 4-spd,4.0,2.0
34496,Large Cars,Regular,Front-Wheel Drive,16.4805,Saab,Manual 5-spd,4.0,2.0
34497,Large Cars,Regular,Front-Wheel Drive,15.6957142857143,Saab,Manual 5-spd,4.0,2.0
34498,Large Cars,Regular,Front-Wheel Drive,18.3116666666667,Saab,Automatic 4-spd,4.0,2.3
34499,Large Cars,Regular,Front-Wheel Drive,16.4805,Saab,Manual 5-spd,4.0,2.3
34500,Small Station Wagons,Regular,Front-Wheel Drive,13.73375,Chevrolet,Automatic 3-spd,4.0,2.2
34501,Small Station Wagons,Regular,Front-Wheel Drive,12.6773076923077,Chevrolet,Manual 5-spd,4.0,2.2
34502,Small Station Wagons,Regular,Front-Wheel Drive,16.4805,Chevrolet,Automatic 3-spd,6.0,3.1
34503,Small Station Wagons,Regular,Front-Wheel Drive,16.4805,Chevrolet,Manual 5-spd,6.0,3.1
34504,Small Pickup Trucks,Regular,Rear-Wheel Drive,14.3308695652174,Chevrolet,Manual 4-spd,4.0,1.9
34505,Small Station Wagons,Regular,Front-Wheel Drive,13.1844,Nissan,Automatic 3-spd,4.0,1.6
34506,Small Station Wagons,Regular,Front-Wheel Drive,12.2077777777778,Nissan,Manual 5-spd,4.0,1.6
34507,Small Station Wagons,Regular,Front-Wheel Drive,16.4805,Dodge,Automatic 3-spd,4.0,2.0
34508,Small Station Wagons,Regular,Front-Wheel Drive,14.9822727272727,Dodge,Manual 5-spd,4.0,2.0
34509,Small Station Wagons,Regular,Front-Wheel Drive,13.1844,Dodge,Automatic 3-spd,4.0,1.5
34510,Small Station Wagons,Regular,Front-Wheel Drive,12.2077777777778,Dodge,Manual 5-spd,4.0,1.5
34511,Small Station Wagons,Regular,Front-Wheel Drive,13.1844,Ford,Automatic 3-spd,4.0,1.9
34512,Small Station Wagons,Regular,Front-Wheel Drive,12.2077777777778,Ford,Manual 5-spd,4.0,1.9
34513,Small Station Wagons,Regular,Front-Wheel Drive,12.6773076923077,Honda,Automatic 4-spd,4.0,1.5
34514,Small Station Wagons,Regular,Front-Wheel Drive,11.3658620689655,Honda,Manual 5-spd,4.0,1.5
34515,Small Pickup Trucks,Diesel,Rear-Wheel Drive,13.6494642857143,Chevrolet,Manual 4-spd,4.0,2.2
34516,Small Station Wagons,Regular,4-Wheel or All-Wheel Drive,14.9822727272727,Honda,Automatic 4-spd,4.0,1.6
34517,Small Station Wagons,Regular,4-Wheel or All-Wheel Drive,14.9822727272727,Honda,Manual 5-spd,4.0,1.6
34518,Small Station Wagons,Regular,Front-Wheel Drive,13.1844,Mitsubishi,Automatic 3-spd,4.0,1.5
34519,Small Station Wagons,Regular,Front-Wheel Drive,12.2077777777778,Mitsubishi,Manual 5-spd,4.0,1.5
34520,Small Station Wagons,Regular,Front-Wheel Drive,16.4805,Mitsubishi,Automatic 3-spd,4.0,2.0
34521,Small Station Wagons,Regular,Front-Wheel Drive,16.4805,Plymouth,Automatic 3-spd,4.0,2.0
34522,Small Station Wagons,Regular,Front-Wheel Drive,14.9822727272727,Plymouth,Manual 5-spd,4.0,2.0
34523,Small Station Wagons,Regular,Front-Wheel Drive,13.1844,Plymouth,Automatic 3-spd,4.0,1.5
34524,Small Station Wagons,Regular,Front-Wheel Drive,12.2077777777778,Plymouth,Manual 5-spd,4.0,1.5
34525,Small Station Wagons,Regular,Front-Wheel Drive,15.6957142857143,Subaru,Automatic 4-spd,4.0,2.2
34526,Small Pickup Trucks,Diesel,Rear-Wheel Drive,13.6494642857143,Chevrolet,Manual 5-spd,4.0,2.2
34527,Small Station Wagons,Regular,Front-Wheel Drive,14.9822727272727,Subaru,Manual 5-spd,4.0,2.2
34528,Small Station Wagons,Regular,4-Wheel or All-Wheel Drive,16.4805,Subaru,Automatic 4-spd,4.0,2.2
34529,Small Station Wagons,Regular,4-Wheel or All-Wheel Drive,16.4805,Subaru,Manual 5-spd,4.0,2.2
34530,Small Station Wagons,Regular,Front-Wheel Drive,16.4805,Subaru,Automatic 3-spd,4.0,1.8
34531,Small Station Wagons,Regular,Front-Wheel Drive,14.9822727272727,Subaru,Automatic 3-spd,4.0,1.8
34532,Small Station Wagons,Regular,Front-Wheel Drive,13.73375,Subaru,Manual 5-spd,4.0,1.8
34533,Small Station Wagons,Regular,4-Wheel or All-Wheel Drive,16.4805,Subaru,Automatic 4-spd,4.0,1.8
34534,Small Station Wagons,Regular,Front-Wheel Drive,13.73375,Toyota,Automatic 4-spd,4.0,2.0
34535,Small Station Wagons,Regular,Front-Wheel Drive,17.3478947368421,Toyota,Automatic 4-spd,6.0,2.5
34536,Small Station Wagons,Regular,4-Wheel or All-Wheel Drive,14.3308695652174,Toyota,Automatic 4-spd,4.0,1.6
34537,Small Pickup Trucks,Regular,Rear-Wheel Drive,15.6957142857143,Chevrolet,Automatic 4-spd,4.0,2.5
34538,Small Station Wagons,Regular,4-Wheel or All-Wheel Drive,14.9822727272727,Toyota,Manual 5-spd,4.0,1.6
34539,Small Station Wagons,Regular,Front-Wheel Drive,13.73375,Toyota,Automatic 3-spd,4.0,1.6
34540,Small Station Wagons,Regular,Front-Wheel Drive,12.6773076923077,Toyota,Manual 5-spd,4.0,1.6
34541,Small Station Wagons,Regular,Front-Wheel Drive,13.73375,Volkswagen,Manual 4-spd,4.0,1.8
34542,Midsize-Large Station Wagons,Regular,4-Wheel or All-Wheel Drive,18.3116666666667,Audi,Manual 5-spd,5.0,2.2
34543,Midsize-Large Station Wagons,Regular,Front-Wheel Drive,15.6957142857143,Buick,Automatic 3-spd,4.0,2.5
34544,Midsize-Large Station Wagons,Regular,Front-Wheel Drive,17.3478947368421,Buick,Automatic 3-spd,6.0,3.3
34545,Midsize-Large Station Wagons,Regular,Front-Wheel Drive,15.6957142857143,Buick,Automatic 4-spd,6.0,3.3
34546,Midsize-Large Station Wagons,Regular,Front-Wheel Drive,14.3308695652174,Chevrolet,Automatic 3-spd,4.0,2.5
34547,Midsize-Large Station Wagons,Regular,Front-Wheel Drive,16.4805,Chevrolet,Automatic 4-spd,6.0,3.1
34548,Small Pickup Trucks,Regular,Rear-Wheel Drive,15.6957142857143,Chevrolet,Manual 4-spd,4.0,2.5
34549,Midsize-Large Station Wagons,Regular,Front-Wheel Drive,15.6957142857143,Ford,Automatic 4-spd,6.0,3.0
34550,Midsize-Large Station Wagons,Regular,Front-Wheel Drive,18.3116666666667,Ford,Automatic 4-spd,6.0,3.8
34551,Midsize-Large Station Wagons,Regular,Front-Wheel Drive,17.3478947368421,Ford,Automatic 4-spd,6.0,3.0
34552,Midsize-Large Station Wagons,Regular,Front-Wheel Drive,15.6957142857143,Mercury,Automatic 4-spd,6.0,3.0
34553,Midsize-Large Station Wagons,Regular,Front-Wheel Drive,18.3116666666667,Mercury,Automatic 4-spd,6.0,3.8
34554,Midsize-Large Station Wagons,Regular,Front-Wheel Drive,17.3478947368421,Mercury,Automatic 4-spd,6.0,3.0
34555,Midsize-Large Station Wagons,Premium,Rear-Wheel Drive,20.600625,Mercedes-Benz,Automatic 4-spd,6.0,3.0
34556,Midsize-Large Station Wagons,Premium,4-Wheel or All-Wheel Drive,20.600625,Mercedes-Benz,Automatic 4-spd,6.0,3.0
34557,Midsize-Large Station Wagons,Regular,Front-Wheel Drive,15.6957142857143,Oldsmobile,Automatic 3-spd,4.0,2.5
34558,Midsize-Large Station Wagons,Regular,Front-Wheel Drive,15.6957142857143,Oldsmobile,Automatic 4-spd,6.0,3.3
34559,Small Pickup Trucks,Regular,Rear-Wheel Drive,14.9822727272727,Chevrolet,Manual 5-spd,4.0,2.5
34560,Midsize-Large Station Wagons,Regular,Front-Wheel Drive,17.3478947368421,Peugeot,Automatic 4-spd,4.0,1.9
34561,Midsize-Large Station Wagons,Regular,Front-Wheel Drive,16.4805,Peugeot,Manual 5-spd,4.0,1.9
34562,Midsize-Large Station Wagons,Premium,Rear-Wheel Drive,18.3116666666667,Peugeot,Automatic 4-spd,4.0,2.1
34563,Midsize-Large Station Wagons,Regular,Rear-Wheel Drive,18.3116666666667,Peugeot,Automatic 4-spd,4.0,2.2
34564,Midsize-Large Station Wagons,Regular,Rear-Wheel Drive,18.3116666666667,Peugeot,Manual 5-spd,4.0,2.2
34565,Midsize-Large Station Wagons,Regular,Front-Wheel Drive,15.6957142857143,Pontiac,Automatic 3-spd,4.0,2.5
34566,Midsize-Large Station Wagons,Regular,Front-Wheel Drive,16.4805,Pontiac,Automatic 4-spd,6.0,3.1
34567,Midsize-Large Station Wagons,Regular,Front-Wheel Drive,15.6957142857143,Volkswagen,Automatic 4-spd,4.0,2.0
34568,Midsize-Large Station Wagons,Regular,Front-Wheel Drive,15.6957142857143,Volkswagen,Manual 5-spd,4.0,2.0
34569,Midsize-Large Station Wagons,Regular,Rear-Wheel Drive,17.3478947368421,Volvo,Automatic 4-spd,4.0,2.3
34570,Small Pickup Trucks,Regular,Rear-Wheel Drive,18.3116666666667,Chevrolet,Automatic 4-spd,6.0,2.8
34571,Midsize-Large Station Wagons,Regular,Rear-Wheel Drive,15.6957142857143,Volvo,Manual 5-spd,4.0,2.3
34572,Midsize-Large Station Wagons,Regular,Rear-Wheel Drive,18.3116666666667,Volvo,Automatic 4-spd,4.0,2.3
34573,Midsize-Large Station Wagons,Regular,Rear-Wheel Drive,16.4805,Volvo,Automatic 4-spd,4.0,2.3
34574,Midsize-Large Station Wagons,Regular,Rear-Wheel Drive,16.4805,Volvo,Manual 4-spd,4.0,2.3
34575,Midsize-Large Station Wagons,Regular,Rear-Wheel Drive,15.6957142857143,Volvo,Manual 5-spd,4.0,2.3
34576,Midsize-Large Station Wagons,Regular,Rear-Wheel Drive,18.3116666666667,Volvo,Automatic 4-spd,4.0,2.3
34577,Midsize-Large Station Wagons,Regular,Rear-Wheel Drive,17.3478947368421,Volvo,Manual 4-spd,4.0,2.3
34578,Midsize-Large Station Wagons,Regular,Rear-Wheel Drive,18.3116666666667,Volvo,Automatic 4-spd,4.0,2.3
34579,Midsize-Large Station Wagons,Regular,Rear-Wheel Drive,18.3116666666667,Buick,Automatic 4-spd,8.0,5.0
34580,Midsize-Large Station Wagons,Regular,Rear-Wheel Drive,18.3116666666667,Chevrolet,Automatic 4-spd,8.0,5.0
34581,Small Pickup Trucks,Regular,Rear-Wheel Drive,17.3478947368421,Chevrolet,Manual 4-spd,6.0,2.8
34582,Midsize-Large Station Wagons,Regular,Rear-Wheel Drive,18.3116666666667,Ford,Automatic 4-spd,8.0,5.0
34583,Midsize-Large Station Wagons,Regular,Rear-Wheel Drive,18.3116666666667,Mercury,Automatic 4-spd,8.0,5.0
34584,Midsize-Large Station Wagons,Regular,Rear-Wheel Drive,18.3116666666667,Oldsmobile,Automatic 4-spd,8.0,5.0
34585,Small Pickup Trucks,Regular,Rear-Wheel Drive,15.6957142857143,Chevrolet,Automatic 4-spd,4.0,2.5
34586,Small Pickup Trucks,Regular,Rear-Wheel Drive,14.9822727272727,Chevrolet,Manual 5-spd,4.0,2.5
34587,Small Pickup Trucks,Regular,Rear-Wheel Drive,17.3478947368421,Chevrolet,Manual 5-spd,6.0,2.8
34588,Small Pickup Trucks,Regular,Rear-Wheel Drive,18.3116666666667,Chevrolet,Automatic 4-spd,6.0,4.3
34589,Small Pickup Trucks,Regular,Rear-Wheel Drive,18.3116666666667,Chevrolet,Manual 5-spd,6.0,4.3
34590,Small Pickup Trucks,Regular,Rear-Wheel Drive,15.6957142857143,Nissan,Automatic 4-spd,4.0,2.4
34591,Small Pickup Trucks,Regular,Rear-Wheel Drive,14.9822727272727,Nissan,Manual 5-spd,4.0,2.4
34592,Small Pickup Trucks,Regular,Rear-Wheel Drive,18.3116666666667,Chevrolet,Manual 5-spd,6.0,2.8
34593,Small Pickup Trucks,Regular,Rear-Wheel Drive,18.3116666666667,Nissan,Automatic 4-spd,6.0,3.0
34594,Small Pickup Trucks,Regular,Rear-Wheel Drive,17.3478947368421,Nissan,Manual 5-spd,6.0,3.0
34595,Small Pickup Trucks,Regular,Rear-Wheel Drive,18.3116666666667,Dodge,Automatic 4-spd,4.0,2.4
34596,Small Pickup Trucks,Regular,Rear-Wheel Drive,17.3478947368421,Dodge,Manual 5-spd,4.0,2.4
34597,Small Pickup Trucks,Regular,Rear-Wheel Drive,14.3308695652174,Ford,Manual 5-spd,4.0,2.3
34598,Small Pickup Trucks,Regular,Rear-Wheel Drive,18.3116666666667,Ford,Manual 5-spd,6.0,2.9
34599,Small Pickup Trucks,Regular,Rear-Wheel Drive,19.3888235294118,Ford,Automatic 4-spd,6.0,4.0
34600,Small Pickup Trucks,Regular,Rear-Wheel Drive,15.6957142857143,GMC,Automatic 4-spd,4.0,2.5
34601,Small Pickup Trucks,Regular,Rear-Wheel Drive,14.9822727272727,GMC,Manual 5-spd,4.0,2.5
34602,Small Pickup Trucks,Regular,Rear-Wheel Drive,17.3478947368421,GMC,Manual 5-spd,6.0,2.8
34603,Two Seaters,Regular,Rear-Wheel Drive,19.3888235294118,Nissan,Automatic 4-spd,6.0,3.0
34604,Subcompact Cars,Regular,Front-Wheel Drive,13.73375,Chevrolet,Manual 5-spd,4.0,2.0
34605,Small Pickup Trucks,Regular,Rear-Wheel Drive,13.1844,Nissan,Manual 5-spd,4.0,2.0
34606,Small Pickup Trucks,Regular,Rear-Wheel Drive,18.3116666666667,GMC,Automatic 4-spd,6.0,4.3
34607,Small Pickup Trucks,Regular,Rear-Wheel Drive,18.3116666666667,GMC,Manual 5-spd,6.0,4.3
34608,Small Pickup Trucks,Regular,Rear-Wheel Drive,16.4805,Isuzu,Manual 5-spd,4.0,2.3
34609,Small Pickup Trucks,Regular,Rear-Wheel Drive,18.3116666666667,Isuzu,Automatic 4-spd,4.0,2.6
34610,Small Pickup Trucks,Regular,Rear-Wheel Drive,17.3478947368421,Isuzu,Manual 5-spd,4.0,2.6
34611,Small Pickup Trucks,Regular,Rear-Wheel Drive,18.3116666666667,Mitsubishi,Automatic 4-spd,4.0,2.4
34612,Small Pickup Trucks,Regular,Rear-Wheel Drive,17.3478947368421,Mitsubishi,Manual 5-spd,4.0,2.4
34613,Small Pickup Trucks,Regular,4-Wheel or All-Wheel Drive,16.4805,Ford,Manual 5-spd,4.0,2.3
34614,Small Pickup Trucks,Regular,4-Wheel or All-Wheel Drive,20.600625,Ford,Automatic 4-spd,6.0,2.9
34615,Small Pickup Trucks,Regular,4-Wheel or All-Wheel Drive,18.3116666666667,Ford,Manual 5-spd,6.0,2.9
34616,Small Pickup Trucks,Regular,Rear-Wheel Drive,17.3478947368421,Nissan,Automatic 3-spd,4.0,2.4
34617,Small Pickup Trucks,Regular,4-Wheel or All-Wheel Drive,20.600625,Ford,Automatic 4-spd,6.0,4.0
34618,Standard Pickup Trucks,Regular,Rear-Wheel Drive,19.3888235294118,Chevrolet,Automatic 3-spd,6.0,4.3
34619,Standard Pickup Trucks,Regular,Rear-Wheel Drive,19.3888235294118,Chevrolet,Manual 4-spd,6.0,4.3
34620,Standard Pickup Trucks,Regular,Rear-Wheel Drive,18.3116666666667,Chevrolet,Manual 5-spd,6.0,4.3
34621,Standard Pickup Trucks,Regular,Rear-Wheel Drive,23.5435714285714,Chevrolet,Automatic 3-spd,8.0,5.0
34622,Standard Pickup Trucks,Regular,Rear-Wheel Drive,21.974,Chevrolet,Automatic 4-spd,8.0,5.0
34623,Standard Pickup Trucks,Regular,Rear-Wheel Drive,21.974,Chevrolet,Manual 5-spd,8.0,5.0
34624,Standard Pickup Trucks,Regular,Rear-Wheel Drive,21.974,Chevrolet,Automatic 4-spd,8.0,5.7
34625,Standard Pickup Trucks,Regular,Rear-Wheel Drive,27.4675,Chevrolet,Manual 4-spd,8.0,5.7
34626,Standard Pickup Trucks,Regular,Rear-Wheel Drive,23.5435714285714,Chevrolet,Manual 5-spd,8.0,5.7
34627,Small Pickup Trucks,Regular,Rear-Wheel Drive,15.6957142857143,Nissan,Manual 5-spd,4.0,2.4
34628,Standard Pickup Trucks,Diesel,Rear-Wheel Drive,21.2325,Chevrolet,Automatic 4-spd,8.0,6.2
34629,Standard Pickup Trucks,Diesel,Rear-Wheel Drive,21.2325,Chevrolet,Manual 4-spd,8.0,6.2
34630,Standard Pickup Trucks,Regular,Rear-Wheel Drive,36.6233333333333,Chevrolet,Automatic 3-spd,8.0,7.4
34631,Standard Pickup Trucks,Regular,Rear-Wheel Drive,21.974,Chevrolet,Automatic 3-spd,6.0,4.3
34632,Standard Pickup Trucks,Regular,Rear-Wheel Drive,21.974,Chevrolet,Manual 4-spd,6.0,4.3
34633,Standard Pickup Trucks,Regular,Rear-Wheel Drive,18.3116666666667,Chevrolet,Manual 5-spd,6.0,4.3
34634,Standard Pickup Trucks,Regular,Rear-Wheel Drive,25.3546153846154,Chevrolet,Automatic 3-spd,8.0,5.0
34635,Standard Pickup Trucks,Regular,Rear-Wheel Drive,21.974,Chevrolet,Automatic 4-spd,8.0,5.0
34636,Standard Pickup Trucks,Regular,Rear-Wheel Drive,21.974,Chevrolet,Manual 5-spd,8.0,5.0
34637,Standard Pickup Trucks,Regular,Rear-Wheel Drive,25.3546153846154,Chevrolet,Automatic 4-spd,8.0,5.7
34638,Small Pickup Trucks,Diesel,Rear-Wheel Drive,14.155,Nissan,Manual 5-spd,4.0,2.5
34639,Standard Pickup Trucks,Regular,Rear-Wheel Drive,27.4675,Chevrolet,Manual 4-spd,8.0,5.7
34640,Standard Pickup Trucks,Regular,Rear-Wheel Drive,25.3546153846154,Chevrolet,Manual 5-spd,8.0,5.7
34641,Standard Pickup Trucks,Diesel,Rear-Wheel Drive,22.4814705882353,Chevrolet,Automatic 4-spd,8.0,6.2
34642,Standard Pickup Trucks,Diesel,Rear-Wheel Drive,22.4814705882353,Chevrolet,Manual 4-spd,8.0,6.2
34643,Standard Pickup Trucks,Regular,Rear-Wheel Drive,15.6957142857143,Dodge,Manual 5-spd,4.0,2.5
34644,Standard Pickup Trucks,Regular,Rear-Wheel Drive,20.600625,Dodge,Automatic 4-spd,6.0,3.9
34645,Standard Pickup Trucks,Regular,Rear-Wheel Drive,19.3888235294118,Dodge,Manual 5-spd,6.0,3.9
34646,Standard Pickup Trucks,Regular,Rear-Wheel Drive,21.974,Dodge,Automatic 3-spd,6.0,3.9
34647,Standard Pickup Trucks,Regular,Rear-Wheel Drive,20.600625,Dodge,Automatic 4-spd,6.0,3.9
34648,Standard Pickup Trucks,Regular,Rear-Wheel Drive,21.974,Dodge,Manual 4-spd,6.0,3.9
34649,Small Pickup Trucks,Regular,Rear-Wheel Drive,17.3478947368421,Dodge,Automatic 3-spd,4.0,2.0
34650,Standard Pickup Trucks,Regular,Rear-Wheel Drive,23.5435714285714,Dodge,Manual 5-spd,6.0,3.9
34651,Standard Pickup Trucks,Regular,Rear-Wheel Drive,25.3546153846154,Dodge,Automatic 4-spd,8.0,5.2
34652,Standard Pickup Trucks,Regular,Rear-Wheel Drive,25.3546153846154,Dodge,Automatic 3-spd,8.0,5.2
34653,Standard Pickup Trucks,Regular,Rear-Wheel Drive,23.5435714285714,Dodge,Automatic 4-spd,8.0,5.2
34654,Standard Pickup Trucks,Regular,Rear-Wheel Drive,23.5435714285714,Dodge,Manual 4-spd,8.0,5.2
34655,Standard Pickup Trucks,Regular,Rear-Wheel Drive,25.3546153846154,Dodge,Manual 4-spd,8.0,5.2
34656,Standard Pickup Trucks,Regular,Rear-Wheel Drive,29.9645454545455,Dodge,Automatic 4-spd,8.0,5.9
34657,Standard Pickup Trucks,Regular,Rear-Wheel Drive,29.9645454545455,Dodge,Manual 4-spd,8.0,5.9
34658,Standard Pickup Trucks,Regular,Rear-Wheel Drive,23.5435714285714,Dodge,Automatic 3-spd,6.0,3.9
34659,Standard Pickup Trucks,Regular,Rear-Wheel Drive,23.5435714285714,Dodge,Manual 4-spd,6.0,3.9
34660,Small Pickup Trucks,Regular,Rear-Wheel Drive,15.6957142857143,Dodge,Automatic 3-spd,4.0,2.0
34661,Standard Pickup Trucks,Regular,Rear-Wheel Drive,27.4675,Dodge,Automatic 4-spd,8.0,5.2
34662,Standard Pickup Trucks,Regular,Rear-Wheel Drive,23.5435714285714,Dodge,Automatic 4-spd,8.0,5.2
34663,Standard Pickup Trucks,Regular,Rear-Wheel Drive,27.4675,Dodge,Manual 4-spd,8.0,5.2
34664,Standard Pickup Trucks,Regular,Rear-Wheel Drive,29.9645454545455,Dodge,Automatic 4-spd,8.0,5.9
34665,Standard Pickup Trucks,Regular,Rear-Wheel Drive,29.9645454545455,Dodge,Manual 4-spd,8.0,5.9
34666,Standard Pickup Trucks,Regular,Rear-Wheel Drive,18.3116666666667,Jeep,Automatic 4-spd,4.0,2.5
34667,Standard Pickup Trucks,Regular,Rear-Wheel Drive,15.6957142857143,Jeep,Manual 4-spd,4.0,2.5
34668,Standard Pickup Trucks,Regular,Rear-Wheel Drive,16.4805,Jeep,Manual 4-spd,4.0,2.5
34669,Standard Pickup Trucks,Regular,Rear-Wheel Drive,16.4805,Jeep,Manual 5-spd,4.0,2.5
34670,Standard Pickup Trucks,Regular,Rear-Wheel Drive,17.3478947368421,Jeep,Manual 5-spd,4.0,2.5
34671,Small Pickup Trucks,Regular,Rear-Wheel Drive,15.6957142857143,Dodge,Manual 4-spd,4.0,2.0
34672,Standard Pickup Trucks,Regular,Rear-Wheel Drive,20.600625,Jeep,Automatic 4-spd,6.0,4.0
34673,Standard Pickup Trucks,Regular,Rear-Wheel Drive,18.3116666666667,Jeep,Manual 5-spd,6.0,4.0
34674,Standard Pickup Trucks,Regular,Rear-Wheel Drive,23.5435714285714,Ford,Automatic 3-spd,6.0,4.9
34675,Standard Pickup Trucks,Regular,Rear-Wheel Drive,20.600625,Ford,Automatic 4-spd,6.0,4.9
34676,Standard Pickup Trucks,Regular,Rear-Wheel Drive,20.600625,Ford,Manual 4-spd,6.0,4.9
34677,Standard Pickup Trucks,Regular,Rear-Wheel Drive,20.600625,Ford,Manual 5-spd,6.0,4.9
34678,Standard Pickup Trucks,Regular,Rear-Wheel Drive,25.3546153846154,Ford,Automatic 3-spd,8.0,5.0
34679,Standard Pickup Trucks,Regular,Rear-Wheel Drive,23.5435714285714,Ford,Automatic 4-spd,8.0,5.0
34680,Standard Pickup Trucks,Regular,Rear-Wheel Drive,23.5435714285714,Ford,Automatic 4-spd,8.0,5.0
34681,Standard Pickup Trucks,Regular,Rear-Wheel Drive,25.3546153846154,Ford,Manual 4-spd,8.0,5.0
34682,Small Pickup Trucks,Regular,Rear-Wheel Drive,14.9822727272727,Dodge,Manual 4-spd,4.0,2.0
34683,Standard Pickup Trucks,Regular,Rear-Wheel Drive,23.5435714285714,Ford,Manual 5-spd,8.0,5.0
34684,Standard Pickup Trucks,Regular,Rear-Wheel Drive,27.4675,Ford,Automatic 4-spd,8.0,5.8
34685,Standard Pickup Trucks,Regular,Rear-Wheel Drive,25.3546153846154,Ford,Automatic 3-spd,6.0,4.9
34686,Standard Pickup Trucks,Regular,Rear-Wheel Drive,21.974,Ford,Automatic 4-spd,6.0,4.9
34687,Standard Pickup Trucks,Regular,Rear-Wheel Drive,21.974,Ford,Manual 4-spd,6.0,4.9
34688,Standard Pickup Trucks,Regular,Rear-Wheel Drive,21.974,Ford,Manual 5-spd,6.0,4.9
34689,Standard Pickup Trucks,Regular,Rear-Wheel Drive,21.974,Ford,Manual 5-spd,6.0,4.9
34690,Standard Pickup Trucks,Regular,Rear-Wheel Drive,23.5435714285714,Ford,Automatic 4-spd,8.0,5.0
34691,Standard Pickup Trucks,Regular,Rear-Wheel Drive,23.5435714285714,Ford,Automatic 4-spd,8.0,5.0
34692,Standard Pickup Trucks,Regular,Rear-Wheel Drive,25.3546153846154,Ford,Manual 4-spd,8.0,5.0
34693,Small Pickup Trucks,Regular,Rear-Wheel Drive,14.9822727272727,Dodge,Manual 5-spd,4.0,2.0
34694,Standard Pickup Trucks,Regular,Rear-Wheel Drive,23.5435714285714,Ford,Manual 5-spd,8.0,5.0
34695,Standard Pickup Trucks,Regular,Rear-Wheel Drive,27.4675,Ford,Automatic 4-spd,8.0,5.8
34696,Standard Pickup Trucks,Regular,Rear-Wheel Drive,19.3888235294118,GMC,Automatic 3-spd,6.0,4.3
34697,Standard Pickup Trucks,Regular,Rear-Wheel Drive,19.3888235294118,GMC,Manual 4-spd,6.0,4.3
34698,Standard Pickup Trucks,Regular,Rear-Wheel Drive,18.3116666666667,GMC,Manual 5-spd,6.0,4.3
34699,Standard Pickup Trucks,Regular,Rear-Wheel Drive,23.5435714285714,GMC,Automatic 3-spd,8.0,5.0
34700,Standard Pickup Trucks,Regular,Rear-Wheel Drive,21.974,GMC,Automatic 4-spd,8.0,5.0
34701,Standard Pickup Trucks,Regular,Rear-Wheel Drive,21.974,GMC,Manual 5-spd,8.0,5.0
34702,Standard Pickup Trucks,Regular,Rear-Wheel Drive,21.974,GMC,Automatic 4-spd,8.0,5.7
34703,Standard Pickup Trucks,Regular,Rear-Wheel Drive,27.4675,GMC,Manual 4-spd,8.0,5.7
34704,Small Pickup Trucks,Regular,Rear-Wheel Drive,14.9822727272727,Dodge,Manual 5-spd,4.0,2.0
34705,Standard Pickup Trucks,Regular,Rear-Wheel Drive,23.5435714285714,GMC,Manual 5-spd,8.0,5.7
34706,Standard Pickup Trucks,Diesel,Rear-Wheel Drive,21.2325,GMC,Automatic 4-spd,8.0,6.2
34707,Standard Pickup Trucks,Diesel,Rear-Wheel Drive,21.2325,GMC,Manual 4-spd,8.0,6.2
34708,Standard Pickup Trucks,Regular,Rear-Wheel Drive,21.974,GMC,Automatic 3-spd,6.0,4.3
34709,Standard Pickup Trucks,Regular,Rear-Wheel Drive,21.974,GMC,Manual 4-spd,6.0,4.3
34710,Standard Pickup Trucks,Regular,Rear-Wheel Drive,18.3116666666667,GMC,Manual 5-spd,6.0,4.3
34711,Standard Pickup Trucks,Regular,Rear-Wheel Drive,25.3546153846154,GMC,Automatic 3-spd,8.0,5.0
34712,Standard Pickup Trucks,Regular,Rear-Wheel Drive,21.974,GMC,Automatic 4-spd,8.0,5.0
34713,Standard Pickup Trucks,Regular,Rear-Wheel Drive,21.974,GMC,Manual 5-spd,8.0,5.0
34714,Standard Pickup Trucks,Regular,Rear-Wheel Drive,25.3546153846154,GMC,Automatic 4-spd,8.0,5.7
34715,Subcompact Cars,Regular,Front-Wheel Drive,16.4805,Chevrolet,Automatic 3-spd,6.0,2.8
34716,Small Pickup Trucks,Regular,Rear-Wheel Drive,14.9822727272727,Ford,Manual 5-spd,4.0,2.0
34717,Standard Pickup Trucks,Regular,Rear-Wheel Drive,27.4675,GMC,Manual 4-spd,8.0,5.7
34718,Standard Pickup Trucks,Regular,Rear-Wheel Drive,25.3546153846154,GMC,Manual 5-spd,8.0,5.7
34719,Standard Pickup Trucks,Diesel,Rear-Wheel Drive,22.4814705882353,GMC,Automatic 4-spd,8.0,6.2
34720,Standard Pickup Trucks,Diesel,Rear-Wheel Drive,22.4814705882353,GMC,Manual 4-spd,8.0,6.2
34721,Standard Pickup Trucks,Regular,Rear-Wheel Drive,19.3888235294118,Isuzu,Manual 5-spd,4.0,2.6
34722,Standard Pickup Trucks,Regular,Rear-Wheel Drive,16.4805,Mazda,Automatic 4-spd,4.0,2.2
34723,Standard Pickup Trucks,Regular,Rear-Wheel Drive,16.4805,Mazda,Manual 4-spd,4.0,2.2
34724,Standard Pickup Trucks,Regular,Rear-Wheel Drive,16.4805,Mazda,Manual 5-spd,4.0,2.2
34725,Standard Pickup Trucks,Regular,Rear-Wheel Drive,16.4805,Mazda,Automatic 4-spd,4.0,2.2
34726,Standard Pickup Trucks,Regular,Rear-Wheel Drive,14.9822727272727,Mazda,Manual 5-spd,4.0,2.2
34727,Small Pickup Trucks,Regular,Rear-Wheel Drive,16.4805,Ford,Automatic 4-spd,4.0,2.3
34728,Standard Pickup Trucks,Regular,Rear-Wheel Drive,17.3478947368421,Mazda,Automatic 4-spd,4.0,2.6
34729,Standard Pickup Trucks,Regular,Rear-Wheel Drive,17.3478947368421,Mazda,Manual 5-spd,4.0,2.6
34730,Standard Pickup Trucks,Regular,Rear-Wheel Drive,16.4805,Toyota,Manual 4-spd,4.0,2.4
34731,Standard Pickup Trucks,Regular,Rear-Wheel Drive,16.4805,Toyota,Manual 5-spd,4.0,2.4
34732,Standard Pickup Trucks,Regular,Rear-Wheel Drive,15.6957142857143,Toyota,Automatic 4-spd,4.0,2.4
34733,Standard Pickup Trucks,Regular,Rear-Wheel Drive,14.3308695652174,Toyota,Manual 4-spd,4.0,2.4
34734,Standard Pickup Trucks,Regular,Rear-Wheel Drive,15.6957142857143,Toyota,Manual 5-spd,4.0,2.4
34735,Standard Pickup Trucks,Regular,Rear-Wheel Drive,17.3478947368421,Toyota,Automatic 4-spd,6.0,3.0
34736,Standard Pickup Trucks,Regular,Rear-Wheel Drive,17.3478947368421,Toyota,Manual 5-spd,6.0,3.0
34737,Standard Pickup Trucks,Regular,Rear-Wheel Drive,17.3478947368421,Toyota,Automatic 4-spd,6.0,3.0
34738,Small Pickup Trucks,Diesel,Rear-Wheel Drive,14.155,Ford,Manual 5-spd,4.0,2.3
34739,Standard Pickup Trucks,Regular,Rear-Wheel Drive,17.3478947368421,Toyota,Manual 5-spd,6.0,3.0
34740,Standard Pickup Trucks,Regular,4-Wheel or All-Wheel Drive,21.974,Chevrolet,Automatic 3-spd,6.0,4.3
34741,Standard Pickup Trucks,Regular,4-Wheel or All-Wheel Drive,20.600625,Chevrolet,Automatic 4-spd,6.0,4.3
34742,Standard Pickup Trucks,Regular,4-Wheel or All-Wheel Drive,21.974,Chevrolet,Manual 4-spd,6.0,4.3
34743,Standard Pickup Trucks,Regular,4-Wheel or All-Wheel Drive,20.600625,Chevrolet,Manual 5-spd,6.0,4.3
34744,Standard Pickup Trucks,Regular,4-Wheel or All-Wheel Drive,25.3546153846154,Chevrolet,Automatic 3-spd,8.0,5.0
34745,Standard Pickup Trucks,Regular,4-Wheel or All-Wheel Drive,23.5435714285714,Chevrolet,Automatic 4-spd,8.0,5.0
34746,Standard Pickup Trucks,Regular,4-Wheel or All-Wheel Drive,23.5435714285714,Chevrolet,Manual 5-spd,8.0,5.0
34747,Standard Pickup Trucks,Regular,4-Wheel or All-Wheel Drive,25.3546153846154,Chevrolet,Automatic 4-spd,8.0,5.7
34748,Standard Pickup Trucks,Regular,4-Wheel or All-Wheel Drive,27.4675,Chevrolet,Manual 4-spd,8.0,5.7
34749,Small Pickup Trucks,Regular,Rear-Wheel Drive,13.1844,Ford,Manual 5-spd,4.0,2.3
34750,Standard Pickup Trucks,Regular,4-Wheel or All-Wheel Drive,25.3546153846154,Chevrolet,Manual 5-spd,8.0,5.7
34751,Standard Pickup Trucks,Diesel,4-Wheel or All-Wheel Drive,23.8865625,Chevrolet,Automatic 4-spd,8.0,6.2
34752,Standard Pickup Trucks,Diesel,4-Wheel or All-Wheel Drive,23.8865625,Chevrolet,Manual 4-spd,8.0,6.2
34753,Standard Pickup Trucks,Regular,4-Wheel or All-Wheel Drive,23.5435714285714,Chevrolet,Automatic 3-spd,6.0,4.3
34754,Standard Pickup Trucks,Regular,4-Wheel or All-Wheel Drive,20.600625,Chevrolet,Automatic 4-spd,6.0,4.3
34755,Standard Pickup Trucks,Regular,4-Wheel or All-Wheel Drive,21.974,Chevrolet,Manual 4-spd,6.0,4.3
34756,Standard Pickup Trucks,Regular,4-Wheel or All-Wheel Drive,20.600625,Chevrolet,Manual 5-spd,6.0,4.3
34757,Standard Pickup Trucks,Regular,4-Wheel or All-Wheel Drive,27.4675,Chevrolet,Automatic 3-spd,8.0,5.0
34758,Standard Pickup Trucks,Regular,4-Wheel or All-Wheel Drive,23.5435714285714,Chevrolet,Automatic 4-spd,8.0,5.0
34759,Standard Pickup Trucks,Regular,4-Wheel or All-Wheel Drive,23.5435714285714,Chevrolet,Manual 5-spd,8.0,5.0
34760,Small Pickup Trucks,Regular,Rear-Wheel Drive,18.3116666666667,Ford,Automatic 4-spd,6.0,2.8
34761,Standard Pickup Trucks,Regular,4-Wheel or All-Wheel Drive,25.3546153846154,Chevrolet,Automatic 4-spd,8.0,5.7
34762,Standard Pickup Trucks,Regular,4-Wheel or All-Wheel Drive,27.4675,Chevrolet,Manual 4-spd,8.0,5.7
34763,Standard Pickup Trucks,Regular,4-Wheel or All-Wheel Drive,25.3546153846154,Chevrolet,Manual 5-spd,8.0,5.7
34764,Standard Pickup Trucks,Diesel,4-Wheel or All-Wheel Drive,23.8865625,Chevrolet,Automatic 4-spd,8.0,6.2
34765,Standard Pickup Trucks,Diesel,4-Wheel or All-Wheel Drive,23.8865625,Chevrolet,Manual 4-spd,8.0,6.2
34766,Standard Pickup Trucks,Regular,4-Wheel or All-Wheel Drive,19.3888235294118,Chevrolet,Automatic 4-spd,6.0,4.3
34767,Standard Pickup Trucks,Regular,4-Wheel or All-Wheel Drive,20.600625,Chevrolet,Manual 5-spd,6.0,4.3
34768,Standard Pickup Trucks,Regular,4-Wheel or All-Wheel Drive,18.3116666666667,Nissan,Manual 5-spd,4.0,2.4
34769,Standard Pickup Trucks,Regular,4-Wheel or All-Wheel Drive,20.600625,Nissan,Automatic 4-spd,6.0,3.0
34770,Standard Pickup Trucks,Regular,4-Wheel or All-Wheel Drive,21.974,Nissan,Manual 5-spd,6.0,3.0
34771,Small Pickup Trucks,Regular,Rear-Wheel Drive,14.3308695652174,GMC,Manual 4-spd,4.0,1.9
34772,Standard Pickup Trucks,Regular,4-Wheel or All-Wheel Drive,20.600625,Dodge,Automatic 4-spd,6.0,3.9
34773,Standard Pickup Trucks,Regular,4-Wheel or All-Wheel Drive,21.974,Dodge,Manual 5-spd,6.0,3.9
34774,Standard Pickup Trucks,Regular,4-Wheel or All-Wheel Drive,19.3888235294118,Dodge,Automatic 4-spd,4.0,2.4
34775,Standard Pickup Trucks,Regular,4-Wheel or All-Wheel Drive,18.3116666666667,Dodge,Manual 5-spd,4.0,2.4
34776,Standard Pickup Trucks,Regular,4-Wheel or All-Wheel Drive,20.600625,Dodge,Automatic 4-spd,6.0,3.0
34777,Standard Pickup Trucks,Regular,4-Wheel or All-Wheel Drive,19.3888235294118,Dodge,Manual 5-spd,6.0,3.0
34778,Standard Pickup Trucks,Regular,4-Wheel or All-Wheel Drive,25.3546153846154,Dodge,Automatic 4-spd,6.0,3.9
34779,Standard Pickup Trucks,Regular,4-Wheel or All-Wheel Drive,25.3546153846154,Dodge,Manual 4-spd,6.0,3.9
34780,Standard Pickup Trucks,Regular,4-Wheel or All-Wheel Drive,27.4675,Dodge,Automatic 4-spd,8.0,5.2
34781,Standard Pickup Trucks,Regular,4-Wheel or All-Wheel Drive,27.4675,Dodge,Manual 4-spd,8.0,5.2
34782,Small Pickup Trucks,Diesel,Rear-Wheel Drive,13.6494642857143,GMC,Manual 4-spd,4.0,2.2
34783,Standard Pickup Trucks,Regular,4-Wheel or All-Wheel Drive,29.9645454545455,Dodge,Automatic 4-spd,8.0,5.9
34784,Standard Pickup Trucks,Regular,4-Wheel or All-Wheel Drive,32.961,Dodge,Manual 4-spd,8.0,5.9
34785,Standard Pickup Trucks,Regular,4-Wheel or All-Wheel Drive,29.9645454545455,Dodge,Automatic 4-spd,8.0,5.2
34786,Standard Pickup Trucks,Regular,4-Wheel or All-Wheel Drive,27.4675,Dodge,Manual 4-spd,8.0,5.2
34787,Standard Pickup Trucks,Regular,4-Wheel or All-Wheel Drive,29.9645454545455,Dodge,Automatic 4-spd,8.0,5.9
34788,Standard Pickup Trucks,Regular,4-Wheel or All-Wheel Drive,32.961,Dodge,Manual 4-spd,8.0,5.9
34789,Standard Pickup Trucks,Regular,4-Wheel or All-Wheel Drive,18.3116666666667,Jeep,Automatic 4-spd,4.0,2.5
34790,Standard Pickup Trucks,Regular,4-Wheel or All-Wheel Drive,16.4805,Jeep,Manual 4-spd,4.0,2.5
34791,Standard Pickup Trucks,Regular,4-Wheel or All-Wheel Drive,17.3478947368421,Jeep,Manual 4-spd,4.0,2.5
34792,Standard Pickup Trucks,Regular,4-Wheel or All-Wheel Drive,16.4805,Jeep,Manual 5-spd,4.0,2.5
34793,Small Pickup Trucks,Diesel,Rear-Wheel Drive,13.6494642857143,GMC,Manual 5-spd,4.0,2.2
34794,Standard Pickup Trucks,Regular,4-Wheel or All-Wheel Drive,17.3478947368421,Jeep,Manual 5-spd,4.0,2.5
34795,Standard Pickup Trucks,Regular,4-Wheel or All-Wheel Drive,20.600625,Jeep,Automatic 4-spd,6.0,4.0
34796,Standard Pickup Trucks,Regular,4-Wheel or All-Wheel Drive,19.3888235294118,Jeep,Manual 5-spd,6.0,4.0
34797,Standard Pickup Trucks,Regular,4-Wheel or All-Wheel Drive,23.5435714285714,Ford,Automatic 3-spd,6.0,4.9
34798,Standard Pickup Trucks,Regular,4-Wheel or All-Wheel Drive,23.5435714285714,Ford,Automatic 4-spd,6.0,4.9
34799,Standard Pickup Trucks,Regular,4-Wheel or All-Wheel Drive,21.974,Ford,Manual 4-spd,6.0,4.9
34800,Standard Pickup Trucks,Regular,4-Wheel or All-Wheel Drive,21.974,Ford,Manual 5-spd,6.0,4.9
34801,Standard Pickup Trucks,Regular,4-Wheel or All-Wheel Drive,27.4675,Ford,Automatic 3-spd,8.0,5.0
34802,Standard Pickup Trucks,Regular,4-Wheel or All-Wheel Drive,23.5435714285714,Ford,Automatic 4-spd,8.0,5.0
34803,Standard Pickup Trucks,Regular,4-Wheel or All-Wheel Drive,25.3546153846154,Ford,Automatic 4-spd,8.0,5.0
34804,Small Pickup Trucks,Regular,Rear-Wheel Drive,15.6957142857143,GMC,Automatic 4-spd,4.0,2.5
34805,Standard Pickup Trucks,Regular,4-Wheel or All-Wheel Drive,27.4675,Ford,Manual 4-spd,8.0,5.0
34806,Standard Pickup Trucks,Regular,4-Wheel or All-Wheel Drive,25.3546153846154,Ford,Manual 5-spd,8.0,5.0
34807,Standard Pickup Trucks,Regular,4-Wheel or All-Wheel Drive,27.4675,Ford,Automatic 4-spd,8.0,5.8
34808,Standard Pickup Trucks,Regular,4-Wheel or All-Wheel Drive,23.5435714285714,Ford,Manual 5-spd,6.0,4.9
34809,Standard Pickup Trucks,Regular,4-Wheel or All-Wheel Drive,25.3546153846154,Ford,Automatic 4-spd,8.0,5.0
34810,Standard Pickup Trucks,Regular,4-Wheel or All-Wheel Drive,25.3546153846154,Ford,Automatic 4-spd,8.0,5.0
34811,Standard Pickup Trucks,Regular,4-Wheel or All-Wheel Drive,27.4675,Ford,Manual 4-spd,8.0,5.0
34812,Standard Pickup Trucks,Regular,4-Wheel or All-Wheel Drive,25.3546153846154,Ford,Manual 5-spd,8.0,5.0
34813,Standard Pickup Trucks,Regular,4-Wheel or All-Wheel Drive,27.4675,Ford,Automatic 4-spd,8.0,5.8
34814,Standard Pickup Trucks,Regular,4-Wheel or All-Wheel Drive,21.974,GMC,Automatic 3-spd,6.0,4.3
34815,Small Pickup Trucks,Regular,Rear-Wheel Drive,15.6957142857143,GMC,Manual 4-spd,4.0,2.5
34816,Standard Pickup Trucks,Regular,4-Wheel or All-Wheel Drive,20.600625,GMC,Automatic 4-spd,6.0,4.3
34817,Standard Pickup Trucks,Regular,4-Wheel or All-Wheel Drive,21.974,GMC,Manual 4-spd,6.0,4.3
34818,Standard Pickup Trucks,Regular,4-Wheel or All-Wheel Drive,20.600625,GMC,Manual 5-spd,6.0,4.3
34819,Standard Pickup Trucks,Regular,4-Wheel or All-Wheel Drive,25.3546153846154,GMC,Automatic 3-spd,8.0,5.0
34820,Standard Pickup Trucks,Regular,4-Wheel or All-Wheel Drive,23.5435714285714,GMC,Automatic 4-spd,8.0,5.0
34821,Standard Pickup Trucks,Regular,4-Wheel or All-Wheel Drive,23.5435714285714,GMC,Manual 5-spd,8.0,5.0
34822,Standard Pickup Trucks,Regular,4-Wheel or All-Wheel Drive,25.3546153846154,GMC,Automatic 4-spd,8.0,5.7
34823,Standard Pickup Trucks,Regular,4-Wheel or All-Wheel Drive,27.4675,GMC,Manual 4-spd,8.0,5.7
34824,Standard Pickup Trucks,Regular,4-Wheel or All-Wheel Drive,25.3546153846154,GMC,Manual 5-spd,8.0,5.7
34825,Standard Pickup Trucks,Diesel,4-Wheel or All-Wheel Drive,23.8865625,GMC,Automatic 4-spd,8.0,6.2
34826,Subcompact Cars,Regular,Front-Wheel Drive,18.3116666666667,Chevrolet,Manual 4-spd,6.0,2.8
34827,Small Pickup Trucks,Regular,Rear-Wheel Drive,14.9822727272727,GMC,Manual 5-spd,4.0,2.5
34828,Standard Pickup Trucks,Diesel,4-Wheel or All-Wheel Drive,23.8865625,GMC,Manual 4-spd,8.0,6.2
34829,Standard Pickup Trucks,Regular,4-Wheel or All-Wheel Drive,23.5435714285714,GMC,Automatic 3-spd,6.0,4.3
34830,Standard Pickup Trucks,Regular,4-Wheel or All-Wheel Drive,20.600625,GMC,Automatic 4-spd,6.0,4.3
34831,Standard Pickup Trucks,Regular,4-Wheel or All-Wheel Drive,21.974,GMC,Manual 4-spd,6.0,4.3
34832,Standard Pickup Trucks,Regular,4-Wheel or All-Wheel Drive,20.600625,GMC,Manual 5-spd,6.0,4.3
34833,Standard Pickup Trucks,Regular,4-Wheel or All-Wheel Drive,27.4675,GMC,Automatic 3-spd,8.0,5.0
34834,Standard Pickup Trucks,Regular,4-Wheel or All-Wheel Drive,23.5435714285714,GMC,Automatic 4-spd,8.0,5.0
34835,Standard Pickup Trucks,Regular,4-Wheel or All-Wheel Drive,23.5435714285714,GMC,Manual 5-spd,8.0,5.0
34836,Standard Pickup Trucks,Regular,4-Wheel or All-Wheel Drive,25.3546153846154,GMC,Automatic 4-spd,8.0,5.7
34837,Standard Pickup Trucks,Regular,4-Wheel or All-Wheel Drive,27.4675,GMC,Manual 4-spd,8.0,5.7
34838,Small Pickup Trucks,Regular,Rear-Wheel Drive,18.3116666666667,GMC,Automatic 4-spd,6.0,2.8
34839,Standard Pickup Trucks,Regular,4-Wheel or All-Wheel Drive,25.3546153846154,GMC,Manual 5-spd,8.0,5.7
34840,Standard Pickup Trucks,Diesel,4-Wheel or All-Wheel Drive,23.8865625,GMC,Automatic 4-spd,8.0,6.2
34841,Standard Pickup Trucks,Diesel,4-Wheel or All-Wheel Drive,23.8865625,GMC,Manual 4-spd,8.0,6.2
34842,Standard Pickup Trucks,Regular,4-Wheel or All-Wheel Drive,19.3888235294118,GMC,Automatic 4-spd,6.0,4.3
34843,Standard Pickup Trucks,Regular,4-Wheel or All-Wheel Drive,20.600625,GMC,Manual 5-spd,6.0,4.3
34844,Standard Pickup Trucks,Regular,4-Wheel or All-Wheel Drive,20.600625,Isuzu,Manual 5-spd,4.0,2.6
34845,Standard Pickup Trucks,Regular,4-Wheel or All-Wheel Drive,19.3888235294118,Mitsubishi,Automatic 4-spd,4.0,2.4
34846,Standard Pickup Trucks,Regular,4-Wheel or All-Wheel Drive,18.3116666666667,Mitsubishi,Manual 5-spd,4.0,2.4
34847,Standard Pickup Trucks,Regular,4-Wheel or All-Wheel Drive,19.3888235294118,Mitsubishi,Manual 5-spd,6.0,3.0
34848,Standard Pickup Trucks,Regular,4-Wheel or All-Wheel Drive,19.3888235294118,Mazda,Automatic 4-spd,4.0,2.6
34849,Small Pickup Trucks,Regular,Rear-Wheel Drive,17.3478947368421,GMC,Manual 4-spd,6.0,2.8
34850,Standard Pickup Trucks,Regular,4-Wheel or All-Wheel Drive,19.3888235294118,Mazda,Manual 5-spd,4.0,2.6
34851,Standard Pickup Trucks,Regular,4-Wheel or All-Wheel Drive,19.3888235294118,Toyota,Automatic 4-spd,4.0,2.4
34852,Standard Pickup Trucks,Regular,4-Wheel or All-Wheel Drive,18.3116666666667,Toyota,Manual 5-spd,4.0,2.4
34853,Standard Pickup Trucks,Regular,4-Wheel or All-Wheel Drive,21.974,Toyota,Automatic 4-spd,6.0,3.0
34854,Standard Pickup Trucks,Regular,4-Wheel or All-Wheel Drive,20.600625,Toyota,Manual 5-spd,6.0,3.0
34855,Vans,Regular,4-Wheel or All-Wheel Drive,19.3888235294118,Chevrolet,Automatic 4-spd,6.0,4.3
34856,Vans,Regular,Rear-Wheel Drive,17.3478947368421,Chevrolet,Automatic 4-spd,4.0,2.5
34857,Vans,Regular,Rear-Wheel Drive,16.4805,Chevrolet,Manual 5-spd,4.0,2.5
34858,Vans,Regular,Rear-Wheel Drive,19.3888235294118,Chevrolet,Automatic 4-spd,6.0,4.3
34859,Vans,Regular,Rear-Wheel Drive,21.974,Chevrolet,Automatic 3-spd,6.0,4.3
34860,Small Pickup Trucks,Regular,Rear-Wheel Drive,18.3116666666667,GMC,Manual 5-spd,6.0,2.8
34861,Vans,Regular,Rear-Wheel Drive,23.5435714285714,Chevrolet,Automatic 3-spd,8.0,5.0
34862,Vans,Regular,Rear-Wheel Drive,21.974,Chevrolet,Automatic 4-spd,8.0,5.0
34863,Vans,Regular,Rear-Wheel Drive,21.974,Chevrolet,Automatic 4-spd,8.0,5.7
34864,Vans,Diesel,Rear-Wheel Drive,21.2325,Chevrolet,Automatic 4-spd,8.0,6.2
34865,Vans,Regular,Rear-Wheel Drive,25.3546153846154,Chevrolet,Automatic 3-spd,6.0,4.3
34866,Vans,Regular,Rear-Wheel Drive,21.974,Dodge,Automatic 4-spd,6.0,3.9
34867,Vans,Regular,Rear-Wheel Drive,21.974,Dodge,Automatic 3-spd,6.0,3.9
34868,Vans,Regular,Rear-Wheel Drive,23.5435714285714,Dodge,Manual 5-spd,6.0,3.9
34869,Vans,Regular,Rear-Wheel Drive,25.3546153846154,Dodge,Automatic 4-spd,8.0,5.2
34870,Vans,Regular,Rear-Wheel Drive,25.3546153846154,Dodge,Automatic 3-spd,8.0,5.2
34871,Small Pickup Trucks,Regular,Rear-Wheel Drive,17.3478947368421,Isuzu,Automatic 3-spd,4.0,2.0
34872,Vans,Regular,Rear-Wheel Drive,23.5435714285714,Dodge,Automatic 4-spd,8.0,5.2
34873,Vans,Regular,Rear-Wheel Drive,29.9645454545455,Dodge,Automatic 4-spd,8.0,5.9
34874,Vans,Regular,Rear-Wheel Drive,23.5435714285714,Dodge,Automatic 3-spd,6.0,3.9
34875,Vans,Regular,Rear-Wheel Drive,25.3546153846154,Dodge,Automatic 4-spd,8.0,5.2
34876,Vans,Regular,Rear-Wheel Drive,23.5435714285714,Dodge,Automatic 4-spd,8.0,5.2
34877,Vans,Regular,Rear-Wheel Drive,29.9645454545455,Dodge,Automatic 4-spd,8.0,5.9
34878,Vans,Regular,Rear-Wheel Drive,18.3116666666667,Ford,Automatic 4-spd,6.0,3.0
34879,Vans,Regular,Rear-Wheel Drive,18.3116666666667,Ford,Manual 5-spd,6.0,3.0
34880,Vans,Regular,Rear-Wheel Drive,19.3888235294118,Ford,Automatic 4-spd,6.0,4.0
34881,Vans,Regular,4-Wheel or All-Wheel Drive,20.600625,Ford,Automatic 4-spd,6.0,4.0
34882,Small Pickup Trucks,Regular,Rear-Wheel Drive,13.1844,Isuzu,Manual 4-spd,4.0,2.0
34883,Vans,Regular,Rear-Wheel Drive,25.3546153846154,Ford,Automatic 3-spd,6.0,4.9
34884,Vans,Regular,Rear-Wheel Drive,21.974,Ford,Automatic 4-spd,6.0,4.9
34885,Vans,Regular,Rear-Wheel Drive,25.3546153846154,Ford,Automatic 4-spd,8.0,5.0
34886,Vans,Regular,Rear-Wheel Drive,27.4675,Ford,Automatic 4-spd,8.0,5.8
34887,Vans,Regular,Rear-Wheel Drive,25.3546153846154,Ford,Automatic 3-spd,6.0,4.9
34888,Vans,Regular,Rear-Wheel Drive,23.5435714285714,Ford,Automatic 4-spd,6.0,4.9
34889,Vans,Regular,Rear-Wheel Drive,25.3546153846154,Ford,Automatic 4-spd,8.0,5.0
34890,Vans,Regular,Rear-Wheel Drive,29.9645454545455,Ford,Automatic 4-spd,8.0,5.8
34891,Vans,Regular,Rear-Wheel Drive,21.974,GMC,Automatic 3-spd,6.0,4.3
34892,Vans,Regular,Rear-Wheel Drive,23.5435714285714,GMC,Automatic 3-spd,8.0,5.0
34893,Small Pickup Trucks,Regular,Rear-Wheel Drive,13.73375,Isuzu,Manual 4-spd,4.0,2.0
34894,Vans,Regular,Rear-Wheel Drive,21.974,GMC,Automatic 4-spd,8.0,5.0
34895,Vans,Regular,Rear-Wheel Drive,21.974,GMC,Automatic 4-spd,8.0,5.7
34896,Vans,Diesel,Rear-Wheel Drive,21.2325,GMC,Automatic 4-spd,8.0,6.2
34897,Vans,Regular,Rear-Wheel Drive,25.3546153846154,GMC,Automatic 3-spd,6.0,4.3
34898,Vans,Regular,4-Wheel or All-Wheel Drive,19.3888235294118,GMC,Automatic 4-spd,6.0,4.3
34899,Vans,Regular,Rear-Wheel Drive,17.3478947368421,GMC,Automatic 4-spd,4.0,2.5
34900,Vans,Regular,Rear-Wheel Drive,16.4805,GMC,Manual 5-spd,4.0,2.5
34901,Vans,Regular,Rear-Wheel Drive,19.3888235294118,GMC,Automatic 4-spd,6.0,4.3
34902,Vans,Regular,Rear-Wheel Drive,17.3478947368421,Mitsubishi,Automatic 4-spd,4.0,2.4
34903,Vans,Regular,4-Wheel or All-Wheel Drive,20.600625,Chevrolet,Automatic 4-spd,6.0,4.3
34904,Small Pickup Trucks,Regular,Rear-Wheel Drive,14.3308695652174,Isuzu,Manual 5-spd,4.0,2.0
34905,Vans,Regular,Rear-Wheel Drive,19.3888235294118,Chevrolet,Automatic 4-spd,6.0,4.3
34906,Vans,Regular,Rear-Wheel Drive,20.600625,Chevrolet,Automatic 4-spd,6.0,4.3
34907,Vans,Regular,Rear-Wheel Drive,23.5435714285714,Chevrolet,Automatic 4-spd,8.0,5.0
34908,Vans,Regular,Rear-Wheel Drive,25.3546153846154,Chevrolet,Automatic 4-spd,8.0,5.7
34909,Vans,Diesel,Rear-Wheel Drive,22.4814705882353,Chevrolet,Automatic 4-spd,8.0,6.2
34910,Vans,Regular,Rear-Wheel Drive,23.5435714285714,Chevrolet,Automatic 4-spd,8.0,5.7
34911,Vans,Regular,Rear-Wheel Drive,20.600625,Nissan,Automatic 4-spd,4.0,2.4
34912,Vans,Regular,Rear-Wheel Drive,18.3116666666667,Nissan,Manual 5-spd,4.0,2.4
34913,Vans,Regular,Rear-Wheel Drive,21.974,Dodge,Automatic 4-spd,6.0,3.9
34914,Vans,Regular,Rear-Wheel Drive,23.5435714285714,Dodge,Automatic 3-spd,6.0,3.9
34915,Small Pickup Trucks,Diesel,Rear-Wheel Drive,15.924375,Isuzu,Automatic 3-spd,4.0,2.2
34916,Vans,Regular,Rear-Wheel Drive,25.3546153846154,Dodge,Manual 5-spd,6.0,3.9
34917,Vans,Regular,Rear-Wheel Drive,27.4675,Dodge,Automatic 4-spd,8.0,5.2
34918,Vans,Regular,Rear-Wheel Drive,25.3546153846154,Dodge,Automatic 3-spd,8.0,5.2
34919,Vans,Regular,Rear-Wheel Drive,25.3546153846154,Dodge,Automatic 4-spd,8.0,5.2
34920,Vans,Regular,Rear-Wheel Drive,29.9645454545455,Dodge,Automatic 4-spd,8.0,5.9
34921,Vans,Regular,Rear-Wheel Drive,27.4675,Dodge,Automatic 4-spd,8.0,5.2
34922,Vans,Regular,Rear-Wheel Drive,25.3546153846154,Dodge,Automatic 4-spd,8.0,5.2
34923,Vans,Regular,Rear-Wheel Drive,32.961,Dodge,Automatic 4-spd,8.0,5.9
34924,Vans,Regular,Rear-Wheel Drive,19.3888235294118,Ford,Automatic 4-spd,6.0,3.0
34925,Vans,Regular,Rear-Wheel Drive,19.3888235294118,Ford,Manual 5-spd,6.0,3.0
34926,Small Pickup Trucks,Diesel,Rear-Wheel Drive,11.94328125,Isuzu,Manual 4-spd,4.0,2.2
34927,Vans,Regular,Rear-Wheel Drive,20.600625,Ford,Automatic 4-spd,6.0,4.0
34928,Vans,Regular,4-Wheel or All-Wheel Drive,20.600625,Ford,Automatic 4-spd,6.0,4.0
34929,Vans,Regular,Rear-Wheel Drive,23.5435714285714,Ford,Automatic 4-spd,6.0,4.9
34930,Vans,Regular,Rear-Wheel Drive,25.3546153846154,Ford,Automatic 4-spd,8.0,5.0
34931,Vans,Regular,Rear-Wheel Drive,27.4675,Ford,Automatic 4-spd,8.0,5.8
34932,Vans,Regular,Rear-Wheel Drive,20.600625,GMC,Automatic 4-spd,6.0,4.3
34933,Vans,Regular,Rear-Wheel Drive,23.5435714285714,GMC,Automatic 4-spd,8.0,5.0
34934,Vans,Regular,Rear-Wheel Drive,25.3546153846154,GMC,Automatic 4-spd,8.0,5.7
34935,Vans,Diesel,Rear-Wheel Drive,22.4814705882353,GMC,Automatic 4-spd,8.0,6.2
34936,Vans,Regular,Rear-Wheel Drive,23.5435714285714,GMC,Automatic 4-spd,8.0,5.7
34937,Subcompact Cars,Regular,Rear-Wheel Drive,12.6773076923077,Chevrolet,Automatic 3-spd,4.0,1.6
34938,Small Pickup Trucks,Diesel,Rear-Wheel Drive,12.7395,Isuzu,Manual 5-spd,4.0,2.2
34939,Vans,Regular,4-Wheel or All-Wheel Drive,20.600625,GMC,Automatic 4-spd,6.0,4.3
34940,Vans,Regular,Rear-Wheel Drive,19.3888235294118,Mitsubishi,Automatic 4-spd,4.0,2.4
34941,Vans,Regular,4-Wheel or All-Wheel Drive,23.5435714285714,Volkswagen,Manual 5-spd,4.0,2.1
34942,Vans,Regular,Rear-Wheel Drive,21.974,Volkswagen,Automatic 3-spd,4.0,2.1
34943,Vans,Regular,Rear-Wheel Drive,19.3888235294118,Volkswagen,Manual 4-spd,4.0,2.1
34944,Special Purpose Vehicle 2WD,Regular,Front-Wheel Drive,18.3116666666667,Chevrolet,Automatic 3-spd,6.0,3.1
34945,Special Purpose Vehicle 2WD,Regular,Rear-Wheel Drive,23.5435714285714,Chevrolet,Automatic 4-spd,8.0,5.7
34946,Special Purpose Vehicle 2WD,Diesel,Rear-Wheel Drive,22.4814705882353,Chevrolet,Automatic 4-spd,8.0,6.2
34947,Special Purpose Vehicle 2WD,Regular,Rear-Wheel Drive,18.3116666666667,Chevrolet,Automatic 4-spd,6.0,4.3
34948,Special Purpose Vehicle 2WD,Regular,Rear-Wheel Drive,18.3116666666667,Chevrolet,Manual 5-spd,6.0,4.3
34949,Small Pickup Trucks,Regular,Rear-Wheel Drive,15.6957142857143,Mitsubishi,Manual 4-spd,4.0,2.0
34950,Special Purpose Vehicle 2WD,Regular,Front-Wheel Drive,17.3478947368421,Nissan,Automatic 4-spd,4.0,2.4
34951,Special Purpose Vehicle 2WD,Regular,Front-Wheel Drive,15.6957142857143,Nissan,Manual 5-spd,4.0,2.4
34952,Special Purpose Vehicle 2WD,Regular,Rear-Wheel Drive,20.600625,Nissan,Automatic 4-spd,6.0,3.0
34953,Special Purpose Vehicle 2WD,Regular,Rear-Wheel Drive,21.974,Nissan,Manual 5-spd,6.0,3.0
34954,Special Purpose Vehicle 2WD,Regular,Front-Wheel Drive,18.3116666666667,Chrysler,Automatic 4-spd,6.0,3.3
34955,Special Purpose Vehicle 2WD,Regular,Rear-Wheel Drive,25.3546153846154,Dodge,Automatic 4-spd,8.0,5.2
34956,Special Purpose Vehicle 2WD,Regular,Rear-Wheel Drive,29.9645454545455,Dodge,Automatic 4-spd,8.0,5.9
34957,Special Purpose Vehicle 2WD,Premium,Front-Wheel Drive,17.3478947368421,Dodge,Automatic 3-spd,4.0,2.5
34958,Special Purpose Vehicle 2WD,Regular,Front-Wheel Drive,16.4805,Dodge,Automatic 3-spd,4.0,2.5
34959,Special Purpose Vehicle 2WD,Regular,Front-Wheel Drive,14.9822727272727,Dodge,Manual 5-spd,4.0,2.5
34960,Small Pickup Trucks,Regular,Rear-Wheel Drive,14.9822727272727,Mitsubishi,Manual 4-spd,4.0,2.0
34961,Special Purpose Vehicle 2WD,Premium,Front-Wheel Drive,17.3478947368421,Dodge,Manual 5-spd,4.0,2.5
34962,Special Purpose Vehicle 2WD,Regular,Front-Wheel Drive,17.3478947368421,Dodge,Automatic 3-spd,6.0,3.0
34963,Special Purpose Vehicle 2WD,Regular,Front-Wheel Drive,17.3478947368421,Dodge,Automatic 4-spd,6.0,3.0
34964,Special Purpose Vehicle 2WD,Regular,Front-Wheel Drive,18.3116666666667,Dodge,Automatic 4-spd,6.0,3.3
34965,Special Purpose Vehicle 2WD,Regular,Rear-Wheel Drive,18.3116666666667,Jeep,Automatic 4-spd,4.0,2.5
34966,Special Purpose Vehicle 2WD,Regular,Rear-Wheel Drive,16.4805,Jeep,Manual 5-spd,4.0,2.5
34967,Special Purpose Vehicle 2WD,Regular,Rear-Wheel Drive,17.3478947368421,Jeep,Manual 5-spd,4.0,2.5
34968,Special Purpose Vehicle 2WD,Regular,Rear-Wheel Drive,20.600625,Jeep,Automatic 4-spd,6.0,4.0
34969,Special Purpose Vehicle 2WD,Regular,Rear-Wheel Drive,18.3116666666667,Jeep,Manual 5-spd,6.0,4.0
34970,Special Purpose Vehicle 2WD,Regular,Rear-Wheel Drive,19.3888235294118,Ford,Automatic 4-spd,6.0,2.9
34971,Small Pickup Trucks,Regular,Rear-Wheel Drive,14.9822727272727,Mitsubishi,Manual 5-spd,4.0,2.0
34972,Special Purpose Vehicle 2WD,Regular,Rear-Wheel Drive,18.3116666666667,Ford,Manual 5-spd,6.0,2.9
34973,Special Purpose Vehicle 2WD,Regular,Rear-Wheel Drive,23.5435714285714,GMC,Automatic 4-spd,8.0,5.7
34974,Special Purpose Vehicle 2WD,Diesel,Rear-Wheel Drive,22.4814705882353,GMC,Automatic 4-spd,8.0,6.2
34975,Special Purpose Vehicle 2WD,Regular,Rear-Wheel Drive,18.3116666666667,GMC,Automatic 4-spd,6.0,4.3
34976,Special Purpose Vehicle 2WD,Regular,Rear-Wheel Drive,18.3116666666667,GMC,Manual 5-spd,6.0,4.3
34977,Special Purpose Vehicle 2WD,Regular,Rear-Wheel Drive,18.3116666666667,Isuzu,Manual 5-spd,4.0,2.3
34978,Special Purpose Vehicle 2WD,Regular,Rear-Wheel Drive,19.3888235294118,Isuzu,Manual 5-spd,4.0,2.6
34979,Special Purpose Vehicle 2WD,Regular,Rear-Wheel Drive,17.3478947368421,Mazda,Automatic 4-spd,4.0,2.6
34980,Special Purpose Vehicle 2WD,Regular,Rear-Wheel Drive,17.3478947368421,Mazda,Manual 5-spd,4.0,2.6
34981,Special Purpose Vehicle 2WD,Regular,Rear-Wheel Drive,19.3888235294118,Mazda,Automatic 4-spd,6.0,3.0
34982,Small Pickup Trucks,Regular,Rear-Wheel Drive,14.9822727272727,Mitsubishi,Manual 5-spd,4.0,2.0
34983,Special Purpose Vehicle 2WD,Regular,Rear-Wheel Drive,18.3116666666667,Mazda,Manual 5-spd,6.0,3.0
34984,Special Purpose Vehicle 2WD,Regular,Front-Wheel Drive,18.3116666666667,Pontiac,Automatic 3-spd,6.0,3.1
34985,Special Purpose Vehicle 2WD,Premium,Front-Wheel Drive,17.3478947368421,Plymouth,Automatic 3-spd,4.0,2.5
34986,Special Purpose Vehicle 2WD,Regular,Front-Wheel Drive,16.4805,Plymouth,Automatic 3-spd,4.0,2.5
34987,Special Purpose Vehicle 2WD,Regular,Front-Wheel Drive,14.9822727272727,Plymouth,Manual 5-spd,4.0,2.5
34988,Special Purpose Vehicle 2WD,Premium,Front-Wheel Drive,17.3478947368421,Plymouth,Manual 5-spd,4.0,2.5
34989,Special Purpose Vehicle 2WD,Regular,Front-Wheel Drive,17.3478947368421,Plymouth,Automatic 3-spd,6.0,3.0
34990,Special Purpose Vehicle 2WD,Regular,Front-Wheel Drive,17.3478947368421,Plymouth,Automatic 4-spd,6.0,3.0
34991,Special Purpose Vehicle 2WD,Regular,Front-Wheel Drive,18.3116666666667,Plymouth,Automatic 4-spd,6.0,3.3
34992,Special Purpose Vehicle 2WD,Regular,Rear-Wheel Drive,13.73375,Suzuki,Manual 5-spd,4.0,1.6
34993,Small Pickup Trucks,Diesel,Rear-Wheel Drive,13.6494642857143,Mitsubishi,Manual 5-spd,4.0,2.3
34994,Special Purpose Vehicle 2WD,Regular,Front-Wheel Drive,18.3116666666667,Oldsmobile,Automatic 3-spd,6.0,3.1
34995,Special Purpose Vehicle 2WD,Regular,Rear-Wheel Drive,18.3116666666667,Toyota,Automatic 4-spd,4.0,2.4
34996,Special Purpose Vehicle 2WD,Regular,Rear-Wheel Drive,20.600625,Toyota,Automatic 4-spd,6.0,3.0
34997,Special Purpose Vehicles,Regular,4-Wheel or All-Wheel Drive,19.3888235294118,Chevrolet,Automatic 4-spd,6.0,4.3
34998,Special Purpose Vehicles,Regular,4-Wheel or All-Wheel Drive,20.600625,Chevrolet,Manual 5-spd,6.0,4.3
34999,Special Purpose Vehicles,Regular,4-Wheel or All-Wheel Drive,25.3546153846154,Chevrolet,Automatic 4-spd,8.0,5.7
35000,Special Purpose Vehicles,Regular,4-Wheel or All-Wheel Drive,27.4675,Chevrolet,Manual 4-spd,8.0,5.7
35001,Special Purpose Vehicles,Diesel,4-Wheel or All-Wheel Drive,22.4814705882353,Chevrolet,Automatic 4-spd,8.0,6.2
35002,Special Purpose Vehicles,Regular,4-Wheel or All-Wheel Drive,25.3546153846154,Chevrolet,Automatic 4-spd,8.0,5.7
35003,Special Purpose Vehicles,Regular,4-Wheel or All-Wheel Drive,27.4675,Chevrolet,Manual 4-spd,8.0,5.7
35004,Small Pickup Trucks,Regular,Rear-Wheel Drive,17.3478947368421,Mitsubishi,Automatic 3-spd,4.0,2.6
35005,Special Purpose Vehicles,Diesel,4-Wheel or All-Wheel Drive,23.8865625,Chevrolet,Automatic 4-spd,8.0,6.2
35006,Special Purpose Vehicles,Regular,4-Wheel or All-Wheel Drive,15.6957142857143,Daihatsu,Manual 5-spd,4.0,1.6
35007,Special Purpose Vehicles,Regular,4-Wheel or All-Wheel Drive,18.3116666666667,Nissan,Automatic 4-spd,4.0,2.4
35008,Special Purpose Vehicles,Regular,4-Wheel or All-Wheel Drive,17.3478947368421,Nissan,Manual 5-spd,4.0,2.4
35009,Special Purpose Vehicles,Regular,4-Wheel or All-Wheel Drive,21.974,Nissan,Automatic 4-spd,6.0,3.0
35010,Special Purpose Vehicles,Regular,4-Wheel or All-Wheel Drive,21.974,Nissan,Manual 5-spd,6.0,3.0
35011,Special Purpose Vehicles,Regular,4-Wheel or All-Wheel Drive,29.9645454545455,Dodge,Automatic 4-spd,8.0,5.2
35012,Special Purpose Vehicles,Regular,4-Wheel or All-Wheel Drive,27.4675,Dodge,Manual 4-spd,8.0,5.2
35013,Special Purpose Vehicles,Regular,4-Wheel or All-Wheel Drive,29.9645454545455,Dodge,Automatic 4-spd,8.0,5.9
35014,Special Purpose Vehicles,Regular,4-Wheel or All-Wheel Drive,32.961,Dodge,Manual 4-spd,8.0,5.9
35015,Small Pickup Trucks,Regular,Rear-Wheel Drive,17.3478947368421,Mitsubishi,Automatic 3-spd,4.0,2.6
35016,Special Purpose Vehicles,Regular,4-Wheel or All-Wheel Drive,17.3478947368421,Dodge,Manual 5-spd,4.0,2.0
35017,Special Purpose Vehicles,Regular,4-Wheel or All-Wheel Drive,14.3308695652174,Dodge,Manual 5-spd,4.0,1.8
35018,Special Purpose Vehicles,Regular,4-Wheel or All-Wheel Drive,20.600625,Dodge,Manual 5-spd,4.0,2.6
35019,Special Purpose Vehicles,Regular,4-Wheel or All-Wheel Drive,20.600625,Dodge,Automatic 4-spd,6.0,3.0
35020,Special Purpose Vehicles,Regular,4-Wheel or All-Wheel Drive,21.974,Dodge,Manual 5-spd,6.0,3.0
35021,Special Purpose Vehicles,Regular,4-Wheel or All-Wheel Drive,18.3116666666667,Jeep,Automatic 4-spd,4.0,2.5
35022,Special Purpose Vehicles,Regular,4-Wheel or All-Wheel Drive,18.3116666666667,Jeep,Automatic 4-spd,4.0,2.5
35023,Special Purpose Vehicles,Regular,4-Wheel or All-Wheel Drive,16.4805,Jeep,Manual 5-spd,4.0,2.5
35024,Special Purpose Vehicles,Regular,4-Wheel or All-Wheel Drive,17.3478947368421,Jeep,Manual 5-spd,4.0,2.5
35025,Special Purpose Vehicles,Regular,4-Wheel or All-Wheel Drive,20.600625,Jeep,Automatic 4-spd,6.0,4.0
35026,Small Pickup Trucks,Regular,Rear-Wheel Drive,16.4805,Mitsubishi,Manual 5-spd,4.0,2.6
35027,Special Purpose Vehicles,Regular,4-Wheel or All-Wheel Drive,19.3888235294118,Jeep,Manual 5-spd,6.0,4.0
35028,Special Purpose Vehicles,Regular,4-Wheel or All-Wheel Drive,29.9645454545455,Jeep,Automatic 3-spd,8.0,5.9
35029,Special Purpose Vehicles,Regular,4-Wheel or All-Wheel Drive,20.600625,Jeep,Automatic 4-spd,6.0,4.0
35030,Special Purpose Vehicles,Regular,4-Wheel or All-Wheel Drive,19.3888235294118,Jeep,Manual 5-spd,4.0,2.5
35031,Special Purpose Vehicles,Regular,4-Wheel or All-Wheel Drive,20.600625,Jeep,Manual 5-spd,4.0,2.5
35032,Special Purpose Vehicles,Regular,4-Wheel or All-Wheel Drive,23.5435714285714,Jeep,Automatic 3-spd,6.0,4.2
35033,Special Purpose Vehicles,Regular,4-Wheel or All-Wheel Drive,20.600625,Jeep,Manual 5-spd,6.0,4.2
35034,Special Purpose Vehicles,Regular,4-Wheel or All-Wheel Drive,20.600625,Ford,Automatic 4-spd,6.0,2.9
35035,Special Purpose Vehicles,Regular,4-Wheel or All-Wheel Drive,19.3888235294118,Ford,Manual 5-spd,6.0,2.9
35036,Special Purpose Vehicles,Regular,4-Wheel or All-Wheel Drive,23.5435714285714,Ford,Automatic 4-spd,6.0,4.9
35037,Small Pickup Trucks,Regular,Rear-Wheel Drive,16.4805,Mitsubishi,Manual 5-spd,4.0,2.6
35038,Special Purpose Vehicles,Regular,4-Wheel or All-Wheel Drive,23.5435714285714,Ford,Manual 5-spd,6.0,4.9
35039,Special Purpose Vehicles,Regular,4-Wheel or All-Wheel Drive,27.4675,Ford,Automatic 3-spd,8.0,5.0
35040,Special Purpose Vehicles,Regular,4-Wheel or All-Wheel Drive,25.3546153846154,Ford,Automatic 4-spd,8.0,5.0
35041,Special Purpose Vehicles,Regular,4-Wheel or All-Wheel Drive,25.3546153846154,Ford,Automatic 4-spd,8.0,5.0
35042,Special Purpose Vehicles,Regular,4-Wheel or All-Wheel Drive,25.3546153846154,Ford,Manual 5-spd,8.0,5.0
35043,Special Purpose Vehicles,Regular,4-Wheel or All-Wheel Drive,27.4675,Ford,Automatic 4-spd,8.0,5.8
35044,Special Purpose Vehicles,Regular,4-Wheel or All-Wheel Drive,14.9822727272727,Geo,Automatic 3-spd,4.0,1.6
35045,Special Purpose Vehicles,Regular,4-Wheel or All-Wheel Drive,13.73375,Geo,Manual 5-spd,4.0,1.6
35046,Special Purpose Vehicles,Regular,4-Wheel or All-Wheel Drive,14.9822727272727,Geo,Automatic 3-spd,4.0,1.6
35047,Special Purpose Vehicles,Regular,4-Wheel or All-Wheel Drive,13.73375,Geo,Manual 5-spd,4.0,1.6
35048,Subcompact Cars,Regular,Rear-Wheel Drive,12.2077777777778,Chevrolet,Manual 4-spd,4.0,1.6
35049,Small Pickup Trucks,Regular,Rear-Wheel Drive,16.4805,Toyota,Automatic 4-spd,4.0,2.4
35050,Special Purpose Vehicles,Regular,4-Wheel or All-Wheel Drive,19.3888235294118,GMC,Automatic 4-spd,6.0,4.3
35051,Special Purpose Vehicles,Regular,4-Wheel or All-Wheel Drive,20.600625,GMC,Manual 5-spd,6.0,4.3
35052,Special Purpose Vehicles,Regular,4-Wheel or All-Wheel Drive,25.3546153846154,GMC,Automatic 4-spd,8.0,5.7
35053,Special Purpose Vehicles,Regular,4-Wheel or All-Wheel Drive,27.4675,GMC,Manual 4-spd,8.0,5.7
35054,Special Purpose Vehicles,Diesel,4-Wheel or All-Wheel Drive,22.4814705882353,GMC,Automatic 4-spd,8.0,6.2
35055,Special Purpose Vehicles,Regular,4-Wheel or All-Wheel Drive,25.3546153846154,GMC,Automatic 4-spd,8.0,5.7
35056,Special Purpose Vehicles,Regular,4-Wheel or All-Wheel Drive,27.4675,GMC,Manual 4-spd,8.0,5.7
35057,Special Purpose Vehicles,Diesel,4-Wheel or All-Wheel Drive,23.8865625,GMC,Automatic 4-spd,8.0,6.2
35058,Special Purpose Vehicles,Regular,4-Wheel or All-Wheel Drive,20.600625,Isuzu,Manual 5-spd,4.0,2.6
35059,Special Purpose Vehicles,Regular,4-Wheel or All-Wheel Drive,21.974,Isuzu,Automatic 4-spd,4.0,2.6
35060,Small Pickup Trucks,Regular,Rear-Wheel Drive,12.6773076923077,Toyota,Manual 4-spd,4.0,2.4
35061,Special Purpose Vehicles,Regular,4-Wheel or All-Wheel Drive,21.974,Isuzu,Manual 5-spd,4.0,2.6
35062,Special Purpose Vehicles,Regular,4-Wheel or All-Wheel Drive,21.974,Isuzu,Automatic 4-spd,6.0,2.8
35063,Special Purpose Vehicles,Regular,4-Wheel or All-Wheel Drive,21.974,Isuzu,Manual 5-spd,6.0,2.8
35064,Special Purpose Vehicles,Regular,4-Wheel or All-Wheel Drive,29.9645454545455,Laforza Automobile Inc,Automatic 4-spd,8.0,4.9
35065,Special Purpose Vehicles,Premium,4-Wheel or All-Wheel Drive,25.3546153846154,Land Rover,Automatic 4-spd,8.0,3.9
35066,Special Purpose Vehicles,Regular,4-Wheel or All-Wheel Drive,20.600625,Mitsubishi,Manual 5-spd,4.0,2.6
35067,Special Purpose Vehicles,Regular,4-Wheel or All-Wheel Drive,20.600625,Mitsubishi,Automatic 4-spd,6.0,3.0
35068,Special Purpose Vehicles,Regular,4-Wheel or All-Wheel Drive,21.974,Mitsubishi,Manual 5-spd,6.0,3.0
35069,Special Purpose Vehicles,Regular,4-Wheel or All-Wheel Drive,20.600625,Mazda,Automatic 4-spd,6.0,3.0
35070,Special Purpose Vehicles,Regular,4-Wheel or All-Wheel Drive,20.600625,Mazda,Manual 5-spd,6.0,3.0
35071,Small Pickup Trucks,Regular,Rear-Wheel Drive,14.9822727272727,Toyota,Manual 5-spd,4.0,2.4
35072,Special Purpose Vehicles,Regular,4-Wheel or All-Wheel Drive,17.3478947368421,Plymouth,Manual 5-spd,4.0,2.0
35073,Special Purpose Vehicles,Regular,4-Wheel or All-Wheel Drive,14.3308695652174,Plymouth,Manual 5-spd,4.0,1.8
35074,Special Purpose Vehicles,Regular,4-Wheel or All-Wheel Drive,16.4805,Subaru,Automatic 3-spd,4.0,1.8
35075,Special Purpose Vehicles,Regular,4-Wheel or All-Wheel Drive,14.3308695652174,Subaru,Manual 5-spd,4.0,1.8
35076,Special Purpose Vehicles,Regular,4-Wheel or All-Wheel Drive,16.4805,Subaru,Automatic 3-spd,4.0,1.8
35077,Special Purpose Vehicles,Regular,4-Wheel or All-Wheel Drive,14.3308695652174,Subaru,Manual 5-spd,4.0,1.8
35078,Special Purpose Vehicles,Regular,4-Wheel or All-Wheel Drive,13.1844,Suzuki,Manual 5-spd,4.0,1.3
35079,Special Purpose Vehicles,Regular,4-Wheel or All-Wheel Drive,13.1844,Suzuki,Manual 5-spd,4.0,1.3
35080,Special Purpose Vehicles,Regular,4-Wheel or All-Wheel Drive,14.9822727272727,Suzuki,Automatic 3-spd,4.0,1.6
35081,Special Purpose Vehicles,Regular,4-Wheel or All-Wheel Drive,13.73375,Suzuki,Manual 5-spd,4.0,1.6
35082,Small Pickup Trucks,Regular,Rear-Wheel Drive,15.6957142857143,Toyota,Automatic 4-spd,4.0,2.4
35083,Special Purpose Vehicles,Regular,4-Wheel or All-Wheel Drive,14.9822727272727,Suzuki,Automatic 3-spd,4.0,1.6
35084,Special Purpose Vehicles,Regular,4-Wheel or All-Wheel Drive,13.73375,Suzuki,Manual 5-spd,4.0,1.6
35085,Special Purpose Vehicles,Regular,4-Wheel or All-Wheel Drive,27.4675,Toyota,Automatic 4-spd,6.0,4.0
35086,Special Purpose Vehicles,Regular,4-Wheel or All-Wheel Drive,20.600625,Toyota,Automatic 4-spd,4.0,2.4
35087,Special Purpose Vehicles,Regular,4-Wheel or All-Wheel Drive,18.3116666666667,Toyota,Manual 5-spd,4.0,2.4
35088,Special Purpose Vehicles,Regular,4-Wheel or All-Wheel Drive,21.974,Toyota,Automatic 4-spd,6.0,3.0
35089,Special Purpose Vehicles,Regular,4-Wheel or All-Wheel Drive,21.974,Toyota,Manual 5-spd,6.0,3.0
35090,Special Purpose Vehicle 2WD,Premium,Front-Wheel Drive,20.600625,Cadillac,Automatic 4-spd,8.0,4.5
35091,Special Purpose Vehicle 2WD,Regular,Rear-Wheel Drive,19.3888235294118,Chevrolet,Automatic 3-spd,4.0,2.5
35092,Special Purpose Vehicle 2WD,Regular,Rear-Wheel Drive,29.9645454545455,Dodge,Automatic 4-spd,6.0,3.9
35093,Small Pickup Trucks,Regular,Rear-Wheel Drive,16.4805,Toyota,Automatic 4-spd,4.0,2.4
35094,Special Purpose Vehicle 2WD,Regular,Rear-Wheel Drive,25.3546153846154,Dodge,Manual 5-spd,6.0,3.9
35095,Special Purpose Vehicle 2WD,Regular,Rear-Wheel Drive,29.9645454545455,Dodge,Automatic 4-spd,8.0,5.9
35096,Special Purpose Vehicle 2WD,Regular,Rear-Wheel Drive,18.3116666666667,Buick,Automatic 4-spd,8.0,5.0
35097,Special Purpose Vehicle 2WD,Regular,Rear-Wheel Drive,32.961,Toyota,Automatic 4-spd,6.0,3.0
35098,Special Purpose Vehicle 2WD,Regular,Rear-Wheel Drive,29.9645454545455,Toyota,Manual 5-spd,6.0,3.0
35099,Two Seaters,Premium,Rear-Wheel Drive,18.3116666666667,Acura,Automatic 4-spd,6.0,3.0
35100,Two Seaters,Premium,Rear-Wheel Drive,18.3116666666667,Acura,Manual 5-spd,6.0,3.0
35101,Two Seaters,Premium,Rear-Wheel Drive,15.6957142857143,Alfa Romeo,Automatic 3-spd,4.0,2.0
35102,Two Seaters,Premium,Rear-Wheel Drive,14.9822727272727,Alfa Romeo,Manual 5-spd,4.0,2.0
35103,Two Seaters,Regular,Front-Wheel Drive,17.3478947368421,Buick,Automatic 4-spd,6.0,3.8
35104,Small Pickup Trucks,Regular,Rear-Wheel Drive,14.9822727272727,Toyota,Manual 5-spd,4.0,2.4
35105,Two Seaters,Premium,Front-Wheel Drive,20.600625,Cadillac,Automatic 4-spd,8.0,4.5
35106,Two Seaters,Premium,Rear-Wheel Drive,21.974,Chevrolet,Manual 6-spd,8.0,5.7
35107,Two Seaters,Premium,Rear-Wheel Drive,19.3888235294118,Chevrolet,Manual 6-spd,8.0,5.7
35108,Two Seaters,Premium,Rear-Wheel Drive,19.3888235294118,Chevrolet,Automatic 4-spd,8.0,5.7
35109,Two Seaters,Premium,Rear-Wheel Drive,18.3116666666667,Chevrolet,Manual 6-spd,8.0,5.7
35110,Two Seaters,Premium,Front-Wheel Drive,18.3116666666667,Chrysler,Automatic 4-spd,6.0,3.0
35111,Two Seaters,Regular,Rear-Wheel Drive,15.6957142857143,Consulier Industries Inc,Manual 5-spd,4.0,2.2
35112,Two Seaters,Premium,Rear-Wheel Drive,17.3478947368421,Nissan,Automatic 4-spd,6.0,3.0
35113,Two Seaters,Premium,Rear-Wheel Drive,18.3116666666667,Nissan,Automatic 4-spd,6.0,3.0
35114,Two Seaters,Premium,Rear-Wheel Drive,18.3116666666667,Nissan,Manual 5-spd,6.0,3.0
35115,Small Pickup Trucks,Diesel,Rear-Wheel Drive,12.7395,Toyota,Manual 4-spd,4.0,2.4
35116,Two Seaters,Premium,Rear-Wheel Drive,18.3116666666667,Nissan,Manual 5-spd,6.0,3.0
35117,Two Seaters,Regular,Rear-Wheel Drive,17.3478947368421,Evans Automobiles,Manual 5-spd,8.0,5.7
35118,Two Seaters,Premium,Rear-Wheel Drive,25.3546153846154,Ferrari,Manual 5-spd,8.0,2.9
35119,Two Seaters,Regular,Rear-Wheel Drive,29.9645454545455,Ferrari,Manual 5-spd,12.0,4.9
35120,Two Seaters,Premium,Rear-Wheel Drive,23.5435714285714,Ferrari,Manual 5-spd,8.0,3.4
35121,Two Seaters,Regular,Front-Wheel Drive,10.987,Geo,Automatic 3-spd,3.0,1.0
35122,Two Seaters,Regular,Front-Wheel Drive,8.90837837837838,Geo,Manual 5-spd,3.0,1.0
35123,Two Seaters,Premium,Rear-Wheel Drive,29.9645454545455,Ferrari,Manual 5-spd,12.0,4.9
35124,Two Seaters,Premium,Rear-Wheel Drive,23.5435714285714,Porsche,Manual 5-spd,6.0,3.6
35125,Two Seaters,Regular,Rear-Wheel Drive,25.3546153846154,Mercedes-Benz,Automatic 4-spd,8.0,5.0
35126,Small Pickup Trucks,Diesel,Rear-Wheel Drive,13.6494642857143,Toyota,Manual 5-spd,4.0,2.4
35127,Two Seaters,Premium,Rear-Wheel Drive,18.3116666666667,Goldacre,Manual 5-spd,6.0,2.5
35128,Two Seaters,Regular,Front-Wheel Drive,12.2077777777778,Honda,Automatic 4-spd,4.0,1.5
35129,Two Seaters,Regular,Front-Wheel Drive,11.3658620689655,Honda,Manual 5-spd,4.0,1.5
35130,Two Seaters,Regular,Front-Wheel Drive,12.2077777777778,Honda,Manual 5-spd,4.0,1.6
35131,Two Seaters,Regular,Front-Wheel Drive,7.6653488372093,Honda,Manual 5-spd,4.0,1.5
35132,Two Seaters,Regular,Front-Wheel Drive,8.45153846153846,Honda,Manual 5-spd,4.0,1.5
35133,Two Seaters,Regular,Rear-Wheel Drive,21.974,Mercedes-Benz,Automatic 4-spd,6.0,3.0
35134,Two Seaters,Premium,Rear-Wheel Drive,25.3546153846154,Jaguar,Automatic 3-spd,12.0,5.3
35135,Two Seaters,Regular,Rear-Wheel Drive,29.9645454545455,J.K. Motors,Manual 5-spd,12.0,4.9
35136,Two Seaters,Premium,Rear-Wheel Drive,29.9645454545455,J.K. Motors,Manual 5-spd,12.0,4.9
35137,Small Pickup Trucks,Diesel,4-Wheel or All-Wheel Drive,14.6994230769231,Dodge,Manual 5-spd,4.0,2.3
35138,Two Seaters,Premium,Rear-Wheel Drive,32.961,Lamborghini,Manual 5-spd,12.0,5.7
35139,Two Seaters,Regular,Rear-Wheel Drive,20.600625,Porsche,Manual 5-spd,6.0,3.2
35140,Two Seaters,Premium,Front-Wheel Drive,13.73375,Lotus,Manual 5-spd,4.0,1.6
35141,Two Seaters,Premium,Rear-Wheel Drive,17.3478947368421,Lotus,Manual 5-spd,4.0,2.2
35142,Two Seaters,Premium,Rear-Wheel Drive,21.974,Maserati,Automatic 4-spd,6.0,2.8
35143,Two Seaters,Premium,Rear-Wheel Drive,23.5435714285714,Maserati,Manual 5-spd,6.0,2.8
35144,Two Seaters,Regular,Rear-Wheel Drive,19.3888235294118,Mazda,Automatic 4-spd,2.0,1.3
35145,Two Seaters,Regular,Rear-Wheel Drive,18.3116666666667,Mazda,Manual 5-spd,2.0,1.3
35146,Two Seaters,Regular,Rear-Wheel Drive,19.3888235294118,Mazda,Manual 5-spd,2.0,1.3
35147,Two Seaters,Regular,Rear-Wheel Drive,14.3308695652174,Mazda,Automatic 4-spd,4.0,1.6
35148,Small Pickup Trucks,Regular,4-Wheel or All-Wheel Drive,19.3888235294118,Dodge,Automatic 3-spd,4.0,2.6
35149,Two Seaters,Regular,Rear-Wheel Drive,13.73375,Mazda,Manual 5-spd,4.0,1.6
35150,Two Seaters,Premium,Rear-Wheel Drive,19.3888235294118,Mercedes-Benz,Automatic 5-spd,6.0,3.0
35151,Two Seaters,Premium,Rear-Wheel Drive,20.600625,Mercedes-Benz,Manual 5-spd,6.0,3.0
35152,Two Seaters,Premium,Rear-Wheel Drive,23.5435714285714,Mercedes-Benz,Automatic 4-spd,8.0,5.0
35153,Two Seaters,Premium,Rear-Wheel Drive,16.4805,Toyota,Manual 5-spd,4.0,2.0
35154,Two Seaters,Regular,Rear-Wheel Drive,14.9822727272727,Toyota,Automatic 4-spd,4.0,2.2
35155,Two Seaters,Regular,Rear-Wheel Drive,14.9822727272727,Toyota,Manual 5-spd,4.0,2.2
35156,Two Seaters,Premium,Rear-Wheel Drive,29.9645454545455,Wallace Environmental,Manual 5-spd,12.0,4.9
35157,Minicompact Cars,Regular,Front-Wheel Drive,12.2077777777778,Nissan,Automatic 4-spd,4.0,1.6
35158,Minicompact Cars,Regular,Front-Wheel Drive,11.7717857142857,Nissan,Manual 5-spd,4.0,1.6
35159,Subcompact Cars,Regular,Rear-Wheel Drive,12.2077777777778,Chevrolet,Manual 5-spd,4.0,1.6
35160,Small Pickup Trucks,Regular,4-Wheel or All-Wheel Drive,19.3888235294118,Dodge,Automatic 3-spd,4.0,2.6
35161,Minicompact Cars,Regular,Front-Wheel Drive,14.9822727272727,Nissan,Automatic 4-spd,4.0,2.0
35162,Minicompact Cars,Regular,Front-Wheel Drive,14.3308695652174,Nissan,Manual 5-spd,4.0,2.0
35163,Minicompact Cars,Premium,Rear-Wheel Drive,15.6957142857143,Nissan,Automatic 4-spd,4.0,2.4
35164,Minicompact Cars,Premium,Rear-Wheel Drive,14.9822727272727,Nissan,Manual 5-spd,4.0,2.4
35165,Minicompact Cars,Regular,Front-Wheel Drive,14.9822727272727,Mercury,Automatic 4-spd,4.0,1.6
35166,Minicompact Cars,Regular,Front-Wheel Drive,14.3308695652174,Mercury,Manual 5-spd,4.0,1.6
35167,Minicompact Cars,Regular,Front-Wheel Drive,13.73375,Mercury,Manual 5-spd,4.0,1.6
35168,Minicompact Cars,Premium,Rear-Wheel Drive,19.3888235294118,Porsche,Manual 5-spd,6.0,3.6
35169,Minicompact Cars,Premium,4-Wheel or All-Wheel Drive,20.600625,Porsche,Manual 5-spd,6.0,3.6
35170,Minicompact Cars,Premium,Rear-Wheel Drive,20.600625,Porsche,Automatic (S4),6.0,3.6
35171,Small Pickup Trucks,Regular,4-Wheel or All-Wheel Drive,18.3116666666667,Dodge,Manual 5-spd,4.0,2.6
35172,Minicompact Cars,Premium,Rear-Wheel Drive,23.5435714285714,Porsche,Manual 5-spd,6.0,3.3
35173,Minicompact Cars,Premium,Rear-Wheel Drive,21.974,Porsche,Automatic 4-spd,8.0,5.0
35174,Minicompact Cars,Premium,Rear-Wheel Drive,23.5435714285714,Porsche,Manual 5-spd,8.0,5.0
35175,Minicompact Cars,Premium,Rear-Wheel Drive,18.3116666666667,Porsche,Manual 5-spd,4.0,3.0
35176,Minicompact Cars,Regular,Front-Wheel Drive,14.3308695652174,Toyota,Automatic 4-spd,4.0,2.2
35177,Minicompact Cars,Regular,Front-Wheel Drive,14.9822727272727,Toyota,Manual 5-spd,4.0,2.2
35178,Minicompact Cars,Regular,Front-Wheel Drive,14.3308695652174,Volkswagen,Automatic 3-spd,4.0,1.8
35179,Minicompact Cars,Regular,Front-Wheel Drive,13.1844,Volkswagen,Manual 5-spd,4.0,1.8
35180,Minicompact Cars,Premium,Rear-Wheel Drive,21.974,Wallace Environmental,Automatic 4-spd,6.0,2.9
35181,Subcompact Cars,Regular,Front-Wheel Drive,14.3308695652174,Acura,Automatic 4-spd,4.0,1.8
35182,Small Pickup Trucks,Regular,4-Wheel or All-Wheel Drive,17.3478947368421,Dodge,Manual 5-spd,4.0,2.6
35183,Subcompact Cars,Regular,Front-Wheel Drive,14.3308695652174,Acura,Manual 5-spd,4.0,1.8
35184,Subcompact Cars,Premium,Rear-Wheel Drive,27.4675,Aston Martin,Automatic 3-spd,8.0,5.3
35185,Subcompact Cars,Premium,Rear-Wheel Drive,25.3546153846154,Aston Martin,Manual 5-spd,8.0,5.3
35186,Subcompact Cars,Regular,4-Wheel or All-Wheel Drive,18.3116666666667,Audi,Manual 5-spd,5.0,2.3
35187,Subcompact Cars,Regular,4-Wheel or All-Wheel Drive,17.3478947368421,Audi,Manual 5-spd,5.0,2.3
35188,Subcompact Cars,Regular,Front-Wheel Drive,17.3478947368421,Audi,Automatic 4-spd,5.0,2.3
35189,Subcompact Cars,Regular,Front-Wheel Drive,16.4805,Audi,Manual 5-spd,5.0,2.3
35190,Subcompact Cars,Regular,4-Wheel or All-Wheel Drive,18.3116666666667,Audi,Manual 5-spd,5.0,2.3
35191,Subcompact Cars,Premium,Rear-Wheel Drive,18.3116666666667,BMW,Manual 5-spd,4.0,2.3
35192,Subcompact Cars,Premium,Rear-Wheel Drive,15.6957142857143,BMW,Manual 5-spd,4.0,1.8
35193,Small Pickup Trucks,Regular,4-Wheel or All-Wheel Drive,14.3308695652174,Ford,Manual 5-spd,4.0,2.3
35194,Subcompact Cars,Premium,Rear-Wheel Drive,15.6957142857143,BMW,Manual 5-spd,4.0,1.8
35195,Subcompact Cars,Premium,Rear-Wheel Drive,15.6957142857143,BMW,Manual 5-spd,4.0,1.8
35196,Subcompact Cars,Regular,Rear-Wheel Drive,18.3116666666667,BMW,Automatic 4-spd,6.0,2.5
35197,Subcompact Cars,Regular,Rear-Wheel Drive,18.3116666666667,BMW,Manual 5-spd,6.0,2.5
35198,Subcompact Cars,Regular,Rear-Wheel Drive,18.3116666666667,BMW,Automatic 4-spd,6.0,2.5
35199,Subcompact Cars,Regular,Rear-Wheel Drive,18.3116666666667,BMW,Manual 5-spd,6.0,2.5
35200,Subcompact Cars,Regular,4-Wheel or All-Wheel Drive,18.3116666666667,BMW,Automatic 4-spd,6.0,2.5
35201,Subcompact Cars,Regular,4-Wheel or All-Wheel Drive,18.3116666666667,BMW,Manual 5-spd,6.0,2.5
35202,Subcompact Cars,Regular,Rear-Wheel Drive,25.3546153846154,BMW,Automatic 4-spd,12.0,5.0
35203,Subcompact Cars,Regular,Rear-Wheel Drive,25.3546153846154,BMW,Manual 6-spd,12.0,5.0
35204,Small Pickup Trucks,Diesel,4-Wheel or All-Wheel Drive,15.2874,Ford,Manual 5-spd,4.0,2.3
35205,Subcompact Cars,Regular,Rear-Wheel Drive,17.3478947368421,Chevrolet,Automatic 4-spd,6.0,3.1
35206,Subcompact Cars,Regular,Rear-Wheel Drive,18.3116666666667,Chevrolet,Manual 5-spd,6.0,3.1
35207,Subcompact Cars,Premium,Rear-Wheel Drive,18.3116666666667,Chevrolet,Automatic 4-spd,8.0,5.0
35208,Subcompact Cars,Regular,Rear-Wheel Drive,18.3116666666667,Chevrolet,Automatic 4-spd,8.0,5.0
35209,Subcompact Cars,Premium,Rear-Wheel Drive,18.3116666666667,Chevrolet,Manual 5-spd,8.0,5.0
35210,Subcompact Cars,Regular,Rear-Wheel Drive,18.3116666666667,Chevrolet,Manual 5-spd,8.0,5.0
35211,Subcompact Cars,Premium,Rear-Wheel Drive,19.3888235294118,Chevrolet,Automatic 4-spd,8.0,5.7
35212,Subcompact Cars,Regular,Front-Wheel Drive,13.73375,Chevrolet,Automatic 3-spd,4.0,2.2
35213,Subcompact Cars,Regular,Front-Wheel Drive,13.1844,Chevrolet,Manual 5-spd,4.0,2.2
35214,Subcompact Cars,Regular,Front-Wheel Drive,16.4805,Chevrolet,Automatic 3-spd,6.0,3.1
35215,Small Pickup Trucks,Regular,4-Wheel or All-Wheel Drive,19.3888235294118,Ford,Automatic 4-spd,6.0,2.8
35216,Subcompact Cars,Regular,Front-Wheel Drive,16.4805,Chevrolet,Manual 5-spd,6.0,3.1
35217,Subcompact Cars,Regular,Front-Wheel Drive,16.4805,Chevrolet,Automatic 3-spd,6.0,3.1
35218,Subcompact Cars,Regular,Front-Wheel Drive,16.4805,Chevrolet,Manual 5-spd,6.0,3.1
35219,Subcompact Cars,Regular,Front-Wheel Drive,9.98818181818182,Chevrolet,Automatic 3-spd,3.0,1.0
35220,Subcompact Cars,Regular,Front-Wheel Drive,8.24025,Chevrolet,Manual 5-spd,3.0,1.0
35221,Subcompact Cars,Regular,Front-Wheel Drive,16.4805,Chrysler,Automatic 3-spd,4.0,2.5
35222,Subcompact Cars,Premium,Front-Wheel Drive,17.3478947368421,Chrysler,Automatic 3-spd,4.0,2.5
35223,Subcompact Cars,Premium,Front-Wheel Drive,16.4805,Chrysler,Manual 5-spd,4.0,2.5
35224,Subcompact Cars,Regular,Front-Wheel Drive,16.4805,Chrysler,Automatic 4-spd,6.0,3.0
35225,Subcompact Cars,Regular,Front-Wheel Drive,17.3478947368421,Chrysler,Manual 5-spd,6.0,3.0
35226,Small Pickup Trucks,Regular,4-Wheel or All-Wheel Drive,18.3116666666667,Ford,Manual 5-spd,6.0,2.8
35227,Subcompact Cars,Regular,Front-Wheel Drive,9.69441176470588,Daihatsu,Manual 5-spd,3.0,1.0
35228,Subcompact Cars,Regular,Front-Wheel Drive,12.2077777777778,Daihatsu,Automatic 3-spd,4.0,1.3
35229,Subcompact Cars,Regular,Front-Wheel Drive,10.3003125,Daihatsu,Manual 5-spd,4.0,1.3
35230,Subcompact Cars,Regular,Front-Wheel Drive,12.6773076923077,Nissan,Automatic 3-spd,4.0,1.6
35231,Subcompact Cars,Regular,Front-Wheel Drive,12.2077777777778,Nissan,Automatic 4-spd,4.0,1.6
35232,Subcompact Cars,Regular,Front-Wheel Drive,11.7717857142857,Nissan,Manual 4-spd,4.0,1.6
35233,Subcompact Cars,Regular,Front-Wheel Drive,11.3658620689655,Nissan,Manual 5-spd,4.0,1.6
35234,Subcompact Cars,Regular,Front-Wheel Drive,14.3308695652174,Nissan,Automatic 4-spd,4.0,2.0
35235,Subcompact Cars,Regular,Front-Wheel Drive,13.73375,Nissan,Manual 5-spd,4.0,2.0
35236,Subcompact Cars,Regular,Front-Wheel Drive,13.73375,Nissan,Manual 5-spd,4.0,2.0
35237,Small Pickup Trucks,Regular,4-Wheel or All-Wheel Drive,16.4805,Isuzu,Manual 4-spd,4.0,2.0
35238,Subcompact Cars,Premium,Rear-Wheel Drive,17.3478947368421,Nissan,Automatic 4-spd,6.0,3.0
35239,Subcompact Cars,Premium,Rear-Wheel Drive,18.3116666666667,Nissan,Manual 5-spd,6.0,3.0
35240,Subcompact Cars,Regular,Front-Wheel Drive,12.6773076923077,Dodge,Automatic 3-spd,4.0,1.5
35241,Subcompact Cars,Regular,Front-Wheel Drive,11.3658620689655,Dodge,Manual 4-spd,4.0,1.5
35242,Subcompact Cars,Regular,Front-Wheel Drive,11.7717857142857,Dodge,Manual 5-spd,4.0,1.5
35243,Subcompact Cars,Regular,Front-Wheel Drive,14.9822727272727,Dodge,Automatic 3-spd,4.0,2.5
35244,Subcompact Cars,Premium,Front-Wheel Drive,17.3478947368421,Dodge,Automatic 3-spd,4.0,2.5
35245,Subcompact Cars,Premium,Front-Wheel Drive,16.4805,Dodge,Manual 5-spd,4.0,2.5
35246,Subcompact Cars,Regular,Front-Wheel Drive,13.1844,Dodge,Manual 5-spd,4.0,2.5
35247,Subcompact Cars,Regular,Front-Wheel Drive,16.4805,Dodge,Automatic 4-spd,6.0,3.0
35248,Small Pickup Trucks,Diesel,4-Wheel or All-Wheel Drive,15.924375,Isuzu,Manual 4-spd,4.0,2.2
35249,Subcompact Cars,Regular,Front-Wheel Drive,16.4805,Dodge,Manual 5-spd,6.0,3.0
35250,Subcompact Cars,Premium,Front-Wheel Drive,16.4805,Dodge,Manual 5-spd,4.0,2.2
35251,Subcompact Cars,Regular,Front-Wheel Drive,14.9822727272727,Dodge,Automatic 3-spd,4.0,2.5
35252,Subcompact Cars,Premium,Front-Wheel Drive,17.3478947368421,Dodge,Automatic 3-spd,4.0,2.5
35253,Subcompact Cars,Premium,Front-Wheel Drive,16.4805,Dodge,Manual 5-spd,4.0,2.5
35254,Subcompact Cars,Regular,Front-Wheel Drive,13.1844,Dodge,Manual 5-spd,4.0,2.5
35255,Subcompact Cars,Premium,Front-Wheel Drive,18.3116666666667,Dodge,Automatic 4-spd,6.0,3.0
35256,Subcompact Cars,Regular,Front-Wheel Drive,18.3116666666667,Dodge,Automatic 4-spd,6.0,3.0
35257,Subcompact Cars,Regular,Front-Wheel Drive,18.3116666666667,Dodge,Manual 5-spd,6.0,3.0
35258,Subcompact Cars,Premium,Front-Wheel Drive,17.3478947368421,Dodge,Manual 5-spd,6.0,3.0
35259,Small Pickup Trucks,Regular,4-Wheel or All-Wheel Drive,18.3116666666667,Jeep,Manual 4-spd,4.0,2.5
35260,Subcompact Cars,Premium,4-Wheel or All-Wheel Drive,18.3116666666667,Dodge,Manual 5-spd,6.0,3.0
35261,Subcompact Cars,Premium,4-Wheel or All-Wheel Drive,18.3116666666667,Eagle,Automatic 4-spd,4.0,2.0
35262,Subcompact Cars,Premium,Front-Wheel Drive,17.3478947368421,Eagle,Automatic 4-spd,4.0,2.0
35263,Subcompact Cars,Regular,Front-Wheel Drive,15.6957142857143,Eagle,Automatic 4-spd,4.0,2.0
35264,Subcompact Cars,Premium,4-Wheel or All-Wheel Drive,16.4805,Eagle,Manual 5-spd,4.0,2.0
35265,Subcompact Cars,Premium,Front-Wheel Drive,15.6957142857143,Eagle,Manual 5-spd,4.0,2.0
35266,Subcompact Cars,Regular,Front-Wheel Drive,14.9822727272727,Eagle,Manual 5-spd,4.0,2.0
35267,Subcompact Cars,Premium,Rear-Wheel Drive,25.3546153846154,Ferrari,Manual 5-spd,8.0,3.4
35268,Subcompact Cars,Regular,Front-Wheel Drive,11.7717857142857,Ford,Automatic 3-spd,4.0,1.3
35269,Subcompact Cars,Regular,Front-Wheel Drive,9.98818181818182,Ford,Manual 5-spd,4.0,1.3
35270,Subcompact Cars,Diesel,Rear-Wheel Drive,10.61625,Chevrolet,Manual 5-spd,4.0,1.8
35271,Small Pickup Trucks,Regular,4-Wheel or All-Wheel Drive,18.3116666666667,Jeep,Manual 5-spd,4.0,2.5
35272,Subcompact Cars,Regular,Rear-Wheel Drive,15.6957142857143,Ford,Automatic 4-spd,4.0,2.3
35273,Subcompact Cars,Regular,Rear-Wheel Drive,14.9822727272727,Ford,Manual 5-spd,4.0,2.3
35274,Subcompact Cars,Regular,Rear-Wheel Drive,17.3478947368421,Ford,Automatic 4-spd,8.0,5.0
35275,Subcompact Cars,Regular,Rear-Wheel Drive,19.3888235294118,Ford,Manual 5-spd,8.0,5.0
35276,Subcompact Cars,Regular,Front-Wheel Drive,9.98818181818182,Geo,Automatic 3-spd,3.0,1.0
35277,Subcompact Cars,Regular,Front-Wheel Drive,8.24025,Geo,Manual 5-spd,3.0,1.0
35278,Subcompact Cars,Regular,Front-Wheel Drive,9.98818181818182,Geo,Automatic 3-spd,3.0,1.0
35279,Subcompact Cars,Regular,Front-Wheel Drive,8.24025,Geo,Manual 5-spd,3.0,1.0
35280,Subcompact Cars,Regular,Front-Wheel Drive,7.01297872340426,Geo,Manual 5-spd,3.0,1.0
35281,Subcompact Cars,Regular,Front-Wheel Drive,13.73375,Geo,Automatic 3-spd,4.0,1.6
35282,Small Pickup Trucks,Regular,4-Wheel or All-Wheel Drive,21.974,Jeep,Automatic 3-spd,6.0,4.2
35283,Subcompact Cars,Premium,Front-Wheel Drive,14.3308695652174,Geo,Automatic 4-spd,4.0,1.6
35284,Subcompact Cars,Regular,Front-Wheel Drive,12.2077777777778,Geo,Manual 5-spd,4.0,1.6
35285,Subcompact Cars,Premium,Front-Wheel Drive,13.73375,Geo,Manual 5-spd,4.0,1.6
35286,Subcompact Cars,Regular,Front-Wheel Drive,13.73375,Geo,Automatic 3-spd,4.0,1.6
35287,Subcompact Cars,Regular,Front-Wheel Drive,13.73375,Geo,Automatic 4-spd,4.0,1.6
35288,Subcompact Cars,Regular,Front-Wheel Drive,11.7717857142857,Geo,Manual 5-spd,4.0,1.6
35289,Subcompact Cars,Regular,Front-Wheel Drive,13.1844,Geo,Manual 5-spd,4.0,1.6
35290,Subcompact Cars,Regular,Front-Wheel Drive,12.6773076923077,Honda,Automatic 4-spd,4.0,1.5
35291,Subcompact Cars,Regular,Front-Wheel Drive,10.987,Honda,Manual 4-spd,4.0,1.5
35292,Subcompact Cars,Regular,Front-Wheel Drive,11.3658620689655,Honda,Manual 5-spd,4.0,1.5
35293,Small Pickup Trucks,Regular,4-Wheel or All-Wheel Drive,20.600625,Jeep,Manual 4-spd,6.0,4.2
35294,Subcompact Cars,Regular,Front-Wheel Drive,14.3308695652174,Honda,Automatic 4-spd,4.0,1.6
35295,Subcompact Cars,Regular,Front-Wheel Drive,12.6773076923077,Honda,Manual 5-spd,4.0,1.6
35296,Subcompact Cars,Regular,Front-Wheel Drive,16.4805,Honda,Automatic 4-spd,4.0,2.0
35297,Subcompact Cars,Regular,Front-Wheel Drive,14.9822727272727,Honda,Manual 5-spd,4.0,2.0
35298,Subcompact Cars,Regular,Front-Wheel Drive,15.6957142857143,Honda,Automatic 4-spd,4.0,2.0
35299,Subcompact Cars,Regular,Front-Wheel Drive,14.9822727272727,Honda,Manual 5-spd,4.0,2.0
35300,Subcompact Cars,Regular,Front-Wheel Drive,16.4805,Honda,Automatic 4-spd,4.0,2.1
35301,Subcompact Cars,Regular,Front-Wheel Drive,15.6957142857143,Honda,Manual 5-spd,4.0,2.1
35302,Subcompact Cars,Regular,Front-Wheel Drive,12.6773076923077,Hyundai,Automatic 3-spd,4.0,1.5
35303,Subcompact Cars,Regular,Front-Wheel Drive,11.7717857142857,Hyundai,Manual 4-spd,4.0,1.5
35304,Small Pickup Trucks,Regular,4-Wheel or All-Wheel Drive,19.3888235294118,Jeep,Manual 5-spd,6.0,4.2
35305,Subcompact Cars,Regular,Front-Wheel Drive,12.6773076923077,Hyundai,Automatic 4-spd,4.0,1.5
35306,Subcompact Cars,Regular,Front-Wheel Drive,12.2077777777778,Hyundai,Manual 4-spd,4.0,1.5
35307,Subcompact Cars,Regular,Front-Wheel Drive,11.7717857142857,Hyundai,Manual 5-spd,4.0,1.5
35308,Subcompact Cars,Regular,Front-Wheel Drive,13.1844,Hyundai,Automatic 4-spd,4.0,1.5
35309,Subcompact Cars,Regular,Front-Wheel Drive,12.6773076923077,Hyundai,Manual 5-spd,4.0,1.5
35310,Subcompact Cars,Regular,Front-Wheel Drive,13.73375,Isuzu,Automatic 4-spd,4.0,1.6
35311,Subcompact Cars,Premium,4-Wheel or All-Wheel Drive,14.9822727272727,Isuzu,Manual 5-spd,4.0,1.6
35312,Subcompact Cars,Regular,Front-Wheel Drive,12.6773076923077,Isuzu,Manual 5-spd,4.0,1.6
35313,Subcompact Cars,Premium,Rear-Wheel Drive,17.3478947368421,Infiniti,Automatic 4-spd,6.0,3.0
35314,Subcompact Cars,Premium,Rear-Wheel Drive,23.5435714285714,Jaguar,Automatic 3-spd,12.0,5.3
35315,Small Pickup Trucks,Diesel,4-Wheel or All-Wheel Drive,14.6994230769231,Mitsubishi,Manual 5-spd,4.0,2.3
35316,Subcompact Cars,Premium,Rear-Wheel Drive,17.3478947368421,BMW,Manual 5-spd,4.0,1.8
35317,Subcompact Cars,Premium,Rear-Wheel Drive,17.3478947368421,BMW,Manual 5-spd,4.0,1.8
35318,Subcompact Cars,Premium,Rear-Wheel Drive,16.4805,Mercedes-Benz,Manual 4-spd,4.0,2.0
35319,Subcompact Cars,Premium,Rear-Wheel Drive,16.4805,Mercedes-Benz,Manual 4-spd,4.0,2.0
35320,Subcompact Cars,Premium,Rear-Wheel Drive,23.5435714285714,Maserati,Automatic 4-spd,6.0,2.8
35321,Subcompact Cars,Premium,Rear-Wheel Drive,15.6957142857143,Mercedes-Benz,Automatic 4-spd,4.0,2.3
35322,Subcompact Cars,Premium,Rear-Wheel Drive,15.6957142857143,Mercedes-Benz,Manual 5-spd,4.0,2.3
35323,Subcompact Cars,Premium,Rear-Wheel Drive,17.3478947368421,Mercedes-Benz,Automatic 4-spd,6.0,2.6
35324,Subcompact Cars,Premium,Rear-Wheel Drive,16.4805,Mercedes-Benz,Manual 5-spd,6.0,2.6
35325,Subcompact Cars,Premium,Rear-Wheel Drive,18.3116666666667,Mercedes-Benz,Automatic 4-spd,6.0,3.0
35326,Small Pickup Trucks,Regular,4-Wheel or All-Wheel Drive,17.3478947368421,Mitsubishi,Manual 5-spd,4.0,2.6
35327,Subcompact Cars,Regular,Front-Wheel Drive,14.3308695652174,Mitsubishi,Automatic 4-spd,4.0,1.8
35328,Subcompact Cars,Regular,Front-Wheel Drive,13.73375,Mitsubishi,Manual 5-spd,4.0,1.8
35329,Subcompact Cars,Premium,4-Wheel or All-Wheel Drive,18.3116666666667,Mitsubishi,Automatic 4-spd,4.0,2.0
35330,Subcompact Cars,Premium,Front-Wheel Drive,17.3478947368421,Mitsubishi,Automatic 4-spd,4.0,2.0
35331,Subcompact Cars,Regular,Front-Wheel Drive,15.6957142857143,Mitsubishi,Automatic 4-spd,4.0,2.0
35332,Subcompact Cars,Premium,4-Wheel or All-Wheel Drive,16.4805,Mitsubishi,Manual 5-spd,4.0,2.0
35333,Subcompact Cars,Regular,Front-Wheel Drive,14.9822727272727,Mitsubishi,Manual 5-spd,4.0,2.0
35334,Subcompact Cars,Premium,Front-Wheel Drive,15.6957142857143,Mitsubishi,Manual 5-spd,4.0,2.0
35335,Subcompact Cars,Regular,Front-Wheel Drive,12.6773076923077,Mitsubishi,Automatic 3-spd,4.0,1.5
35336,Subcompact Cars,Regular,Front-Wheel Drive,13.1844,Mitsubishi,Automatic 4-spd,4.0,1.5
35337,Small Pickup Trucks,Regular,4-Wheel or All-Wheel Drive,18.3116666666667,Mitsubishi,Manual 5-spd,4.0,2.6
35338,Subcompact Cars,Regular,Front-Wheel Drive,11.3658620689655,Mitsubishi,Manual 4-spd,4.0,1.5
35339,Subcompact Cars,Regular,Front-Wheel Drive,11.7717857142857,Mitsubishi,Manual 5-spd,4.0,1.5
35340,Subcompact Cars,Regular,Front-Wheel Drive,14.9822727272727,Mitsubishi,Automatic 4-spd,4.0,1.6
35341,Subcompact Cars,Regular,Front-Wheel Drive,14.9822727272727,Mitsubishi,Automatic 4-spd,4.0,1.6
35342,Subcompact Cars,Regular,Front-Wheel Drive,14.3308695652174,Mitsubishi,Manual 5-spd,4.0,1.6
35343,Subcompact Cars,Regular,Front-Wheel Drive,14.3308695652174,Mitsubishi,Manual 5-spd,4.0,1.6
35344,Subcompact Cars,Premium,Front-Wheel Drive,18.3116666666667,Mitsubishi,Automatic 4-spd,6.0,3.0
35345,Subcompact Cars,Premium,4-Wheel or All-Wheel Drive,18.3116666666667,Mitsubishi,Manual 5-spd,6.0,3.0
35346,Subcompact Cars,Premium,Front-Wheel Drive,17.3478947368421,Mitsubishi,Manual 5-spd,6.0,3.0
35347,Subcompact Cars,Regular,Front-Wheel Drive,12.6773076923077,Plymouth,Automatic 3-spd,4.0,1.5
35348,Standard Pickup Trucks,Regular,Rear-Wheel Drive,19.3888235294118,Chevrolet,Automatic 3-spd,6.0,4.3
35349,Subcompact Cars,Regular,Front-Wheel Drive,11.3658620689655,Plymouth,Manual 4-spd,4.0,1.5
35350,Subcompact Cars,Regular,Front-Wheel Drive,11.7717857142857,Plymouth,Manual 5-spd,4.0,1.5
35351,Subcompact Cars,Regular,Front-Wheel Drive,14.3308695652174,Plymouth,Automatic 4-spd,4.0,1.8
35352,Subcompact Cars,Regular,Front-Wheel Drive,13.73375,Plymouth,Manual 5-spd,4.0,1.8
35353,Subcompact Cars,Premium,Front-Wheel Drive,17.3478947368421,Plymouth,Automatic 4-spd,4.0,2.0
35354,Subcompact Cars,Regular,Front-Wheel Drive,15.6957142857143,Plymouth,Automatic 4-spd,4.0,2.0
35355,Subcompact Cars,Regular,Front-Wheel Drive,14.9822727272727,Plymouth,Manual 5-spd,4.0,2.0
35356,Subcompact Cars,Premium,Front-Wheel Drive,15.6957142857143,Plymouth,Manual 5-spd,4.0,2.0
35357,Subcompact Cars,Regular,Rear-Wheel Drive,17.3478947368421,Pontiac,Automatic 4-spd,6.0,3.1
35358,Subcompact Cars,Regular,Rear-Wheel Drive,18.3116666666667,Pontiac,Manual 5-spd,6.0,3.1
35359,Standard Pickup Trucks,Regular,Rear-Wheel Drive,19.3888235294118,Chevrolet,Automatic 4-spd,6.0,4.3
35360,Subcompact Cars,Premium,Rear-Wheel Drive,18.3116666666667,Pontiac,Automatic 4-spd,8.0,5.0
35361,Subcompact Cars,Regular,Rear-Wheel Drive,18.3116666666667,Pontiac,Automatic 4-spd,8.0,5.0
35362,Subcompact Cars,Regular,Rear-Wheel Drive,18.3116666666667,Pontiac,Manual 5-spd,8.0,5.0
35363,Subcompact Cars,Premium,Rear-Wheel Drive,18.3116666666667,Pontiac,Manual 5-spd,8.0,5.0
35364,Subcompact Cars,Premium,Rear-Wheel Drive,19.3888235294118,Pontiac,Automatic 4-spd,8.0,5.7
35365,Subcompact Cars,Regular,Front-Wheel Drive,9.98818181818182,Pontiac,Automatic 3-spd,3.0,1.0
35366,Subcompact Cars,Regular,Front-Wheel Drive,8.24025,Pontiac,Manual 5-spd,3.0,1.0
35367,Subcompact Cars,Regular,Front-Wheel Drive,13.73375,Pontiac,Automatic 3-spd,4.0,2.0
35368,Subcompact Cars,Regular,Front-Wheel Drive,12.6773076923077,Pontiac,Manual 5-spd,4.0,2.0
35369,Subcompact Cars,Regular,Front-Wheel Drive,16.4805,Pontiac,Automatic 3-spd,6.0,3.1
35370,Standard Pickup Trucks,Regular,Rear-Wheel Drive,19.3888235294118,Chevrolet,Manual 3-spd,6.0,4.3
35371,Subcompact Cars,Regular,Front-Wheel Drive,16.4805,Pontiac,Manual 5-spd,6.0,3.1
35372,Subcompact Cars,Regular,Front-Wheel Drive,14.3308695652174,Pontiac,Automatic 3-spd,4.0,2.0
35373,Subcompact Cars,Regular,Front-Wheel Drive,13.73375,Pontiac,Manual 5-spd,4.0,2.0
35374,Subcompact Cars,Regular,Front-Wheel Drive,16.4805,Pontiac,Automatic 3-spd,6.0,3.1
35375,Subcompact Cars,Regular,Front-Wheel Drive,16.4805,Pontiac,Manual 5-spd,6.0,3.1
35376,Subcompact Cars,Premium,Rear-Wheel Drive,32.961,Rolls-Royce,Automatic 3-spd,8.0,6.8
35377,Subcompact Cars,Premium,Rear-Wheel Drive,32.961,Rolls-Royce,Automatic 3-spd,8.0,6.8
35378,Subcompact Cars,Regular,Front-Wheel Drive,19.3888235294118,Saab,Automatic 3-spd,4.0,2.0
35379,Subcompact Cars,Regular,Front-Wheel Drive,15.6957142857143,Saab,Manual 5-spd,4.0,2.0
35380,Subcompact Cars,Regular,Front-Wheel Drive,13.73375,Saturn,Automatic 4-spd,4.0,1.9
35381,Subcompact Cars,Regular,Front-Wheel Drive,10.987,Chevrolet,Automatic 3-spd,4.0,1.5
35382,Standard Pickup Trucks,Regular,Rear-Wheel Drive,19.3888235294118,Chevrolet,Manual 4-spd,6.0,4.3
35383,Subcompact Cars,Regular,Front-Wheel Drive,13.1844,Saturn,Manual 5-spd,4.0,1.9
35384,Subcompact Cars,Regular,Front-Wheel Drive,10.987,Subaru,Manual 5-spd,3.0,1.2
35385,Subcompact Cars,Regular,Front-Wheel Drive,10.987,Subaru,Automatic (variable gear ratios),3.0,1.2
35386,Subcompact Cars,Regular,Front-Wheel Drive,10.987,Subaru,Manual 5-spd,3.0,1.2
35387,Subcompact Cars,Regular,4-Wheel or All-Wheel Drive,12.2077777777778,Subaru,Automatic (variable gear ratios),3.0,1.2
35388,Subcompact Cars,Regular,4-Wheel or All-Wheel Drive,12.2077777777778,Subaru,Manual 5-spd,3.0,1.2
35389,Subcompact Cars,Regular,Front-Wheel Drive,14.9822727272727,Subaru,Automatic 4-spd,4.0,1.8
35390,Subcompact Cars,Regular,Front-Wheel Drive,13.1844,Subaru,Manual 5-spd,4.0,1.8
35391,Subcompact Cars,Regular,Front-Wheel Drive,15.6957142857143,Subaru,Automatic 4-spd,6.0,2.7
35392,Subcompact Cars,Regular,4-Wheel or All-Wheel Drive,14.9822727272727,Subaru,Automatic 4-spd,4.0,1.8
35393,Standard Pickup Trucks,Regular,Rear-Wheel Drive,25.3546153846154,Chevrolet,Automatic 3-spd,8.0,5.0
35394,Subcompact Cars,Regular,4-Wheel or All-Wheel Drive,14.3308695652174,Subaru,Manual 5-spd,4.0,1.8
35395,Subcompact Cars,Regular,4-Wheel or All-Wheel Drive,17.3478947368421,Subaru,Automatic 4-spd,6.0,2.7
35396,Subcompact Cars,Regular,4-Wheel or All-Wheel Drive,17.3478947368421,Subaru,Manual 5-spd,6.0,2.7
35397,Subcompact Cars,Regular,Front-Wheel Drive,9.98818181818182,Suzuki,Automatic 3-spd,3.0,1.0
35398,Subcompact Cars,Regular,Front-Wheel Drive,8.24025,Suzuki,Manual 5-spd,3.0,1.0
35399,Subcompact Cars,Regular,Front-Wheel Drive,12.2077777777778,Suzuki,Automatic 3-spd,4.0,1.3
35400,Subcompact Cars,Regular,Front-Wheel Drive,9.41742857142857,Suzuki,Manual 5-spd,4.0,1.3
35401,Subcompact Cars,Regular,Front-Wheel Drive,12.2077777777778,Suzuki,Manual 5-spd,4.0,1.3
35402,Subcompact Cars,Regular,Front-Wheel Drive,13.1844,Toyota,Automatic 4-spd,4.0,1.6
35403,Subcompact Cars,Regular,Front-Wheel Drive,12.6773076923077,Toyota,Manual 5-spd,4.0,1.6
35404,Standard Pickup Trucks,Regular,Rear-Wheel Drive,21.974,Chevrolet,Automatic 4-spd,8.0,5.0
35405,Subcompact Cars,Premium,4-Wheel or All-Wheel Drive,17.3478947368421,Toyota,Manual 5-spd,4.0,2.0
35406,Subcompact Cars,Regular,Front-Wheel Drive,14.9822727272727,Toyota,Automatic 4-spd,4.0,2.2
35407,Subcompact Cars,Regular,Front-Wheel Drive,14.3308695652174,Toyota,Automatic 4-spd,4.0,2.2
35408,Subcompact Cars,Regular,Front-Wheel Drive,14.9822727272727,Toyota,Manual 5-spd,4.0,2.2
35409,Subcompact Cars,Regular,Front-Wheel Drive,13.73375,Toyota,Automatic 3-spd,4.0,1.6
35410,Subcompact Cars,Regular,Front-Wheel Drive,13.1844,Toyota,Automatic 4-spd,4.0,1.6
35411,Subcompact Cars,Premium,Front-Wheel Drive,13.1844,Toyota,Manual 5-spd,4.0,1.6
35412,Subcompact Cars,Regular,Front-Wheel Drive,12.6773076923077,Toyota,Manual 5-spd,4.0,1.6
35413,Subcompact Cars,Premium,Rear-Wheel Drive,18.3116666666667,Toyota,Automatic 4-spd,6.0,3.0
35414,Subcompact Cars,Premium,Rear-Wheel Drive,18.3116666666667,Toyota,Automatic 4-spd,6.0,3.0
35415,Standard Pickup Trucks,Regular,Rear-Wheel Drive,23.5435714285714,Chevrolet,Manual 3-spd,8.0,5.0
35416,Subcompact Cars,Premium,Rear-Wheel Drive,18.3116666666667,Toyota,Manual 5-spd,6.0,3.0
35417,Subcompact Cars,Premium,Rear-Wheel Drive,18.3116666666667,Toyota,Manual 5-spd,6.0,3.0
35418,Subcompact Cars,Regular,Front-Wheel Drive,13.73375,Toyota,Automatic 3-spd,4.0,1.5
35419,Subcompact Cars,Regular,Front-Wheel Drive,10.6325806451613,Toyota,Manual 4-spd,4.0,1.5
35420,Subcompact Cars,Regular,Front-Wheel Drive,11.7717857142857,Toyota,Manual 5-spd,4.0,1.5
35421,Subcompact Cars,Regular,Front-Wheel Drive,16.4805,Volkswagen,Automatic 4-spd,4.0,1.8
35422,Subcompact Cars,Regular,Front-Wheel Drive,15.6957142857143,Volkswagen,Manual 5-spd,4.0,1.8
35423,Subcompact Cars,Regular,Front-Wheel Drive,13.1844,Volkswagen,Manual 4-spd,4.0,1.8
35424,Subcompact Cars,Regular,Front-Wheel Drive,13.1844,Volkswagen,Manual 5-spd,4.0,1.8
35425,Subcompact Cars,Premium,Rear-Wheel Drive,17.3478947368421,Wallace Environmental,Manual 5-spd,4.0,2.3
35426,Standard Pickup Trucks,Regular,Rear-Wheel Drive,23.5435714285714,Chevrolet,Manual 4-spd,8.0,5.0
35427,Subcompact Cars,Premium,Rear-Wheel Drive,17.3478947368421,Wallace Environmental,Manual 5-spd,4.0,2.3
35428,Subcompact Cars,Premium,Rear-Wheel Drive,21.974,Wallace Environmental,Automatic 4-spd,6.0,2.9
35429,Compact Cars,Premium,Front-Wheel Drive,18.3116666666667,Acura,Automatic 4-spd,6.0,3.2
35430,Compact Cars,Premium,Front-Wheel Drive,17.3478947368421,Acura,Manual 5-spd,6.0,3.2
35431,Compact Cars,Premium,Front-Wheel Drive,18.3116666666667,Alfa Romeo,Automatic 4-spd,6.0,3.0
35432,Compact Cars,Premium,Front-Wheel Drive,17.3478947368421,Alfa Romeo,Manual 5-spd,6.0,3.0
35433,Compact Cars,Premium,Front-Wheel Drive,18.3116666666667,Alfa Romeo,Manual 5-spd,6.0,3.0
35434,Compact Cars,Regular,Front-Wheel Drive,18.3116666666667,Sterling,Automatic 4-spd,6.0,2.7
35435,Compact Cars,Regular,Front-Wheel Drive,18.3116666666667,Sterling,Manual 5-spd,6.0,2.7
35436,Compact Cars,Premium,Rear-Wheel Drive,25.3546153846154,BMW,Manual 5-spd,6.0,3.5
35437,Standard Pickup Trucks,Diesel,Rear-Wheel Drive,20.115,Chevrolet,Automatic 4-spd,8.0,6.2
35438,Compact Cars,Premium,Rear-Wheel Drive,18.3116666666667,BMW,Automatic 4-spd,6.0,2.5
35439,Compact Cars,Premium,Rear-Wheel Drive,18.3116666666667,BMW,Manual 5-spd,6.0,2.5
35440,Compact Cars,Regular,Rear-Wheel Drive,20.600625,BMW,Automatic 4-spd,6.0,3.4
35441,Compact Cars,Regular,Rear-Wheel Drive,20.600625,BMW,Manual 5-spd,6.0,3.4
35442,Compact Cars,Regular,Front-Wheel Drive,13.73375,Buick,Automatic 3-spd,4.0,2.3
35443,Compact Cars,Regular,Front-Wheel Drive,14.9822727272727,Buick,Automatic 3-spd,4.0,2.5
35444,Compact Cars,Regular,Front-Wheel Drive,17.3478947368421,Buick,Automatic 3-spd,6.0,3.3
35445,Compact Cars,Regular,Front-Wheel Drive,13.73375,Chevrolet,Automatic 3-spd,4.0,2.2
35446,Compact Cars,Regular,Front-Wheel Drive,13.73375,Chevrolet,Manual 5-spd,4.0,2.2
35447,Compact Cars,Premium,Front-Wheel Drive,13.73375,Chevrolet,Manual 5-spd,4.0,2.3
35448,Standard Pickup Trucks,Diesel,Rear-Wheel Drive,20.115,Chevrolet,Manual 4-spd,8.0,6.2
35449,Compact Cars,Regular,Front-Wheel Drive,16.4805,Chevrolet,Automatic 3-spd,6.0,3.1
35450,Compact Cars,Regular,Front-Wheel Drive,16.4805,Chevrolet,Manual 5-spd,6.0,3.1
35451,Compact Cars,Regular,Front-Wheel Drive,14.9822727272727,Chrysler,Automatic 3-spd,4.0,2.5
35452,Compact Cars,Premium,Front-Wheel Drive,17.3478947368421,Chrysler,Automatic 3-spd,4.0,2.5
35453,Compact Cars,Premium,Front-Wheel Drive,16.4805,Chrysler,Manual 5-spd,4.0,2.5
35454,Compact Cars,Regular,Front-Wheel Drive,16.4805,Chrysler,Automatic 4-spd,6.0,3.0
35455,Compact Cars,Regular,Front-Wheel Drive,16.4805,Chrysler,Manual 5-spd,6.0,3.0
35456,Compact Cars,Regular,Front-Wheel Drive,15.6957142857143,Nissan,Automatic 4-spd,4.0,2.4
35457,Compact Cars,Regular,Front-Wheel Drive,14.9822727272727,Nissan,Manual 5-spd,4.0,2.4
35458,Compact Cars,Regular,Front-Wheel Drive,14.9822727272727,Dodge,Automatic 3-spd,4.0,2.2
35459,Standard Pickup Trucks,Diesel,Rear-Wheel Drive,20.115,Chevrolet,Manual 4-spd,8.0,6.2
35460,Compact Cars,Regular,Front-Wheel Drive,14.3308695652174,Dodge,Manual 5-spd,4.0,2.2
35461,Compact Cars,Regular,Front-Wheel Drive,14.9822727272727,Dodge,Automatic 3-spd,4.0,2.5
35462,Compact Cars,Premium,Front-Wheel Drive,18.3116666666667,Dodge,Automatic 3-spd,4.0,2.5
35463,Compact Cars,Regular,Front-Wheel Drive,13.1844,Dodge,Manual 5-spd,4.0,2.5
35464,Compact Cars,Premium,Front-Wheel Drive,16.4805,Dodge,Manual 5-spd,4.0,2.5
35465,Compact Cars,Regular,Front-Wheel Drive,12.6773076923077,Eagle,Automatic 3-spd,4.0,1.5
35466,Compact Cars,Regular,Front-Wheel Drive,13.1844,Eagle,Automatic 4-spd,4.0,1.5
35467,Compact Cars,Regular,Front-Wheel Drive,11.3658620689655,Eagle,Manual 4-spd,4.0,1.5
35468,Compact Cars,Regular,Front-Wheel Drive,11.7717857142857,Eagle,Manual 5-spd,4.0,1.5
35469,Compact Cars,Regular,Front-Wheel Drive,14.3308695652174,Ford,Automatic 4-spd,4.0,1.8
35470,Standard Pickup Trucks,Regular,Rear-Wheel Drive,20.600625,Chevrolet,Automatic 4-spd,6.0,4.3
35471,Compact Cars,Regular,Front-Wheel Drive,13.1844,Ford,Manual 5-spd,4.0,1.8
35472,Compact Cars,Regular,Front-Wheel Drive,13.1844,Ford,Automatic 4-spd,4.0,1.9
35473,Compact Cars,Regular,Front-Wheel Drive,11.7717857142857,Ford,Manual 5-spd,4.0,1.9
35474,Compact Cars,Regular,Front-Wheel Drive,10.987,Ford,Manual 5-spd,4.0,1.9
35475,Compact Cars,Premium,Front-Wheel Drive,17.3478947368421,Ford,Automatic 4-spd,4.0,2.2
35476,Compact Cars,Regular,Front-Wheel Drive,15.6957142857143,Ford,Automatic 4-spd,4.0,2.2
35477,Compact Cars,Regular,Front-Wheel Drive,13.73375,Ford,Manual 5-spd,4.0,2.2
35478,Compact Cars,Premium,Front-Wheel Drive,15.6957142857143,Ford,Manual 5-spd,4.0,2.2
35479,Compact Cars,Regular,Front-Wheel Drive,17.3478947368421,Ford,Automatic 4-spd,6.0,3.0
35480,Compact Cars,Regular,Front-Wheel Drive,17.3478947368421,Ford,Manual 5-spd,6.0,3.0
35481,Standard Pickup Trucks,Regular,Rear-Wheel Drive,21.974,Chevrolet,Manual 4-spd,6.0,4.3
35482,Compact Cars,Regular,Front-Wheel Drive,15.6957142857143,Ford,Automatic 3-spd,4.0,2.3
35483,Compact Cars,Regular,Front-Wheel Drive,14.3308695652174,Ford,Manual 5-spd,4.0,2.3
35484,Compact Cars,Regular,Front-Wheel Drive,15.6957142857143,Ford,Manual 5-spd,4.0,2.3
35485,Compact Cars,Regular,4-Wheel or All-Wheel Drive,17.3478947368421,Ford,Automatic 3-spd,4.0,2.3
35486,Compact Cars,Regular,Front-Wheel Drive,14.9822727272727,Honda,Automatic 4-spd,4.0,2.2
35487,Compact Cars,Regular,Front-Wheel Drive,14.3308695652174,Honda,Manual 5-spd,4.0,2.2
35488,Compact Cars,Regular,Front-Wheel Drive,12.6773076923077,Mitsubishi,Automatic 4-spd,4.0,1.5
35489,Compact Cars,Regular,Front-Wheel Drive,12.2077777777778,Mitsubishi,Manual 4-spd,4.0,1.5
35490,Compact Cars,Regular,Front-Wheel Drive,11.7717857142857,Mitsubishi,Manual 5-spd,4.0,1.5
35491,Compact Cars,Regular,Front-Wheel Drive,12.6773076923077,Isuzu,Automatic 3-spd,4.0,1.6
35492,Subcompact Cars,Regular,Front-Wheel Drive,9.41742857142857,Chevrolet,Manual 5-spd,4.0,1.5
35493,Standard Pickup Trucks,Regular,Rear-Wheel Drive,21.974,Chevrolet,Automatic 4-spd,8.0,5.0
35494,Compact Cars,Regular,Front-Wheel Drive,11.3658620689655,Isuzu,Manual 5-spd,4.0,1.6
35495,Compact Cars,Regular,Front-Wheel Drive,13.1844,Isuzu,Manual 5-spd,4.0,1.6
35496,Compact Cars,Regular,Front-Wheel Drive,14.9822727272727,Infiniti,Automatic 4-spd,4.0,2.0
35497,Compact Cars,Regular,Front-Wheel Drive,13.73375,Infiniti,Manual 5-spd,4.0,2.0
35498,Compact Cars,Premium,Rear-Wheel Drive,21.974,BMW,Automatic 4-spd,6.0,2.5
35499,Compact Cars,Premium,Rear-Wheel Drive,21.974,BMW,Automatic 4-spd,6.0,2.5
35500,Compact Cars,Premium,Rear-Wheel Drive,21.974,BMW,Automatic 4-spd,6.0,2.5
35501,Compact Cars,Premium,Rear-Wheel Drive,21.974,Import Trade Services,Automatic 4-spd,6.0,2.5
35502,Compact Cars,Premium,Rear-Wheel Drive,19.3888235294118,Jaguar,Automatic 4-spd,6.0,4.0
35503,Compact Cars,Regular,Rear-Wheel Drive,19.3888235294118,Mercedes-Benz,Automatic 4-spd,4.0,2.0
35504,Standard Pickup Trucks,Regular,Rear-Wheel Drive,27.4675,Chevrolet,Manual 4-spd,8.0,5.0
35505,Compact Cars,Regular,Front-Wheel Drive,17.3478947368421,Lexus,Automatic 4-spd,6.0,2.5
35506,Compact Cars,Regular,Front-Wheel Drive,17.3478947368421,Lexus,Manual 5-spd,6.0,2.5
35507,Compact Cars,Regular,Front-Wheel Drive,15.6957142857143,Mercury,Automatic 3-spd,4.0,2.3
35508,Compact Cars,Regular,Front-Wheel Drive,14.3308695652174,Mercury,Manual 5-spd,4.0,2.3
35509,Compact Cars,Regular,Front-Wheel Drive,15.6957142857143,Mercury,Manual 5-spd,4.0,2.3
35510,Compact Cars,Regular,4-Wheel or All-Wheel Drive,17.3478947368421,Mercury,Automatic 3-spd,4.0,2.3
35511,Compact Cars,Regular,Front-Wheel Drive,14.3308695652174,Mercury,Automatic 4-spd,4.0,1.8
35512,Compact Cars,Regular,Front-Wheel Drive,13.1844,Mercury,Manual 5-spd,4.0,1.8
35513,Compact Cars,Regular,Front-Wheel Drive,13.1844,Mercury,Automatic 4-spd,4.0,1.9
35514,Compact Cars,Regular,Front-Wheel Drive,11.7717857142857,Mercury,Manual 5-spd,4.0,1.9
35515,Standard Pickup Trucks,Diesel,Rear-Wheel Drive,20.115,Chevrolet,Automatic 4-spd,8.0,6.2
35516,Compact Cars,Premium,Rear-Wheel Drive,16.4805,Mercedes-Benz,Manual 4-spd,4.0,2.0
35517,Compact Cars,Premium,Rear-Wheel Drive,16.4805,Mercedes-Benz,Manual 4-spd,4.0,2.0
35518,Compact Cars,Regular,4-Wheel or All-Wheel Drive,15.6957142857143,Mazda,Automatic 4-spd,4.0,1.8
35519,Compact Cars,Regular,4-Wheel or All-Wheel Drive,14.3308695652174,Mazda,Manual 5-spd,4.0,1.8
35520,Compact Cars,Regular,Front-Wheel Drive,13.1844,Mazda,Automatic 4-spd,4.0,1.6
35521,Compact Cars,Regular,Front-Wheel Drive,11.7717857142857,Mazda,Manual 5-spd,4.0,1.6
35522,Compact Cars,Regular,Front-Wheel Drive,13.73375,Mazda,Automatic 4-spd,4.0,1.8
35523,Compact Cars,Regular,Front-Wheel Drive,14.3308695652174,Mazda,Automatic 4-spd,4.0,1.8
35524,Compact Cars,Regular,Front-Wheel Drive,12.2077777777778,Mazda,Manual 5-spd,4.0,1.8
35525,Compact Cars,Regular,Front-Wheel Drive,13.73375,Mazda,Manual 5-spd,4.0,1.8
35526,Standard Pickup Trucks,Diesel,Rear-Wheel Drive,22.4814705882353,Chevrolet,Manual 4-spd,8.0,6.2
35527,Compact Cars,Diesel,Rear-Wheel Drive,14.6994230769231,Mercedes-Benz,Automatic 4-spd,5.0,2.5
35528,Compact Cars,Premium,Rear-Wheel Drive,18.3116666666667,Mercedes-Benz,Automatic 4-spd,6.0,3.0
35529,Compact Cars,Premium,Rear-Wheel Drive,17.3478947368421,Mercedes-Benz,Automatic 4-spd,6.0,2.6
35530,Compact Cars,Premium,4-Wheel or All-Wheel Drive,19.3888235294118,Mercedes-Benz,Automatic 4-spd,6.0,3.0
35531,Compact Cars,Premium,Rear-Wheel Drive,20.600625,Mercedes-Benz,Automatic 4-spd,6.0,3.0
35532,Compact Cars,Diesel,Rear-Wheel Drive,18.1992857142857,Mercedes-Benz,Automatic 4-spd,6.0,3.5
35533,Compact Cars,Premium,Rear-Wheel Drive,23.5435714285714,Mercedes-Benz,Automatic 4-spd,8.0,5.6
35534,Compact Cars,Regular,Front-Wheel Drive,15.6957142857143,Mitsubishi,Automatic 4-spd,4.0,2.0
35535,Compact Cars,Regular,Front-Wheel Drive,16.4805,Mitsubishi,Automatic 4-spd,4.0,2.0
35536,Compact Cars,Regular,4-Wheel or All-Wheel Drive,17.3478947368421,Mitsubishi,Automatic 4-spd,4.0,2.0
35537,Standard Pickup Trucks,Regular,Rear-Wheel Drive,19.3888235294118,Chevrolet,Automatic 3-spd,6.0,4.3
35538,Compact Cars,Premium,4-Wheel or All-Wheel Drive,17.3478947368421,Mitsubishi,Manual 5-spd,4.0,2.0
35539,Compact Cars,Regular,Front-Wheel Drive,14.9822727272727,Mitsubishi,Manual 5-spd,4.0,2.0
35540,Compact Cars,Regular,Front-Wheel Drive,15.6957142857143,Mitsubishi,Manual 5-spd,4.0,2.0
35541,Compact Cars,Regular,4-Wheel or All-Wheel Drive,17.3478947368421,Mitsubishi,Manual 5-spd,4.0,2.0
35542,Compact Cars,Regular,Front-Wheel Drive,13.73375,Oldsmobile,Automatic 3-spd,4.0,2.3
35543,Compact Cars,Premium,Front-Wheel Drive,13.73375,Oldsmobile,Manual 5-spd,4.0,2.3
35544,Compact Cars,Premium,Front-Wheel Drive,16.4805,Oldsmobile,Manual 5-spd,4.0,2.3
35545,Compact Cars,Regular,Front-Wheel Drive,14.9822727272727,Oldsmobile,Automatic 3-spd,4.0,2.5
35546,Compact Cars,Regular,Front-Wheel Drive,14.3308695652174,Oldsmobile,Manual 5-spd,4.0,2.5
35547,Compact Cars,Regular,Front-Wheel Drive,17.3478947368421,Oldsmobile,Automatic 3-spd,6.0,3.3
35548,Standard Pickup Trucks,Regular,Rear-Wheel Drive,19.3888235294118,Chevrolet,Automatic 4-spd,6.0,4.3
35549,Compact Cars,Regular,Front-Wheel Drive,16.4805,Peugeot,Automatic 4-spd,4.0,1.9
35550,Compact Cars,Premium,Front-Wheel Drive,15.6957142857143,Peugeot,Manual 5-spd,4.0,1.9
35551,Compact Cars,Regular,Front-Wheel Drive,15.6957142857143,Peugeot,Manual 5-spd,4.0,1.9
35552,Compact Cars,Regular,Front-Wheel Drive,14.9822727272727,Plymouth,Automatic 3-spd,4.0,2.2
35553,Compact Cars,Regular,Front-Wheel Drive,14.3308695652174,Plymouth,Manual 5-spd,4.0,2.2
35554,Compact Cars,Regular,Front-Wheel Drive,14.9822727272727,Plymouth,Automatic 3-spd,4.0,2.5
35555,Compact Cars,Premium,Front-Wheel Drive,18.3116666666667,Plymouth,Automatic 3-spd,4.0,2.5
35556,Compact Cars,Premium,Front-Wheel Drive,16.4805,Plymouth,Manual 5-spd,4.0,2.5
35557,Compact Cars,Regular,Front-Wheel Drive,13.1844,Plymouth,Manual 5-spd,4.0,2.5
35558,Compact Cars,Regular,Front-Wheel Drive,13.73375,Pontiac,Automatic 3-spd,4.0,2.3
35559,Standard Pickup Trucks,Regular,Rear-Wheel Drive,21.974,Chevrolet,Automatic 3-spd,8.0,5.0
35560,Compact Cars,Premium,Front-Wheel Drive,13.73375,Pontiac,Manual 5-spd,4.0,2.3
35561,Compact Cars,Regular,Front-Wheel Drive,14.9822727272727,Pontiac,Automatic 3-spd,4.0,2.5
35562,Compact Cars,Regular,Front-Wheel Drive,14.3308695652174,Pontiac,Manual 5-spd,4.0,2.5
35563,Compact Cars,Regular,Front-Wheel Drive,12.6773076923077,Pontiac,Automatic 3-spd,4.0,1.6
35564,Compact Cars,Regular,Front-Wheel Drive,11.7717857142857,Pontiac,Manual 4-spd,4.0,1.6
35565,Compact Cars,Regular,Front-Wheel Drive,10.987,Pontiac,Manual 5-spd,4.0,1.6
35566,Compact Cars,Regular,Front-Wheel Drive,14.3308695652174,Pontiac,Automatic 3-spd,4.0,2.0
35567,Compact Cars,Regular,Front-Wheel Drive,13.1844,Pontiac,Manual 5-spd,4.0,2.0
35568,Compact Cars,Regular,Front-Wheel Drive,17.3478947368421,Saab,Automatic 3-spd,4.0,2.0
35569,Compact Cars,Premium,Front-Wheel Drive,15.6957142857143,Saab,Manual 5-spd,4.0,2.0
35570,Standard Pickup Trucks,Regular,Rear-Wheel Drive,20.600625,Chevrolet,Automatic 4-spd,8.0,5.0
35571,Compact Cars,Regular,Front-Wheel Drive,14.9822727272727,Saab,Manual 5-spd,4.0,2.0
35572,Compact Cars,Regular,Front-Wheel Drive,18.3116666666667,Saab,Automatic 3-spd,4.0,2.1
35573,Compact Cars,Regular,Front-Wheel Drive,16.4805,Saab,Manual 5-spd,4.0,2.1
35574,Compact Cars,Regular,Front-Wheel Drive,12.6773076923077,Saturn,Automatic 4-spd,4.0,1.9
35575,Compact Cars,Regular,Front-Wheel Drive,13.73375,Saturn,Automatic 4-spd,4.0,1.9
35576,Compact Cars,Regular,Front-Wheel Drive,12.2077777777778,Saturn,Manual 5-spd,4.0,1.9
35577,Compact Cars,Regular,Front-Wheel Drive,13.1844,Saturn,Manual 5-spd,4.0,1.9
35578,Compact Cars,Regular,Front-Wheel Drive,15.6957142857143,Subaru,Automatic 4-spd,4.0,2.2
35579,Compact Cars,Regular,Front-Wheel Drive,14.9822727272727,Subaru,Manual 5-spd,4.0,2.2
35580,Compact Cars,Premium,Front-Wheel Drive,17.3478947368421,Subaru,Automatic 4-spd,4.0,2.2
35581,Standard Pickup Trucks,Regular,Rear-Wheel Drive,21.974,Dodge,Automatic 3-spd,6.0,3.7
35582,Compact Cars,Regular,4-Wheel or All-Wheel Drive,16.4805,Subaru,Automatic 4-spd,4.0,2.2
35583,Compact Cars,Regular,4-Wheel or All-Wheel Drive,16.4805,Subaru,Manual 5-spd,4.0,2.2
35584,Compact Cars,Premium,4-Wheel or All-Wheel Drive,18.3116666666667,Subaru,Automatic 4-spd,4.0,2.2
35585,Compact Cars,Premium,4-Wheel or All-Wheel Drive,17.3478947368421,Subaru,Manual 5-spd,4.0,2.2
35586,Compact Cars,Regular,Front-Wheel Drive,14.9822727272727,Subaru,Automatic 3-spd,4.0,1.8
35587,Compact Cars,Regular,Front-Wheel Drive,13.1844,Subaru,Manual 5-spd,4.0,1.8
35588,Compact Cars,Regular,Front-Wheel Drive,13.73375,Toyota,Automatic 4-spd,4.0,2.0
35589,Compact Cars,Regular,4-Wheel or All-Wheel Drive,16.4805,Toyota,Automatic 4-spd,4.0,2.0
35590,Compact Cars,Regular,Front-Wheel Drive,13.73375,Toyota,Automatic 4-spd,4.0,2.0
35591,Compact Cars,Regular,Front-Wheel Drive,12.6773076923077,Toyota,Manual 5-spd,4.0,2.0
35592,Standard Pickup Trucks,Regular,Rear-Wheel Drive,18.3116666666667,Dodge,Manual 4-spd,6.0,3.7
35593,Compact Cars,Regular,Front-Wheel Drive,17.3478947368421,Toyota,Automatic 4-spd,6.0,2.5
35594,Compact Cars,Regular,Front-Wheel Drive,17.3478947368421,Toyota,Manual 5-spd,6.0,2.5
35595,Compact Cars,Premium,Rear-Wheel Drive,17.3478947368421,Toyota,Automatic 4-spd,6.0,3.0
35596,Compact Cars,Regular,Front-Wheel Drive,14.3308695652174,Volkswagen,Automatic 3-spd,4.0,1.8
35597,Compact Cars,Regular,Front-Wheel Drive,13.1844,Volkswagen,Manual 5-spd,4.0,1.8
35598,Compact Cars,Regular,Front-Wheel Drive,14.9822727272727,Volkswagen,Manual 5-spd,4.0,2.0
35599,Compact Cars,Diesel,Front-Wheel Drive,11.2407352941176,Volkswagen,Manual 5-spd,4.0,1.6
35600,Compact Cars,Diesel,Front-Wheel Drive,11.5813636363636,Volkswagen,Manual 5-spd,4.0,1.6
35601,Compact Cars,Regular,Front-Wheel Drive,14.3308695652174,Volkswagen,Automatic 3-spd,4.0,1.8
35602,Compact Cars,Regular,Front-Wheel Drive,13.1844,Volkswagen,Manual 5-spd,4.0,1.8
35603,Subcompact Cars,Regular,Front-Wheel Drive,15.6957142857143,Chrysler,Automatic 3-spd,4.0,2.2
35604,Standard Pickup Trucks,Regular,Rear-Wheel Drive,19.3888235294118,Dodge,Manual 4-spd,6.0,3.7
35605,Compact Cars,Regular,Front-Wheel Drive,14.9822727272727,Volkswagen,Manual 5-spd,4.0,2.0
35606,Compact Cars,Regular,Rear-Wheel Drive,18.3116666666667,Volvo,Automatic 4-spd,4.0,2.3
35607,Compact Cars,Regular,Rear-Wheel Drive,16.4805,Volvo,Automatic 4-spd,4.0,2.3
35608,Compact Cars,Regular,Rear-Wheel Drive,15.6957142857143,Volvo,Manual 5-spd,4.0,2.3
35609,Compact Cars,Premium,Rear-Wheel Drive,21.974,Wallace Environmental,Automatic 4-spd,6.0,2.9
35610,Compact Cars,Premium,Rear-Wheel Drive,32.961,Wallace Environmental,Manual 5-spd,12.0,4.9
35611,Midsize Cars,Regular,4-Wheel or All-Wheel Drive,21.974,Audi,Automatic 4-spd,8.0,3.6
35612,Midsize Cars,Regular,4-Wheel or All-Wheel Drive,21.974,Audi,Manual 5-spd,8.0,3.6
35613,Midsize Cars,Regular,Front-Wheel Drive,18.3116666666667,Audi,Automatic 4-spd,5.0,2.3
35614,Midsize Cars,Regular,4-Wheel or All-Wheel Drive,18.3116666666667,Audi,Manual 5-spd,5.0,2.3
35615,Standard Pickup Trucks,Regular,Rear-Wheel Drive,21.974,Dodge,Manual 4-spd,6.0,3.7
35616,Midsize Cars,Regular,Front-Wheel Drive,18.3116666666667,Audi,Automatic 3-spd,5.0,2.2
35617,Midsize Cars,Regular,4-Wheel or All-Wheel Drive,18.3116666666667,Audi,Manual 5-spd,5.0,2.2
35618,Midsize Cars,Regular,Rear-Wheel Drive,20.600625,BMW,Automatic 4-spd,6.0,3.4
35619,Midsize Cars,Regular,Rear-Wheel Drive,20.600625,BMW,Manual 5-spd,6.0,3.4
35620,Midsize Cars,Regular,Rear-Wheel Drive,20.600625,BMW,Automatic 4-spd,6.0,3.4
35621,Midsize Cars,Regular,Rear-Wheel Drive,25.3546153846154,BMW,Automatic 4-spd,12.0,5.0
35622,Midsize Cars,Regular,Front-Wheel Drive,14.9822727272727,Buick,Automatic 3-spd,4.0,2.5
35623,Midsize Cars,Regular,Front-Wheel Drive,17.3478947368421,Buick,Automatic 3-spd,6.0,3.3
35624,Midsize Cars,Regular,Front-Wheel Drive,16.4805,Buick,Automatic 4-spd,6.0,3.3
35625,Midsize Cars,Regular,Front-Wheel Drive,16.4805,Buick,Automatic 4-spd,6.0,3.1
35626,Standard Pickup Trucks,Regular,Rear-Wheel Drive,27.4675,Dodge,Automatic 3-spd,8.0,5.2
35627,Midsize Cars,Regular,Front-Wheel Drive,16.4805,Buick,Automatic 4-spd,6.0,3.8
35628,Midsize Cars,Regular,Front-Wheel Drive,17.3478947368421,Buick,Automatic 4-spd,6.0,3.8
35629,Midsize Cars,Premium,Front-Wheel Drive,18.3116666666667,Cadillac,Automatic 4-spd,8.0,4.9
35630,Midsize Cars,Premium,Front-Wheel Drive,18.3116666666667,Cadillac,Automatic 4-spd,8.0,4.9
35631,Midsize Cars,Regular,Front-Wheel Drive,13.73375,Chevrolet,Automatic 3-spd,4.0,2.2
35632,Midsize Cars,Regular,Front-Wheel Drive,13.73375,Chevrolet,Manual 5-spd,4.0,2.2
35633,Midsize Cars,Regular,Front-Wheel Drive,16.4805,Chevrolet,Automatic 3-spd,6.0,3.1
35634,Midsize Cars,Regular,Front-Wheel Drive,16.4805,Chevrolet,Manual 5-spd,6.0,3.1
35635,Midsize Cars,Regular,Front-Wheel Drive,15.6957142857143,Chevrolet,Automatic 3-spd,4.0,2.5
35636,Midsize Cars,Regular,Front-Wheel Drive,16.4805,Chevrolet,Automatic 3-spd,6.0,3.1
35637,Standard Pickup Trucks,Regular,Rear-Wheel Drive,27.4675,Dodge,Automatic 3-spd,8.0,5.2
35638,Midsize Cars,Regular,Front-Wheel Drive,16.4805,Chevrolet,Automatic 4-spd,6.0,3.1
35639,Midsize Cars,Regular,Front-Wheel Drive,18.3116666666667,Chevrolet,Automatic 4-spd,6.0,3.4
35640,Midsize Cars,Regular,Front-Wheel Drive,18.3116666666667,Chevrolet,Manual 5-spd,6.0,3.4
35641,Midsize Cars,Regular,Front-Wheel Drive,17.3478947368421,Chrysler,Automatic 4-spd,6.0,3.3
35642,Midsize Cars,Premium,Front-Wheel Drive,20.600625,CX Automotive,Manual 5-spd,6.0,3.0
35643,Midsize Cars,Premium,Front-Wheel Drive,17.3478947368421,Nissan,Automatic 4-spd,6.0,3.0
35644,Midsize Cars,Premium,Front-Wheel Drive,16.4805,Nissan,Manual 5-spd,6.0,3.0
35645,Midsize Cars,Regular,Front-Wheel Drive,16.4805,Dodge,Automatic 3-spd,4.0,2.5
35646,Midsize Cars,Regular,Front-Wheel Drive,16.4805,Dodge,Automatic 4-spd,6.0,3.0
35647,Midsize Cars,Regular,Front-Wheel Drive,17.3478947368421,Dodge,Automatic 4-spd,6.0,3.3
35648,Standard Pickup Trucks,Regular,Rear-Wheel Drive,25.3546153846154,Dodge,Automatic 3-spd,8.0,5.2
35649,Midsize Cars,Premium,Front-Wheel Drive,16.4805,Dodge,Manual 5-spd,4.0,2.2
35650,Midsize Cars,Regular,Front-Wheel Drive,14.9822727272727,Dodge,Automatic 3-spd,4.0,2.5
35651,Midsize Cars,Premium,Front-Wheel Drive,17.3478947368421,Dodge,Automatic 3-spd,4.0,2.5
35652,Midsize Cars,Regular,Front-Wheel Drive,13.1844,Dodge,Manual 5-spd,4.0,2.5
35653,Midsize Cars,Premium,Front-Wheel Drive,16.4805,Dodge,Manual 5-spd,4.0,2.5
35654,Midsize Cars,Regular,Front-Wheel Drive,16.4805,Dodge,Automatic 4-spd,6.0,3.0
35655,Midsize Cars,Regular,Front-Wheel Drive,15.6957142857143,Ford,Automatic 4-spd,6.0,3.0
35656,Midsize Cars,Premium,Front-Wheel Drive,17.3478947368421,Ford,Manual 5-spd,6.0,3.0
35657,Midsize Cars,Regular,Front-Wheel Drive,17.3478947368421,Ford,Automatic 4-spd,6.0,3.8
35658,Midsize Cars,Regular,Rear-Wheel Drive,16.4805,Ford,Automatic 4-spd,6.0,3.8
35659,Standard Pickup Trucks,Regular,Rear-Wheel Drive,23.5435714285714,Dodge,Manual 4-spd,8.0,5.2
35660,Midsize Cars,Premium,Rear-Wheel Drive,18.3116666666667,Ford,Automatic 4-spd,6.0,3.8
35661,Midsize Cars,Premium,Rear-Wheel Drive,18.3116666666667,Ford,Manual 5-spd,6.0,3.8
35662,Midsize Cars,Regular,Rear-Wheel Drive,18.3116666666667,Ford,Automatic 4-spd,8.0,5.0
35663,Midsize Cars,Regular,Rear-Wheel Drive,21.974,Mercedes-Benz,Automatic 4-spd,6.0,3.0
35664,Midsize Cars,Regular,Rear-Wheel Drive,25.3546153846154,BMW,Automatic 4-spd,6.0,3.4
35665,Midsize Cars,Regular,Front-Wheel Drive,16.4805,Hyundai,Automatic 4-spd,4.0,2.4
35666,Midsize Cars,Regular,Front-Wheel Drive,15.6957142857143,Hyundai,Manual 5-spd,4.0,2.4
35667,Midsize Cars,Regular,Front-Wheel Drive,18.3116666666667,Hyundai,Automatic 4-spd,6.0,3.0
35668,Midsize Cars,Premium,Rear-Wheel Drive,19.3888235294118,Infiniti,Automatic 4-spd,8.0,4.5
35669,Midsize Cars,Premium,Rear-Wheel Drive,21.974,Infiniti,Automatic 4-spd,8.0,4.5
35670,Standard Pickup Trucks,Regular,Rear-Wheel Drive,25.3546153846154,Dodge,Manual 4-spd,8.0,5.2
35671,Midsize Cars,Premium,Rear-Wheel Drive,21.974,BMW,Automatic 4-spd,6.0,2.5
35672,Midsize Cars,Premium,Rear-Wheel Drive,21.974,Import Trade Services,Automatic 4-spd,6.0,2.5
35673,Midsize Cars,Regular,Rear-Wheel Drive,23.5435714285714,BMW,Automatic 4-spd,6.0,3.4
35674,Midsize Cars,Regular,Rear-Wheel Drive,20.600625,Mercedes-Benz,Automatic 4-spd,6.0,2.6
35675,Midsize Cars,Regular,Rear-Wheel Drive,21.974,Mercedes-Benz,Automatic 4-spd,6.0,3.0
35676,Midsize Cars,Regular,Rear-Wheel Drive,21.974,Porsche,Automatic 4-spd,8.0,4.9
35677,Midsize Cars,Regular,Rear-Wheel Drive,19.3888235294118,Mercedes-Benz,Automatic 4-spd,4.0,2.0
35678,Midsize Cars,Premium,Rear-Wheel Drive,25.3546153846154,Mercedes-Benz,Automatic 4-spd,8.0,4.2
35679,Midsize Cars,Premium,Rear-Wheel Drive,18.3116666666667,Lexus,Automatic 4-spd,8.0,4.0
35680,Midsize Cars,Regular,Rear-Wheel Drive,16.4805,Mercury,Automatic 4-spd,6.0,3.8
35681,Standard Pickup Trucks,Regular,Rear-Wheel Drive,29.9645454545455,Dodge,Manual 4-spd,8.0,5.2
35682,Midsize Cars,Regular,Rear-Wheel Drive,18.3116666666667,Mercury,Automatic 4-spd,8.0,5.0
35683,Midsize Cars,Regular,Rear-Wheel Drive,18.3116666666667,Lincoln,Automatic 4-spd,8.0,5.0
35684,Midsize Cars,Regular,Front-Wheel Drive,15.6957142857143,Mercury,Automatic 4-spd,6.0,3.0
35685,Midsize Cars,Regular,Front-Wheel Drive,17.3478947368421,Mercury,Automatic 4-spd,6.0,3.8
35686,Midsize Cars,Premium,Front-Wheel Drive,17.3478947368421,Mazda,Automatic 4-spd,4.0,2.2
35687,Midsize Cars,Regular,Front-Wheel Drive,14.9822727272727,Mazda,Automatic 4-spd,4.0,2.2
35688,Midsize Cars,Premium,Front-Wheel Drive,15.6957142857143,Mazda,Manual 5-spd,4.0,2.2
35689,Midsize Cars,Regular,Front-Wheel Drive,13.73375,Mazda,Manual 5-spd,4.0,2.2
35690,Midsize Cars,Regular,Rear-Wheel Drive,18.3116666666667,Mazda,Automatic 4-spd,6.0,3.0
35691,Midsize Cars,Regular,Rear-Wheel Drive,18.3116666666667,Mazda,Automatic 4-spd,6.0,3.0
35692,Standard Pickup Trucks,Regular,Rear-Wheel Drive,27.4675,Dodge,Manual 4-spd,8.0,5.2
35693,Midsize Cars,Premium,Rear-Wheel Drive,20.600625,Mercedes-Benz,Automatic 4-spd,6.0,3.0
35694,Midsize Cars,Diesel,Rear-Wheel Drive,18.1992857142857,Mercedes-Benz,Automatic 4-spd,6.0,3.5
35695,Midsize Cars,Premium,Rear-Wheel Drive,21.974,Mercedes-Benz,Automatic 4-spd,8.0,4.2
35696,Midsize Cars,Premium,Rear-Wheel Drive,23.5435714285714,Mercedes-Benz,Automatic 4-spd,8.0,5.6
35697,Midsize Cars,Regular,Front-Wheel Drive,14.9822727272727,Oldsmobile,Automatic 3-spd,4.0,2.5
35698,Midsize Cars,Regular,Front-Wheel Drive,17.3478947368421,Oldsmobile,Automatic 3-spd,6.0,3.3
35699,Midsize Cars,Regular,Front-Wheel Drive,16.4805,Oldsmobile,Automatic 4-spd,6.0,3.3
35700,Midsize Cars,Regular,Front-Wheel Drive,15.6957142857143,Oldsmobile,Automatic 3-spd,4.0,2.3
35701,Midsize Cars,Regular,Front-Wheel Drive,16.4805,Oldsmobile,Automatic 4-spd,6.0,3.1
35702,Midsize Cars,Regular,Front-Wheel Drive,18.3116666666667,Oldsmobile,Automatic 4-spd,6.0,3.4
35703,Standard Pickup Trucks,Regular,Rear-Wheel Drive,29.9645454545455,Dodge,Automatic 3-spd,8.0,5.9
35704,Midsize Cars,Regular,Front-Wheel Drive,18.3116666666667,Oldsmobile,Manual 5-spd,6.0,3.4
35705,Midsize Cars,Regular,Front-Wheel Drive,17.3478947368421,Oldsmobile,Automatic 4-spd,6.0,3.8
35706,Midsize Cars,Regular,Front-Wheel Drive,14.9822727272727,Plymouth,Automatic 3-spd,4.0,2.5
35707,Midsize Cars,Regular,Front-Wheel Drive,13.1844,Plymouth,Manual 5-spd,4.0,2.5
35708,Midsize Cars,Regular,Front-Wheel Drive,16.4805,Plymouth,Automatic 4-spd,6.0,3.0
35709,Midsize Cars,Regular,Front-Wheel Drive,15.6957142857143,Pontiac,Automatic 3-spd,4.0,2.3
35710,Midsize Cars,Regular,Front-Wheel Drive,16.4805,Pontiac,Automatic 4-spd,6.0,3.1
35711,Midsize Cars,Regular,Front-Wheel Drive,18.3116666666667,Pontiac,Automatic 4-spd,6.0,3.4
35712,Midsize Cars,Regular,Front-Wheel Drive,18.3116666666667,Pontiac,Manual 5-spd,6.0,3.4
35713,Midsize Cars,Regular,Front-Wheel Drive,14.9822727272727,Pontiac,Automatic 3-spd,4.0,2.5
35714,Two Seaters,Regular,Rear-Wheel Drive,17.3478947368421,Nissan,Manual 5-spd,6.0,3.0
35715,Subcompact Cars,Premium,Front-Wheel Drive,17.3478947368421,Chrysler,Automatic 3-spd,4.0,2.2
35716,Standard Pickup Trucks,Regular,Rear-Wheel Drive,32.961,Dodge,Manual 4-spd,8.0,5.9
35717,Midsize Cars,Regular,Front-Wheel Drive,16.4805,Pontiac,Automatic 3-spd,6.0,3.1
35718,Midsize Cars,Regular,Front-Wheel Drive,16.4805,Pontiac,Automatic 4-spd,6.0,3.1
35719,Midsize Cars,Premium,Rear-Wheel Drive,32.961,Rolls-Royce,Automatic 3-spd,8.0,6.8
35720,Midsize Cars,Premium,Rear-Wheel Drive,32.961,Rolls-Royce,Automatic 3-spd,8.0,6.8
35721,Midsize Cars,Premium,Rear-Wheel Drive,32.961,Rolls-Royce,Automatic 3-spd,8.0,6.8
35722,Midsize Cars,Regular,Front-Wheel Drive,15.6957142857143,Volkswagen,Automatic 4-spd,4.0,2.0
35723,Midsize Cars,Regular,Front-Wheel Drive,15.6957142857143,Volkswagen,Manual 5-spd,4.0,2.0
35724,Midsize Cars,Regular,Rear-Wheel Drive,18.3116666666667,Volvo,Automatic 4-spd,4.0,2.3
35725,Midsize Cars,Regular,Rear-Wheel Drive,16.4805,Volvo,Automatic 4-spd,4.0,2.3
35726,Midsize Cars,Regular,Rear-Wheel Drive,16.4805,Volvo,Manual 5-spd,4.0,2.3
35727,Standard Pickup Trucks,Regular,Rear-Wheel Drive,21.974,Dodge,Automatic 3-spd,6.0,3.7
35728,Midsize Cars,Regular,Rear-Wheel Drive,14.9822727272727,Volvo,Manual 5-spd,4.0,2.3
35729,Midsize Cars,Regular,Rear-Wheel Drive,18.3116666666667,Volvo,Automatic 4-spd,4.0,2.3
35730,Midsize Cars,Regular,Rear-Wheel Drive,18.3116666666667,Volvo,Automatic 4-spd,4.0,2.3
35731,Midsize Cars,Regular,Rear-Wheel Drive,18.3116666666667,Volvo,Automatic 4-spd,4.0,2.3
35732,Large Cars,Regular,Front-Wheel Drive,16.4805,Buick,Automatic 4-spd,6.0,3.8
35733,Large Cars,Regular,Front-Wheel Drive,17.3478947368421,Buick,Automatic 4-spd,6.0,3.8
35734,Large Cars,Regular,Rear-Wheel Drive,19.3888235294118,Cadillac,Automatic 4-spd,8.0,5.0
35735,Large Cars,Regular,Rear-Wheel Drive,20.600625,Cadillac,Automatic 4-spd,8.0,5.7
35736,Large Cars,Premium,Front-Wheel Drive,18.3116666666667,Cadillac,Automatic 4-spd,8.0,4.9
35737,Large Cars,Regular,Rear-Wheel Drive,18.3116666666667,Chevrolet,Automatic 4-spd,8.0,5.0
35738,Standard Pickup Trucks,Regular,Rear-Wheel Drive,25.3546153846154,Dodge,Manual 4-spd,6.0,3.7
35739,Large Cars,Regular,Rear-Wheel Drive,21.974,Chevrolet,Automatic 4-spd,8.0,5.7
35740,Large Cars,Regular,Front-Wheel Drive,17.3478947368421,Chrysler,Automatic 4-spd,6.0,3.3
35741,Large Cars,Regular,Front-Wheel Drive,18.3116666666667,Chrysler,Automatic 4-spd,6.0,3.8
35742,Large Cars,Regular,Front-Wheel Drive,17.3478947368421,Dodge,Automatic 4-spd,6.0,3.0
35743,Large Cars,Regular,Front-Wheel Drive,17.3478947368421,Eagle,Automatic 4-spd,6.0,3.0
35744,Large Cars,Regular,Rear-Wheel Drive,18.3116666666667,Ford,Automatic 4-spd,8.0,5.0
35745,Large Cars,Regular,Rear-Wheel Drive,23.5435714285714,Ford,Automatic 4-spd,8.0,5.8
35746,Large Cars,Regular,Rear-Wheel Drive,21.974,Mercedes-Benz,Automatic 4-spd,6.0,3.0
35747,Large Cars,Premium,Rear-Wheel Drive,21.974,Mercedes-Benz,Automatic 4-spd,6.0,3.0
35748,Large Cars,Regular,Front-Wheel Drive,18.3116666666667,Lincoln,Automatic 4-spd,6.0,3.8
35749,Standard Pickup Trucks,Regular,Rear-Wheel Drive,27.4675,Dodge,Automatic 3-spd,8.0,5.2
35750,Large Cars,Regular,Rear-Wheel Drive,18.3116666666667,Mercury,Automatic 4-spd,8.0,5.0
35751,Large Cars,Regular,Rear-Wheel Drive,18.3116666666667,Lincoln,Automatic 4-spd,8.0,4.6
35752,Large Cars,Premium,Rear-Wheel Drive,27.4675,BMW,Automatic 4-spd,12.0,5.0
35753,Large Cars,Premium,Rear-Wheel Drive,27.4675,BMW,Automatic 4-spd,12.0,5.0
35754,Large Cars,Regular,Front-Wheel Drive,16.4805,Oldsmobile,Automatic 4-spd,6.0,3.8
35755,Large Cars,Regular,Front-Wheel Drive,17.3478947368421,Oldsmobile,Automatic 4-spd,6.0,3.8
35756,Large Cars,Regular,Front-Wheel Drive,16.4805,Pontiac,Automatic 4-spd,6.0,3.8
35757,Large Cars,Regular,Front-Wheel Drive,18.3116666666667,Saab,Automatic 4-spd,4.0,2.3
35758,Large Cars,Regular,Front-Wheel Drive,18.3116666666667,Saab,Automatic 4-spd,4.0,2.3
35759,Large Cars,Regular,Front-Wheel Drive,17.3478947368421,Saab,Manual 5-spd,4.0,2.3
35760,Standard Pickup Trucks,Regular,Rear-Wheel Drive,29.9645454545455,Dodge,Automatic 3-spd,8.0,5.2
35761,Large Cars,Regular,Front-Wheel Drive,16.4805,Saab,Manual 5-spd,4.0,2.3
35762,Small Station Wagons,Regular,Front-Wheel Drive,13.73375,Chevrolet,Automatic 3-spd,4.0,2.2
35763,Small Station Wagons,Regular,Front-Wheel Drive,13.73375,Chevrolet,Manual 5-spd,4.0,2.2
35764,Small Station Wagons,Regular,Front-Wheel Drive,16.4805,Chevrolet,Automatic 3-spd,6.0,3.1
35765,Small Station Wagons,Regular,Front-Wheel Drive,16.4805,Dodge,Automatic 3-spd,4.0,2.0
35766,Small Station Wagons,Regular,Front-Wheel Drive,14.9822727272727,Dodge,Manual 5-spd,4.0,2.0
35767,Small Station Wagons,Regular,Front-Wheel Drive,13.1844,Ford,Automatic 4-spd,4.0,1.9
35768,Small Station Wagons,Regular,Front-Wheel Drive,11.7717857142857,Ford,Manual 5-spd,4.0,1.9
35769,Small Station Wagons,Regular,Front-Wheel Drive,16.4805,Honda,Automatic 4-spd,4.0,2.2
35770,Small Station Wagons,Regular,Front-Wheel Drive,14.9822727272727,Honda,Manual 5-spd,4.0,2.2
35771,Standard Pickup Trucks,Regular,Rear-Wheel Drive,29.9645454545455,Dodge,Manual 4-spd,8.0,5.2
35772,Small Station Wagons,Regular,Front-Wheel Drive,12.6773076923077,Honda,Automatic 4-spd,4.0,1.5
35773,Small Station Wagons,Regular,Front-Wheel Drive,11.3658620689655,Honda,Manual 5-spd,4.0,1.5
35774,Small Station Wagons,Regular,4-Wheel or All-Wheel Drive,14.3308695652174,Honda,Automatic 4-spd,4.0,1.6
35775,Small Station Wagons,Regular,4-Wheel or All-Wheel Drive,14.9822727272727,Honda,Manual 5-spd,4.0,1.6
35776,Small Station Wagons,Regular,Front-Wheel Drive,13.1844,Mercury,Automatic 4-spd,4.0,1.9
35777,Small Station Wagons,Regular,Front-Wheel Drive,11.7717857142857,Mercury,Manual 5-spd,4.0,1.9
35778,Small Station Wagons,Regular,Front-Wheel Drive,16.4805,Mitsubishi,Automatic 3-spd,4.0,2.0
35779,Small Station Wagons,Regular,Front-Wheel Drive,16.4805,Plymouth,Automatic 3-spd,4.0,2.0
35780,Small Station Wagons,Regular,Front-Wheel Drive,14.9822727272727,Plymouth,Manual 5-spd,4.0,2.0
35781,Small Station Wagons,Regular,Front-Wheel Drive,15.6957142857143,Subaru,Automatic 4-spd,4.0,2.2
35782,Standard Pickup Trucks,Regular,Rear-Wheel Drive,29.9645454545455,Dodge,Manual 4-spd,8.0,5.2
35783,Small Station Wagons,Regular,Front-Wheel Drive,14.9822727272727,Subaru,Manual 5-spd,4.0,2.2
35784,Small Station Wagons,Regular,4-Wheel or All-Wheel Drive,16.4805,Subaru,Automatic 4-spd,4.0,2.2
35785,Small Station Wagons,Regular,4-Wheel or All-Wheel Drive,16.4805,Subaru,Manual 5-spd,4.0,2.2
35786,Small Station Wagons,Regular,Front-Wheel Drive,14.9822727272727,Subaru,Automatic 3-spd,4.0,1.8
35787,Small Station Wagons,Regular,Front-Wheel Drive,13.73375,Subaru,Manual 5-spd,4.0,1.8
35788,Small Station Wagons,Regular,Front-Wheel Drive,13.73375,Toyota,Automatic 4-spd,4.0,2.0
35789,Small Station Wagons,Regular,Front-Wheel Drive,17.3478947368421,Toyota,Automatic 4-spd,6.0,2.5
35790,Small Station Wagons,Regular,4-Wheel or All-Wheel Drive,14.3308695652174,Toyota,Automatic 4-spd,4.0,1.6
35791,Small Station Wagons,Regular,4-Wheel or All-Wheel Drive,15.6957142857143,Toyota,Manual 5-spd,4.0,1.6
35792,Small Station Wagons,Regular,Front-Wheel Drive,13.73375,Toyota,Automatic 3-spd,4.0,1.6
35793,Standard Pickup Trucks,Regular,Rear-Wheel Drive,29.9645454545455,Dodge,Automatic 3-spd,8.0,5.9
35794,Small Station Wagons,Regular,Front-Wheel Drive,12.6773076923077,Toyota,Manual 5-spd,4.0,1.6
35795,Midsize-Large Station Wagons,Regular,4-Wheel or All-Wheel Drive,18.3116666666667,Audi,Manual 5-spd,5.0,2.2
35796,Midsize-Large Station Wagons,Regular,Front-Wheel Drive,15.6957142857143,Buick,Automatic 3-spd,4.0,2.5
35797,Midsize-Large Station Wagons,Regular,Front-Wheel Drive,17.3478947368421,Buick,Automatic 3-spd,6.0,3.3
35798,Midsize-Large Station Wagons,Regular,Front-Wheel Drive,16.4805,Buick,Automatic 4-spd,6.0,3.3
35799,Midsize-Large Station Wagons,Regular,Front-Wheel Drive,15.6957142857143,Ford,Automatic 4-spd,6.0,3.0
35800,Midsize-Large Station Wagons,Regular,Front-Wheel Drive,18.3116666666667,Ford,Automatic 4-spd,6.0,3.8
35801,Midsize-Large Station Wagons,Regular,Front-Wheel Drive,15.6957142857143,Mercury,Automatic 4-spd,6.0,3.0
35802,Midsize-Large Station Wagons,Regular,Front-Wheel Drive,18.3116666666667,Mercury,Automatic 4-spd,6.0,3.8
35803,Midsize-Large Station Wagons,Premium,Rear-Wheel Drive,16.4805,Mercedes-Benz,Manual 4-spd,4.0,2.0
35804,Standard Pickup Trucks,Regular,Rear-Wheel Drive,32.961,Dodge,Manual 4-spd,8.0,5.9
35805,Midsize-Large Station Wagons,Premium,Rear-Wheel Drive,19.3888235294118,Mercedes-Benz,Automatic 4-spd,6.0,3.0
35806,Midsize-Large Station Wagons,Premium,4-Wheel or All-Wheel Drive,20.600625,Mercedes-Benz,Automatic 4-spd,6.0,3.0
35807,Midsize-Large Station Wagons,Regular,Front-Wheel Drive,15.6957142857143,Oldsmobile,Automatic 3-spd,4.0,2.5
35808,Midsize-Large Station Wagons,Regular,Front-Wheel Drive,17.3478947368421,Oldsmobile,Automatic 3-spd,6.0,3.3
35809,Midsize-Large Station Wagons,Regular,Front-Wheel Drive,16.4805,Oldsmobile,Automatic 4-spd,6.0,3.3
35810,Midsize-Large Station Wagons,Regular,Front-Wheel Drive,16.4805,Peugeot,Automatic 4-spd,4.0,1.9
35811,Midsize-Large Station Wagons,Regular,Front-Wheel Drive,16.4805,Peugeot,Manual 5-spd,4.0,1.9
35812,Midsize-Large Station Wagons,Premium,Rear-Wheel Drive,18.3116666666667,Peugeot,Automatic 4-spd,4.0,2.1
35813,Midsize-Large Station Wagons,Regular,Rear-Wheel Drive,18.3116666666667,Peugeot,Automatic 4-spd,4.0,2.2
35814,Midsize-Large Station Wagons,Regular,Rear-Wheel Drive,18.3116666666667,Peugeot,Manual 5-spd,4.0,2.2
35815,Standard Pickup Trucks,Regular,Rear-Wheel Drive,23.5435714285714,Ford,Automatic 3-spd,6.0,4.9
35816,Midsize-Large Station Wagons,Regular,Front-Wheel Drive,15.6957142857143,Pontiac,Automatic 3-spd,4.0,2.5
35817,Midsize-Large Station Wagons,Regular,Front-Wheel Drive,16.4805,Pontiac,Automatic 4-spd,6.0,3.1
35818,Midsize-Large Station Wagons,Regular,Front-Wheel Drive,15.6957142857143,Volkswagen,Automatic 4-spd,4.0,2.0
35819,Midsize-Large Station Wagons,Regular,Front-Wheel Drive,15.6957142857143,Volkswagen,Manual 5-spd,4.0,2.0
35820,Midsize-Large Station Wagons,Regular,Rear-Wheel Drive,16.4805,Volvo,Automatic 4-spd,4.0,2.3
35821,Midsize-Large Station Wagons,Regular,Rear-Wheel Drive,14.9822727272727,Volvo,Manual 5-spd,4.0,2.3
35822,Midsize-Large Station Wagons,Regular,Rear-Wheel Drive,18.3116666666667,Volvo,Automatic 4-spd,4.0,2.3
35823,Midsize-Large Station Wagons,Regular,Rear-Wheel Drive,16.4805,Volvo,Automatic 4-spd,4.0,2.3
35824,Midsize-Large Station Wagons,Regular,Rear-Wheel Drive,16.4805,Volvo,Manual 5-spd,4.0,2.3
35825,Midsize-Large Station Wagons,Regular,Rear-Wheel Drive,14.9822727272727,Volvo,Manual 5-spd,4.0,2.3
35826,Subcompact Cars,Regular,Front-Wheel Drive,13.73375,Chrysler,Manual 5-spd,4.0,2.2
35827,Standard Pickup Trucks,Regular,Rear-Wheel Drive,20.600625,Ford,Automatic 4-spd,6.0,4.9
35828,Midsize-Large Station Wagons,Regular,Rear-Wheel Drive,18.3116666666667,Volvo,Automatic 4-spd,4.0,2.3
35829,Midsize-Large Station Wagons,Regular,Rear-Wheel Drive,18.3116666666667,Volvo,Automatic 4-spd,4.0,2.3
35830,Midsize-Large Station Wagons,Regular,Rear-Wheel Drive,18.3116666666667,Volvo,Automatic 4-spd,4.0,2.3
35831,Midsize-Large Station Wagons,Premium,Rear-Wheel Drive,21.974,Wallace Environmental,Automatic 4-spd,6.0,2.9
35832,Midsize-Large Station Wagons,Regular,Rear-Wheel Drive,19.3888235294118,Buick,Automatic 4-spd,8.0,5.0
35833,Midsize-Large Station Wagons,Regular,Rear-Wheel Drive,19.3888235294118,Chevrolet,Automatic 4-spd,8.0,5.0
35834,Midsize-Large Station Wagons,Regular,Rear-Wheel Drive,18.3116666666667,Ford,Automatic 4-spd,8.0,5.0
35835,Midsize-Large Station Wagons,Regular,Rear-Wheel Drive,18.3116666666667,Mercury,Automatic 4-spd,8.0,5.0
35836,Midsize-Large Station Wagons,Regular,Rear-Wheel Drive,19.3888235294118,Oldsmobile,Automatic 4-spd,8.0,5.0
35837,Small Pickup Trucks,Regular,Rear-Wheel Drive,15.6957142857143,Chevrolet,Automatic 4-spd,4.0,2.5
35838,Standard Pickup Trucks,Regular,Rear-Wheel Drive,20.600625,Ford,Manual 3-spd,6.0,4.9
35839,Small Pickup Trucks,Regular,Rear-Wheel Drive,14.9822727272727,Chevrolet,Manual 5-spd,4.0,2.5
35840,Small Pickup Trucks,Regular,Rear-Wheel Drive,17.3478947368421,Chevrolet,Manual 5-spd,6.0,2.8
35841,Small Pickup Trucks,Regular,Rear-Wheel Drive,18.3116666666667,Chevrolet,Automatic 4-spd,6.0,4.3
35842,Small Pickup Trucks,Regular,Rear-Wheel Drive,18.3116666666667,Chevrolet,Manual 5-spd,6.0,4.3
35843,Small Pickup Trucks,Regular,Rear-Wheel Drive,16.4805,Nissan,Automatic 4-spd,4.0,2.4
35844,Small Pickup Trucks,Regular,Rear-Wheel Drive,14.9822727272727,Nissan,Manual 5-spd,4.0,2.4
35845,Small Pickup Trucks,Regular,Rear-Wheel Drive,18.3116666666667,Nissan,Automatic 4-spd,6.0,3.0
35846,Small Pickup Trucks,Regular,Rear-Wheel Drive,17.3478947368421,Nissan,Manual 5-spd,6.0,3.0
35847,Small Pickup Trucks,Regular,Rear-Wheel Drive,17.3478947368421,Dodge,Automatic 4-spd,4.0,2.4
35848,Small Pickup Trucks,Regular,Rear-Wheel Drive,17.3478947368421,Dodge,Manual 5-spd,4.0,2.4
35849,Standard Pickup Trucks,Regular,Rear-Wheel Drive,17.3478947368421,Ford,Manual 4-spd,6.0,4.9
35850,Small Pickup Trucks,Regular,Rear-Wheel Drive,16.4805,Ford,Automatic 4-spd,4.0,2.3
35851,Small Pickup Trucks,Regular,Rear-Wheel Drive,14.3308695652174,Ford,Manual 5-spd,4.0,2.3
35852,Small Pickup Trucks,Regular,Rear-Wheel Drive,18.3116666666667,Ford,Automatic 4-spd,6.0,3.0
35853,Small Pickup Trucks,Regular,Rear-Wheel Drive,17.3478947368421,Ford,Manual 5-spd,6.0,3.0
35854,Small Pickup Trucks,Regular,Rear-Wheel Drive,19.3888235294118,Ford,Automatic 4-spd,6.0,4.0
35855,Small Pickup Trucks,Regular,Rear-Wheel Drive,18.3116666666667,Ford,Manual 5-spd,6.0,4.0
35856,Small Pickup Trucks,Regular,Rear-Wheel Drive,15.6957142857143,GMC,Automatic 4-spd,4.0,2.5
35857,Small Pickup Trucks,Regular,Rear-Wheel Drive,14.9822727272727,GMC,Manual 5-spd,4.0,2.5
35858,Small Pickup Trucks,Regular,Rear-Wheel Drive,17.3478947368421,GMC,Manual 5-spd,6.0,2.8
35859,Small Pickup Trucks,Regular,Rear-Wheel Drive,18.3116666666667,GMC,Automatic 4-spd,6.0,4.3
35860,Standard Pickup Trucks,Regular,Rear-Wheel Drive,27.4675,Ford,Automatic 3-spd,8.0,5.0
35861,Small Pickup Trucks,Regular,Rear-Wheel Drive,18.3116666666667,GMC,Manual 5-spd,6.0,4.3
35862,Small Pickup Trucks,Regular,Rear-Wheel Drive,16.4805,Isuzu,Manual 5-spd,4.0,2.3
35863,Small Pickup Trucks,Regular,Rear-Wheel Drive,18.3116666666667,Isuzu,Automatic 4-spd,4.0,2.6
35864,Small Pickup Trucks,Regular,Rear-Wheel Drive,17.3478947368421,Isuzu,Manual 5-spd,4.0,2.6
35865,Small Pickup Trucks,Regular,Rear-Wheel Drive,17.3478947368421,Mitsubishi,Automatic 4-spd,4.0,2.4
35866,Small Pickup Trucks,Regular,Rear-Wheel Drive,17.3478947368421,Mitsubishi,Manual 5-spd,4.0,2.4
35867,Small Pickup Trucks,Regular,4-Wheel or All-Wheel Drive,15.6957142857143,Ford,Manual 5-spd,4.0,2.3
35868,Small Pickup Trucks,Regular,4-Wheel or All-Wheel Drive,19.3888235294118,Ford,Automatic 4-spd,6.0,2.9
35869,Small Pickup Trucks,Regular,4-Wheel or All-Wheel Drive,18.3116666666667,Ford,Manual 5-spd,6.0,2.9
35870,Small Pickup Trucks,Regular,4-Wheel or All-Wheel Drive,20.600625,Ford,Automatic 4-spd,6.0,4.0
35871,Standard Pickup Trucks,Regular,Rear-Wheel Drive,25.3546153846154,Ford,Automatic 4-spd,8.0,5.0
35872,Small Pickup Trucks,Regular,4-Wheel or All-Wheel Drive,19.3888235294118,Ford,Manual 5-spd,6.0,4.0
35873,Small Pickup Trucks,Premium,4-Wheel or All-Wheel Drive,23.5435714285714,"PAS, Inc",Automatic 4-spd,6.0,4.3
35874,Standard Pickup Trucks,Regular,Rear-Wheel Drive,19.3888235294118,Chevrolet,Automatic 4-spd,6.0,4.3
35875,Standard Pickup Trucks,Regular,Rear-Wheel Drive,19.3888235294118,Chevrolet,Manual 4-spd,6.0,4.3
35876,Standard Pickup Trucks,Regular,Rear-Wheel Drive,19.3888235294118,Chevrolet,Manual 5-spd,6.0,4.3
35877,Standard Pickup Trucks,Regular,Rear-Wheel Drive,19.3888235294118,Chevrolet,Manual 5-spd,6.0,4.3
35878,Standard Pickup Trucks,Regular,Rear-Wheel Drive,21.974,Chevrolet,Automatic 4-spd,8.0,5.0
35879,Standard Pickup Trucks,Regular,Rear-Wheel Drive,20.600625,Chevrolet,Manual 5-spd,8.0,5.0
35880,Standard Pickup Trucks,Regular,Rear-Wheel Drive,21.974,Chevrolet,Automatic 4-spd,8.0,5.7
35881,Standard Pickup Trucks,Regular,Rear-Wheel Drive,25.3546153846154,Chevrolet,Manual 4-spd,8.0,5.7
35882,Standard Pickup Trucks,Regular,Rear-Wheel Drive,23.5435714285714,Ford,Automatic 3-spd,8.0,5.0
35883,Standard Pickup Trucks,Regular,Rear-Wheel Drive,23.5435714285714,Chevrolet,Manual 5-spd,8.0,5.7
35884,Standard Pickup Trucks,Regular,Rear-Wheel Drive,23.5435714285714,Chevrolet,Manual 5-spd,8.0,5.7
35885,Standard Pickup Trucks,Diesel,Rear-Wheel Drive,21.2325,Chevrolet,Automatic 4-spd,8.0,6.2
35886,Standard Pickup Trucks,Diesel,Rear-Wheel Drive,21.2325,Chevrolet,Manual 4-spd,8.0,6.2
35887,Standard Pickup Trucks,Diesel,Rear-Wheel Drive,19.10925,Chevrolet,Manual 5-spd,8.0,6.2
35888,Standard Pickup Trucks,Regular,Rear-Wheel Drive,32.961,Chevrolet,Automatic 4-spd,8.0,7.4
35889,Standard Pickup Trucks,Regular,Rear-Wheel Drive,20.600625,Chevrolet,Automatic 4-spd,6.0,4.3
35890,Standard Pickup Trucks,Regular,Rear-Wheel Drive,19.3888235294118,Chevrolet,Manual 4-spd,6.0,4.3
35891,Standard Pickup Trucks,Regular,Rear-Wheel Drive,19.3888235294118,Chevrolet,Manual 5-spd,6.0,4.3
35892,Standard Pickup Trucks,Regular,Rear-Wheel Drive,19.3888235294118,Chevrolet,Manual 5-spd,6.0,4.3
35893,Standard Pickup Trucks,Regular,Rear-Wheel Drive,23.5435714285714,Ford,Automatic 4-spd,8.0,5.0
35894,Standard Pickup Trucks,Regular,Rear-Wheel Drive,23.5435714285714,Chevrolet,Automatic 4-spd,8.0,5.0
35895,Standard Pickup Trucks,Regular,Rear-Wheel Drive,21.974,Chevrolet,Manual 5-spd,8.0,5.0
35896,Standard Pickup Trucks,Regular,Rear-Wheel Drive,23.5435714285714,Chevrolet,Automatic 4-spd,8.0,5.7
35897,Standard Pickup Trucks,Regular,Rear-Wheel Drive,25.3546153846154,Chevrolet,Manual 4-spd,8.0,5.7
35898,Standard Pickup Trucks,Regular,Rear-Wheel Drive,25.3546153846154,Chevrolet,Manual 5-spd,8.0,5.7
35899,Standard Pickup Trucks,Regular,Rear-Wheel Drive,23.5435714285714,Chevrolet,Manual 5-spd,8.0,5.7
35900,Standard Pickup Trucks,Diesel,Rear-Wheel Drive,22.4814705882353,Chevrolet,Automatic 4-spd,8.0,6.2
35901,Standard Pickup Trucks,Diesel,Rear-Wheel Drive,22.4814705882353,Chevrolet,Manual 4-spd,8.0,6.2
35902,Standard Pickup Trucks,Diesel,Rear-Wheel Drive,20.115,Chevrolet,Manual 5-spd,8.0,6.2
35903,Standard Pickup Trucks,Regular,Rear-Wheel Drive,15.6957142857143,Dodge,Manual 5-spd,4.0,2.5
35904,Standard Pickup Trucks,Regular,Rear-Wheel Drive,20.600625,Ford,Manual 4-spd,8.0,5.0
35905,Standard Pickup Trucks,Regular,Rear-Wheel Drive,20.600625,Dodge,Automatic 4-spd,6.0,3.9
35906,Standard Pickup Trucks,Regular,Rear-Wheel Drive,19.3888235294118,Dodge,Manual 5-spd,6.0,3.9
35907,Standard Pickup Trucks,Regular,Rear-Wheel Drive,23.5435714285714,Dodge,Automatic 4-spd,8.0,5.2
35908,Standard Pickup Trucks,Regular,Rear-Wheel Drive,23.5435714285714,Dodge,Automatic 3-spd,6.0,3.9
35909,Standard Pickup Trucks,Regular,Rear-Wheel Drive,20.600625,Dodge,Automatic 4-spd,6.0,3.9
35910,Standard Pickup Trucks,Regular,Rear-Wheel Drive,23.5435714285714,Dodge,Manual 4-spd,6.0,3.9
35911,Standard Pickup Trucks,Regular,Rear-Wheel Drive,23.5435714285714,Dodge,Manual 5-spd,6.0,3.9
35912,Standard Pickup Trucks,Regular,Rear-Wheel Drive,25.3546153846154,Dodge,Automatic 4-spd,8.0,5.2
35913,Standard Pickup Trucks,Regular,Rear-Wheel Drive,25.3546153846154,Dodge,Automatic 3-spd,8.0,5.2
35914,Standard Pickup Trucks,Regular,Rear-Wheel Drive,23.5435714285714,Dodge,Automatic 4-spd,8.0,5.2
35915,Standard Pickup Trucks,Regular,Rear-Wheel Drive,27.4675,Ford,Automatic 3-spd,8.0,5.8
35916,Standard Pickup Trucks,Regular,Rear-Wheel Drive,27.4675,Dodge,Manual 4-spd,8.0,5.2
35917,Standard Pickup Trucks,Regular,Rear-Wheel Drive,29.9645454545455,Dodge,Automatic 4-spd,8.0,5.9
35918,Standard Pickup Trucks,Regular,Rear-Wheel Drive,29.9645454545455,Dodge,Manual 4-spd,8.0,5.9
35919,Standard Pickup Trucks,Regular,Rear-Wheel Drive,23.5435714285714,Dodge,Automatic 3-spd,6.0,3.9
35920,Standard Pickup Trucks,Regular,Rear-Wheel Drive,23.5435714285714,Dodge,Manual 4-spd,6.0,3.9
35921,Standard Pickup Trucks,Regular,Rear-Wheel Drive,27.4675,Dodge,Automatic 4-spd,8.0,5.2
35922,Standard Pickup Trucks,Regular,Rear-Wheel Drive,23.5435714285714,Dodge,Automatic 4-spd,8.0,5.2
35923,Standard Pickup Trucks,Regular,Rear-Wheel Drive,27.4675,Dodge,Manual 4-spd,8.0,5.2
35924,Standard Pickup Trucks,Regular,Rear-Wheel Drive,29.9645454545455,Dodge,Automatic 4-spd,8.0,5.9
35925,Standard Pickup Trucks,Regular,Rear-Wheel Drive,29.9645454545455,Dodge,Manual 4-spd,8.0,5.9
35926,Standard Pickup Trucks,Regular,Rear-Wheel Drive,23.5435714285714,Ford,Automatic 3-spd,6.0,4.9
35927,Standard Pickup Trucks,Regular,Rear-Wheel Drive,17.3478947368421,Jeep,Manual 4-spd,4.0,2.5
35928,Standard Pickup Trucks,Regular,Rear-Wheel Drive,18.3116666666667,Jeep,Manual 5-spd,4.0,2.5
35929,Standard Pickup Trucks,Regular,Rear-Wheel Drive,20.600625,Jeep,Automatic 4-spd,6.0,4.0
35930,Standard Pickup Trucks,Regular,Rear-Wheel Drive,19.3888235294118,Jeep,Manual 5-spd,6.0,4.0
35931,Standard Pickup Trucks,Regular,Rear-Wheel Drive,20.600625,Ford,Automatic 4-spd,6.0,4.9
35932,Standard Pickup Trucks,Regular,Rear-Wheel Drive,20.600625,Ford,Manual 4-spd,6.0,4.9
35933,Standard Pickup Trucks,Regular,Rear-Wheel Drive,20.600625,Ford,Manual 5-spd,6.0,4.9
35934,Standard Pickup Trucks,Regular,Rear-Wheel Drive,23.5435714285714,Ford,Automatic 4-spd,8.0,5.0
35935,Standard Pickup Trucks,Regular,Rear-Wheel Drive,23.5435714285714,Ford,Automatic 4-spd,8.0,5.0
35936,Standard Pickup Trucks,Regular,Rear-Wheel Drive,25.3546153846154,Ford,Manual 4-spd,8.0,5.0
35937,Subcompact Cars,Premium,Front-Wheel Drive,16.4805,Chrysler,Manual 5-spd,4.0,2.2
35938,Standard Pickup Trucks,Regular,Rear-Wheel Drive,20.600625,Ford,Manual 3-spd,6.0,4.9
35939,Standard Pickup Trucks,Regular,Rear-Wheel Drive,23.5435714285714,Ford,Manual 5-spd,8.0,5.0
35940,Standard Pickup Trucks,Regular,Rear-Wheel Drive,25.3546153846154,Ford,Automatic 4-spd,8.0,5.8
35941,Standard Pickup Trucks,Regular,Rear-Wheel Drive,20.600625,Ford,Automatic 4-spd,6.0,4.9
35942,Standard Pickup Trucks,Regular,Rear-Wheel Drive,20.600625,Ford,Manual 4-spd,6.0,4.9
35943,Standard Pickup Trucks,Regular,Rear-Wheel Drive,20.600625,Ford,Manual 5-spd,6.0,4.9
35944,Standard Pickup Trucks,Regular,Rear-Wheel Drive,23.5435714285714,Ford,Automatic 4-spd,8.0,5.0
35945,Standard Pickup Trucks,Regular,Rear-Wheel Drive,25.3546153846154,Ford,Manual 4-spd,8.0,5.0
35946,Standard Pickup Trucks,Regular,Rear-Wheel Drive,23.5435714285714,Ford,Manual 5-spd,8.0,5.0
35947,Standard Pickup Trucks,Regular,Rear-Wheel Drive,27.4675,Ford,Automatic 4-spd,8.0,5.8
35948,Standard Pickup Trucks,Regular,Rear-Wheel Drive,19.3888235294118,GMC,Automatic 4-spd,6.0,4.3
35949,Standard Pickup Trucks,Regular,Rear-Wheel Drive,27.4675,Ford,Automatic 4-spd,8.0,5.0
35950,Standard Pickup Trucks,Regular,Rear-Wheel Drive,19.3888235294118,GMC,Manual 4-spd,6.0,4.3
35951,Standard Pickup Trucks,Regular,Rear-Wheel Drive,19.3888235294118,GMC,Manual 5-spd,6.0,4.3
35952,Standard Pickup Trucks,Regular,Rear-Wheel Drive,19.3888235294118,GMC,Manual 5-spd,6.0,4.3
35953,Standard Pickup Trucks,Regular,Rear-Wheel Drive,21.974,GMC,Automatic 4-spd,8.0,5.0
35954,Standard Pickup Trucks,Regular,Rear-Wheel Drive,20.600625,GMC,Manual 5-spd,8.0,5.0
35955,Standard Pickup Trucks,Regular,Rear-Wheel Drive,21.974,GMC,Automatic 4-spd,8.0,5.7
35956,Standard Pickup Trucks,Regular,Rear-Wheel Drive,25.3546153846154,GMC,Manual 4-spd,8.0,5.7
35957,Standard Pickup Trucks,Regular,Rear-Wheel Drive,23.5435714285714,GMC,Manual 5-spd,8.0,5.7
35958,Standard Pickup Trucks,Regular,Rear-Wheel Drive,23.5435714285714,GMC,Manual 5-spd,8.0,5.7
35959,Standard Pickup Trucks,Diesel,Rear-Wheel Drive,21.2325,GMC,Automatic 4-spd,8.0,6.2
35960,Standard Pickup Trucks,Regular,Rear-Wheel Drive,23.5435714285714,Ford,Automatic 4-spd,8.0,5.0
35961,Standard Pickup Trucks,Diesel,Rear-Wheel Drive,21.2325,GMC,Manual 4-spd,8.0,6.2
35962,Standard Pickup Trucks,Diesel,Rear-Wheel Drive,19.10925,GMC,Manual 5-spd,8.0,6.2
35963,Standard Pickup Trucks,Regular,Rear-Wheel Drive,20.600625,GMC,Automatic 4-spd,6.0,4.3
35964,Standard Pickup Trucks,Regular,Rear-Wheel Drive,19.3888235294118,GMC,Manual 4-spd,6.0,4.3
35965,Standard Pickup Trucks,Regular,Rear-Wheel Drive,19.3888235294118,GMC,Manual 5-spd,6.0,4.3
35966,Standard Pickup Trucks,Regular,Rear-Wheel Drive,19.3888235294118,GMC,Manual 5-spd,6.0,4.3
35967,Standard Pickup Trucks,Regular,Rear-Wheel Drive,23.5435714285714,GMC,Automatic 4-spd,8.0,5.0
35968,Standard Pickup Trucks,Regular,Rear-Wheel Drive,21.974,GMC,Manual 5-spd,8.0,5.0
35969,Standard Pickup Trucks,Regular,Rear-Wheel Drive,23.5435714285714,GMC,Automatic 4-spd,8.0,5.7
35970,Standard Pickup Trucks,Regular,Rear-Wheel Drive,25.3546153846154,GMC,Manual 4-spd,8.0,5.7
35971,Standard Pickup Trucks,Regular,Rear-Wheel Drive,25.3546153846154,Ford,Manual 4-spd,8.0,5.0
35972,Standard Pickup Trucks,Regular,Rear-Wheel Drive,25.3546153846154,GMC,Manual 5-spd,8.0,5.7
35973,Standard Pickup Trucks,Regular,Rear-Wheel Drive,23.5435714285714,GMC,Manual 5-spd,8.0,5.7
35974,Standard Pickup Trucks,Diesel,Rear-Wheel Drive,22.4814705882353,GMC,Automatic 4-spd,8.0,6.2
35975,Standard Pickup Trucks,Diesel,Rear-Wheel Drive,22.4814705882353,GMC,Manual 4-spd,8.0,6.2
35976,Standard Pickup Trucks,Diesel,Rear-Wheel Drive,20.115,GMC,Manual 5-spd,8.0,6.2
35977,Standard Pickup Trucks,Regular,Rear-Wheel Drive,20.600625,Isuzu,Manual 5-spd,4.0,2.6
35978,Standard Pickup Trucks,Regular,Rear-Wheel Drive,16.4805,Mazda,Automatic 4-spd,4.0,2.2
35979,Standard Pickup Trucks,Regular,Rear-Wheel Drive,16.4805,Mazda,Manual 4-spd,4.0,2.2
35980,Standard Pickup Trucks,Regular,Rear-Wheel Drive,16.4805,Mazda,Manual 5-spd,4.0,2.2
35981,Standard Pickup Trucks,Regular,Rear-Wheel Drive,16.4805,Mazda,Automatic 4-spd,4.0,2.2
35982,Standard Pickup Trucks,Regular,Rear-Wheel Drive,29.9645454545455,Ford,Manual 3-spd,8.0,5.8
35983,Standard Pickup Trucks,Regular,Rear-Wheel Drive,14.9822727272727,Mazda,Manual 5-spd,4.0,2.2
35984,Standard Pickup Trucks,Regular,Rear-Wheel Drive,17.3478947368421,Mazda,Automatic 4-spd,4.0,2.6
35985,Standard Pickup Trucks,Regular,Rear-Wheel Drive,17.3478947368421,Mazda,Manual 5-spd,4.0,2.6
35986,Standard Pickup Trucks,Regular,Rear-Wheel Drive,16.4805,Toyota,Automatic 4-spd,4.0,2.4
35987,Standard Pickup Trucks,Regular,Rear-Wheel Drive,15.6957142857143,Toyota,Manual 5-spd,4.0,2.4
35988,Standard Pickup Trucks,Regular,Rear-Wheel Drive,18.3116666666667,Toyota,Automatic 4-spd,6.0,3.0
35989,Standard Pickup Trucks,Regular,Rear-Wheel Drive,18.3116666666667,Toyota,Manual 5-spd,6.0,3.0
35990,Standard Pickup Trucks,Regular,Rear-Wheel Drive,18.3116666666667,Toyota,Automatic 4-spd,6.0,3.0
35991,Standard Pickup Trucks,Regular,Rear-Wheel Drive,18.3116666666667,Toyota,Manual 5-spd,6.0,3.0
35992,Standard Pickup Trucks,Regular,4-Wheel or All-Wheel Drive,20.600625,Chevrolet,Automatic 4-spd,6.0,4.3
35993,Standard Pickup Trucks,Regular,Rear-Wheel Drive,29.9645454545455,Ford,Automatic 3-spd,8.0,5.8
35994,Standard Pickup Trucks,Regular,4-Wheel or All-Wheel Drive,21.974,Chevrolet,Manual 4-spd,6.0,4.3
35995,Standard Pickup Trucks,Regular,4-Wheel or All-Wheel Drive,20.600625,Chevrolet,Manual 5-spd,6.0,4.3
35996,Standard Pickup Trucks,Regular,4-Wheel or All-Wheel Drive,20.600625,Chevrolet,Manual 5-spd,6.0,4.3
35997,Standard Pickup Trucks,Regular,4-Wheel or All-Wheel Drive,23.5435714285714,Chevrolet,Automatic 4-spd,8.0,5.0
35998,Standard Pickup Trucks,Regular,4-Wheel or All-Wheel Drive,23.5435714285714,Chevrolet,Manual 5-spd,8.0,5.0
35999,Standard Pickup Trucks,Regular,4-Wheel or All-Wheel Drive,25.3546153846154,Chevrolet,Automatic 4-spd,8.0,5.7
36000,Standard Pickup Trucks,Regular,4-Wheel or All-Wheel Drive,27.4675,Chevrolet,Manual 4-spd,8.0,5.7
36001,Standard Pickup Trucks,Regular,4-Wheel or All-Wheel Drive,25.3546153846154,Chevrolet,Manual 5-spd,8.0,5.7
36002,Standard Pickup Trucks,Regular,4-Wheel or All-Wheel Drive,25.3546153846154,Chevrolet,Manual 5-spd,8.0,5.7
36003,Standard Pickup Trucks,Diesel,4-Wheel or All-Wheel Drive,23.8865625,Chevrolet,Automatic 4-spd,8.0,6.2
36004,Standard Pickup Trucks,Regular,Rear-Wheel Drive,19.3888235294118,GMC,Automatic 3-spd,6.0,4.3
36005,Standard Pickup Trucks,Diesel,4-Wheel or All-Wheel Drive,23.8865625,Chevrolet,Manual 4-spd,8.0,6.2
36006,Standard Pickup Trucks,Regular,4-Wheel or All-Wheel Drive,21.974,Chevrolet,Automatic 4-spd,6.0,4.3
36007,Standard Pickup Trucks,Regular,4-Wheel or All-Wheel Drive,21.974,Chevrolet,Manual 4-spd,6.0,4.3
36008,Standard Pickup Trucks,Regular,4-Wheel or All-Wheel Drive,20.600625,Chevrolet,Manual 5-spd,6.0,4.3
36009,Standard Pickup Trucks,Regular,4-Wheel or All-Wheel Drive,20.600625,Chevrolet,Manual 5-spd,6.0,4.3
36010,Standard Pickup Trucks,Regular,4-Wheel or All-Wheel Drive,23.5435714285714,Chevrolet,Automatic 4-spd,8.0,5.0
36011,Standard Pickup Trucks,Regular,4-Wheel or All-Wheel Drive,23.5435714285714,Chevrolet,Manual 5-spd,8.0,5.0
36012,Standard Pickup Trucks,Regular,4-Wheel or All-Wheel Drive,25.3546153846154,Chevrolet,Automatic 4-spd,8.0,5.7
36013,Standard Pickup Trucks,Regular,4-Wheel or All-Wheel Drive,27.4675,Chevrolet,Manual 4-spd,8.0,5.7
36014,Standard Pickup Trucks,Regular,4-Wheel or All-Wheel Drive,25.3546153846154,Chevrolet,Manual 5-spd,8.0,5.7
36015,Standard Pickup Trucks,Regular,Rear-Wheel Drive,19.3888235294118,GMC,Automatic 4-spd,6.0,4.3
36016,Standard Pickup Trucks,Regular,4-Wheel or All-Wheel Drive,27.4675,Chevrolet,Manual 5-spd,8.0,5.7
36017,Standard Pickup Trucks,Diesel,4-Wheel or All-Wheel Drive,22.4814705882353,Chevrolet,Automatic 4-spd,8.0,6.2
36018,Standard Pickup Trucks,Diesel,4-Wheel or All-Wheel Drive,23.8865625,Chevrolet,Manual 4-spd,8.0,6.2
36019,Standard Pickup Trucks,Regular,4-Wheel or All-Wheel Drive,19.3888235294118,Chevrolet,Automatic 4-spd,6.0,4.3
36020,Standard Pickup Trucks,Regular,4-Wheel or All-Wheel Drive,20.600625,Chevrolet,Manual 5-spd,6.0,4.3
36021,Standard Pickup Trucks,Regular,4-Wheel or All-Wheel Drive,18.3116666666667,Nissan,Manual 5-spd,4.0,2.4
36022,Standard Pickup Trucks,Regular,4-Wheel or All-Wheel Drive,20.600625,Nissan,Automatic 4-spd,6.0,3.0
36023,Standard Pickup Trucks,Regular,4-Wheel or All-Wheel Drive,21.974,Nissan,Manual 5-spd,6.0,3.0
36024,Standard Pickup Trucks,Regular,4-Wheel or All-Wheel Drive,21.974,Dodge,Automatic 4-spd,6.0,3.9
36025,Standard Pickup Trucks,Regular,4-Wheel or All-Wheel Drive,20.600625,Dodge,Manual 5-spd,6.0,3.9
36026,Standard Pickup Trucks,Regular,Rear-Wheel Drive,21.974,GMC,Automatic 3-spd,8.0,5.0
36027,Standard Pickup Trucks,Regular,4-Wheel or All-Wheel Drive,25.3546153846154,Dodge,Automatic 4-spd,8.0,5.2
36028,Standard Pickup Trucks,Regular,4-Wheel or All-Wheel Drive,19.3888235294118,Dodge,Automatic 4-spd,4.0,2.4
36029,Standard Pickup Trucks,Regular,4-Wheel or All-Wheel Drive,18.3116666666667,Dodge,Manual 5-spd,4.0,2.4
36030,Standard Pickup Trucks,Regular,4-Wheel or All-Wheel Drive,20.600625,Dodge,Automatic 4-spd,6.0,3.0
36031,Standard Pickup Trucks,Regular,4-Wheel or All-Wheel Drive,19.3888235294118,Dodge,Manual 5-spd,6.0,3.0
36032,Standard Pickup Trucks,Regular,4-Wheel or All-Wheel Drive,25.3546153846154,Dodge,Automatic 4-spd,6.0,3.9
36033,Standard Pickup Trucks,Regular,4-Wheel or All-Wheel Drive,25.3546153846154,Dodge,Manual 4-spd,6.0,3.9
36034,Standard Pickup Trucks,Regular,4-Wheel or All-Wheel Drive,27.4675,Dodge,Automatic 4-spd,8.0,5.2
36035,Standard Pickup Trucks,Regular,4-Wheel or All-Wheel Drive,29.9645454545455,Dodge,Manual 4-spd,8.0,5.2
36036,Standard Pickup Trucks,Regular,4-Wheel or All-Wheel Drive,29.9645454545455,Dodge,Automatic 4-spd,8.0,5.9
36037,Standard Pickup Trucks,Regular,Rear-Wheel Drive,20.600625,GMC,Automatic 4-spd,8.0,5.0
36038,Standard Pickup Trucks,Regular,4-Wheel or All-Wheel Drive,32.961,Dodge,Manual 4-spd,8.0,5.9
36039,Standard Pickup Trucks,Regular,4-Wheel or All-Wheel Drive,29.9645454545455,Dodge,Automatic 4-spd,8.0,5.2
36040,Standard Pickup Trucks,Regular,4-Wheel or All-Wheel Drive,29.9645454545455,Dodge,Manual 4-spd,8.0,5.2
36041,Standard Pickup Trucks,Regular,4-Wheel or All-Wheel Drive,29.9645454545455,Dodge,Automatic 4-spd,8.0,5.9
36042,Standard Pickup Trucks,Regular,4-Wheel or All-Wheel Drive,32.961,Dodge,Manual 4-spd,8.0,5.9
36043,Standard Pickup Trucks,Regular,4-Wheel or All-Wheel Drive,18.3116666666667,Jeep,Manual 4-spd,4.0,2.5
36044,Standard Pickup Trucks,Regular,4-Wheel or All-Wheel Drive,18.3116666666667,Jeep,Manual 5-spd,4.0,2.5
36045,Standard Pickup Trucks,Regular,4-Wheel or All-Wheel Drive,21.974,Jeep,Automatic 4-spd,6.0,4.0
36046,Standard Pickup Trucks,Regular,4-Wheel or All-Wheel Drive,19.3888235294118,Jeep,Manual 5-spd,6.0,4.0
36047,Standard Pickup Trucks,Regular,4-Wheel or All-Wheel Drive,21.974,Ford,Automatic 4-spd,6.0,4.9
36048,Subcompact Cars,Premium,Front-Wheel Drive,17.3478947368421,Chrysler,Automatic 3-spd,4.0,2.2
36049,Standard Pickup Trucks,Regular,Rear-Wheel Drive,19.3888235294118,GMC,Automatic 3-spd,6.0,4.3
36050,Standard Pickup Trucks,Regular,4-Wheel or All-Wheel Drive,21.974,Ford,Manual 4-spd,6.0,4.9
36051,Standard Pickup Trucks,Regular,4-Wheel or All-Wheel Drive,23.5435714285714,Ford,Manual 5-spd,6.0,4.9
36052,Standard Pickup Trucks,Regular,4-Wheel or All-Wheel Drive,25.3546153846154,Ford,Automatic 4-spd,8.0,5.0
36053,Standard Pickup Trucks,Regular,4-Wheel or All-Wheel Drive,25.3546153846154,Ford,Automatic 4-spd,8.0,5.0
36054,Standard Pickup Trucks,Regular,4-Wheel or All-Wheel Drive,25.3546153846154,Ford,Manual 4-spd,8.0,5.0
36055,Standard Pickup Trucks,Regular,4-Wheel or All-Wheel Drive,25.3546153846154,Ford,Manual 5-spd,8.0,5.0
36056,Standard Pickup Trucks,Regular,4-Wheel or All-Wheel Drive,27.4675,Ford,Automatic 4-spd,8.0,5.8
36057,Standard Pickup Trucks,Regular,4-Wheel or All-Wheel Drive,23.5435714285714,Ford,Manual 5-spd,6.0,4.9
36058,Standard Pickup Trucks,Regular,4-Wheel or All-Wheel Drive,25.3546153846154,Ford,Automatic 4-spd,8.0,5.0
36059,Standard Pickup Trucks,Regular,4-Wheel or All-Wheel Drive,29.9645454545455,Ford,Manual 4-spd,8.0,5.0
36060,Standard Pickup Trucks,Regular,Rear-Wheel Drive,19.3888235294118,GMC,Automatic 4-spd,6.0,4.3
36061,Standard Pickup Trucks,Regular,4-Wheel or All-Wheel Drive,25.3546153846154,Ford,Manual 5-spd,8.0,5.0
36062,Standard Pickup Trucks,Regular,4-Wheel or All-Wheel Drive,27.4675,Ford,Automatic 4-spd,8.0,5.8
36063,Standard Pickup Trucks,Regular,4-Wheel or All-Wheel Drive,20.600625,GMC,Automatic 4-spd,6.0,4.3
36064,Standard Pickup Trucks,Regular,4-Wheel or All-Wheel Drive,21.974,GMC,Manual 4-spd,6.0,4.3
36065,Standard Pickup Trucks,Regular,4-Wheel or All-Wheel Drive,20.600625,GMC,Manual 5-spd,6.0,4.3
36066,Standard Pickup Trucks,Regular,4-Wheel or All-Wheel Drive,20.600625,GMC,Manual 5-spd,6.0,4.3
36067,Standard Pickup Trucks,Regular,4-Wheel or All-Wheel Drive,23.5435714285714,GMC,Automatic 4-spd,8.0,5.0
36068,Standard Pickup Trucks,Regular,4-Wheel or All-Wheel Drive,23.5435714285714,GMC,Manual 5-spd,8.0,5.0
36069,Standard Pickup Trucks,Regular,4-Wheel or All-Wheel Drive,25.3546153846154,GMC,Automatic 4-spd,8.0,5.7
36070,Standard Pickup Trucks,Regular,4-Wheel or All-Wheel Drive,27.4675,GMC,Manual 4-spd,8.0,5.7
36071,Standard Pickup Trucks,Regular,Rear-Wheel Drive,19.3888235294118,GMC,Manual 3-spd,6.0,4.3
36072,Standard Pickup Trucks,Regular,4-Wheel or All-Wheel Drive,25.3546153846154,GMC,Manual 5-spd,8.0,5.7
36073,Standard Pickup Trucks,Regular,4-Wheel or All-Wheel Drive,25.3546153846154,GMC,Manual 5-spd,8.0,5.7
36074,Standard Pickup Trucks,Diesel,4-Wheel or All-Wheel Drive,23.8865625,GMC,Automatic 4-spd,8.0,6.2
36075,Standard Pickup Trucks,Diesel,4-Wheel or All-Wheel Drive,23.8865625,GMC,Manual 4-spd,8.0,6.2
36076,Standard Pickup Trucks,Regular,4-Wheel or All-Wheel Drive,21.974,GMC,Automatic 4-spd,6.0,4.3
36077,Standard Pickup Trucks,Regular,4-Wheel or All-Wheel Drive,21.974,GMC,Manual 4-spd,6.0,4.3
36078,Standard Pickup Trucks,Regular,4-Wheel or All-Wheel Drive,20.600625,GMC,Manual 5-spd,6.0,4.3
36079,Standard Pickup Trucks,Regular,4-Wheel or All-Wheel Drive,20.600625,GMC,Manual 5-spd,6.0,4.3
36080,Standard Pickup Trucks,Regular,4-Wheel or All-Wheel Drive,23.5435714285714,GMC,Automatic 4-spd,8.0,5.0
36081,Standard Pickup Trucks,Regular,4-Wheel or All-Wheel Drive,23.5435714285714,GMC,Manual 5-spd,8.0,5.0
36082,Standard Pickup Trucks,Regular,Rear-Wheel Drive,19.3888235294118,GMC,Manual 4-spd,6.0,4.3
36083,Standard Pickup Trucks,Regular,4-Wheel or All-Wheel Drive,25.3546153846154,GMC,Automatic 4-spd,8.0,5.7
36084,Standard Pickup Trucks,Regular,4-Wheel or All-Wheel Drive,27.4675,GMC,Manual 4-spd,8.0,5.7
36085,Standard Pickup Trucks,Regular,4-Wheel or All-Wheel Drive,25.3546153846154,GMC,Manual 5-spd,8.0,5.7
36086,Standard Pickup Trucks,Regular,4-Wheel or All-Wheel Drive,27.4675,GMC,Manual 5-spd,8.0,5.7
36087,Standard Pickup Trucks,Diesel,4-Wheel or All-Wheel Drive,22.4814705882353,GMC,Automatic 4-spd,8.0,6.2
36088,Standard Pickup Trucks,Diesel,4-Wheel or All-Wheel Drive,23.8865625,GMC,Manual 4-spd,8.0,6.2
36089,Standard Pickup Trucks,Regular,4-Wheel or All-Wheel Drive,19.3888235294118,GMC,Automatic 4-spd,6.0,4.3
36090,Standard Pickup Trucks,Regular,4-Wheel or All-Wheel Drive,20.600625,GMC,Manual 5-spd,6.0,4.3
36091,Standard Pickup Trucks,Regular,4-Wheel or All-Wheel Drive,20.600625,Isuzu,Manual 5-spd,4.0,2.6
36092,Standard Pickup Trucks,Regular,4-Wheel or All-Wheel Drive,21.974,Isuzu,Manual 5-spd,6.0,3.1
36093,Standard Pickup Trucks,Regular,Rear-Wheel Drive,25.3546153846154,GMC,Automatic 3-spd,8.0,5.0
36094,Standard Pickup Trucks,Regular,4-Wheel or All-Wheel Drive,19.3888235294118,Mitsubishi,Automatic 4-spd,4.0,2.4
36095,Standard Pickup Trucks,Regular,4-Wheel or All-Wheel Drive,18.3116666666667,Mitsubishi,Manual 5-spd,4.0,2.4
36096,Standard Pickup Trucks,Regular,4-Wheel or All-Wheel Drive,19.3888235294118,Mitsubishi,Manual 5-spd,6.0,3.0
36097,Standard Pickup Trucks,Regular,4-Wheel or All-Wheel Drive,19.3888235294118,Mazda,Automatic 4-spd,4.0,2.6
36098,Standard Pickup Trucks,Regular,4-Wheel or All-Wheel Drive,19.3888235294118,Mazda,Manual 5-spd,4.0,2.6
36099,Standard Pickup Trucks,Regular,4-Wheel or All-Wheel Drive,19.3888235294118,Toyota,Automatic 4-spd,4.0,2.4
36100,Standard Pickup Trucks,Regular,4-Wheel or All-Wheel Drive,18.3116666666667,Toyota,Manual 5-spd,4.0,2.4
36101,Standard Pickup Trucks,Regular,4-Wheel or All-Wheel Drive,21.974,Toyota,Automatic 4-spd,6.0,3.0
36102,Standard Pickup Trucks,Regular,4-Wheel or All-Wheel Drive,21.974,Toyota,Manual 5-spd,6.0,3.0
36103,Vans,Regular,4-Wheel or All-Wheel Drive,19.3888235294118,Chevrolet,Automatic 4-spd,6.0,4.3
36104,Standard Pickup Trucks,Regular,Rear-Wheel Drive,21.974,GMC,Automatic 4-spd,8.0,5.0
36105,Vans,Regular,Rear-Wheel Drive,19.3888235294118,Chevrolet,Automatic 4-spd,6.0,4.3
36106,Vans,Regular,Rear-Wheel Drive,19.3888235294118,Chevrolet,Automatic 4-spd,6.0,4.3
36107,Vans,Regular,Rear-Wheel Drive,23.5435714285714,Chevrolet,Automatic 4-spd,8.0,5.0
36108,Vans,Regular,Rear-Wheel Drive,21.974,Chevrolet,Automatic 4-spd,8.0,5.7
36109,Vans,Diesel,Rear-Wheel Drive,22.4814705882353,Chevrolet,Automatic 4-spd,8.0,6.2
36110,Vans,Regular,Rear-Wheel Drive,20.600625,Chevrolet,Automatic 4-spd,6.0,4.3
36111,Vans,Regular,Rear-Wheel Drive,21.974,Dodge,Automatic 4-spd,6.0,3.9
36112,Vans,Regular,Rear-Wheel Drive,23.5435714285714,Dodge,Automatic 3-spd,6.0,3.9
36113,Vans,Regular,Rear-Wheel Drive,23.5435714285714,Dodge,Manual 5-spd,6.0,3.9
36114,Vans,Regular,Rear-Wheel Drive,25.3546153846154,Dodge,Automatic 4-spd,8.0,5.2
36115,Standard Pickup Trucks,Regular,Rear-Wheel Drive,23.5435714285714,GMC,Manual 3-spd,8.0,5.0
36116,Vans,Regular,Rear-Wheel Drive,25.3546153846154,Dodge,Automatic 3-spd,8.0,5.2
36117,Vans,Regular,Rear-Wheel Drive,23.5435714285714,Dodge,Automatic 4-spd,8.0,5.2
36118,Vans,Regular,Rear-Wheel Drive,29.9645454545455,Dodge,Automatic 4-spd,8.0,5.9
36119,Vans,Regular,Rear-Wheel Drive,23.5435714285714,Dodge,Automatic 3-spd,6.0,3.9
36120,Vans,Regular,Rear-Wheel Drive,25.3546153846154,Dodge,Automatic 4-spd,8.0,5.2
36121,Vans,Regular,Rear-Wheel Drive,25.3546153846154,Dodge,Automatic 4-spd,8.0,5.2
36122,Vans,Regular,Rear-Wheel Drive,29.9645454545455,Dodge,Automatic 4-spd,8.0,5.9
36123,Vans,Regular,Rear-Wheel Drive,18.3116666666667,Ford,Automatic 4-spd,6.0,3.0
36124,Vans,Regular,Rear-Wheel Drive,17.3478947368421,Ford,Manual 5-spd,6.0,3.0
36125,Vans,Regular,Rear-Wheel Drive,19.3888235294118,Ford,Automatic 4-spd,6.0,4.0
36126,Standard Pickup Trucks,Regular,Rear-Wheel Drive,23.5435714285714,GMC,Manual 4-spd,8.0,5.0
36127,Vans,Regular,4-Wheel or All-Wheel Drive,20.600625,Ford,Automatic 4-spd,6.0,4.0
36128,Vans,Regular,Rear-Wheel Drive,23.5435714285714,Ford,Automatic 3-spd,6.0,4.9
36129,Vans,Regular,Rear-Wheel Drive,20.600625,Ford,Automatic 4-spd,6.0,4.9
36130,Vans,Regular,Rear-Wheel Drive,25.3546153846154,Ford,Automatic 4-spd,8.0,5.0
36131,Vans,Regular,Rear-Wheel Drive,27.4675,Ford,Automatic 4-spd,8.0,5.8
36132,Vans,Regular,Rear-Wheel Drive,25.3546153846154,Ford,Automatic 3-spd,6.0,4.9
36133,Vans,Regular,Rear-Wheel Drive,23.5435714285714,Ford,Automatic 4-spd,6.0,4.9
36134,Vans,Regular,Rear-Wheel Drive,25.3546153846154,Ford,Automatic 4-spd,8.0,5.0
36135,Vans,Regular,Rear-Wheel Drive,29.9645454545455,Ford,Automatic 4-spd,8.0,5.8
36136,Vans,Regular,Rear-Wheel Drive,19.3888235294118,GMC,Automatic 4-spd,6.0,4.3
36137,Standard Pickup Trucks,Diesel,Rear-Wheel Drive,20.115,GMC,Automatic 4-spd,8.0,6.2
36138,Vans,Regular,Rear-Wheel Drive,23.5435714285714,GMC,Automatic 4-spd,8.0,5.0
36139,Vans,Regular,Rear-Wheel Drive,21.974,GMC,Automatic 4-spd,8.0,5.7
36140,Vans,Diesel,Rear-Wheel Drive,22.4814705882353,GMC,Automatic 4-spd,8.0,6.2
36141,Vans,Regular,Rear-Wheel Drive,20.600625,GMC,Automatic 4-spd,6.0,4.3
36142,Vans,Regular,4-Wheel or All-Wheel Drive,19.3888235294118,GMC,Automatic 4-spd,6.0,4.3
36143,Vans,Regular,Rear-Wheel Drive,19.3888235294118,GMC,Automatic 4-spd,6.0,4.3
36144,Vans,Regular,4-Wheel or All-Wheel Drive,20.600625,Chevrolet,Automatic 4-spd,6.0,4.3
36145,Vans,Regular,Rear-Wheel Drive,20.600625,Chevrolet,Automatic 4-spd,6.0,4.3
36146,Vans,Regular,Rear-Wheel Drive,21.974,Chevrolet,Automatic 4-spd,6.0,4.3
36147,Vans,Regular,Rear-Wheel Drive,23.5435714285714,Chevrolet,Automatic 4-spd,8.0,5.0
36148,Standard Pickup Trucks,Diesel,Rear-Wheel Drive,20.115,GMC,Manual 4-spd,8.0,6.2
36149,Vans,Regular,Rear-Wheel Drive,23.5435714285714,Chevrolet,Automatic 4-spd,8.0,5.7
36150,Vans,Diesel,Rear-Wheel Drive,22.4814705882353,Chevrolet,Automatic 4-spd,8.0,6.2
36151,Vans,Regular,Rear-Wheel Drive,25.3546153846154,Chevrolet,Automatic 4-spd,8.0,5.7
36152,Vans,Regular,Rear-Wheel Drive,21.974,Dodge,Automatic 4-spd,6.0,3.9
36153,Vans,Regular,Rear-Wheel Drive,23.5435714285714,Dodge,Automatic 3-spd,6.0,3.9
36154,Vans,Regular,Rear-Wheel Drive,25.3546153846154,Dodge,Manual 5-spd,6.0,3.9
36155,Vans,Regular,Rear-Wheel Drive,27.4675,Dodge,Automatic 4-spd,8.0,5.2
36156,Vans,Regular,Rear-Wheel Drive,25.3546153846154,Dodge,Automatic 3-spd,8.0,5.2
36157,Vans,Regular,Rear-Wheel Drive,25.3546153846154,Dodge,Automatic 4-spd,8.0,5.2
36158,Vans,Regular,Rear-Wheel Drive,29.9645454545455,Dodge,Automatic 4-spd,8.0,5.9
36159,Subcompact Cars,Regular,Front-Wheel Drive,15.6957142857143,Chrysler,Automatic 3-spd,4.0,2.2
36160,Standard Pickup Trucks,Diesel,Rear-Wheel Drive,20.115,GMC,Manual 4-spd,8.0,6.2
36161,Vans,Regular,Rear-Wheel Drive,27.4675,Dodge,Automatic 4-spd,8.0,5.2
36162,Vans,Regular,Rear-Wheel Drive,25.3546153846154,Dodge,Automatic 4-spd,8.0,5.2
36163,Vans,Regular,Rear-Wheel Drive,32.961,Dodge,Automatic 4-spd,8.0,5.9
36164,Vans,Regular,Rear-Wheel Drive,19.3888235294118,Ford,Automatic 4-spd,6.0,3.0
36165,Vans,Regular,Rear-Wheel Drive,18.3116666666667,Ford,Manual 5-spd,6.0,3.0
36166,Vans,Regular,Rear-Wheel Drive,20.600625,Ford,Automatic 4-spd,6.0,4.0
36167,Vans,Regular,4-Wheel or All-Wheel Drive,20.600625,Ford,Automatic 4-spd,6.0,4.0
36168,Vans,Regular,Rear-Wheel Drive,23.5435714285714,Ford,Automatic 4-spd,6.0,4.9
36169,Vans,Regular,Rear-Wheel Drive,25.3546153846154,Ford,Automatic 4-spd,8.0,5.0
36170,Vans,Regular,Rear-Wheel Drive,29.9645454545455,Ford,Automatic 4-spd,8.0,5.8
36171,Standard Pickup Trucks,Regular,Rear-Wheel Drive,20.600625,GMC,Automatic 4-spd,6.0,4.3
36172,Vans,Regular,Rear-Wheel Drive,21.974,GMC,Automatic 4-spd,6.0,4.3
36173,Vans,Regular,Rear-Wheel Drive,23.5435714285714,GMC,Automatic 4-spd,8.0,5.0
36174,Vans,Regular,Rear-Wheel Drive,23.5435714285714,GMC,Automatic 4-spd,8.0,5.7
36175,Vans,Diesel,Rear-Wheel Drive,22.4814705882353,GMC,Automatic 4-spd,8.0,6.2
36176,Vans,Regular,Rear-Wheel Drive,25.3546153846154,GMC,Automatic 4-spd,8.0,5.7
36177,Vans,Regular,4-Wheel or All-Wheel Drive,20.600625,GMC,Automatic 4-spd,6.0,4.3
36178,Vans,Regular,Rear-Wheel Drive,20.600625,GMC,Automatic 4-spd,6.0,4.3
36179,Vans,Regular,Rear-Wheel Drive,18.3116666666667,Toyota,Automatic 4-spd,4.0,2.4
36180,Vans,Regular,Rear-Wheel Drive,18.3116666666667,Toyota,Manual 5-spd,4.0,2.4
36181,Vans,Regular,4-Wheel or All-Wheel Drive,19.3888235294118,Toyota,Automatic 4-spd,4.0,2.4
36182,Standard Pickup Trucks,Regular,Rear-Wheel Drive,21.974,GMC,Manual 4-spd,6.0,4.3
36183,Vans,Regular,4-Wheel or All-Wheel Drive,19.3888235294118,Toyota,Manual 5-spd,4.0,2.4
36184,Vans,Regular,4-Wheel or All-Wheel Drive,23.5435714285714,Volkswagen,Manual 5-spd,4.0,2.1
36185,Vans,Regular,Rear-Wheel Drive,21.974,Volkswagen,Automatic 3-spd,4.0,2.1
36186,Vans,Regular,Rear-Wheel Drive,19.3888235294118,Volkswagen,Manual 4-spd,4.0,2.1
36187,Special Purpose Vehicle 2WD,Regular,Front-Wheel Drive,18.3116666666667,Chevrolet,Automatic 3-spd,6.0,3.1
36188,Special Purpose Vehicle 2WD,Regular,Rear-Wheel Drive,25.3546153846154,Chevrolet,Automatic 4-spd,8.0,5.7
36189,Special Purpose Vehicle 2WD,Diesel,Rear-Wheel Drive,22.4814705882353,Chevrolet,Automatic 4-spd,8.0,6.2
36190,Special Purpose Vehicle 2WD,Regular,Rear-Wheel Drive,18.3116666666667,Chevrolet,Automatic 4-spd,6.0,4.3
36191,Special Purpose Vehicle 2WD,Regular,Rear-Wheel Drive,18.3116666666667,Chevrolet,Manual 5-spd,6.0,4.3
36192,Special Purpose Vehicle 2WD,Regular,Front-Wheel Drive,17.3478947368421,Nissan,Automatic 4-spd,4.0,2.4
36193,Standard Pickup Trucks,Regular,Rear-Wheel Drive,21.974,GMC,Automatic 4-spd,8.0,5.0
36194,Special Purpose Vehicle 2WD,Regular,Front-Wheel Drive,15.6957142857143,Nissan,Manual 5-spd,4.0,2.4
36195,Special Purpose Vehicle 2WD,Regular,Rear-Wheel Drive,19.3888235294118,Nissan,Automatic 4-spd,6.0,3.0
36196,Special Purpose Vehicle 2WD,Regular,Rear-Wheel Drive,21.974,Nissan,Manual 5-spd,6.0,3.0
36197,Special Purpose Vehicle 2WD,Regular,Front-Wheel Drive,18.3116666666667,Chrysler,Automatic 4-spd,6.0,3.3
36198,Special Purpose Vehicle 2WD,Regular,Rear-Wheel Drive,25.3546153846154,Dodge,Automatic 4-spd,8.0,5.2
36199,Special Purpose Vehicle 2WD,Regular,Rear-Wheel Drive,29.9645454545455,Dodge,Automatic 4-spd,8.0,5.9
36200,Special Purpose Vehicle 2WD,Regular,Front-Wheel Drive,16.4805,Dodge,Automatic 3-spd,4.0,2.5
36201,Special Purpose Vehicle 2WD,Regular,Front-Wheel Drive,17.3478947368421,Dodge,Automatic 3-spd,6.0,3.0
36202,Special Purpose Vehicle 2WD,Regular,Front-Wheel Drive,17.3478947368421,Dodge,Automatic 4-spd,6.0,3.0
36203,Special Purpose Vehicle 2WD,Regular,Front-Wheel Drive,18.3116666666667,Dodge,Automatic 4-spd,6.0,3.3
36204,Standard Pickup Trucks,Regular,Rear-Wheel Drive,27.4675,GMC,Manual 4-spd,8.0,5.0
36205,Special Purpose Vehicle 2WD,Regular,Rear-Wheel Drive,18.3116666666667,Jeep,Manual 5-spd,4.0,2.5
36206,Special Purpose Vehicle 2WD,Regular,Rear-Wheel Drive,20.600625,Jeep,Automatic 4-spd,6.0,4.0
36207,Special Purpose Vehicle 2WD,Regular,Rear-Wheel Drive,19.3888235294118,Jeep,Manual 5-spd,6.0,4.0
36208,Special Purpose Vehicle 2WD,Regular,Rear-Wheel Drive,20.600625,Ford,Automatic 4-spd,6.0,4.0
36209,Special Purpose Vehicle 2WD,Regular,Rear-Wheel Drive,18.3116666666667,Ford,Manual 5-spd,6.0,4.0
36210,Special Purpose Vehicle 2WD,Regular,Rear-Wheel Drive,14.3308695652174,Geo,Manual 5-spd,4.0,1.6
36211,Special Purpose Vehicles,Regular,Rear-Wheel Drive,18.3116666666667,GMC,Automatic 4-spd,6.0,4.3
36212,Special Purpose Vehicles,Regular,Rear-Wheel Drive,18.3116666666667,GMC,Manual 5-spd,6.0,4.3
36213,Special Purpose Vehicles,Regular,Rear-Wheel Drive,25.3546153846154,GMC,Automatic 4-spd,8.0,5.7
36214,Special Purpose Vehicles,Diesel,Rear-Wheel Drive,22.4814705882353,GMC,Automatic 4-spd,8.0,6.2
36215,Standard Pickup Trucks,Diesel,Rear-Wheel Drive,20.115,GMC,Automatic 4-spd,8.0,6.2
36216,Special Purpose Vehicles,Regular,Rear-Wheel Drive,18.3116666666667,Isuzu,Manual 5-spd,4.0,2.3
36217,Special Purpose Vehicles,Regular,Rear-Wheel Drive,19.3888235294118,Isuzu,Manual 5-spd,4.0,2.6
36218,Special Purpose Vehicles,Regular,Rear-Wheel Drive,19.3888235294118,Isuzu,Manual 5-spd,4.0,2.6
36219,Special Purpose Vehicles,Regular,Rear-Wheel Drive,21.974,Isuzu,Automatic 4-spd,6.0,3.1
36220,Special Purpose Vehicles,Regular,Rear-Wheel Drive,21.974,Isuzu,Manual 5-spd,6.0,3.1
36221,Special Purpose Vehicles,Regular,Rear-Wheel Drive,18.3116666666667,Mazda,Automatic 4-spd,4.0,2.6
36222,Special Purpose Vehicles,Regular,Rear-Wheel Drive,16.4805,Mazda,Manual 5-spd,4.0,2.6
36223,Special Purpose Vehicles,Regular,Rear-Wheel Drive,19.3888235294118,Mazda,Automatic 4-spd,6.0,3.0
36224,Special Purpose Vehicles,Regular,Front-Wheel Drive,18.3116666666667,Pontiac,Automatic 3-spd,6.0,3.1
36225,Special Purpose Vehicles,Regular,Front-Wheel Drive,16.4805,Plymouth,Automatic 3-spd,4.0,2.5
36226,Standard Pickup Trucks,Diesel,Rear-Wheel Drive,22.4814705882353,GMC,Manual 4-spd,8.0,6.2
36227,Special Purpose Vehicles,Regular,Front-Wheel Drive,17.3478947368421,Plymouth,Automatic 3-spd,6.0,3.0
36228,Special Purpose Vehicles,Regular,Front-Wheel Drive,17.3478947368421,Plymouth,Automatic 4-spd,6.0,3.0
36229,Special Purpose Vehicles,Regular,Front-Wheel Drive,18.3116666666667,Plymouth,Automatic 4-spd,6.0,3.3
36230,Special Purpose Vehicles,Regular,Rear-Wheel Drive,13.1844,Suzuki,Manual 5-spd,4.0,1.3
36231,Special Purpose Vehicles,Regular,Rear-Wheel Drive,14.3308695652174,Suzuki,Manual 5-spd,4.0,1.6
36232,Special Purpose Vehicles,Regular,Front-Wheel Drive,18.3116666666667,Oldsmobile,Automatic 3-spd,6.0,3.1
36233,Special Purpose Vehicles,Regular,Rear-Wheel Drive,18.3116666666667,Toyota,Automatic 4-spd,4.0,2.4
36234,Special Purpose Vehicles,Regular,Rear-Wheel Drive,19.3888235294118,Toyota,Automatic 4-spd,6.0,3.0
36235,Special Purpose Vehicles,Regular,4-Wheel or All-Wheel Drive,19.3888235294118,Chevrolet,Automatic 4-spd,6.0,4.3
36236,Special Purpose Vehicles,Regular,4-Wheel or All-Wheel Drive,20.600625,Chevrolet,Manual 5-spd,6.0,4.3
36237,Standard Pickup Trucks,Regular,Rear-Wheel Drive,15.6957142857143,Toyota,Automatic 4-spd,4.0,2.4
36238,Special Purpose Vehicles,Regular,4-Wheel or All-Wheel Drive,25.3546153846154,Chevrolet,Automatic 4-spd,8.0,5.7
36239,Special Purpose Vehicles,Regular,4-Wheel or All-Wheel Drive,27.4675,Chevrolet,Manual 4-spd,8.0,5.7
36240,Special Purpose Vehicles,Diesel,4-Wheel or All-Wheel Drive,22.4814705882353,Chevrolet,Automatic 4-spd,8.0,6.2
36241,Special Purpose Vehicles,Regular,4-Wheel or All-Wheel Drive,27.4675,Chevrolet,Automatic 4-spd,8.0,5.7
36242,Special Purpose Vehicles,Diesel,4-Wheel or All-Wheel Drive,23.8865625,Chevrolet,Automatic 4-spd,8.0,6.2
36243,Special Purpose Vehicles,Regular,4-Wheel or All-Wheel Drive,16.4805,Daihatsu,Manual 5-spd,4.0,1.6
36244,Special Purpose Vehicles,Regular,4-Wheel or All-Wheel Drive,18.3116666666667,Nissan,Automatic 4-spd,4.0,2.4
36245,Special Purpose Vehicles,Regular,4-Wheel or All-Wheel Drive,18.3116666666667,Nissan,Manual 5-spd,4.0,2.4
36246,Special Purpose Vehicles,Regular,4-Wheel or All-Wheel Drive,21.974,Nissan,Automatic 4-spd,6.0,3.0
36247,Special Purpose Vehicles,Regular,4-Wheel or All-Wheel Drive,21.974,Nissan,Manual 5-spd,6.0,3.0
36248,Standard Pickup Trucks,Regular,Rear-Wheel Drive,15.6957142857143,Toyota,Manual 5-spd,4.0,2.4
36249,Special Purpose Vehicles,Regular,4-Wheel or All-Wheel Drive,29.9645454545455,Dodge,Automatic 4-spd,8.0,5.2
36250,Special Purpose Vehicles,Regular,4-Wheel or All-Wheel Drive,29.9645454545455,Dodge,Manual 4-spd,8.0,5.2
36251,Special Purpose Vehicles,Regular,4-Wheel or All-Wheel Drive,29.9645454545455,Dodge,Automatic 4-spd,8.0,5.9
36252,Special Purpose Vehicles,Regular,4-Wheel or All-Wheel Drive,32.961,Dodge,Manual 4-spd,8.0,5.9
36253,Special Purpose Vehicles,Regular,4-Wheel or All-Wheel Drive,19.3888235294118,Dodge,Automatic 4-spd,6.0,3.3
36254,Special Purpose Vehicles,Regular,4-Wheel or All-Wheel Drive,17.3478947368421,Dodge,Manual 5-spd,4.0,2.0
36255,Special Purpose Vehicles,Regular,4-Wheel or All-Wheel Drive,18.3116666666667,Jeep,Manual 5-spd,4.0,2.5
36256,Special Purpose Vehicles,Regular,4-Wheel or All-Wheel Drive,21.974,Jeep,Automatic 4-spd,6.0,4.0
36257,Special Purpose Vehicles,Regular,4-Wheel or All-Wheel Drive,19.3888235294118,Jeep,Manual 5-spd,6.0,4.0
36258,Special Purpose Vehicles,Regular,4-Wheel or All-Wheel Drive,29.9645454545455,Jeep,Automatic 3-spd,8.0,5.9
36259,Standard Pickup Trucks,Regular,4-Wheel or All-Wheel Drive,20.600625,Chevrolet,Automatic 4-spd,6.0,4.3
36260,Special Purpose Vehicles,Regular,4-Wheel or All-Wheel Drive,19.3888235294118,Jeep,Manual 5-spd,4.0,2.5
36261,Special Purpose Vehicles,Regular,4-Wheel or All-Wheel Drive,23.5435714285714,Jeep,Automatic 3-spd,6.0,4.0
36262,Special Purpose Vehicles,Regular,4-Wheel or All-Wheel Drive,19.3888235294118,Jeep,Manual 5-spd,6.0,4.0
36263,Special Purpose Vehicles,Regular,4-Wheel or All-Wheel Drive,23.5435714285714,Ford,Automatic 4-spd,6.0,4.9
36264,Special Purpose Vehicles,Regular,4-Wheel or All-Wheel Drive,23.5435714285714,Ford,Manual 5-spd,6.0,4.9
36265,Special Purpose Vehicles,Regular,4-Wheel or All-Wheel Drive,25.3546153846154,Ford,Automatic 4-spd,8.0,5.0
36266,Special Purpose Vehicles,Regular,4-Wheel or All-Wheel Drive,25.3546153846154,Ford,Manual 5-spd,8.0,5.0
36267,Special Purpose Vehicles,Regular,4-Wheel or All-Wheel Drive,27.4675,Ford,Automatic 4-spd,8.0,5.8
36268,Special Purpose Vehicles,Regular,4-Wheel or All-Wheel Drive,20.600625,Ford,Automatic 4-spd,6.0,4.0
36269,Special Purpose Vehicles,Regular,4-Wheel or All-Wheel Drive,20.600625,Ford,Manual 5-spd,6.0,4.0
36270,Subcompact Cars,Regular,Front-Wheel Drive,17.3478947368421,Chrysler,Automatic 3-spd,4.0,2.6
36271,Standard Pickup Trucks,Regular,4-Wheel or All-Wheel Drive,21.974,Chevrolet,Manual 4-spd,6.0,4.3
36272,Special Purpose Vehicles,Regular,4-Wheel or All-Wheel Drive,15.6957142857143,Geo,Automatic 3-spd,4.0,1.6
36273,Special Purpose Vehicles,Regular,4-Wheel or All-Wheel Drive,14.3308695652174,Geo,Manual 5-spd,4.0,1.6
36274,Special Purpose Vehicles,Regular,4-Wheel or All-Wheel Drive,15.6957142857143,Geo,Automatic 3-spd,4.0,1.6
36275,Special Purpose Vehicles,Regular,4-Wheel or All-Wheel Drive,14.3308695652174,Geo,Manual 5-spd,4.0,1.6
36276,Special Purpose Vehicles,Regular,4-Wheel or All-Wheel Drive,19.3888235294118,GMC,Automatic 4-spd,6.0,4.3
36277,Special Purpose Vehicles,Regular,4-Wheel or All-Wheel Drive,20.600625,GMC,Manual 5-spd,6.0,4.3
36278,Special Purpose Vehicles,Regular,4-Wheel or All-Wheel Drive,25.3546153846154,GMC,Automatic 4-spd,8.0,5.7
36279,Special Purpose Vehicles,Regular,4-Wheel or All-Wheel Drive,27.4675,GMC,Manual 4-spd,8.0,5.7
36280,Special Purpose Vehicles,Diesel,4-Wheel or All-Wheel Drive,22.4814705882353,GMC,Automatic 4-spd,8.0,6.2
36281,Special Purpose Vehicles,Regular,4-Wheel or All-Wheel Drive,27.4675,GMC,Automatic 4-spd,8.0,5.7
36282,Standard Pickup Trucks,Regular,4-Wheel or All-Wheel Drive,21.974,Chevrolet,Manual 4-spd,6.0,4.3
36283,Special Purpose Vehicles,Diesel,4-Wheel or All-Wheel Drive,23.8865625,GMC,Automatic 4-spd,8.0,6.2
36284,Special Purpose Vehicles,Regular,4-Wheel or All-Wheel Drive,20.600625,Isuzu,Manual 5-spd,4.0,2.6
36285,Special Purpose Vehicles,Regular,4-Wheel or All-Wheel Drive,21.974,Isuzu,Automatic 4-spd,4.0,2.6
36286,Special Purpose Vehicles,Regular,4-Wheel or All-Wheel Drive,21.974,Isuzu,Manual 5-spd,4.0,2.6
36287,Special Purpose Vehicles,Regular,4-Wheel or All-Wheel Drive,21.974,Isuzu,Automatic 4-spd,6.0,2.8
36288,Special Purpose Vehicles,Regular,4-Wheel or All-Wheel Drive,21.974,Isuzu,Manual 5-spd,6.0,2.8
36289,Special Purpose Vehicles,Premium,4-Wheel or All-Wheel Drive,25.3546153846154,Land Rover,Automatic 4-spd,8.0,3.9
36290,Special Purpose Vehicles,Regular,4-Wheel or All-Wheel Drive,21.974,Mitsubishi,Automatic 4-spd,6.0,3.0
36291,Special Purpose Vehicles,Regular,4-Wheel or All-Wheel Drive,21.974,Mitsubishi,Manual 5-spd,6.0,3.0
36292,Special Purpose Vehicles,Regular,4-Wheel or All-Wheel Drive,21.974,Mazda,Automatic 4-spd,6.0,3.0
36293,Standard Pickup Trucks,Regular,4-Wheel or All-Wheel Drive,25.3546153846154,Chevrolet,Automatic 4-spd,8.0,5.0
36294,Special Purpose Vehicles,Regular,4-Wheel or All-Wheel Drive,20.600625,Mazda,Manual 5-spd,6.0,3.0
36295,Special Purpose Vehicles,Regular,4-Wheel or All-Wheel Drive,20.600625,Mazda,Automatic 4-spd,6.0,4.0
36296,Special Purpose Vehicles,Regular,4-Wheel or All-Wheel Drive,20.600625,Mazda,Automatic 4-spd,6.0,4.0
36297,Special Purpose Vehicles,Regular,4-Wheel or All-Wheel Drive,20.600625,Mazda,Manual 5-spd,6.0,4.0
36298,Special Purpose Vehicles,Regular,4-Wheel or All-Wheel Drive,20.600625,Mazda,Manual 5-spd,6.0,4.0
36299,Special Purpose Vehicles,Regular,4-Wheel or All-Wheel Drive,17.3478947368421,Plymouth,Manual 5-spd,4.0,2.0
36300,Special Purpose Vehicles,Regular,4-Wheel or All-Wheel Drive,19.3888235294118,Plymouth,Automatic 4-spd,6.0,3.3
36301,Special Purpose Vehicles,Regular,4-Wheel or All-Wheel Drive,16.4805,Subaru,Automatic 3-spd,4.0,1.8
36302,Special Purpose Vehicles,Regular,4-Wheel or All-Wheel Drive,14.3308695652174,Subaru,Manual 5-spd,4.0,1.8
36303,Special Purpose Vehicles,Regular,4-Wheel or All-Wheel Drive,16.4805,Subaru,Automatic 3-spd,4.0,1.8
36304,Standard Pickup Trucks,Regular,4-Wheel or All-Wheel Drive,27.4675,Chevrolet,Manual 4-spd,8.0,5.0
36305,Special Purpose Vehicles,Regular,4-Wheel or All-Wheel Drive,14.3308695652174,Subaru,Manual 5-spd,4.0,1.8
36306,Special Purpose Vehicles,Regular,4-Wheel or All-Wheel Drive,13.1844,Suzuki,Manual 5-spd,4.0,1.3
36307,Special Purpose Vehicles,Regular,4-Wheel or All-Wheel Drive,13.1844,Suzuki,Manual 5-spd,4.0,1.3
36308,Special Purpose Vehicles,Regular,4-Wheel or All-Wheel Drive,16.4805,Suzuki,Automatic 3-spd,4.0,1.6
36309,Special Purpose Vehicles,Regular,4-Wheel or All-Wheel Drive,15.6957142857143,Suzuki,Automatic 3-spd,4.0,1.6
36310,Special Purpose Vehicles,Regular,4-Wheel or All-Wheel Drive,14.9822727272727,Suzuki,Manual 5-spd,4.0,1.6
36311,Special Purpose Vehicles,Regular,4-Wheel or All-Wheel Drive,14.3308695652174,Suzuki,Manual 5-spd,4.0,1.6
36312,Special Purpose Vehicles,Regular,4-Wheel or All-Wheel Drive,15.6957142857143,Suzuki,Automatic 3-spd,4.0,1.6
36313,Special Purpose Vehicles,Regular,4-Wheel or All-Wheel Drive,14.3308695652174,Suzuki,Manual 5-spd,4.0,1.6
36314,Special Purpose Vehicles,Regular,4-Wheel or All-Wheel Drive,19.3888235294118,Oldsmobile,Automatic 4-spd,6.0,4.3
36315,Standard Pickup Trucks,Regular,4-Wheel or All-Wheel Drive,23.5435714285714,Chevrolet,Manual 4-spd,8.0,5.0
36316,Special Purpose Vehicles,Regular,4-Wheel or All-Wheel Drive,27.4675,Toyota,Automatic 4-spd,6.0,3.9
36317,Special Purpose Vehicles,Regular,4-Wheel or All-Wheel Drive,19.3888235294118,Toyota,Automatic 4-spd,4.0,2.4
36318,Special Purpose Vehicles,Regular,4-Wheel or All-Wheel Drive,18.3116666666667,Toyota,Manual 5-spd,4.0,2.4
36319,Special Purpose Vehicles,Regular,4-Wheel or All-Wheel Drive,23.5435714285714,Toyota,Automatic 4-spd,6.0,3.0
36320,Special Purpose Vehicles,Regular,4-Wheel or All-Wheel Drive,21.974,Toyota,Manual 5-spd,6.0,3.0
36321,Special Purpose Vehicles,Premium,4-Wheel or All-Wheel Drive,27.4675,Wallace Environmental,Automatic 4-spd,6.0,2.9
36322,Special Purpose Vehicles,Premium,Front-Wheel Drive,20.600625,Cadillac,Automatic 4-spd,8.0,4.9
36323,Special Purpose Vehicles,Regular,Rear-Wheel Drive,21.974,Chevrolet,Automatic 3-spd,4.0,2.5
36324,Special Purpose Vehicles,Regular,Rear-Wheel Drive,19.3888235294118,Chevrolet,Automatic 3-spd,4.0,2.5
36325,Special Purpose Vehicles,Regular,Rear-Wheel Drive,29.9645454545455,Dodge,Automatic 4-spd,6.0,3.9
36326,Standard Pickup Trucks,Diesel,4-Wheel or All-Wheel Drive,22.4814705882353,Chevrolet,Automatic 4-spd,8.0,6.2
36327,Special Purpose Vehicles,Regular,Rear-Wheel Drive,25.3546153846154,Dodge,Manual 5-spd,6.0,3.9
36328,Special Purpose Vehicles,Regular,Rear-Wheel Drive,23.5435714285714,Dodge,Automatic 4-spd,8.0,5.2
36329,Special Purpose Vehicles,Regular,Rear-Wheel Drive,29.9645454545455,Dodge,Automatic 4-spd,8.0,5.9
36330,Special Purpose Vehicles,Regular,Rear-Wheel Drive,19.3888235294118,Buick,Automatic 4-spd,8.0,5.0
36331,Special Purpose Vehicles,Regular,Rear-Wheel Drive,32.961,Toyota,Automatic 4-spd,6.0,3.0
36332,Special Purpose Vehicles,Regular,Rear-Wheel Drive,29.9645454545455,Toyota,Manual 5-spd,6.0,3.0
36333,Two Seaters,Premium,Rear-Wheel Drive,17.3478947368421,Acura,Automatic 4-spd,6.0,3.0
36334,Two Seaters,Premium,Rear-Wheel Drive,17.3478947368421,Acura,Manual 5-spd,6.0,3.0
36335,Two Seaters,Premium,Rear-Wheel Drive,15.6957142857143,Alfa Romeo,Automatic 3-spd,4.0,2.0
36336,Two Seaters,Premium,Rear-Wheel Drive,14.9822727272727,Alfa Romeo,Manual 5-spd,4.0,2.0
36337,Standard Pickup Trucks,Diesel,4-Wheel or All-Wheel Drive,22.4814705882353,Chevrolet,Manual 4-spd,8.0,6.2
36338,Two Seaters,Premium,Front-Wheel Drive,20.600625,Cadillac,Automatic 4-spd,8.0,4.5
36339,Two Seaters,Premium,Rear-Wheel Drive,19.3888235294118,Chevrolet,Manual 6-spd,8.0,5.7
36340,Two Seaters,Premium,Rear-Wheel Drive,18.3116666666667,Chevrolet,Automatic 4-spd,8.0,5.7
36341,Two Seaters,Premium,Rear-Wheel Drive,18.3116666666667,Chevrolet,Manual 6-spd,8.0,5.7
36342,Two Seaters,Regular,Rear-Wheel Drive,15.6957142857143,Consulier Industries Inc,Manual 5-spd,4.0,2.2
36343,Two Seaters,Premium,Rear-Wheel Drive,18.3116666666667,Nissan,Automatic 4-spd,6.0,3.0
36344,Two Seaters,Premium,Rear-Wheel Drive,18.3116666666667,Nissan,Automatic 4-spd,6.0,3.0
36345,Two Seaters,Premium,Rear-Wheel Drive,18.3116666666667,Nissan,Manual 5-spd,6.0,3.0
36346,Two Seaters,Premium,Rear-Wheel Drive,18.3116666666667,Nissan,Manual 5-spd,6.0,3.0
36347,Two Seaters,Premium,Rear-Wheel Drive,25.3546153846154,Ferrari,Manual 5-spd,8.0,2.9
36348,Standard Pickup Trucks,Diesel,4-Wheel or All-Wheel Drive,22.4814705882353,Chevrolet,Manual 4-spd,8.0,6.2
36349,Two Seaters,Premium,Rear-Wheel Drive,29.9645454545455,Ferrari,Manual 5-spd,12.0,4.9
36350,Two Seaters,Premium,Rear-Wheel Drive,23.5435714285714,Ferrari,Manual 5-spd,8.0,3.4
36351,Two Seaters,Regular,Front-Wheel Drive,10.987,Geo,Automatic 3-spd,3.0,1.0
36352,Two Seaters,Regular,Front-Wheel Drive,8.90837837837838,Geo,Manual 5-spd,3.0,1.0
36353,Two Seaters,Premium,Rear-Wheel Drive,16.4805,Isis Imports Ltd,Manual 5-spd,8.0,3.9
36354,Two Seaters,Premium,Rear-Wheel Drive,25.3546153846154,Jaguar,Automatic 3-spd,12.0,5.3
36355,Two Seaters,Premium,4-Wheel or All-Wheel Drive,32.961,Lamborghini,Manual 5-spd,12.0,5.7
36356,Two Seaters,Premium,Front-Wheel Drive,13.73375,Lotus,Manual 5-spd,4.0,1.6
36357,Two Seaters,Premium,Rear-Wheel Drive,17.3478947368421,Lotus,Manual 5-spd,4.0,2.2
36358,Two Seaters,Regular,Rear-Wheel Drive,14.3308695652174,Mazda,Automatic 4-spd,4.0,1.6
36359,Standard Pickup Trucks,Regular,4-Wheel or All-Wheel Drive,27.4675,Chevrolet,Automatic 4-spd,8.0,5.7
36360,Two Seaters,Regular,Rear-Wheel Drive,13.73375,Mazda,Manual 5-spd,4.0,1.6
36361,Two Seaters,Regular,Rear-Wheel Drive,19.3888235294118,Mazda,Automatic 4-spd,2.0,1.3
36362,Two Seaters,Regular,Rear-Wheel Drive,18.3116666666667,Mazda,Manual 5-spd,2.0,1.3
36363,Two Seaters,Premium,Rear-Wheel Drive,19.3888235294118,Mercedes-Benz,Automatic 5-spd,6.0,3.0
36364,Two Seaters,Premium,Rear-Wheel Drive,19.3888235294118,Mercedes-Benz,Manual 5-spd,6.0,3.0
36365,Two Seaters,Premium,Rear-Wheel Drive,23.5435714285714,Mercedes-Benz,Automatic 4-spd,8.0,5.0
36366,Two Seaters,Premium,Rear-Wheel Drive,18.3116666666667,Porsche,Manual 5-spd,6.0,3.6
36367,Two Seaters,Premium,4-Wheel or All-Wheel Drive,20.600625,Porsche,Manual 5-spd,6.0,3.6
36368,Two Seaters,Premium,Rear-Wheel Drive,19.3888235294118,Porsche,Automatic (S4),6.0,3.6
36369,Two Seaters,Premium,Rear-Wheel Drive,18.3116666666667,Porsche,Manual 6-spd,4.0,3.0
36370,Standard Pickup Trucks,Regular,4-Wheel or All-Wheel Drive,29.9645454545455,Chevrolet,Manual 4-spd,8.0,5.7
36371,Two Seaters,Premium,Rear-Wheel Drive,19.3888235294118,Porsche,Automatic (S4),4.0,3.0
36372,Two Seaters,Premium,Rear-Wheel Drive,16.4805,Toyota,Manual 5-spd,4.0,2.0
36373,Two Seaters,Regular,Rear-Wheel Drive,14.9822727272727,Toyota,Automatic 4-spd,4.0,2.2
36374,Two Seaters,Regular,Rear-Wheel Drive,14.9822727272727,Toyota,Manual 5-spd,4.0,2.2
36375,Two Seaters,Premium,Rear-Wheel Drive,41.20125,Vector,Automatic 3-spd,8.0,6.0
36376,Minicompact Cars,Regular,Front-Wheel Drive,12.2077777777778,Nissan,Automatic 4-spd,4.0,1.6
36377,Minicompact Cars,Regular,Front-Wheel Drive,11.7717857142857,Nissan,Manual 5-spd,4.0,1.6
36378,Minicompact Cars,Regular,Front-Wheel Drive,14.9822727272727,Nissan,Automatic 4-spd,4.0,2.0
36379,Minicompact Cars,Regular,Front-Wheel Drive,14.3308695652174,Nissan,Manual 5-spd,4.0,2.0
36380,Minicompact Cars,Premium,Rear-Wheel Drive,16.4805,Nissan,Automatic 4-spd,4.0,2.4
36381,Subcompact Cars,Regular,Front-Wheel Drive,13.1844,Nissan,Automatic 3-spd,4.0,1.6
36382,Standard Pickup Trucks,Diesel,4-Wheel or All-Wheel Drive,22.4814705882353,Chevrolet,Automatic 4-spd,8.0,6.2
36383,Minicompact Cars,Premium,Rear-Wheel Drive,15.6957142857143,Nissan,Manual 5-spd,4.0,2.4
36384,Minicompact Cars,Premium,Rear-Wheel Drive,29.9645454545455,Mercedes-Benz,Automatic 4-spd,8.0,5.6
36385,Minicompact Cars,Premium,Rear-Wheel Drive,29.9645454545455,Mercedes-Benz,Automatic 4-spd,8.0,5.6
36386,Minicompact Cars,Regular,Front-Wheel Drive,14.9822727272727,Mercury,Automatic 4-spd,4.0,1.6
36387,Minicompact Cars,Regular,Front-Wheel Drive,13.73375,Mercury,Manual 5-spd,4.0,1.6
36388,Minicompact Cars,Regular,Front-Wheel Drive,14.3308695652174,Mercury,Manual 5-spd,4.0,1.6
36389,Minicompact Cars,Premium,Rear-Wheel Drive,18.3116666666667,Porsche,Manual 5-spd,6.0,3.6
36390,Minicompact Cars,Premium,4-Wheel or All-Wheel Drive,20.600625,Porsche,Manual 5-spd,6.0,3.6
36391,Minicompact Cars,Premium,Rear-Wheel Drive,19.3888235294118,Porsche,Automatic (S4),6.0,3.6
36392,Minicompact Cars,Premium,Rear-Wheel Drive,23.5435714285714,Porsche,Manual 5-spd,6.0,3.3
36393,Standard Pickup Trucks,Diesel,4-Wheel or All-Wheel Drive,25.479,Chevrolet,Manual 4-spd,8.0,6.2
36394,Minicompact Cars,Premium,Rear-Wheel Drive,18.3116666666667,Porsche,Manual 6-spd,4.0,3.0
36395,Minicompact Cars,Premium,Rear-Wheel Drive,19.3888235294118,Porsche,Automatic (S4),4.0,3.0
36396,Minicompact Cars,Regular,Front-Wheel Drive,15.6957142857143,Toyota,Automatic 4-spd,4.0,2.2
36397,Minicompact Cars,Regular,Front-Wheel Drive,14.9822727272727,Toyota,Manual 5-spd,4.0,2.2
36398,Minicompact Cars,Regular,Front-Wheel Drive,14.9822727272727,Toyota,Manual 5-spd,4.0,2.2
36399,Minicompact Cars,Regular,Front-Wheel Drive,13.1844,Toyota,Automatic 4-spd,4.0,1.5
36400,Minicompact Cars,Regular,Front-Wheel Drive,12.2077777777778,Toyota,Manual 5-spd,4.0,1.5
36401,Minicompact Cars,Regular,Front-Wheel Drive,14.3308695652174,Volkswagen,Automatic 3-spd,4.0,1.8
36402,Minicompact Cars,Regular,Front-Wheel Drive,13.1844,Volkswagen,Manual 5-spd,4.0,1.8
36403,Minicompact Cars,Premium,Rear-Wheel Drive,21.974,Wallace Environmental,Automatic 4-spd,6.0,2.9
36404,Standard Pickup Trucks,Regular,4-Wheel or All-Wheel Drive,17.3478947368421,Chevrolet,Automatic 4-spd,4.0,2.5
36405,Subcompact Cars,Regular,Front-Wheel Drive,14.3308695652174,Acura,Automatic 4-spd,4.0,1.8
36406,Subcompact Cars,Regular,Front-Wheel Drive,13.73375,Acura,Manual 5-spd,4.0,1.8
36407,Subcompact Cars,Premium,Rear-Wheel Drive,27.4675,Aston Martin,Automatic 3-spd,8.0,5.3
36408,Subcompact Cars,Premium,Rear-Wheel Drive,25.3546153846154,Aston Martin,Manual 5-spd,8.0,5.3
36409,Subcompact Cars,Regular,Front-Wheel Drive,17.3478947368421,Audi,Automatic 4-spd,5.0,2.3
36410,Subcompact Cars,Regular,Front-Wheel Drive,16.4805,Audi,Manual 5-spd,5.0,2.3
36411,Subcompact Cars,Regular,4-Wheel or All-Wheel Drive,18.3116666666667,Audi,Manual 5-spd,5.0,2.3
36412,Subcompact Cars,Premium,Rear-Wheel Drive,16.4805,BMW,Manual 5-spd,4.0,1.8
36413,Subcompact Cars,Regular,Rear-Wheel Drive,18.3116666666667,BMW,Automatic 4-spd,6.0,2.5
36414,Subcompact Cars,Regular,Rear-Wheel Drive,18.3116666666667,BMW,Manual 5-spd,6.0,2.5
36415,Standard Pickup Trucks,Regular,4-Wheel or All-Wheel Drive,16.4805,Chevrolet,Manual 4-spd,4.0,2.5
36416,Subcompact Cars,Regular,Rear-Wheel Drive,25.3546153846154,BMW,Automatic 4-spd,12.0,5.0
36417,Subcompact Cars,Regular,Rear-Wheel Drive,25.3546153846154,BMW,Manual 6-spd,12.0,5.0
36418,Subcompact Cars,Regular,Rear-Wheel Drive,17.3478947368421,Chevrolet,Automatic 4-spd,6.0,3.1
36419,Subcompact Cars,Regular,Rear-Wheel Drive,18.3116666666667,Chevrolet,Manual 5-spd,6.0,3.1
36420,Subcompact Cars,Premium,Rear-Wheel Drive,18.3116666666667,Chevrolet,Automatic 4-spd,8.0,5.0
36421,Subcompact Cars,Regular,Rear-Wheel Drive,18.3116666666667,Chevrolet,Automatic 4-spd,8.0,5.0
36422,Subcompact Cars,Premium,Rear-Wheel Drive,18.3116666666667,Chevrolet,Manual 5-spd,8.0,5.0
36423,Subcompact Cars,Regular,Rear-Wheel Drive,18.3116666666667,Chevrolet,Manual 5-spd,8.0,5.0
36424,Subcompact Cars,Premium,Rear-Wheel Drive,18.3116666666667,Chevrolet,Automatic 4-spd,8.0,5.7
36425,Subcompact Cars,Regular,Front-Wheel Drive,13.73375,Chevrolet,Automatic 3-spd,4.0,2.2
36426,Standard Pickup Trucks,Regular,4-Wheel or All-Wheel Drive,15.6957142857143,Chevrolet,Manual 5-spd,4.0,2.5
36427,Subcompact Cars,Regular,Front-Wheel Drive,12.6773076923077,Chevrolet,Manual 5-spd,4.0,2.2
36428,Subcompact Cars,Regular,Front-Wheel Drive,15.6957142857143,Chevrolet,Automatic 3-spd,6.0,3.1
36429,Subcompact Cars,Regular,Front-Wheel Drive,16.4805,Chevrolet,Manual 5-spd,6.0,3.1
36430,Subcompact Cars,Regular,Front-Wheel Drive,9.98818181818182,Chevrolet,Automatic 3-spd,3.0,1.0
36431,Subcompact Cars,Regular,Front-Wheel Drive,8.24025,Chevrolet,Manual 5-spd,3.0,1.0
36432,Subcompact Cars,Premium,Front-Wheel Drive,18.3116666666667,Chrysler,Automatic 3-spd,4.0,2.5
36433,Subcompact Cars,Regular,Front-Wheel Drive,14.9822727272727,Chrysler,Automatic 3-spd,4.0,2.5
36434,Subcompact Cars,Premium,Front-Wheel Drive,15.6957142857143,Chrysler,Manual 5-spd,4.0,2.5
36435,Subcompact Cars,Regular,Front-Wheel Drive,16.4805,Chrysler,Automatic 4-spd,6.0,3.0
36436,Subcompact Cars,Regular,Front-Wheel Drive,17.3478947368421,Chrysler,Manual 5-spd,6.0,3.0
36437,Standard Pickup Trucks,Regular,4-Wheel or All-Wheel Drive,18.3116666666667,Chevrolet,Automatic 4-spd,6.0,2.8
36438,Subcompact Cars,Regular,Front-Wheel Drive,9.69441176470588,Daihatsu,Manual 5-spd,3.0,1.0
36439,Subcompact Cars,Regular,Front-Wheel Drive,12.2077777777778,Daihatsu,Automatic 3-spd,4.0,1.3
36440,Subcompact Cars,Regular,Front-Wheel Drive,10.3003125,Daihatsu,Manual 5-spd,4.0,1.3
36441,Subcompact Cars,Regular,Front-Wheel Drive,12.6773076923077,Nissan,Automatic 3-spd,4.0,1.6
36442,Subcompact Cars,Regular,Front-Wheel Drive,12.2077777777778,Nissan,Automatic 4-spd,4.0,1.6
36443,Subcompact Cars,Regular,Front-Wheel Drive,11.7717857142857,Nissan,Manual 4-spd,4.0,1.6
36444,Subcompact Cars,Regular,Front-Wheel Drive,11.3658620689655,Nissan,Manual 5-spd,4.0,1.6
36445,Subcompact Cars,Regular,Front-Wheel Drive,13.73375,Nissan,Automatic 4-spd,4.0,2.0
36446,Subcompact Cars,Regular,Front-Wheel Drive,13.73375,Nissan,Manual 5-spd,4.0,2.0
36447,Subcompact Cars,Premium,Rear-Wheel Drive,18.3116666666667,Nissan,Automatic 4-spd,6.0,3.0
36448,Standard Pickup Trucks,Regular,4-Wheel or All-Wheel Drive,19.3888235294118,Chevrolet,Manual 4-spd,6.0,2.8
36449,Subcompact Cars,Premium,Rear-Wheel Drive,18.3116666666667,Nissan,Manual 5-spd,6.0,3.0
36450,Subcompact Cars,Regular,Front-Wheel Drive,12.6773076923077,Dodge,Automatic 3-spd,4.0,1.5
36451,Subcompact Cars,Regular,Front-Wheel Drive,11.3658620689655,Dodge,Manual 4-spd,4.0,1.5
36452,Subcompact Cars,Regular,Front-Wheel Drive,11.7717857142857,Dodge,Manual 5-spd,4.0,1.5
36453,Subcompact Cars,Premium,Front-Wheel Drive,16.4805,Dodge,Manual 5-spd,4.0,2.2
36454,Subcompact Cars,Premium,Front-Wheel Drive,18.3116666666667,Dodge,Automatic 3-spd,4.0,2.5
36455,Subcompact Cars,Regular,Front-Wheel Drive,14.9822727272727,Dodge,Automatic 3-spd,4.0,2.5
36456,Subcompact Cars,Premium,Front-Wheel Drive,15.6957142857143,Dodge,Manual 5-spd,4.0,2.5
36457,Subcompact Cars,Regular,Front-Wheel Drive,14.3308695652174,Dodge,Manual 5-spd,4.0,2.5
36458,Subcompact Cars,Regular,Front-Wheel Drive,16.4805,Dodge,Automatic 4-spd,6.0,3.0
36459,Standard Pickup Trucks,Regular,4-Wheel or All-Wheel Drive,19.3888235294118,Chevrolet,Manual 5-spd,6.0,2.8
36460,Subcompact Cars,Regular,Front-Wheel Drive,16.4805,Dodge,Manual 5-spd,6.0,3.0
36461,Subcompact Cars,Regular,Front-Wheel Drive,14.9822727272727,Dodge,Automatic 3-spd,4.0,2.5
36462,Subcompact Cars,Premium,Front-Wheel Drive,17.3478947368421,Dodge,Automatic 3-spd,4.0,2.5
36463,Subcompact Cars,Regular,Front-Wheel Drive,14.3308695652174,Dodge,Manual 5-spd,4.0,2.5
36464,Subcompact Cars,Premium,Front-Wheel Drive,16.4805,Dodge,Manual 5-spd,4.0,2.5
36465,Subcompact Cars,Regular,Front-Wheel Drive,16.4805,Dodge,Automatic 4-spd,6.0,3.0
36466,Subcompact Cars,Regular,Front-Wheel Drive,17.3478947368421,Dodge,Manual 5-spd,6.0,3.0
36467,Subcompact Cars,Regular,Front-Wheel Drive,18.3116666666667,Dodge,Automatic 4-spd,6.0,3.0
36468,Subcompact Cars,Premium,Front-Wheel Drive,18.3116666666667,Dodge,Automatic 4-spd,6.0,3.0
36469,Subcompact Cars,Premium,Front-Wheel Drive,17.3478947368421,Dodge,Manual 5-spd,6.0,3.0
36470,Standard Pickup Trucks,Regular,4-Wheel or All-Wheel Drive,18.3116666666667,Nissan,Manual 5-spd,4.0,2.4
36471,Subcompact Cars,Premium,4-Wheel or All-Wheel Drive,18.3116666666667,Dodge,Manual 5-spd,6.0,3.0
36472,Subcompact Cars,Regular,Front-Wheel Drive,18.3116666666667,Dodge,Manual 5-spd,6.0,3.0
36473,Subcompact Cars,Regular,Front-Wheel Drive,12.6773076923077,Eagle,Automatic 3-spd,4.0,1.5
36474,Subcompact Cars,Regular,Front-Wheel Drive,13.1844,Eagle,Automatic 4-spd,4.0,1.5
36475,Subcompact Cars,Regular,Front-Wheel Drive,11.3658620689655,Eagle,Manual 4-spd,4.0,1.5
36476,Subcompact Cars,Regular,Front-Wheel Drive,11.7717857142857,Eagle,Manual 5-spd,4.0,1.5
36477,Subcompact Cars,Premium,Front-Wheel Drive,17.3478947368421,Eagle,Automatic 4-spd,4.0,2.0
36478,Subcompact Cars,Premium,4-Wheel or All-Wheel Drive,18.3116666666667,Eagle,Automatic 4-spd,4.0,2.0
36479,Subcompact Cars,Regular,Front-Wheel Drive,15.6957142857143,Eagle,Automatic 4-spd,4.0,2.0
36480,Subcompact Cars,Premium,Front-Wheel Drive,15.6957142857143,Eagle,Manual 5-spd,4.0,2.0
36481,Standard Pickup Trucks,Regular,4-Wheel or All-Wheel Drive,23.5435714285714,Dodge,Manual 4-spd,6.0,3.7
36482,Subcompact Cars,Regular,Front-Wheel Drive,14.9822727272727,Eagle,Manual 5-spd,4.0,2.0
36483,Subcompact Cars,Premium,4-Wheel or All-Wheel Drive,16.4805,Eagle,Manual 5-spd,4.0,2.0
36484,Subcompact Cars,Premium,Rear-Wheel Drive,25.3546153846154,Ferrari,Manual 5-spd,8.0,3.4
36485,Subcompact Cars,Premium,Rear-Wheel Drive,25.3546153846154,Ferrari,Automatic (S5),8.0,3.4
36486,Subcompact Cars,Regular,Front-Wheel Drive,11.7717857142857,Ford,Automatic 3-spd,4.0,1.3
36487,Subcompact Cars,Regular,Front-Wheel Drive,9.98818181818182,Ford,Manual 5-spd,4.0,1.3
36488,Subcompact Cars,Regular,Rear-Wheel Drive,15.6957142857143,Ford,Automatic 4-spd,4.0,2.3
36489,Subcompact Cars,Regular,Rear-Wheel Drive,14.9822727272727,Ford,Manual 5-spd,4.0,2.3
36490,Subcompact Cars,Regular,Rear-Wheel Drive,17.3478947368421,Ford,Automatic 4-spd,8.0,5.0
36491,Subcompact Cars,Regular,Rear-Wheel Drive,19.3888235294118,Ford,Manual 5-spd,8.0,5.0
36492,Subcompact Cars,Regular,Front-Wheel Drive,11.3658620689655,Nissan,Manual 5-spd,4.0,1.6
36493,Standard Pickup Trucks,Regular,4-Wheel or All-Wheel Drive,27.4675,Dodge,Automatic 3-spd,8.0,5.2
36494,Subcompact Cars,Regular,Front-Wheel Drive,9.98818181818182,Geo,Automatic 3-spd,3.0,1.0
36495,Subcompact Cars,Regular,Front-Wheel Drive,8.24025,Geo,Manual 5-spd,3.0,1.0
36496,Subcompact Cars,Regular,Front-Wheel Drive,9.98818181818182,Geo,Automatic 3-spd,3.0,1.0
36497,Subcompact Cars,Regular,Front-Wheel Drive,8.24025,Geo,Manual 5-spd,3.0,1.0
36498,Subcompact Cars,Regular,Front-Wheel Drive,7.01297872340426,Geo,Manual 5-spd,3.0,1.0
36499,Subcompact Cars,Regular,Front-Wheel Drive,13.73375,Geo,Automatic 3-spd,4.0,1.6
36500,Subcompact Cars,Premium,Front-Wheel Drive,14.3308695652174,Geo,Automatic 4-spd,4.0,1.6
36501,Subcompact Cars,Premium,Front-Wheel Drive,13.73375,Geo,Manual 5-spd,4.0,1.6
36502,Subcompact Cars,Regular,Front-Wheel Drive,12.6773076923077,Geo,Manual 5-spd,4.0,1.6
36503,Subcompact Cars,Regular,Front-Wheel Drive,13.73375,Geo,Automatic 3-spd,4.0,1.6
36504,Standard Pickup Trucks,Regular,4-Wheel or All-Wheel Drive,27.4675,Dodge,Automatic 3-spd,8.0,5.2
36505,Subcompact Cars,Regular,Front-Wheel Drive,11.7717857142857,Geo,Manual 5-spd,4.0,1.6
36506,Subcompact Cars,Regular,Front-Wheel Drive,14.9822727272727,Geo,Automatic 4-spd,4.0,1.8
36507,Subcompact Cars,Regular,Front-Wheel Drive,13.73375,Geo,Manual 5-spd,4.0,1.8
36508,Subcompact Cars,Regular,Front-Wheel Drive,11.3658620689655,Honda,Automatic 4-spd,4.0,1.5
36509,Subcompact Cars,Regular,Front-Wheel Drive,8.67394736842105,Honda,Manual 5-spd,4.0,1.5
36510,Subcompact Cars,Regular,Front-Wheel Drive,8.90837837837838,Honda,Manual 5-spd,4.0,1.5
36511,Subcompact Cars,Regular,Front-Wheel Drive,10.3003125,Honda,Manual 5-spd,4.0,1.5
36512,Subcompact Cars,Regular,Front-Wheel Drive,12.6773076923077,Honda,Automatic 4-spd,4.0,1.6
36513,Subcompact Cars,Regular,Front-Wheel Drive,11.7717857142857,Honda,Manual 5-spd,4.0,1.6
36514,Subcompact Cars,Regular,Front-Wheel Drive,7.6653488372093,Honda,Manual 5-spd,4.0,1.5
36515,Standard Pickup Trucks,Regular,4-Wheel or All-Wheel Drive,29.9645454545455,Dodge,Manual 4-spd,8.0,5.2
36516,Subcompact Cars,Regular,Front-Wheel Drive,8.24025,Honda,Manual 5-spd,4.0,1.5
36517,Subcompact Cars,Regular,Front-Wheel Drive,14.9822727272727,Honda,Automatic 4-spd,4.0,2.2
36518,Subcompact Cars,Regular,Front-Wheel Drive,13.73375,Honda,Manual 5-spd,4.0,2.2
36519,Subcompact Cars,Premium,Front-Wheel Drive,15.6957142857143,Honda,Automatic 4-spd,4.0,2.3
36520,Subcompact Cars,Premium,Front-Wheel Drive,15.6957142857143,Honda,Manual 5-spd,4.0,2.3
36521,Subcompact Cars,Regular,Front-Wheel Drive,12.6773076923077,Hyundai,Automatic 3-spd,4.0,1.5
36522,Subcompact Cars,Regular,Front-Wheel Drive,11.7717857142857,Hyundai,Manual 4-spd,4.0,1.5
36523,Subcompact Cars,Regular,Front-Wheel Drive,12.6773076923077,Hyundai,Automatic 4-spd,4.0,1.5
36524,Subcompact Cars,Regular,Front-Wheel Drive,12.2077777777778,Hyundai,Manual 4-spd,4.0,1.5
36525,Subcompact Cars,Regular,Front-Wheel Drive,11.7717857142857,Hyundai,Manual 5-spd,4.0,1.5
36526,Standard Pickup Trucks,Regular,4-Wheel or All-Wheel Drive,29.9645454545455,Dodge,Manual 4-spd,8.0,5.2
36527,Subcompact Cars,Regular,Front-Wheel Drive,13.1844,Hyundai,Automatic 4-spd,4.0,1.5
36528,Subcompact Cars,Regular,Front-Wheel Drive,12.6773076923077,Hyundai,Manual 5-spd,4.0,1.5
36529,Subcompact Cars,Premium,4-Wheel or All-Wheel Drive,14.9822727272727,Isuzu,Manual 5-spd,4.0,1.6
36530,Subcompact Cars,Regular,Front-Wheel Drive,14.9822727272727,Isuzu,Automatic 4-spd,4.0,1.8
36531,Subcompact Cars,Regular,Front-Wheel Drive,13.73375,Isuzu,Manual 5-spd,4.0,1.8
36532,Subcompact Cars,Premium,Rear-Wheel Drive,17.3478947368421,Infiniti,Automatic 4-spd,6.0,3.0
36533,Subcompact Cars,Premium,Rear-Wheel Drive,23.5435714285714,Jaguar,Automatic 3-spd,12.0,5.3
36534,Subcompact Cars,Premium,Rear-Wheel Drive,18.3116666666667,Lexus,Automatic 4-spd,6.0,3.0
36535,Subcompact Cars,Premium,Rear-Wheel Drive,18.3116666666667,Lexus,Manual 5-spd,6.0,3.0
36536,Subcompact Cars,Premium,Rear-Wheel Drive,18.3116666666667,Lexus,Automatic 4-spd,8.0,4.0
36537,Standard Pickup Trucks,Regular,4-Wheel or All-Wheel Drive,29.9645454545455,Dodge,Automatic 3-spd,8.0,5.9
36538,Subcompact Cars,Regular,Front-Wheel Drive,13.1844,Mazda,Automatic 4-spd,4.0,1.6
36539,Subcompact Cars,Regular,Front-Wheel Drive,11.7717857142857,Mazda,Manual 5-spd,4.0,1.6
36540,Subcompact Cars,Regular,Front-Wheel Drive,16.4805,Mazda,Automatic 4-spd,6.0,1.9
36541,Subcompact Cars,Regular,Front-Wheel Drive,14.9822727272727,Mazda,Manual 5-spd,6.0,1.9
36542,Subcompact Cars,Premium,Rear-Wheel Drive,16.4805,Mercedes-Benz,Automatic 4-spd,4.0,2.3
36543,Subcompact Cars,Premium,Rear-Wheel Drive,15.6957142857143,Mercedes-Benz,Manual 5-spd,4.0,2.3
36544,Subcompact Cars,Premium,Rear-Wheel Drive,16.4805,Mercedes-Benz,Automatic 4-spd,6.0,2.6
36545,Subcompact Cars,Premium,Rear-Wheel Drive,16.4805,Mercedes-Benz,Manual 5-spd,6.0,2.6
36546,Subcompact Cars,Premium,Rear-Wheel Drive,19.3888235294118,Mercedes-Benz,Automatic 4-spd,6.0,3.0
36547,Subcompact Cars,Regular,Front-Wheel Drive,14.3308695652174,Mitsubishi,Automatic 4-spd,4.0,1.8
36548,Standard Pickup Trucks,Regular,4-Wheel or All-Wheel Drive,32.961,Dodge,Manual 4-spd,8.0,5.9
36549,Subcompact Cars,Regular,Front-Wheel Drive,13.73375,Mitsubishi,Manual 5-spd,4.0,1.8
36550,Subcompact Cars,Premium,Front-Wheel Drive,17.3478947368421,Mitsubishi,Automatic 4-spd,4.0,2.0
36551,Subcompact Cars,Premium,4-Wheel or All-Wheel Drive,18.3116666666667,Mitsubishi,Automatic 4-spd,4.0,2.0
36552,Subcompact Cars,Regular,Front-Wheel Drive,15.6957142857143,Mitsubishi,Automatic 4-spd,4.0,2.0
36553,Subcompact Cars,Premium,4-Wheel or All-Wheel Drive,16.4805,Mitsubishi,Manual 5-spd,4.0,2.0
36554,Subcompact Cars,Regular,Front-Wheel Drive,14.9822727272727,Mitsubishi,Manual 5-spd,4.0,2.0
36555,Subcompact Cars,Premium,Front-Wheel Drive,15.6957142857143,Mitsubishi,Manual 5-spd,4.0,2.0
36556,Subcompact Cars,Regular,Front-Wheel Drive,12.6773076923077,Mitsubishi,Automatic 3-spd,4.0,1.5
36557,Subcompact Cars,Regular,Front-Wheel Drive,13.1844,Mitsubishi,Automatic 4-spd,4.0,1.5
36558,Subcompact Cars,Regular,Front-Wheel Drive,11.3658620689655,Mitsubishi,Manual 4-spd,4.0,1.5
36559,Standard Pickup Trucks,Regular,4-Wheel or All-Wheel Drive,27.4675,Dodge,Automatic 3-spd,8.0,5.2
36560,Subcompact Cars,Regular,Front-Wheel Drive,11.7717857142857,Mitsubishi,Manual 5-spd,4.0,1.5
36561,Subcompact Cars,Regular,Front-Wheel Drive,14.9822727272727,Mitsubishi,Automatic 4-spd,4.0,1.6
36562,Subcompact Cars,Regular,Front-Wheel Drive,14.3308695652174,Mitsubishi,Manual 5-spd,4.0,1.6
36563,Subcompact Cars,Premium,Front-Wheel Drive,18.3116666666667,Mitsubishi,Automatic 4-spd,6.0,3.0
36564,Subcompact Cars,Premium,4-Wheel or All-Wheel Drive,18.3116666666667,Mitsubishi,Manual 5-spd,6.0,3.0
36565,Subcompact Cars,Premium,Front-Wheel Drive,17.3478947368421,Mitsubishi,Manual 5-spd,6.0,3.0
36566,Subcompact Cars,Regular,Front-Wheel Drive,12.6773076923077,Plymouth,Automatic 3-spd,4.0,1.5
36567,Subcompact Cars,Regular,Front-Wheel Drive,11.3658620689655,Plymouth,Manual 4-spd,4.0,1.5
36568,Subcompact Cars,Regular,Front-Wheel Drive,11.7717857142857,Plymouth,Manual 5-spd,4.0,1.5
36569,Subcompact Cars,Regular,Front-Wheel Drive,14.3308695652174,Plymouth,Automatic 4-spd,4.0,1.8
36570,Standard Pickup Trucks,Regular,4-Wheel or All-Wheel Drive,27.4675,Dodge,Automatic 3-spd,8.0,5.2
36571,Subcompact Cars,Regular,Front-Wheel Drive,13.73375,Plymouth,Manual 5-spd,4.0,1.8
36572,Subcompact Cars,Premium,Front-Wheel Drive,17.3478947368421,Plymouth,Automatic 4-spd,4.0,2.0
36573,Subcompact Cars,Regular,Front-Wheel Drive,15.6957142857143,Plymouth,Automatic 4-spd,4.0,2.0
36574,Subcompact Cars,Premium,Front-Wheel Drive,15.6957142857143,Plymouth,Manual 5-spd,4.0,2.0
36575,Subcompact Cars,Premium,4-Wheel or All-Wheel Drive,16.4805,Plymouth,Manual 5-spd,4.0,2.0
36576,Subcompact Cars,Regular,Front-Wheel Drive,14.9822727272727,Plymouth,Manual 5-spd,4.0,2.0
36577,Subcompact Cars,Regular,Rear-Wheel Drive,17.3478947368421,Pontiac,Automatic 4-spd,6.0,3.1
36578,Subcompact Cars,Regular,Rear-Wheel Drive,18.3116666666667,Pontiac,Manual 5-spd,6.0,3.1
36579,Subcompact Cars,Premium,Rear-Wheel Drive,18.3116666666667,Pontiac,Automatic 4-spd,8.0,5.0
36580,Subcompact Cars,Regular,Rear-Wheel Drive,18.3116666666667,Pontiac,Automatic 4-spd,8.0,5.0
36581,Standard Pickup Trucks,Regular,4-Wheel or All-Wheel Drive,29.9645454545455,Dodge,Manual 4-spd,8.0,5.2
36582,Subcompact Cars,Premium,Rear-Wheel Drive,18.3116666666667,Pontiac,Manual 5-spd,8.0,5.0
36583,Subcompact Cars,Regular,Rear-Wheel Drive,18.3116666666667,Pontiac,Manual 5-spd,8.0,5.0
36584,Subcompact Cars,Premium,Rear-Wheel Drive,18.3116666666667,Pontiac,Automatic 4-spd,8.0,5.7
36585,Subcompact Cars,Regular,Front-Wheel Drive,9.98818181818182,Pontiac,Automatic 3-spd,3.0,1.0
36586,Subcompact Cars,Regular,Front-Wheel Drive,8.24025,Pontiac,Manual 5-spd,3.0,1.0
36587,Subcompact Cars,Regular,Front-Wheel Drive,14.3308695652174,Pontiac,Automatic 3-spd,4.0,2.0
36588,Subcompact Cars,Regular,Front-Wheel Drive,12.6773076923077,Pontiac,Manual 5-spd,4.0,2.0
36589,Subcompact Cars,Regular,Front-Wheel Drive,15.6957142857143,Pontiac,Automatic 3-spd,6.0,3.1
36590,Subcompact Cars,Regular,Front-Wheel Drive,16.4805,Pontiac,Manual 5-spd,6.0,3.1
36591,Subcompact Cars,Premium,Rear-Wheel Drive,29.9645454545455,Rolls-Royce,Automatic 4-spd,8.0,6.8
36592,Standard Pickup Trucks,Regular,4-Wheel or All-Wheel Drive,29.9645454545455,Dodge,Automatic 3-spd,8.0,5.9
36593,Subcompact Cars,Premium,Rear-Wheel Drive,29.9645454545455,Rolls-Royce,Automatic 4-spd,8.0,6.8
36594,Subcompact Cars,Regular,Front-Wheel Drive,19.3888235294118,Saab,Automatic 3-spd,4.0,2.0
36595,Subcompact Cars,Regular,Front-Wheel Drive,16.4805,Saab,Manual 5-spd,4.0,2.0
36596,Subcompact Cars,Regular,Front-Wheel Drive,18.3116666666667,Saab,Automatic 3-spd,4.0,2.1
36597,Subcompact Cars,Regular,Front-Wheel Drive,16.4805,Saab,Manual 5-spd,4.0,2.1
36598,Subcompact Cars,Regular,Front-Wheel Drive,13.73375,Saturn,Automatic 4-spd,4.0,1.9
36599,Subcompact Cars,Regular,Front-Wheel Drive,13.1844,Saturn,Manual 5-spd,4.0,1.9
36600,Subcompact Cars,Regular,Front-Wheel Drive,10.987,Subaru,Manual 5-spd,3.0,1.2
36601,Subcompact Cars,Regular,Front-Wheel Drive,10.987,Subaru,Automatic (variable gear ratios),3.0,1.2
36602,Subcompact Cars,Regular,Front-Wheel Drive,10.987,Subaru,Manual 5-spd,3.0,1.2
36603,Subcompact Cars,Regular,Front-Wheel Drive,13.1844,Nissan,Automatic 3-spd,4.0,1.6
36604,Standard Pickup Trucks,Regular,4-Wheel or All-Wheel Drive,32.961,Dodge,Manual 4-spd,8.0,5.9
36605,Subcompact Cars,Regular,4-Wheel or All-Wheel Drive,12.2077777777778,Subaru,Automatic (variable gear ratios),3.0,1.2
36606,Subcompact Cars,Regular,4-Wheel or All-Wheel Drive,12.6773076923077,Subaru,Manual 5-spd,3.0,1.2
36607,Subcompact Cars,Premium,4-Wheel or All-Wheel Drive,18.3116666666667,Subaru,Automatic 4-spd,6.0,3.3
36608,Subcompact Cars,Regular,Front-Wheel Drive,9.98818181818182,Suzuki,Automatic 3-spd,3.0,1.0
36609,Subcompact Cars,Regular,Front-Wheel Drive,8.24025,Suzuki,Manual 5-spd,3.0,1.0
36610,Subcompact Cars,Regular,Front-Wheel Drive,12.2077777777778,Suzuki,Automatic 3-spd,4.0,1.3
36611,Subcompact Cars,Regular,Front-Wheel Drive,9.41742857142857,Suzuki,Manual 5-spd,4.0,1.3
36612,Subcompact Cars,Regular,Front-Wheel Drive,12.2077777777778,Suzuki,Manual 5-spd,4.0,1.3
36613,Subcompact Cars,Regular,Front-Wheel Drive,13.73375,Toyota,Automatic 4-spd,4.0,1.6
36614,Subcompact Cars,Regular,Front-Wheel Drive,13.1844,Toyota,Manual 5-spd,4.0,1.6
36615,Standard Pickup Trucks,Regular,4-Wheel or All-Wheel Drive,25.3546153846154,Ford,Automatic 3-spd,6.0,4.9
36616,Subcompact Cars,Premium,4-Wheel or All-Wheel Drive,17.3478947368421,Toyota,Manual 5-spd,4.0,2.0
36617,Subcompact Cars,Regular,Front-Wheel Drive,15.6957142857143,Toyota,Automatic 4-spd,4.0,2.2
36618,Subcompact Cars,Regular,Front-Wheel Drive,14.9822727272727,Toyota,Manual 5-spd,4.0,2.2
36619,Subcompact Cars,Regular,Front-Wheel Drive,14.9822727272727,Toyota,Manual 5-spd,4.0,2.2
36620,Subcompact Cars,Regular,Front-Wheel Drive,13.73375,Toyota,Automatic 3-spd,4.0,1.6
36621,Subcompact Cars,Regular,Front-Wheel Drive,13.1844,Toyota,Automatic 4-spd,4.0,1.6
36622,Subcompact Cars,Regular,Front-Wheel Drive,12.2077777777778,Toyota,Manual 5-spd,4.0,1.6
36623,Subcompact Cars,Premium,Rear-Wheel Drive,18.3116666666667,Toyota,Automatic 4-spd,6.0,3.0
36624,Subcompact Cars,Premium,Rear-Wheel Drive,18.3116666666667,Toyota,Automatic 4-spd,6.0,3.0
36625,Subcompact Cars,Premium,Rear-Wheel Drive,18.3116666666667,Toyota,Manual 5-spd,6.0,3.0
36626,Standard Pickup Trucks,Regular,4-Wheel or All-Wheel Drive,20.600625,Ford,Manual 4-spd,6.0,4.9
36627,Subcompact Cars,Premium,Rear-Wheel Drive,18.3116666666667,Toyota,Manual 5-spd,6.0,3.0
36628,Subcompact Cars,Regular,Front-Wheel Drive,13.73375,Toyota,Automatic 3-spd,4.0,1.5
36629,Subcompact Cars,Regular,Front-Wheel Drive,10.987,Toyota,Manual 4-spd,4.0,1.5
36630,Subcompact Cars,Regular,Front-Wheel Drive,11.7717857142857,Toyota,Manual 5-spd,4.0,1.5
36631,Subcompact Cars,Regular,Front-Wheel Drive,16.4805,Volkswagen,Automatic 4-spd,4.0,1.8
36632,Subcompact Cars,Regular,Front-Wheel Drive,15.6957142857143,Volkswagen,Manual 5-spd,4.0,1.8
36633,Subcompact Cars,Regular,Front-Wheel Drive,19.3888235294118,Volkswagen,Automatic 4-spd,6.0,2.8
36634,Subcompact Cars,Regular,Front-Wheel Drive,17.3478947368421,Volkswagen,Manual 5-spd,6.0,2.8
36635,Subcompact Cars,Regular,Front-Wheel Drive,13.1844,Volkswagen,Manual 4-spd,4.0,1.8
36636,Subcompact Cars,Regular,Front-Wheel Drive,13.1844,Volkswagen,Manual 5-spd,4.0,1.8
36637,Standard Pickup Trucks,Regular,4-Wheel or All-Wheel Drive,20.600625,Ford,Manual 4-spd,6.0,4.9
36638,Subcompact Cars,Premium,Rear-Wheel Drive,21.974,Wallace Environmental,Automatic 4-spd,6.0,2.9
36639,Compact Cars,Premium,Front-Wheel Drive,17.3478947368421,Acura,Automatic 4-spd,6.0,3.2
36640,Compact Cars,Premium,Front-Wheel Drive,17.3478947368421,Acura,Manual 5-spd,6.0,3.2
36641,Compact Cars,Premium,Front-Wheel Drive,16.4805,Acura,Automatic 4-spd,5.0,2.5
36642,Compact Cars,Premium,Front-Wheel Drive,16.4805,Acura,Manual 5-spd,5.0,2.5
36643,Compact Cars,Premium,Front-Wheel Drive,18.3116666666667,Alfa Romeo,Automatic 4-spd,6.0,3.0
36644,Compact Cars,Premium,Front-Wheel Drive,17.3478947368421,Alfa Romeo,Manual 5-spd,6.0,3.0
36645,Compact Cars,Premium,Front-Wheel Drive,18.3116666666667,Alfa Romeo,Manual 5-spd,6.0,3.0
36646,Compact Cars,Premium,Rear-Wheel Drive,23.5435714285714,BMW,Manual 5-spd,6.0,3.5
36647,Compact Cars,Regular,Rear-Wheel Drive,19.3888235294118,BMW,Automatic 4-spd,6.0,3.4
36648,Standard Pickup Trucks,Regular,4-Wheel or All-Wheel Drive,23.5435714285714,Ford,Automatic 4-spd,8.0,5.0
36649,Compact Cars,Regular,Rear-Wheel Drive,20.600625,BMW,Manual 5-spd,6.0,3.4
36650,Compact Cars,Regular,Front-Wheel Drive,14.3308695652174,Buick,Automatic 3-spd,4.0,2.3
36651,Compact Cars,Regular,Front-Wheel Drive,16.4805,Buick,Automatic 3-spd,6.0,3.3
36652,Compact Cars,Regular,Front-Wheel Drive,13.73375,Chevrolet,Automatic 3-spd,4.0,2.2
36653,Compact Cars,Regular,Front-Wheel Drive,13.1844,Chevrolet,Manual 5-spd,4.0,2.2
36654,Compact Cars,Premium,Front-Wheel Drive,14.9822727272727,Chevrolet,Manual 5-spd,4.0,2.3
36655,Compact Cars,Regular,Front-Wheel Drive,15.6957142857143,Chevrolet,Automatic 3-spd,6.0,3.1
36656,Compact Cars,Regular,Front-Wheel Drive,16.4805,Chevrolet,Manual 5-spd,6.0,3.1
36657,Compact Cars,Regular,Front-Wheel Drive,13.73375,Chevrolet,Automatic 3-spd,4.0,2.2
36658,Compact Cars,Regular,Front-Wheel Drive,13.1844,Chevrolet,Manual 5-spd,4.0,2.2
36659,Standard Pickup Trucks,Regular,4-Wheel or All-Wheel Drive,23.5435714285714,Ford,Manual 4-spd,8.0,5.0
36660,Compact Cars,Regular,Front-Wheel Drive,15.6957142857143,Chevrolet,Automatic 3-spd,6.0,3.1
36661,Compact Cars,Regular,Front-Wheel Drive,16.4805,Chevrolet,Manual 5-spd,6.0,3.1
36662,Compact Cars,Regular,Front-Wheel Drive,14.9822727272727,Chrysler,Automatic 3-spd,4.0,2.5
36663,Compact Cars,Premium,Front-Wheel Drive,16.4805,Chrysler,Automatic 3-spd,4.0,2.5
36664,Compact Cars,Premium,Front-Wheel Drive,15.6957142857143,Chrysler,Manual 5-spd,4.0,2.5
36665,Compact Cars,Regular,Front-Wheel Drive,16.4805,Chrysler,Automatic 3-spd,6.0,3.0
36666,Compact Cars,Regular,Front-Wheel Drive,16.4805,Chrysler,Automatic 4-spd,6.0,3.0
36667,Compact Cars,Regular,Front-Wheel Drive,15.6957142857143,Chrysler,Manual 5-spd,6.0,3.0
36668,Compact Cars,Regular,Front-Wheel Drive,15.6957142857143,Nissan,Automatic 4-spd,4.0,2.4
36669,Compact Cars,Regular,Front-Wheel Drive,14.9822727272727,Nissan,Manual 5-spd,4.0,2.4
36670,Standard Pickup Trucks,Regular,4-Wheel or All-Wheel Drive,25.3546153846154,Ford,Manual 4-spd,8.0,5.0
36671,Compact Cars,Regular,Front-Wheel Drive,14.3308695652174,Dodge,Automatic 3-spd,4.0,2.2
36672,Compact Cars,Regular,Front-Wheel Drive,13.1844,Dodge,Manual 5-spd,4.0,2.2
36673,Compact Cars,Regular,Front-Wheel Drive,14.9822727272727,Dodge,Automatic 3-spd,4.0,2.5
36674,Compact Cars,Premium,Front-Wheel Drive,16.4805,Dodge,Automatic 3-spd,4.0,2.5
36675,Compact Cars,Regular,Front-Wheel Drive,14.3308695652174,Dodge,Manual 5-spd,4.0,2.5
36676,Compact Cars,Premium,Front-Wheel Drive,16.4805,Dodge,Manual 5-spd,4.0,2.5
36677,Compact Cars,Regular,Front-Wheel Drive,15.6957142857143,Dodge,Automatic 4-spd,6.0,3.0
36678,Compact Cars,Regular,Front-Wheel Drive,15.6957142857143,Dodge,Manual 5-spd,6.0,3.0
36679,Compact Cars,Regular,Front-Wheel Drive,14.3308695652174,Ford,Automatic 4-spd,4.0,1.8
36680,Compact Cars,Regular,Front-Wheel Drive,13.1844,Ford,Manual 5-spd,4.0,1.8
36681,Standard Pickup Trucks,Regular,4-Wheel or All-Wheel Drive,27.4675,Ford,Manual 4-spd,8.0,5.8
36682,Compact Cars,Regular,Front-Wheel Drive,12.6773076923077,Ford,Automatic 4-spd,4.0,1.9
36683,Compact Cars,Regular,Front-Wheel Drive,11.3658620689655,Ford,Manual 5-spd,4.0,1.9
36684,Compact Cars,Regular,Front-Wheel Drive,10.987,Ford,Manual 5-spd,4.0,1.9
36685,Compact Cars,Regular,Front-Wheel Drive,15.6957142857143,Ford,Automatic 4-spd,4.0,2.2
36686,Compact Cars,Premium,Front-Wheel Drive,17.3478947368421,Ford,Automatic 4-spd,4.0,2.2
36687,Compact Cars,Regular,Front-Wheel Drive,13.73375,Ford,Manual 5-spd,4.0,2.2
36688,Compact Cars,Premium,Front-Wheel Drive,15.6957142857143,Ford,Manual 5-spd,4.0,2.2
36689,Compact Cars,Regular,Front-Wheel Drive,18.3116666666667,Ford,Automatic 4-spd,6.0,3.0
36690,Compact Cars,Regular,Front-Wheel Drive,17.3478947368421,Ford,Manual 5-spd,6.0,3.0
36691,Compact Cars,Regular,Front-Wheel Drive,16.4805,Ford,Automatic 3-spd,4.0,2.3
36692,Standard Pickup Trucks,Regular,4-Wheel or All-Wheel Drive,29.9645454545455,Ford,Manual 4-spd,8.0,5.8
36693,Compact Cars,Regular,Front-Wheel Drive,13.73375,Ford,Manual 5-spd,4.0,2.3
36694,Compact Cars,Regular,Front-Wheel Drive,17.3478947368421,Ford,Automatic 3-spd,6.0,3.0
36695,Compact Cars,Regular,Front-Wheel Drive,15.6957142857143,Ford,Manual 5-spd,6.0,3.0
36696,Compact Cars,Regular,Front-Wheel Drive,15.6957142857143,Ford,Automatic 3-spd,4.0,2.3
36697,Compact Cars,Regular,Front-Wheel Drive,14.9822727272727,Honda,Automatic 4-spd,4.0,2.2
36698,Compact Cars,Regular,Front-Wheel Drive,14.9822727272727,Honda,Automatic 4-spd,4.0,2.2
36699,Compact Cars,Regular,Front-Wheel Drive,13.73375,Honda,Manual 5-spd,4.0,2.2
36700,Compact Cars,Regular,Front-Wheel Drive,13.73375,Honda,Manual 5-spd,4.0,2.2
36701,Compact Cars,Regular,Front-Wheel Drive,14.9822727272727,Hyundai,Automatic 4-spd,4.0,1.6
36702,Compact Cars,Regular,Front-Wheel Drive,14.9822727272727,Hyundai,Manual 5-spd,4.0,1.6
36703,Standard Pickup Trucks,Regular,4-Wheel or All-Wheel Drive,29.9645454545455,Ford,Automatic 3-spd,8.0,5.8
36704,Compact Cars,Regular,Front-Wheel Drive,12.6773076923077,Mitsubishi,Automatic 4-spd,4.0,1.5
36705,Compact Cars,Regular,Front-Wheel Drive,12.2077777777778,Mitsubishi,Manual 4-spd,4.0,1.5
36706,Compact Cars,Regular,Front-Wheel Drive,11.7717857142857,Mitsubishi,Manual 5-spd,4.0,1.5
36707,Compact Cars,Regular,Front-Wheel Drive,12.6773076923077,Isuzu,Automatic 3-spd,4.0,1.6
36708,Compact Cars,Regular,Front-Wheel Drive,11.3658620689655,Isuzu,Manual 5-spd,4.0,1.6
36709,Compact Cars,Regular,Front-Wheel Drive,13.73375,Isuzu,Manual 5-spd,4.0,1.8
36710,Compact Cars,Premium,Rear-Wheel Drive,29.9645454545455,Mercedes-Benz,Automatic 4-spd,8.0,5.6
36711,Compact Cars,Premium,Rear-Wheel Drive,29.9645454545455,Mercedes-Benz,Automatic 4-spd,8.0,5.6
36712,Compact Cars,Regular,Front-Wheel Drive,14.9822727272727,Infiniti,Automatic 4-spd,4.0,2.0
36713,Compact Cars,Regular,Front-Wheel Drive,13.73375,Infiniti,Manual 5-spd,4.0,2.0
36714,Subcompact Cars,Regular,Front-Wheel Drive,11.3658620689655,Nissan,Manual 5-spd,4.0,1.6
36715,Standard Pickup Trucks,Regular,4-Wheel or All-Wheel Drive,25.3546153846154,Ford,Automatic 3-spd,6.0,4.9
36716,Compact Cars,Regular,Rear-Wheel Drive,21.974,Import Trade Services,Automatic 4-spd,6.0,2.5
36717,Compact Cars,Premium,Rear-Wheel Drive,19.3888235294118,Jaguar,Automatic 4-spd,6.0,4.0
36718,Compact Cars,Regular,Front-Wheel Drive,18.3116666666667,Lexus,Automatic 4-spd,6.0,3.0
36719,Compact Cars,Regular,Front-Wheel Drive,17.3478947368421,Lexus,Manual 5-spd,6.0,3.0
36720,Compact Cars,Regular,Front-Wheel Drive,16.4805,Mercury,Automatic 3-spd,4.0,2.3
36721,Compact Cars,Regular,Front-Wheel Drive,13.73375,Mercury,Manual 5-spd,4.0,2.3
36722,Compact Cars,Regular,Front-Wheel Drive,17.3478947368421,Mercury,Automatic 3-spd,6.0,3.0
36723,Compact Cars,Regular,Front-Wheel Drive,15.6957142857143,Mercury,Manual 5-spd,6.0,3.0
36724,Compact Cars,Regular,Front-Wheel Drive,14.3308695652174,Mercury,Automatic 4-spd,4.0,1.8
36725,Compact Cars,Regular,Front-Wheel Drive,13.1844,Mercury,Manual 5-spd,4.0,1.8
36726,Standard Pickup Trucks,Regular,4-Wheel or All-Wheel Drive,20.600625,Ford,Manual 4-spd,6.0,4.9
36727,Compact Cars,Regular,Front-Wheel Drive,12.6773076923077,Mercury,Automatic 4-spd,4.0,1.9
36728,Compact Cars,Regular,Front-Wheel Drive,11.3658620689655,Mercury,Manual 5-spd,4.0,1.9
36729,Compact Cars,Regular,Front-Wheel Drive,13.73375,Mazda,Automatic 4-spd,4.0,1.8
36730,Compact Cars,Regular,Front-Wheel Drive,14.3308695652174,Mazda,Automatic 4-spd,4.0,1.8
36731,Compact Cars,Regular,Front-Wheel Drive,12.2077777777778,Mazda,Manual 5-spd,4.0,1.8
36732,Compact Cars,Regular,Front-Wheel Drive,13.73375,Mazda,Manual 5-spd,4.0,1.8
36733,Compact Cars,Regular,Front-Wheel Drive,13.1844,Mazda,Automatic 4-spd,4.0,1.6
36734,Compact Cars,Regular,Front-Wheel Drive,11.7717857142857,Mazda,Manual 5-spd,4.0,1.6
36735,Compact Cars,Diesel,Rear-Wheel Drive,15.2874,Mercedes-Benz,Automatic 4-spd,5.0,2.5
36736,Compact Cars,Premium,Rear-Wheel Drive,18.3116666666667,Mercedes-Benz,Automatic 4-spd,6.0,3.0
36737,Standard Pickup Trucks,Regular,4-Wheel or All-Wheel Drive,23.5435714285714,Ford,Automatic 4-spd,8.0,5.0
36738,Compact Cars,Premium,Rear-Wheel Drive,16.4805,Mercedes-Benz,Automatic 4-spd,6.0,2.6
36739,Compact Cars,Premium,4-Wheel or All-Wheel Drive,20.600625,Mercedes-Benz,Automatic 4-spd,6.0,3.0
36740,Compact Cars,Premium,Rear-Wheel Drive,20.600625,Mercedes-Benz,Automatic 4-spd,8.0,4.2
36741,Compact Cars,Premium,Rear-Wheel Drive,23.5435714285714,Mercedes-Benz,Automatic 4-spd,8.0,5.0
36742,Compact Cars,Premium,Front-Wheel Drive,18.3116666666667,Mitsubishi,Automatic 4-spd,6.0,3.0
36743,Compact Cars,Premium,Front-Wheel Drive,17.3478947368421,Mitsubishi,Automatic 4-spd,6.0,3.0
36744,Compact Cars,Regular,Front-Wheel Drive,15.6957142857143,Mitsubishi,Automatic 4-spd,4.0,2.0
36745,Compact Cars,Regular,Front-Wheel Drive,15.6957142857143,Mitsubishi,Automatic 4-spd,4.0,2.0
36746,Compact Cars,Regular,4-Wheel or All-Wheel Drive,17.3478947368421,Mitsubishi,Automatic 4-spd,4.0,2.0
36747,Compact Cars,Premium,4-Wheel or All-Wheel Drive,17.3478947368421,Mitsubishi,Manual 5-spd,4.0,2.0
36748,Standard Pickup Trucks,Regular,4-Wheel or All-Wheel Drive,25.3546153846154,Ford,Manual 4-spd,8.0,5.0
36749,Compact Cars,Regular,Front-Wheel Drive,14.3308695652174,Mitsubishi,Manual 5-spd,4.0,2.0
36750,Compact Cars,Regular,Front-Wheel Drive,16.4805,Mitsubishi,Manual 5-spd,4.0,2.0
36751,Compact Cars,Regular,4-Wheel or All-Wheel Drive,16.4805,Mitsubishi,Manual 5-spd,4.0,2.0
36752,Compact Cars,Regular,Front-Wheel Drive,14.9822727272727,Oldsmobile,Automatic 3-spd,4.0,2.3
36753,Compact Cars,Regular,Front-Wheel Drive,14.3308695652174,Oldsmobile,Automatic 3-spd,4.0,2.3
36754,Compact Cars,Premium,Front-Wheel Drive,14.9822727272727,Oldsmobile,Manual 5-spd,4.0,2.3
36755,Compact Cars,Regular,Front-Wheel Drive,12.6773076923077,Oldsmobile,Manual 5-spd,4.0,2.3
36756,Compact Cars,Premium,Front-Wheel Drive,16.4805,Oldsmobile,Manual 5-spd,4.0,2.3
36757,Compact Cars,Regular,Front-Wheel Drive,16.4805,Oldsmobile,Automatic 3-spd,6.0,3.3
36758,Compact Cars,Regular,Front-Wheel Drive,16.4805,Peugeot,Automatic 4-spd,4.0,1.9
36759,Standard Pickup Trucks,Regular,4-Wheel or All-Wheel Drive,32.961,Ford,Manual 4-spd,8.0,5.8
36760,Compact Cars,Premium,Front-Wheel Drive,15.6957142857143,Peugeot,Manual 5-spd,4.0,1.9
36761,Compact Cars,Regular,Front-Wheel Drive,15.6957142857143,Peugeot,Manual 5-spd,4.0,1.9
36762,Compact Cars,Regular,Front-Wheel Drive,14.3308695652174,Plymouth,Automatic 3-spd,4.0,2.2
36763,Compact Cars,Regular,Front-Wheel Drive,13.1844,Plymouth,Manual 5-spd,4.0,2.2
36764,Compact Cars,Regular,Front-Wheel Drive,14.9822727272727,Plymouth,Automatic 3-spd,4.0,2.5
36765,Compact Cars,Premium,Front-Wheel Drive,16.4805,Plymouth,Automatic 3-spd,4.0,2.5
36766,Compact Cars,Regular,Front-Wheel Drive,14.3308695652174,Plymouth,Manual 5-spd,4.0,2.5
36767,Compact Cars,Premium,Front-Wheel Drive,16.4805,Plymouth,Manual 5-spd,4.0,2.5
36768,Compact Cars,Regular,Front-Wheel Drive,15.6957142857143,Plymouth,Automatic 4-spd,6.0,3.0
36769,Compact Cars,Regular,Front-Wheel Drive,15.6957142857143,Plymouth,Manual 5-spd,6.0,3.0
36770,Standard Pickup Trucks,Regular,4-Wheel or All-Wheel Drive,29.9645454545455,Ford,Automatic 3-spd,8.0,5.8
36771,Compact Cars,Regular,Front-Wheel Drive,14.9822727272727,Pontiac,Automatic 3-spd,4.0,2.3
36772,Compact Cars,Regular,Front-Wheel Drive,14.3308695652174,Pontiac,Automatic 3-spd,4.0,2.3
36773,Compact Cars,Regular,Front-Wheel Drive,12.6773076923077,Pontiac,Manual 5-spd,4.0,2.3
36774,Compact Cars,Premium,Front-Wheel Drive,14.9822727272727,Pontiac,Manual 5-spd,4.0,2.3
36775,Compact Cars,Regular,Front-Wheel Drive,16.4805,Pontiac,Automatic 3-spd,6.0,3.3
36776,Compact Cars,Regular,Front-Wheel Drive,13.1844,Pontiac,Automatic 3-spd,4.0,1.6
36777,Compact Cars,Regular,Front-Wheel Drive,11.7717857142857,Pontiac,Manual 4-spd,4.0,1.6
36778,Compact Cars,Regular,Front-Wheel Drive,10.987,Pontiac,Manual 5-spd,4.0,1.6
36779,Compact Cars,Regular,Front-Wheel Drive,17.3478947368421,Saab,Automatic 3-spd,4.0,2.0
36780,Compact Cars,Regular,Front-Wheel Drive,15.6957142857143,Saab,Manual 5-spd,4.0,2.0
36781,Standard Pickup Trucks,Regular,4-Wheel or All-Wheel Drive,20.600625,GMC,Automatic 4-spd,6.0,4.3
36782,Compact Cars,Regular,Front-Wheel Drive,17.3478947368421,Saab,Automatic 3-spd,4.0,2.1
36783,Compact Cars,Regular,Front-Wheel Drive,16.4805,Saab,Manual 5-spd,4.0,2.1
36784,Compact Cars,Regular,Front-Wheel Drive,12.6773076923077,Saturn,Automatic 4-spd,4.0,1.9
36785,Compact Cars,Regular,Front-Wheel Drive,13.73375,Saturn,Automatic 4-spd,4.0,1.9
36786,Compact Cars,Regular,Front-Wheel Drive,11.7717857142857,Saturn,Manual 5-spd,4.0,1.9
36787,Compact Cars,Regular,Front-Wheel Drive,13.1844,Saturn,Manual 5-spd,4.0,1.9
36788,Compact Cars,Regular,Front-Wheel Drive,14.9822727272727,Subaru,Automatic 4-spd,4.0,2.2
36789,Compact Cars,Regular,Front-Wheel Drive,14.3308695652174,Subaru,Manual 5-spd,4.0,2.2
36790,Compact Cars,Regular,4-Wheel or All-Wheel Drive,16.4805,Subaru,Automatic 4-spd,4.0,2.2
36791,Compact Cars,Regular,4-Wheel or All-Wheel Drive,16.4805,Subaru,Manual 5-spd,4.0,2.2
36792,Standard Pickup Trucks,Regular,4-Wheel or All-Wheel Drive,21.974,GMC,Manual 4-spd,6.0,4.3
36793,Compact Cars,Premium,4-Wheel or All-Wheel Drive,18.3116666666667,Subaru,Automatic 4-spd,4.0,2.2
36794,Compact Cars,Premium,4-Wheel or All-Wheel Drive,17.3478947368421,Subaru,Manual 5-spd,4.0,2.2
36795,Compact Cars,Regular,Front-Wheel Drive,14.9822727272727,Subaru,Automatic 3-spd,4.0,1.8
36796,Compact Cars,Regular,Front-Wheel Drive,13.1844,Subaru,Manual 5-spd,4.0,1.8
36797,Compact Cars,Premium,Rear-Wheel Drive,17.3478947368421,Toyota,Automatic 4-spd,6.0,3.0
36798,Compact Cars,Regular,Front-Wheel Drive,14.3308695652174,Volkswagen,Automatic 3-spd,4.0,1.8
36799,Compact Cars,Regular,Front-Wheel Drive,13.1844,Volkswagen,Manual 5-spd,4.0,1.8
36800,Compact Cars,Regular,Front-Wheel Drive,15.6957142857143,Volkswagen,Manual 5-spd,4.0,2.0
36801,Compact Cars,Diesel,Front-Wheel Drive,11.5813636363636,Volkswagen,Manual 5-spd,4.0,1.6
36802,Compact Cars,Regular,Front-Wheel Drive,14.3308695652174,Volkswagen,Automatic 3-spd,4.0,1.8
36803,Standard Pickup Trucks,Regular,4-Wheel or All-Wheel Drive,21.974,GMC,Manual 4-spd,6.0,4.3
36804,Compact Cars,Regular,Front-Wheel Drive,13.1844,Volkswagen,Manual 5-spd,4.0,1.8
36805,Compact Cars,Regular,Front-Wheel Drive,15.6957142857143,Volkswagen,Manual 5-spd,4.0,2.0
36806,Compact Cars,Regular,Rear-Wheel Drive,16.4805,Volvo,Automatic 4-spd,4.0,2.3
36807,Compact Cars,Regular,Rear-Wheel Drive,15.6957142857143,Volvo,Manual 5-spd,4.0,2.3
36808,Compact Cars,Premium,Rear-Wheel Drive,21.974,Wallace Environmental,Automatic 4-spd,6.0,2.9
36809,Midsize Cars,Premium,4-Wheel or All-Wheel Drive,18.3116666666667,Audi,Manual 5-spd,5.0,2.2
36810,Midsize Cars,Premium,4-Wheel or All-Wheel Drive,21.974,Audi,Automatic 4-spd,8.0,4.2
36811,Midsize Cars,Premium,Front-Wheel Drive,18.3116666666667,Audi,Automatic 4-spd,6.0,2.8
36812,Midsize Cars,Premium,Front-Wheel Drive,17.3478947368421,Audi,Automatic 4-spd,6.0,2.8
36813,Midsize Cars,Premium,Front-Wheel Drive,17.3478947368421,Audi,Manual 5-spd,6.0,2.8
36814,Standard Pickup Trucks,Regular,4-Wheel or All-Wheel Drive,25.3546153846154,GMC,Automatic 4-spd,8.0,5.0
36815,Midsize Cars,Premium,4-Wheel or All-Wheel Drive,19.3888235294118,Audi,Automatic 4-spd,6.0,2.8
36816,Midsize Cars,Premium,4-Wheel or All-Wheel Drive,18.3116666666667,Audi,Manual 5-spd,6.0,2.8
36817,Midsize Cars,Regular,Rear-Wheel Drive,20.600625,BMW,Automatic 4-spd,6.0,3.4
36818,Midsize Cars,Regular,Rear-Wheel Drive,20.600625,BMW,Automatic 4-spd,6.0,3.4
36819,Midsize Cars,Regular,Rear-Wheel Drive,25.3546153846154,BMW,Automatic 4-spd,12.0,5.0
36820,Midsize Cars,Regular,Front-Wheel Drive,14.9822727272727,Buick,Automatic 3-spd,4.0,2.5
36821,Midsize Cars,Regular,Front-Wheel Drive,17.3478947368421,Buick,Automatic 3-spd,6.0,3.3
36822,Midsize Cars,Regular,Front-Wheel Drive,16.4805,Buick,Automatic 4-spd,6.0,3.3
36823,Midsize Cars,Regular,Front-Wheel Drive,16.4805,Buick,Automatic 3-spd,6.0,3.1
36824,Midsize Cars,Regular,Front-Wheel Drive,16.4805,Buick,Automatic 4-spd,6.0,3.1
36825,Two Seaters,Regular,Rear-Wheel Drive,18.3116666666667,Nissan,Manual 5-spd,6.0,3.0
36826,Subcompact Cars,Diesel,Front-Wheel Drive,9.554625,Nissan,Manual 4-spd,4.0,1.7
36827,Standard Pickup Trucks,Regular,4-Wheel or All-Wheel Drive,27.4675,GMC,Manual 4-spd,8.0,5.0
36828,Midsize Cars,Regular,Front-Wheel Drive,17.3478947368421,Buick,Automatic 4-spd,6.0,3.8
36829,Midsize Cars,Regular,Front-Wheel Drive,17.3478947368421,Buick,Automatic 4-spd,6.0,3.8
36830,Midsize Cars,Premium,Front-Wheel Drive,18.3116666666667,Cadillac,Automatic 4-spd,8.0,4.9
36831,Midsize Cars,Premium,Front-Wheel Drive,18.3116666666667,Cadillac,Automatic 4-spd,8.0,4.9
36832,Midsize Cars,Regular,Rear-Wheel Drive,25.3546153846154,BMW,Manual 5-spd,6.0,3.4
36833,Midsize Cars,Regular,Front-Wheel Drive,15.6957142857143,Chevrolet,Automatic 3-spd,4.0,2.5
36834,Midsize Cars,Regular,Front-Wheel Drive,16.4805,Chevrolet,Automatic 3-spd,6.0,3.1
36835,Midsize Cars,Regular,Front-Wheel Drive,16.4805,Chevrolet,Automatic 4-spd,6.0,3.1
36836,Midsize Cars,Regular,Front-Wheel Drive,18.3116666666667,Chevrolet,Automatic 4-spd,6.0,3.4
36837,Midsize Cars,Regular,Front-Wheel Drive,18.3116666666667,Chevrolet,Manual 5-spd,6.0,3.4
36838,Standard Pickup Trucks,Regular,4-Wheel or All-Wheel Drive,23.5435714285714,GMC,Manual 4-spd,8.0,5.0
36839,Midsize Cars,Regular,Front-Wheel Drive,17.3478947368421,Chrysler,Automatic 4-spd,6.0,3.3
36840,Midsize Cars,Premium,Front-Wheel Drive,21.974,CX Automotive,Automatic 4-spd,6.0,3.0
36841,Midsize Cars,Premium,Front-Wheel Drive,20.600625,CX Automotive,Manual 5-spd,6.0,3.0
36842,Midsize Cars,Premium,Front-Wheel Drive,17.3478947368421,Nissan,Automatic 4-spd,6.0,3.0
36843,Midsize Cars,Premium,Front-Wheel Drive,17.3478947368421,Nissan,Automatic 4-spd,6.0,3.0
36844,Midsize Cars,Premium,Front-Wheel Drive,16.4805,Nissan,Manual 5-spd,6.0,3.0
36845,Midsize Cars,Regular,Front-Wheel Drive,14.9822727272727,Dodge,Automatic 3-spd,4.0,2.5
36846,Midsize Cars,Regular,Front-Wheel Drive,16.4805,Dodge,Automatic 4-spd,6.0,3.0
36847,Midsize Cars,Regular,Front-Wheel Drive,17.3478947368421,Dodge,Automatic 4-spd,6.0,3.3
36848,Midsize Cars,Premium,Front-Wheel Drive,17.3478947368421,Dodge,Manual 5-spd,4.0,2.2
36849,Standard Pickup Trucks,Diesel,4-Wheel or All-Wheel Drive,22.4814705882353,GMC,Automatic 4-spd,8.0,6.2
36850,Midsize Cars,Regular,Front-Wheel Drive,14.9822727272727,Dodge,Automatic 3-spd,4.0,2.5
36851,Midsize Cars,Premium,Front-Wheel Drive,17.3478947368421,Dodge,Automatic 3-spd,4.0,2.5
36852,Midsize Cars,Regular,Front-Wheel Drive,14.3308695652174,Dodge,Manual 5-spd,4.0,2.5
36853,Midsize Cars,Premium,Front-Wheel Drive,15.6957142857143,Dodge,Manual 5-spd,4.0,2.5
36854,Midsize Cars,Regular,Front-Wheel Drive,16.4805,Dodge,Automatic 3-spd,6.0,3.0
36855,Midsize Cars,Regular,Front-Wheel Drive,16.4805,Dodge,Automatic 4-spd,6.0,3.0
36856,Midsize Cars,Regular,Front-Wheel Drive,15.6957142857143,Ford,Automatic 4-spd,6.0,3.0
36857,Midsize Cars,Premium,Front-Wheel Drive,17.3478947368421,Ford,Manual 5-spd,6.0,3.0
36858,Midsize Cars,Regular,Front-Wheel Drive,17.3478947368421,Ford,Automatic 4-spd,6.0,3.8
36859,Midsize Cars,Regular,Rear-Wheel Drive,16.4805,Ford,Automatic 4-spd,6.0,3.8
36860,Standard Pickup Trucks,Diesel,4-Wheel or All-Wheel Drive,22.4814705882353,GMC,Manual 4-spd,8.0,6.2
36861,Midsize Cars,Premium,Rear-Wheel Drive,19.3888235294118,Ford,Automatic 4-spd,6.0,3.8
36862,Midsize Cars,Premium,Rear-Wheel Drive,18.3116666666667,Ford,Manual 5-spd,6.0,3.8
36863,Midsize Cars,Regular,Rear-Wheel Drive,18.3116666666667,Ford,Automatic 4-spd,8.0,5.0
36864,Midsize Cars,Regular,Front-Wheel Drive,16.4805,Hyundai,Automatic 4-spd,4.0,2.0
36865,Midsize Cars,Regular,Front-Wheel Drive,16.4805,Hyundai,Manual 5-spd,4.0,2.0
36866,Midsize Cars,Regular,Front-Wheel Drive,18.3116666666667,Hyundai,Automatic 4-spd,6.0,3.0
36867,Midsize Cars,Premium,Rear-Wheel Drive,29.9645454545455,Mercedes-Benz,Automatic 4-spd,8.0,5.6
36868,Midsize Cars,Premium,Rear-Wheel Drive,29.9645454545455,Mercedes-Benz,Automatic 4-spd,8.0,5.6
36869,Midsize Cars,Premium,Rear-Wheel Drive,29.9645454545455,Mercedes-Benz,Automatic 4-spd,8.0,5.6
36870,Midsize Cars,Premium,Rear-Wheel Drive,29.9645454545455,Mercedes-Benz,Automatic 4-spd,8.0,5.6
36871,Standard Pickup Trucks,Diesel,4-Wheel or All-Wheel Drive,22.4814705882353,GMC,Manual 4-spd,8.0,6.2
36872,Midsize Cars,Premium,Rear-Wheel Drive,19.3888235294118,Infiniti,Automatic 4-spd,8.0,4.5
36873,Midsize Cars,Premium,Rear-Wheel Drive,21.974,Infiniti,Automatic 4-spd,8.0,4.5
36874,Midsize Cars,Premium,Rear-Wheel Drive,18.3116666666667,Lexus,Automatic 4-spd,8.0,4.0
36875,Midsize Cars,Regular,Rear-Wheel Drive,16.4805,Mercury,Automatic 4-spd,6.0,3.8
36876,Midsize Cars,Regular,Rear-Wheel Drive,18.3116666666667,Mercury,Automatic 4-spd,8.0,5.0
36877,Midsize Cars,Regular,Rear-Wheel Drive,18.3116666666667,Lincoln,Automatic 4-spd,8.0,5.0
36878,Midsize Cars,Regular,Front-Wheel Drive,15.6957142857143,Mercury,Automatic 4-spd,6.0,3.0
36879,Midsize Cars,Regular,Front-Wheel Drive,17.3478947368421,Mercury,Automatic 4-spd,6.0,3.8
36880,Midsize Cars,Premium,Front-Wheel Drive,17.3478947368421,Mazda,Automatic 4-spd,4.0,2.2
36881,Midsize Cars,Regular,Front-Wheel Drive,14.9822727272727,Mazda,Automatic 4-spd,4.0,2.2
36882,Standard Pickup Trucks,Regular,4-Wheel or All-Wheel Drive,27.4675,GMC,Automatic 4-spd,8.0,5.7
36883,Midsize Cars,Premium,Front-Wheel Drive,15.6957142857143,Mazda,Manual 5-spd,4.0,2.2
36884,Midsize Cars,Regular,Front-Wheel Drive,13.73375,Mazda,Manual 5-spd,4.0,2.2
36885,Midsize Cars,Premium,Rear-Wheel Drive,17.3478947368421,Mazda,Automatic 4-spd,6.0,3.0
36886,Midsize Cars,Regular,Front-Wheel Drive,14.9822727272727,Oldsmobile,Automatic 3-spd,4.0,2.5
36887,Midsize Cars,Regular,Front-Wheel Drive,17.3478947368421,Oldsmobile,Automatic 3-spd,6.0,3.3
36888,Midsize Cars,Regular,Front-Wheel Drive,16.4805,Oldsmobile,Automatic 4-spd,6.0,3.3
36889,Midsize Cars,Regular,Front-Wheel Drive,16.4805,Oldsmobile,Automatic 3-spd,6.0,3.1
36890,Midsize Cars,Regular,Front-Wheel Drive,16.4805,Oldsmobile,Automatic 4-spd,6.0,3.1
36891,Midsize Cars,Regular,Front-Wheel Drive,18.3116666666667,Oldsmobile,Automatic 4-spd,6.0,3.4
36892,Midsize Cars,Regular,Front-Wheel Drive,18.3116666666667,Oldsmobile,Manual 5-spd,6.0,3.4
36893,Standard Pickup Trucks,Regular,4-Wheel or All-Wheel Drive,29.9645454545455,GMC,Manual 4-spd,8.0,5.7
36894,Midsize Cars,Regular,Front-Wheel Drive,17.3478947368421,Oldsmobile,Automatic 4-spd,6.0,3.8
36895,Midsize Cars,Regular,Front-Wheel Drive,14.9822727272727,Plymouth,Automatic 3-spd,4.0,2.5
36896,Midsize Cars,Regular,Front-Wheel Drive,14.3308695652174,Plymouth,Manual 5-spd,4.0,2.5
36897,Midsize Cars,Regular,Front-Wheel Drive,16.4805,Plymouth,Automatic 3-spd,6.0,3.0
36898,Midsize Cars,Regular,Front-Wheel Drive,15.6957142857143,Plymouth,Automatic 4-spd,6.0,3.0
36899,Midsize Cars,Regular,Front-Wheel Drive,16.4805,Pontiac,Automatic 3-spd,6.0,3.1
36900,Midsize Cars,Regular,Front-Wheel Drive,16.4805,Pontiac,Automatic 4-spd,6.0,3.1
36901,Midsize Cars,Regular,Front-Wheel Drive,18.3116666666667,Pontiac,Automatic 4-spd,6.0,3.4
36902,Midsize Cars,Regular,Front-Wheel Drive,18.3116666666667,Pontiac,Manual 5-spd,6.0,3.4
36903,Midsize Cars,Premium,Rear-Wheel Drive,29.9645454545455,Rolls-Royce,Automatic 4-spd,8.0,6.8
36904,Standard Pickup Trucks,Diesel,4-Wheel or All-Wheel Drive,22.4814705882353,GMC,Automatic 4-spd,8.0,6.2
36905,Midsize Cars,Premium,Rear-Wheel Drive,29.9645454545455,Rolls-Royce,Automatic 4-spd,8.0,6.8
36906,Midsize Cars,Premium,Rear-Wheel Drive,29.9645454545455,Rolls-Royce,Automatic 4-spd,8.0,6.8
36907,Midsize Cars,Regular,Front-Wheel Drive,15.6957142857143,Toyota,Automatic 4-spd,4.0,2.2
36908,Midsize Cars,Regular,Front-Wheel Drive,14.9822727272727,Toyota,Manual 5-spd,4.0,2.2
36909,Midsize Cars,Regular,Front-Wheel Drive,14.9822727272727,Toyota,Manual 5-spd,4.0,2.2
36910,Midsize Cars,Regular,Front-Wheel Drive,17.3478947368421,Toyota,Automatic 4-spd,6.0,3.0
36911,Midsize Cars,Regular,Front-Wheel Drive,17.3478947368421,Toyota,Manual 5-spd,6.0,3.0
36912,Midsize Cars,Regular,Front-Wheel Drive,15.6957142857143,Volkswagen,Automatic 4-spd,4.0,2.0
36913,Midsize Cars,Regular,Front-Wheel Drive,14.9822727272727,Volkswagen,Manual 5-spd,4.0,2.0
36914,Midsize Cars,Regular,Rear-Wheel Drive,18.3116666666667,Volvo,Automatic 4-spd,4.0,2.3
36915,Standard Pickup Trucks,Diesel,4-Wheel or All-Wheel Drive,25.479,GMC,Manual 4-spd,8.0,6.2
36916,Midsize Cars,Regular,Rear-Wheel Drive,16.4805,Volvo,Automatic 4-spd,4.0,2.3
36917,Midsize Cars,Regular,Rear-Wheel Drive,18.3116666666667,Volvo,Automatic 4-spd,4.0,2.3
36918,Midsize Cars,Regular,Rear-Wheel Drive,16.4805,Volvo,Automatic 4-spd,4.0,2.3
36919,Midsize Cars,Regular,Rear-Wheel Drive,17.3478947368421,Volvo,Automatic 4-spd,6.0,2.9
36920,Large Cars,Regular,Front-Wheel Drive,17.3478947368421,Buick,Automatic 4-spd,6.0,3.8
36921,Large Cars,Premium,Front-Wheel Drive,18.3116666666667,Buick,Automatic 4-spd,6.0,3.8
36922,Large Cars,Regular,Front-Wheel Drive,17.3478947368421,Buick,Automatic 4-spd,6.0,3.8
36923,Large Cars,Regular,Rear-Wheel Drive,18.3116666666667,Buick,Automatic 4-spd,8.0,5.7
36924,Large Cars,Regular,Rear-Wheel Drive,18.3116666666667,Cadillac,Automatic 4-spd,8.0,5.0
36925,Large Cars,Regular,Rear-Wheel Drive,18.3116666666667,Cadillac,Automatic 4-spd,8.0,5.7
36926,Standard Pickup Trucks,Regular,4-Wheel or All-Wheel Drive,17.3478947368421,GMC,Automatic 4-spd,4.0,2.5
36927,Large Cars,Premium,Front-Wheel Drive,18.3116666666667,Cadillac,Automatic 4-spd,8.0,4.9
36928,Large Cars,Regular,Rear-Wheel Drive,17.3478947368421,Chevrolet,Automatic 4-spd,6.0,4.3
36929,Large Cars,Regular,Rear-Wheel Drive,18.3116666666667,Chevrolet,Automatic 4-spd,8.0,5.0
36930,Large Cars,Regular,Rear-Wheel Drive,21.974,Chevrolet,Automatic 4-spd,8.0,5.7
36931,Large Cars,Regular,Front-Wheel Drive,17.3478947368421,Chrysler,Automatic 4-spd,6.0,3.3
36932,Large Cars,Regular,Front-Wheel Drive,18.3116666666667,Chrysler,Automatic 4-spd,6.0,3.8
36933,Large Cars,Regular,Front-Wheel Drive,17.3478947368421,Dodge,Automatic 4-spd,6.0,3.0
36934,Large Cars,Regular,Front-Wheel Drive,17.3478947368421,Eagle,Automatic 4-spd,6.0,3.0
36935,Large Cars,Regular,Rear-Wheel Drive,16.4805,Ford,Automatic 4-spd,8.0,4.6
36936,Large Cars,Regular,Rear-Wheel Drive,17.3478947368421,Ford,Automatic 4-spd,8.0,4.6
36937,Subcompact Cars,Regular,Rear-Wheel Drive,16.4805,Nissan,Automatic 4-spd,4.0,1.8
36938,Standard Pickup Trucks,Regular,4-Wheel or All-Wheel Drive,16.4805,GMC,Manual 4-spd,4.0,2.5
36939,Large Cars,Regular,Front-Wheel Drive,18.3116666666667,Lincoln,Automatic 4-spd,6.0,3.8
36940,Large Cars,Regular,Rear-Wheel Drive,16.4805,Mercury,Automatic 4-spd,8.0,4.6
36941,Large Cars,Regular,Rear-Wheel Drive,17.3478947368421,Mercury,Automatic 4-spd,8.0,4.6
36942,Large Cars,Regular,Rear-Wheel Drive,16.4805,Lincoln,Automatic 4-spd,8.0,4.6
36943,Large Cars,Regular,Rear-Wheel Drive,18.3116666666667,Lincoln,Automatic 4-spd,8.0,4.6
36944,Large Cars,Diesel,Rear-Wheel Drive,20.115,Mercedes-Benz,Automatic 4-spd,6.0,3.5
36945,Large Cars,Premium,Rear-Wheel Drive,21.974,Mercedes-Benz,Automatic 5-spd,6.0,3.2
36946,Large Cars,Premium,Rear-Wheel Drive,23.5435714285714,Mercedes-Benz,Automatic 4-spd,8.0,4.2
36947,Large Cars,Premium,Rear-Wheel Drive,25.3546153846154,Mercedes-Benz,Automatic 4-spd,8.0,5.0
36948,Large Cars,Premium,Rear-Wheel Drive,27.4675,Mercedes-Benz,Automatic 4-spd,12.0,6.0
36949,Standard Pickup Trucks,Regular,4-Wheel or All-Wheel Drive,15.6957142857143,GMC,Manual 5-spd,4.0,2.5
36950,Large Cars,Regular,Front-Wheel Drive,17.3478947368421,Oldsmobile,Automatic 4-spd,6.0,3.8
36951,Large Cars,Premium,Front-Wheel Drive,18.3116666666667,Oldsmobile,Automatic 4-spd,6.0,3.8
36952,Large Cars,Regular,Front-Wheel Drive,17.3478947368421,Oldsmobile,Automatic 4-spd,6.0,3.8
36953,Large Cars,Premium,Front-Wheel Drive,19.3888235294118,Pontiac,Automatic 4-spd,6.0,3.8
36954,Large Cars,Regular,Front-Wheel Drive,17.3478947368421,Pontiac,Automatic 4-spd,6.0,3.8
36955,Large Cars,Regular,Front-Wheel Drive,18.3116666666667,Saab,Automatic 4-spd,4.0,2.3
36956,Large Cars,Regular,Front-Wheel Drive,18.3116666666667,Saab,Automatic 4-spd,4.0,2.3
36957,Large Cars,Regular,Front-Wheel Drive,17.3478947368421,Saab,Manual 5-spd,4.0,2.3
36958,Large Cars,Regular,Front-Wheel Drive,16.4805,Saab,Manual 5-spd,4.0,2.3
36959,Small Station Wagons,Regular,Front-Wheel Drive,13.73375,Chevrolet,Automatic 3-spd,4.0,2.2
36960,Standard Pickup Trucks,Regular,4-Wheel or All-Wheel Drive,18.3116666666667,GMC,Automatic 4-spd,6.0,2.8
36961,Small Station Wagons,Regular,Front-Wheel Drive,15.6957142857143,Chevrolet,Automatic 3-spd,6.0,3.1
36962,Small Station Wagons,Regular,Front-Wheel Drive,12.6773076923077,Ford,Automatic 4-spd,4.0,1.9
36963,Small Station Wagons,Regular,Front-Wheel Drive,11.3658620689655,Ford,Manual 5-spd,4.0,1.9
36964,Small Station Wagons,Regular,Front-Wheel Drive,16.4805,Honda,Automatic 4-spd,4.0,2.2
36965,Small Station Wagons,Regular,Front-Wheel Drive,14.9822727272727,Honda,Manual 5-spd,4.0,2.2
36966,Small Station Wagons,Regular,Front-Wheel Drive,12.6773076923077,Mercury,Automatic 4-spd,4.0,1.9
36967,Small Station Wagons,Regular,Front-Wheel Drive,11.3658620689655,Mercury,Manual 5-spd,4.0,1.9
36968,Small Station Wagons,Regular,Front-Wheel Drive,14.9822727272727,Subaru,Automatic 4-spd,4.0,2.2
36969,Small Station Wagons,Regular,Front-Wheel Drive,14.3308695652174,Subaru,Manual 5-spd,4.0,2.2
36970,Small Station Wagons,Regular,4-Wheel or All-Wheel Drive,16.4805,Subaru,Automatic 4-spd,4.0,2.2
36971,Standard Pickup Trucks,Regular,4-Wheel or All-Wheel Drive,19.3888235294118,GMC,Manual 4-spd,6.0,2.8
36972,Small Station Wagons,Regular,4-Wheel or All-Wheel Drive,16.4805,Subaru,Manual 5-spd,4.0,2.2
36973,Small Station Wagons,Premium,4-Wheel or All-Wheel Drive,18.3116666666667,Subaru,Automatic 4-spd,4.0,2.2
36974,Small Station Wagons,Premium,4-Wheel or All-Wheel Drive,17.3478947368421,Subaru,Manual 5-spd,4.0,2.2
36975,Small Station Wagons,Regular,Front-Wheel Drive,14.9822727272727,Subaru,Automatic 3-spd,4.0,1.8
36976,Small Station Wagons,Regular,Front-Wheel Drive,13.73375,Subaru,Manual 5-spd,4.0,1.8
36977,Small Station Wagons,Regular,4-Wheel or All-Wheel Drive,14.3308695652174,Toyota,Automatic 4-spd,4.0,1.6
36978,Small Station Wagons,Regular,4-Wheel or All-Wheel Drive,15.6957142857143,Toyota,Manual 5-spd,4.0,1.6
36979,Small Station Wagons,Regular,Front-Wheel Drive,13.73375,Toyota,Automatic 3-spd,4.0,1.6
36980,Small Station Wagons,Regular,Front-Wheel Drive,12.2077777777778,Toyota,Manual 5-spd,4.0,1.6
36981,Midsize-Large Station Wagons,Regular,Front-Wheel Drive,15.6957142857143,Buick,Automatic 3-spd,4.0,2.5
36982,Standard Pickup Trucks,Regular,4-Wheel or All-Wheel Drive,19.3888235294118,GMC,Manual 5-spd,6.0,2.8
36983,Midsize-Large Station Wagons,Regular,Front-Wheel Drive,17.3478947368421,Buick,Automatic 3-spd,6.0,3.3
36984,Midsize-Large Station Wagons,Regular,Front-Wheel Drive,16.4805,Buick,Automatic 4-spd,6.0,3.3
36985,Midsize-Large Station Wagons,Regular,4-Wheel or All-Wheel Drive,16.4805,Eagle,Automatic 4-spd,4.0,1.8
36986,Midsize-Large Station Wagons,Regular,Front-Wheel Drive,14.9822727272727,Eagle,Automatic 4-spd,4.0,1.8
36987,Midsize-Large Station Wagons,Regular,4-Wheel or All-Wheel Drive,15.6957142857143,Eagle,Manual 5-spd,4.0,1.8
36988,Midsize-Large Station Wagons,Regular,Front-Wheel Drive,14.3308695652174,Eagle,Manual 5-spd,4.0,1.8
36989,Midsize-Large Station Wagons,Regular,4-Wheel or All-Wheel Drive,17.3478947368421,Eagle,Automatic 4-spd,4.0,2.4
36990,Midsize-Large Station Wagons,Regular,Front-Wheel Drive,16.4805,Eagle,Automatic 4-spd,4.0,2.4
36991,Midsize-Large Station Wagons,Regular,4-Wheel or All-Wheel Drive,17.3478947368421,Eagle,Manual 5-spd,4.0,2.4
36992,Midsize-Large Station Wagons,Regular,Front-Wheel Drive,15.6957142857143,Eagle,Manual 5-spd,4.0,2.4
36993,Standard Pickup Trucks,Regular,4-Wheel or All-Wheel Drive,20.600625,Jeep,Automatic 3-spd,6.0,4.2
36994,Midsize-Large Station Wagons,Regular,Front-Wheel Drive,15.6957142857143,Ford,Automatic 4-spd,6.0,3.0
36995,Midsize-Large Station Wagons,Regular,Front-Wheel Drive,17.3478947368421,Ford,Automatic 4-spd,6.0,3.8
36996,Midsize-Large Station Wagons,Regular,Front-Wheel Drive,15.6957142857143,Mercury,Automatic 4-spd,6.0,3.0
36997,Midsize-Large Station Wagons,Regular,Front-Wheel Drive,17.3478947368421,Mercury,Automatic 4-spd,6.0,3.8
36998,Midsize-Large Station Wagons,Premium,Rear-Wheel Drive,19.3888235294118,Mercedes-Benz,Automatic 4-spd,6.0,3.0
36999,Midsize-Large Station Wagons,Premium,4-Wheel or All-Wheel Drive,20.600625,Mercedes-Benz,Automatic 4-spd,6.0,3.0
37000,Midsize-Large Station Wagons,Regular,4-Wheel or All-Wheel Drive,17.3478947368421,Mitsubishi,Automatic 4-spd,4.0,2.4
37001,Midsize-Large Station Wagons,Regular,Front-Wheel Drive,16.4805,Mitsubishi,Automatic 4-spd,4.0,2.4
37002,Midsize-Large Station Wagons,Regular,4-Wheel or All-Wheel Drive,17.3478947368421,Mitsubishi,Manual 5-spd,4.0,2.4
37003,Midsize-Large Station Wagons,Regular,Front-Wheel Drive,15.6957142857143,Mitsubishi,Manual 5-spd,4.0,2.4
37004,Standard Pickup Trucks,Regular,4-Wheel or All-Wheel Drive,21.974,Jeep,Manual 4-spd,6.0,4.2
37005,Midsize-Large Station Wagons,Regular,Front-Wheel Drive,14.9822727272727,Mitsubishi,Automatic 4-spd,4.0,1.8
37006,Midsize-Large Station Wagons,Regular,4-Wheel or All-Wheel Drive,16.4805,Mitsubishi,Automatic 4-spd,4.0,1.8
37007,Midsize-Large Station Wagons,Regular,Front-Wheel Drive,14.3308695652174,Mitsubishi,Manual 5-spd,4.0,1.8
37008,Midsize-Large Station Wagons,Regular,4-Wheel or All-Wheel Drive,15.6957142857143,Mitsubishi,Manual 5-spd,4.0,1.8
37009,Midsize-Large Station Wagons,Regular,Front-Wheel Drive,15.6957142857143,Oldsmobile,Automatic 3-spd,4.0,2.5
37010,Midsize-Large Station Wagons,Regular,Front-Wheel Drive,17.3478947368421,Oldsmobile,Automatic 3-spd,6.0,3.3
37011,Midsize-Large Station Wagons,Regular,Front-Wheel Drive,16.4805,Oldsmobile,Automatic 4-spd,6.0,3.3
37012,Midsize-Large Station Wagons,Regular,Front-Wheel Drive,16.4805,Peugeot,Automatic 4-spd,4.0,1.9
37013,Midsize-Large Station Wagons,Regular,Front-Wheel Drive,15.6957142857143,Peugeot,Manual 5-spd,4.0,1.9
37014,Midsize-Large Station Wagons,Regular,Front-Wheel Drive,14.9822727272727,Plymouth,Automatic 4-spd,4.0,1.8
37015,Standard Pickup Trucks,Regular,4-Wheel or All-Wheel Drive,29.9645454545455,Jeep,Automatic 3-spd,8.0,5.9
37016,Midsize-Large Station Wagons,Regular,4-Wheel or All-Wheel Drive,16.4805,Plymouth,Automatic 4-spd,4.0,1.8
37017,Midsize-Large Station Wagons,Regular,Front-Wheel Drive,14.3308695652174,Plymouth,Manual 5-spd,4.0,1.8
37018,Midsize-Large Station Wagons,Regular,4-Wheel or All-Wheel Drive,15.6957142857143,Plymouth,Manual 5-spd,4.0,1.8
37019,Midsize-Large Station Wagons,Regular,4-Wheel or All-Wheel Drive,17.3478947368421,Plymouth,Automatic 4-spd,4.0,2.4
37020,Midsize-Large Station Wagons,Regular,Front-Wheel Drive,16.4805,Plymouth,Automatic 4-spd,4.0,2.4
37021,Midsize-Large Station Wagons,Regular,4-Wheel or All-Wheel Drive,17.3478947368421,Plymouth,Manual 5-spd,4.0,2.4
37022,Midsize-Large Station Wagons,Regular,Front-Wheel Drive,15.6957142857143,Plymouth,Manual 5-spd,4.0,2.4
37023,Midsize-Large Station Wagons,Regular,Front-Wheel Drive,15.6957142857143,Toyota,Automatic 4-spd,4.0,2.2
37024,Midsize-Large Station Wagons,Regular,Front-Wheel Drive,17.3478947368421,Toyota,Automatic 4-spd,6.0,3.0
37025,Midsize-Large Station Wagons,Regular,Front-Wheel Drive,15.6957142857143,Volkswagen,Automatic 4-spd,4.0,2.0
37026,Standard Pickup Trucks,Regular,4-Wheel or All-Wheel Drive,29.9645454545455,Jeep,Automatic 3-spd,8.0,5.9
37027,Midsize-Large Station Wagons,Regular,Front-Wheel Drive,14.9822727272727,Volkswagen,Manual 5-spd,4.0,2.0
37028,Midsize-Large Station Wagons,Regular,Rear-Wheel Drive,16.4805,Volvo,Automatic 4-spd,4.0,2.3
37029,Midsize-Large Station Wagons,Regular,Rear-Wheel Drive,14.9822727272727,Volvo,Manual 5-spd,4.0,2.3
37030,Midsize-Large Station Wagons,Regular,Rear-Wheel Drive,18.3116666666667,Volvo,Automatic 4-spd,4.0,2.3
37031,Midsize-Large Station Wagons,Regular,Rear-Wheel Drive,16.4805,Volvo,Automatic 4-spd,4.0,2.3
37032,Midsize-Large Station Wagons,Regular,Rear-Wheel Drive,18.3116666666667,Volvo,Automatic 4-spd,4.0,2.3
37033,Midsize-Large Station Wagons,Regular,Rear-Wheel Drive,17.3478947368421,Volvo,Automatic 4-spd,6.0,2.9
37034,Midsize-Large Station Wagons,Premium,Rear-Wheel Drive,21.974,Wallace Environmental,Automatic 4-spd,6.0,2.9
37035,Midsize-Large Station Wagons,Regular,Rear-Wheel Drive,18.3116666666667,Buick,Automatic 4-spd,8.0,5.0
37036,Midsize-Large Station Wagons,Regular,Rear-Wheel Drive,18.3116666666667,Buick,Automatic 4-spd,8.0,5.7
37037,Standard Pickup Trucks,Regular,4-Wheel or All-Wheel Drive,17.3478947368421,Toyota,Manual 5-spd,4.0,2.4
37038,Midsize-Large Station Wagons,Regular,Rear-Wheel Drive,18.3116666666667,Chevrolet,Automatic 4-spd,8.0,5.0
37039,Midsize-Large Station Wagons,Regular,Rear-Wheel Drive,18.3116666666667,Chevrolet,Automatic 4-spd,8.0,5.7
37040,Midsize-Large Station Wagons,Regular,Rear-Wheel Drive,18.3116666666667,Oldsmobile,Automatic 4-spd,8.0,5.0
37041,Midsize-Large Station Wagons,Regular,Rear-Wheel Drive,18.3116666666667,Oldsmobile,Automatic 4-spd,8.0,5.7
37042,Small Pickup Trucks,Regular,Rear-Wheel Drive,16.4805,Chevrolet,Automatic 4-spd,4.0,2.5
37043,Small Pickup Trucks,Regular,Rear-Wheel Drive,14.9822727272727,Chevrolet,Manual 5-spd,4.0,2.5
37044,Small Pickup Trucks,Regular,Rear-Wheel Drive,17.3478947368421,Chevrolet,Manual 5-spd,6.0,2.8
37045,Small Pickup Trucks,Regular,Rear-Wheel Drive,18.3116666666667,Chevrolet,Automatic 4-spd,6.0,4.3
37046,Small Pickup Trucks,Regular,Rear-Wheel Drive,19.3888235294118,Chevrolet,Automatic 4-spd,6.0,4.3
37047,Small Pickup Trucks,Regular,Rear-Wheel Drive,19.3888235294118,Chevrolet,Manual 5-spd,6.0,4.3
37048,Subcompact Cars,Regular,Rear-Wheel Drive,15.6957142857143,Nissan,Manual 5-spd,4.0,1.8
37049,Standard Pickup Trucks,Regular,4-Wheel or All-Wheel Drive,17.3478947368421,Toyota,Automatic 4-spd,4.0,2.4
37050,Small Pickup Trucks,Regular,Rear-Wheel Drive,16.4805,Nissan,Automatic 4-spd,4.0,2.4
37051,Small Pickup Trucks,Regular,Rear-Wheel Drive,14.9822727272727,Nissan,Manual 5-spd,4.0,2.4
37052,Small Pickup Trucks,Regular,Rear-Wheel Drive,18.3116666666667,Nissan,Automatic 4-spd,6.0,3.0
37053,Small Pickup Trucks,Regular,Rear-Wheel Drive,17.3478947368421,Nissan,Manual 5-spd,6.0,3.0
37054,Small Pickup Trucks,Regular,Rear-Wheel Drive,17.3478947368421,Dodge,Automatic 4-spd,4.0,2.4
37055,Small Pickup Trucks,Regular,Rear-Wheel Drive,17.3478947368421,Dodge,Manual 5-spd,4.0,2.4
37056,Small Pickup Trucks,Regular,Rear-Wheel Drive,17.3478947368421,Ford,Automatic 4-spd,4.0,2.3
37057,Small Pickup Trucks,Regular,Rear-Wheel Drive,14.9822727272727,Ford,Manual 5-spd,4.0,2.3
37058,Small Pickup Trucks,Regular,Rear-Wheel Drive,18.3116666666667,Ford,Automatic 4-spd,6.0,3.0
37059,Small Pickup Trucks,Regular,Rear-Wheel Drive,16.4805,Ford,Manual 5-spd,6.0,3.0
37060,Standard Pickup Trucks,Regular,4-Wheel or All-Wheel Drive,15.6957142857143,Toyota,Manual 5-spd,4.0,2.4
37061,Small Pickup Trucks,Regular,Rear-Wheel Drive,19.3888235294118,Ford,Automatic 4-spd,6.0,4.0
37062,Small Pickup Trucks,Regular,Rear-Wheel Drive,18.3116666666667,Ford,Manual 5-spd,6.0,4.0
37063,Small Pickup Trucks,Regular,Rear-Wheel Drive,16.4805,GMC,Automatic 4-spd,4.0,2.5
37064,Small Pickup Trucks,Regular,Rear-Wheel Drive,14.9822727272727,GMC,Manual 5-spd,4.0,2.5
37065,Small Pickup Trucks,Regular,Rear-Wheel Drive,17.3478947368421,GMC,Manual 5-spd,6.0,2.8
37066,Small Pickup Trucks,Regular,Rear-Wheel Drive,18.3116666666667,GMC,Automatic 4-spd,6.0,4.3
37067,Small Pickup Trucks,Regular,Rear-Wheel Drive,19.3888235294118,GMC,Automatic 4-spd,6.0,4.3
37068,Small Pickup Trucks,Regular,Rear-Wheel Drive,19.3888235294118,GMC,Manual 5-spd,6.0,4.3
37069,Small Pickup Trucks,Regular,Rear-Wheel Drive,16.4805,Isuzu,Manual 5-spd,4.0,2.3
37070,Small Pickup Trucks,Regular,Rear-Wheel Drive,18.3116666666667,Isuzu,Automatic 4-spd,4.0,2.6
37071,Standard Pickup Trucks,Diesel,4-Wheel or All-Wheel Drive,16.6167391304348,Toyota,Manual 5-spd,4.0,2.4
37072,Small Pickup Trucks,Regular,Rear-Wheel Drive,17.3478947368421,Isuzu,Manual 5-spd,4.0,2.6
37073,Small Pickup Trucks,Regular,Rear-Wheel Drive,17.3478947368421,Mitsubishi,Automatic 4-spd,4.0,2.4
37074,Small Pickup Trucks,Regular,Rear-Wheel Drive,17.3478947368421,Mitsubishi,Manual 5-spd,4.0,2.4
37075,Small Pickup Trucks,Regular,4-Wheel or All-Wheel Drive,16.4805,Ford,Manual 5-spd,4.0,2.3
37076,Small Pickup Trucks,Regular,4-Wheel or All-Wheel Drive,19.3888235294118,Ford,Automatic 4-spd,6.0,2.9
37077,Small Pickup Trucks,Regular,4-Wheel or All-Wheel Drive,18.3116666666667,Ford,Manual 5-spd,6.0,2.9
37078,Small Pickup Trucks,Regular,4-Wheel or All-Wheel Drive,20.600625,Ford,Automatic 4-spd,6.0,4.0
37079,Small Pickup Trucks,Regular,4-Wheel or All-Wheel Drive,18.3116666666667,Ford,Manual 5-spd,6.0,4.0
37080,Small Pickup Trucks,Premium,4-Wheel or All-Wheel Drive,21.974,PAS Inc - GMC,Automatic 4-spd,6.0,4.3
37081,Standard Pickup Trucks,Regular,Rear-Wheel Drive,19.3888235294118,Chevrolet,Automatic 4-spd,6.0,4.3
37082,Vans,Regular,Rear-Wheel Drive,16.4805,Chevrolet,Automatic 4-spd,4.0,2.5
37083,Standard Pickup Trucks,Regular,Rear-Wheel Drive,18.3116666666667,Chevrolet,Manual 5-spd,6.0,4.3
37084,Standard Pickup Trucks,Regular,Rear-Wheel Drive,20.600625,Chevrolet,Manual 5-spd,6.0,4.3
37085,Standard Pickup Trucks,Regular,Rear-Wheel Drive,21.974,Chevrolet,Automatic 4-spd,8.0,5.0
37086,Standard Pickup Trucks,Regular,Rear-Wheel Drive,21.974,Chevrolet,Manual 5-spd,8.0,5.0
37087,Standard Pickup Trucks,Regular,Rear-Wheel Drive,23.5435714285714,Chevrolet,Automatic 4-spd,8.0,5.7
37088,Standard Pickup Trucks,Regular,Rear-Wheel Drive,23.5435714285714,Chevrolet,Manual 4-spd,8.0,5.7
37089,Standard Pickup Trucks,Regular,Rear-Wheel Drive,21.974,Chevrolet,Manual 5-spd,8.0,5.7
37090,Standard Pickup Trucks,Diesel,Rear-Wheel Drive,21.2325,Chevrolet,Automatic 4-spd,8.0,6.2
37091,Standard Pickup Trucks,Diesel,Rear-Wheel Drive,19.10925,Chevrolet,Manual 5-spd,8.0,6.2
37092,Standard Pickup Trucks,Regular,Rear-Wheel Drive,32.961,Chevrolet,Automatic 4-spd,8.0,7.4
37093,Vans,Regular,Rear-Wheel Drive,15.6957142857143,Chevrolet,Manual 4-spd,4.0,2.5
37094,Standard Pickup Trucks,Regular,Rear-Wheel Drive,20.600625,Chevrolet,Automatic 4-spd,6.0,4.3
37095,Standard Pickup Trucks,Regular,Rear-Wheel Drive,19.3888235294118,Chevrolet,Manual 5-spd,6.0,4.3
37096,Standard Pickup Trucks,Regular,Rear-Wheel Drive,20.600625,Chevrolet,Manual 5-spd,6.0,4.3
37097,Standard Pickup Trucks,Regular,Rear-Wheel Drive,23.5435714285714,Chevrolet,Automatic 4-spd,8.0,5.0
37098,Standard Pickup Trucks,Regular,Rear-Wheel Drive,21.974,Chevrolet,Manual 5-spd,8.0,5.0
37099,Standard Pickup Trucks,Regular,Rear-Wheel Drive,23.5435714285714,Chevrolet,Automatic 4-spd,8.0,5.7
37100,Standard Pickup Trucks,Regular,Rear-Wheel Drive,25.3546153846154,Chevrolet,Manual 4-spd,8.0,5.7
37101,Standard Pickup Trucks,Regular,Rear-Wheel Drive,23.5435714285714,Chevrolet,Manual 5-spd,8.0,5.7
37102,Standard Pickup Trucks,Diesel,Rear-Wheel Drive,21.2325,Chevrolet,Automatic 4-spd,8.0,6.2
37103,Standard Pickup Trucks,Diesel,Rear-Wheel Drive,20.115,Chevrolet,Manual 5-spd,8.0,6.2
37104,Vans,Regular,Rear-Wheel Drive,14.9822727272727,Chevrolet,Manual 5-spd,4.0,2.5
37105,Standard Pickup Trucks,Regular,Rear-Wheel Drive,15.6957142857143,Dodge,Manual 5-spd,4.0,2.5
37106,Standard Pickup Trucks,Regular,Rear-Wheel Drive,21.974,Dodge,Automatic 4-spd,6.0,3.9
37107,Standard Pickup Trucks,Regular,Rear-Wheel Drive,20.600625,Dodge,Manual 5-spd,6.0,3.9
37108,Standard Pickup Trucks,Regular,Rear-Wheel Drive,23.5435714285714,Dodge,Automatic 4-spd,8.0,5.2
37109,Standard Pickup Trucks,Regular,Rear-Wheel Drive,21.974,Dodge,Automatic 3-spd,6.0,3.9
37110,Standard Pickup Trucks,Regular,Rear-Wheel Drive,21.974,Dodge,Automatic 4-spd,6.0,3.9
37111,Standard Pickup Trucks,Regular,Rear-Wheel Drive,21.974,Dodge,Manual 5-spd,6.0,3.9
37112,Standard Pickup Trucks,Regular,Rear-Wheel Drive,25.3546153846154,Dodge,Automatic 4-spd,8.0,5.2
37113,Standard Pickup Trucks,Regular,Rear-Wheel Drive,25.3546153846154,Dodge,Manual 5-spd,8.0,5.2
37114,Standard Pickup Trucks,Regular,Rear-Wheel Drive,29.9645454545455,Dodge,Automatic 4-spd,8.0,5.9
37115,Vans,Regular,Rear-Wheel Drive,18.3116666666667,Chevrolet,Automatic 4-spd,6.0,4.3
37116,Standard Pickup Trucks,Regular,Rear-Wheel Drive,29.9645454545455,Dodge,Manual 5-spd,8.0,5.9
37117,Standard Pickup Trucks,Regular,Rear-Wheel Drive,23.5435714285714,Dodge,Automatic 3-spd,6.0,3.9
37118,Standard Pickup Trucks,Regular,Rear-Wheel Drive,23.5435714285714,Dodge,Manual 5-spd,6.0,3.9
37119,Standard Pickup Trucks,Regular,Rear-Wheel Drive,25.3546153846154,Dodge,Automatic 4-spd,8.0,5.2
37120,Standard Pickup Trucks,Regular,Rear-Wheel Drive,25.3546153846154,Dodge,Manual 5-spd,8.0,5.2
37121,Standard Pickup Trucks,Regular,Rear-Wheel Drive,29.9645454545455,Dodge,Automatic 4-spd,8.0,5.9
37122,Standard Pickup Trucks,Regular,Rear-Wheel Drive,29.9645454545455,Dodge,Manual 5-spd,8.0,5.9
37123,Standard Pickup Trucks,Regular,Rear-Wheel Drive,16.4805,Jeep,Manual 4-spd,4.0,2.5
37124,Standard Pickup Trucks,Regular,Rear-Wheel Drive,17.3478947368421,Jeep,Manual 5-spd,4.0,2.5
37125,Standard Pickup Trucks,Regular,Rear-Wheel Drive,20.600625,Jeep,Automatic 4-spd,6.0,4.0
37126,Vans,Regular,Rear-Wheel Drive,19.3888235294118,Chevrolet,Manual 4-spd,6.0,4.3
37127,Standard Pickup Trucks,Regular,Rear-Wheel Drive,18.3116666666667,Jeep,Manual 5-spd,6.0,4.0
37128,Standard Pickup Trucks,Regular,Rear-Wheel Drive,21.974,Ford,Automatic 4-spd,6.0,4.9
37129,Standard Pickup Trucks,Regular,Rear-Wheel Drive,21.974,Ford,Manual 4-spd,6.0,4.9
37130,Standard Pickup Trucks,Regular,Rear-Wheel Drive,21.974,Ford,Manual 5-spd,6.0,4.9
37131,Standard Pickup Trucks,Regular,Rear-Wheel Drive,23.5435714285714,Ford,Automatic 4-spd,8.0,5.0
37132,Standard Pickup Trucks,Regular,Rear-Wheel Drive,23.5435714285714,Ford,Automatic 4-spd,8.0,5.0
37133,Standard Pickup Trucks,Regular,Rear-Wheel Drive,23.5435714285714,Ford,Manual 4-spd,8.0,5.0
37134,Standard Pickup Trucks,Regular,Rear-Wheel Drive,23.5435714285714,Ford,Manual 5-spd,8.0,5.0
37135,Standard Pickup Trucks,Regular,Rear-Wheel Drive,27.4675,Ford,Automatic 4-spd,8.0,5.8
37136,Standard Pickup Trucks,Regular,Rear-Wheel Drive,21.974,Ford,Automatic 4-spd,6.0,4.9
37137,Vans,Regular,Rear-Wheel Drive,17.3478947368421,Chevrolet,Manual 5-spd,6.0,4.3
37138,Standard Pickup Trucks,Regular,Rear-Wheel Drive,21.974,Ford,Manual 4-spd,6.0,4.9
37139,Standard Pickup Trucks,Regular,Rear-Wheel Drive,21.974,Ford,Manual 5-spd,6.0,4.9
37140,Standard Pickup Trucks,Regular,Rear-Wheel Drive,25.3546153846154,Ford,Automatic 4-spd,8.0,5.0
37141,Standard Pickup Trucks,Regular,Rear-Wheel Drive,23.5435714285714,Ford,Manual 4-spd,8.0,5.0
37142,Standard Pickup Trucks,Regular,Rear-Wheel Drive,23.5435714285714,Ford,Manual 5-spd,8.0,5.0
37143,Standard Pickup Trucks,Regular,Rear-Wheel Drive,27.4675,Ford,Automatic 4-spd,8.0,5.8
37144,Standard Pickup Trucks,Regular,Rear-Wheel Drive,19.3888235294118,GMC,Automatic 4-spd,6.0,4.3
37145,Standard Pickup Trucks,Regular,Rear-Wheel Drive,18.3116666666667,GMC,Manual 5-spd,6.0,4.3
37146,Standard Pickup Trucks,Regular,Rear-Wheel Drive,20.600625,GMC,Manual 5-spd,6.0,4.3
37147,Standard Pickup Trucks,Regular,Rear-Wheel Drive,21.974,GMC,Automatic 4-spd,8.0,5.0
37148,Vans,Regular,Rear-Wheel Drive,20.600625,Chevrolet,Automatic 3-spd,6.0,4.3
37149,Standard Pickup Trucks,Regular,Rear-Wheel Drive,21.974,GMC,Manual 5-spd,8.0,5.0
37150,Standard Pickup Trucks,Regular,Rear-Wheel Drive,23.5435714285714,GMC,Automatic 4-spd,8.0,5.7
37151,Standard Pickup Trucks,Regular,Rear-Wheel Drive,23.5435714285714,GMC,Manual 4-spd,8.0,5.7
37152,Standard Pickup Trucks,Regular,Rear-Wheel Drive,21.974,GMC,Manual 5-spd,8.0,5.7
37153,Standard Pickup Trucks,Diesel,Rear-Wheel Drive,21.2325,GMC,Automatic 4-spd,8.0,6.2
37154,Standard Pickup Trucks,Diesel,Rear-Wheel Drive,19.10925,GMC,Manual 5-spd,8.0,6.2
37155,Standard Pickup Trucks,Regular,Rear-Wheel Drive,20.600625,GMC,Automatic 4-spd,6.0,4.3
37156,Standard Pickup Trucks,Regular,Rear-Wheel Drive,19.3888235294118,GMC,Manual 5-spd,6.0,4.3
37157,Standard Pickup Trucks,Regular,Rear-Wheel Drive,20.600625,GMC,Manual 5-spd,6.0,4.3
37158,Standard Pickup Trucks,Regular,Rear-Wheel Drive,23.5435714285714,GMC,Automatic 4-spd,8.0,5.0
37159,Subcompact Cars,Regular,Rear-Wheel Drive,15.6957142857143,Nissan,Automatic 4-spd,4.0,2.0
37160,Vans,Regular,Rear-Wheel Drive,19.3888235294118,Chevrolet,Automatic 4-spd,6.0,4.3
37161,Standard Pickup Trucks,Regular,Rear-Wheel Drive,21.974,GMC,Manual 5-spd,8.0,5.0
37162,Standard Pickup Trucks,Regular,Rear-Wheel Drive,23.5435714285714,GMC,Automatic 4-spd,8.0,5.7
37163,Standard Pickup Trucks,Regular,Rear-Wheel Drive,25.3546153846154,GMC,Manual 4-spd,8.0,5.7
37164,Standard Pickup Trucks,Regular,Rear-Wheel Drive,23.5435714285714,GMC,Manual 5-spd,8.0,5.7
37165,Standard Pickup Trucks,Diesel,Rear-Wheel Drive,21.2325,GMC,Automatic 4-spd,8.0,6.2
37166,Standard Pickup Trucks,Diesel,Rear-Wheel Drive,20.115,GMC,Manual 5-spd,8.0,6.2
37167,Standard Pickup Trucks,Regular,Rear-Wheel Drive,20.600625,Isuzu,Manual 5-spd,4.0,2.6
37168,Standard Pickup Trucks,Regular,Rear-Wheel Drive,16.4805,Mazda,Automatic 4-spd,4.0,2.2
37169,Standard Pickup Trucks,Regular,Rear-Wheel Drive,16.4805,Mazda,Manual 5-spd,4.0,2.2
37170,Standard Pickup Trucks,Regular,Rear-Wheel Drive,16.4805,Mazda,Automatic 4-spd,4.0,2.2
37171,Vans,Regular,Rear-Wheel Drive,19.3888235294118,Chevrolet,Manual 3-spd,6.0,4.3
37172,Standard Pickup Trucks,Regular,Rear-Wheel Drive,14.9822727272727,Mazda,Manual 5-spd,4.0,2.2
37173,Standard Pickup Trucks,Regular,Rear-Wheel Drive,17.3478947368421,Mazda,Automatic 4-spd,4.0,2.6
37174,Standard Pickup Trucks,Regular,Rear-Wheel Drive,17.3478947368421,Mazda,Manual 5-spd,4.0,2.6
37175,Standard Pickup Trucks,Regular,Rear-Wheel Drive,16.4805,Toyota,Automatic 4-spd,4.0,2.4
37176,Standard Pickup Trucks,Regular,Rear-Wheel Drive,15.6957142857143,Toyota,Manual 5-spd,4.0,2.4
37177,Standard Pickup Trucks,Regular,Rear-Wheel Drive,18.3116666666667,Toyota,Automatic 4-spd,6.0,3.0
37178,Standard Pickup Trucks,Regular,Rear-Wheel Drive,18.3116666666667,Toyota,Manual 5-spd,6.0,3.0
37179,Standard Pickup Trucks,Regular,Rear-Wheel Drive,18.3116666666667,Toyota,Automatic 4-spd,6.0,3.0
37180,Standard Pickup Trucks,Regular,Rear-Wheel Drive,18.3116666666667,Toyota,Manual 5-spd,6.0,3.0
37181,Standard Pickup Trucks,Regular,4-Wheel or All-Wheel Drive,21.974,Chevrolet,Automatic 4-spd,6.0,4.3
37182,Vans,Regular,Rear-Wheel Drive,19.3888235294118,Chevrolet,Manual 4-spd,6.0,4.3
37183,Standard Pickup Trucks,Regular,4-Wheel or All-Wheel Drive,21.974,Chevrolet,Manual 5-spd,6.0,4.3
37184,Standard Pickup Trucks,Regular,4-Wheel or All-Wheel Drive,20.600625,Chevrolet,Manual 5-spd,6.0,4.3
37185,Standard Pickup Trucks,Regular,4-Wheel or All-Wheel Drive,23.5435714285714,Chevrolet,Automatic 4-spd,8.0,5.0
37186,Standard Pickup Trucks,Regular,4-Wheel or All-Wheel Drive,25.3546153846154,Chevrolet,Manual 5-spd,8.0,5.0
37187,Standard Pickup Trucks,Regular,4-Wheel or All-Wheel Drive,25.3546153846154,Chevrolet,Automatic 4-spd,8.0,5.7
37188,Standard Pickup Trucks,Regular,4-Wheel or All-Wheel Drive,27.4675,Chevrolet,Manual 4-spd,8.0,5.7
37189,Standard Pickup Trucks,Regular,4-Wheel or All-Wheel Drive,25.3546153846154,Chevrolet,Manual 5-spd,8.0,5.7
37190,Standard Pickup Trucks,Diesel,4-Wheel or All-Wheel Drive,22.4814705882353,Chevrolet,Automatic 4-spd,8.0,6.2
37191,Standard Pickup Trucks,Diesel,4-Wheel or All-Wheel Drive,21.2325,Chevrolet,Manual 5-spd,8.0,6.2
37192,Standard Pickup Trucks,Regular,4-Wheel or All-Wheel Drive,21.974,Chevrolet,Automatic 4-spd,6.0,4.3
37193,Vans,Regular,Rear-Wheel Drive,25.3546153846154,Chevrolet,Automatic 3-spd,8.0,5.0
37194,Standard Pickup Trucks,Regular,4-Wheel or All-Wheel Drive,21.974,Chevrolet,Manual 5-spd,6.0,4.3
37195,Standard Pickup Trucks,Regular,4-Wheel or All-Wheel Drive,21.974,Chevrolet,Manual 5-spd,6.0,4.3
37196,Standard Pickup Trucks,Regular,4-Wheel or All-Wheel Drive,23.5435714285714,Chevrolet,Automatic 4-spd,8.0,5.0
37197,Standard Pickup Trucks,Regular,4-Wheel or All-Wheel Drive,25.3546153846154,Chevrolet,Manual 5-spd,8.0,5.0
37198,Standard Pickup Trucks,Regular,4-Wheel or All-Wheel Drive,25.3546153846154,Chevrolet,Automatic 4-spd,8.0,5.7
37199,Standard Pickup Trucks,Regular,4-Wheel or All-Wheel Drive,27.4675,Chevrolet,Manual 4-spd,8.0,5.7
37200,Standard Pickup Trucks,Regular,4-Wheel or All-Wheel Drive,25.3546153846154,Chevrolet,Manual 5-spd,8.0,5.7
37201,Standard Pickup Trucks,Diesel,4-Wheel or All-Wheel Drive,22.4814705882353,Chevrolet,Automatic 4-spd,8.0,6.2
37202,Standard Pickup Trucks,Diesel,4-Wheel or All-Wheel Drive,21.2325,Chevrolet,Manual 5-spd,8.0,6.2
37203,Standard Pickup Trucks,Premium,4-Wheel or All-Wheel Drive,20.600625,Chevrolet,Automatic 4-spd,6.0,4.3
37204,Vans,Regular,Rear-Wheel Drive,21.974,Chevrolet,Automatic 4-spd,8.0,5.0
37205,Standard Pickup Trucks,Regular,4-Wheel or All-Wheel Drive,20.600625,Chevrolet,Automatic 4-spd,6.0,4.3
37206,Standard Pickup Trucks,Regular,4-Wheel or All-Wheel Drive,20.600625,Chevrolet,Manual 5-spd,6.0,4.3
37207,Standard Pickup Trucks,Regular,4-Wheel or All-Wheel Drive,18.3116666666667,Nissan,Manual 5-spd,4.0,2.4
37208,Standard Pickup Trucks,Regular,4-Wheel or All-Wheel Drive,20.600625,Nissan,Automatic 4-spd,6.0,3.0
37209,Standard Pickup Trucks,Regular,4-Wheel or All-Wheel Drive,21.974,Nissan,Manual 5-spd,6.0,3.0
37210,Standard Pickup Trucks,Regular,4-Wheel or All-Wheel Drive,21.974,Dodge,Automatic 4-spd,6.0,3.9
37211,Standard Pickup Trucks,Regular,4-Wheel or All-Wheel Drive,21.974,Dodge,Manual 5-spd,6.0,3.9
37212,Standard Pickup Trucks,Regular,4-Wheel or All-Wheel Drive,25.3546153846154,Dodge,Automatic 4-spd,8.0,5.2
37213,Standard Pickup Trucks,Regular,4-Wheel or All-Wheel Drive,19.3888235294118,Dodge,Automatic 4-spd,4.0,2.4
37214,Standard Pickup Trucks,Regular,4-Wheel or All-Wheel Drive,18.3116666666667,Dodge,Manual 5-spd,4.0,2.4
37215,Vans,Regular,Rear-Wheel Drive,23.5435714285714,Chevrolet,Manual 3-spd,8.0,5.0
37216,Standard Pickup Trucks,Regular,4-Wheel or All-Wheel Drive,20.600625,Dodge,Automatic 4-spd,6.0,3.0
37217,Standard Pickup Trucks,Regular,4-Wheel or All-Wheel Drive,19.3888235294118,Dodge,Manual 5-spd,6.0,3.0
37218,Standard Pickup Trucks,Regular,4-Wheel or All-Wheel Drive,21.974,Dodge,Automatic 4-spd,6.0,3.9
37219,Standard Pickup Trucks,Regular,4-Wheel or All-Wheel Drive,25.3546153846154,Dodge,Manual 5-spd,6.0,3.9
37220,Standard Pickup Trucks,Regular,4-Wheel or All-Wheel Drive,29.9645454545455,Dodge,Automatic 4-spd,8.0,5.2
37221,Standard Pickup Trucks,Regular,4-Wheel or All-Wheel Drive,25.3546153846154,Dodge,Automatic 4-spd,8.0,5.2
37222,Standard Pickup Trucks,Regular,4-Wheel or All-Wheel Drive,25.3546153846154,Dodge,Manual 5-spd,8.0,5.2
37223,Standard Pickup Trucks,Regular,4-Wheel or All-Wheel Drive,29.9645454545455,Dodge,Automatic 4-spd,8.0,5.9
37224,Standard Pickup Trucks,Regular,4-Wheel or All-Wheel Drive,32.961,Dodge,Manual 5-spd,8.0,5.9
37225,Standard Pickup Trucks,Regular,4-Wheel or All-Wheel Drive,29.9645454545455,Dodge,Automatic 4-spd,8.0,5.2
37226,Vans,Regular,Rear-Wheel Drive,23.5435714285714,Chevrolet,Manual 4-spd,8.0,5.0
37227,Standard Pickup Trucks,Regular,4-Wheel or All-Wheel Drive,27.4675,Dodge,Automatic 4-spd,8.0,5.2
37228,Standard Pickup Trucks,Regular,4-Wheel or All-Wheel Drive,25.3546153846154,Dodge,Manual 5-spd,8.0,5.2
37229,Standard Pickup Trucks,Regular,4-Wheel or All-Wheel Drive,29.9645454545455,Dodge,Automatic 4-spd,8.0,5.9
37230,Standard Pickup Trucks,Regular,4-Wheel or All-Wheel Drive,32.961,Dodge,Manual 5-spd,8.0,5.9
37231,Standard Pickup Trucks,Regular,4-Wheel or All-Wheel Drive,17.3478947368421,Jeep,Manual 4-spd,4.0,2.5
37232,Standard Pickup Trucks,Regular,4-Wheel or All-Wheel Drive,17.3478947368421,Jeep,Manual 5-spd,4.0,2.5
37233,Standard Pickup Trucks,Regular,4-Wheel or All-Wheel Drive,21.974,Jeep,Automatic 4-spd,6.0,4.0
37234,Standard Pickup Trucks,Regular,4-Wheel or All-Wheel Drive,19.3888235294118,Jeep,Manual 5-spd,6.0,4.0
37235,Standard Pickup Trucks,Regular,4-Wheel or All-Wheel Drive,23.5435714285714,Ford,Automatic 4-spd,6.0,4.9
37236,Standard Pickup Trucks,Regular,4-Wheel or All-Wheel Drive,23.5435714285714,Ford,Manual 4-spd,6.0,4.9
37237,Vans,Diesel,Rear-Wheel Drive,20.115,Chevrolet,Automatic 4-spd,8.0,6.2
37238,Standard Pickup Trucks,Regular,4-Wheel or All-Wheel Drive,23.5435714285714,Ford,Manual 5-spd,6.0,4.9
37239,Standard Pickup Trucks,Regular,4-Wheel or All-Wheel Drive,23.5435714285714,Ford,Automatic 4-spd,8.0,5.0
37240,Standard Pickup Trucks,Regular,4-Wheel or All-Wheel Drive,25.3546153846154,Ford,Automatic 4-spd,8.0,5.0
37241,Standard Pickup Trucks,Regular,4-Wheel or All-Wheel Drive,25.3546153846154,Ford,Manual 4-spd,8.0,5.0
37242,Standard Pickup Trucks,Regular,4-Wheel or All-Wheel Drive,25.3546153846154,Ford,Manual 5-spd,8.0,5.0
37243,Standard Pickup Trucks,Regular,4-Wheel or All-Wheel Drive,27.4675,Ford,Automatic 4-spd,8.0,5.8
37244,Standard Pickup Trucks,Regular,4-Wheel or All-Wheel Drive,21.974,GMC,Automatic 4-spd,6.0,4.3
37245,Standard Pickup Trucks,Regular,4-Wheel or All-Wheel Drive,21.974,GMC,Manual 5-spd,6.0,4.3
37246,Standard Pickup Trucks,Regular,4-Wheel or All-Wheel Drive,20.600625,GMC,Manual 5-spd,6.0,4.3
37247,Standard Pickup Trucks,Regular,4-Wheel or All-Wheel Drive,23.5435714285714,GMC,Automatic 4-spd,8.0,5.0
37248,Vans,Diesel,Rear-Wheel Drive,20.115,Chevrolet,Manual 4-spd,8.0,6.2
37249,Standard Pickup Trucks,Regular,4-Wheel or All-Wheel Drive,25.3546153846154,GMC,Manual 5-spd,8.0,5.0
37250,Standard Pickup Trucks,Regular,4-Wheel or All-Wheel Drive,25.3546153846154,GMC,Automatic 4-spd,8.0,5.7
37251,Standard Pickup Trucks,Regular,4-Wheel or All-Wheel Drive,27.4675,GMC,Manual 4-spd,8.0,5.7
37252,Standard Pickup Trucks,Regular,4-Wheel or All-Wheel Drive,25.3546153846154,GMC,Manual 5-spd,8.0,5.7
37253,Standard Pickup Trucks,Diesel,4-Wheel or All-Wheel Drive,22.4814705882353,GMC,Automatic 4-spd,8.0,6.2
37254,Standard Pickup Trucks,Diesel,4-Wheel or All-Wheel Drive,21.2325,GMC,Manual 5-spd,8.0,6.2
37255,Standard Pickup Trucks,Regular,4-Wheel or All-Wheel Drive,21.974,GMC,Automatic 4-spd,6.0,4.3
37256,Standard Pickup Trucks,Regular,4-Wheel or All-Wheel Drive,21.974,GMC,Manual 5-spd,6.0,4.3
37257,Standard Pickup Trucks,Regular,4-Wheel or All-Wheel Drive,21.974,GMC,Manual 5-spd,6.0,4.3
37258,Standard Pickup Trucks,Regular,4-Wheel or All-Wheel Drive,23.5435714285714,GMC,Automatic 4-spd,8.0,5.0
37259,Vans,Regular,Rear-Wheel Drive,20.600625,Chevrolet,Automatic 4-spd,6.0,4.3
37260,Standard Pickup Trucks,Regular,4-Wheel or All-Wheel Drive,25.3546153846154,GMC,Manual 5-spd,8.0,5.0
37261,Standard Pickup Trucks,Regular,4-Wheel or All-Wheel Drive,25.3546153846154,GMC,Automatic 4-spd,8.0,5.7
37262,Standard Pickup Trucks,Regular,4-Wheel or All-Wheel Drive,27.4675,GMC,Manual 4-spd,8.0,5.7
37263,Standard Pickup Trucks,Regular,4-Wheel or All-Wheel Drive,25.3546153846154,GMC,Manual 5-spd,8.0,5.7
37264,Standard Pickup Trucks,Diesel,4-Wheel or All-Wheel Drive,22.4814705882353,GMC,Automatic 4-spd,8.0,6.2
37265,Standard Pickup Trucks,Diesel,4-Wheel or All-Wheel Drive,21.2325,GMC,Manual 5-spd,8.0,6.2
37266,Standard Pickup Trucks,Premium,4-Wheel or All-Wheel Drive,20.600625,GMC,Automatic 4-spd,6.0,4.3
37267,Standard Pickup Trucks,Regular,4-Wheel or All-Wheel Drive,20.600625,GMC,Automatic 4-spd,6.0,4.3
37268,Standard Pickup Trucks,Regular,4-Wheel or All-Wheel Drive,20.600625,GMC,Manual 5-spd,6.0,4.3
37269,Standard Pickup Trucks,Regular,4-Wheel or All-Wheel Drive,20.600625,Isuzu,Manual 5-spd,4.0,2.6
37270,Subcompact Cars,Regular,Rear-Wheel Drive,15.6957142857143,Nissan,Manual 5-spd,4.0,2.0
37271,Vans,Regular,Rear-Wheel Drive,21.974,Chevrolet,Manual 3-spd,6.0,4.3
37272,Standard Pickup Trucks,Regular,4-Wheel or All-Wheel Drive,21.974,Isuzu,Manual 5-spd,6.0,3.1
37273,Standard Pickup Trucks,Regular,4-Wheel or All-Wheel Drive,19.3888235294118,Mitsubishi,Automatic 4-spd,4.0,2.4
37274,Standard Pickup Trucks,Regular,4-Wheel or All-Wheel Drive,18.3116666666667,Mitsubishi,Manual 5-spd,4.0,2.4
37275,Standard Pickup Trucks,Regular,4-Wheel or All-Wheel Drive,19.3888235294118,Mitsubishi,Manual 5-spd,6.0,3.0
37276,Standard Pickup Trucks,Regular,4-Wheel or All-Wheel Drive,19.3888235294118,Mazda,Automatic 4-spd,4.0,2.6
37277,Standard Pickup Trucks,Regular,4-Wheel or All-Wheel Drive,19.3888235294118,Mazda,Manual 5-spd,4.0,2.6
37278,Standard Pickup Trucks,Regular,4-Wheel or All-Wheel Drive,19.3888235294118,Toyota,Automatic 4-spd,4.0,2.4
37279,Standard Pickup Trucks,Regular,4-Wheel or All-Wheel Drive,18.3116666666667,Toyota,Manual 5-spd,4.0,2.4
37280,Standard Pickup Trucks,Regular,4-Wheel or All-Wheel Drive,25.3546153846154,Toyota,Automatic 4-spd,6.0,3.0
37281,Standard Pickup Trucks,Regular,4-Wheel or All-Wheel Drive,21.974,Toyota,Manual 5-spd,6.0,3.0
37282,Vans,Regular,Rear-Wheel Drive,21.974,Dodge,Automatic 3-spd,6.0,3.7
37283,Vans,Premium,4-Wheel or All-Wheel Drive,20.600625,Chevrolet,Automatic 4-spd,6.0,4.3
37284,Vans,Regular,4-Wheel or All-Wheel Drive,20.600625,Chevrolet,Automatic 4-spd,6.0,4.3
37285,Vans,Regular,Rear-Wheel Drive,19.3888235294118,Chevrolet,Automatic 4-spd,6.0,4.3
37286,Vans,Regular,Rear-Wheel Drive,19.3888235294118,Chevrolet,Automatic 4-spd,6.0,4.3
37287,Vans,Regular,Rear-Wheel Drive,20.600625,Chevrolet,Automatic 4-spd,6.0,4.3
37288,Vans,Regular,Rear-Wheel Drive,23.5435714285714,Chevrolet,Automatic 4-spd,8.0,5.0
37289,Vans,Regular,Rear-Wheel Drive,23.5435714285714,Chevrolet,Automatic 4-spd,8.0,5.7
37290,Vans,Diesel,Rear-Wheel Drive,21.2325,Chevrolet,Automatic 4-spd,8.0,6.2
37291,Vans,Regular,Rear-Wheel Drive,20.600625,Chevrolet,Automatic 4-spd,6.0,4.3
37292,Vans,Regular,Rear-Wheel Drive,23.5435714285714,Chevrolet,Automatic 4-spd,8.0,5.7
37293,Vans,Regular,Rear-Wheel Drive,20.600625,Dodge,Manual 4-spd,6.0,3.7
37294,Vans,Regular,Rear-Wheel Drive,21.974,Nissan,Manual 5-spd,6.0,3.0
37295,Vans,Regular,Rear-Wheel Drive,23.5435714285714,Dodge,Automatic 3-spd,6.0,3.9
37296,Vans,Regular,Rear-Wheel Drive,23.5435714285714,Dodge,Manual 5-spd,6.0,3.9
37297,Vans,Regular,Rear-Wheel Drive,27.4675,Dodge,Automatic 3-spd,8.0,5.2
37298,Vans,Regular,Rear-Wheel Drive,25.3546153846154,Dodge,Automatic 4-spd,8.0,5.2
37299,Vans,Regular,Rear-Wheel Drive,29.9645454545455,Dodge,Automatic 4-spd,8.0,5.9
37300,Vans,Regular,Rear-Wheel Drive,23.5435714285714,Dodge,Automatic 3-spd,6.0,3.9
37301,Vans,Regular,Rear-Wheel Drive,25.3546153846154,Dodge,Automatic 4-spd,8.0,5.2
37302,Vans,Regular,Rear-Wheel Drive,29.9645454545455,Dodge,Automatic 4-spd,8.0,5.9
37303,Vans,Regular,Rear-Wheel Drive,18.3116666666667,Ford,Automatic 4-spd,6.0,3.0
37304,Vans,Regular,Rear-Wheel Drive,27.4675,Dodge,Automatic 3-spd,8.0,5.2
37305,Vans,Regular,Rear-Wheel Drive,16.4805,Ford,Manual 5-spd,6.0,3.0
37306,Vans,Regular,Rear-Wheel Drive,20.600625,Ford,Automatic 4-spd,6.0,4.0
37307,Vans,Regular,4-Wheel or All-Wheel Drive,20.600625,Ford,Automatic 4-spd,6.0,4.0
37308,Vans,Regular,Rear-Wheel Drive,23.5435714285714,Ford,Automatic 3-spd,6.0,4.9
37309,Vans,Regular,Rear-Wheel Drive,21.974,Ford,Automatic 4-spd,6.0,4.9
37310,Vans,Regular,Rear-Wheel Drive,23.5435714285714,Ford,Automatic 4-spd,8.0,5.0
37311,Vans,Regular,Rear-Wheel Drive,27.4675,Ford,Automatic 4-spd,8.0,5.8
37312,Vans,Regular,Rear-Wheel Drive,25.3546153846154,Ford,Automatic 3-spd,6.0,4.9
37313,Vans,Regular,Rear-Wheel Drive,23.5435714285714,Ford,Automatic 4-spd,6.0,4.9
37314,Vans,Regular,Rear-Wheel Drive,29.9645454545455,Ford,Automatic 4-spd,8.0,5.8
37315,Vans,Regular,Rear-Wheel Drive,27.4675,Dodge,Automatic 3-spd,8.0,5.2
37316,Vans,Regular,Rear-Wheel Drive,20.600625,GMC,Automatic 4-spd,6.0,4.3
37317,Vans,Regular,Rear-Wheel Drive,23.5435714285714,GMC,Automatic 4-spd,8.0,5.0
37318,Vans,Regular,Rear-Wheel Drive,23.5435714285714,GMC,Automatic 4-spd,8.0,5.7
37319,Vans,Diesel,Rear-Wheel Drive,21.2325,GMC,Automatic 4-spd,8.0,6.2
37320,Vans,Regular,Rear-Wheel Drive,20.600625,GMC,Automatic 4-spd,6.0,4.3
37321,Vans,Regular,Rear-Wheel Drive,23.5435714285714,GMC,Automatic 4-spd,8.0,5.7
37322,Vans,Premium,4-Wheel or All-Wheel Drive,20.600625,GMC,Automatic 4-spd,6.0,4.3
37323,Vans,Regular,4-Wheel or All-Wheel Drive,20.600625,GMC,Automatic 4-spd,6.0,4.3
37324,Vans,Regular,Rear-Wheel Drive,19.3888235294118,GMC,Automatic 4-spd,6.0,4.3
37325,Vans,Regular,Rear-Wheel Drive,19.3888235294118,GMC,Automatic 4-spd,6.0,4.3
37326,Vans,Regular,Rear-Wheel Drive,25.3546153846154,Dodge,Automatic 3-spd,8.0,5.2
37327,Vans,Regular,4-Wheel or All-Wheel Drive,21.974,Chevrolet,Automatic 4-spd,6.0,4.3
37328,Vans,Regular,4-Wheel or All-Wheel Drive,21.974,Chevrolet,Automatic 4-spd,6.0,4.3
37329,Vans,Regular,Rear-Wheel Drive,20.600625,Chevrolet,Automatic 4-spd,6.0,4.3
37330,Vans,Regular,Rear-Wheel Drive,20.600625,Chevrolet,Automatic 4-spd,6.0,4.3
37331,Vans,Regular,Rear-Wheel Drive,21.974,Chevrolet,Automatic 4-spd,6.0,4.3
37332,Vans,Regular,Rear-Wheel Drive,25.3546153846154,Chevrolet,Automatic 4-spd,8.0,5.0
37333,Vans,Regular,Rear-Wheel Drive,25.3546153846154,Chevrolet,Automatic 4-spd,8.0,5.7
37334,Vans,Diesel,Rear-Wheel Drive,23.8865625,Chevrolet,Automatic 4-spd,8.0,6.2
37335,Vans,Regular,Rear-Wheel Drive,25.3546153846154,Chevrolet,Automatic 4-spd,8.0,5.7
37336,Vans,Regular,Rear-Wheel Drive,23.5435714285714,Dodge,Automatic 3-spd,6.0,3.9
37337,Vans,Regular,Rear-Wheel Drive,25.3546153846154,Dodge,Manual 4-spd,8.0,5.2
37338,Vans,Regular,Rear-Wheel Drive,23.5435714285714,Dodge,Manual 5-spd,6.0,3.9
37339,Vans,Regular,Rear-Wheel Drive,29.9645454545455,Dodge,Automatic 3-spd,8.0,5.2
37340,Vans,Regular,Rear-Wheel Drive,25.3546153846154,Dodge,Automatic 4-spd,8.0,5.2
37341,Vans,Regular,Rear-Wheel Drive,29.9645454545455,Dodge,Automatic 4-spd,8.0,5.9
37342,Vans,Regular,Rear-Wheel Drive,27.4675,Dodge,Automatic 4-spd,8.0,5.2
37343,Vans,Regular,Rear-Wheel Drive,32.961,Dodge,Automatic 4-spd,8.0,5.9
37344,Vans,Regular,Rear-Wheel Drive,19.3888235294118,Ford,Automatic 4-spd,6.0,3.0
37345,Vans,Regular,Rear-Wheel Drive,18.3116666666667,Ford,Manual 5-spd,6.0,3.0
37346,Vans,Regular,Rear-Wheel Drive,20.600625,Ford,Automatic 4-spd,6.0,4.0
37347,Vans,Regular,4-Wheel or All-Wheel Drive,21.974,Ford,Automatic 4-spd,6.0,4.0
37348,Vans,Regular,Rear-Wheel Drive,23.5435714285714,Dodge,Manual 4-spd,8.0,5.2
37349,Vans,Regular,Rear-Wheel Drive,23.5435714285714,Ford,Automatic 4-spd,6.0,4.9
37350,Vans,Regular,Rear-Wheel Drive,25.3546153846154,Ford,Automatic 4-spd,8.0,5.0
37351,Vans,Regular,Rear-Wheel Drive,27.4675,Ford,Automatic 4-spd,8.0,5.8
37352,Vans,Regular,Rear-Wheel Drive,21.974,GMC,Automatic 4-spd,6.0,4.3
37353,Vans,Regular,Rear-Wheel Drive,25.3546153846154,GMC,Automatic 4-spd,8.0,5.0
37354,Vans,Regular,Rear-Wheel Drive,25.3546153846154,GMC,Automatic 4-spd,8.0,5.7
37355,Vans,Diesel,Rear-Wheel Drive,23.8865625,GMC,Automatic 4-spd,8.0,6.2
37356,Vans,Regular,Rear-Wheel Drive,25.3546153846154,GMC,Automatic 4-spd,8.0,5.7
37357,Vans,Regular,4-Wheel or All-Wheel Drive,21.974,GMC,Automatic 4-spd,6.0,4.3
37358,Vans,Regular,4-Wheel or All-Wheel Drive,21.974,GMC,Automatic 4-spd,6.0,4.3
37359,Vans,Regular,Rear-Wheel Drive,29.9645454545455,Dodge,Automatic 3-spd,8.0,5.9
37360,Vans,Regular,Rear-Wheel Drive,20.600625,GMC,Automatic 4-spd,6.0,4.3
37361,Vans,Regular,Rear-Wheel Drive,20.600625,GMC,Automatic 4-spd,6.0,4.3
37362,Vans,Regular,Rear-Wheel Drive,19.3888235294118,Toyota,Automatic 4-spd,4.0,2.4
37363,Vans,Regular,Rear-Wheel Drive,18.3116666666667,Toyota,Manual 5-spd,4.0,2.4
37364,Vans,Regular,4-Wheel or All-Wheel Drive,19.3888235294118,Toyota,Automatic 4-spd,4.0,2.4
37365,Vans,Regular,4-Wheel or All-Wheel Drive,19.3888235294118,Toyota,Manual 5-spd,4.0,2.4
37366,Special Purpose Vehicles,Regular,Front-Wheel Drive,18.3116666666667,Chevrolet,Automatic 3-spd,6.0,3.1
37367,Special Purpose Vehicles,Regular,Front-Wheel Drive,19.3888235294118,Chevrolet,Automatic 4-spd,6.0,3.8
37368,Special Purpose Vehicles,Regular,Rear-Wheel Drive,25.3546153846154,Chevrolet,Automatic 4-spd,8.0,5.7
37369,Special Purpose Vehicles,Regular,Rear-Wheel Drive,19.3888235294118,Chevrolet,Automatic 4-spd,6.0,4.3
37370,Vans,Regular,Rear-Wheel Drive,27.4675,Dodge,Automatic 3-spd,8.0,5.2
37371,Special Purpose Vehicles,Regular,Rear-Wheel Drive,19.3888235294118,Chevrolet,Automatic 4-spd,6.0,4.3
37372,Special Purpose Vehicles,Regular,Rear-Wheel Drive,19.3888235294118,Chevrolet,Manual 5-spd,6.0,4.3
37373,Special Purpose Vehicles,Regular,Front-Wheel Drive,16.4805,Nissan,Automatic 4-spd,4.0,2.4
37374,Special Purpose Vehicles,Regular,Front-Wheel Drive,15.6957142857143,Nissan,Manual 5-spd,4.0,2.4
37375,Special Purpose Vehicles,Regular,Rear-Wheel Drive,20.600625,Nissan,Automatic 4-spd,6.0,3.0
37376,Special Purpose Vehicles,Regular,Rear-Wheel Drive,21.974,Nissan,Manual 5-spd,6.0,3.0
37377,Special Purpose Vehicles,Regular,Front-Wheel Drive,18.3116666666667,Chrysler,Automatic 4-spd,6.0,3.3
37378,Special Purpose Vehicles,Regular,Front-Wheel Drive,16.4805,Dodge,Automatic 3-spd,4.0,2.5
37379,Special Purpose Vehicles,Regular,Front-Wheel Drive,16.4805,Dodge,Manual 5-spd,4.0,2.5
37380,Special Purpose Vehicles,Regular,Front-Wheel Drive,17.3478947368421,Dodge,Automatic 3-spd,6.0,3.0
37381,Subcompact Cars,Regular,Rear-Wheel Drive,19.3888235294118,Nissan,Automatic 4-spd,6.0,3.0
37382,Vans,Regular,Rear-Wheel Drive,29.9645454545455,Dodge,Automatic 3-spd,8.0,5.2
37383,Special Purpose Vehicles,Regular,Front-Wheel Drive,18.3116666666667,Dodge,Automatic 4-spd,6.0,3.3
37384,Special Purpose Vehicles,Regular,Front-Wheel Drive,16.4805,Dodge,Automatic 3-spd,4.0,2.5
37385,Special Purpose Vehicles,Regular,Front-Wheel Drive,16.4805,Dodge,Manual 5-spd,4.0,2.5
37386,Special Purpose Vehicles,Regular,Front-Wheel Drive,17.3478947368421,Dodge,Automatic 3-spd,6.0,3.0
37387,Special Purpose Vehicles,Regular,Front-Wheel Drive,17.3478947368421,Dodge,Automatic 4-spd,6.0,3.0
37388,Special Purpose Vehicles,Regular,Front-Wheel Drive,18.3116666666667,Dodge,Automatic 4-spd,6.0,3.3
37389,Special Purpose Vehicles,Regular,Rear-Wheel Drive,25.3546153846154,Dodge,Automatic 4-spd,8.0,5.2
37390,Special Purpose Vehicles,Regular,Rear-Wheel Drive,29.9645454545455,Dodge,Automatic 4-spd,8.0,5.9
37391,Special Purpose Vehicles,Regular,Rear-Wheel Drive,17.3478947368421,Jeep,Manual 5-spd,4.0,2.5
37392,Special Purpose Vehicles,Regular,Rear-Wheel Drive,20.600625,Jeep,Automatic 4-spd,6.0,4.0
37393,Vans,Regular,Rear-Wheel Drive,32.961,Dodge,Automatic 3-spd,8.0,5.9
37394,Special Purpose Vehicles,Regular,Rear-Wheel Drive,18.3116666666667,Jeep,Manual 5-spd,6.0,4.0
37395,Special Purpose Vehicles,Regular,Rear-Wheel Drive,20.600625,Ford,Automatic 4-spd,6.0,4.0
37396,Special Purpose Vehicles,Regular,Rear-Wheel Drive,19.3888235294118,Ford,Manual 5-spd,6.0,4.0
37397,Special Purpose Vehicles,Regular,Rear-Wheel Drive,15.6957142857143,Geo,Automatic 3-spd,4.0,1.6
37398,Special Purpose Vehicles,Regular,Rear-Wheel Drive,14.3308695652174,Geo,Manual 5-spd,4.0,1.6
37399,Special Purpose Vehicles,Regular,Rear-Wheel Drive,25.3546153846154,GMC,Automatic 4-spd,8.0,5.7
37400,Special Purpose Vehicles,Regular,Rear-Wheel Drive,19.3888235294118,GMC,Automatic 4-spd,6.0,4.3
37401,Special Purpose Vehicles,Regular,Rear-Wheel Drive,19.3888235294118,GMC,Automatic 4-spd,6.0,4.3
37402,Special Purpose Vehicles,Regular,Rear-Wheel Drive,19.3888235294118,GMC,Manual 5-spd,6.0,4.3
37403,Special Purpose Vehicles,Regular,Rear-Wheel Drive,18.3116666666667,Isuzu,Manual 5-spd,4.0,2.3
37404,Vans,Regular,Rear-Wheel Drive,23.5435714285714,Ford,Automatic 3-spd,6.0,4.9
37405,Special Purpose Vehicles,Regular,Rear-Wheel Drive,20.600625,Isuzu,Automatic 4-spd,4.0,2.6
37406,Special Purpose Vehicles,Regular,Rear-Wheel Drive,20.600625,Isuzu,Manual 5-spd,4.0,2.6
37407,Special Purpose Vehicles,Regular,Rear-Wheel Drive,19.3888235294118,Isuzu,Manual 5-spd,4.0,2.6
37408,Special Purpose Vehicles,Regular,Rear-Wheel Drive,21.974,Isuzu,Automatic 4-spd,6.0,3.1
37409,Special Purpose Vehicles,Regular,Rear-Wheel Drive,21.974,Isuzu,Manual 5-spd,6.0,3.1
37410,Special Purpose Vehicles,Regular,Rear-Wheel Drive,18.3116666666667,Mazda,Automatic 4-spd,4.0,2.6
37411,Special Purpose Vehicles,Regular,Rear-Wheel Drive,19.3888235294118,Mazda,Automatic 4-spd,6.0,3.0
37412,Special Purpose Vehicles,Regular,Rear-Wheel Drive,20.600625,Mazda,Automatic 4-spd,6.0,4.0
37413,Special Purpose Vehicles,Regular,Rear-Wheel Drive,19.3888235294118,Mazda,Manual 5-spd,6.0,4.0
37414,Special Purpose Vehicles,Regular,Front-Wheel Drive,18.3116666666667,Pontiac,Automatic 3-spd,6.0,3.1
37415,Vans,Regular,Rear-Wheel Drive,20.600625,Ford,Automatic 4-spd,6.0,4.9
37416,Special Purpose Vehicles,Regular,Front-Wheel Drive,19.3888235294118,Pontiac,Automatic 4-spd,6.0,3.8
37417,Special Purpose Vehicles,Regular,Front-Wheel Drive,16.4805,Plymouth,Automatic 3-spd,4.0,2.5
37418,Special Purpose Vehicles,Regular,Front-Wheel Drive,16.4805,Plymouth,Manual 5-spd,4.0,2.5
37419,Special Purpose Vehicles,Regular,Front-Wheel Drive,17.3478947368421,Plymouth,Automatic 3-spd,6.0,3.0
37420,Special Purpose Vehicles,Regular,Front-Wheel Drive,17.3478947368421,Plymouth,Automatic 4-spd,6.0,3.0
37421,Special Purpose Vehicles,Regular,Front-Wheel Drive,18.3116666666667,Plymouth,Automatic 4-spd,6.0,3.3
37422,Special Purpose Vehicles,Regular,Rear-Wheel Drive,13.1844,Suzuki,Manual 5-spd,4.0,1.3
37423,Special Purpose Vehicles,Regular,Rear-Wheel Drive,14.9822727272727,Suzuki,Manual 5-spd,4.0,1.6
37424,Special Purpose Vehicles,Regular,Rear-Wheel Drive,14.3308695652174,Suzuki,Manual 5-spd,4.0,1.6
37425,Special Purpose Vehicles,Regular,Front-Wheel Drive,18.3116666666667,Oldsmobile,Automatic 3-spd,6.0,3.1
37426,Vans,Regular,Rear-Wheel Drive,20.600625,Ford,Manual 3-spd,6.0,4.9
37427,Special Purpose Vehicles,Regular,Front-Wheel Drive,18.3116666666667,Oldsmobile,Automatic 4-spd,6.0,3.8
37428,Special Purpose Vehicles,Regular,Rear-Wheel Drive,19.3888235294118,Toyota,Automatic 4-spd,6.0,3.0
37429,Special Purpose Vehicles,Regular,4-Wheel or All-Wheel Drive,25.3546153846154,Chevrolet,Automatic 4-spd,8.0,5.7
37430,Special Purpose Vehicles,Regular,4-Wheel or All-Wheel Drive,25.3546153846154,Chevrolet,Manual 5-spd,8.0,5.7
37431,Special Purpose Vehicles,Regular,4-Wheel or All-Wheel Drive,27.4675,Chevrolet,Automatic 4-spd,8.0,5.7
37432,Special Purpose Vehicles,Premium,4-Wheel or All-Wheel Drive,20.600625,Chevrolet,Automatic 4-spd,6.0,4.3
37433,Special Purpose Vehicles,Regular,4-Wheel or All-Wheel Drive,20.600625,Chevrolet,Automatic 4-spd,6.0,4.3
37434,Special Purpose Vehicles,Regular,4-Wheel or All-Wheel Drive,20.600625,Chevrolet,Manual 5-spd,6.0,4.3
37435,Special Purpose Vehicles,Regular,4-Wheel or All-Wheel Drive,16.4805,Daihatsu,Manual 5-spd,4.0,1.6
37436,Special Purpose Vehicles,Regular,4-Wheel or All-Wheel Drive,18.3116666666667,Nissan,Automatic 4-spd,4.0,2.4
37437,Vans,Regular,Rear-Wheel Drive,18.3116666666667,Ford,Manual 4-spd,6.0,4.9
37438,Special Purpose Vehicles,Regular,4-Wheel or All-Wheel Drive,17.3478947368421,Nissan,Manual 5-spd,4.0,2.4
37439,Special Purpose Vehicles,Regular,4-Wheel or All-Wheel Drive,21.974,Nissan,Automatic 4-spd,6.0,3.0
37440,Special Purpose Vehicles,Regular,4-Wheel or All-Wheel Drive,21.974,Nissan,Manual 5-spd,6.0,3.0
37441,Special Purpose Vehicles,Regular,4-Wheel or All-Wheel Drive,21.974,Chrysler,Automatic 4-spd,6.0,3.3
37442,Special Purpose Vehicles,Regular,4-Wheel or All-Wheel Drive,20.600625,Dodge,Automatic 4-spd,6.0,3.3
37443,Special Purpose Vehicles,Regular,4-Wheel or All-Wheel Drive,20.600625,Dodge,Automatic 4-spd,6.0,3.3
37444,Special Purpose Vehicles,Regular,4-Wheel or All-Wheel Drive,29.9645454545455,Dodge,Automatic 4-spd,8.0,5.2
37445,Special Purpose Vehicles,Regular,4-Wheel or All-Wheel Drive,27.4675,Dodge,Automatic 4-spd,8.0,5.2
37446,Special Purpose Vehicles,Regular,4-Wheel or All-Wheel Drive,27.4675,Dodge,Manual 5-spd,8.0,5.2
37447,Special Purpose Vehicles,Regular,4-Wheel or All-Wheel Drive,29.9645454545455,Dodge,Automatic 4-spd,8.0,5.9
37448,Vans,Regular,Rear-Wheel Drive,27.4675,Ford,Automatic 4-spd,8.0,5.0
37449,Special Purpose Vehicles,Regular,4-Wheel or All-Wheel Drive,32.961,Dodge,Manual 5-spd,8.0,5.9
37450,Special Purpose Vehicles,Regular,4-Wheel or All-Wheel Drive,17.3478947368421,Jeep,Manual 5-spd,4.0,2.5
37451,Special Purpose Vehicles,Regular,4-Wheel or All-Wheel Drive,21.974,Jeep,Automatic 4-spd,6.0,4.0
37452,Special Purpose Vehicles,Regular,4-Wheel or All-Wheel Drive,19.3888235294118,Jeep,Manual 5-spd,6.0,4.0
37453,Special Purpose Vehicles,Regular,4-Wheel or All-Wheel Drive,19.3888235294118,Jeep,Manual 5-spd,4.0,2.5
37454,Special Purpose Vehicles,Regular,4-Wheel or All-Wheel Drive,23.5435714285714,Jeep,Automatic 3-spd,6.0,4.0
37455,Special Purpose Vehicles,Regular,4-Wheel or All-Wheel Drive,19.3888235294118,Jeep,Manual 5-spd,6.0,4.0
37456,Special Purpose Vehicles,Regular,4-Wheel or All-Wheel Drive,23.5435714285714,Ford,Automatic 4-spd,6.0,4.9
37457,Special Purpose Vehicles,Regular,4-Wheel or All-Wheel Drive,23.5435714285714,Ford,Manual 5-spd,6.0,4.9
37458,Special Purpose Vehicles,Regular,4-Wheel or All-Wheel Drive,25.3546153846154,Ford,Automatic 4-spd,8.0,5.0
37459,Vans,Regular,Rear-Wheel Drive,29.9645454545455,Ford,Automatic 3-spd,8.0,5.8
37460,Special Purpose Vehicles,Regular,4-Wheel or All-Wheel Drive,25.3546153846154,Ford,Manual 5-spd,8.0,5.0
37461,Special Purpose Vehicles,Regular,4-Wheel or All-Wheel Drive,27.4675,Ford,Automatic 4-spd,8.0,5.8
37462,Special Purpose Vehicles,Regular,4-Wheel or All-Wheel Drive,21.974,Ford,Automatic 4-spd,6.0,4.0
37463,Special Purpose Vehicles,Regular,4-Wheel or All-Wheel Drive,19.3888235294118,Ford,Manual 5-spd,6.0,4.0
37464,Special Purpose Vehicles,Regular,4-Wheel or All-Wheel Drive,15.6957142857143,Geo,Automatic 3-spd,4.0,1.6
37465,Special Purpose Vehicles,Regular,4-Wheel or All-Wheel Drive,14.3308695652174,Geo,Manual 5-spd,4.0,1.6
37466,Special Purpose Vehicles,Regular,4-Wheel or All-Wheel Drive,15.6957142857143,Geo,Automatic 3-spd,4.0,1.6
37467,Special Purpose Vehicles,Regular,4-Wheel or All-Wheel Drive,14.3308695652174,Geo,Manual 5-spd,4.0,1.6
37468,Special Purpose Vehicles,Premium,4-Wheel or All-Wheel Drive,20.600625,GMC,Automatic 4-spd,6.0,4.3
37469,Special Purpose Vehicles,Regular,4-Wheel or All-Wheel Drive,20.600625,GMC,Automatic 4-spd,6.0,4.3
37470,Vans,Regular,Rear-Wheel Drive,23.5435714285714,Ford,Automatic 3-spd,6.0,4.9
37471,Special Purpose Vehicles,Regular,4-Wheel or All-Wheel Drive,20.600625,GMC,Manual 5-spd,6.0,4.3
37472,Special Purpose Vehicles,Regular,4-Wheel or All-Wheel Drive,27.4675,GMC,Automatic 4-spd,8.0,5.7
37473,Special Purpose Vehicles,Regular,4-Wheel or All-Wheel Drive,25.3546153846154,GMC,Automatic 4-spd,8.0,5.7
37474,Special Purpose Vehicles,Regular,4-Wheel or All-Wheel Drive,25.3546153846154,GMC,Manual 5-spd,8.0,5.7
37475,Special Purpose Vehicles,Regular,4-Wheel or All-Wheel Drive,20.600625,Isuzu,Manual 5-spd,4.0,2.6
37476,Special Purpose Vehicles,Regular,4-Wheel or All-Wheel Drive,23.5435714285714,Isuzu,Automatic 4-spd,6.0,3.1
37477,Special Purpose Vehicles,Regular,4-Wheel or All-Wheel Drive,21.974,Isuzu,Manual 5-spd,6.0,3.1
37478,Special Purpose Vehicles,Regular,4-Wheel or All-Wheel Drive,21.974,Isuzu,Automatic 4-spd,6.0,3.2
37479,Special Purpose Vehicles,Regular,4-Wheel or All-Wheel Drive,21.974,Isuzu,Automatic 4-spd,6.0,3.2
37480,Special Purpose Vehicles,Regular,4-Wheel or All-Wheel Drive,21.974,Isuzu,Manual 5-spd,6.0,3.2
37481,Vans,Regular,Rear-Wheel Drive,25.3546153846154,Ford,Automatic 4-spd,6.0,4.9
37482,Special Purpose Vehicles,Regular,4-Wheel or All-Wheel Drive,21.974,Isuzu,Manual 5-spd,6.0,3.2
37483,Special Purpose Vehicles,Premium,4-Wheel or All-Wheel Drive,25.3546153846154,Land Rover,Automatic 4-spd,8.0,3.9
37484,Special Purpose Vehicles,Regular,4-Wheel or All-Wheel Drive,21.974,Mitsubishi,Automatic 4-spd,6.0,3.0
37485,Special Purpose Vehicles,Regular,4-Wheel or All-Wheel Drive,21.974,Mitsubishi,Manual 5-spd,6.0,3.0
37486,Special Purpose Vehicles,Regular,4-Wheel or All-Wheel Drive,21.974,Mazda,Automatic 4-spd,6.0,3.0
37487,Special Purpose Vehicles,Regular,4-Wheel or All-Wheel Drive,21.974,Mazda,Manual 5-spd,6.0,3.0
37488,Special Purpose Vehicles,Regular,4-Wheel or All-Wheel Drive,21.974,Mazda,Automatic 4-spd,6.0,4.0
37489,Special Purpose Vehicles,Regular,4-Wheel or All-Wheel Drive,19.3888235294118,Mazda,Manual 5-spd,6.0,4.0
37490,Special Purpose Vehicles,Premium,4-Wheel or All-Wheel Drive,21.974,PAS Inc - GMC,Automatic 4-spd,6.0,4.3
37491,Special Purpose Vehicles,Regular,4-Wheel or All-Wheel Drive,20.600625,Plymouth,Automatic 4-spd,6.0,3.3
37492,Subcompact Cars,Regular,Rear-Wheel Drive,17.3478947368421,Nissan,Manual 5-spd,6.0,3.0
37493,Vans,Regular,Rear-Wheel Drive,27.4675,Ford,Automatic 4-spd,8.0,5.0
37494,Special Purpose Vehicles,Regular,4-Wheel or All-Wheel Drive,16.4805,Subaru,Automatic 3-spd,4.0,1.8
37495,Special Purpose Vehicles,Regular,4-Wheel or All-Wheel Drive,14.3308695652174,Subaru,Manual 5-spd,4.0,1.8
37496,Special Purpose Vehicles,Regular,4-Wheel or All-Wheel Drive,16.4805,Subaru,Automatic 3-spd,4.0,1.8
37497,Special Purpose Vehicles,Regular,4-Wheel or All-Wheel Drive,14.3308695652174,Subaru,Manual 5-spd,4.0,1.8
37498,Special Purpose Vehicles,Regular,4-Wheel or All-Wheel Drive,13.1844,Suzuki,Manual 5-spd,4.0,1.3
37499,Special Purpose Vehicles,Regular,4-Wheel or All-Wheel Drive,15.6957142857143,Suzuki,Automatic 3-spd,4.0,1.6
37500,Special Purpose Vehicles,Regular,4-Wheel or All-Wheel Drive,15.6957142857143,Suzuki,Automatic 4-spd,4.0,1.6
37501,Special Purpose Vehicles,Regular,4-Wheel or All-Wheel Drive,14.3308695652174,Suzuki,Manual 5-spd,4.0,1.6
37502,Special Purpose Vehicles,Regular,4-Wheel or All-Wheel Drive,14.9822727272727,Suzuki,Manual 5-spd,4.0,1.6
37503,Special Purpose Vehicles,Regular,4-Wheel or All-Wheel Drive,15.6957142857143,Suzuki,Automatic 3-spd,4.0,1.6
37504,Vans,Regular,Rear-Wheel Drive,29.9645454545455,Ford,Automatic 3-spd,8.0,5.8
37505,Special Purpose Vehicles,Regular,4-Wheel or All-Wheel Drive,14.3308695652174,Suzuki,Manual 5-spd,4.0,1.6
37506,Special Purpose Vehicles,Premium,4-Wheel or All-Wheel Drive,20.600625,Oldsmobile,Automatic 4-spd,6.0,4.3
37507,Special Purpose Vehicles,Regular,4-Wheel or All-Wheel Drive,20.600625,Oldsmobile,Automatic 4-spd,6.0,4.3
37508,Special Purpose Vehicles,Regular,4-Wheel or All-Wheel Drive,29.9645454545455,Toyota,Automatic 4-spd,6.0,4.0
37509,Special Purpose Vehicles,Regular,4-Wheel or All-Wheel Drive,19.3888235294118,Toyota,Automatic 4-spd,4.0,2.4
37510,Special Purpose Vehicles,Regular,4-Wheel or All-Wheel Drive,18.3116666666667,Toyota,Manual 5-spd,4.0,2.4
37511,Special Purpose Vehicles,Regular,4-Wheel or All-Wheel Drive,25.3546153846154,Toyota,Automatic 4-spd,6.0,3.0
37512,Special Purpose Vehicles,Regular,4-Wheel or All-Wheel Drive,23.5435714285714,Toyota,Manual 5-spd,6.0,3.0
37513,Special Purpose Vehicles,Premium,Front-Wheel Drive,20.600625,Cadillac,Automatic 4-spd,8.0,4.9
37514,Special Purpose Vehicles,Regular,Rear-Wheel Drive,18.3116666666667,Chevrolet,Automatic 4-spd,8.0,5.0
37515,Vans,Regular,Rear-Wheel Drive,20.600625,GMC,Automatic 3-spd,6.0,4.3
37516,Special Purpose Vehicles,Regular,Rear-Wheel Drive,18.3116666666667,Chevrolet,Automatic 4-spd,8.0,5.7
37517,Special Purpose Vehicles,Regular,Rear-Wheel Drive,21.974,Chevrolet,Automatic 3-spd,4.0,2.5
37518,Special Purpose Vehicles,Regular,Rear-Wheel Drive,27.4675,Dodge,Automatic 4-spd,6.0,3.9
37519,Special Purpose Vehicles,Regular,Rear-Wheel Drive,27.4675,Dodge,Manual 5-spd,6.0,3.9
37520,Special Purpose Vehicles,Regular,Rear-Wheel Drive,25.3546153846154,Dodge,Automatic 4-spd,8.0,5.2
37521,Special Purpose Vehicles,Regular,Rear-Wheel Drive,29.9645454545455,Dodge,Automatic 4-spd,8.0,5.9
37522,Special Purpose Vehicles,Regular,Rear-Wheel Drive,18.3116666666667,Buick,Automatic 4-spd,8.0,5.0
37523,Special Purpose Vehicles,Regular,Rear-Wheel Drive,18.3116666666667,Buick,Automatic 4-spd,8.0,5.7
37524,Special Purpose Vehicles,Regular,Rear-Wheel Drive,32.961,Toyota,Automatic 4-spd,6.0,3.0
37525,Special Purpose Vehicles,Regular,Rear-Wheel Drive,29.9645454545455,Toyota,Manual 5-spd,6.0,3.0
37526,Vans,Regular,Rear-Wheel Drive,19.3888235294118,GMC,Automatic 4-spd,6.0,4.3
37527,Two Seaters,Premium,Rear-Wheel Drive,18.3116666666667,Acura,Automatic 4-spd,6.0,3.0
37528,Two Seaters,Premium,Rear-Wheel Drive,17.3478947368421,Acura,Manual 5-spd,6.0,3.0
37529,Two Seaters,Premium,Rear-Wheel Drive,15.6957142857143,Alfa Romeo,Automatic 3-spd,4.0,2.0
37530,Two Seaters,Premium,Rear-Wheel Drive,14.9822727272727,Alfa Romeo,Manual 5-spd,4.0,2.0
37531,Two Seaters,Premium,Front-Wheel Drive,21.974,Cadillac,Automatic 4-spd,8.0,4.6
37532,Two Seaters,Premium,Rear-Wheel Drive,18.3116666666667,Chevrolet,Manual 6-spd,8.0,5.7
37533,Two Seaters,Premium,Rear-Wheel Drive,18.3116666666667,Chevrolet,Automatic 4-spd,8.0,5.7
37534,Two Seaters,Premium,Rear-Wheel Drive,18.3116666666667,Chevrolet,Manual 6-spd,8.0,5.7
37535,Two Seaters,Premium,Rear-Wheel Drive,18.3116666666667,Nissan,Automatic 4-spd,6.0,3.0
37536,Two Seaters,Premium,Rear-Wheel Drive,18.3116666666667,Nissan,Automatic 4-spd,6.0,3.0
37537,Vans,Regular,Rear-Wheel Drive,19.3888235294118,GMC,Manual 3-spd,6.0,4.3
37538,Two Seaters,Premium,Rear-Wheel Drive,18.3116666666667,Nissan,Manual 5-spd,6.0,3.0
37539,Two Seaters,Premium,Rear-Wheel Drive,18.3116666666667,Nissan,Manual 5-spd,6.0,3.0
37540,Two Seaters,Premium,Rear-Wheel Drive,23.5435714285714,Ferrari,Manual 5-spd,8.0,3.4
37541,Two Seaters,Premium,Rear-Wheel Drive,29.9645454545455,Ferrari,Manual 5-spd,12.0,4.9
37542,Two Seaters,Regular,Front-Wheel Drive,10.987,Geo,Automatic 3-spd,3.0,1.0
37543,Two Seaters,Regular,Front-Wheel Drive,8.90837837837838,Geo,Manual 5-spd,3.0,1.0
37544,Two Seaters,Regular,Front-Wheel Drive,11.7717857142857,Honda,Automatic 4-spd,4.0,1.5
37545,Two Seaters,Regular,Front-Wheel Drive,10.6325806451613,Honda,Manual 5-spd,4.0,1.5
37546,Two Seaters,Regular,Front-Wheel Drive,12.6773076923077,Honda,Automatic 4-spd,4.0,1.6
37547,Two Seaters,Regular,Front-Wheel Drive,12.2077777777778,Honda,Manual 5-spd,4.0,1.6
37548,Vans,Regular,Rear-Wheel Drive,19.3888235294118,GMC,Manual 4-spd,6.0,4.3
37549,Two Seaters,Premium,Rear-Wheel Drive,18.3116666666667,Jaguar,Automatic 4-spd,6.0,4.0
37550,Two Seaters,Premium,Rear-Wheel Drive,21.974,Jaguar,Manual 5-spd,6.0,4.0
37551,Two Seaters,Premium,Rear-Wheel Drive,27.4675,Jaguar,Automatic 3-spd,12.0,6.0
37552,Two Seaters,Premium,4-Wheel or All-Wheel Drive,32.961,Lamborghini,Manual 5-spd,12.0,5.7
37553,Two Seaters,Premium,Front-Wheel Drive,14.3308695652174,Lotus,Manual 5-spd,4.0,1.6
37554,Two Seaters,Premium,Rear-Wheel Drive,17.3478947368421,Lotus,Manual 5-spd,4.0,2.2
37555,Two Seaters,Regular,Rear-Wheel Drive,14.3308695652174,Mazda,Automatic 4-spd,4.0,1.6
37556,Two Seaters,Regular,Rear-Wheel Drive,13.73375,Mazda,Manual 5-spd,4.0,1.6
37557,Two Seaters,Premium,Rear-Wheel Drive,18.3116666666667,Mazda,Automatic 4-spd,2.0,1.3
37558,Two Seaters,Premium,Rear-Wheel Drive,18.3116666666667,Mazda,Manual 5-spd,2.0,1.3
37559,Vans,Regular,Rear-Wheel Drive,25.3546153846154,GMC,Automatic 3-spd,8.0,5.0
37560,Two Seaters,Premium,Rear-Wheel Drive,18.3116666666667,Porsche,Manual 5-spd,6.0,3.6
37561,Two Seaters,Premium,4-Wheel or All-Wheel Drive,20.600625,Porsche,Manual 5-spd,6.0,3.6
37562,Two Seaters,Premium,Rear-Wheel Drive,19.3888235294118,Porsche,Automatic (S4),6.0,3.6
37563,Two Seaters,Premium,Rear-Wheel Drive,18.3116666666667,Porsche,Automatic 4-spd,4.0,3.0
37564,Two Seaters,Premium,Rear-Wheel Drive,18.3116666666667,Porsche,Manual 6-spd,4.0,3.0
37565,Two Seaters,Premium,Rear-Wheel Drive,16.4805,Toyota,Manual 5-spd,4.0,2.0
37566,Two Seaters,Regular,Rear-Wheel Drive,15.6957142857143,Toyota,Automatic 4-spd,4.0,2.2
37567,Two Seaters,Regular,Rear-Wheel Drive,14.9822727272727,Toyota,Manual 5-spd,4.0,2.2
37568,Two Seaters,Premium,Rear-Wheel Drive,41.20125,Vector,Automatic 3-spd,8.0,6.0
37569,Minicompact Cars,Regular,Front-Wheel Drive,12.2077777777778,Nissan,Automatic 4-spd,4.0,1.6
37570,Vans,Regular,Rear-Wheel Drive,21.974,GMC,Automatic 4-spd,8.0,5.0
37571,Minicompact Cars,Regular,Front-Wheel Drive,11.7717857142857,Nissan,Manual 5-spd,4.0,1.6
37572,Minicompact Cars,Regular,Front-Wheel Drive,14.9822727272727,Nissan,Automatic 4-spd,4.0,2.0
37573,Minicompact Cars,Regular,Front-Wheel Drive,14.3308695652174,Nissan,Manual 5-spd,4.0,2.0
37574,Minicompact Cars,Premium,Rear-Wheel Drive,16.4805,Nissan,Automatic 4-spd,4.0,2.4
37575,Minicompact Cars,Premium,Rear-Wheel Drive,14.9822727272727,Nissan,Manual 5-spd,4.0,2.4
37576,Minicompact Cars,Regular,Front-Wheel Drive,15.6957142857143,Mercury,Automatic 4-spd,4.0,1.6
37577,Minicompact Cars,Regular,Front-Wheel Drive,14.3308695652174,Mercury,Manual 5-spd,4.0,1.6
37578,Minicompact Cars,Regular,Front-Wheel Drive,13.73375,Mercury,Manual 5-spd,4.0,1.6
37579,Minicompact Cars,Premium,Rear-Wheel Drive,18.3116666666667,Porsche,Manual 5-spd,6.0,3.6
37580,Minicompact Cars,Premium,4-Wheel or All-Wheel Drive,20.600625,Porsche,Manual 5-spd,6.0,3.6
37581,Vans,Regular,Rear-Wheel Drive,23.5435714285714,GMC,Manual 3-spd,8.0,5.0
37582,Minicompact Cars,Premium,Rear-Wheel Drive,19.3888235294118,Porsche,Automatic (S4),6.0,3.6
37583,Minicompact Cars,Premium,Rear-Wheel Drive,21.974,Porsche,Automatic 4-spd,8.0,5.4
37584,Minicompact Cars,Premium,Rear-Wheel Drive,25.3546153846154,Porsche,Manual 5-spd,8.0,5.4
37585,Minicompact Cars,Premium,Rear-Wheel Drive,18.3116666666667,Porsche,Automatic 4-spd,4.0,3.0
37586,Minicompact Cars,Premium,Rear-Wheel Drive,18.3116666666667,Porsche,Manual 6-spd,4.0,3.0
37587,Minicompact Cars,Regular,Front-Wheel Drive,15.6957142857143,Toyota,Automatic 4-spd,4.0,2.2
37588,Minicompact Cars,Regular,Front-Wheel Drive,14.9822727272727,Toyota,Manual 5-spd,4.0,2.2
37589,Minicompact Cars,Regular,Front-Wheel Drive,13.1844,Toyota,Automatic 4-spd,4.0,1.5
37590,Minicompact Cars,Regular,Front-Wheel Drive,12.2077777777778,Toyota,Manual 5-spd,4.0,1.5
37591,Minicompact Cars,Regular,Front-Wheel Drive,14.9822727272727,Volkswagen,Automatic 3-spd,4.0,1.8
37592,Vans,Regular,Rear-Wheel Drive,23.5435714285714,GMC,Manual 4-spd,8.0,5.0
37593,Minicompact Cars,Regular,Front-Wheel Drive,13.73375,Volkswagen,Manual 5-spd,4.0,1.8
37594,Subcompact Cars,Premium,Front-Wheel Drive,14.3308695652174,Acura,Manual 5-spd,4.0,1.7
37595,Subcompact Cars,Regular,Front-Wheel Drive,14.3308695652174,Acura,Automatic 4-spd,4.0,1.8
37596,Subcompact Cars,Regular,Front-Wheel Drive,13.1844,Acura,Manual 5-spd,4.0,1.8
37597,Subcompact Cars,Premium,4-Wheel or All-Wheel Drive,19.3888235294118,Audi,Manual 5-spd,6.0,2.8
37598,Subcompact Cars,Premium,Rear-Wheel Drive,14.9822727272727,BMW,Automatic 4-spd,4.0,1.8
37599,Subcompact Cars,Premium,Rear-Wheel Drive,14.9822727272727,BMW,Manual 5-spd,4.0,1.8
37600,Subcompact Cars,Regular,Rear-Wheel Drive,18.3116666666667,BMW,Manual 5-spd,6.0,2.5
37601,Subcompact Cars,Premium,Rear-Wheel Drive,16.4805,BMW,Automatic 4-spd,6.0,2.5
37602,Subcompact Cars,Premium,Rear-Wheel Drive,16.4805,BMW,Manual 5-spd,6.0,2.5
37603,Subcompact Cars,Regular,Front-Wheel Drive,10.987,Dodge,Manual 4-spd,4.0,1.6
37604,Vans,Diesel,Rear-Wheel Drive,20.115,GMC,Automatic 4-spd,8.0,6.2
37605,Subcompact Cars,Regular,Rear-Wheel Drive,25.3546153846154,BMW,Automatic 4-spd,12.0,5.0
37606,Subcompact Cars,Regular,Rear-Wheel Drive,25.3546153846154,BMW,Manual 6-spd,12.0,5.0
37607,Subcompact Cars,Regular,Rear-Wheel Drive,16.4805,Chevrolet,Automatic 4-spd,6.0,3.4
37608,Subcompact Cars,Regular,Rear-Wheel Drive,16.4805,Chevrolet,Manual 5-spd,6.0,3.4
37609,Subcompact Cars,Premium,Rear-Wheel Drive,18.3116666666667,Chevrolet,Automatic 4-spd,8.0,5.7
37610,Subcompact Cars,Premium,Rear-Wheel Drive,18.3116666666667,Chevrolet,Manual 6-spd,8.0,5.7
37611,Subcompact Cars,Regular,Front-Wheel Drive,14.3308695652174,Chevrolet,Automatic 3-spd,4.0,2.2
37612,Subcompact Cars,Regular,Front-Wheel Drive,12.6773076923077,Chevrolet,Manual 5-spd,4.0,2.2
37613,Subcompact Cars,Regular,Front-Wheel Drive,15.6957142857143,Chevrolet,Automatic 3-spd,6.0,3.1
37614,Subcompact Cars,Regular,Front-Wheel Drive,16.4805,Chevrolet,Manual 5-spd,6.0,3.1
37615,Vans,Diesel,Rear-Wheel Drive,20.115,GMC,Manual 4-spd,8.0,6.2
37616,Subcompact Cars,Regular,Front-Wheel Drive,15.6957142857143,Chrysler,Automatic 3-spd,4.0,2.5
37617,Subcompact Cars,Regular,Front-Wheel Drive,15.6957142857143,Chrysler,Automatic 4-spd,6.0,3.0
37618,Subcompact Cars,Regular,Front-Wheel Drive,16.4805,Chrysler,Manual 5-spd,6.0,3.0
37619,Subcompact Cars,Regular,Front-Wheel Drive,12.2077777777778,Nissan,Automatic 4-spd,4.0,1.6
37620,Subcompact Cars,Regular,Front-Wheel Drive,11.3658620689655,Nissan,Manual 5-spd,4.0,1.6
37621,Subcompact Cars,Regular,Front-Wheel Drive,14.3308695652174,Nissan,Automatic 4-spd,4.0,2.0
37622,Subcompact Cars,Regular,Front-Wheel Drive,13.73375,Nissan,Manual 5-spd,4.0,2.0
37623,Subcompact Cars,Premium,Rear-Wheel Drive,18.3116666666667,Nissan,Automatic 4-spd,6.0,3.0
37624,Subcompact Cars,Premium,Rear-Wheel Drive,18.3116666666667,Nissan,Manual 5-spd,6.0,3.0
37625,Subcompact Cars,Regular,Front-Wheel Drive,12.2077777777778,Dodge,Automatic 3-spd,4.0,1.5
37626,Vans,Regular,Rear-Wheel Drive,20.600625,GMC,Automatic 4-spd,6.0,4.3
37627,Subcompact Cars,Regular,Front-Wheel Drive,10.6325806451613,Dodge,Manual 5-spd,4.0,1.5
37628,Subcompact Cars,Regular,Front-Wheel Drive,12.6773076923077,Dodge,Automatic 4-spd,4.0,1.8
37629,Subcompact Cars,Regular,Front-Wheel Drive,12.6773076923077,Dodge,Manual 5-spd,4.0,1.8
37630,Subcompact Cars,Premium,Front-Wheel Drive,16.4805,Dodge,Manual 5-spd,4.0,2.2
37631,Subcompact Cars,Regular,Front-Wheel Drive,14.3308695652174,Dodge,Automatic 3-spd,4.0,2.5
37632,Subcompact Cars,Regular,Front-Wheel Drive,13.1844,Dodge,Manual 5-spd,4.0,2.5
37633,Subcompact Cars,Regular,Front-Wheel Drive,15.6957142857143,Dodge,Automatic 4-spd,6.0,3.0
37634,Subcompact Cars,Regular,Front-Wheel Drive,16.4805,Dodge,Manual 5-spd,6.0,3.0
37635,Subcompact Cars,Regular,Front-Wheel Drive,14.3308695652174,Dodge,Automatic 3-spd,4.0,2.5
37636,Subcompact Cars,Regular,Front-Wheel Drive,13.1844,Dodge,Manual 5-spd,4.0,2.5
37637,Vans,Regular,Rear-Wheel Drive,21.974,GMC,Manual 3-spd,6.0,4.3
37638,Subcompact Cars,Regular,Front-Wheel Drive,15.6957142857143,Dodge,Automatic 4-spd,6.0,3.0
37639,Subcompact Cars,Regular,Front-Wheel Drive,16.4805,Dodge,Manual 5-spd,6.0,3.0
37640,Subcompact Cars,Regular,Front-Wheel Drive,18.3116666666667,Dodge,Automatic 4-spd,6.0,3.0
37641,Subcompact Cars,Premium,Front-Wheel Drive,18.3116666666667,Dodge,Automatic 4-spd,6.0,3.0
37642,Subcompact Cars,Premium,4-Wheel or All-Wheel Drive,17.3478947368421,Dodge,Manual 5-spd,6.0,3.0
37643,Subcompact Cars,Premium,Front-Wheel Drive,17.3478947368421,Dodge,Manual 5-spd,6.0,3.0
37644,Subcompact Cars,Regular,Front-Wheel Drive,18.3116666666667,Dodge,Manual 5-spd,6.0,3.0
37645,Subcompact Cars,Regular,Front-Wheel Drive,12.2077777777778,Eagle,Automatic 3-spd,4.0,1.5
37646,Subcompact Cars,Regular,Front-Wheel Drive,10.6325806451613,Eagle,Manual 5-spd,4.0,1.5
37647,Subcompact Cars,Regular,Front-Wheel Drive,12.6773076923077,Eagle,Automatic 4-spd,4.0,1.8
37648,Vans,Regular,Rear-Wheel Drive,16.4805,GMC,Automatic 4-spd,4.0,2.5
37649,Subcompact Cars,Regular,Front-Wheel Drive,12.6773076923077,Eagle,Manual 5-spd,4.0,1.8
37650,Subcompact Cars,Regular,Front-Wheel Drive,14.3308695652174,Eagle,Automatic 4-spd,4.0,1.8
37651,Subcompact Cars,Regular,Front-Wheel Drive,13.73375,Eagle,Manual 5-spd,4.0,1.8
37652,Subcompact Cars,Premium,Front-Wheel Drive,17.3478947368421,Eagle,Automatic 4-spd,4.0,2.0
37653,Subcompact Cars,Premium,4-Wheel or All-Wheel Drive,18.3116666666667,Eagle,Automatic 4-spd,4.0,2.0
37654,Subcompact Cars,Regular,Front-Wheel Drive,15.6957142857143,Eagle,Automatic 4-spd,4.0,2.0
37655,Subcompact Cars,Premium,4-Wheel or All-Wheel Drive,16.4805,Eagle,Manual 5-spd,4.0,2.0
37656,Subcompact Cars,Premium,Front-Wheel Drive,15.6957142857143,Eagle,Manual 5-spd,4.0,2.0
37657,Subcompact Cars,Regular,Front-Wheel Drive,14.9822727272727,Eagle,Manual 5-spd,4.0,2.0
37658,Subcompact Cars,Premium,Rear-Wheel Drive,25.3546153846154,Ferrari,Manual 5-spd,8.0,3.4
37659,Vans,Regular,Rear-Wheel Drive,15.6957142857143,GMC,Manual 4-spd,4.0,2.5
37660,Subcompact Cars,Premium,Rear-Wheel Drive,25.3546153846154,Ferrari,Automatic (S5),8.0,3.4
37661,Subcompact Cars,Regular,Front-Wheel Drive,11.7717857142857,Ford,Automatic 3-spd,4.0,1.3
37662,Subcompact Cars,Regular,Front-Wheel Drive,9.98818181818182,Ford,Manual 5-spd,4.0,1.3
37663,Subcompact Cars,Regular,Rear-Wheel Drive,14.9822727272727,Ford,Automatic 4-spd,4.0,2.3
37664,Subcompact Cars,Regular,Rear-Wheel Drive,14.9822727272727,Ford,Manual 5-spd,4.0,2.3
37665,Subcompact Cars,Regular,Rear-Wheel Drive,19.3888235294118,Ford,Manual 5-spd,8.0,5.0
37666,Subcompact Cars,Regular,Rear-Wheel Drive,18.3116666666667,Ford,Automatic 4-spd,8.0,5.0
37667,Subcompact Cars,Regular,Front-Wheel Drive,13.73375,Ford,Automatic 4-spd,4.0,2.0
37668,Subcompact Cars,Regular,Front-Wheel Drive,13.1844,Ford,Manual 5-spd,4.0,2.0
37669,Subcompact Cars,Premium,Front-Wheel Drive,16.4805,Ford,Automatic 4-spd,6.0,2.5
37670,Vans,Regular,Rear-Wheel Drive,14.9822727272727,GMC,Manual 5-spd,4.0,2.5
37671,Subcompact Cars,Premium,Front-Wheel Drive,16.4805,Ford,Manual 5-spd,6.0,2.5
37672,Subcompact Cars,Regular,Front-Wheel Drive,9.98818181818182,Geo,Automatic 3-spd,3.0,1.0
37673,Subcompact Cars,Regular,Front-Wheel Drive,8.24025,Geo,Manual 5-spd,3.0,1.0
37674,Subcompact Cars,Regular,Front-Wheel Drive,9.98818181818182,Geo,Automatic 3-spd,3.0,1.0
37675,Subcompact Cars,Regular,Front-Wheel Drive,8.03926829268293,Geo,Manual 5-spd,3.0,1.0
37676,Subcompact Cars,Regular,Front-Wheel Drive,7.01297872340426,Geo,Manual 5-spd,3.0,1.0
37677,Subcompact Cars,Regular,Front-Wheel Drive,13.1844,Geo,Automatic 3-spd,4.0,1.6
37678,Subcompact Cars,Regular,Front-Wheel Drive,11.7717857142857,Geo,Manual 5-spd,4.0,1.6
37679,Subcompact Cars,Regular,Front-Wheel Drive,14.9822727272727,Geo,Automatic 4-spd,4.0,1.8
37680,Subcompact Cars,Regular,Front-Wheel Drive,13.73375,Geo,Manual 5-spd,4.0,1.8
37681,Vans,Regular,Rear-Wheel Drive,18.3116666666667,GMC,Automatic 4-spd,6.0,4.3
37682,Subcompact Cars,Regular,Front-Wheel Drive,11.3658620689655,Honda,Automatic 4-spd,4.0,1.5
37683,Subcompact Cars,Regular,Front-Wheel Drive,8.67394736842105,Honda,Manual 5-spd,4.0,1.5
37684,Subcompact Cars,Regular,Front-Wheel Drive,10.3003125,Honda,Manual 5-spd,4.0,1.5
37685,Subcompact Cars,Regular,Front-Wheel Drive,9.15583333333333,Honda,Manual 5-spd,4.0,1.5
37686,Subcompact Cars,Regular,Front-Wheel Drive,12.6773076923077,Honda,Automatic 4-spd,4.0,1.6
37687,Subcompact Cars,Regular,Front-Wheel Drive,11.7717857142857,Honda,Manual 5-spd,4.0,1.6
37688,Subcompact Cars,Regular,Front-Wheel Drive,7.6653488372093,Honda,Manual 5-spd,4.0,1.5
37689,Subcompact Cars,Regular,Front-Wheel Drive,8.24025,Honda,Manual 5-spd,4.0,1.5
37690,Subcompact Cars,Regular,Front-Wheel Drive,14.3308695652174,Honda,Automatic 4-spd,4.0,2.2
37691,Subcompact Cars,Premium,Front-Wheel Drive,15.6957142857143,Honda,Manual 5-spd,4.0,2.2
37692,Vans,Regular,Rear-Wheel Drive,19.3888235294118,GMC,Manual 4-spd,6.0,4.3
37693,Subcompact Cars,Regular,Front-Wheel Drive,13.73375,Honda,Manual 5-spd,4.0,2.2
37694,Subcompact Cars,Premium,Front-Wheel Drive,15.6957142857143,Honda,Automatic 4-spd,4.0,2.3
37695,Subcompact Cars,Premium,Front-Wheel Drive,15.6957142857143,Honda,Manual 5-spd,4.0,2.3
37696,Subcompact Cars,Regular,Front-Wheel Drive,12.6773076923077,Hyundai,Automatic 4-spd,4.0,1.5
37697,Subcompact Cars,Regular,Front-Wheel Drive,12.2077777777778,Hyundai,Manual 4-spd,4.0,1.5
37698,Subcompact Cars,Regular,Front-Wheel Drive,11.7717857142857,Hyundai,Manual 5-spd,4.0,1.5
37699,Subcompact Cars,Regular,Front-Wheel Drive,13.1844,Hyundai,Manual 5-spd,4.0,1.5
37700,Subcompact Cars,Regular,Front-Wheel Drive,13.1844,Hyundai,Automatic 4-spd,4.0,1.5
37701,Subcompact Cars,Regular,Front-Wheel Drive,12.2077777777778,Hyundai,Manual 5-spd,4.0,1.5
37702,Subcompact Cars,Regular,Front-Wheel Drive,14.9822727272727,Isuzu,Automatic 4-spd,4.0,1.8
37703,Vans,Regular,Rear-Wheel Drive,17.3478947368421,GMC,Manual 5-spd,6.0,4.3
37704,Subcompact Cars,Regular,Front-Wheel Drive,13.73375,Isuzu,Manual 5-spd,4.0,1.8
37705,Subcompact Cars,Premium,Rear-Wheel Drive,18.3116666666667,Infiniti,Automatic 4-spd,6.0,3.0
37706,Subcompact Cars,Premium,Rear-Wheel Drive,18.3116666666667,Jaguar,Automatic 4-spd,6.0,4.0
37707,Subcompact Cars,Premium,Rear-Wheel Drive,20.600625,Jaguar,Manual 5-spd,6.0,4.0
37708,Subcompact Cars,Premium,Rear-Wheel Drive,27.4675,Jaguar,Automatic 3-spd,12.0,6.0
37709,Subcompact Cars,Premium,Rear-Wheel Drive,18.3116666666667,Lexus,Automatic 4-spd,6.0,3.0
37710,Subcompact Cars,Premium,Rear-Wheel Drive,18.3116666666667,Lexus,Manual 5-spd,6.0,3.0
37711,Subcompact Cars,Premium,Rear-Wheel Drive,18.3116666666667,Lexus,Automatic 4-spd,8.0,4.0
37712,Subcompact Cars,Regular,Front-Wheel Drive,13.1844,Mazda,Automatic 4-spd,4.0,1.6
37713,Subcompact Cars,Regular,Front-Wheel Drive,12.2077777777778,Mazda,Manual 5-spd,4.0,1.6
37714,Subcompact Cars,Regular,Front-Wheel Drive,14.3308695652174,Dodge,Automatic 3-spd,4.0,2.2
37715,Vans,Regular,Rear-Wheel Drive,16.4805,Toyota,Automatic 4-spd,4.0,2.0
37716,Subcompact Cars,Regular,Front-Wheel Drive,16.4805,Mazda,Automatic 4-spd,6.0,1.9
37717,Subcompact Cars,Regular,Front-Wheel Drive,14.9822727272727,Mazda,Manual 5-spd,6.0,1.9
37718,Subcompact Cars,Regular,Front-Wheel Drive,14.3308695652174,Mazda,Automatic 4-spd,4.0,2.0
37719,Subcompact Cars,Regular,Front-Wheel Drive,12.6773076923077,Mazda,Manual 5-spd,4.0,2.0
37720,Subcompact Cars,Premium,Front-Wheel Drive,17.3478947368421,Mazda,Automatic 4-spd,6.0,2.5
37721,Subcompact Cars,Premium,Front-Wheel Drive,16.4805,Mazda,Manual 5-spd,6.0,2.5
37722,Subcompact Cars,Premium,Rear-Wheel Drive,16.4805,Mercedes-Benz,Automatic 4-spd,4.0,2.3
37723,Subcompact Cars,Premium,Rear-Wheel Drive,15.6957142857143,Mercedes-Benz,Manual 5-spd,4.0,2.3
37724,Subcompact Cars,Premium,Rear-Wheel Drive,16.4805,Mercedes-Benz,Automatic 4-spd,6.0,2.6
37725,Subcompact Cars,Premium,Rear-Wheel Drive,16.4805,Mercedes-Benz,Manual 5-spd,6.0,2.6
37726,Vans,Regular,Rear-Wheel Drive,15.6957142857143,Toyota,Manual 5-spd,4.0,2.0
37727,Subcompact Cars,Regular,Front-Wheel Drive,14.3308695652174,Mitsubishi,Automatic 4-spd,4.0,1.8
37728,Subcompact Cars,Regular,Front-Wheel Drive,13.73375,Mitsubishi,Manual 5-spd,4.0,1.8
37729,Subcompact Cars,Premium,4-Wheel or All-Wheel Drive,18.3116666666667,Mitsubishi,Automatic 4-spd,4.0,2.0
37730,Subcompact Cars,Premium,Front-Wheel Drive,17.3478947368421,Mitsubishi,Automatic 4-spd,4.0,2.0
37731,Subcompact Cars,Regular,Front-Wheel Drive,15.6957142857143,Mitsubishi,Automatic 4-spd,4.0,2.0
37732,Subcompact Cars,Premium,4-Wheel or All-Wheel Drive,16.4805,Mitsubishi,Manual 5-spd,4.0,2.0
37733,Subcompact Cars,Premium,Front-Wheel Drive,15.6957142857143,Mitsubishi,Manual 5-spd,4.0,2.0
37734,Subcompact Cars,Regular,Front-Wheel Drive,14.9822727272727,Mitsubishi,Manual 5-spd,4.0,2.0
37735,Subcompact Cars,Regular,Front-Wheel Drive,12.2077777777778,Mitsubishi,Automatic 3-spd,4.0,1.5
37736,Subcompact Cars,Regular,Front-Wheel Drive,10.6325806451613,Mitsubishi,Manual 5-spd,4.0,1.5
37737,Vans,Regular,Rear-Wheel Drive,16.4805,Chevrolet,Automatic 4-spd,4.0,2.5
37738,Subcompact Cars,Regular,Front-Wheel Drive,12.6773076923077,Mitsubishi,Automatic 4-spd,4.0,1.8
37739,Subcompact Cars,Regular,Front-Wheel Drive,12.6773076923077,Mitsubishi,Manual 5-spd,4.0,1.8
37740,Subcompact Cars,Premium,Front-Wheel Drive,18.3116666666667,Mitsubishi,Automatic 4-spd,6.0,3.0
37741,Subcompact Cars,Premium,4-Wheel or All-Wheel Drive,17.3478947368421,Mitsubishi,Manual 5-spd,6.0,3.0
37742,Subcompact Cars,Premium,Front-Wheel Drive,17.3478947368421,Mitsubishi,Manual 5-spd,6.0,3.0
37743,Subcompact Cars,Regular,Front-Wheel Drive,12.2077777777778,Plymouth,Automatic 3-spd,4.0,1.5
37744,Subcompact Cars,Regular,Front-Wheel Drive,10.6325806451613,Plymouth,Manual 5-spd,4.0,1.5
37745,Subcompact Cars,Regular,Front-Wheel Drive,12.6773076923077,Plymouth,Automatic 4-spd,4.0,1.8
37746,Subcompact Cars,Regular,Front-Wheel Drive,12.6773076923077,Plymouth,Manual 5-spd,4.0,1.8
37747,Subcompact Cars,Regular,Front-Wheel Drive,14.3308695652174,Plymouth,Automatic 4-spd,4.0,1.8
37748,Vans,Regular,Rear-Wheel Drive,15.6957142857143,Chevrolet,Manual 4-spd,4.0,2.5
37749,Subcompact Cars,Regular,Front-Wheel Drive,13.73375,Plymouth,Manual 5-spd,4.0,1.8
37750,Subcompact Cars,Premium,4-Wheel or All-Wheel Drive,18.3116666666667,Plymouth,Automatic 4-spd,4.0,2.0
37751,Subcompact Cars,Premium,Front-Wheel Drive,17.3478947368421,Plymouth,Automatic 4-spd,4.0,2.0
37752,Subcompact Cars,Regular,Front-Wheel Drive,15.6957142857143,Plymouth,Automatic 4-spd,4.0,2.0
37753,Subcompact Cars,Premium,4-Wheel or All-Wheel Drive,16.4805,Plymouth,Manual 5-spd,4.0,2.0
37754,Subcompact Cars,Regular,Front-Wheel Drive,14.9822727272727,Plymouth,Manual 5-spd,4.0,2.0
37755,Subcompact Cars,Premium,Front-Wheel Drive,15.6957142857143,Plymouth,Manual 5-spd,4.0,2.0
37756,Subcompact Cars,Regular,Rear-Wheel Drive,16.4805,Pontiac,Automatic 4-spd,6.0,3.4
37757,Subcompact Cars,Regular,Rear-Wheel Drive,16.4805,Pontiac,Manual 5-spd,6.0,3.4
37758,Subcompact Cars,Premium,Rear-Wheel Drive,18.3116666666667,Pontiac,Automatic 4-spd,8.0,5.7
37759,Vans,Regular,Rear-Wheel Drive,14.9822727272727,Chevrolet,Manual 5-spd,4.0,2.5
37760,Subcompact Cars,Premium,Rear-Wheel Drive,18.3116666666667,Pontiac,Manual 6-spd,8.0,5.7
37761,Subcompact Cars,Regular,Front-Wheel Drive,13.73375,Pontiac,Automatic 3-spd,4.0,2.0
37762,Subcompact Cars,Regular,Front-Wheel Drive,12.6773076923077,Pontiac,Manual 5-spd,4.0,2.0
37763,Subcompact Cars,Regular,Front-Wheel Drive,15.6957142857143,Pontiac,Automatic 3-spd,6.0,3.1
37764,Subcompact Cars,Regular,Front-Wheel Drive,16.4805,Pontiac,Manual 5-spd,6.0,3.1
37765,Subcompact Cars,Premium,Rear-Wheel Drive,29.9645454545455,Rolls-Royce,Automatic 4-spd,8.0,6.8
37766,Subcompact Cars,Premium,Rear-Wheel Drive,29.9645454545455,Rolls-Royce,Automatic 4-spd,8.0,6.8
37767,Subcompact Cars,Regular,Front-Wheel Drive,19.3888235294118,Saab,Automatic 3-spd,4.0,2.1
37768,Subcompact Cars,Regular,Front-Wheel Drive,16.4805,Saab,Manual 5-spd,4.0,2.0
37769,Subcompact Cars,Regular,Front-Wheel Drive,18.3116666666667,Saab,Automatic 3-spd,4.0,2.1
37770,Vans,Regular,Rear-Wheel Drive,19.3888235294118,Chevrolet,Automatic 4-spd,6.0,4.3
37771,Subcompact Cars,Regular,Front-Wheel Drive,16.4805,Saab,Manual 5-spd,4.0,2.1
37772,Subcompact Cars,Regular,Front-Wheel Drive,12.6773076923077,Saturn,Automatic 4-spd,4.0,1.9
37773,Subcompact Cars,Regular,Front-Wheel Drive,13.73375,Saturn,Automatic 4-spd,4.0,1.9
37774,Subcompact Cars,Regular,Front-Wheel Drive,13.1844,Saturn,Manual 5-spd,4.0,1.9
37775,Subcompact Cars,Regular,Front-Wheel Drive,11.7717857142857,Saturn,Manual 5-spd,4.0,1.9
37776,Subcompact Cars,Regular,Front-Wheel Drive,10.987,Subaru,Automatic (variable gear ratios),3.0,1.2
37777,Subcompact Cars,Regular,Front-Wheel Drive,10.987,Subaru,Manual 5-spd,3.0,1.2
37778,Subcompact Cars,Regular,4-Wheel or All-Wheel Drive,12.2077777777778,Subaru,Automatic (variable gear ratios),3.0,1.2
37779,Subcompact Cars,Regular,4-Wheel or All-Wheel Drive,12.6773076923077,Subaru,Manual 5-spd,3.0,1.2
37780,Subcompact Cars,Premium,Front-Wheel Drive,17.3478947368421,Subaru,Automatic 4-spd,6.0,3.3
37781,Vans,Regular,Rear-Wheel Drive,20.600625,Chevrolet,Manual 4-spd,6.0,4.3
37782,Subcompact Cars,Premium,4-Wheel or All-Wheel Drive,18.3116666666667,Subaru,Automatic 4-spd,6.0,3.3
37783,Subcompact Cars,Regular,Front-Wheel Drive,9.98818181818182,Suzuki,Automatic 3-spd,3.0,1.0
37784,Subcompact Cars,Regular,Front-Wheel Drive,8.03926829268293,Suzuki,Manual 5-spd,3.0,1.0
37785,Subcompact Cars,Regular,Front-Wheel Drive,12.2077777777778,Suzuki,Automatic 3-spd,4.0,1.3
37786,Subcompact Cars,Regular,Front-Wheel Drive,9.41742857142857,Suzuki,Manual 5-spd,4.0,1.3
37787,Subcompact Cars,Regular,Front-Wheel Drive,12.2077777777778,Suzuki,Manual 5-spd,4.0,1.3
37788,Subcompact Cars,Regular,Front-Wheel Drive,13.73375,Toyota,Automatic 4-spd,4.0,1.6
37789,Subcompact Cars,Regular,Front-Wheel Drive,13.1844,Toyota,Manual 5-spd,4.0,1.6
37790,Subcompact Cars,Premium,4-Wheel or All-Wheel Drive,17.3478947368421,Toyota,Manual 5-spd,4.0,2.0
37791,Subcompact Cars,Regular,Front-Wheel Drive,16.4805,Toyota,Automatic 4-spd,4.0,2.2
37792,Vans,Regular,Rear-Wheel Drive,19.3888235294118,Chevrolet,Manual 5-spd,6.0,4.3
37793,Subcompact Cars,Regular,Front-Wheel Drive,14.9822727272727,Toyota,Manual 5-spd,4.0,2.2
37794,Subcompact Cars,Regular,Front-Wheel Drive,13.73375,Toyota,Automatic 3-spd,4.0,1.5
37795,Subcompact Cars,Regular,Front-Wheel Drive,11.3658620689655,Toyota,Manual 4-spd,4.0,1.5
37796,Subcompact Cars,Regular,Front-Wheel Drive,12.2077777777778,Toyota,Manual 5-spd,4.0,1.5
37797,Subcompact Cars,Regular,Front-Wheel Drive,19.3888235294118,Volkswagen,Automatic 4-spd,6.0,2.8
37798,Subcompact Cars,Regular,Front-Wheel Drive,17.3478947368421,Volkswagen,Manual 5-spd,6.0,2.8
37799,Subcompact Cars,Regular,Front-Wheel Drive,13.1844,Volkswagen,Manual 5-spd,4.0,1.8
37800,Compact Cars,Premium,Front-Wheel Drive,17.3478947368421,Acura,Automatic 4-spd,6.0,3.2
37801,Compact Cars,Premium,Front-Wheel Drive,18.3116666666667,Acura,Manual 5-spd,6.0,3.2
37802,Compact Cars,Premium,Front-Wheel Drive,16.4805,Acura,Automatic 4-spd,5.0,2.5
37803,Vans,Regular,Rear-Wheel Drive,21.974,Chevrolet,Automatic 3-spd,6.0,4.3
37804,Compact Cars,Premium,Front-Wheel Drive,16.4805,Acura,Manual 5-spd,5.0,2.5
37805,Compact Cars,Premium,Front-Wheel Drive,18.3116666666667,Alfa Romeo,Automatic 4-spd,6.0,3.0
37806,Compact Cars,Premium,Front-Wheel Drive,17.3478947368421,Alfa Romeo,Manual 5-spd,6.0,3.0
37807,Compact Cars,Premium,Front-Wheel Drive,18.3116666666667,Alfa Romeo,Manual 5-spd,6.0,3.0
37808,Compact Cars,Premium,4-Wheel or All-Wheel Drive,18.3116666666667,Audi,Manual 5-spd,5.0,2.2
37809,Compact Cars,Premium,4-Wheel or All-Wheel Drive,18.3116666666667,Audi,Automatic 4-spd,6.0,2.8
37810,Compact Cars,Premium,4-Wheel or All-Wheel Drive,18.3116666666667,Audi,Manual 5-spd,6.0,2.8
37811,Compact Cars,Premium,Front-Wheel Drive,19.3888235294118,Audi,Automatic 4-spd,6.0,2.8
37812,Compact Cars,Premium,Front-Wheel Drive,16.4805,Audi,Manual 5-spd,6.0,2.8
37813,Compact Cars,Premium,Rear-Wheel Drive,17.3478947368421,BMW,Automatic 4-spd,6.0,2.5
37814,Vans,Regular,Rear-Wheel Drive,20.600625,Chevrolet,Automatic 4-spd,6.0,4.3
37815,Compact Cars,Premium,Rear-Wheel Drive,16.4805,BMW,Manual 5-spd,6.0,2.5
37816,Compact Cars,Premium,Rear-Wheel Drive,23.5435714285714,BMW,Manual 5-spd,6.0,3.5
37817,Compact Cars,Regular,Rear-Wheel Drive,19.3888235294118,BMW,Automatic 4-spd,6.0,3.4
37818,Compact Cars,Regular,Rear-Wheel Drive,20.600625,BMW,Manual 5-spd,6.0,3.4
37819,Compact Cars,Regular,Front-Wheel Drive,14.3308695652174,Buick,Automatic 3-spd,4.0,2.3
37820,Compact Cars,Regular,Front-Wheel Drive,15.6957142857143,Buick,Automatic 3-spd,6.0,3.3
37821,Compact Cars,Regular,Front-Wheel Drive,14.3308695652174,Chevrolet,Automatic 3-spd,4.0,2.2
37822,Compact Cars,Regular,Front-Wheel Drive,13.1844,Chevrolet,Manual 5-spd,4.0,2.2
37823,Compact Cars,Premium,Front-Wheel Drive,15.6957142857143,Chevrolet,Manual 5-spd,4.0,2.3
37824,Compact Cars,Regular,Front-Wheel Drive,15.6957142857143,Chevrolet,Automatic 3-spd,6.0,3.1
37825,Subcompact Cars,Regular,Front-Wheel Drive,12.6773076923077,Dodge,Manual 5-spd,4.0,2.2
37826,Vans,Regular,Rear-Wheel Drive,21.974,Chevrolet,Manual 3-spd,6.0,4.3
37827,Compact Cars,Regular,Front-Wheel Drive,16.4805,Chevrolet,Manual 5-spd,6.0,3.1
37828,Compact Cars,Regular,Front-Wheel Drive,14.3308695652174,Chevrolet,Automatic 3-spd,4.0,2.2
37829,Compact Cars,Regular,Front-Wheel Drive,13.1844,Chevrolet,Manual 5-spd,4.0,2.2
37830,Compact Cars,Regular,Front-Wheel Drive,15.6957142857143,Chevrolet,Automatic 3-spd,6.0,3.1
37831,Compact Cars,Regular,Front-Wheel Drive,14.3308695652174,Chrysler,Automatic 3-spd,4.0,2.5
37832,Compact Cars,Regular,Front-Wheel Drive,16.4805,Chrysler,Automatic 3-spd,6.0,3.0
37833,Compact Cars,Regular,Front-Wheel Drive,15.6957142857143,Chrysler,Automatic 4-spd,6.0,3.0
37834,Compact Cars,Regular,Front-Wheel Drive,16.4805,Chrysler,Manual 5-spd,6.0,3.0
37835,Compact Cars,Regular,Front-Wheel Drive,15.6957142857143,Nissan,Automatic 4-spd,4.0,2.4
37836,Compact Cars,Regular,Front-Wheel Drive,14.3308695652174,Nissan,Manual 5-spd,4.0,2.4
37837,Vans,Regular,Rear-Wheel Drive,27.4675,Chevrolet,Automatic 3-spd,8.0,5.0
37838,Compact Cars,Regular,Front-Wheel Drive,14.3308695652174,Dodge,Automatic 3-spd,4.0,2.2
37839,Compact Cars,Regular,Front-Wheel Drive,12.6773076923077,Dodge,Manual 5-spd,4.0,2.2
37840,Compact Cars,Regular,Front-Wheel Drive,14.3308695652174,Dodge,Automatic 3-spd,4.0,2.5
37841,Compact Cars,Regular,Front-Wheel Drive,13.1844,Dodge,Manual 5-spd,4.0,2.5
37842,Compact Cars,Regular,Front-Wheel Drive,15.6957142857143,Dodge,Automatic 4-spd,6.0,3.0
37843,Compact Cars,Regular,Front-Wheel Drive,16.4805,Dodge,Manual 5-spd,6.0,3.0
37844,Compact Cars,Regular,Front-Wheel Drive,14.3308695652174,Ford,Automatic 4-spd,4.0,1.8
37845,Compact Cars,Regular,Front-Wheel Drive,13.1844,Ford,Manual 5-spd,4.0,1.8
37846,Compact Cars,Regular,Front-Wheel Drive,13.1844,Ford,Automatic 4-spd,4.0,1.9
37847,Compact Cars,Regular,Front-Wheel Drive,11.3658620689655,Ford,Manual 5-spd,4.0,1.9
37848,Vans,Regular,Rear-Wheel Drive,23.5435714285714,Chevrolet,Automatic 4-spd,8.0,5.0
37849,Compact Cars,Regular,Front-Wheel Drive,10.987,Ford,Manual 5-spd,4.0,1.9
37850,Compact Cars,Regular,Front-Wheel Drive,15.6957142857143,Ford,Automatic 3-spd,4.0,2.3
37851,Compact Cars,Regular,Front-Wheel Drive,13.73375,Ford,Manual 5-spd,4.0,2.3
37852,Compact Cars,Regular,Front-Wheel Drive,17.3478947368421,Ford,Automatic 3-spd,6.0,3.0
37853,Compact Cars,Regular,Front-Wheel Drive,15.6957142857143,Ford,Manual 5-spd,6.0,3.0
37854,Compact Cars,Regular,Front-Wheel Drive,13.73375,Geo,Automatic 3-spd,4.0,1.6
37855,Compact Cars,Regular,Front-Wheel Drive,12.6773076923077,Geo,Manual 5-spd,4.0,1.6
37856,Compact Cars,Regular,Front-Wheel Drive,13.1844,Geo,Automatic 4-spd,4.0,1.8
37857,Compact Cars,Regular,Front-Wheel Drive,12.2077777777778,Geo,Manual 5-spd,4.0,1.8
37858,Compact Cars,Regular,Front-Wheel Drive,14.9822727272727,Honda,Automatic 4-spd,4.0,2.2
37859,Vans,Regular,Rear-Wheel Drive,25.3546153846154,Chevrolet,Automatic 4-spd,8.0,5.7
37860,Compact Cars,Regular,Front-Wheel Drive,13.73375,Honda,Manual 5-spd,4.0,2.2
37861,Compact Cars,Regular,Front-Wheel Drive,14.9822727272727,Hyundai,Manual 5-spd,4.0,1.6
37862,Compact Cars,Regular,Front-Wheel Drive,14.9822727272727,Hyundai,Automatic 4-spd,4.0,1.8
37863,Compact Cars,Regular,Front-Wheel Drive,15.6957142857143,Hyundai,Manual 5-spd,4.0,1.8
37864,Compact Cars,Regular,Front-Wheel Drive,12.6773076923077,Mitsubishi,Automatic 4-spd,4.0,1.5
37865,Compact Cars,Regular,Front-Wheel Drive,12.2077777777778,Mitsubishi,Manual 4-spd,4.0,1.5
37866,Compact Cars,Regular,Front-Wheel Drive,13.1844,Isuzu,Automatic 3-spd,4.0,1.6
37867,Compact Cars,Regular,Front-Wheel Drive,11.7717857142857,Isuzu,Manual 5-spd,4.0,1.6
37868,Compact Cars,Regular,Front-Wheel Drive,13.73375,Isuzu,Manual 5-spd,4.0,1.8
37869,Compact Cars,Regular,Front-Wheel Drive,14.9822727272727,Infiniti,Automatic 4-spd,4.0,2.0
37870,Vans,Diesel,Rear-Wheel Drive,21.2325,Chevrolet,Automatic 4-spd,8.0,6.2
37871,Compact Cars,Regular,Front-Wheel Drive,13.73375,Infiniti,Manual 5-spd,4.0,2.0
37872,Compact Cars,Premium,Rear-Wheel Drive,18.3116666666667,Jaguar,Automatic 4-spd,6.0,4.0
37873,Compact Cars,Regular,Front-Wheel Drive,18.3116666666667,Lexus,Automatic 4-spd,6.0,3.0
37874,Compact Cars,Regular,Front-Wheel Drive,18.3116666666667,Lexus,Manual 5-spd,6.0,3.0
37875,Compact Cars,Regular,Front-Wheel Drive,15.6957142857143,Mercury,Automatic 3-spd,4.0,2.3
37876,Compact Cars,Regular,Front-Wheel Drive,13.73375,Mercury,Manual 5-spd,4.0,2.3
37877,Compact Cars,Regular,Front-Wheel Drive,17.3478947368421,Mercury,Automatic 3-spd,6.0,3.0
37878,Compact Cars,Regular,Front-Wheel Drive,15.6957142857143,Mercury,Manual 5-spd,6.0,3.0
37879,Compact Cars,Regular,Front-Wheel Drive,14.3308695652174,Mercury,Automatic 4-spd,4.0,1.8
37880,Compact Cars,Regular,Front-Wheel Drive,13.1844,Mercury,Manual 5-spd,4.0,1.8
37881,Vans,Diesel,Rear-Wheel Drive,22.4814705882353,Chevrolet,Manual 4-spd,8.0,6.2
37882,Compact Cars,Regular,Front-Wheel Drive,13.1844,Mercury,Automatic 4-spd,4.0,1.9
37883,Compact Cars,Regular,Front-Wheel Drive,11.7717857142857,Mercury,Manual 5-spd,4.0,1.9
37884,Compact Cars,Regular,Front-Wheel Drive,13.73375,Mazda,Automatic 4-spd,4.0,1.8
37885,Compact Cars,Regular,Front-Wheel Drive,14.3308695652174,Mazda,Automatic 4-spd,4.0,1.8
37886,Compact Cars,Regular,Front-Wheel Drive,13.73375,Mazda,Manual 5-spd,4.0,1.8
37887,Compact Cars,Regular,Front-Wheel Drive,12.2077777777778,Mazda,Manual 5-spd,4.0,1.8
37888,Compact Cars,Regular,Front-Wheel Drive,13.1844,Mazda,Automatic 4-spd,4.0,1.6
37889,Compact Cars,Regular,Front-Wheel Drive,13.1844,Mazda,Automatic 4-spd,4.0,1.6
37890,Compact Cars,Regular,Front-Wheel Drive,12.2077777777778,Mazda,Manual 5-spd,4.0,1.6
37891,Compact Cars,Regular,Front-Wheel Drive,11.7717857142857,Mazda,Manual 5-spd,4.0,1.6
37892,Vans,Regular,Rear-Wheel Drive,29.9645454545455,Chevrolet,Automatic 4-spd,8.0,5.7
37893,Compact Cars,Premium,Rear-Wheel Drive,18.3116666666667,Mercedes-Benz,Automatic 4-spd,8.0,4.2
37894,Compact Cars,Premium,Front-Wheel Drive,18.3116666666667,Mitsubishi,Automatic 4-spd,6.0,3.0
37895,Compact Cars,Premium,Front-Wheel Drive,18.3116666666667,Mitsubishi,Automatic 4-spd,6.0,3.0
37896,Compact Cars,Regular,Front-Wheel Drive,15.6957142857143,Mitsubishi,Automatic 4-spd,4.0,2.0
37897,Compact Cars,Premium,Front-Wheel Drive,16.4805,Mitsubishi,Manual 5-spd,4.0,2.0
37898,Compact Cars,Regular,Front-Wheel Drive,14.9822727272727,Mitsubishi,Manual 5-spd,4.0,2.0
37899,Compact Cars,Regular,Front-Wheel Drive,14.9822727272727,Oldsmobile,Automatic 3-spd,4.0,2.3
37900,Compact Cars,Regular,Front-Wheel Drive,14.3308695652174,Oldsmobile,Automatic 3-spd,4.0,2.3
37901,Compact Cars,Regular,Front-Wheel Drive,13.73375,Oldsmobile,Manual 5-spd,4.0,2.3
37902,Compact Cars,Premium,Front-Wheel Drive,15.6957142857143,Oldsmobile,Manual 5-spd,4.0,2.3
37903,Vans,Regular,Rear-Wheel Drive,21.974,Dodge,Automatic 3-spd,6.0,3.7
37904,Compact Cars,Regular,Front-Wheel Drive,15.6957142857143,Oldsmobile,Automatic 3-spd,6.0,3.3
37905,Compact Cars,Regular,Front-Wheel Drive,14.3308695652174,Plymouth,Automatic 3-spd,4.0,2.2
37906,Compact Cars,Regular,Front-Wheel Drive,12.6773076923077,Plymouth,Manual 5-spd,4.0,2.2
37907,Compact Cars,Regular,Front-Wheel Drive,14.3308695652174,Plymouth,Automatic 3-spd,4.0,2.5
37908,Compact Cars,Regular,Front-Wheel Drive,13.1844,Plymouth,Manual 5-spd,4.0,2.5
37909,Compact Cars,Regular,Front-Wheel Drive,15.6957142857143,Plymouth,Automatic 4-spd,6.0,3.0
37910,Compact Cars,Regular,Front-Wheel Drive,16.4805,Plymouth,Manual 5-spd,6.0,3.0
37911,Compact Cars,Regular,Front-Wheel Drive,14.9822727272727,Pontiac,Automatic 3-spd,4.0,2.3
37912,Compact Cars,Regular,Front-Wheel Drive,14.3308695652174,Pontiac,Automatic 3-spd,4.0,2.3
37913,Compact Cars,Regular,Front-Wheel Drive,13.73375,Pontiac,Manual 5-spd,4.0,2.3
37914,Vans,Regular,Rear-Wheel Drive,21.974,Dodge,Manual 4-spd,6.0,3.7
37915,Compact Cars,Premium,Front-Wheel Drive,15.6957142857143,Pontiac,Manual 5-spd,4.0,2.3
37916,Compact Cars,Regular,Front-Wheel Drive,15.6957142857143,Pontiac,Automatic 3-spd,6.0,3.3
37917,Compact Cars,Regular,Front-Wheel Drive,13.1844,Pontiac,Automatic 3-spd,4.0,1.6
37918,Compact Cars,Regular,Front-Wheel Drive,11.7717857142857,Pontiac,Manual 4-spd,4.0,1.6
37919,Compact Cars,Regular,Front-Wheel Drive,10.987,Pontiac,Manual 5-spd,4.0,1.6
37920,Compact Cars,Premium,Rear-Wheel Drive,29.9645454545455,Rolls-Royce,Automatic 4-spd,8.0,6.8
37921,Compact Cars,Regular,Front-Wheel Drive,18.3116666666667,Saab,Automatic 3-spd,4.0,2.0
37922,Compact Cars,Regular,Front-Wheel Drive,15.6957142857143,Saab,Manual 5-spd,4.0,2.0
37923,Compact Cars,Premium,Front-Wheel Drive,15.6957142857143,Saab,Manual 5-spd,4.0,2.0
37924,Compact Cars,Regular,Front-Wheel Drive,18.3116666666667,Saab,Automatic 3-spd,4.0,2.1
37925,Vans,Regular,Rear-Wheel Drive,27.4675,Dodge,Automatic 3-spd,8.0,5.2
37926,Compact Cars,Regular,Front-Wheel Drive,16.4805,Saab,Manual 5-spd,4.0,2.1
37927,Compact Cars,Regular,Front-Wheel Drive,12.6773076923077,Saturn,Automatic 4-spd,4.0,1.9
37928,Compact Cars,Regular,Front-Wheel Drive,13.73375,Saturn,Automatic 4-spd,4.0,1.9
37929,Compact Cars,Regular,Front-Wheel Drive,11.7717857142857,Saturn,Manual 5-spd,4.0,1.9
37930,Compact Cars,Regular,Front-Wheel Drive,13.1844,Saturn,Manual 5-spd,4.0,1.9
37931,Compact Cars,Regular,Front-Wheel Drive,14.9822727272727,Subaru,Automatic 4-spd,4.0,2.2
37932,Compact Cars,Regular,Front-Wheel Drive,14.3308695652174,Subaru,Manual 5-spd,4.0,2.2
37933,Compact Cars,Regular,4-Wheel or All-Wheel Drive,15.6957142857143,Subaru,Automatic 4-spd,4.0,2.2
37934,Compact Cars,Regular,4-Wheel or All-Wheel Drive,15.6957142857143,Subaru,Manual 5-spd,4.0,2.2
37935,Compact Cars,Premium,4-Wheel or All-Wheel Drive,18.3116666666667,Subaru,Automatic 4-spd,4.0,2.2
